0 1 0.125
3 1 0.125
313 1 0.125
4 1 0.125
312 1 0.125
5 1 0.125
311 1 0.125
110 1 0.125
0 313 0.142857
1 313 0.142857
2 313 0.142857
3 313 0.142857
310 313 0.142857
311 313 0.142857
312 313 0.142857
0 2 0.142857
3 2 0.142857
4 2 0.142857
5 2 0.142857
313 2 0.142857
6 2 0.142857
312 2 0.142857
0 312 0.125
1 312 0.125
2 312 0.125
308 312 0.125
309 312 0.125
310 312 0.125
311 312 0.125
313 312 0.125
0 3 0.125
1 3 0.125
2 3 0.125
4 3 0.125
5 3 0.125
6 3 0.125
7 3 0.125
313 3 0.125
0 311 0.1
1 311 0.1
164 311 0.1
186 311 0.1
307 311 0.1
308 311 0.1
309 311 0.1
310 311 0.1
312 311 0.1
313 311 0.1
0 4 0.125
1 4 0.125
2 4 0.125
3 4 0.125
5 4 0.125
6 4 0.125
7 4 0.125
8 4 0.125
0 310 0.142857
306 310 0.142857
308 310 0.142857
309 310 0.142857
311 310 0.142857
312 310 0.142857
313 310 0.142857
0 263 0.111111
223 263 0.111111
259 263 0.111111
260 263 0.111111
261 263 0.111111
262 263 0.111111
264 263 0.111111
265 263 0.111111
267 263 0.111111
1 5 0.125
2 5 0.125
3 5 0.125
4 5 0.125
6 5 0.125
7 5 0.125
8 5 0.125
9 5 0.125
1 110 0.1
29 110 0.1
106 110 0.1
107 110 0.1
108 110 0.1
109 110 0.1
111 110 0.1
112 110 0.1
113 110 0.1
114 110 0.1
2 6 0.125
3 6 0.125
4 6 0.125
5 6 0.125
7 6 0.125
8 6 0.125
10 6 0.125
258 6 0.125
3 7 0.111111
4 7 0.111111
5 7 0.111111
6 7 0.111111
8 7 0.111111
9 7 0.111111
10 7 0.111111
189 7 0.111111
152 7 0.111111
4 8 0.125
5 8 0.125
6 8 0.125
7 8 0.125
9 8 0.125
10 8 0.125
11 8 0.125
207 8 0.125
5 9 0.125
7 9 0.125
8 9 0.125
10 9 0.125
12 9 0.125
13 9 0.125
196 9 0.125
241 9 0.125
6 10 0.111111
7 10 0.111111
8 10 0.111111
9 10 0.111111
11 10 0.111111
12 10 0.111111
13 10 0.111111
14 10 0.111111
56 10 0.111111
6 258 0.125
255 258 0.125
256 258 0.125
257 258 0.125
259 258 0.125
260 258 0.125
261 258 0.125
262 258 0.125
7 189 0.142857
185 189 0.142857
186 189 0.142857
187 189 0.142857
190 189 0.142857
191 189 0.142857
193 189 0.142857
7 152 0.111111
116 152 0.111111
148 152 0.111111
150 152 0.111111
151 152 0.111111
153 152 0.111111
154 152 0.111111
155 152 0.111111
156 152 0.111111
8 11 0.142857
10 11 0.142857
12 11 0.142857
13 11 0.142857
14 11 0.142857
15 11 0.142857
271 11 0.142857
8 207 0.125
45 207 0.125
203 207 0.125
204 207 0.125
205 207 0.125
208 207 0.125
209 207 0.125
211 207 0.125
9 12 0.142857
10 12 0.142857
11 12 0.142857
13 12 0.142857
14 12 0.142857
15 12 0.142857
16 12 0.142857
9 13 0.111111
10 13 0.111111
11 13 0.111111
12 13 0.111111
14 13 0.111111
15 13 0.111111
16 13 0.111111
17 13 0.111111
247 13 0.111111
9 196 0.111111
153 196 0.111111
192 196 0.111111
194 196 0.111111
195 196 0.111111
197 196 0.111111
198 196 0.111111
199 196 0.111111
200 196 0.111111
9 241 0.142857
238 241 0.142857
239 241 0.142857
240 241 0.142857
242 241 0.142857
243 241 0.142857
244 241 0.142857
10 14 0.125
11 14 0.125
12 14 0.125
13 14 0.125
15 14 0.125
16 14 0.125
18 14 0.125
150 14 0.125
10 56 0.125
52 56 0.125
53 56 0.125
54 56 0.125
55 56 0.125
57 56 0.125
58 56 0.125
60 56 0.125
11 15 0.111111
12 15 0.111111
13 15 0.111111
14 15 0.111111
18 15 0.111111
19 15 0.111111
104 15 0.111111
89 15 0.111111
223 15 0.111111
11 271 0.1
102 271 0.1
247 271 0.1
267 271 0.1
268 271 0.1
269 271 0.1
270 271 0.1
272 271 0.1
275 271 0.1
280 271 0.1
12 16 0.142857
13 16 0.142857
14 16 0.142857
17 16 0.142857
18 16 0.142857
20 16 0.142857
122 16 0.142857
13 17 0.142857
16 17 0.142857
18 17 0.142857
19 17 0.142857
20 17 0.142857
21 17 0.142857
251 17 0.142857
13 247 0.111111
243 247 0.111111
244 247 0.111111
245 247 0.111111
246 247 0.111111
248 247 0.111111
250 247 0.111111
251 247 0.111111
271 247 0.111111
14 18 0.125
15 18 0.125
16 18 0.125
17 18 0.125
22 18 0.125
74 18 0.125
295 18 0.125
195 18 0.125
14 150 0.1
57 150 0.1
122 150 0.1
146 150 0.1
147 150 0.1
148 150 0.1
149 150 0.1
151 150 0.1
152 150 0.1
153 150 0.1
15 19 0.166667
17 19 0.166667
20 19 0.166667
21 19 0.166667
22 19 0.166667
23 19 0.166667
15 104 0.111111
100 104 0.111111
101 104 0.111111
102 104 0.111111
103 104 0.111111
105 104 0.111111
106 104 0.111111
108 104 0.111111
277 104 0.111111
15 89 0.111111
85 89 0.111111
86 89 0.111111
87 89 0.111111
88 89 0.111111
90 89 0.111111
91 89 0.111111
92 89 0.111111
93 89 0.111111
15 223 0.142857
134 223 0.142857
219 223 0.142857
221 223 0.142857
222 223 0.142857
225 223 0.142857
263 223 0.142857
16 20 0.142857
17 20 0.142857
19 20 0.142857
21 20 0.142857
22 20 0.142857
23 20 0.142857
24 20 0.142857
16 122 0.1
118 122 0.1
119 122 0.1
120 122 0.1
121 122 0.1
123 122 0.1
124 122 0.1
125 122 0.1
126 122 0.1
150 122 0.1
17 21 0.125
19 21 0.125
20 21 0.125
22 21 0.125
23 21 0.125
24 21 0.125
25 21 0.125
176 21 0.125
17 251 0.142857
247 251 0.142857
248 251 0.142857
249 251 0.142857
252 251 0.142857
254 251 0.142857
255 251 0.142857
18 22 0.125
19 22 0.125
20 22 0.125
21 22 0.125
23 22 0.125
24 22 0.125
25 22 0.125
26 22 0.125
18 74 0.111111
70 74 0.111111
72 74 0.111111
73 74 0.111111
75 74 0.111111
76 74 0.111111
77 74 0.111111
78 74 0.111111
269 74 0.111111
18 295 0.111111
235 295 0.111111
291 295 0.111111
292 295 0.111111
293 295 0.111111
294 295 0.111111
296 295 0.111111
297 295 0.111111
299 295 0.111111
18 195 0.125
191 195 0.125
193 195 0.125
194 195 0.125
196 195 0.125
197 195 0.125
198 195 0.125
199 195 0.125
19 23 0.125
20 23 0.125
21 23 0.125
22 23 0.125
24 23 0.125
25 23 0.125
26 23 0.125
27 23 0.125
20 24 0.111111
21 24 0.111111
22 24 0.111111
23 24 0.111111
26 24 0.111111
28 24 0.111111
66 24 0.111111
138 24 0.111111
37 24 0.111111
21 25 0.142857
22 25 0.142857
23 25 0.142857
26 25 0.142857
27 25 0.142857
28 25 0.142857
29 25 0.142857
21 176 0.1
39 176 0.1
162 176 0.1
172 176 0.1
173 176 0.1
174 176 0.1
175 176 0.1
177 176 0.1
178 176 0.1
180 176 0.1
22 26 0.111111
23 26 0.111111
24 26 0.111111
25 26 0.111111
27 26 0.111111
28 26 0.111111
30 26 0.111111
157 26 0.111111
309 26 0.111111
23 27 0.125
25 27 0.125
26 27 0.125
28 27 0.125
29 27 0.125
30 27 0.125
31 27 0.125
60 27 0.125
24 28 0.125
25 28 0.125
26 28 0.125
27 28 0.125
29 28 0.125
30 28 0.125
31 28 0.125
32 28 0.125
24 66 0.111111
62 66 0.111111
63 66 0.111111
64 66 0.111111
65 66 0.111111
67 66 0.111111
68 66 0.111111
69 66 0.111111
70 66 0.111111
24 138 0.125
76 138 0.125
134 138 0.125
136 138 0.125
137 138 0.125
139 138 0.125
141 138 0.125
142 138 0.125
24 37 0.111111
33 37 0.111111
34 37 0.111111
35 37 0.111111
36 37 0.111111
38 37 0.111111
39 37 0.111111
40 37 0.111111
41 37 0.111111
25 29 0.111111
27 29 0.111111
28 29 0.111111
31 29 0.111111
32 29 0.111111
33 29 0.111111
110 29 0.111111
97 29 0.111111
59 29 0.111111
26 30 0.142857
27 30 0.142857
28 30 0.142857
31 30 0.142857
32 30 0.142857
33 30 0.142857
34 30 0.142857
26 157 0.111111
153 157 0.111111
154 157 0.111111
155 157 0.111111
156 157 0.111111
158 157 0.111111
159 157 0.111111
160 157 0.111111
161 157 0.111111
26 309 0.1
140 309 0.1
159 309 0.1
305 309 0.1
306 309 0.1
307 309 0.1
308 309 0.1
310 309 0.1
311 309 0.1
312 309 0.1
27 31 0.125
28 31 0.125
29 31 0.125
30 31 0.125
32 31 0.125
33 31 0.125
34 31 0.125
35 31 0.125
27 60 0.125
56 60 0.125
58 60 0.125
59 60 0.125
61 60 0.125
62 60 0.125
63 60 0.125
188 60 0.125
28 32 0.125
29 32 0.125
30 32 0.125
31 32 0.125
33 32 0.125
34 32 0.125
35 32 0.125
36 32 0.125
29 33 0.125
30 33 0.125
31 33 0.125
32 33 0.125
34 33 0.125
35 33 0.125
36 33 0.125
37 33 0.125
29 97 0.142857
93 97 0.142857
95 97 0.142857
96 97 0.142857
99 97 0.142857
100 97 0.142857
101 97 0.142857
29 59 0.166667
57 59 0.166667
58 59 0.166667
60 59 0.166667
61 59 0.166667
62 59 0.166667
30 34 0.111111
31 34 0.111111
32 34 0.111111
33 34 0.111111
35 34 0.111111
36 34 0.111111
37 34 0.111111
38 34 0.111111
213 34 0.111111
31 35 0.125
32 35 0.125
33 35 0.125
34 35 0.125
36 35 0.125
37 35 0.125
38 35 0.125
39 35 0.125
32 36 0.125
33 36 0.125
34 36 0.125
35 36 0.125
37 36 0.125
38 36 0.125
39 36 0.125
40 36 0.125
34 38 0.1
35 38 0.1
36 38 0.1
37 38 0.1
39 38 0.1
40 38 0.1
41 38 0.1
42 38 0.1
72 38 0.1
198 38 0.1
34 213 0.125
71 213 0.125
209 213 0.125
210 213 0.125
212 213 0.125
214 213 0.125
216 213 0.125
217 213 0.125
35 39 0.111111
36 39 0.111111
37 39 0.111111
38 39 0.111111
41 39 0.111111
42 39 0.111111
43 39 0.111111
176 39 0.111111
146 39 0.111111
36 40 0.142857
37 40 0.142857
38 40 0.142857
41 40 0.142857
42 40 0.142857
43 40 0.142857
44 40 0.142857
37 41 0.125
38 41 0.125
39 41 0.125
40 41 0.125
42 41 0.125
43 41 0.125
44 41 0.125
45 41 0.125
38 42 0.125
39 42 0.125
40 42 0.125
41 42 0.125
44 42 0.125
45 42 0.125
46 42 0.125
49 42 0.125
38 72 0.125
68 72 0.125
69 72 0.125
71 72 0.125
73 72 0.125
74 72 0.125
76 72 0.125
226 72 0.125
38 198 0.090909
103 198 0.090909
194 198 0.090909
195 198 0.090909
196 198 0.090909
197 198 0.090909
199 198 0.090909
200 198 0.090909
202 198 0.090909
305 198 0.090909
254 198 0.090909
39 43 0.142857
40 43 0.142857
41 43 0.142857
44 43 0.142857
45 43 0.142857
46 43 0.142857
47 43 0.142857
39 146 0.125
142 146 0.125
143 146 0.125
144 146 0.125
145 146 0.125
147 146 0.125
150 146 0.125
238 146 0.125
40 44 0.125
41 44 0.125
42 44 0.125
43 44 0.125
45 44 0.125
46 44 0.125
47 44 0.125
48 44 0.125
41 45 0.111111
42 45 0.111111
43 45 0.111111
44 45 0.111111
46 45 0.111111
47 45 0.111111
48 45 0.111111
49 45 0.111111
207 45 0.111111
42 46 0.125
43 46 0.125
44 46 0.125
45 46 0.125
47 46 0.125
48 46 0.125
49 46 0.125
50 46 0.125
42 49 0.111111
45 49 0.111111
46 49 0.111111
47 49 0.111111
48 49 0.111111
50 49 0.111111
51 49 0.111111
52 49 0.111111
53 49 0.111111
43 47 0.111111
44 47 0.111111
45 47 0.111111
46 47 0.111111
49 47 0.111111
51 47 0.111111
90 47 0.111111
220 47 0.111111
172 47 0.111111
44 48 0.125
45 48 0.125
46 48 0.125
49 48 0.125
50 48 0.125
51 48 0.125
52 48 0.125
237 48 0.125
46 50 0.142857
48 50 0.142857
49 50 0.142857
51 50 0.142857
52 50 0.142857
53 50 0.142857
54 50 0.142857
47 51 0.111111
48 51 0.111111
49 51 0.111111
50 51 0.111111
52 51 0.111111
54 51 0.111111
55 51 0.111111
224 51 0.111111
226 51 0.111111
47 90 0.1
86 90 0.1
87 90 0.1
88 90 0.1
89 90 0.1
91 90 0.1
92 90 0.1
93 90 0.1
94 90 0.1
149 90 0.1
47 220 0.111111
75 220 0.111111
91 220 0.111111
216 220 0.111111
218 220 0.111111
219 220 0.111111
221 220 0.111111
224 220 0.111111
308 220 0.111111
47 172 0.111111
168 172 0.111111
169 172 0.111111
170 172 0.111111
171 172 0.111111
173 172 0.111111
174 172 0.111111
175 172 0.111111
176 172 0.111111
48 52 0.125
49 52 0.125
50 52 0.125
51 52 0.125
53 52 0.125
54 52 0.125
55 52 0.125
56 52 0.125
48 237 0.142857
139 237 0.142857
233 237 0.142857
234 237 0.142857
235 237 0.142857
238 237 0.142857
239 237 0.142857
49 53 0.142857
50 53 0.142857
52 53 0.142857
54 53 0.142857
55 53 0.142857
56 53 0.142857
57 53 0.142857
50 54 0.125
51 54 0.125
52 54 0.125
53 54 0.125
56 54 0.125
57 54 0.125
58 54 0.125
79 54 0.125
51 55 0.142857
52 55 0.142857
53 55 0.142857
56 55 0.142857
57 55 0.142857
58 55 0.142857
162 55 0.142857
51 224 0.125
220 224 0.125
221 224 0.125
222 224 0.125
226 224 0.125
227 224 0.125
228 224 0.125
246 224 0.125
51 226 0.125
72 226 0.125
222 226 0.125
224 226 0.125
225 226 0.125
227 226 0.125
228 226 0.125
230 226 0.125
53 57 0.125
54 57 0.125
55 57 0.125
56 57 0.125
58 57 0.125
59 57 0.125
61 57 0.125
150 57 0.125
54 58 0.125
55 58 0.125
56 58 0.125
57 58 0.125
59 58 0.125
60 58 0.125
61 58 0.125
62 58 0.125
54 79 0.166667
77 79 0.166667
80 79 0.166667
81 79 0.166667
82 79 0.166667
83 79 0.166667
55 162 0.125
158 162 0.125
160 162 0.125
161 162 0.125
163 162 0.125
164 162 0.125
166 162 0.125
176 162 0.125
57 61 0.125
58 61 0.125
59 61 0.125
60 61 0.125
62 61 0.125
63 61 0.125
64 61 0.125
65 61 0.125
58 62 0.125
59 62 0.125
60 62 0.125
61 62 0.125
63 62 0.125
64 62 0.125
65 62 0.125
66 62 0.125
60 63 0.142857
61 63 0.142857
62 63 0.142857
65 63 0.142857
66 63 0.142857
67 63 0.142857
121 63 0.142857
60 188 0.1
133 188 0.1
159 188 0.1
184 188 0.1
185 188 0.1
186 188 0.1
187 188 0.1
190 188 0.1
191 188 0.1
302 188 0.1
61 64 0.166667
62 64 0.166667
65 64 0.166667
66 64 0.166667
67 64 0.166667
68 64 0.166667
61 65 0.111111
62 65 0.111111
63 65 0.111111
64 65 0.111111
66 65 0.111111
67 65 0.111111
68 65 0.111111
69 65 0.111111
178 65 0.111111
63 67 0.125
64 67 0.125
65 67 0.125
66 67 0.125
68 67 0.125
69 67 0.125
305 67 0.125
245 67 0.125
63 121 0.111111
117 121 0.111111
118 121 0.111111
119 121 0.111111
120 121 0.111111
122 121 0.111111
123 121 0.111111
125 121 0.111111
306 121 0.111111
64 68 0.125
65 68 0.125
66 68 0.125
67 68 0.125
69 68 0.125
70 68 0.125
71 68 0.125
72 68 0.125
65 69 0.111111
66 69 0.111111
67 69 0.111111
68 69 0.111111
70 69 0.111111
71 69 0.111111
72 69 0.111111
73 69 0.111111
86 69 0.111111
65 178 0.125
174 178 0.125
175 178 0.125
176 178 0.125
177 178 0.125
179 178 0.125
180 178 0.125
181 178 0.125
66 70 0.142857
68 70 0.142857
69 70 0.142857
71 70 0.142857
73 70 0.142857
74 70 0.142857
229 70 0.142857
67 305 0.111111
198 305 0.111111
301 305 0.111111
302 305 0.111111
303 305 0.111111
304 305 0.111111
306 305 0.111111
308 305 0.111111
309 305 0.111111
67 245 0.111111
127 245 0.111111
242 245 0.111111
243 245 0.111111
244 245 0.111111
246 245 0.111111
247 245 0.111111
248 245 0.111111
249 245 0.111111
68 71 0.125
69 71 0.125
70 71 0.125
72 71 0.125
73 71 0.125
101 71 0.125
250 71 0.125
213 71 0.125
69 73 0.125
70 73 0.125
71 73 0.125
72 73 0.125
74 73 0.125
75 73 0.125
76 73 0.125
77 73 0.125
69 86 0.111111
82 86 0.111111
83 86 0.111111
84 86 0.111111
85 86 0.111111
88 86 0.111111
89 86 0.111111
90 86 0.111111
128 86 0.111111
70 229 0.142857
95 229 0.142857
225 229 0.142857
228 229 0.142857
230 229 0.142857
231 229 0.142857
233 229 0.142857
71 101 0.111111
97 101 0.111111
98 101 0.111111
99 101 0.111111
100 101 0.111111
102 101 0.111111
104 101 0.111111
105 101 0.111111
130 101 0.111111
71 250 0.1
94 250 0.1
219 250 0.1
246 250 0.1
247 250 0.1
248 250 0.1
249 250 0.1
252 250 0.1
253 250 0.1
254 250 0.1
72 76 0.111111
73 76 0.111111
74 76 0.111111
75 76 0.111111
77 76 0.111111
78 76 0.111111
306 76 0.111111
243 76 0.111111
138 76 0.111111
73 75 0.111111
74 75 0.111111
76 75 0.111111
78 75 0.111111
81 75 0.111111
220 75 0.111111
297 75 0.111111
112 75 0.111111
182 75 0.111111
73 77 0.125
74 77 0.125
76 77 0.125
78 77 0.125
79 77 0.125
80 77 0.125
81 77 0.125
92 77 0.125
74 78 0.125
75 78 0.125
76 78 0.125
77 78 0.125
80 78 0.125
81 78 0.125
82 78 0.125
96 78 0.125
74 269 0.142857
265 269 0.142857
266 269 0.142857
267 269 0.142857
271 269 0.142857
272 269 0.142857
273 269 0.142857
75 81 0.125
77 81 0.125
78 81 0.125
79 81 0.125
80 81 0.125
83 81 0.125
84 81 0.125
85 81 0.125
75 297 0.142857
294 297 0.142857
295 297 0.142857
296 297 0.142857
298 297 0.142857
300 297 0.142857
301 297 0.142857
75 112 0.111111
108 112 0.111111
109 112 0.111111
110 112 0.111111
111 112 0.111111
113 112 0.111111
114 112 0.111111
115 112 0.111111
116 112 0.111111
75 182 0.142857
179 182 0.142857
180 182 0.142857
181 182 0.142857
183 182 0.142857
184 182 0.142857
185 182 0.142857
76 306 0.111111
121 306 0.111111
302 306 0.111111
303 306 0.111111
304 306 0.111111
305 306 0.111111
307 306 0.111111
309 306 0.111111
310 306 0.111111
76 243 0.111111
239 243 0.111111
240 243 0.111111
241 243 0.111111
242 243 0.111111
244 243 0.111111
245 243 0.111111
246 243 0.111111
247 243 0.111111
77 80 0.142857
78 80 0.142857
79 80 0.142857
81 80 0.142857
82 80 0.142857
83 80 0.142857
84 80 0.142857
77 92 0.125
88 92 0.125
89 92 0.125
90 92 0.125
91 92 0.125
94 92 0.125
95 92 0.125
96 92 0.125
78 82 0.142857
79 82 0.142857
80 82 0.142857
83 82 0.142857
84 82 0.142857
85 82 0.142857
86 82 0.142857
78 96 0.111111
92 96 0.111111
93 96 0.111111
94 96 0.111111
95 96 0.111111
97 96 0.111111
98 96 0.111111
99 96 0.111111
100 96 0.111111
79 83 0.125
80 83 0.125
81 83 0.125
82 83 0.125
84 83 0.125
86 83 0.125
87 83 0.125
126 83 0.125
80 84 0.125
81 84 0.125
82 84 0.125
83 84 0.125
85 84 0.125
86 84 0.125
87 84 0.125
88 84 0.125
81 85 0.142857
82 85 0.142857
84 85 0.142857
86 85 0.142857
87 85 0.142857
88 85 0.142857
89 85 0.142857
83 87 0.142857
84 87 0.142857
85 87 0.142857
88 87 0.142857
89 87 0.142857
90 87 0.142857
91 87 0.142857
83 126 0.111111
122 126 0.111111
123 126 0.111111
124 126 0.111111
125 126 0.111111
127 126 0.111111
128 126 0.111111
129 126 0.111111
130 126 0.111111
84 88 0.125
85 88 0.125
86 88 0.125
87 88 0.125
89 88 0.125
90 88 0.125
91 88 0.125
92 88 0.125
86 128 0.125
124 128 0.125
125 128 0.125
126 128 0.125
127 128 0.125
129 128 0.125
130 128 0.125
185 128 0.125
87 91 0.111111
88 91 0.111111
89 91 0.111111
90 91 0.111111
92 91 0.111111
93 91 0.111111
95 91 0.111111
107 91 0.111111
220 91 0.111111
89 93 0.142857
90 93 0.142857
91 93 0.142857
94 93 0.142857
95 93 0.142857
96 93 0.142857
97 93 0.142857
90 94 0.142857
92 94 0.142857
93 94 0.142857
95 94 0.142857
96 94 0.142857
98 94 0.142857
250 94 0.142857
90 149 0.142857
145 149 0.142857
147 149 0.142857
148 149 0.142857
150 149 0.142857
151 149 0.142857
153 149 0.142857
91 95 0.111111
92 95 0.111111
93 95 0.111111
94 95 0.111111
96 95 0.111111
97 95 0.111111
98 95 0.111111
99 95 0.111111
229 95 0.111111
91 107 0.166667
105 107 0.166667
106 107 0.166667
109 107 0.166667
110 107 0.166667
111 107 0.166667
94 98 0.142857
95 98 0.142857
96 98 0.142857
99 98 0.142857
101 98 0.142857
102 98 0.142857
301 98 0.142857
95 99 0.111111
96 99 0.111111
97 99 0.111111
98 99 0.111111
100 99 0.111111
101 99 0.111111
102 99 0.111111
103 99 0.111111
131 99 0.111111
96 100 0.142857
97 100 0.142857
99 100 0.142857
101 100 0.142857
102 100 0.142857
103 100 0.142857
104 100 0.142857
98 102 0.125
99 102 0.125
100 102 0.125
101 102 0.125
104 102 0.125
106 102 0.125
271 102 0.125
194 102 0.125
98 301 0.111111
227 301 0.111111
297 301 0.111111
298 301 0.111111
299 301 0.111111
300 301 0.111111
302 301 0.111111
303 301 0.111111
305 301 0.111111
99 103 0.142857
100 103 0.142857
104 103 0.142857
105 103 0.142857
217 103 0.142857
198 103 0.142857
179 103 0.142857
99 131 0.125
127 131 0.125
129 131 0.125
130 131 0.125
132 131 0.125
133 131 0.125
134 131 0.125
282 131 0.125
101 105 0.142857
103 105 0.142857
104 105 0.142857
106 105 0.142857
107 105 0.142857
108 105 0.142857
109 105 0.142857
101 130 0.142857
126 130 0.142857
128 130 0.142857
129 130 0.142857
131 130 0.142857
133 130 0.142857
134 130 0.142857
102 106 0.142857
104 106 0.142857
105 106 0.142857
107 106 0.142857
108 106 0.142857
109 106 0.142857
110 106 0.142857
102 194 0.111111
190 194 0.111111
191 194 0.111111
192 194 0.111111
193 194 0.111111
195 194 0.111111
196 194 0.111111
197 194 0.111111
198 194 0.111111
103 217 0.125
213 217 0.125
214 217 0.125
215 217 0.125
216 217 0.125
219 217 0.125
221 217 0.125
308 217 0.125
103 179 0.125
175 179 0.125
177 179 0.125
178 179 0.125
180 179 0.125
181 179 0.125
182 179 0.125
183 179 0.125
104 108 0.142857
105 108 0.142857
106 108 0.142857
109 108 0.142857
110 108 0.142857
111 108 0.142857
112 108 0.142857
104 277 0.111111
273 277 0.111111
274 277 0.111111
275 277 0.111111
276 277 0.111111
278 277 0.111111
279 277 0.111111
280 277 0.111111
281 277 0.111111
105 109 0.111111
106 109 0.111111
107 109 0.111111
108 109 0.111111
110 109 0.111111
111 109 0.111111
112 109 0.111111
113 109 0.111111
259 109 0.111111
107 111 0.125
108 111 0.125
109 111 0.125
110 111 0.125
112 111 0.125
113 111 0.125
114 111 0.125
115 111 0.125
109 113 0.125
110 113 0.125
111 113 0.125
112 113 0.125
114 113 0.125
115 113 0.125
116 113 0.125
117 113 0.125
109 259 0.1
135 259 0.1
255 259 0.1
256 259 0.1
257 259 0.1
258 259 0.1
261 259 0.1
262 259 0.1
263 259 0.1
284 259 0.1
110 114 0.125
111 114 0.125
112 114 0.125
113 114 0.125
115 114 0.125
116 114 0.125
117 114 0.125
118 114 0.125
111 115 0.125
112 115 0.125
113 115 0.125
114 115 0.125
116 115 0.125
117 115 0.125
118 115 0.125
119 115 0.125
112 116 0.125
113 116 0.125
114 116 0.125
115 116 0.125
117 116 0.125
118 116 0.125
119 116 0.125
152 116 0.125
113 117 0.111111
114 117 0.111111
115 117 0.111111
116 117 0.111111
118 117 0.111111
119 117 0.111111
120 117 0.111111
121 117 0.111111
192 117 0.111111
114 118 0.111111
115 118 0.111111
116 118 0.111111
117 118 0.111111
119 118 0.111111
120 118 0.111111
121 118 0.111111
122 118 0.111111
211 118 0.111111
115 119 0.125
116 119 0.125
117 119 0.125
118 119 0.125
121 119 0.125
122 119 0.125
123 119 0.125
208 119 0.125
117 120 0.166667
118 120 0.166667
121 120 0.166667
122 120 0.166667
123 120 0.166667
124 120 0.166667
117 192 0.166667
190 192 0.166667
191 192 0.166667
193 192 0.166667
194 192 0.166667
196 192 0.166667
118 211 0.111111
190 211 0.111111
207 211 0.111111
208 211 0.111111
209 211 0.111111
210 211 0.111111
212 211 0.111111
214 211 0.111111
215 211 0.111111
119 123 0.125
120 123 0.125
121 123 0.125
122 123 0.125
124 123 0.125
125 123 0.125
126 123 0.125
127 123 0.125
119 208 0.111111
204 208 0.111111
205 208 0.111111
206 208 0.111111
207 208 0.111111
209 208 0.111111
210 208 0.111111
211 208 0.111111
212 208 0.111111
120 124 0.142857
122 124 0.142857
123 124 0.142857
125 124 0.142857
126 124 0.142857
127 124 0.142857
128 124 0.142857
121 125 0.125
122 125 0.125
123 125 0.125
124 125 0.125
126 125 0.125
127 125 0.125
128 125 0.125
129 125 0.125
123 127 0.125
124 127 0.125
125 127 0.125
126 127 0.125
128 127 0.125
129 127 0.125
131 127 0.125
245 127 0.125
125 129 0.125
126 129 0.125
127 129 0.125
128 129 0.125
130 129 0.125
131 129 0.125
132 129 0.125
133 129 0.125
128 185 0.111111
181 185 0.111111
182 185 0.111111
183 185 0.111111
184 185 0.111111
186 185 0.111111
187 185 0.111111
188 185 0.111111
189 185 0.111111
129 132 0.166667
131 132 0.166667
133 132 0.166667
134 132 0.166667
135 132 0.166667
136 132 0.166667
129 133 0.111111
130 133 0.111111
131 133 0.111111
132 133 0.111111
134 133 0.111111
135 133 0.111111
136 133 0.111111
137 133 0.111111
188 133 0.111111
130 134 0.111111
131 134 0.111111
132 134 0.111111
133 134 0.111111
136 134 0.111111
137 134 0.111111
138 134 0.111111
261 134 0.111111
223 134 0.111111
131 282 0.166667
278 282 0.166667
281 282 0.166667
283 282 0.166667
285 282 0.166667
286 282 0.166667
132 135 0.166667
133 135 0.166667
136 135 0.166667
137 135 0.166667
139 135 0.166667
259 135 0.166667
132 136 0.125
133 136 0.125
134 136 0.125
135 136 0.125
137 136 0.125
138 136 0.125
139 136 0.125
140 136 0.125
133 137 0.125
134 137 0.125
135 137 0.125
136 137 0.125
138 137 0.125
139 137 0.125
140 137 0.125
141 137 0.125
134 261 0.111111
257 261 0.111111
258 261 0.111111
259 261 0.111111
260 261 0.111111
262 261 0.111111
263 261 0.111111
264 261 0.111111
265 261 0.111111
135 139 0.111111
136 139 0.111111
137 139 0.111111
138 139 0.111111
140 139 0.111111
141 139 0.111111
142 139 0.111111
143 139 0.111111
237 139 0.111111
136 140 0.142857
137 140 0.142857
139 140 0.142857
141 140 0.142857
142 140 0.142857
143 140 0.142857
309 140 0.142857
137 141 0.125
138 141 0.125
139 141 0.125
140 141 0.125
142 141 0.125
143 141 0.125
144 141 0.125
145 141 0.125
138 142 0.125
139 142 0.125
140 142 0.125
141 142 0.125
143 142 0.125
144 142 0.125
145 142 0.125
146 142 0.125
139 143 0.125
140 143 0.125
141 143 0.125
142 143 0.125
144 143 0.125
145 143 0.125
146 143 0.125
147 143 0.125
141 144 0.142857
142 144 0.142857
143 144 0.142857
145 144 0.142857
146 144 0.142857
147 144 0.142857
148 144 0.142857
141 145 0.125
142 145 0.125
143 145 0.125
144 145 0.125
146 145 0.125
147 145 0.125
148 145 0.125
149 145 0.125
143 147 0.125
144 147 0.125
145 147 0.125
146 147 0.125
148 147 0.125
149 147 0.125
150 147 0.125
151 147 0.125
144 148 0.142857
145 148 0.142857
147 148 0.142857
149 148 0.142857
150 148 0.142857
151 148 0.142857
152 148 0.142857
146 238 0.111111
233 238 0.111111
234 238 0.111111
235 238 0.111111
236 238 0.111111
237 238 0.111111
239 238 0.111111
240 238 0.111111
241 238 0.111111
147 151 0.125
148 151 0.125
149 151 0.125
150 151 0.125
152 151 0.125
153 151 0.125
154 151 0.125
155 151 0.125
149 153 0.125
150 153 0.125
151 153 0.125
152 153 0.125
154 153 0.125
156 153 0.125
157 153 0.125
196 153 0.125
151 154 0.142857
152 154 0.142857
153 154 0.142857
155 154 0.142857
156 154 0.142857
157 154 0.142857
158 154 0.142857
151 155 0.142857
152 155 0.142857
154 155 0.142857
156 155 0.142857
157 155 0.142857
158 155 0.142857
159 155 0.142857
152 156 0.111111
153 156 0.111111
154 156 0.111111
155 156 0.111111
157 156 0.111111
158 156 0.111111
159 156 0.111111
160 156 0.111111
193 156 0.111111
154 158 0.125
155 158 0.125
156 158 0.125
157 158 0.125
159 158 0.125
160 158 0.125
161 158 0.125
162 158 0.125
155 159 0.125
156 159 0.125
157 159 0.125
158 159 0.125
160 159 0.125
161 159 0.125
309 159 0.125
188 159 0.125
156 160 0.111111
157 160 0.111111
158 160 0.111111
159 160 0.111111
161 160 0.111111
162 160 0.111111
163 160 0.111111
164 160 0.111111
214 160 0.111111
156 193 0.142857
189 193 0.142857
191 193 0.142857
192 193 0.142857
194 193 0.142857
195 193 0.142857
197 193 0.142857
157 161 0.125
158 161 0.125
159 161 0.125
160 161 0.125
162 161 0.125
163 161 0.125
164 161 0.125
165 161 0.125
160 163 0.125
161 163 0.125
162 163 0.125
165 163 0.125
166 163 0.125
167 163 0.125
202 163 0.125
265 163 0.125
160 164 0.125
161 164 0.125
162 164 0.125
165 164 0.125
166 164 0.125
168 164 0.125
181 164 0.125
311 164 0.125
160 214 0.111111
210 214 0.111111
211 214 0.111111
212 214 0.111111
213 214 0.111111
215 214 0.111111
216 214 0.111111
217 214 0.111111
268 214 0.111111
161 165 0.142857
163 165 0.142857
164 165 0.142857
166 165 0.142857
167 165 0.142857
168 165 0.142857
169 165 0.142857
162 166 0.125
163 166 0.125
164 166 0.125
165 166 0.125
167 166 0.125
168 166 0.125
169 166 0.125
170 166 0.125
163 167 0.111111
165 167 0.111111
166 167 0.111111
168 167 0.111111
169 167 0.111111
170 167 0.111111
171 167 0.111111
206 167 0.111111
227 167 0.111111
163 202 0.111111
198 202 0.111111
199 202 0.111111
200 202 0.111111
201 202 0.111111
203 202 0.111111
204 202 0.111111
205 202 0.111111
206 202 0.111111
163 265 0.125
261 265 0.125
262 265 0.125
263 265 0.125
264 265 0.125
266 265 0.125
268 265 0.125
269 265 0.125
164 168 0.125
165 168 0.125
166 168 0.125
167 168 0.125
169 168 0.125
170 168 0.125
171 168 0.125
172 168 0.125
164 181 0.142857
178 181 0.142857
179 181 0.142857
180 181 0.142857
182 181 0.142857
184 181 0.142857
185 181 0.142857
165 169 0.125
166 169 0.125
167 169 0.125
168 169 0.125
170 169 0.125
171 169 0.125
172 169 0.125
173 169 0.125
166 170 0.125
167 170 0.125
168 170 0.125
169 170 0.125
171 170 0.125
172 170 0.125
173 170 0.125
174 170 0.125
167 171 0.1
168 171 0.1
169 171 0.1
170 171 0.1
172 171 0.1
173 171 0.1
174 171 0.1
252 171 0.1
272 171 0.1
276 171 0.1
167 206 0.125
202 206 0.125
203 206 0.125
204 206 0.125
205 206 0.125
208 206 0.125
209 206 0.125
210 206 0.125
167 227 0.125
224 227 0.125
225 227 0.125
226 227 0.125
228 227 0.125
230 227 0.125
231 227 0.125
301 227 0.125
169 173 0.125
170 173 0.125
171 173 0.125
172 173 0.125
174 173 0.125
175 173 0.125
176 173 0.125
177 173 0.125
170 174 0.125
171 174 0.125
172 174 0.125
173 174 0.125
175 174 0.125
176 174 0.125
177 174 0.125
178 174 0.125
171 252 0.111111
248 252 0.111111
249 252 0.111111
250 252 0.111111
251 252 0.111111
253 252 0.111111
254 252 0.111111
255 252 0.111111
256 252 0.111111
171 272 0.125
268 272 0.125
269 272 0.125
270 272 0.125
271 272 0.125
273 272 0.125
274 272 0.125
275 272 0.125
171 276 0.142857
273 276 0.142857
274 276 0.142857
275 276 0.142857
277 276 0.142857
278 276 0.142857
279 276 0.142857
172 175 0.142857
173 175 0.142857
174 175 0.142857
176 175 0.142857
177 175 0.142857
178 175 0.142857
179 175 0.142857
173 177 0.125
174 177 0.125
175 177 0.125
176 177 0.125
178 177 0.125
179 177 0.125
180 177 0.125
308 177 0.125
176 180 0.125
177 180 0.125
178 180 0.125
179 180 0.125
181 180 0.125
182 180 0.125
183 180 0.125
184 180 0.125
177 308 0.1
217 308 0.1
220 308 0.1
304 308 0.1
305 308 0.1
307 308 0.1
309 308 0.1
310 308 0.1
311 308 0.1
312 308 0.1
179 183 0.142857
180 183 0.142857
182 183 0.142857
184 183 0.142857
185 183 0.142857
186 183 0.142857
187 183 0.142857
180 184 0.125
181 184 0.125
182 184 0.125
183 184 0.125
185 184 0.125
186 184 0.125
187 184 0.125
188 184 0.125
183 186 0.142857
184 186 0.142857
185 186 0.142857
188 186 0.142857
189 186 0.142857
190 186 0.142857
311 186 0.142857
183 187 0.142857
184 187 0.142857
185 187 0.142857
188 187 0.142857
189 187 0.142857
190 187 0.142857
191 187 0.142857
186 190 0.125
187 190 0.125
188 190 0.125
189 190 0.125
191 190 0.125
192 190 0.125
194 190 0.125
211 190 0.125
187 191 0.125
188 191 0.125
189 191 0.125
190 191 0.125
192 191 0.125
193 191 0.125
194 191 0.125
195 191 0.125
188 302 0.125
298 302 0.125
299 302 0.125
300 302 0.125
301 302 0.125
303 302 0.125
305 302 0.125
306 302 0.125
193 197 0.125
194 197 0.125
195 197 0.125
196 197 0.125
198 197 0.125
199 197 0.125
200 197 0.125
201 197 0.125
195 199 0.125
196 199 0.125
197 199 0.125
198 199 0.125
200 199 0.125
201 199 0.125
202 199 0.125
203 199 0.125
196 200 0.125
197 200 0.125
198 200 0.125
199 200 0.125
201 200 0.125
202 200 0.125
203 200 0.125
204 200 0.125
197 201 0.142857
199 201 0.142857
200 201 0.142857
202 201 0.142857
203 201 0.142857
204 201 0.142857
205 201 0.142857
198 254 0.125
250 254 0.125
251 254 0.125
252 254 0.125
253 254 0.125
255 254 0.125
256 254 0.125
257 254 0.125
199 203 0.125
200 203 0.125
201 203 0.125
202 203 0.125
204 203 0.125
205 203 0.125
206 203 0.125
207 203 0.125
200 204 0.125
201 204 0.125
202 204 0.125
203 204 0.125
205 204 0.125
206 204 0.125
207 204 0.125
208 204 0.125
201 205 0.125
202 205 0.125
203 205 0.125
204 205 0.125
206 205 0.125
207 205 0.125
208 205 0.125
209 205 0.125
205 209 0.125
206 209 0.125
207 209 0.125
208 209 0.125
210 209 0.125
211 209 0.125
212 209 0.125
213 209 0.125
206 210 0.142857
208 210 0.142857
209 210 0.142857
211 210 0.142857
212 210 0.142857
213 210 0.142857
214 210 0.142857
208 212 0.125
209 212 0.125
210 212 0.125
211 212 0.125
213 212 0.125
214 212 0.125
215 212 0.125
216 212 0.125
211 215 0.142857
212 215 0.142857
214 215 0.142857
216 215 0.142857
217 215 0.142857
219 215 0.142857
300 215 0.142857
212 216 0.125
213 216 0.125
214 216 0.125
215 216 0.125
217 216 0.125
218 216 0.125
219 216 0.125
220 216 0.125
214 268 0.125
264 268 0.125
265 268 0.125
266 268 0.125
267 268 0.125
270 268 0.125
271 268 0.125
272 268 0.125
215 219 0.111111
216 219 0.111111
217 219 0.111111
218 219 0.111111
220 219 0.111111
221 219 0.111111
222 219 0.111111
223 219 0.111111
250 219 0.111111
215 300 0.111111
296 300 0.111111
297 300 0.111111
298 300 0.111111
299 300 0.111111
301 300 0.111111
302 300 0.111111
303 300 0.111111
304 300 0.111111
216 218 0.2
219 218 0.2
220 218 0.2
221 218 0.2
222 218 0.2
217 221 0.125
218 221 0.125
219 221 0.125
220 221 0.125
222 221 0.125
223 221 0.125
224 221 0.125
225 221 0.125
218 222 0.142857
219 222 0.142857
221 222 0.142857
223 222 0.142857
224 222 0.142857
225 222 0.142857
226 222 0.142857
221 225 0.142857
222 225 0.142857
223 225 0.142857
226 225 0.142857
227 225 0.142857
228 225 0.142857
229 225 0.142857
224 228 0.111111
225 228 0.111111
226 228 0.111111
227 228 0.111111
229 228 0.111111
230 228 0.111111
231 228 0.111111
232 228 0.111111
293 228 0.111111
224 246 0.125
242 246 0.125
243 246 0.125
244 246 0.125
245 246 0.125
247 246 0.125
248 246 0.125
250 246 0.125
226 230 0.125
227 230 0.125
228 230 0.125
229 230 0.125
231 230 0.125
232 230 0.125
233 230 0.125
234 230 0.125
227 231 0.125
228 231 0.125
229 231 0.125
230 231 0.125
232 231 0.125
233 231 0.125
234 231 0.125
235 231 0.125
228 232 0.142857
230 232 0.142857
231 232 0.142857
233 232 0.142857
234 232 0.142857
235 232 0.142857
236 232 0.142857
228 293 0.125
289 293 0.125
290 293 0.125
291 293 0.125
292 293 0.125
294 293 0.125
295 293 0.125
296 293 0.125
229 233 0.111111
230 233 0.111111
231 233 0.111111
232 233 0.111111
234 233 0.111111
235 233 0.111111
236 233 0.111111
237 233 0.111111
238 233 0.111111
230 234 0.125
231 234 0.125
232 234 0.125
233 234 0.125
235 234 0.125
236 234 0.125
237 234 0.125
238 234 0.125
231 235 0.111111
232 235 0.111111
233 235 0.111111
234 235 0.111111
236 235 0.111111
237 235 0.111111
238 235 0.111111
239 235 0.111111
295 235 0.111111
232 236 0.125
233 236 0.125
234 236 0.125
235 236 0.125
238 236 0.125
239 236 0.125
240 236 0.125
257 236 0.125
235 239 0.111111
236 239 0.111111
237 239 0.111111
238 239 0.111111
240 239 0.111111
241 239 0.111111
242 239 0.111111
243 239 0.111111
280 239 0.111111
236 240 0.142857
238 240 0.142857
239 240 0.142857
241 240 0.142857
242 240 0.142857
243 240 0.142857
244 240 0.142857
236 257 0.111111
253 257 0.111111
254 257 0.111111
255 257 0.111111
256 257 0.111111
258 257 0.111111
259 257 0.111111
260 257 0.111111
261 257 0.111111
239 242 0.142857
240 242 0.142857
241 242 0.142857
243 242 0.142857
244 242 0.142857
245 242 0.142857
246 242 0.142857
239 280 0.142857
249 280 0.142857
271 280 0.142857
277 280 0.142857
278 280 0.142857
279 280 0.142857
281 280 0.142857
240 244 0.125
241 244 0.125
242 244 0.125
243 244 0.125
245 244 0.125
246 244 0.125
247 244 0.125
248 244 0.125
244 248 0.125
245 248 0.125
246 248 0.125
247 248 0.125
249 248 0.125
250 248 0.125
251 248 0.125
252 248 0.125
245 249 0.142857
248 249 0.142857
250 249 0.142857
251 249 0.142857
252 249 0.142857
253 249 0.142857
280 249 0.142857
249 253 0.142857
250 253 0.142857
252 253 0.142857
254 253 0.142857
255 253 0.142857
256 253 0.142857
257 253 0.142857
251 255 0.125
252 255 0.125
253 255 0.125
254 255 0.125
256 255 0.125
257 255 0.125
258 255 0.125
259 255 0.125
252 256 0.111111
253 256 0.111111
254 256 0.111111
255 256 0.111111
257 256 0.111111
258 256 0.111111
259 256 0.111111
260 256 0.111111
279 256 0.111111
256 260 0.142857
257 260 0.142857
258 260 0.142857
261 260 0.142857
262 260 0.142857
263 260 0.142857
264 260 0.142857
256 279 0.125
275 279 0.125
276 279 0.125
277 279 0.125
278 279 0.125
280 279 0.125
281 279 0.125
283 279 0.125
258 262 0.125
259 262 0.125
260 262 0.125
261 262 0.125
263 262 0.125
264 262 0.125
265 262 0.125
266 262 0.125
259 284 0.166667
281 284 0.166667
283 284 0.166667
285 284 0.166667
286 284 0.166667
288 284 0.166667
260 264 0.125
261 264 0.125
262 264 0.125
263 264 0.125
265 264 0.125
266 264 0.125
267 264 0.125
268 264 0.125
262 266 0.142857
264 266 0.142857
265 266 0.142857
267 266 0.142857
268 266 0.142857
269 266 0.142857
270 266 0.142857
263 267 0.142857
264 267 0.142857
266 267 0.142857
268 267 0.142857
269 267 0.142857
270 267 0.142857
271 267 0.142857
266 270 0.142857
267 270 0.142857
268 270 0.142857
271 270 0.142857
272 270 0.142857
273 270 0.142857
274 270 0.142857
269 273 0.142857
270 273 0.142857
272 273 0.142857
274 273 0.142857
275 273 0.142857
276 273 0.142857
277 273 0.142857
270 274 0.142857
272 274 0.142857
273 274 0.142857
275 274 0.142857
276 274 0.142857
277 274 0.142857
278 274 0.142857
271 275 0.125
272 275 0.125
273 275 0.125
274 275 0.125
276 275 0.125
277 275 0.125
278 275 0.125
279 275 0.125
274 278 0.125
275 278 0.125
276 278 0.125
277 278 0.125
279 278 0.125
280 278 0.125
281 278 0.125
282 278 0.125
277 281 0.125
278 281 0.125
279 281 0.125
280 281 0.125
282 281 0.125
283 281 0.125
284 281 0.125
285 281 0.125
279 283 0.142857
281 283 0.142857
282 283 0.142857
284 283 0.142857
285 283 0.142857
286 283 0.142857
287 283 0.142857
281 285 0.125
282 285 0.125
283 285 0.125
284 285 0.125
286 285 0.125
287 285 0.125
288 285 0.125
289 285 0.125
282 286 0.125
283 286 0.125
284 286 0.125
285 286 0.125
287 286 0.125
288 286 0.125
289 286 0.125
290 286 0.125
283 287 0.142857
285 287 0.142857
286 287 0.142857
288 287 0.142857
289 287 0.142857
290 287 0.142857
291 287 0.142857
284 288 0.125
285 288 0.125
286 288 0.125
287 288 0.125
289 288 0.125
290 288 0.125
291 288 0.125
292 288 0.125
285 289 0.111111
286 289 0.111111
287 289 0.111111
288 289 0.111111
290 289 0.111111
291 289 0.111111
292 289 0.111111
293 289 0.111111
307 289 0.111111
286 290 0.125
287 290 0.125
288 290 0.125
289 290 0.125
291 290 0.125
292 290 0.125
293 290 0.125
294 290 0.125
287 291 0.125
288 291 0.125
289 291 0.125
290 291 0.125
292 291 0.125
293 291 0.125
294 291 0.125
295 291 0.125
288 292 0.125
289 292 0.125
290 292 0.125
291 292 0.125
293 292 0.125
294 292 0.125
295 292 0.125
296 292 0.125
289 307 0.142857
303 307 0.142857
304 307 0.142857
306 307 0.142857
308 307 0.142857
309 307 0.142857
311 307 0.142857
290 294 0.125
291 294 0.125
292 294 0.125
293 294 0.125
295 294 0.125
296 294 0.125
297 294 0.125
298 294 0.125
292 296 0.125
293 296 0.125
294 296 0.125
295 296 0.125
297 296 0.125
298 296 0.125
299 296 0.125
300 296 0.125
294 298 0.142857
296 298 0.142857
297 298 0.142857
299 298 0.142857
300 298 0.142857
301 298 0.142857
302 298 0.142857
295 299 0.142857
296 299 0.142857
298 299 0.142857
300 299 0.142857
301 299 0.142857
302 299 0.142857
303 299 0.142857
299 303 0.125
300 303 0.125
301 303 0.125
302 303 0.125
304 303 0.125
305 303 0.125
306 303 0.125
307 303 0.125
300 304 0.166667
303 304 0.166667
305 304 0.166667
306 304 0.166667
307 304 0.166667
308 304 0.166667
1 0 0.111111
313 0 0.111111
2 0 0.111111
312 0 0.111111
3 0 0.111111
311 0 0.111111
4 0 0.111111
310 0 0.111111
263 0 0.111111
