0 1 0.125
2 1 0.125
3 1 0.125
142 1 0.125
4 1 0.125
141 1 0.125
5 1 0.125
140 1 0.125
0 142 0.142857
1 142 0.142857
2 142 0.142857
3 142 0.142857
138 142 0.142857
140 142 0.142857
141 142 0.142857
0 141 0.111111
1 141 0.111111
2 141 0.111111
29 141 0.111111
137 141 0.111111
138 141 0.111111
139 141 0.111111
140 141 0.111111
142 141 0.111111
0 3 0.125
1 3 0.125
2 3 0.125
4 3 0.125
6 3 0.125
7 3 0.125
142 3 0.125
85 3 0.125
0 140 0.125
1 140 0.125
129 140 0.125
136 140 0.125
137 140 0.125
138 140 0.125
141 140 0.125
142 140 0.125
0 4 0.125
1 4 0.125
2 4 0.125
3 4 0.125
5 4 0.125
6 4 0.125
7 4 0.125
8 4 0.125
0 139 0.125
80 139 0.125
81 139 0.125
135 139 0.125
136 139 0.125
137 139 0.125
138 139 0.125
141 139 0.125
0 17 0.111111
13 17 0.111111
14 17 0.111111
15 17 0.111111
16 17 0.111111
19 17 0.111111
20 17 0.111111
45 17 0.111111
75 17 0.111111
0 16 0.111111
12 16 0.111111
14 16 0.111111
15 16 0.111111
17 16 0.111111
19 16 0.111111
20 16 0.111111
95 16 0.111111
115 16 0.111111
1 2 0.111111
3 2 0.111111
4 2 0.111111
5 2 0.111111
142 2 0.111111
6 2 0.111111
141 2 0.111111
20 2 0.111111
69 2 0.111111
1 5 0.142857
2 5 0.142857
4 5 0.142857
6 5 0.142857
7 5 0.142857
8 5 0.142857
9 5 0.142857
2 6 0.111111
3 6 0.111111
4 6 0.111111
5 6 0.111111
7 6 0.111111
8 6 0.111111
9 6 0.111111
10 6 0.111111
106 6 0.111111
2 20 0.142857
16 20 0.142857
17 20 0.142857
18 20 0.142857
21 20 0.142857
23 20 0.142857
24 20 0.142857
2 69 0.125
65 69 0.125
66 69 0.125
67 69 0.125
68 69 0.125
70 69 0.125
71 69 0.125
133 69 0.125
3 7 0.125
4 7 0.125
5 7 0.125
6 7 0.125
8 7 0.125
9 7 0.125
11 7 0.125
83 7 0.125
3 85 0.1
81 85 0.1
82 85 0.1
83 85 0.1
84 85 0.1
86 85 0.1
87 85 0.1
88 85 0.1
89 85 0.1
105 85 0.1
4 8 0.111111
5 8 0.111111
6 8 0.111111
7 8 0.111111
9 8 0.111111
11 8 0.111111
70 8 0.111111
100 8 0.111111
60 8 0.111111
5 9 0.111111
6 9 0.111111
7 9 0.111111
8 9 0.111111
10 9 0.111111
11 9 0.111111
12 9 0.111111
13 9 0.111111
113 9 0.111111
6 10 0.166667
9 10 0.166667
11 10 0.166667
12 10 0.166667
13 10 0.166667
14 10 0.166667
6 106 0.142857
102 106 0.142857
103 106 0.142857
104 106 0.142857
107 106 0.142857
110 106 0.142857
113 106 0.142857
7 11 0.111111
8 11 0.111111
9 11 0.111111
10 11 0.111111
12 11 0.111111
13 11 0.111111
14 11 0.111111
15 11 0.111111
37 11 0.111111
7 83 0.142857
37 83 0.142857
81 83 0.142857
84 83 0.142857
85 83 0.142857
86 83 0.142857
87 83 0.142857
8 70 0.125
66 70 0.125
68 70 0.125
69 70 0.125
71 70 0.125
72 70 0.125
73 70 0.125
74 70 0.125
8 100 0.125
96 100 0.125
97 100 0.125
98 100 0.125
99 100 0.125
101 100 0.125
102 100 0.125
104 100 0.125
8 60 0.1
56 60 0.1
57 60 0.1
58 60 0.1
59 60 0.1
61 60 0.1
62 60 0.1
63 60 0.1
64 60 0.1
88 60 0.1
9 12 0.142857
10 12 0.142857
11 12 0.142857
13 12 0.142857
14 12 0.142857
15 12 0.142857
16 12 0.142857
9 13 0.111111
10 13 0.111111
11 13 0.111111
12 13 0.111111
14 13 0.111111
15 13 0.111111
17 13 0.111111
32 13 0.111111
97 13 0.111111
9 113 0.125
106 113 0.125
109 113 0.125
110 113 0.125
111 113 0.125
115 113 0.125
116 113 0.125
117 113 0.125
10 14 0.125
11 14 0.125
12 14 0.125
13 14 0.125
15 14 0.125
16 14 0.125
17 14 0.125
18 14 0.125
11 15 0.125
12 15 0.125
13 15 0.125
14 15 0.125
16 15 0.125
17 15 0.125
18 15 0.125
19 15 0.125
11 37 0.125
33 37 0.125
34 37 0.125
35 37 0.125
36 37 0.125
39 37 0.125
40 37 0.125
83 37 0.125
13 32 0.142857
28 32 0.142857
30 32 0.142857
31 32 0.142857
33 32 0.142857
35 32 0.142857
36 32 0.142857
13 97 0.125
94 97 0.125
95 97 0.125
96 97 0.125
98 97 0.125
99 97 0.125
100 97 0.125
101 97 0.125
14 18 0.125
15 18 0.125
19 18 0.125
20 18 0.125
21 18 0.125
22 18 0.125
56 18 0.125
49 18 0.125
15 19 0.125
16 19 0.125
17 19 0.125
18 19 0.125
21 19 0.125
22 19 0.125
23 19 0.125
34 19 0.125
16 95 0.125
91 95 0.125
92 95 0.125
93 95 0.125
94 95 0.125
97 95 0.125
98 95 0.125
99 95 0.125
16 115 0.111111
111 115 0.111111
112 115 0.111111
113 115 0.111111
114 115 0.111111
116 115 0.111111
117 115 0.111111
118 115 0.111111
119 115 0.111111
17 45 0.125
41 45 0.125
42 45 0.125
43 45 0.125
44 45 0.125
47 45 0.125
48 45 0.125
49 45 0.125
17 75 0.111111
71 75 0.111111
72 75 0.111111
73 75 0.111111
74 75 0.111111
76 75 0.111111
77 75 0.111111
78 75 0.111111
79 75 0.111111
18 21 0.142857
19 21 0.142857
20 21 0.142857
22 21 0.142857
23 21 0.142857
24 21 0.142857
25 21 0.142857
18 22 0.142857
19 22 0.142857
21 22 0.142857
23 22 0.142857
24 22 0.142857
25 22 0.142857
26 22 0.142857
18 56 0.142857
35 56 0.142857
52 56 0.142857
54 56 0.142857
55 56 0.142857
57 56 0.142857
60 56 0.142857
18 49 0.111111
24 49 0.111111
45 49 0.111111
46 49 0.111111
47 49 0.111111
48 49 0.111111
50 49 0.111111
51 49 0.111111
53 49 0.111111
19 23 0.125
20 23 0.125
21 23 0.125
22 23 0.125
24 23 0.125
25 23 0.125
26 23 0.125
27 23 0.125
19 34 0.142857
30 34 0.142857
31 34 0.142857
35 34 0.142857
36 34 0.142857
37 34 0.142857
38 34 0.142857
20 24 0.111111
21 24 0.111111
22 24 0.111111
23 24 0.111111
25 24 0.111111
27 24 0.111111
49 24 0.111111
133 24 0.111111
125 24 0.111111
21 25 0.125
22 25 0.125
23 25 0.125
24 25 0.125
26 25 0.125
27 25 0.125
28 25 0.125
29 25 0.125
22 26 0.142857
23 26 0.142857
25 26 0.142857
27 26 0.142857
28 26 0.142857
29 26 0.142857
30 26 0.142857
23 27 0.125
24 27 0.125
25 27 0.125
26 27 0.125
28 27 0.125
29 27 0.125
30 27 0.125
31 27 0.125
24 133 0.125
69 133 0.125
130 133 0.125
131 133 0.125
132 133 0.125
134 133 0.125
135 133 0.125
137 133 0.125
24 125 0.125
121 125 0.125
122 125 0.125
123 125 0.125
126 125 0.125
127 125 0.125
128 125 0.125
129 125 0.125
25 28 0.142857
26 28 0.142857
27 28 0.142857
29 28 0.142857
30 28 0.142857
31 28 0.142857
32 28 0.142857
25 29 0.125
26 29 0.125
27 29 0.125
28 29 0.125
30 29 0.125
31 29 0.125
54 29 0.125
141 29 0.125
26 30 0.111111
27 30 0.111111
28 30 0.111111
29 30 0.111111
31 30 0.111111
32 30 0.111111
34 30 0.111111
89 30 0.111111
38 30 0.111111
27 31 0.125
28 31 0.125
29 31 0.125
30 31 0.125
32 31 0.125
33 31 0.125
34 31 0.125
35 31 0.125
29 54 0.125
50 54 0.125
52 54 0.125
53 54 0.125
55 54 0.125
56 54 0.125
57 54 0.125
58 54 0.125
30 89 0.142857
85 89 0.142857
86 89 0.142857
87 89 0.142857
91 89 0.142857
92 89 0.142857
93 89 0.142857
30 38 0.125
34 38 0.125
35 38 0.125
36 38 0.125
39 38 0.125
40 38 0.125
42 38 0.125
128 38 0.125
31 33 0.142857
32 33 0.142857
35 33 0.142857
36 33 0.142857
37 33 0.142857
107 33 0.142857
44 33 0.142857
31 35 0.1
32 35 0.1
33 35 0.1
34 35 0.1
36 35 0.1
37 35 0.1
38 35 0.1
39 35 0.1
65 35 0.1
56 35 0.1
32 36 0.125
33 36 0.125
34 36 0.125
35 36 0.125
37 36 0.125
38 36 0.125
39 36 0.125
40 36 0.125
33 107 0.1
82 107 0.1
103 107 0.1
104 107 0.1
105 107 0.1
106 107 0.1
108 107 0.1
109 107 0.1
110 107 0.1
111 107 0.1
33 44 0.142857
41 44 0.142857
43 44 0.142857
45 44 0.142857
46 44 0.142857
48 44 0.142857
51 44 0.142857
35 39 0.125
36 39 0.125
37 39 0.125
38 39 0.125
40 39 0.125
41 39 0.125
42 39 0.125
136 39 0.125
35 65 0.125
61 65 0.125
62 65 0.125
63 65 0.125
64 65 0.125
66 65 0.125
68 65 0.125
69 65 0.125
36 40 0.111111
37 40 0.111111
38 40 0.111111
39 40 0.111111
41 40 0.111111
42 40 0.111111
43 40 0.111111
88 40 0.111111
53 40 0.111111
38 42 0.111111
39 42 0.111111
40 42 0.111111
41 42 0.111111
43 42 0.111111
45 42 0.111111
46 42 0.111111
99 42 0.111111
80 42 0.111111
38 128 0.111111
124 128 0.111111
125 128 0.111111
126 128 0.111111
127 128 0.111111
129 128 0.111111
130 128 0.111111
131 128 0.111111
132 128 0.111111
39 41 0.142857
40 41 0.142857
42 41 0.142857
43 41 0.142857
44 41 0.142857
45 41 0.142857
112 41 0.142857
39 136 0.125
132 136 0.125
134 136 0.125
135 136 0.125
137 136 0.125
138 136 0.125
139 136 0.125
140 136 0.125
40 43 0.142857
41 43 0.142857
42 43 0.142857
44 43 0.142857
45 43 0.142857
46 43 0.142857
47 43 0.142857
40 88 0.125
60 88 0.125
84 88 0.125
85 88 0.125
86 88 0.125
87 88 0.125
91 88 0.125
92 88 0.125
40 53 0.111111
49 53 0.111111
50 53 0.111111
51 53 0.111111
52 53 0.111111
54 53 0.111111
55 53 0.111111
57 53 0.111111
120 53 0.111111
41 112 0.111111
74 112 0.111111
108 112 0.111111
109 112 0.111111
110 112 0.111111
111 112 0.111111
114 112 0.111111
115 112 0.111111
116 112 0.111111
42 46 0.142857
43 46 0.142857
44 46 0.142857
47 46 0.142857
48 46 0.142857
49 46 0.142857
50 46 0.142857
42 99 0.111111
95 99 0.111111
96 99 0.111111
97 99 0.111111
98 99 0.111111
100 99 0.111111
101 99 0.111111
102 99 0.111111
103 99 0.111111
42 80 0.111111
76 80 0.111111
77 80 0.111111
78 80 0.111111
79 80 0.111111
81 80 0.111111
82 80 0.111111
84 80 0.111111
139 80 0.111111
43 47 0.142857
45 47 0.142857
46 47 0.142857
48 47 0.142857
49 47 0.142857
50 47 0.142857
51 47 0.142857
44 48 0.125
45 48 0.125
46 48 0.125
47 48 0.125
49 48 0.125
50 48 0.125
51 48 0.125
121 48 0.125
44 51 0.125
47 51 0.125
48 51 0.125
49 51 0.125
50 51 0.125
52 51 0.125
53 51 0.125
55 51 0.125
46 50 0.125
47 50 0.125
48 50 0.125
49 50 0.125
51 50 0.125
52 50 0.125
53 50 0.125
54 50 0.125
48 121 0.111111
109 121 0.111111
117 121 0.111111
118 121 0.111111
119 121 0.111111
120 121 0.111111
123 121 0.111111
124 121 0.111111
125 121 0.111111
50 52 0.166667
51 52 0.166667
53 52 0.166667
54 52 0.166667
55 52 0.166667
56 52 0.166667
51 55 0.125
52 55 0.125
53 55 0.125
54 55 0.125
56 55 0.125
57 55 0.125
58 55 0.125
59 55 0.125
53 57 0.111111
54 57 0.111111
55 57 0.111111
56 57 0.111111
58 57 0.111111
59 57 0.111111
60 57 0.111111
61 57 0.111111
93 57 0.111111
53 120 0.111111
116 120 0.111111
117 120 0.111111
118 120 0.111111
119 120 0.111111
121 120 0.111111
122 120 0.111111
123 120 0.111111
130 120 0.111111
54 58 0.125
55 58 0.125
57 58 0.125
59 58 0.125
60 58 0.125
61 58 0.125
62 58 0.125
67 58 0.125
55 59 0.142857
57 59 0.142857
58 59 0.142857
60 59 0.142857
61 59 0.142857
63 59 0.142857
111 59 0.142857
57 61 0.125
58 61 0.125
59 61 0.125
60 61 0.125
62 61 0.125
63 61 0.125
64 61 0.125
65 61 0.125
57 93 0.125
89 93 0.125
90 93 0.125
91 93 0.125
92 93 0.125
94 93 0.125
95 93 0.125
96 93 0.125
58 62 0.142857
60 62 0.142857
61 62 0.142857
63 62 0.142857
64 62 0.142857
65 62 0.142857
66 62 0.142857
58 67 0.142857
63 67 0.142857
64 67 0.142857
66 67 0.142857
69 67 0.142857
71 67 0.142857
116 67 0.142857
59 63 0.125
60 63 0.125
61 63 0.125
62 63 0.125
64 63 0.125
65 63 0.125
66 63 0.125
67 63 0.125
59 111 0.111111
107 111 0.111111
108 111 0.111111
109 111 0.111111
110 111 0.111111
112 111 0.111111
113 111 0.111111
114 111 0.111111
115 111 0.111111
60 64 0.125
61 64 0.125
62 64 0.125
63 64 0.125
65 64 0.125
66 64 0.125
67 64 0.125
68 64 0.125
62 66 0.111111
63 66 0.111111
64 66 0.111111
65 66 0.111111
67 66 0.111111
68 66 0.111111
69 66 0.111111
70 66 0.111111
94 66 0.111111
64 68 0.142857
65 68 0.142857
66 68 0.142857
69 68 0.142857
70 68 0.142857
71 68 0.142857
72 68 0.142857
66 94 0.125
90 94 0.125
91 94 0.125
92 94 0.125
93 94 0.125
95 94 0.125
96 94 0.125
97 94 0.125
67 71 0.125
68 71 0.125
69 71 0.125
70 71 0.125
72 71 0.125
73 71 0.125
74 71 0.125
75 71 0.125
67 116 0.111111
112 116 0.111111
113 116 0.111111
114 116 0.111111
115 116 0.111111
117 116 0.111111
118 116 0.111111
119 116 0.111111
120 116 0.111111
68 72 0.142857
70 72 0.142857
71 72 0.142857
73 72 0.142857
74 72 0.142857
75 72 0.142857
76 72 0.142857
70 73 0.142857
71 73 0.142857
72 73 0.142857
75 73 0.142857
76 73 0.142857
77 73 0.142857
118 73 0.142857
70 74 0.142857
71 74 0.142857
72 74 0.142857
75 74 0.142857
76 74 0.142857
78 74 0.142857
112 74 0.142857
72 76 0.125
73 76 0.125
74 76 0.125
75 76 0.125
77 76 0.125
78 76 0.125
79 76 0.125
80 76 0.125
73 77 0.142857
75 77 0.142857
76 77 0.142857
78 77 0.142857
79 77 0.142857
80 77 0.142857
81 77 0.142857
73 118 0.111111
114 118 0.111111
115 118 0.111111
116 118 0.111111
117 118 0.111111
119 118 0.111111
120 118 0.111111
121 118 0.111111
122 118 0.111111
74 78 0.125
75 78 0.125
76 78 0.125
77 78 0.125
79 78 0.125
80 78 0.125
81 78 0.125
82 78 0.125
75 79 0.111111
76 79 0.111111
77 79 0.111111
78 79 0.111111
80 79 0.111111
81 79 0.111111
82 79 0.111111
130 79 0.111111
105 79 0.111111
77 81 0.111111
78 81 0.111111
79 81 0.111111
80 81 0.111111
82 81 0.111111
83 81 0.111111
84 81 0.111111
85 81 0.111111
139 81 0.111111
78 82 0.111111
79 82 0.111111
80 82 0.111111
81 82 0.111111
84 82 0.111111
85 82 0.111111
86 82 0.111111
107 82 0.111111
90 82 0.111111
79 130 0.1
120 130 0.1
126 130 0.1
127 130 0.1
128 130 0.1
129 130 0.1
131 130 0.1
132 130 0.1
133 130 0.1
134 130 0.1
79 105 0.125
85 105 0.125
101 105 0.125
102 105 0.125
103 105 0.125
104 105 0.125
107 105 0.125
108 105 0.125
80 84 0.111111
81 84 0.111111
82 84 0.111111
83 84 0.111111
85 84 0.111111
86 84 0.111111
87 84 0.111111
88 84 0.111111
110 84 0.111111
82 86 0.125
83 86 0.125
84 86 0.125
85 86 0.125
87 86 0.125
88 86 0.125
89 86 0.125
90 86 0.125
82 90 0.166667
86 90 0.166667
87 90 0.166667
92 90 0.166667
93 90 0.166667
94 90 0.166667
83 87 0.125
84 87 0.125
85 87 0.125
86 87 0.125
88 87 0.125
89 87 0.125
90 87 0.125
91 87 0.125
84 110 0.125
106 110 0.125
107 110 0.125
108 110 0.125
109 110 0.125
111 110 0.125
112 110 0.125
113 110 0.125
87 91 0.125
88 91 0.125
89 91 0.125
92 91 0.125
93 91 0.125
94 91 0.125
95 91 0.125
124 91 0.125
88 92 0.125
89 92 0.125
90 92 0.125
91 92 0.125
93 92 0.125
94 92 0.125
95 92 0.125
96 92 0.125
91 124 0.142857
121 124 0.142857
122 124 0.142857
123 124 0.142857
126 124 0.142857
127 124 0.142857
128 124 0.142857
92 96 0.142857
93 96 0.142857
94 96 0.142857
97 96 0.142857
98 96 0.142857
99 96 0.142857
100 96 0.142857
95 98 0.142857
96 98 0.142857
97 98 0.142857
99 98 0.142857
100 98 0.142857
102 98 0.142857
119 98 0.142857
97 101 0.142857
99 101 0.142857
100 101 0.142857
102 101 0.142857
103 101 0.142857
104 101 0.142857
105 101 0.142857
98 102 0.125
99 102 0.125
100 102 0.125
101 102 0.125
103 102 0.125
104 102 0.125
105 102 0.125
106 102 0.125
98 119 0.111111
115 119 0.111111
116 119 0.111111
117 119 0.111111
118 119 0.111111
120 119 0.111111
121 119 0.111111
122 119 0.111111
123 119 0.111111
99 103 0.142857
101 103 0.142857
102 103 0.142857
104 103 0.142857
105 103 0.142857
106 103 0.142857
107 103 0.142857
100 104 0.125
101 104 0.125
102 104 0.125
103 104 0.125
105 104 0.125
106 104 0.125
107 104 0.125
108 104 0.125
104 108 0.142857
105 108 0.142857
107 108 0.142857
109 108 0.142857
110 108 0.142857
111 108 0.142857
112 108 0.142857
107 109 0.142857
108 109 0.142857
110 109 0.142857
111 109 0.142857
112 109 0.142857
113 109 0.142857
121 109 0.142857
111 114 0.166667
112 114 0.166667
115 114 0.166667
116 114 0.166667
117 114 0.166667
118 114 0.166667
113 117 0.125
114 117 0.125
115 117 0.125
116 117 0.125
118 117 0.125
119 117 0.125
120 117 0.125
121 117 0.125
118 122 0.142857
119 122 0.142857
120 122 0.142857
123 122 0.142857
124 122 0.142857
125 122 0.142857
126 122 0.142857
119 123 0.125
120 123 0.125
121 123 0.125
122 123 0.125
124 123 0.125
125 123 0.125
126 123 0.125
127 123 0.125
122 126 0.125
123 126 0.125
124 126 0.125
125 126 0.125
127 126 0.125
128 126 0.125
129 126 0.125
130 126 0.125
123 127 0.125
124 127 0.125
125 127 0.125
126 127 0.125
128 127 0.125
129 127 0.125
130 127 0.125
131 127 0.125
125 129 0.125
126 129 0.125
127 129 0.125
128 129 0.125
130 129 0.125
131 129 0.125
132 129 0.125
140 129 0.125
127 131 0.125
128 131 0.125
129 131 0.125
130 131 0.125
132 131 0.125
133 131 0.125
134 131 0.125
135 131 0.125
128 132 0.125
129 132 0.125
130 132 0.125
131 132 0.125
133 132 0.125
134 132 0.125
135 132 0.125
136 132 0.125
130 134 0.125
131 134 0.125
132 134 0.125
133 134 0.125
135 134 0.125
136 134 0.125
137 134 0.125
138 134 0.125
131 135 0.125
132 135 0.125
133 135 0.125
134 135 0.125
136 135 0.125
137 135 0.125
138 135 0.125
139 135 0.125
133 137 0.125
134 137 0.125
135 137 0.125
136 137 0.125
138 137 0.125
139 137 0.125
140 137 0.125
141 137 0.125
134 138 0.125
135 138 0.125
136 138 0.125
137 138 0.125
139 138 0.125
140 138 0.125
141 138 0.125
142 138 0.125
1 0 0.111111
142 0 0.111111
141 0 0.111111
3 0 0.111111
140 0 0.111111
4 0 0.111111
139 0 0.111111
17 0 0.111111
16 0 0.111111
