0 3 0.055556
16 3 0.055556
18 3 0.055556
20 3 0.055556
21 3 0.055556
24 3 0.055556
33 3 0.055556
40 3 0.055556
51 3 0.055556
54 3 0.055556
66 3 0.055556
82 3 0.055556
90 3 0.055556
103 3 0.055556
121 3 0.055556
147 3 0.055556
165 3 0.055556
166 3 0.055556
0 13 0.033333
8 13 0.033333
10 13 0.033333
20 13 0.033333
28 13 0.033333
32 13 0.033333
39 13 0.033333
40 13 0.033333
41 13 0.033333
43 13 0.033333
46 13 0.033333
53 13 0.033333
54 13 0.033333
56 13 0.033333
58 13 0.033333
60 13 0.033333
65 13 0.033333
69 13 0.033333
72 13 0.033333
93 13 0.033333
103 13 0.033333
106 13 0.033333
107 13 0.033333
129 13 0.033333
136 13 0.033333
150 13 0.033333
160 13 0.033333
168 13 0.033333
173 13 0.033333
174 13 0.033333
0 20 0.029412
3 20 0.029412
6 20 0.029412
13 20 0.029412
28 20 0.029412
31 20 0.029412
32 20 0.029412
39 20 0.029412
40 20 0.029412
44 20 0.029412
55 20 0.029412
62 20 0.029412
75 20 0.029412
85 20 0.029412
90 20 0.029412
94 20 0.029412
96 20 0.029412
104 20 0.029412
109 20 0.029412
112 20 0.029412
120 20 0.029412
121 20 0.029412
123 20 0.029412
127 20 0.029412
129 20 0.029412
134 20 0.029412
140 20 0.029412
143 20 0.029412
148 20 0.029412
151 20 0.029412
156 20 0.029412
158 20 0.029412
174 20 0.029412
176 20 0.029412
0 37 0.047619
4 37 0.047619
6 37 0.047619
22 37 0.047619
26 37 0.047619
29 37 0.047619
40 37 0.047619
61 37 0.047619
70 37 0.047619
80 37 0.047619
100 37 0.047619
101 37 0.047619
102 37 0.047619
114 37 0.047619
128 37 0.047619
130 37 0.047619
158 37 0.047619
160 37 0.047619
163 37 0.047619
175 37 0.047619
176 37 0.047619
0 49 0.052632
6 49 0.052632
7 49 0.052632
15 49 0.052632
21 49 0.052632
31 49 0.052632
36 49 0.052632
52 49 0.052632
81 49 0.052632
87 49 0.052632
110 49 0.052632
116 49 0.052632
146 49 0.052632
147 49 0.052632
150 49 0.052632
153 49 0.052632
158 49 0.052632
160 49 0.052632
171 49 0.052632
0 66 0.032258
3 66 0.032258
11 66 0.032258
19 66 0.032258
26 66 0.032258
41 66 0.032258
42 66 0.032258
47 66 0.032258
61 66 0.032258
71 66 0.032258
79 66 0.032258
91 66 0.032258
92 66 0.032258
93 66 0.032258
101 66 0.032258
111 66 0.032258
114 66 0.032258
116 66 0.032258
121 66 0.032258
123 66 0.032258
124 66 0.032258
133 66 0.032258
135 66 0.032258
139 66 0.032258
142 66 0.032258
155 66 0.032258
157 66 0.032258
168 66 0.032258
169 66 0.032258
172 66 0.032258
175 66 0.032258
0 67 0.037037
9 67 0.037037
15 67 0.037037
16 67 0.037037
21 67 0.037037
25 67 0.037037
28 67 0.037037
42 67 0.037037
45 67 0.037037
52 67 0.037037
56 67 0.037037
79 67 0.037037
82 67 0.037037
93 67 0.037037
94 67 0.037037
100 67 0.037037
108 67 0.037037
126 67 0.037037
127 67 0.037037
129 67 0.037037
133 67 0.037037
140 67 0.037037
149 67 0.037037
154 67 0.037037
163 67 0.037037
168 67 0.037037
173 67 0.037037
0 70 0.038462
6 70 0.038462
9 70 0.038462
11 70 0.038462
12 70 0.038462
16 70 0.038462
21 70 0.038462
27 70 0.038462
29 70 0.038462
31 70 0.038462
34 70 0.038462
37 70 0.038462
52 70 0.038462
83 70 0.038462
98 70 0.038462
102 70 0.038462
107 70 0.038462
115 70 0.038462
126 70 0.038462
129 70 0.038462
133 70 0.038462
155 70 0.038462
158 70 0.038462
159 70 0.038462
162 70 0.038462
174 70 0.038462
0 73 0.038462
1 73 0.038462
4 73 0.038462
18 73 0.038462
24 73 0.038462
47 73 0.038462
50 73 0.038462
71 73 0.038462
79 73 0.038462
96 73 0.038462
99 73 0.038462
105 73 0.038462
109 73 0.038462
117 73 0.038462
118 73 0.038462
123 73 0.038462
124 73 0.038462
131 73 0.038462
144 73 0.038462
150 73 0.038462
151 73 0.038462
153 73 0.038462
160 73 0.038462
164 73 0.038462
168 73 0.038462
176 73 0.038462
0 74 0.037037
9 74 0.037037
11 74 0.037037
21 74 0.037037
23 74 0.037037
26 74 0.037037
28 74 0.037037
33 74 0.037037
40 74 0.037037
44 74 0.037037
50 74 0.037037
51 74 0.037037
58 74 0.037037
69 74 0.037037
71 74 0.037037
77 74 0.037037
82 74 0.037037
91 74 0.037037
100 74 0.037037
102 74 0.037037
105 74 0.037037
108 74 0.037037
126 74 0.037037
138 74 0.037037
151 74 0.037037
156 74 0.037037
158 74 0.037037
0 76 0.058824
2 76 0.058824
25 76 0.058824
26 76 0.058824
52 76 0.058824
53 76 0.058824
60 76 0.058824
61 76 0.058824
69 76 0.058824
80 76 0.058824
91 76 0.058824
92 76 0.058824
117 76 0.058824
119 76 0.058824
148 76 0.058824
149 76 0.058824
160 76 0.058824
0 95 0.043478
6 95 0.043478
18 95 0.043478
24 95 0.043478
25 95 0.043478
26 95 0.043478
31 95 0.043478
44 95 0.043478
48 95 0.043478
56 95 0.043478
75 95 0.043478
78 95 0.043478
82 95 0.043478
84 95 0.043478
87 95 0.043478
106 95 0.043478
108 95 0.043478
111 95 0.043478
112 95 0.043478
131 95 0.043478
151 95 0.043478
167 95 0.043478
171 95 0.043478
0 101 0.041667
30 101 0.041667
31 101 0.041667
33 101 0.041667
37 101 0.041667
42 101 0.041667
45 101 0.041667
47 101 0.041667
51 101 0.041667
56 101 0.041667
64 101 0.041667
66 101 0.041667
93 101 0.041667
99 101 0.041667
106 101 0.041667
121 101 0.041667
136 101 0.041667
141 101 0.041667
143 101 0.041667
158 101 0.041667
163 101 0.041667
166 101 0.041667
169 101 0.041667
176 101 0.041667
0 104 0.043478
2 104 0.043478
4 104 0.043478
5 104 0.043478
19 104 0.043478
20 104 0.043478
29 104 0.043478
51 104 0.043478
56 104 0.043478
71 104 0.043478
88 104 0.043478
92 104 0.043478
103 104 0.043478
116 104 0.043478
120 104 0.043478
131 104 0.043478
136 104 0.043478
138 104 0.043478
141 104 0.043478
147 104 0.043478
159 104 0.043478
165 104 0.043478
169 104 0.043478
0 111 0.029412
2 111 0.029412
8 111 0.029412
10 111 0.029412
12 111 0.029412
16 111 0.029412
18 111 0.029412
22 111 0.029412
23 111 0.029412
26 111 0.029412
30 111 0.029412
32 111 0.029412
45 111 0.029412
50 111 0.029412
57 111 0.029412
58 111 0.029412
62 111 0.029412
63 111 0.029412
65 111 0.029412
66 111 0.029412
68 111 0.029412
75 111 0.029412
82 111 0.029412
95 111 0.029412
99 111 0.029412
106 111 0.029412
126 111 0.029412
135 111 0.029412
142 111 0.029412
145 111 0.029412
150 111 0.029412
157 111 0.029412
163 111 0.029412
173 111 0.029412
0 114 0.037037
27 114 0.037037
37 114 0.037037
46 114 0.037037
54 114 0.037037
66 114 0.037037
68 114 0.037037
71 114 0.037037
77 114 0.037037
78 114 0.037037
82 114 0.037037
85 114 0.037037
89 114 0.037037
90 114 0.037037
92 114 0.037037
93 114 0.037037
100 114 0.037037
107 114 0.037037
116 114 0.037037
136 114 0.037037
139 114 0.037037
163 114 0.037037
164 114 0.037037
169 114 0.037037
171 114 0.037037
173 114 0.037037
174 114 0.037037
0 119 0.037037
5 119 0.037037
18 119 0.037037
19 119 0.037037
24 119 0.037037
33 119 0.037037
38 119 0.037037
39 119 0.037037
45 119 0.037037
47 119 0.037037
57 119 0.037037
69 119 0.037037
76 119 0.037037
79 119 0.037037
82 119 0.037037
90 119 0.037037
91 119 0.037037
100 119 0.037037
102 119 0.037037
129 119 0.037037
133 119 0.037037
139 119 0.037037
147 119 0.037037
149 119 0.037037
158 119 0.037037
168 119 0.037037
173 119 0.037037
0 121 0.029412
3 121 0.029412
12 121 0.029412
18 121 0.029412
20 121 0.029412
21 121 0.029412
28 121 0.029412
34 121 0.029412
50 121 0.029412
66 121 0.029412
75 121 0.029412
79 121 0.029412
82 121 0.029412
88 121 0.029412
94 121 0.029412
101 121 0.029412
105 121 0.029412
109 121 0.029412
113 121 0.029412
116 121 0.029412
122 121 0.029412
123 121 0.029412
125 121 0.029412
137 121 0.029412
138 121 0.029412
139 121 0.029412
151 121 0.029412
152 121 0.029412
160 121 0.029412
161 121 0.029412
162 121 0.029412
163 121 0.029412
168 121 0.029412
170 121 0.029412
0 141 0.045455
12 141 0.045455
15 141 0.045455
29 141 0.045455
35 141 0.045455
61 141 0.045455
78 141 0.045455
81 141 0.045455
86 141 0.045455
101 141 0.045455
104 141 0.045455
109 141 0.045455
112 141 0.045455
131 141 0.045455
133 141 0.045455
136 141 0.045455
144 141 0.045455
160 141 0.045455
164 141 0.045455
169 141 0.045455
170 141 0.045455
175 141 0.045455
0 145 0.043478
1 145 0.043478
11 145 0.043478
36 145 0.043478
42 145 0.043478
48 145 0.043478
61 145 0.043478
79 145 0.043478
81 145 0.043478
82 145 0.043478
86 145 0.043478
97 145 0.043478
111 145 0.043478
124 145 0.043478
129 145 0.043478
133 145 0.043478
136 145 0.043478
139 145 0.043478
150 145 0.043478
154 145 0.043478
156 145 0.043478
167 145 0.043478
175 145 0.043478
0 167 0.047619
16 167 0.047619
30 167 0.047619
33 167 0.047619
40 167 0.047619
41 167 0.047619
45 167 0.047619
46 167 0.047619
57 167 0.047619
60 167 0.047619
79 167 0.047619
86 167 0.047619
87 167 0.047619
95 167 0.047619
96 167 0.047619
122 167 0.047619
136 167 0.047619
145 167 0.047619
146 167 0.047619
151 167 0.047619
164 167 0.047619
1 16 0.034483
3 16 0.034483
10 16 0.034483
19 16 0.034483
23 16 0.034483
24 16 0.034483
32 16 0.034483
41 16 0.034483
46 16 0.034483
67 16 0.034483
70 16 0.034483
81 16 0.034483
82 16 0.034483
91 16 0.034483
102 16 0.034483
105 16 0.034483
108 16 0.034483
111 16 0.034483
123 16 0.034483
132 16 0.034483
137 16 0.034483
140 16 0.034483
153 16 0.034483
159 16 0.034483
162 16 0.034483
163 16 0.034483
165 16 0.034483
167 16 0.034483
170 16 0.034483
1 18 0.035714
2 18 0.035714
3 18 0.035714
6 18 0.035714
7 18 0.035714
12 18 0.035714
22 18 0.035714
25 18 0.035714
28 18 0.035714
33 18 0.035714
40 18 0.035714
41 18 0.035714
54 18 0.035714
56 18 0.035714
73 18 0.035714
77 18 0.035714
78 18 0.035714
89 18 0.035714
95 18 0.035714
99 18 0.035714
107 18 0.035714
111 18 0.035714
119 18 0.035714
121 18 0.035714
122 18 0.035714
128 18 0.035714
130 18 0.035714
152 18 0.035714
1 22 0.033333
2 22 0.033333
5 22 0.033333
6 22 0.033333
12 22 0.033333
14 22 0.033333
18 22 0.033333
19 22 0.033333
25 22 0.033333
27 22 0.033333
31 22 0.033333
32 22 0.033333
34 22 0.033333
37 22 0.033333
55 22 0.033333
61 22 0.033333
62 22 0.033333
72 22 0.033333
84 22 0.033333
99 22 0.033333
107 22 0.033333
111 22 0.033333
112 22 0.033333
120 22 0.033333
123 22 0.033333
127 22 0.033333
135 22 0.033333
136 22 0.033333
142 22 0.033333
165 22 0.033333
1 25 0.035714
6 25 0.035714
7 25 0.035714
18 25 0.035714
22 25 0.035714
24 25 0.035714
26 25 0.035714
32 25 0.035714
38 25 0.035714
46 25 0.035714
52 25 0.035714
54 25 0.035714
60 25 0.035714
67 25 0.035714
76 25 0.035714
85 25 0.035714
91 25 0.035714
92 25 0.035714
95 25 0.035714
105 25 0.035714
108 25 0.035714
120 25 0.035714
144 25 0.035714
153 25 0.035714
157 25 0.035714
158 25 0.035714
159 25 0.035714
163 25 0.035714
1 28 0.052632
13 28 0.052632
18 28 0.052632
20 28 0.052632
26 28 0.052632
36 28 0.052632
44 28 0.052632
51 28 0.052632
56 28 0.052632
61 28 0.052632
67 28 0.052632
74 28 0.052632
82 28 0.052632
85 28 0.052632
121 28 0.052632
127 28 0.052632
152 28 0.052632
157 28 0.052632
163 28 0.052632
1 31 0.038462
6 31 0.038462
8 31 0.038462
11 31 0.038462
19 31 0.038462
20 31 0.038462
22 31 0.038462
49 31 0.038462
53 31 0.038462
62 31 0.038462
64 31 0.038462
70 31 0.038462
77 31 0.038462
83 31 0.038462
84 31 0.038462
85 31 0.038462
86 31 0.038462
90 31 0.038462
95 31 0.038462
101 31 0.038462
105 31 0.038462
129 31 0.038462
135 31 0.038462
138 31 0.038462
148 31 0.038462
153 31 0.038462
1 36 0.03125
5 36 0.03125
27 36 0.03125
28 36 0.03125
30 36 0.03125
35 36 0.03125
38 36 0.03125
39 36 0.03125
49 36 0.03125
51 36 0.03125
55 36 0.03125
56 36 0.03125
69 36 0.03125
75 36 0.03125
77 36 0.03125
83 36 0.03125
92 36 0.03125
97 36 0.03125
100 36 0.03125
102 36 0.03125
109 36 0.03125
110 36 0.03125
124 36 0.03125
132 36 0.03125
134 36 0.03125
145 36 0.03125
154 36 0.03125
156 36 0.03125
157 36 0.03125
163 36 0.03125
164 36 0.03125
172 36 0.03125
1 38 0.034483
15 38 0.034483
25 38 0.034483
29 38 0.034483
34 38 0.034483
35 38 0.034483
36 38 0.034483
43 38 0.034483
45 38 0.034483
47 38 0.034483
50 38 0.034483
55 38 0.034483
57 38 0.034483
58 38 0.034483
60 38 0.034483
69 38 0.034483
72 38 0.034483
77 38 0.034483
80 38 0.034483
83 38 0.034483
87 38 0.034483
92 38 0.034483
96 38 0.034483
102 38 0.034483
119 38 0.034483
122 38 0.034483
147 38 0.034483
173 38 0.034483
176 38 0.034483
1 45 0.038462
12 45 0.038462
38 45 0.038462
43 45 0.038462
44 45 0.038462
48 45 0.038462
54 45 0.038462
55 45 0.038462
67 45 0.038462
69 45 0.038462
77 45 0.038462
94 45 0.038462
97 45 0.038462
99 45 0.038462
101 45 0.038462
102 45 0.038462
106 45 0.038462
111 45 0.038462
113 45 0.038462
117 45 0.038462
119 45 0.038462
124 45 0.038462
160 45 0.038462
167 45 0.038462
174 45 0.038462
176 45 0.038462
1 55 0.037037
2 55 0.037037
19 55 0.037037
20 55 0.037037
22 55 0.037037
24 55 0.037037
35 55 0.037037
36 55 0.037037
38 55 0.037037
43 55 0.037037
45 55 0.037037
56 55 0.037037
79 55 0.037037
86 55 0.037037
88 55 0.037037
90 55 0.037037
94 55 0.037037
103 55 0.037037
109 55 0.037037
116 55 0.037037
120 55 0.037037
139 55 0.037037
140 55 0.037037
142 55 0.037037
149 55 0.037037
163 55 0.037037
168 55 0.037037
1 63 0.043478
10 63 0.043478
14 63 0.043478
51 63 0.043478
58 63 0.043478
61 63 0.043478
65 63 0.043478
78 63 0.043478
85 63 0.043478
86 63 0.043478
94 63 0.043478
111 63 0.043478
117 63 0.043478
123 63 0.043478
124 63 0.043478
125 63 0.043478
128 63 0.043478
139 63 0.043478
147 63 0.043478
154 63 0.043478
159 63 0.043478
160 63 0.043478
171 63 0.043478
1 65 0.05
2 65 0.05
13 65 0.05
15 65 0.05
61 65 0.05
63 65 0.05
82 65 0.05
86 65 0.05
93 65 0.05
96 65 0.05
97 65 0.05
98 65 0.05
106 65 0.05
111 65 0.05
115 65 0.05
116 65 0.05
148 65 0.05
153 65 0.05
174 65 0.05
176 65 0.05
1 75 0.035714
8 75 0.035714
12 75 0.035714
15 75 0.035714
20 75 0.035714
26 75 0.035714
36 75 0.035714
52 75 0.035714
57 75 0.035714
59 75 0.035714
61 75 0.035714
71 75 0.035714
72 75 0.035714
78 75 0.035714
81 75 0.035714
86 75 0.035714
91 75 0.035714
95 75 0.035714
106 75 0.035714
108 75 0.035714
111 75 0.035714
116 75 0.035714
121 75 0.035714
124 75 0.035714
136 75 0.035714
147 75 0.035714
151 75 0.035714
156 75 0.035714
1 87 0.05
6 87 0.05
8 87 0.05
10 87 0.05
14 87 0.05
23 87 0.05
38 87 0.05
41 87 0.05
47 87 0.05
49 87 0.05
51 87 0.05
58 87 0.05
62 87 0.05
95 87 0.05
97 87 0.05
100 87 0.05
131 87 0.05
149 87 0.05
167 87 0.05
169 87 0.05
1 96 0.04
8 96 0.04
20 96 0.04
21 96 0.04
26 96 0.04
30 96 0.04
32 96 0.04
38 96 0.04
46 96 0.04
47 96 0.04
65 96 0.04
73 96 0.04
79 96 0.04
90 96 0.04
93 96 0.04
110 96 0.04
123 96 0.04
133 96 0.04
137 96 0.04
139 96 0.04
154 96 0.04
162 96 0.04
167 96 0.04
169 96 0.04
174 96 0.04
1 106 0.04
13 106 0.04
26 106 0.04
29 106 0.04
30 106 0.04
32 106 0.04
40 106 0.04
45 106 0.04
65 106 0.04
75 106 0.04
83 106 0.04
92 106 0.04
95 106 0.04
101 106 0.04
107 106 0.04
110 106 0.04
111 106 0.04
127 106 0.04
134 106 0.04
142 106 0.04
146 106 0.04
156 106 0.04
165 106 0.04
169 106 0.04
175 106 0.04
1 109 0.043478
17 109 0.043478
20 109 0.043478
34 109 0.043478
36 109 0.043478
40 109 0.043478
52 109 0.043478
55 109 0.043478
68 109 0.043478
73 109 0.043478
80 109 0.043478
86 109 0.043478
121 109 0.043478
124 109 0.043478
131 109 0.043478
134 109 0.043478
138 109 0.043478
140 109 0.043478
141 109 0.043478
151 109 0.043478
155 109 0.043478
159 109 0.043478
172 109 0.043478
1 117 0.04
7 117 0.04
17 117 0.04
32 117 0.04
33 117 0.04
40 117 0.04
42 117 0.04
45 117 0.04
63 117 0.04
68 117 0.04
71 117 0.04
73 117 0.04
76 117 0.04
91 117 0.04
93 117 0.04
94 117 0.04
97 117 0.04
112 117 0.04
120 117 0.04
132 117 0.04
135 117 0.04
156 117 0.04
162 117 0.04
171 117 0.04
175 117 0.04
1 122 0.043478
8 122 0.043478
18 122 0.043478
29 122 0.043478
38 122 0.043478
44 122 0.043478
53 122 0.043478
56 122 0.043478
94 122 0.043478
100 122 0.043478
103 122 0.043478
121 122 0.043478
123 122 0.043478
125 122 0.043478
130 122 0.043478
139 122 0.043478
140 122 0.043478
166 122 0.043478
167 122 0.043478
168 122 0.043478
169 122 0.043478
173 122 0.043478
174 122 0.043478
1 126 0.035714
10 126 0.035714
14 126 0.035714
21 126 0.035714
23 126 0.035714
27 126 0.035714
35 126 0.035714
41 126 0.035714
48 126 0.035714
53 126 0.035714
67 126 0.035714
69 126 0.035714
70 126 0.035714
71 126 0.035714
74 126 0.035714
89 126 0.035714
97 126 0.035714
102 126 0.035714
108 126 0.035714
111 126 0.035714
123 126 0.035714
124 126 0.035714
133 126 0.035714
136 126 0.035714
143 126 0.035714
144 126 0.035714
160 126 0.035714
172 126 0.035714
1 127 0.04
2 127 0.04
4 127 0.04
17 127 0.04
19 127 0.04
20 127 0.04
22 127 0.04
28 127 0.04
30 127 0.04
41 127 0.04
48 127 0.04
59 127 0.04
67 127 0.04
68 127 0.04
78 127 0.04
89 127 0.04
98 127 0.04
106 127 0.04
107 127 0.04
120 127 0.04
144 127 0.04
154 127 0.04
164 127 0.04
169 127 0.04
175 127 0.04
1 129 0.03125
9 129 0.03125
10 129 0.03125
13 129 0.03125
20 129 0.03125
27 129 0.03125
31 129 0.03125
40 129 0.03125
41 129 0.03125
44 129 0.03125
50 129 0.03125
56 129 0.03125
67 129 0.03125
70 129 0.03125
72 129 0.03125
77 129 0.03125
81 129 0.03125
84 129 0.03125
89 129 0.03125
94 129 0.03125
119 129 0.03125
125 129 0.03125
140 129 0.03125
142 129 0.03125
145 129 0.03125
148 129 0.03125
156 129 0.03125
161 129 0.03125
166 129 0.03125
172 129 0.03125
173 129 0.03125
175 129 0.03125
1 132 0.033333
2 132 0.033333
15 132 0.033333
16 132 0.033333
23 132 0.033333
36 132 0.033333
39 132 0.033333
41 132 0.033333
42 132 0.033333
50 132 0.033333
52 132 0.033333
60 132 0.033333
61 132 0.033333
68 132 0.033333
71 132 0.033333
81 132 0.033333
86 132 0.033333
88 132 0.033333
94 132 0.033333
97 132 0.033333
98 132 0.033333
110 132 0.033333
117 132 0.033333
125 132 0.033333
134 132 0.033333
143 132 0.033333
149 132 0.033333
152 132 0.033333
156 132 0.033333
165 132 0.033333
1 159 0.033333
2 159 0.033333
9 159 0.033333
11 159 0.033333
16 159 0.033333
17 159 0.033333
19 159 0.033333
23 159 0.033333
25 159 0.033333
56 159 0.033333
60 159 0.033333
63 159 0.033333
70 159 0.033333
71 159 0.033333
83 159 0.033333
89 159 0.033333
93 159 0.033333
94 159 0.033333
99 159 0.033333
104 159 0.033333
108 159 0.033333
109 159 0.033333
118 159 0.033333
123 159 0.033333
128 159 0.033333
142 159 0.033333
143 159 0.033333
150 159 0.033333
162 159 0.033333
172 159 0.033333
1 161 0.041667
7 161 0.041667
14 161 0.041667
19 161 0.041667
34 161 0.041667
39 161 0.041667
44 161 0.041667
57 161 0.041667
64 161 0.041667
78 161 0.041667
79 161 0.041667
81 161 0.041667
89 161 0.041667
115 161 0.041667
116 161 0.041667
121 161 0.041667
124 161 0.041667
128 161 0.041667
129 161 0.041667
142 161 0.041667
143 161 0.041667
150 161 0.041667
156 161 0.041667
165 161 0.041667
1 173 0.035714
5 173 0.035714
12 173 0.035714
13 173 0.035714
17 173 0.035714
27 173 0.035714
30 173 0.035714
34 173 0.035714
35 173 0.035714
38 173 0.035714
53 173 0.035714
67 173 0.035714
69 173 0.035714
80 173 0.035714
81 173 0.035714
111 173 0.035714
112 173 0.035714
114 173 0.035714
118 173 0.035714
119 173 0.035714
122 173 0.035714
129 173 0.035714
133 173 0.035714
154 173 0.035714
163 173 0.035714
165 173 0.035714
166 173 0.035714
172 173 0.035714
1 174 0.034483
8 174 0.034483
10 174 0.034483
11 174 0.034483
13 174 0.034483
14 174 0.034483
20 174 0.034483
29 174 0.034483
44 174 0.034483
45 174 0.034483
47 174 0.034483
60 174 0.034483
62 174 0.034483
65 174 0.034483
70 174 0.034483
92 174 0.034483
93 174 0.034483
96 174 0.034483
103 174 0.034483
110 174 0.034483
114 174 0.034483
118 174 0.034483
122 174 0.034483
130 174 0.034483
134 174 0.034483
144 174 0.034483
149 174 0.034483
150 174 0.034483
155 174 0.034483
1 175 0.03125
5 175 0.03125
6 175 0.03125
7 175 0.03125
33 175 0.03125
34 175 0.03125
37 175 0.03125
46 175 0.03125
50 175 0.03125
66 175 0.03125
72 175 0.03125
79 175 0.03125
82 175 0.03125
83 175 0.03125
86 175 0.03125
90 175 0.03125
106 175 0.03125
108 175 0.03125
110 175 0.03125
112 175 0.03125
117 175 0.03125
125 175 0.03125
127 175 0.03125
128 175 0.03125
129 175 0.03125
141 175 0.03125
145 175 0.03125
149 175 0.03125
150 175 0.03125
162 175 0.03125
165 175 0.03125
171 175 0.03125
2 6 0.034483
5 6 0.034483
17 6 0.034483
18 6 0.034483
20 6 0.034483
22 6 0.034483
25 6 0.034483
30 6 0.034483
31 6 0.034483
37 6 0.034483
40 6 0.034483
49 6 0.034483
54 6 0.034483
70 6 0.034483
78 6 0.034483
87 6 0.034483
91 6 0.034483
93 6 0.034483
95 6 0.034483
102 6 0.034483
110 6 0.034483
116 6 0.034483
139 6 0.034483
142 6 0.034483
149 6 0.034483
150 6 0.034483
169 6 0.034483
175 6 0.034483
176 6 0.034483
2 8 0.029412
5 8 0.029412
11 8 0.029412
13 8 0.029412
21 8 0.029412
27 8 0.029412
31 8 0.029412
42 8 0.029412
43 8 0.029412
44 8 0.029412
53 8 0.029412
75 8 0.029412
77 8 0.029412
85 8 0.029412
87 8 0.029412
93 8 0.029412
96 8 0.029412
107 8 0.029412
110 8 0.029412
111 8 0.029412
113 8 0.029412
116 8 0.029412
120 8 0.029412
122 8 0.029412
123 8 0.029412
124 8 0.029412
125 8 0.029412
133 8 0.029412
137 8 0.029412
152 8 0.029412
158 8 0.029412
164 8 0.029412
170 8 0.029412
174 8 0.029412
2 23 0.041667
11 23 0.041667
12 23 0.041667
16 23 0.041667
17 23 0.041667
48 23 0.041667
53 23 0.041667
64 23 0.041667
74 23 0.041667
77 23 0.041667
81 23 0.041667
87 23 0.041667
91 23 0.041667
103 23 0.041667
111 23 0.041667
113 23 0.041667
118 23 0.041667
124 23 0.041667
126 23 0.041667
132 23 0.041667
159 23 0.041667
163 23 0.041667
170 23 0.041667
172 23 0.041667
2 35 0.041667
14 35 0.041667
26 35 0.041667
36 35 0.041667
38 35 0.041667
39 35 0.041667
41 35 0.041667
55 35 0.041667
58 35 0.041667
59 35 0.041667
69 35 0.041667
84 35 0.041667
102 35 0.041667
124 35 0.041667
126 35 0.041667
131 35 0.041667
137 35 0.041667
141 35 0.041667
143 35 0.041667
147 35 0.041667
155 35 0.041667
171 35 0.041667
172 35 0.041667
173 35 0.041667
2 39 0.038462
13 39 0.038462
14 39 0.038462
20 39 0.038462
27 39 0.038462
34 39 0.038462
35 39 0.038462
36 39 0.038462
54 39 0.038462
60 39 0.038462
69 39 0.038462
78 39 0.038462
82 39 0.038462
99 39 0.038462
105 39 0.038462
119 39 0.038462
120 39 0.038462
125 39 0.038462
132 39 0.038462
138 39 0.038462
142 39 0.038462
148 39 0.038462
153 39 0.038462
161 39 0.038462
164 39 0.038462
172 39 0.038462
2 46 0.041667
4 46 0.041667
13 46 0.041667
15 46 0.041667
16 46 0.041667
24 46 0.041667
25 46 0.041667
41 46 0.041667
43 46 0.041667
69 46 0.041667
71 46 0.041667
72 46 0.041667
86 46 0.041667
96 46 0.041667
98 46 0.041667
103 46 0.041667
114 46 0.041667
124 46 0.041667
139 46 0.041667
142 46 0.041667
167 46 0.041667
170 46 0.041667
171 46 0.041667
175 46 0.041667
2 68 0.037037
9 68 0.037037
10 68 0.037037
26 68 0.037037
42 68 0.037037
51 68 0.037037
56 68 0.037037
59 68 0.037037
69 68 0.037037
71 68 0.037037
88 68 0.037037
89 68 0.037037
91 68 0.037037
93 68 0.037037
97 68 0.037037
103 68 0.037037
109 68 0.037037
111 68 0.037037
114 68 0.037037
115 68 0.037037
117 68 0.037037
118 68 0.037037
127 68 0.037037
131 68 0.037037
132 68 0.037037
154 68 0.037037
172 68 0.037037
2 77 0.041667
8 77 0.041667
18 77 0.041667
23 77 0.041667
24 77 0.041667
29 77 0.041667
31 77 0.041667
32 77 0.041667
36 77 0.041667
38 77 0.041667
45 77 0.041667
48 77 0.041667
59 77 0.041667
62 77 0.041667
74 77 0.041667
86 77 0.041667
102 77 0.041667
108 77 0.041667
114 77 0.041667
129 77 0.041667
131 77 0.041667
137 77 0.041667
142 77 0.041667
151 77 0.041667
2 81 0.052632
7 81 0.052632
16 81 0.052632
23 81 0.052632
44 81 0.052632
49 81 0.052632
56 81 0.052632
58 81 0.052632
75 81 0.052632
79 81 0.052632
94 81 0.052632
129 81 0.052632
132 81 0.052632
141 81 0.052632
145 81 0.052632
150 81 0.052632
161 81 0.052632
171 81 0.052632
173 81 0.052632
2 92 0.032258
5 92 0.032258
25 92 0.032258
30 92 0.032258
32 92 0.032258
36 92 0.032258
38 92 0.032258
40 92 0.032258
42 92 0.032258
48 92 0.032258
54 92 0.032258
66 92 0.032258
76 92 0.032258
89 92 0.032258
100 92 0.032258
104 92 0.032258
106 92 0.032258
107 92 0.032258
108 92 0.032258
114 92 0.032258
118 92 0.032258
120 92 0.032258
138 92 0.032258
142 92 0.032258
147 92 0.032258
156 92 0.032258
157 92 0.032258
158 92 0.032258
164 92 0.032258
166 92 0.032258
174 92 0.032258
2 107 0.029412
8 107 0.029412
13 107 0.029412
17 107 0.029412
18 107 0.029412
22 107 0.029412
29 107 0.029412
34 107 0.029412
43 107 0.029412
47 107 0.029412
50 107 0.029412
70 107 0.029412
71 107 0.029412
84 107 0.029412
90 107 0.029412
92 107 0.029412
103 107 0.029412
105 107 0.029412
106 107 0.029412
112 107 0.029412
114 107 0.029412
116 107 0.029412
124 107 0.029412
127 107 0.029412
131 107 0.029412
136 107 0.029412
142 107 0.029412
148 107 0.029412
150 107 0.029412
152 107 0.029412
155 107 0.029412
156 107 0.029412
162 107 0.029412
171 107 0.029412
2 136 0.030303
4 136 0.030303
5 136 0.030303
13 136 0.030303
22 136 0.030303
29 136 0.030303
34 136 0.030303
56 136 0.030303
62 136 0.030303
64 136 0.030303
69 136 0.030303
75 136 0.030303
84 136 0.030303
90 136 0.030303
101 136 0.030303
104 136 0.030303
107 136 0.030303
114 136 0.030303
118 136 0.030303
126 136 0.030303
128 136 0.030303
133 136 0.030303
134 136 0.030303
141 136 0.030303
143 136 0.030303
145 136 0.030303
149 136 0.030303
153 136 0.030303
158 136 0.030303
163 136 0.030303
165 136 0.030303
167 136 0.030303
169 136 0.030303
2 146 0.0625
9 146 0.0625
40 146 0.0625
41 146 0.0625
47 146 0.0625
48 146 0.0625
49 146 0.0625
78 146 0.0625
89 146 0.0625
94 146 0.0625
106 146 0.0625
139 146 0.0625
153 146 0.0625
160 146 0.0625
165 146 0.0625
167 146 0.0625
2 150 0.035714
6 150 0.035714
11 150 0.035714
13 150 0.035714
14 150 0.035714
17 150 0.035714
27 150 0.035714
49 150 0.035714
53 150 0.035714
71 150 0.035714
73 150 0.035714
81 150 0.035714
86 150 0.035714
93 150 0.035714
98 150 0.035714
105 150 0.035714
107 150 0.035714
111 150 0.035714
131 150 0.035714
140 150 0.035714
145 150 0.035714
153 150 0.035714
154 150 0.035714
159 150 0.035714
161 150 0.035714
166 150 0.035714
174 150 0.035714
175 150 0.035714
2 157 0.041667
7 157 0.041667
10 157 0.041667
21 157 0.041667
25 157 0.041667
26 157 0.041667
28 157 0.041667
36 157 0.041667
60 157 0.041667
62 157 0.041667
66 157 0.041667
71 157 0.041667
83 157 0.041667
92 157 0.041667
97 157 0.041667
108 157 0.041667
111 157 0.041667
118 157 0.041667
130 157 0.041667
135 157 0.041667
139 157 0.041667
142 157 0.041667
163 157 0.041667
164 157 0.041667
2 172 0.035714
11 172 0.035714
23 172 0.035714
24 172 0.035714
30 172 0.035714
32 172 0.035714
33 172 0.035714
35 172 0.035714
36 172 0.035714
39 172 0.035714
41 172 0.035714
43 172 0.035714
50 172 0.035714
62 172 0.035714
64 172 0.035714
66 172 0.035714
68 172 0.035714
88 172 0.035714
102 172 0.035714
105 172 0.035714
109 172 0.035714
126 172 0.035714
129 172 0.035714
149 172 0.035714
156 172 0.035714
159 172 0.035714
164 172 0.035714
173 172 0.035714
3 21 0.038462
8 21 0.038462
10 21 0.038462
17 21 0.038462
49 21 0.038462
51 21 0.038462
64 21 0.038462
67 21 0.038462
70 21 0.038462
71 21 0.038462
72 21 0.038462
74 21 0.038462
80 21 0.038462
93 21 0.038462
96 21 0.038462
103 21 0.038462
105 21 0.038462
116 21 0.038462
121 21 0.038462
126 21 0.038462
133 21 0.038462
143 21 0.038462
144 21 0.038462
156 21 0.038462
157 21 0.038462
166 21 0.038462
3 24 0.03125
5 24 0.03125
9 24 0.03125
10 24 0.03125
16 24 0.03125
25 24 0.03125
27 24 0.03125
30 24 0.03125
46 24 0.03125
55 24 0.03125
58 24 0.03125
61 24 0.03125
73 24 0.03125
77 24 0.03125
88 24 0.03125
91 24 0.03125
95 24 0.03125
102 24 0.03125
108 24 0.03125
110 24 0.03125
113 24 0.03125
118 24 0.03125
119 24 0.03125
124 24 0.03125
128 24 0.03125
134 24 0.03125
138 24 0.03125
143 24 0.03125
144 24 0.03125
148 24 0.03125
172 24 0.03125
176 24 0.03125
3 33 0.041667
10 33 0.041667
18 33 0.041667
32 33 0.041667
34 33 0.041667
41 33 0.041667
50 33 0.041667
58 33 0.041667
59 33 0.041667
74 33 0.041667
78 33 0.041667
88 33 0.041667
101 33 0.041667
117 33 0.041667
119 33 0.041667
124 33 0.041667
128 33 0.041667
147 33 0.041667
149 33 0.041667
160 33 0.041667
165 33 0.041667
167 33 0.041667
172 33 0.041667
175 33 0.041667
3 40 0.03125
6 40 0.03125
13 40 0.03125
18 40 0.03125
20 40 0.03125
26 40 0.03125
32 40 0.03125
34 40 0.03125
37 40 0.03125
58 40 0.03125
61 40 0.03125
74 40 0.03125
80 40 0.03125
82 40 0.03125
89 40 0.03125
92 40 0.03125
94 40 0.03125
106 40 0.03125
109 40 0.03125
115 40 0.03125
117 40 0.03125
129 40 0.03125
131 40 0.03125
133 40 0.03125
139 40 0.03125
144 40 0.03125
146 40 0.03125
153 40 0.03125
164 40 0.03125
167 40 0.03125
169 40 0.03125
170 40 0.03125
3 51 0.035714
10 51 0.035714
15 51 0.035714
21 51 0.035714
27 51 0.035714
28 51 0.035714
34 51 0.035714
36 51 0.035714
41 51 0.035714
50 51 0.035714
63 51 0.035714
68 51 0.035714
74 51 0.035714
85 51 0.035714
87 51 0.035714
88 51 0.035714
90 51 0.035714
94 51 0.035714
97 51 0.035714
100 51 0.035714
101 51 0.035714
104 51 0.035714
110 51 0.035714
113 51 0.035714
128 51 0.035714
151 51 0.035714
155 51 0.035714
162 51 0.035714
3 54 0.035714
4 54 0.035714
6 54 0.035714
12 54 0.035714
13 54 0.035714
15 54 0.035714
18 54 0.035714
19 54 0.035714
25 54 0.035714
29 54 0.035714
30 54 0.035714
39 54 0.035714
45 54 0.035714
58 54 0.035714
61 54 0.035714
72 54 0.035714
88 54 0.035714
90 54 0.035714
92 54 0.035714
103 54 0.035714
114 54 0.035714
138 54 0.035714
147 54 0.035714
153 54 0.035714
155 54 0.035714
160 54 0.035714
170 54 0.035714
171 54 0.035714
3 82 0.027027
9 82 0.027027
10 82 0.027027
11 82 0.027027
16 82 0.027027
19 82 0.027027
28 82 0.027027
32 82 0.027027
34 82 0.027027
39 82 0.027027
40 82 0.027027
43 82 0.027027
53 82 0.027027
56 82 0.027027
65 82 0.027027
67 82 0.027027
74 82 0.027027
90 82 0.027027
93 82 0.027027
95 82 0.027027
108 82 0.027027
110 82 0.027027
111 82 0.027027
114 82 0.027027
119 82 0.027027
120 82 0.027027
121 82 0.027027
138 82 0.027027
145 82 0.027027
151 82 0.027027
154 82 0.027027
155 82 0.027027
160 82 0.027027
163 82 0.027027
165 82 0.027027
170 82 0.027027
175 82 0.027027
3 90 0.03125
4 90 0.03125
15 90 0.03125
20 90 0.03125
30 90 0.03125
31 90 0.03125
42 90 0.03125
51 90 0.03125
54 90 0.03125
55 90 0.03125
78 90 0.03125
79 90 0.03125
82 90 0.03125
88 90 0.03125
96 90 0.03125
100 90 0.03125
105 90 0.03125
107 90 0.03125
114 90 0.03125
119 90 0.03125
120 90 0.03125
128 90 0.03125
136 90 0.03125
140 90 0.03125
142 90 0.03125
144 90 0.03125
153 90 0.03125
165 90 0.03125
166 90 0.03125
168 90 0.03125
175 90 0.03125
176 90 0.03125
3 103 0.05
4 103 0.05
12 103 0.05
13 103 0.05
14 103 0.05
21 103 0.05
23 103 0.05
32 103 0.05
46 103 0.05
54 103 0.05
55 103 0.05
56 103 0.05
61 103 0.05
68 103 0.05
104 103 0.05
107 103 0.05
108 103 0.05
122 103 0.05
149 103 0.05
174 103 0.05
3 147 0.043478
10 147 0.043478
29 147 0.043478
33 147 0.043478
35 147 0.043478
38 147 0.043478
42 147 0.043478
47 147 0.043478
49 147 0.043478
54 147 0.043478
63 147 0.043478
75 147 0.043478
92 147 0.043478
98 147 0.043478
104 147 0.043478
113 147 0.043478
119 147 0.043478
142 147 0.043478
152 147 0.043478
154 147 0.043478
166 147 0.043478
168 147 0.043478
171 147 0.043478
3 165 0.038462
15 165 0.038462
16 165 0.038462
22 165 0.038462
32 165 0.038462
33 165 0.038462
42 165 0.038462
47 165 0.038462
48 165 0.038462
69 165 0.038462
82 165 0.038462
89 165 0.038462
90 165 0.038462
104 165 0.038462
106 165 0.038462
112 165 0.038462
132 165 0.038462
136 165 0.038462
138 165 0.038462
146 165 0.038462
152 165 0.038462
161 165 0.038462
169 165 0.038462
171 165 0.038462
173 165 0.038462
175 165 0.038462
3 166 0.04
10 166 0.04
12 166 0.04
21 166 0.04
27 166 0.04
29 166 0.04
32 166 0.04
34 166 0.04
59 166 0.04
72 166 0.04
79 166 0.04
80 166 0.04
85 166 0.04
90 166 0.04
92 166 0.04
101 166 0.04
122 166 0.04
129 166 0.04
147 166 0.04
150 166 0.04
153 166 0.04
158 166 0.04
160 166 0.04
173 166 0.04
176 166 0.04
4 7 0.045455
18 7 0.045455
25 7 0.045455
30 7 0.045455
49 7 0.045455
53 7 0.045455
72 7 0.045455
80 7 0.045455
81 7 0.045455
86 7 0.045455
102 7 0.045455
117 7 0.045455
120 7 0.045455
131 7 0.045455
138 7 0.045455
151 7 0.045455
152 7 0.045455
157 7 0.045455
158 7 0.045455
161 7 0.045455
175 7 0.045455
176 7 0.045455
4 12 0.03125
9 12 0.03125
18 12 0.03125
22 12 0.03125
23 12 0.03125
34 12 0.03125
44 12 0.03125
45 12 0.03125
52 12 0.03125
54 12 0.03125
60 12 0.03125
70 12 0.03125
75 12 0.03125
80 12 0.03125
84 12 0.03125
85 12 0.03125
103 12 0.03125
108 12 0.03125
111 12 0.03125
115 12 0.03125
118 12 0.03125
121 12 0.03125
125 12 0.03125
128 12 0.03125
140 12 0.03125
141 12 0.03125
144 12 0.03125
153 12 0.03125
156 12 0.03125
163 12 0.03125
166 12 0.03125
173 12 0.03125
4 17 0.038462
6 17 0.038462
21 17 0.038462
23 17 0.038462
30 17 0.038462
34 17 0.038462
50 17 0.038462
71 17 0.038462
89 17 0.038462
94 17 0.038462
97 17 0.038462
105 17 0.038462
107 17 0.038462
108 17 0.038462
109 17 0.038462
117 17 0.038462
118 17 0.038462
127 17 0.038462
130 17 0.038462
140 17 0.038462
150 17 0.038462
156 17 0.038462
158 17 0.038462
159 17 0.038462
160 17 0.038462
173 17 0.038462
4 19 0.034483
16 19 0.034483
22 19 0.034483
27 19 0.034483
31 19 0.034483
53 19 0.034483
54 19 0.034483
55 19 0.034483
64 19 0.034483
66 19 0.034483
71 19 0.034483
79 19 0.034483
82 19 0.034483
85 19 0.034483
86 19 0.034483
93 19 0.034483
94 19 0.034483
104 19 0.034483
119 19 0.034483
127 19 0.034483
128 19 0.034483
131 19 0.034483
135 19 0.034483
144 19 0.034483
148 19 0.034483
159 19 0.034483
161 19 0.034483
164 19 0.034483
168 19 0.034483
4 41 0.032258
5 41 0.032258
13 41 0.032258
14 41 0.032258
15 41 0.032258
16 41 0.032258
18 41 0.032258
32 41 0.032258
33 41 0.032258
35 41 0.032258
43 41 0.032258
46 41 0.032258
51 41 0.032258
56 41 0.032258
60 41 0.032258
66 41 0.032258
87 41 0.032258
108 41 0.032258
126 41 0.032258
127 41 0.032258
128 41 0.032258
129 41 0.032258
132 41 0.032258
133 41 0.032258
146 41 0.032258
160 41 0.032258
163 41 0.032258
164 41 0.032258
167 41 0.032258
168 41 0.032258
172 41 0.032258
4 61 0.03125
11 61 0.03125
22 61 0.03125
24 61 0.03125
28 61 0.03125
37 61 0.03125
40 61 0.03125
43 61 0.03125
54 61 0.03125
58 61 0.03125
63 61 0.03125
65 61 0.03125
66 61 0.03125
75 61 0.03125
76 61 0.03125
84 61 0.03125
93 61 0.03125
103 61 0.03125
108 61 0.03125
113 61 0.03125
116 61 0.03125
118 61 0.03125
124 61 0.03125
125 61 0.03125
128 61 0.03125
132 61 0.03125
133 61 0.03125
141 61 0.03125
145 61 0.03125
149 61 0.03125
156 61 0.03125
164 61 0.03125
4 62 0.032258
11 62 0.032258
20 62 0.032258
22 62 0.032258
27 62 0.032258
30 62 0.032258
31 62 0.032258
32 62 0.032258
43 62 0.032258
60 62 0.032258
64 62 0.032258
77 62 0.032258
79 62 0.032258
85 62 0.032258
87 62 0.032258
89 62 0.032258
100 62 0.032258
105 62 0.032258
108 62 0.032258
111 62 0.032258
113 62 0.032258
116 62 0.032258
123 62 0.032258
136 62 0.032258
139 62 0.032258
149 62 0.032258
157 62 0.032258
171 62 0.032258
172 62 0.032258
174 62 0.032258
176 62 0.032258
4 69 0.033333
5 69 0.033333
13 69 0.033333
14 69 0.033333
34 69 0.033333
35 69 0.033333
36 69 0.033333
38 69 0.033333
39 69 0.033333
45 69 0.033333
46 69 0.033333
47 69 0.033333
68 69 0.033333
74 69 0.033333
76 69 0.033333
79 69 0.033333
84 69 0.033333
85 69 0.033333
99 69 0.033333
102 69 0.033333
119 69 0.033333
126 69 0.033333
130 69 0.033333
136 69 0.033333
140 69 0.033333
144 69 0.033333
158 69 0.033333
160 69 0.033333
165 69 0.033333
173 69 0.033333
4 83 0.058824
31 83 0.058824
36 83 0.058824
38 83 0.058824
52 83 0.058824
57 83 0.058824
70 83 0.058824
89 83 0.058824
105 83 0.058824
106 83 0.058824
131 83 0.058824
135 83 0.058824
155 83 0.058824
157 83 0.058824
159 83 0.058824
168 83 0.058824
175 83 0.058824
4 86 0.025641
7 86 0.025641
14 86 0.025641
19 86 0.025641
31 86 0.025641
46 86 0.025641
50 86 0.025641
55 86 0.025641
57 86 0.025641
59 86 0.025641
63 86 0.025641
65 86 0.025641
75 86 0.025641
77 86 0.025641
80 86 0.025641
98 86 0.025641
100 86 0.025641
105 86 0.025641
109 86 0.025641
110 86 0.025641
112 86 0.025641
123 86 0.025641
124 86 0.025641
132 86 0.025641
134 86 0.025641
138 86 0.025641
141 86 0.025641
142 86 0.025641
145 86 0.025641
148 86 0.025641
150 86 0.025641
154 86 0.025641
155 86 0.025641
156 86 0.025641
158 86 0.025641
164 86 0.025641
167 86 0.025641
168 86 0.025641
175 86 0.025641
4 97 0.034483
17 97 0.034483
36 97 0.034483
45 97 0.034483
51 97 0.034483
52 97 0.034483
59 97 0.034483
65 97 0.034483
68 97 0.034483
72 97 0.034483
80 97 0.034483
87 97 0.034483
89 97 0.034483
99 97 0.034483
115 97 0.034483
117 97 0.034483
120 97 0.034483
124 97 0.034483
125 97 0.034483
126 97 0.034483
132 97 0.034483
137 97 0.034483
140 97 0.034483
145 97 0.034483
153 97 0.034483
154 97 0.034483
157 97 0.034483
160 97 0.034483
170 97 0.034483
4 128 0.029412
5 128 0.029412
10 128 0.029412
12 128 0.029412
14 128 0.029412
15 128 0.029412
18 128 0.029412
19 128 0.029412
24 128 0.029412
26 128 0.029412
29 128 0.029412
33 128 0.029412
37 128 0.029412
41 128 0.029412
43 128 0.029412
48 128 0.029412
50 128 0.029412
51 128 0.029412
61 128 0.029412
63 128 0.029412
64 128 0.029412
89 128 0.029412
90 128 0.029412
94 128 0.029412
120 128 0.029412
133 128 0.029412
136 128 0.029412
138 128 0.029412
140 128 0.029412
148 128 0.029412
159 128 0.029412
161 128 0.029412
171 128 0.029412
175 128 0.029412
4 131 0.035714
7 131 0.035714
19 131 0.035714
35 131 0.035714
40 131 0.035714
42 131 0.035714
43 131 0.035714
47 131 0.035714
68 131 0.035714
73 131 0.035714
77 131 0.035714
83 131 0.035714
87 131 0.035714
95 131 0.035714
99 131 0.035714
104 131 0.035714
107 131 0.035714
109 131 0.035714
112 131 0.035714
124 131 0.035714
125 131 0.035714
134 131 0.035714
137 131 0.035714
141 131 0.035714
148 131 0.035714
150 131 0.035714
155 131 0.035714
170 131 0.035714
4 133 0.030303
8 133 0.030303
10 133 0.030303
21 133 0.030303
34 133 0.030303
40 133 0.030303
41 133 0.030303
44 133 0.030303
52 133 0.030303
53 133 0.030303
61 133 0.030303
66 133 0.030303
67 133 0.030303
70 133 0.030303
79 133 0.030303
85 133 0.030303
96 133 0.030303
110 133 0.030303
115 133 0.030303
119 133 0.030303
123 133 0.030303
124 133 0.030303
125 133 0.030303
126 133 0.030303
128 133 0.030303
130 133 0.030303
136 133 0.030303
139 133 0.030303
141 133 0.030303
142 133 0.030303
145 133 0.030303
169 133 0.030303
173 133 0.030303
4 135 0.041667
9 135 0.041667
19 135 0.041667
22 135 0.041667
26 135 0.041667
31 135 0.041667
47 135 0.041667
56 135 0.041667
66 135 0.041667
83 135 0.041667
85 135 0.041667
100 135 0.041667
102 135 0.041667
108 135 0.041667
110 135 0.041667
111 135 0.041667
112 135 0.041667
113 135 0.041667
117 135 0.041667
138 135 0.041667
139 135 0.041667
148 135 0.041667
157 135 0.041667
170 135 0.041667
4 138 0.04
7 138 0.04
9 138 0.04
24 138 0.04
31 138 0.04
39 138 0.04
48 138 0.04
54 138 0.04
74 138 0.04
78 138 0.04
79 138 0.04
82 138 0.04
86 138 0.04
89 138 0.04
91 138 0.04
92 138 0.04
99 138 0.04
104 138 0.04
109 138 0.04
121 138 0.04
128 138 0.04
135 138 0.04
153 138 0.04
163 138 0.04
165 138 0.04
4 142 0.030303
6 142 0.030303
9 142 0.030303
15 142 0.030303
22 142 0.030303
27 142 0.030303
39 142 0.030303
44 142 0.030303
46 142 0.030303
50 142 0.030303
55 142 0.030303
66 142 0.030303
77 142 0.030303
85 142 0.030303
86 142 0.030303
90 142 0.030303
91 142 0.030303
92 142 0.030303
106 142 0.030303
107 142 0.030303
111 142 0.030303
129 142 0.030303
130 142 0.030303
133 142 0.030303
137 142 0.030303
144 142 0.030303
147 142 0.030303
154 142 0.030303
155 142 0.030303
157 142 0.030303
158 142 0.030303
159 142 0.030303
161 142 0.030303
4 149 0.033333
6 149 0.033333
33 149 0.033333
34 149 0.033333
43 149 0.033333
52 149 0.033333
55 149 0.033333
58 149 0.033333
61 149 0.033333
62 149 0.033333
67 149 0.033333
76 149 0.033333
78 149 0.033333
79 149 0.033333
85 149 0.033333
87 149 0.033333
103 149 0.033333
108 149 0.033333
110 149 0.033333
115 149 0.033333
119 149 0.033333
132 149 0.033333
136 149 0.033333
137 149 0.033333
139 149 0.033333
143 149 0.033333
152 149 0.033333
172 149 0.033333
174 149 0.033333
175 149 0.033333
4 162 0.058824
10 162 0.058824
16 162 0.058824
51 162 0.058824
70 162 0.058824
88 162 0.058824
96 162 0.058824
98 162 0.058824
107 162 0.058824
113 162 0.058824
117 162 0.058824
120 162 0.058824
121 162 0.058824
137 162 0.058824
144 162 0.058824
159 162 0.058824
175 162 0.058824
4 168 0.04
9 168 0.04
13 168 0.04
19 168 0.04
41 168 0.04
42 168 0.04
55 168 0.04
60 168 0.04
66 168 0.04
67 168 0.04
73 168 0.04
79 168 0.04
83 168 0.04
86 168 0.04
88 168 0.04
90 168 0.04
99 168 0.04
105 168 0.04
112 168 0.04
119 168 0.04
121 168 0.04
122 168 0.04
130 168 0.04
147 168 0.04
160 168 0.04
4 169 0.04
6 169 0.04
30 169 0.04
40 169 0.04
42 169 0.04
52 169 0.04
56 169 0.04
66 169 0.04
72 169 0.04
80 169 0.04
85 169 0.04
87 169 0.04
96 169 0.04
101 169 0.04
104 169 0.04
106 169 0.04
114 169 0.04
122 169 0.04
127 169 0.04
133 169 0.04
136 169 0.04
139 169 0.04
141 169 0.04
164 169 0.04
165 169 0.04
5 9 0.035714
12 9 0.035714
15 9 0.035714
24 9 0.035714
27 9 0.035714
34 9 0.035714
43 9 0.035714
67 9 0.035714
68 9 0.035714
70 9 0.035714
74 9 0.035714
82 9 0.035714
85 9 0.035714
94 9 0.035714
105 9 0.035714
108 9 0.035714
129 9 0.035714
135 9 0.035714
138 9 0.035714
140 9 0.035714
142 9 0.035714
144 9 0.035714
146 9 0.035714
159 9 0.035714
160 9 0.035714
168 9 0.035714
170 9 0.035714
171 9 0.035714
5 32 0.027027
11 32 0.027027
13 32 0.027027
16 32 0.027027
20 32 0.027027
22 32 0.027027
25 32 0.027027
26 32 0.027027
33 32 0.027027
40 32 0.027027
41 32 0.027027
53 32 0.027027
57 32 0.027027
62 32 0.027027
77 32 0.027027
82 32 0.027027
88 32 0.027027
89 32 0.027027
92 32 0.027027
96 32 0.027027
98 32 0.027027
103 32 0.027027
106 32 0.027027
110 32 0.027027
111 32 0.027027
112 32 0.027027
117 32 0.027027
118 32 0.027027
125 32 0.027027
137 32 0.027027
151 32 0.027027
156 32 0.027027
165 32 0.027027
166 32 0.027027
170 32 0.027027
171 32 0.027027
172 32 0.027027
5 42 0.043478
8 42 0.043478
11 42 0.043478
48 42 0.043478
53 42 0.043478
59 42 0.043478
66 42 0.043478
67 42 0.043478
68 42 0.043478
90 42 0.043478
92 42 0.043478
101 42 0.043478
113 42 0.043478
117 42 0.043478
131 42 0.043478
132 42 0.043478
137 42 0.043478
145 42 0.043478
147 42 0.043478
152 42 0.043478
165 42 0.043478
168 42 0.043478
169 42 0.043478
5 53 0.037037
7 53 0.037037
8 53 0.037037
13 53 0.037037
19 53 0.037037
23 53 0.037037
31 53 0.037037
32 53 0.037037
34 53 0.037037
42 53 0.037037
43 53 0.037037
64 53 0.037037
72 53 0.037037
76 53 0.037037
82 53 0.037037
116 53 0.037037
118 53 0.037037
122 53 0.037037
124 53 0.037037
126 53 0.037037
133 53 0.037037
150 53 0.037037
151 53 0.037037
153 53 0.037037
154 53 0.037037
171 53 0.037037
173 53 0.037037
5 71 0.037037
14 71 0.037037
17 71 0.037037
19 71 0.037037
21 71 0.037037
46 71 0.037037
47 71 0.037037
60 71 0.037037
66 71 0.037037
68 71 0.037037
73 71 0.037037
74 71 0.037037
75 71 0.037037
89 71 0.037037
99 71 0.037037
104 71 0.037037
107 71 0.037037
113 71 0.037037
114 71 0.037037
117 71 0.037037
126 71 0.037037
132 71 0.037037
139 71 0.037037
150 71 0.037037
157 71 0.037037
158 71 0.037037
159 71 0.037037
5 98 0.045455
15 98 0.045455
29 98 0.045455
30 98 0.045455
32 98 0.045455
46 98 0.045455
57 98 0.045455
65 98 0.045455
70 98 0.045455
86 98 0.045455
110 98 0.045455
127 98 0.045455
130 98 0.045455
132 98 0.045455
140 98 0.045455
147 98 0.045455
150 98 0.045455
152 98 0.045455
155 98 0.045455
162 98 0.045455
163 98 0.045455
164 98 0.045455
5 143 0.043478
10 143 0.043478
20 143 0.043478
21 143 0.043478
24 143 0.043478
29 143 0.043478
35 143 0.043478
47 143 0.043478
56 143 0.043478
91 143 0.043478
99 143 0.043478
101 143 0.043478
123 143 0.043478
126 143 0.043478
132 143 0.043478
136 143 0.043478
140 143 0.043478
148 143 0.043478
149 143 0.043478
159 143 0.043478
161 143 0.043478
163 143 0.043478
171 143 0.043478
5 152 0.043478
7 152 0.043478
8 152 0.043478
14 152 0.043478
18 152 0.043478
27 152 0.043478
28 152 0.043478
42 152 0.043478
64 152 0.043478
79 152 0.043478
91 152 0.043478
98 152 0.043478
107 152 0.043478
108 152 0.043478
115 152 0.043478
120 152 0.043478
121 152 0.043478
132 152 0.043478
139 152 0.043478
147 152 0.043478
149 152 0.043478
165 152 0.043478
176 152 0.043478
5 156 0.030303
12 156 0.030303
17 156 0.030303
20 156 0.030303
21 156 0.030303
32 156 0.030303
36 156 0.030303
44 156 0.030303
50 156 0.030303
59 156 0.030303
60 156 0.030303
61 156 0.030303
74 156 0.030303
75 156 0.030303
86 156 0.030303
92 156 0.030303
99 156 0.030303
100 156 0.030303
105 156 0.030303
106 156 0.030303
107 156 0.030303
110 156 0.030303
117 156 0.030303
129 156 0.030303
130 156 0.030303
132 156 0.030303
140 156 0.030303
145 156 0.030303
148 156 0.030303
153 156 0.030303
161 156 0.030303
163 156 0.030303
172 156 0.030303
5 171 0.035714
9 171 0.035714
29 171 0.035714
30 171 0.035714
32 171 0.035714
35 171 0.035714
46 171 0.035714
48 171 0.035714
49 171 0.035714
53 171 0.035714
54 171 0.035714
62 171 0.035714
63 171 0.035714
81 171 0.035714
93 171 0.035714
95 171 0.035714
107 171 0.035714
113 171 0.035714
114 171 0.035714
117 171 0.035714
124 171 0.035714
128 171 0.035714
140 171 0.035714
143 171 0.035714
147 171 0.035714
165 171 0.035714
170 171 0.035714
175 171 0.035714
5 176 0.043478
6 176 0.043478
7 176 0.043478
20 176 0.043478
24 176 0.043478
27 176 0.043478
29 176 0.043478
37 176 0.043478
38 176 0.043478
43 176 0.043478
45 176 0.043478
52 176 0.043478
62 176 0.043478
65 176 0.043478
73 176 0.043478
89 176 0.043478
90 176 0.043478
101 176 0.043478
123 176 0.043478
134 176 0.043478
152 176 0.043478
166 176 0.043478
170 176 0.043478
6 30 0.034483
7 30 0.034483
17 30 0.034483
24 30 0.034483
29 30 0.034483
36 30 0.034483
54 30 0.034483
62 30 0.034483
64 30 0.034483
84 30 0.034483
88 30 0.034483
90 30 0.034483
92 30 0.034483
96 30 0.034483
98 30 0.034483
101 30 0.034483
106 30 0.034483
110 30 0.034483
111 30 0.034483
115 30 0.034483
120 30 0.034483
127 30 0.034483
139 30 0.034483
160 30 0.034483
167 30 0.034483
169 30 0.034483
171 30 0.034483
172 30 0.034483
173 30 0.034483
6 78 0.038462
11 78 0.038462
18 78 0.038462
33 78 0.038462
39 78 0.038462
47 78 0.038462
50 78 0.038462
59 78 0.038462
63 78 0.038462
75 78 0.038462
84 78 0.038462
88 78 0.038462
90 78 0.038462
95 78 0.038462
113 78 0.038462
114 78 0.038462
115 78 0.038462
118 78 0.038462
125 78 0.038462
127 78 0.038462
137 78 0.038462
138 78 0.038462
141 78 0.038462
146 78 0.038462
149 78 0.038462
161 78 0.038462
6 91 0.041667
15 91 0.041667
16 91 0.041667
23 91 0.041667
24 91 0.041667
25 91 0.041667
57 91 0.041667
58 91 0.041667
66 91 0.041667
68 91 0.041667
72 91 0.041667
74 91 0.041667
75 91 0.041667
76 91 0.041667
89 91 0.041667
108 91 0.041667
117 91 0.041667
119 91 0.041667
130 91 0.041667
138 91 0.041667
142 91 0.041667
143 91 0.041667
152 91 0.041667
170 91 0.041667
6 93 0.037037
8 93 0.037037
13 93 0.037037
14 93 0.037037
19 93 0.037037
21 93 0.037037
61 93 0.037037
65 93 0.037037
66 93 0.037037
67 93 0.037037
68 93 0.037037
72 93 0.037037
82 93 0.037037
94 93 0.037037
96 93 0.037037
101 93 0.037037
102 93 0.037037
114 93 0.037037
117 93 0.037037
137 93 0.037037
148 93 0.037037
150 93 0.037037
153 93 0.037037
159 93 0.037037
163 93 0.037037
171 93 0.037037
174 93 0.037037
6 102 0.04
7 102 0.04
16 102 0.04
24 102 0.04
35 102 0.04
36 102 0.04
37 102 0.04
38 102 0.04
45 102 0.04
69 102 0.04
70 102 0.04
74 102 0.04
77 102 0.04
88 102 0.04
93 102 0.04
108 102 0.04
112 102 0.04
119 102 0.04
126 102 0.04
135 102 0.04
140 102 0.04
154 102 0.04
163 102 0.04
170 102 0.04
172 102 0.04
6 110 0.033333
8 110 0.033333
14 110 0.033333
15 110 0.033333
24 110 0.033333
26 110 0.033333
29 110 0.033333
30 110 0.033333
32 110 0.033333
36 110 0.033333
44 110 0.033333
49 110 0.033333
51 110 0.033333
64 110 0.033333
72 110 0.033333
82 110 0.033333
86 110 0.033333
96 110 0.033333
98 110 0.033333
106 110 0.033333
125 110 0.033333
132 110 0.033333
133 110 0.033333
134 110 0.033333
135 110 0.033333
149 110 0.033333
151 110 0.033333
156 110 0.033333
174 110 0.033333
175 110 0.033333
6 116 0.045455
8 116 0.045455
21 116 0.045455
48 116 0.045455
49 116 0.045455
53 116 0.045455
55 116 0.045455
56 116 0.045455
61 116 0.045455
62 116 0.045455
65 116 0.045455
66 116 0.045455
75 116 0.045455
104 116 0.045455
107 116 0.045455
114 116 0.045455
121 116 0.045455
130 116 0.045455
137 116 0.045455
160 116 0.045455
161 116 0.045455
164 116 0.045455
6 139 0.033333
10 139 0.033333
14 139 0.033333
30 139 0.033333
40 139 0.033333
46 139 0.033333
55 139 0.033333
59 139 0.033333
62 139 0.033333
63 139 0.033333
66 139 0.033333
71 139 0.033333
96 139 0.033333
99 139 0.033333
112 139 0.033333
113 139 0.033333
114 139 0.033333
119 139 0.033333
121 139 0.033333
122 139 0.033333
133 139 0.033333
135 139 0.033333
140 139 0.033333
145 139 0.033333
146 139 0.033333
149 139 0.033333
152 139 0.033333
157 139 0.033333
160 139 0.033333
169 139 0.033333
7 72 0.037037
13 72 0.037037
14 72 0.037037
15 72 0.037037
21 72 0.037037
22 72 0.037037
38 72 0.037037
46 72 0.037037
52 72 0.037037
53 72 0.037037
54 72 0.037037
57 72 0.037037
75 72 0.037037
79 72 0.037037
84 72 0.037037
91 72 0.037037
93 72 0.037037
97 72 0.037037
105 72 0.037037
110 72 0.037037
125 72 0.037037
129 72 0.037037
164 72 0.037037
166 72 0.037037
169 72 0.037037
170 72 0.037037
175 72 0.037037
7 80 0.05
12 80 0.05
21 80 0.05
37 80 0.05
38 80 0.05
40 80 0.05
47 80 0.05
59 80 0.05
76 80 0.05
84 80 0.05
86 80 0.05
97 80 0.05
99 80 0.05
108 80 0.05
109 80 0.05
112 80 0.05
120 80 0.05
166 80 0.05
169 80 0.05
173 80 0.05
7 120 0.038462
8 120 0.038462
20 120 0.038462
22 120 0.038462
25 120 0.038462
27 120 0.038462
30 120 0.038462
39 120 0.038462
55 120 0.038462
80 120 0.038462
82 120 0.038462
85 120 0.038462
90 120 0.038462
92 120 0.038462
97 120 0.038462
104 120 0.038462
117 120 0.038462
123 120 0.038462
124 120 0.038462
125 120 0.038462
127 120 0.038462
128 120 0.038462
151 120 0.038462
152 120 0.038462
153 120 0.038462
162 120 0.038462
7 151 0.041667
15 151 0.041667
20 151 0.041667
32 151 0.041667
43 151 0.041667
50 151 0.041667
51 151 0.041667
52 151 0.041667
53 151 0.041667
58 151 0.041667
73 151 0.041667
74 151 0.041667
75 151 0.041667
77 151 0.041667
79 151 0.041667
82 151 0.041667
95 151 0.041667
100 151 0.041667
109 151 0.041667
110 151 0.041667
120 151 0.041667
121 151 0.041667
137 151 0.041667
167 151 0.041667
7 158 0.037037
8 158 0.037037
17 158 0.037037
20 158 0.037037
25 158 0.037037
37 158 0.037037
44 158 0.037037
49 158 0.037037
52 158 0.037037
60 158 0.037037
69 158 0.037037
70 158 0.037037
71 158 0.037037
74 158 0.037037
84 158 0.037037
86 158 0.037037
88 158 0.037037
92 158 0.037037
101 158 0.037037
108 158 0.037037
119 158 0.037037
130 158 0.037037
136 158 0.037037
140 158 0.037037
142 158 0.037037
160 158 0.037037
166 158 0.037037
8 11 0.043478
23 11 0.043478
29 11 0.043478
31 11 0.043478
32 11 0.043478
42 11 0.043478
44 11 0.043478
56 11 0.043478
61 11 0.043478
62 11 0.043478
66 11 0.043478
70 11 0.043478
74 11 0.043478
78 11 0.043478
82 11 0.043478
113 11 0.043478
145 11 0.043478
150 11 0.043478
155 11 0.043478
159 11 0.043478
164 11 0.043478
172 11 0.043478
174 11 0.043478
8 27 0.04
9 27 0.04
15 27 0.04
19 27 0.04
22 27 0.04
24 27 0.04
34 27 0.04
36 27 0.04
39 27 0.04
51 27 0.04
62 27 0.04
70 27 0.04
84 27 0.04
100 27 0.04
114 27 0.04
120 27 0.04
126 27 0.04
129 27 0.04
134 27 0.04
142 27 0.04
150 27 0.04
152 27 0.04
166 27 0.04
173 27 0.04
176 27 0.04
8 43 0.04
9 43 0.04
13 43 0.04
38 43 0.04
41 43 0.04
45 43 0.04
46 43 0.04
53 43 0.04
55 43 0.04
61 43 0.04
62 43 0.04
82 43 0.04
94 43 0.04
100 43 0.04
107 43 0.04
108 43 0.04
128 43 0.04
131 43 0.04
137 43 0.04
144 43 0.04
149 43 0.04
151 43 0.04
163 43 0.04
172 43 0.04
176 43 0.04
8 44 0.05
11 44 0.05
12 44 0.05
20 44 0.05
28 44 0.05
45 44 0.05
47 44 0.05
74 44 0.05
81 44 0.05
95 44 0.05
110 44 0.05
115 44 0.05
122 44 0.05
129 44 0.05
133 44 0.05
142 44 0.05
156 44 0.05
158 44 0.05
161 44 0.05
174 44 0.05
8 85 0.035714
9 85 0.035714
12 85 0.035714
19 85 0.035714
20 85 0.035714
25 85 0.035714
28 85 0.035714
31 85 0.035714
51 85 0.035714
52 85 0.035714
62 85 0.035714
63 85 0.035714
69 85 0.035714
79 85 0.035714
89 85 0.035714
99 85 0.035714
114 85 0.035714
118 85 0.035714
120 85 0.035714
133 85 0.035714
135 85 0.035714
142 85 0.035714
149 85 0.035714
160 85 0.035714
163 85 0.035714
166 85 0.035714
169 85 0.035714
170 85 0.035714
8 113 0.045455
11 113 0.045455
14 113 0.045455
23 113 0.045455
24 113 0.045455
26 113 0.045455
42 113 0.045455
45 113 0.045455
51 113 0.045455
57 113 0.045455
61 113 0.045455
62 113 0.045455
71 113 0.045455
78 113 0.045455
108 113 0.045455
121 113 0.045455
135 113 0.045455
139 113 0.045455
147 113 0.045455
162 113 0.045455
164 113 0.045455
171 113 0.045455
8 123 0.043478
16 123 0.043478
20 123 0.043478
22 123 0.043478
26 123 0.043478
34 123 0.043478
58 123 0.043478
62 123 0.043478
63 123 0.043478
66 123 0.043478
73 123 0.043478
79 123 0.043478
86 123 0.043478
94 123 0.043478
96 123 0.043478
120 123 0.043478
121 123 0.043478
122 123 0.043478
126 123 0.043478
133 123 0.043478
143 123 0.043478
159 123 0.043478
176 123 0.043478
8 124 0.033333
23 124 0.033333
24 124 0.033333
33 124 0.033333
35 124 0.033333
36 124 0.033333
45 124 0.033333
46 124 0.033333
53 124 0.033333
61 124 0.033333
63 124 0.033333
64 124 0.033333
66 124 0.033333
73 124 0.033333
75 124 0.033333
79 124 0.033333
86 124 0.033333
94 124 0.033333
97 124 0.033333
107 124 0.033333
109 124 0.033333
112 124 0.033333
120 124 0.033333
126 124 0.033333
131 124 0.033333
133 124 0.033333
145 124 0.033333
161 124 0.033333
164 124 0.033333
171 124 0.033333
8 125 0.05
12 125 0.05
32 125 0.05
39 125 0.05
48 125 0.05
61 125 0.05
63 125 0.05
72 125 0.05
78 125 0.05
84 125 0.05
97 125 0.05
110 125 0.05
120 125 0.05
121 125 0.05
122 125 0.05
129 125 0.05
131 125 0.05
132 125 0.05
133 125 0.05
175 125 0.05
8 137 0.047619
16 137 0.047619
32 137 0.047619
35 137 0.047619
42 137 0.047619
43 137 0.047619
48 137 0.047619
77 137 0.047619
78 137 0.047619
89 137 0.047619
93 137 0.047619
96 137 0.047619
97 137 0.047619
116 137 0.047619
121 137 0.047619
131 137 0.047619
142 137 0.047619
149 137 0.047619
151 137 0.047619
162 137 0.047619
164 137 0.047619
8 164 0.032258
11 164 0.032258
14 164 0.032258
19 164 0.032258
36 164 0.032258
39 164 0.032258
40 164 0.032258
41 164 0.032258
47 164 0.032258
50 164 0.032258
59 164 0.032258
61 164 0.032258
64 164 0.032258
72 164 0.032258
73 164 0.032258
86 164 0.032258
92 164 0.032258
98 164 0.032258
105 164 0.032258
108 164 0.032258
113 164 0.032258
114 164 0.032258
116 164 0.032258
124 164 0.032258
127 164 0.032258
137 164 0.032258
141 164 0.032258
157 164 0.032258
167 164 0.032258
169 164 0.032258
172 164 0.032258
8 170 0.038462
9 170 0.038462
16 170 0.038462
23 170 0.038462
29 170 0.038462
32 170 0.038462
40 170 0.038462
46 170 0.038462
52 170 0.038462
54 170 0.038462
72 170 0.038462
82 170 0.038462
85 170 0.038462
91 170 0.038462
94 170 0.038462
97 170 0.038462
102 170 0.038462
118 170 0.038462
121 170 0.038462
131 170 0.038462
135 170 0.038462
141 170 0.038462
144 170 0.038462
153 170 0.038462
171 170 0.038462
176 170 0.038462
9 15 0.034483
27 15 0.034483
34 15 0.034483
38 15 0.034483
41 15 0.034483
46 15 0.034483
47 15 0.034483
49 15 0.034483
51 15 0.034483
54 15 0.034483
60 15 0.034483
65 15 0.034483
67 15 0.034483
72 15 0.034483
75 15 0.034483
79 15 0.034483
90 15 0.034483
91 15 0.034483
98 15 0.034483
105 15 0.034483
110 15 0.034483
128 15 0.034483
132 15 0.034483
141 15 0.034483
142 15 0.034483
151 15 0.034483
153 15 0.034483
154 15 0.034483
165 15 0.034483
9 34 0.033333
12 34 0.033333
15 34 0.033333
17 34 0.033333
22 34 0.033333
27 34 0.033333
29 34 0.033333
33 34 0.033333
38 34 0.033333
39 34 0.033333
40 34 0.033333
47 34 0.033333
51 34 0.033333
53 34 0.033333
69 34 0.033333
70 34 0.033333
82 34 0.033333
105 34 0.033333
107 34 0.033333
109 34 0.033333
121 34 0.033333
123 34 0.033333
133 34 0.033333
136 34 0.033333
149 34 0.033333
153 34 0.033333
161 34 0.033333
166 34 0.033333
173 34 0.033333
175 34 0.033333
9 94 0.03125
17 94 0.03125
19 94 0.03125
20 94 0.03125
26 94 0.03125
40 94 0.03125
43 94 0.03125
45 94 0.03125
47 94 0.03125
50 94 0.03125
51 94 0.03125
55 94 0.03125
59 94 0.03125
63 94 0.03125
67 94 0.03125
79 94 0.03125
81 94 0.03125
93 94 0.03125
117 94 0.03125
121 94 0.03125
122 94 0.03125
123 94 0.03125
124 94 0.03125
128 94 0.03125
129 94 0.03125
132 94 0.03125
134 94 0.03125
146 94 0.03125
148 94 0.03125
159 94 0.03125
160 94 0.03125
170 94 0.03125
9 105 0.035714
14 105 0.035714
15 105 0.035714
16 105 0.035714
17 105 0.035714
21 105 0.035714
25 105 0.035714
31 105 0.035714
34 105 0.035714
39 105 0.035714
60 105 0.035714
62 105 0.035714
64 105 0.035714
72 105 0.035714
73 105 0.035714
74 105 0.035714
83 105 0.035714
86 105 0.035714
90 105 0.035714
107 105 0.035714
112 105 0.035714
121 105 0.035714
134 105 0.035714
150 105 0.035714
156 105 0.035714
164 105 0.035714
168 105 0.035714
172 105 0.035714
9 108 0.029412
12 108 0.029412
14 108 0.029412
16 108 0.029412
17 108 0.029412
24 108 0.029412
25 108 0.029412
41 108 0.029412
43 108 0.029412
61 108 0.029412
62 108 0.029412
67 108 0.029412
74 108 0.029412
75 108 0.029412
77 108 0.029412
80 108 0.029412
82 108 0.029412
91 108 0.029412
92 108 0.029412
95 108 0.029412
102 108 0.029412
103 108 0.029412
113 108 0.029412
126 108 0.029412
135 108 0.029412
140 108 0.029412
148 108 0.029412
149 108 0.029412
152 108 0.029412
157 108 0.029412
158 108 0.029412
159 108 0.029412
164 108 0.029412
175 108 0.029412
9 140 0.04
12 140 0.04
16 140 0.04
17 140 0.04
20 140 0.04
47 140 0.04
55 140 0.04
67 140 0.04
69 140 0.04
90 140 0.04
97 140 0.04
98 140 0.04
102 140 0.04
108 140 0.04
109 140 0.04
118 140 0.04
122 140 0.04
128 140 0.04
129 140 0.04
139 140 0.04
143 140 0.04
150 140 0.04
156 140 0.04
158 140 0.04
171 140 0.04
9 144 0.038462
12 144 0.038462
19 144 0.038462
21 144 0.038462
24 144 0.038462
25 144 0.038462
40 144 0.038462
43 144 0.038462
58 144 0.038462
59 144 0.038462
64 144 0.038462
69 144 0.038462
73 144 0.038462
79 144 0.038462
90 144 0.038462
112 144 0.038462
126 144 0.038462
127 144 0.038462
130 144 0.038462
141 144 0.038462
142 144 0.038462
155 144 0.038462
160 144 0.038462
162 144 0.038462
170 144 0.038462
174 144 0.038462
9 160 0.034483
13 160 0.034483
17 160 0.034483
30 160 0.034483
33 160 0.034483
37 160 0.034483
41 160 0.034483
45 160 0.034483
49 160 0.034483
54 160 0.034483
63 160 0.034483
69 160 0.034483
73 160 0.034483
76 160 0.034483
82 160 0.034483
85 160 0.034483
94 160 0.034483
97 160 0.034483
116 160 0.034483
121 160 0.034483
126 160 0.034483
134 160 0.034483
139 160 0.034483
141 160 0.034483
144 160 0.034483
146 160 0.034483
158 160 0.034483
166 160 0.034483
168 160 0.034483
10 56 0.033333
11 56 0.033333
13 56 0.033333
14 56 0.033333
18 56 0.033333
28 56 0.033333
36 56 0.033333
41 56 0.033333
48 56 0.033333
50 56 0.033333
55 56 0.033333
57 56 0.033333
64 56 0.033333
67 56 0.033333
68 56 0.033333
81 56 0.033333
82 56 0.033333
95 56 0.033333
101 56 0.033333
103 56 0.033333
104 56 0.033333
112 56 0.033333
116 56 0.033333
122 56 0.033333
129 56 0.033333
135 56 0.033333
136 56 0.033333
143 56 0.033333
159 56 0.033333
169 56 0.033333
10 79 0.027778
14 79 0.027778
15 79 0.027778
19 79 0.027778
50 79 0.027778
55 79 0.027778
59 79 0.027778
60 79 0.027778
62 79 0.027778
66 79 0.027778
67 79 0.027778
69 79 0.027778
72 79 0.027778
73 79 0.027778
81 79 0.027778
85 79 0.027778
90 79 0.027778
94 79 0.027778
96 79 0.027778
119 79 0.027778
121 79 0.027778
123 79 0.027778
124 79 0.027778
133 79 0.027778
138 79 0.027778
144 79 0.027778
145 79 0.027778
149 79 0.027778
151 79 0.027778
152 79 0.027778
161 79 0.027778
163 79 0.027778
166 79 0.027778
167 79 0.027778
168 79 0.027778
175 79 0.027778
10 88 0.043478
24 88 0.043478
30 88 0.043478
32 88 0.043478
33 88 0.043478
51 88 0.043478
54 88 0.043478
55 88 0.043478
64 88 0.043478
68 88 0.043478
78 88 0.043478
90 88 0.043478
100 88 0.043478
102 88 0.043478
104 88 0.043478
118 88 0.043478
121 88 0.043478
132 88 0.043478
134 88 0.043478
158 88 0.043478
162 88 0.043478
168 88 0.043478
172 88 0.043478
10 99 0.047619
18 99 0.047619
22 99 0.047619
39 99 0.047619
45 99 0.047619
50 99 0.047619
69 99 0.047619
71 99 0.047619
73 99 0.047619
80 99 0.047619
85 99 0.047619
97 99 0.047619
101 99 0.047619
111 99 0.047619
131 99 0.047619
138 99 0.047619
139 99 0.047619
143 99 0.047619
156 99 0.047619
159 99 0.047619
168 99 0.047619
10 153 0.032258
12 153 0.032258
15 153 0.032258
16 153 0.032258
25 153 0.032258
31 153 0.032258
34 153 0.032258
39 153 0.032258
40 153 0.032258
49 153 0.032258
53 153 0.032258
54 153 0.032258
65 153 0.032258
73 153 0.032258
84 153 0.032258
90 153 0.032258
93 153 0.032258
97 153 0.032258
115 153 0.032258
118 153 0.032258
120 153 0.032258
134 153 0.032258
136 153 0.032258
138 153 0.032258
146 153 0.032258
150 153 0.032258
154 153 0.032258
155 153 0.032258
156 153 0.032258
166 153 0.032258
170 153 0.032258
11 29 0.038462
30 29 0.038462
34 29 0.038462
37 29 0.038462
38 29 0.038462
54 29 0.038462
70 29 0.038462
77 29 0.038462
98 29 0.038462
104 29 0.038462
106 29 0.038462
107 29 0.038462
110 29 0.038462
122 29 0.038462
128 29 0.038462
130 29 0.038462
136 29 0.038462
141 29 0.038462
143 29 0.038462
147 29 0.038462
155 29 0.038462
166 29 0.038462
170 29 0.038462
171 29 0.038462
174 29 0.038462
176 29 0.038462
11 155 0.052632
29 155 0.052632
35 155 0.052632
51 155 0.052632
54 155 0.052632
66 155 0.052632
70 155 0.052632
82 155 0.052632
83 155 0.052632
86 155 0.052632
98 155 0.052632
107 155 0.052632
109 155 0.052632
130 155 0.052632
131 155 0.052632
142 155 0.052632
144 155 0.052632
153 155 0.052632
174 155 0.052632
12 52 0.04
25 52 0.04
49 52 0.04
67 52 0.04
70 52 0.04
72 52 0.04
75 52 0.04
76 52 0.04
83 52 0.04
85 52 0.04
97 52 0.04
100 52 0.04
109 52 0.04
115 52 0.04
130 52 0.04
132 52 0.04
133 52 0.04
148 52 0.04
149 52 0.04
151 52 0.04
154 52 0.04
158 52 0.04
169 52 0.04
170 52 0.04
176 52 0.04
12 60 0.043478
13 60 0.043478
15 60 0.043478
25 60 0.043478
38 60 0.043478
39 60 0.043478
41 60 0.043478
47 60 0.043478
62 60 0.043478
71 60 0.043478
76 60 0.043478
79 60 0.043478
105 60 0.043478
112 60 0.043478
118 60 0.043478
132 60 0.043478
156 60 0.043478
157 60 0.043478
158 60 0.043478
159 60 0.043478
167 60 0.043478
168 60 0.043478
174 60 0.043478
12 84 0.05
22 84 0.05
27 84 0.05
30 84 0.05
31 84 0.05
35 84 0.05
61 84 0.05
69 84 0.05
72 84 0.05
78 84 0.05
80 84 0.05
89 84 0.05
95 84 0.05
107 84 0.05
112 84 0.05
125 84 0.05
129 84 0.05
136 84 0.05
153 84 0.05
158 84 0.05
12 115 0.066667
30 115 0.066667
40 115 0.066667
44 115 0.066667
52 115 0.066667
65 115 0.066667
68 115 0.066667
70 115 0.066667
78 115 0.066667
97 115 0.066667
133 115 0.066667
149 115 0.066667
152 115 0.066667
153 115 0.066667
161 115 0.066667
12 118 0.038462
14 118 0.038462
17 118 0.038462
23 118 0.038462
24 118 0.038462
32 118 0.038462
53 118 0.038462
60 118 0.038462
61 118 0.038462
68 118 0.038462
73 118 0.038462
78 118 0.038462
85 118 0.038462
88 118 0.038462
89 118 0.038462
92 118 0.038462
112 118 0.038462
136 118 0.038462
140 118 0.038462
153 118 0.038462
157 118 0.038462
159 118 0.038462
163 118 0.038462
170 118 0.038462
173 118 0.038462
174 118 0.038462
12 163 0.033333
16 163 0.033333
23 163 0.033333
25 163 0.033333
28 163 0.033333
36 163 0.033333
37 163 0.033333
41 163 0.033333
43 163 0.033333
47 163 0.033333
50 163 0.033333
55 163 0.033333
67 163 0.033333
79 163 0.033333
82 163 0.033333
85 163 0.033333
93 163 0.033333
98 163 0.033333
101 163 0.033333
102 163 0.033333
111 163 0.033333
114 163 0.033333
118 163 0.033333
121 163 0.033333
136 163 0.033333
138 163 0.033333
143 163 0.033333
156 163 0.033333
157 163 0.033333
173 163 0.033333
13 58 0.055556
24 58 0.055556
33 58 0.055556
35 58 0.055556
38 58 0.055556
40 58 0.055556
54 58 0.055556
61 58 0.055556
63 58 0.055556
74 58 0.055556
81 58 0.055556
87 58 0.055556
91 58 0.055556
111 58 0.055556
123 58 0.055556
144 58 0.055556
149 58 0.055556
151 58 0.055556
14 26 0.043478
25 26 0.043478
28 26 0.043478
32 26 0.043478
35 26 0.043478
37 26 0.043478
40 26 0.043478
66 26 0.043478
68 26 0.043478
74 26 0.043478
75 26 0.043478
76 26 0.043478
94 26 0.043478
95 26 0.043478
96 26 0.043478
106 26 0.043478
110 26 0.043478
111 26 0.043478
113 26 0.043478
123 26 0.043478
128 26 0.043478
135 26 0.043478
157 26 0.043478
14 50 0.035714
17 50 0.035714
33 50 0.035714
38 50 0.035714
47 50 0.035714
48 50 0.035714
51 50 0.035714
56 50 0.035714
73 50 0.035714
74 50 0.035714
78 50 0.035714
79 50 0.035714
86 50 0.035714
94 50 0.035714
99 50 0.035714
107 50 0.035714
111 50 0.035714
121 50 0.035714
128 50 0.035714
129 50 0.035714
132 50 0.035714
142 50 0.035714
151 50 0.035714
156 50 0.035714
163 50 0.035714
164 50 0.035714
172 50 0.035714
175 50 0.035714
14 64 0.045455
19 64 0.045455
21 64 0.045455
23 64 0.045455
30 64 0.045455
31 64 0.045455
47 64 0.045455
53 64 0.045455
56 64 0.045455
62 64 0.045455
88 64 0.045455
101 64 0.045455
105 64 0.045455
110 64 0.045455
124 64 0.045455
128 64 0.045455
136 64 0.045455
144 64 0.045455
152 64 0.045455
161 64 0.045455
164 64 0.045455
172 64 0.045455
15 47 0.033333
34 47 0.033333
38 47 0.033333
44 47 0.033333
50 47 0.033333
60 47 0.033333
64 47 0.033333
66 47 0.033333
69 47 0.033333
71 47 0.033333
73 47 0.033333
78 47 0.033333
80 47 0.033333
87 47 0.033333
94 47 0.033333
96 47 0.033333
100 47 0.033333
101 47 0.033333
107 47 0.033333
119 47 0.033333
131 47 0.033333
135 47 0.033333
140 47 0.033333
143 47 0.033333
146 47 0.033333
147 47 0.033333
163 47 0.033333
164 47 0.033333
165 47 0.033333
174 47 0.033333
15 154 0.047619
36 154 0.047619
52 154 0.047619
53 154 0.047619
57 154 0.047619
63 154 0.047619
67 154 0.047619
68 154 0.047619
82 154 0.047619
86 154 0.047619
96 154 0.047619
97 154 0.047619
102 154 0.047619
127 154 0.047619
142 154 0.047619
145 154 0.047619
147 154 0.047619
148 154 0.047619
150 154 0.047619
153 154 0.047619
173 154 0.047619
17 89 0.037037
18 89 0.037037
32 89 0.037037
40 89 0.037037
57 89 0.037037
62 89 0.037037
68 89 0.037037
71 89 0.037037
83 89 0.037037
84 89 0.037037
85 89 0.037037
91 89 0.037037
92 89 0.037037
97 89 0.037037
114 89 0.037037
118 89 0.037037
126 89 0.037037
127 89 0.037037
128 89 0.037037
129 89 0.037037
137 89 0.037037
138 89 0.037037
146 89 0.037037
159 89 0.037037
161 89 0.037037
165 89 0.037037
176 89 0.037037
17 130 0.052632
18 130 0.052632
29 130 0.052632
37 130 0.052632
52 130 0.052632
69 130 0.052632
91 130 0.052632
98 130 0.052632
116 130 0.052632
122 130 0.052632
133 130 0.052632
142 130 0.052632
144 130 0.052632
155 130 0.052632
156 130 0.052632
157 130 0.052632
158 130 0.052632
168 130 0.052632
174 130 0.052632
19 148 0.05
20 148 0.05
24 148 0.05
31 148 0.05
39 148 0.05
52 148 0.05
65 148 0.05
76 148 0.05
86 148 0.05
93 148 0.05
94 148 0.05
107 148 0.05
108 148 0.05
128 148 0.05
129 148 0.05
131 148 0.05
135 148 0.05
143 148 0.05
154 148 0.05
156 148 0.05
20 112 0.041667
22 112 0.041667
32 112 0.041667
56 112 0.041667
60 112 0.041667
80 112 0.041667
84 112 0.041667
86 112 0.041667
95 112 0.041667
102 112 0.041667
105 112 0.041667
107 112 0.041667
117 112 0.041667
118 112 0.041667
124 112 0.041667
131 112 0.041667
135 112 0.041667
139 112 0.041667
141 112 0.041667
144 112 0.041667
165 112 0.041667
168 112 0.041667
173 112 0.041667
175 112 0.041667
20 134 0.052632
24 134 0.052632
27 134 0.052632
36 134 0.052632
59 134 0.052632
86 134 0.052632
88 134 0.052632
94 134 0.052632
105 134 0.052632
106 134 0.052632
109 134 0.052632
110 134 0.052632
131 134 0.052632
132 134 0.052632
136 134 0.052632
153 134 0.052632
160 134 0.052632
174 134 0.052632
176 134 0.052632
23 48 0.05
42 48 0.05
45 48 0.05
50 48 0.05
56 48 0.05
77 48 0.05
92 48 0.05
95 48 0.05
100 48 0.05
116 48 0.05
125 48 0.05
126 48 0.05
127 48 0.05
128 48 0.05
137 48 0.05
138 48 0.05
145 48 0.05
146 48 0.05
165 48 0.05
171 48 0.05
27 100 0.043478
36 100 0.043478
37 100 0.043478
43 100 0.043478
47 100 0.043478
48 100 0.043478
51 100 0.043478
52 100 0.043478
59 100 0.043478
62 100 0.043478
67 100 0.043478
74 100 0.043478
86 100 0.043478
87 100 0.043478
88 100 0.043478
90 100 0.043478
92 100 0.043478
114 100 0.043478
119 100 0.043478
122 100 0.043478
135 100 0.043478
151 100 0.043478
156 100 0.043478
32 57 0.058824
38 57 0.058824
56 57 0.058824
59 57 0.058824
72 57 0.058824
75 57 0.058824
83 57 0.058824
86 57 0.058824
89 57 0.058824
91 57 0.058824
98 57 0.058824
111 57 0.058824
113 57 0.058824
119 57 0.058824
154 57 0.058824
161 57 0.058824
167 57 0.058824
33 59 0.047619
35 59 0.047619
42 59 0.047619
57 59 0.047619
68 59 0.047619
75 59 0.047619
77 59 0.047619
78 59 0.047619
79 59 0.047619
80 59 0.047619
86 59 0.047619
94 59 0.047619
97 59 0.047619
100 59 0.047619
127 59 0.047619
134 59 0.047619
139 59 0.047619
144 59 0.047619
156 59 0.047619
164 59 0.047619
166 59 0.047619
3 0 0.047619
13 0 0.047619
20 0 0.047619
37 0 0.047619
49 0 0.047619
66 0 0.047619
67 0 0.047619
70 0 0.047619
73 0 0.047619
74 0 0.047619
76 0 0.047619
95 0 0.047619
101 0 0.047619
104 0 0.047619
111 0 0.047619
114 0 0.047619
119 0 0.047619
121 0 0.047619
141 0 0.047619
145 0 0.047619
167 0 0.047619
16 1 0.033333
18 1 0.033333
22 1 0.033333
25 1 0.033333
28 1 0.033333
31 1 0.033333
36 1 0.033333
38 1 0.033333
45 1 0.033333
55 1 0.033333
63 1 0.033333
65 1 0.033333
73 1 0.033333
75 1 0.033333
87 1 0.033333
96 1 0.033333
106 1 0.033333
109 1 0.033333
117 1 0.033333
122 1 0.033333
126 1 0.033333
127 1 0.033333
129 1 0.033333
132 1 0.033333
145 1 0.033333
159 1 0.033333
161 1 0.033333
173 1 0.033333
174 1 0.033333
175 1 0.033333
6 2 0.038462
8 2 0.038462
18 2 0.038462
22 2 0.038462
23 2 0.038462
35 2 0.038462
39 2 0.038462
46 2 0.038462
55 2 0.038462
65 2 0.038462
68 2 0.038462
76 2 0.038462
77 2 0.038462
81 2 0.038462
92 2 0.038462
104 2 0.038462
107 2 0.038462
111 2 0.038462
127 2 0.038462
132 2 0.038462
136 2 0.038462
146 2 0.038462
150 2 0.038462
157 2 0.038462
159 2 0.038462
172 2 0.038462
7 4 0.033333
12 4 0.033333
17 4 0.033333
19 4 0.033333
37 4 0.033333
41 4 0.033333
46 4 0.033333
54 4 0.033333
61 4 0.033333
62 4 0.033333
69 4 0.033333
73 4 0.033333
83 4 0.033333
86 4 0.033333
90 4 0.033333
97 4 0.033333
103 4 0.033333
104 4 0.033333
127 4 0.033333
128 4 0.033333
131 4 0.033333
133 4 0.033333
135 4 0.033333
136 4 0.033333
138 4 0.033333
142 4 0.033333
149 4 0.033333
162 4 0.033333
168 4 0.033333
169 4 0.033333
6 5 0.04
8 5 0.04
9 5 0.04
22 5 0.04
24 5 0.04
32 5 0.04
36 5 0.04
41 5 0.04
42 5 0.04
53 5 0.04
69 5 0.04
71 5 0.04
92 5 0.04
98 5 0.04
104 5 0.04
119 5 0.04
128 5 0.04
136 5 0.04
143 5 0.04
152 5 0.04
156 5 0.04
171 5 0.04
173 5 0.04
175 5 0.04
176 5 0.04
13 10 0.037037
16 10 0.037037
21 10 0.037037
24 10 0.037037
33 10 0.037037
51 10 0.037037
56 10 0.037037
63 10 0.037037
68 10 0.037037
79 10 0.037037
82 10 0.037037
87 10 0.037037
88 10 0.037037
99 10 0.037037
111 10 0.037037
126 10 0.037037
128 10 0.037037
129 10 0.037037
133 10 0.037037
139 10 0.037037
143 10 0.037037
147 10 0.037037
153 10 0.037037
157 10 0.037037
162 10 0.037037
166 10 0.037037
174 10 0.037037
22 14 0.033333
26 14 0.033333
35 14 0.033333
39 14 0.033333
41 14 0.033333
50 14 0.033333
56 14 0.033333
63 14 0.033333
64 14 0.033333
69 14 0.033333
71 14 0.033333
72 14 0.033333
79 14 0.033333
86 14 0.033333
87 14 0.033333
93 14 0.033333
103 14 0.033333
105 14 0.033333
108 14 0.033333
110 14 0.033333
113 14 0.033333
118 14 0.033333
126 14 0.033333
128 14 0.033333
139 14 0.033333
150 14 0.033333
152 14 0.033333
161 14 0.033333
164 14 0.033333
174 14 0.033333
