0 11 0.0625
2 11 0.0625
3 11 0.0625
9 11 0.0625
13 11 0.0625
19 11 0.0625
34 11 0.0625
36 11 0.0625
49 11 0.0625
56 11 0.0625
59 11 0.0625
65 11 0.0625
75 11 0.0625
82 11 0.0625
95 11 0.0625
98 11 0.0625
0 12 0.066667
3 12 0.066667
8 12 0.066667
21 12 0.066667
24 12 0.066667
31 12 0.066667
35 12 0.066667
51 12 0.066667
53 12 0.066667
55 12 0.066667
60 12 0.066667
63 12 0.066667
73 12 0.066667
75 12 0.066667
78 12 0.066667
0 18 0.047619
14 18 0.047619
17 18 0.047619
19 18 0.047619
20 18 0.047619
21 18 0.047619
22 18 0.047619
24 18 0.047619
43 18 0.047619
46 18 0.047619
47 18 0.047619
48 18 0.047619
51 18 0.047619
58 18 0.047619
59 18 0.047619
80 18 0.047619
86 18 0.047619
89 18 0.047619
91 18 0.047619
100 18 0.047619
101 18 0.047619
0 23 0.058824
4 23 0.058824
7 23 0.058824
10 23 0.058824
15 23 0.058824
19 23 0.058824
49 23 0.058824
51 23 0.058824
52 23 0.058824
56 23 0.058824
68 23 0.058824
70 23 0.058824
72 23 0.058824
74 23 0.058824
79 23 0.058824
90 23 0.058824
101 23 0.058824
0 24 0.05
8 24 0.05
12 24 0.05
17 24 0.05
18 24 0.05
25 24 0.05
28 24 0.05
32 24 0.05
40 24 0.05
45 24 0.05
46 24 0.05
51 24 0.05
55 24 0.05
57 24 0.05
61 24 0.05
65 24 0.05
83 24 0.05
91 24 0.05
92 24 0.05
101 24 0.05
0 32 0.076923
14 32 0.076923
24 32 0.076923
29 32 0.076923
41 32 0.076923
42 32 0.076923
47 32 0.076923
51 32 0.076923
55 32 0.076923
61 32 0.076923
65 32 0.076923
85 32 0.076923
101 32 0.076923
0 33 0.076923
9 33 0.076923
10 33 0.076923
14 33 0.076923
45 33 0.076923
52 33 0.076923
56 33 0.076923
58 33 0.076923
72 33 0.076923
75 33 0.076923
79 33 0.076923
80 33 0.076923
98 33 0.076923
0 38 0.0625
3 38 0.0625
5 38 0.0625
21 38 0.0625
27 38 0.0625
35 38 0.0625
36 38 0.0625
54 38 0.0625
64 38 0.0625
67 38 0.0625
78 38 0.0625
79 38 0.0625
86 38 0.0625
95 38 0.0625
97 38 0.0625
99 38 0.0625
0 41 0.090909
6 41 0.090909
10 41 0.090909
25 41 0.090909
32 41 0.090909
61 41 0.090909
72 41 0.090909
75 41 0.090909
79 41 0.090909
91 41 0.090909
98 41 0.090909
0 42 0.090909
13 42 0.090909
16 42 0.090909
28 42 0.090909
32 42 0.090909
44 42 0.090909
46 42 0.090909
69 42 0.090909
70 42 0.090909
87 42 0.090909
97 42 0.090909
0 48 0.058824
2 48 0.058824
18 48 0.058824
26 48 0.058824
37 48 0.058824
40 48 0.058824
46 48 0.058824
52 48 0.058824
53 48 0.058824
63 48 0.058824
72 48 0.058824
74 48 0.058824
78 48 0.058824
84 48 0.058824
94 48 0.058824
97 48 0.058824
100 48 0.058824
0 56 0.066667
6 56 0.066667
10 56 0.066667
11 56 0.066667
23 56 0.066667
33 56 0.066667
40 56 0.066667
45 56 0.066667
46 56 0.066667
59 56 0.066667
63 56 0.066667
64 56 0.066667
70 56 0.066667
77 56 0.066667
88 56 0.066667
0 65 0.058824
1 65 0.058824
6 65 0.058824
11 65 0.058824
24 65 0.058824
32 65 0.058824
40 65 0.058824
58 65 0.058824
60 65 0.058824
75 65 0.058824
85 65 0.058824
90 65 0.058824
92 65 0.058824
94 65 0.058824
95 65 0.058824
96 65 0.058824
100 65 0.058824
0 66 0.083333
16 66 0.083333
19 66 0.083333
28 66 0.083333
45 66 0.083333
57 66 0.083333
60 66 0.083333
70 66 0.083333
75 66 0.083333
78 66 0.083333
81 66 0.083333
93 66 0.083333
0 67 0.090909
3 67 0.090909
20 67 0.090909
28 67 0.090909
38 67 0.090909
43 67 0.090909
53 67 0.090909
59 67 0.090909
76 67 0.090909
79 67 0.090909
80 67 0.090909
0 68 0.0625
5 68 0.0625
16 68 0.0625
23 68 0.0625
25 68 0.0625
40 68 0.0625
50 68 0.0625
52 68 0.0625
53 68 0.0625
61 68 0.0625
62 68 0.0625
69 68 0.0625
82 68 0.0625
89 68 0.0625
91 68 0.0625
101 68 0.0625
0 81 0.071429
3 81 0.071429
8 81 0.071429
17 81 0.071429
21 81 0.071429
31 81 0.071429
45 81 0.071429
52 81 0.071429
58 81 0.071429
60 81 0.071429
64 81 0.071429
66 81 0.071429
70 81 0.071429
75 81 0.071429
0 82 0.055556
3 82 0.055556
11 82 0.055556
16 82 0.055556
39 82 0.055556
47 82 0.055556
50 82 0.055556
51 82 0.055556
60 82 0.055556
63 82 0.055556
68 82 0.055556
71 82 0.055556
73 82 0.055556
78 82 0.055556
85 82 0.055556
89 82 0.055556
96 82 0.055556
101 82 0.055556
0 88 0.058824
13 88 0.058824
21 88 0.058824
26 88 0.058824
30 88 0.058824
31 88 0.058824
34 88 0.058824
36 88 0.058824
39 88 0.058824
46 88 0.058824
47 88 0.058824
56 88 0.058824
61 88 0.058824
73 88 0.058824
80 88 0.058824
93 88 0.058824
99 88 0.058824
0 92 0.083333
8 92 0.083333
17 92 0.083333
19 92 0.083333
24 92 0.083333
30 92 0.083333
44 92 0.083333
50 92 0.083333
51 92 0.083333
61 92 0.083333
65 92 0.083333
83 92 0.083333
0 98 0.041667
2 98 0.041667
4 98 0.041667
8 98 0.041667
11 98 0.041667
14 98 0.041667
22 98 0.041667
25 98 0.041667
33 98 0.041667
39 98 0.041667
41 98 0.041667
52 98 0.041667
53 98 0.041667
55 98 0.041667
71 98 0.041667
76 98 0.041667
78 98 0.041667
83 98 0.041667
87 98 0.041667
89 98 0.041667
90 98 0.041667
93 98 0.041667
97 98 0.041667
101 98 0.041667
1 10 0.055556
14 10 0.055556
17 10 0.055556
21 10 0.055556
23 10 0.055556
25 10 0.055556
26 10 0.055556
27 10 0.055556
29 10 0.055556
33 10 0.055556
35 10 0.055556
41 10 0.055556
53 10 0.055556
55 10 0.055556
56 10 0.055556
62 10 0.055556
79 10 0.055556
99 10 0.055556
1 13 0.071429
2 13 0.071429
11 13 0.071429
25 13 0.071429
28 13 0.071429
42 13 0.071429
50 13 0.071429
51 13 0.071429
54 13 0.071429
64 13 0.071429
72 13 0.071429
78 13 0.071429
87 13 0.071429
88 13 0.071429
1 31 0.071429
9 31 0.071429
12 31 0.071429
15 31 0.071429
26 31 0.071429
35 31 0.071429
39 31 0.071429
44 31 0.071429
53 31 0.071429
60 31 0.071429
80 31 0.071429
81 31 0.071429
88 31 0.071429
89 31 0.071429
1 34 0.083333
6 34 0.083333
11 34 0.083333
25 34 0.083333
27 34 0.083333
40 34 0.083333
52 34 0.083333
55 34 0.083333
77 34 0.083333
85 34 0.083333
86 34 0.083333
88 34 0.083333
1 37 0.071429
4 37 0.071429
5 37 0.071429
6 37 0.071429
25 37 0.071429
48 37 0.071429
52 37 0.071429
55 37 0.071429
59 37 0.071429
61 37 0.071429
63 37 0.071429
75 37 0.071429
77 37 0.071429
78 37 0.071429
1 45 0.066667
9 45 0.066667
19 45 0.066667
24 45 0.066667
30 45 0.066667
33 45 0.066667
36 45 0.066667
43 45 0.066667
49 45 0.066667
56 45 0.066667
61 45 0.066667
66 45 0.066667
81 45 0.066667
83 45 0.066667
99 45 0.066667
1 46 0.052632
3 46 0.052632
18 46 0.052632
24 46 0.052632
39 46 0.052632
40 46 0.052632
42 46 0.052632
47 46 0.052632
48 46 0.052632
54 46 0.052632
55 46 0.052632
56 46 0.052632
60 46 0.052632
61 46 0.052632
62 46 0.052632
80 46 0.052632
88 46 0.052632
94 46 0.052632
95 46 0.052632
1 51 0.05
12 51 0.05
13 51 0.05
16 51 0.05
18 51 0.05
21 51 0.05
22 51 0.05
23 51 0.05
24 51 0.05
32 51 0.05
54 51 0.05
78 51 0.05
82 51 0.05
86 51 0.05
89 51 0.05
91 51 0.05
92 51 0.05
94 51 0.05
95 51 0.05
100 51 0.05
1 63 0.0625
2 63 0.0625
3 63 0.0625
12 63 0.0625
16 63 0.0625
22 63 0.0625
37 63 0.0625
44 63 0.0625
48 63 0.0625
49 63 0.0625
54 63 0.0625
56 63 0.0625
60 63 0.0625
73 63 0.0625
82 63 0.0625
89 63 0.0625
1 74 0.083333
17 74 0.083333
23 74 0.083333
43 74 0.083333
48 74 0.083333
53 74 0.083333
58 74 0.083333
61 74 0.083333
64 74 0.083333
71 74 0.083333
85 74 0.083333
90 74 0.083333
1 84 0.125
2 84 0.125
22 84 0.125
48 84 0.125
71 84 0.125
73 84 0.125
86 84 0.125
87 84 0.125
1 87 0.111111
6 87 0.111111
13 87 0.111111
22 87 0.111111
39 87 0.111111
42 87 0.111111
83 87 0.111111
84 87 0.111111
98 87 0.111111
2 5 0.090909
14 5 0.090909
25 5 0.090909
37 5 0.090909
38 5 0.090909
49 5 0.090909
61 5 0.090909
68 5 0.090909
77 5 0.090909
93 5 0.090909
95 5 0.090909
2 9 0.052632
3 9 0.052632
7 9 0.052632
11 9 0.052632
15 9 0.052632
20 9 0.052632
31 9 0.052632
33 9 0.052632
36 9 0.052632
45 9 0.052632
49 9 0.052632
54 9 0.052632
75 9 0.052632
77 9 0.052632
85 9 0.052632
90 9 0.052632
93 9 0.052632
95 9 0.052632
101 9 0.052632
2 17 0.071429
4 17 0.071429
10 17 0.071429
18 17 0.071429
24 17 0.071429
43 17 0.071429
47 17 0.071429
55 17 0.071429
62 17 0.071429
69 17 0.071429
74 17 0.071429
81 17 0.071429
92 17 0.071429
93 17 0.071429
2 21 0.055556
10 21 0.055556
12 21 0.055556
18 21 0.055556
20 21 0.055556
29 21 0.055556
38 21 0.055556
43 21 0.055556
44 21 0.055556
51 21 0.055556
59 21 0.055556
71 21 0.055556
81 21 0.055556
86 21 0.055556
88 21 0.055556
90 21 0.055556
96 21 0.055556
99 21 0.055556
2 29 0.071429
10 29 0.071429
19 29 0.071429
21 29 0.071429
27 29 0.071429
32 29 0.071429
36 29 0.071429
49 29 0.071429
52 29 0.071429
70 29 0.071429
77 29 0.071429
83 29 0.071429
93 29 0.071429
97 29 0.071429
2 44 0.066667
3 44 0.066667
4 44 0.066667
21 44 0.066667
26 44 0.066667
28 44 0.066667
31 44 0.066667
42 44 0.066667
47 44 0.066667
63 44 0.066667
64 44 0.066667
72 44 0.066667
92 44 0.066667
99 44 0.066667
101 44 0.066667
2 53 0.090909
10 53 0.090909
12 53 0.090909
31 53 0.090909
48 53 0.090909
67 53 0.090909
68 53 0.090909
74 53 0.090909
77 53 0.090909
95 53 0.090909
98 53 0.090909
2 64 0.076923
13 64 0.076923
22 64 0.076923
25 64 0.076923
36 64 0.076923
38 64 0.076923
44 64 0.076923
50 64 0.076923
56 64 0.076923
58 64 0.076923
74 64 0.076923
81 64 0.076923
97 64 0.076923
2 91 0.083333
7 91 0.083333
18 91 0.083333
24 91 0.083333
27 91 0.083333
41 91 0.083333
51 91 0.083333
59 91 0.083333
68 91 0.083333
76 91 0.083333
95 91 0.083333
100 91 0.083333
3 14 0.0625
4 14 0.0625
5 14 0.0625
10 14 0.0625
18 14 0.0625
19 14 0.0625
20 14 0.0625
32 14 0.0625
33 14 0.0625
35 14 0.0625
36 14 0.0625
39 14 0.0625
47 14 0.0625
73 14 0.0625
98 14 0.0625
101 14 0.0625
3 25 0.052632
5 25 0.052632
6 25 0.052632
7 25 0.052632
10 25 0.052632
13 25 0.052632
24 25 0.052632
34 25 0.052632
36 25 0.052632
37 25 0.052632
41 25 0.052632
49 25 0.052632
64 25 0.052632
68 25 0.052632
71 25 0.052632
76 25 0.052632
80 25 0.052632
97 25 0.052632
98 25 0.052632
3 27 0.071429
10 27 0.071429
29 27 0.071429
34 27 0.071429
38 27 0.071429
57 27 0.071429
58 27 0.071429
71 27 0.071429
78 27 0.071429
80 27 0.071429
83 27 0.071429
91 27 0.071429
94 27 0.071429
100 27 0.071429
3 49 0.055556
5 49 0.055556
9 49 0.055556
11 49 0.055556
23 49 0.055556
25 49 0.055556
29 49 0.055556
30 49 0.055556
40 49 0.055556
45 49 0.055556
58 49 0.055556
61 49 0.055556
63 49 0.055556
69 49 0.055556
79 49 0.055556
85 49 0.055556
97 49 0.055556
101 49 0.055556
3 54 0.0625
4 54 0.0625
9 54 0.0625
13 54 0.0625
22 54 0.0625
38 54 0.0625
46 54 0.0625
51 54 0.0625
55 54 0.0625
60 54 0.0625
63 54 0.0625
76 54 0.0625
77 54 0.0625
86 54 0.0625
93 54 0.0625
99 54 0.0625
3 55 0.04
6 55 0.04
10 55 0.04
12 55 0.04
15 55 0.04
16 55 0.04
17 55 0.04
24 55 0.04
28 55 0.04
30 55 0.04
32 55 0.04
34 55 0.04
35 55 0.04
37 55 0.04
39 55 0.04
46 55 0.04
50 55 0.04
54 55 0.04
69 55 0.04
70 55 0.04
76 55 0.04
78 55 0.04
79 55 0.04
97 55 0.04
98 55 0.04
3 59 0.052632
11 59 0.052632
15 59 0.052632
18 59 0.052632
21 59 0.052632
35 59 0.052632
37 59 0.052632
40 59 0.052632
47 59 0.052632
56 59 0.052632
61 59 0.052632
67 59 0.052632
71 59 0.052632
72 59 0.052632
77 59 0.052632
89 59 0.052632
90 59 0.052632
91 59 0.052632
100 59 0.052632
3 76 0.090909
8 76 0.090909
25 76 0.090909
54 76 0.090909
55 76 0.090909
67 76 0.090909
72 76 0.090909
89 76 0.090909
91 76 0.090909
93 76 0.090909
98 76 0.090909
3 86 0.1
18 86 0.1
21 86 0.1
22 86 0.1
34 86 0.1
38 86 0.1
51 86 0.1
54 86 0.1
84 86 0.1
93 86 0.1
3 90 0.090909
9 90 0.090909
21 90 0.090909
23 90 0.090909
26 90 0.090909
59 90 0.090909
65 90 0.090909
74 90 0.090909
75 90 0.090909
77 90 0.090909
98 90 0.090909
3 95 0.066667
5 95 0.066667
9 95 0.066667
11 95 0.066667
20 95 0.066667
36 95 0.066667
38 95 0.066667
46 95 0.066667
47 95 0.066667
51 95 0.066667
53 95 0.066667
57 95 0.066667
65 95 0.066667
70 95 0.066667
91 95 0.066667
4 15 0.111111
7 15 0.111111
9 15 0.111111
23 15 0.111111
31 15 0.111111
50 15 0.111111
55 15 0.111111
59 15 0.111111
73 15 0.111111
4 43 0.071429
6 43 0.071429
17 43 0.071429
18 43 0.071429
21 43 0.071429
40 43 0.071429
45 43 0.071429
57 43 0.071429
60 43 0.071429
67 43 0.071429
72 43 0.071429
74 43 0.071429
80 43 0.071429
101 43 0.071429
4 47 0.047619
6 47 0.047619
14 47 0.047619
17 47 0.047619
18 47 0.047619
20 47 0.047619
26 47 0.047619
32 47 0.047619
36 47 0.047619
40 47 0.047619
44 47 0.047619
46 47 0.047619
58 47 0.047619
59 47 0.047619
72 47 0.047619
73 47 0.047619
82 47 0.047619
83 47 0.047619
88 47 0.047619
95 47 0.047619
99 47 0.047619
4 52 0.066667
6 52 0.066667
23 52 0.066667
29 52 0.066667
33 52 0.066667
34 52 0.066667
35 52 0.066667
36 52 0.066667
37 52 0.066667
48 52 0.066667
61 52 0.066667
68 52 0.066667
79 52 0.066667
81 52 0.066667
98 52 0.066667
4 57 0.090909
8 57 0.090909
19 57 0.090909
24 57 0.090909
27 57 0.090909
35 57 0.090909
43 57 0.090909
61 57 0.090909
66 57 0.090909
95 57 0.090909
97 57 0.090909
4 69 0.071429
6 69 0.071429
17 69 0.071429
30 69 0.071429
36 69 0.071429
42 69 0.071429
49 69 0.071429
55 69 0.071429
60 69 0.071429
62 69 0.071429
68 69 0.071429
72 69 0.071429
78 69 0.071429
97 69 0.071429
4 73 0.058824
7 73 0.058824
12 73 0.058824
14 73 0.058824
15 73 0.058824
26 73 0.058824
36 73 0.058824
47 73 0.058824
60 73 0.058824
61 73 0.058824
62 73 0.058824
63 73 0.058824
82 73 0.058824
84 73 0.058824
85 73 0.058824
88 73 0.058824
100 73 0.058824
4 89 0.055556
18 89 0.055556
28 89 0.055556
30 89 0.055556
31 89 0.055556
35 89 0.055556
51 89 0.055556
59 89 0.055556
63 89 0.055556
68 89 0.055556
71 89 0.055556
76 89 0.055556
77 89 0.055556
78 89 0.055556
82 89 0.055556
93 89 0.055556
96 89 0.055556
98 89 0.055556
4 100 0.1
18 100 0.1
27 100 0.1
48 100 0.1
51 100 0.1
59 100 0.1
65 100 0.1
73 100 0.1
79 100 0.1
91 100 0.1
5 61 0.045455
7 61 0.045455
24 61 0.045455
32 61 0.045455
37 61 0.045455
39 61 0.045455
41 61 0.045455
45 61 0.045455
46 61 0.045455
49 61 0.045455
52 61 0.045455
57 61 0.045455
59 61 0.045455
68 61 0.045455
73 61 0.045455
74 61 0.045455
75 61 0.045455
78 61 0.045455
88 61 0.045455
92 61 0.045455
99 61 0.045455
101 61 0.045455
5 77 0.083333
8 77 0.083333
9 77 0.083333
29 77 0.083333
34 77 0.083333
37 77 0.083333
53 77 0.083333
54 77 0.083333
56 77 0.083333
59 77 0.083333
89 77 0.083333
90 77 0.083333
5 93 0.076923
9 93 0.076923
17 93 0.076923
22 93 0.076923
29 93 0.076923
40 93 0.076923
54 93 0.076923
66 93 0.076923
76 93 0.076923
86 93 0.076923
88 93 0.076923
89 93 0.076923
98 93 0.076923
6 19 0.055556
7 19 0.055556
11 19 0.055556
14 19 0.055556
18 19 0.055556
23 19 0.055556
28 19 0.055556
29 19 0.055556
30 19 0.055556
39 19 0.055556
40 19 0.055556
45 19 0.055556
57 19 0.055556
62 19 0.055556
66 19 0.055556
79 19 0.055556
92 19 0.055556
101 19 0.055556
6 39 0.076923
14 39 0.076923
19 39 0.076923
31 39 0.076923
46 39 0.076923
55 39 0.076923
61 39 0.076923
75 39 0.076923
82 39 0.076923
83 39 0.076923
87 39 0.076923
88 39 0.076923
98 39 0.076923
6 75 0.052632
7 75 0.052632
9 75 0.052632
11 75 0.052632
12 75 0.052632
22 75 0.052632
26 75 0.052632
33 75 0.052632
37 75 0.052632
39 75 0.052632
41 75 0.052632
61 75 0.052632
65 75 0.052632
66 75 0.052632
79 75 0.052632
81 75 0.052632
83 75 0.052632
90 75 0.052632
94 75 0.052632
6 83 0.066667
16 83 0.066667
24 83 0.066667
27 83 0.066667
29 83 0.066667
36 83 0.066667
39 83 0.066667
45 83 0.066667
47 83 0.066667
75 83 0.066667
87 83 0.066667
92 83 0.066667
96 83 0.066667
98 83 0.066667
101 83 0.066667
7 36 0.05
9 36 0.05
11 36 0.05
14 36 0.05
16 36 0.05
25 36 0.05
29 36 0.05
38 36 0.05
45 36 0.05
47 36 0.05
52 36 0.05
64 36 0.05
69 36 0.05
70 36 0.05
73 36 0.05
78 36 0.05
83 36 0.05
88 36 0.05
94 36 0.05
95 36 0.05
7 50 0.083333
8 50 0.083333
13 50 0.083333
15 50 0.083333
16 50 0.083333
22 50 0.083333
55 50 0.083333
62 50 0.083333
64 50 0.083333
68 50 0.083333
82 50 0.083333
92 50 0.083333
7 79 0.055556
10 79 0.055556
19 79 0.055556
23 79 0.055556
28 79 0.055556
33 79 0.055556
35 79 0.055556
38 79 0.055556
41 79 0.055556
49 79 0.055556
52 79 0.055556
55 79 0.055556
62 79 0.055556
67 79 0.055556
75 79 0.055556
78 79 0.055556
85 79 0.055556
100 79 0.055556
8 71 0.052632
16 71 0.052632
20 71 0.052632
21 71 0.052632
22 71 0.052632
25 71 0.052632
27 71 0.052632
35 71 0.052632
40 71 0.052632
59 71 0.052632
60 71 0.052632
62 71 0.052632
74 71 0.052632
82 71 0.052632
84 71 0.052632
85 71 0.052632
89 71 0.052632
97 71 0.052632
98 71 0.052632
8 78 0.045455
12 78 0.045455
13 78 0.045455
20 78 0.045455
22 78 0.045455
27 78 0.045455
28 78 0.045455
30 78 0.045455
36 78 0.045455
37 78 0.045455
38 78 0.045455
48 78 0.045455
51 78 0.045455
55 78 0.045455
60 78 0.045455
61 78 0.045455
66 78 0.045455
69 78 0.045455
79 78 0.045455
82 78 0.045455
89 78 0.045455
98 78 0.045455
9 20 0.090909
14 20 0.090909
18 20 0.090909
21 20 0.090909
47 20 0.090909
62 20 0.090909
67 20 0.090909
71 20 0.090909
78 20 0.090909
95 20 0.090909
101 20 0.090909
9 85 0.083333
32 85 0.083333
34 85 0.083333
49 85 0.083333
65 85 0.083333
71 85 0.083333
73 85 0.083333
74 85 0.083333
79 85 0.083333
82 85 0.083333
96 85 0.083333
101 85 0.083333
9 101 0.052632
14 101 0.052632
18 101 0.052632
19 101 0.052632
20 101 0.052632
23 101 0.052632
24 101 0.052632
32 101 0.052632
40 101 0.052632
43 101 0.052632
44 101 0.052632
49 101 0.052632
61 101 0.052632
68 101 0.052632
72 101 0.052632
82 101 0.052632
83 101 0.052632
85 101 0.052632
98 101 0.052632
10 26 0.1
31 26 0.1
44 26 0.1
47 26 0.1
48 26 0.1
73 26 0.1
75 26 0.1
88 26 0.1
90 26 0.1
96 26 0.1
10 35 0.076923
12 35 0.076923
14 35 0.076923
30 35 0.076923
31 35 0.076923
38 35 0.076923
52 35 0.076923
55 35 0.076923
57 35 0.076923
59 35 0.076923
71 35 0.076923
79 35 0.076923
89 35 0.076923
10 62 0.076923
17 62 0.076923
19 62 0.076923
20 62 0.076923
46 62 0.076923
50 62 0.076923
68 62 0.076923
69 62 0.076923
71 62 0.076923
73 62 0.076923
79 62 0.076923
94 62 0.076923
97 62 0.076923
10 99 0.076923
21 99 0.076923
30 99 0.076923
38 99 0.076923
44 99 0.076923
45 99 0.076923
47 99 0.076923
54 99 0.076923
61 99 0.076923
70 99 0.076923
80 99 0.076923
88 99 0.076923
97 99 0.076923
12 60 0.066667
22 60 0.066667
31 60 0.066667
43 60 0.066667
46 60 0.066667
54 60 0.066667
63 60 0.066667
65 60 0.066667
66 60 0.066667
69 60 0.066667
71 60 0.066667
73 60 0.066667
78 60 0.066667
81 60 0.066667
82 60 0.066667
13 28 0.071429
16 28 0.071429
19 28 0.071429
24 28 0.071429
40 28 0.071429
42 28 0.071429
44 28 0.071429
55 28 0.071429
66 28 0.071429
67 28 0.071429
78 28 0.071429
79 28 0.071429
80 28 0.071429
89 28 0.071429
13 72 0.076923
23 72 0.076923
30 72 0.076923
33 72 0.076923
41 72 0.076923
43 72 0.076923
44 72 0.076923
47 72 0.076923
48 72 0.076923
59 72 0.076923
69 72 0.076923
76 72 0.076923
101 72 0.076923
16 30 0.076923
19 30 0.076923
35 30 0.076923
45 30 0.076923
49 30 0.076923
55 30 0.076923
69 30 0.076923
72 30 0.076923
78 30 0.076923
88 30 0.076923
89 30 0.076923
92 30 0.076923
99 30 0.076923
16 80 0.083333
18 80 0.083333
25 80 0.083333
27 80 0.083333
28 80 0.083333
31 80 0.083333
33 80 0.083333
43 80 0.083333
46 80 0.083333
67 80 0.083333
88 80 0.083333
99 80 0.083333
18 22 0.055556
50 22 0.055556
51 22 0.055556
54 22 0.055556
60 22 0.055556
63 22 0.055556
64 22 0.055556
71 22 0.055556
75 22 0.055556
78 22 0.055556
84 22 0.055556
86 22 0.055556
87 22 0.055556
93 22 0.055556
94 22 0.055556
96 22 0.055556
97 22 0.055556
98 22 0.055556
18 58 0.1
27 58 0.1
33 58 0.1
47 58 0.1
49 58 0.1
64 58 0.1
65 58 0.1
70 58 0.1
74 58 0.1
81 58 0.1
19 40 0.0625
24 40 0.0625
28 40 0.0625
34 40 0.0625
43 40 0.0625
46 40 0.0625
47 40 0.0625
48 40 0.0625
49 40 0.0625
56 40 0.0625
59 40 0.0625
65 40 0.0625
68 40 0.0625
71 40 0.0625
93 40 0.0625
101 40 0.0625
21 96 0.125
22 96 0.125
26 96 0.125
65 96 0.125
82 96 0.125
83 96 0.125
85 96 0.125
89 96 0.125
22 94 0.1
27 94 0.1
36 94 0.1
46 94 0.1
48 94 0.1
51 94 0.1
62 94 0.1
65 94 0.1
70 94 0.1
75 94 0.1
22 97 0.066667
25 97 0.066667
29 97 0.066667
38 97 0.066667
42 97 0.066667
48 97 0.066667
49 97 0.066667
55 97 0.066667
57 97 0.066667
62 97 0.066667
64 97 0.066667
69 97 0.066667
71 97 0.066667
98 97 0.066667
99 97 0.066667
23 70 0.083333
29 70 0.083333
36 70 0.083333
42 70 0.083333
55 70 0.083333
56 70 0.083333
58 70 0.083333
66 70 0.083333
81 70 0.083333
94 70 0.083333
95 70 0.083333
99 70 0.083333
11 0 0.047619
12 0 0.047619
18 0 0.047619
23 0 0.047619
24 0 0.047619
32 0 0.047619
33 0 0.047619
38 0 0.047619
41 0 0.047619
42 0 0.047619
48 0 0.047619
56 0 0.047619
65 0 0.047619
66 0 0.047619
67 0 0.047619
68 0 0.047619
81 0 0.047619
82 0 0.047619
88 0 0.047619
92 0 0.047619
98 0 0.047619
10 1 0.076923
13 1 0.076923
31 1 0.076923
34 1 0.076923
37 1 0.076923
45 1 0.076923
46 1 0.076923
51 1 0.076923
63 1 0.076923
65 1 0.076923
74 1 0.076923
84 1 0.076923
87 1 0.076923
5 2 0.066667
9 2 0.066667
11 2 0.066667
13 2 0.066667
17 2 0.066667
21 2 0.066667
29 2 0.066667
44 2 0.066667
48 2 0.066667
53 2 0.066667
63 2 0.066667
64 2 0.066667
84 2 0.066667
91 2 0.066667
98 2 0.066667
9 3 0.047619
11 3 0.047619
12 3 0.047619
14 3 0.047619
25 3 0.047619
27 3 0.047619
38 3 0.047619
44 3 0.047619
46 3 0.047619
49 3 0.047619
54 3 0.047619
55 3 0.047619
59 3 0.047619
63 3 0.047619
67 3 0.047619
76 3 0.047619
81 3 0.047619
82 3 0.047619
86 3 0.047619
90 3 0.047619
95 3 0.047619
14 4 0.0625
15 4 0.0625
17 4 0.0625
23 4 0.0625
37 4 0.0625
43 4 0.0625
44 4 0.0625
47 4 0.0625
52 4 0.0625
54 4 0.0625
57 4 0.0625
69 4 0.0625
73 4 0.0625
89 4 0.0625
98 4 0.0625
100 4 0.0625
19 6 0.0625
25 6 0.0625
34 6 0.0625
37 6 0.0625
39 6 0.0625
41 6 0.0625
43 6 0.0625
47 6 0.0625
52 6 0.0625
55 6 0.0625
56 6 0.0625
65 6 0.0625
69 6 0.0625
75 6 0.0625
83 6 0.0625
87 6 0.0625
9 7 0.083333
15 7 0.083333
19 7 0.083333
23 7 0.083333
25 7 0.083333
36 7 0.083333
50 7 0.083333
61 7 0.083333
73 7 0.083333
75 7 0.083333
79 7 0.083333
91 7 0.083333
12 8 0.090909
24 8 0.090909
50 8 0.090909
57 8 0.090909
71 8 0.090909
76 8 0.090909
77 8 0.090909
78 8 0.090909
81 8 0.090909
92 8 0.090909
98 8 0.090909
28 16 0.071429
30 16 0.071429
36 16 0.071429
42 16 0.071429
50 16 0.071429
51 16 0.071429
55 16 0.071429
63 16 0.071429
66 16 0.071429
68 16 0.071429
71 16 0.071429
80 16 0.071429
82 16 0.071429
83 16 0.071429
