0 1 0.142857
2 1 0.142857
3 1 0.142857
379 1 0.142857
4 1 0.142857
378 1 0.142857
5 1 0.142857
0 379 0.125
1 379 0.125
2 379 0.125
3 379 0.125
375 379 0.125
376 379 0.125
377 379 0.125
378 379 0.125
0 2 0.125
1 2 0.125
3 2 0.125
4 2 0.125
5 2 0.125
379 2 0.125
378 2 0.125
12 2 0.125
0 378 0.125
1 378 0.125
2 378 0.125
374 378 0.125
375 378 0.125
376 378 0.125
377 378 0.125
379 378 0.125
0 3 0.125
1 3 0.125
2 3 0.125
4 3 0.125
5 3 0.125
6 3 0.125
7 3 0.125
379 3 0.125
0 377 0.125
372 377 0.125
373 377 0.125
374 377 0.125
375 377 0.125
376 377 0.125
378 377 0.125
379 377 0.125
0 4 0.111111
1 4 0.111111
2 4 0.111111
3 4 0.111111
5 4 0.111111
6 4 0.111111
7 4 0.111111
8 4 0.111111
237 4 0.111111
0 376 0.111111
132 376 0.111111
372 376 0.111111
373 376 0.111111
374 376 0.111111
375 376 0.111111
377 376 0.111111
378 376 0.111111
379 376 0.111111
1 5 0.111111
2 5 0.111111
3 5 0.111111
4 5 0.111111
6 5 0.111111
7 5 0.111111
8 5 0.111111
9 5 0.111111
157 5 0.111111
2 12 0.111111
8 12 0.111111
9 12 0.111111
10 12 0.111111
11 12 0.111111
13 12 0.111111
14 12 0.111111
15 12 0.111111
16 12 0.111111
3 6 0.142857
4 6 0.142857
5 6 0.142857
7 6 0.142857
8 6 0.142857
9 6 0.142857
10 6 0.142857
3 7 0.125
4 7 0.125
5 7 0.125
6 7 0.125
8 7 0.125
9 7 0.125
10 7 0.125
11 7 0.125
4 8 0.125
5 8 0.125
6 8 0.125
7 8 0.125
9 8 0.125
10 8 0.125
11 8 0.125
12 8 0.125
4 237 0.166667
233 237 0.166667
236 237 0.166667
238 237 0.166667
239 237 0.166667
241 237 0.166667
5 9 0.125
6 9 0.125
7 9 0.125
8 9 0.125
11 9 0.125
12 9 0.125
13 9 0.125
153 9 0.125
5 157 0.125
153 157 0.125
154 157 0.125
155 157 0.125
156 157 0.125
158 157 0.125
159 157 0.125
160 157 0.125
6 10 0.142857
7 10 0.142857
8 10 0.142857
11 10 0.142857
12 10 0.142857
13 10 0.142857
14 10 0.142857
7 11 0.125
8 11 0.125
9 11 0.125
10 11 0.125
12 11 0.125
13 11 0.125
14 11 0.125
15 11 0.125
9 13 0.111111
10 13 0.111111
11 13 0.111111
12 13 0.111111
14 13 0.111111
17 13 0.111111
340 13 0.111111
177 13 0.111111
329 13 0.111111
9 153 0.111111
149 153 0.111111
150 153 0.111111
151 153 0.111111
152 153 0.111111
154 153 0.111111
155 153 0.111111
157 153 0.111111
292 153 0.111111
10 14 0.111111
11 14 0.111111
12 14 0.111111
13 14 0.111111
16 14 0.111111
17 14 0.111111
18 14 0.111111
238 14 0.111111
193 14 0.111111
11 15 0.166667
12 15 0.166667
16 15 0.166667
18 15 0.166667
96 15 0.166667
187 15 0.166667
12 16 0.142857
14 16 0.142857
15 16 0.142857
17 16 0.142857
18 16 0.142857
19 16 0.142857
48 16 0.142857
13 17 0.125
14 17 0.125
16 17 0.125
18 17 0.125
19 17 0.125
20 17 0.125
63 17 0.125
360 17 0.125
13 340 0.111111
62 340 0.111111
145 340 0.111111
336 340 0.111111
337 340 0.111111
338 340 0.111111
339 340 0.111111
343 340 0.111111
344 340 0.111111
13 177 0.111111
173 177 0.111111
174 177 0.111111
175 177 0.111111
176 177 0.111111
178 177 0.111111
179 177 0.111111
180 177 0.111111
209 177 0.111111
13 329 0.125
326 329 0.125
327 329 0.125
330 329 0.125
331 329 0.125
332 329 0.125
333 329 0.125
346 329 0.125
14 18 0.125
15 18 0.125
16 18 0.125
17 18 0.125
20 18 0.125
21 18 0.125
22 18 0.125
307 18 0.125
14 238 0.111111
234 238 0.111111
235 238 0.111111
236 238 0.111111
237 238 0.111111
239 238 0.111111
240 238 0.111111
241 238 0.111111
242 238 0.111111
14 193 0.1
189 193 0.1
190 193 0.1
191 193 0.1
192 193 0.1
194 193 0.1
196 193 0.1
209 193 0.1
350 193 0.1
264 193 0.1
15 96 0.111111
50 96 0.111111
92 96 0.111111
93 96 0.111111
94 96 0.111111
97 96 0.111111
98 96 0.111111
99 96 0.111111
100 96 0.111111
15 187 0.125
184 187 0.125
185 187 0.125
186 187 0.125
189 187 0.125
190 187 0.125
191 187 0.125
220 187 0.125
16 19 0.166667
17 19 0.166667
20 19 0.166667
21 19 0.166667
22 19 0.166667
169 19 0.166667
16 48 0.111111
44 48 0.111111
45 48 0.111111
46 48 0.111111
47 48 0.111111
49 48 0.111111
50 48 0.111111
51 48 0.111111
52 48 0.111111
17 20 0.142857
18 20 0.142857
19 20 0.142857
21 20 0.142857
22 20 0.142857
23 20 0.142857
372 20 0.142857
17 63 0.166667
59 63 0.166667
62 63 0.166667
64 63 0.166667
65 63 0.166667
67 63 0.166667
17 360 0.090909
65 360 0.090909
118 360 0.090909
180 360 0.090909
246 360 0.090909
356 360 0.090909
357 360 0.090909
358 360 0.090909
359 360 0.090909
363 360 0.090909
364 360 0.090909
18 21 0.142857
19 21 0.142857
20 21 0.142857
22 21 0.142857
23 21 0.142857
315 21 0.142857
142 21 0.142857
18 22 0.125
19 22 0.125
20 22 0.125
21 22 0.125
23 22 0.125
24 22 0.125
25 22 0.125
26 22 0.125
18 307 0.111111
81 307 0.111111
303 307 0.111111
304 307 0.111111
305 307 0.111111
306 307 0.111111
308 307 0.111111
310 307 0.111111
311 307 0.111111
19 169 0.125
166 169 0.125
167 169 0.125
168 169 0.125
170 169 0.125
171 169 0.125
172 169 0.125
173 169 0.125
20 23 0.142857
21 23 0.142857
22 23 0.142857
24 23 0.142857
25 23 0.142857
26 23 0.142857
27 23 0.142857
20 372 0.111111
335 372 0.111111
368 372 0.111111
369 372 0.111111
370 372 0.111111
373 372 0.111111
374 372 0.111111
376 372 0.111111
377 372 0.111111
21 315 0.1
127 315 0.1
311 315 0.1
312 315 0.1
313 315 0.1
314 315 0.1
316 315 0.1
317 315 0.1
318 315 0.1
319 315 0.1
21 142 0.1
76 142 0.1
138 142 0.1
139 142 0.1
140 142 0.1
141 142 0.1
143 142 0.1
144 142 0.1
145 142 0.1
146 142 0.1
22 24 0.166667
23 24 0.166667
25 24 0.166667
26 24 0.166667
27 24 0.166667
28 24 0.166667
22 25 0.142857
23 25 0.142857
24 25 0.142857
27 25 0.142857
28 25 0.142857
29 25 0.142857
81 25 0.142857
22 26 0.142857
23 26 0.142857
24 26 0.142857
27 26 0.142857
29 26 0.142857
30 26 0.142857
343 26 0.142857
23 27 0.111111
24 27 0.111111
25 27 0.111111
26 27 0.111111
28 27 0.111111
29 27 0.111111
30 27 0.111111
31 27 0.111111
147 27 0.111111
24 28 0.142857
25 28 0.142857
27 28 0.142857
29 28 0.142857
30 28 0.142857
31 28 0.142857
32 28 0.142857
25 29 0.090909
26 29 0.090909
27 29 0.090909
28 29 0.090909
31 29 0.090909
33 29 0.090909
94 29 0.090909
247 29 0.090909
135 29 0.090909
222 29 0.090909
172 29 0.090909
25 81 0.090909
77 81 0.090909
78 81 0.090909
79 81 0.090909
80 81 0.090909
82 81 0.090909
83 81 0.090909
84 81 0.090909
85 81 0.090909
307 81 0.090909
361 81 0.090909
26 30 0.142857
27 30 0.142857
28 30 0.142857
31 30 0.142857
32 30 0.142857
33 30 0.142857
34 30 0.142857
26 343 0.111111
326 343 0.111111
340 343 0.111111
341 343 0.111111
342 343 0.111111
344 343 0.111111
345 343 0.111111
346 343 0.111111
347 343 0.111111
27 31 0.125
28 31 0.125
29 31 0.125
30 31 0.125
32 31 0.125
33 31 0.125
34 31 0.125
35 31 0.125
27 147 0.125
143 147 0.125
144 147 0.125
145 147 0.125
146 147 0.125
150 147 0.125
151 147 0.125
265 147 0.125
28 32 0.125
30 32 0.125
31 32 0.125
33 32 0.125
34 32 0.125
35 32 0.125
36 32 0.125
283 32 0.125
29 33 0.125
30 33 0.125
31 33 0.125
32 33 0.125
34 33 0.125
35 33 0.125
36 33 0.125
37 33 0.125
29 94 0.111111
90 94 0.111111
91 94 0.111111
92 94 0.111111
95 94 0.111111
96 94 0.111111
97 94 0.111111
98 94 0.111111
261 94 0.111111
29 247 0.1
37 247 0.1
243 247 0.1
244 247 0.1
245 247 0.1
246 247 0.1
248 247 0.1
249 247 0.1
250 247 0.1
251 247 0.1
29 135 0.142857
131 135 0.142857
133 135 0.142857
134 135 0.142857
136 135 0.142857
137 135 0.142857
139 135 0.142857
29 222 0.125
148 222 0.125
218 222 0.125
219 222 0.125
220 222 0.125
221 222 0.125
224 222 0.125
226 222 0.125
29 172 0.111111
160 172 0.111111
168 172 0.111111
169 172 0.111111
170 172 0.111111
171 172 0.111111
173 172 0.111111
174 172 0.111111
227 172 0.111111
30 34 0.125
31 34 0.125
32 34 0.125
33 34 0.125
35 34 0.125
36 34 0.125
37 34 0.125
38 34 0.125
31 35 0.111111
32 35 0.111111
33 35 0.111111
34 35 0.111111
36 35 0.111111
38 35 0.111111
39 35 0.111111
235 35 0.111111
199 35 0.111111
32 36 0.125
33 36 0.125
34 36 0.125
35 36 0.125
37 36 0.125
38 36 0.125
39 36 0.125
40 36 0.125
32 283 0.125
279 283 0.125
280 283 0.125
281 283 0.125
282 283 0.125
284 283 0.125
286 283 0.125
287 283 0.125
33 37 0.142857
34 37 0.142857
36 37 0.142857
38 37 0.142857
39 37 0.142857
40 37 0.142857
247 37 0.142857
34 38 0.111111
35 38 0.111111
36 38 0.111111
37 38 0.111111
39 38 0.111111
40 38 0.111111
42 38 0.111111
61 38 0.111111
116 38 0.111111
35 39 0.125
36 39 0.125
37 39 0.125
38 39 0.125
40 39 0.125
41 39 0.125
42 39 0.125
43 39 0.125
35 235 0.111111
225 235 0.111111
231 235 0.111111
232 235 0.111111
233 235 0.111111
234 235 0.111111
236 235 0.111111
238 235 0.111111
239 235 0.111111
35 199 0.125
195 199 0.125
196 199 0.125
197 199 0.125
198 199 0.125
200 199 0.125
201 199 0.125
202 199 0.125
36 40 0.111111
37 40 0.111111
38 40 0.111111
39 40 0.111111
42 40 0.111111
185 40 0.111111
245 40 0.111111
212 40 0.111111
206 40 0.111111
38 42 0.125
39 42 0.125
40 42 0.125
41 42 0.125
43 42 0.125
44 42 0.125
45 42 0.125
134 42 0.125
38 61 0.125
57 61 0.125
58 61 0.125
59 61 0.125
60 61 0.125
62 61 0.125
64 61 0.125
289 61 0.125
38 116 0.111111
112 116 0.111111
113 116 0.111111
114 116 0.111111
115 116 0.111111
117 116 0.111111
118 116 0.111111
119 116 0.111111
120 116 0.111111
39 41 0.142857
42 41 0.142857
43 41 0.142857
44 41 0.142857
45 41 0.142857
70 41 0.142857
165 41 0.142857
39 43 0.142857
41 43 0.142857
42 43 0.142857
44 43 0.142857
46 43 0.142857
47 43 0.142857
111 43 0.142857
40 185 0.1
129 185 0.1
181 185 0.1
182 185 0.1
183 185 0.1
184 185 0.1
186 185 0.1
187 185 0.1
188 185 0.1
189 185 0.1
40 245 0.166667
241 245 0.166667
246 245 0.166667
247 245 0.166667
248 245 0.166667
249 245 0.166667
40 212 0.125
101 212 0.125
209 212 0.125
210 212 0.125
211 212 0.125
214 212 0.125
215 212 0.125
216 212 0.125
40 206 0.125
202 206 0.125
203 206 0.125
204 206 0.125
205 206 0.125
207 206 0.125
208 206 0.125
209 206 0.125
41 44 0.142857
42 44 0.142857
43 44 0.142857
45 44 0.142857
46 44 0.142857
47 44 0.142857
48 44 0.142857
41 45 0.142857
42 45 0.142857
44 45 0.142857
46 45 0.142857
47 45 0.142857
48 45 0.142857
49 45 0.142857
41 70 0.125
66 70 0.125
67 70 0.125
68 70 0.125
69 70 0.125
72 70 0.125
74 70 0.125
110 70 0.125
41 165 0.125
161 165 0.125
162 165 0.125
163 165 0.125
164 165 0.125
166 165 0.125
167 165 0.125
168 165 0.125
42 134 0.111111
130 134 0.111111
131 134 0.111111
132 134 0.111111
133 134 0.111111
135 134 0.111111
136 134 0.111111
137 134 0.111111
138 134 0.111111
43 46 0.142857
44 46 0.142857
45 46 0.142857
48 46 0.142857
49 46 0.142857
197 46 0.142857
95 46 0.142857
43 47 0.142857
44 47 0.142857
45 47 0.142857
48 47 0.142857
49 47 0.142857
50 47 0.142857
51 47 0.142857
43 111 0.125
107 111 0.125
109 111 0.125
110 111 0.125
112 111 0.125
113 111 0.125
114 111 0.125
115 111 0.125
45 49 0.125
46 49 0.125
47 49 0.125
48 49 0.125
50 49 0.125
51 49 0.125
52 49 0.125
53 49 0.125
46 197 0.142857
194 197 0.142857
195 197 0.142857
198 197 0.142857
199 197 0.142857
201 197 0.142857
263 197 0.142857
46 95 0.125
51 95 0.125
91 95 0.125
93 95 0.125
94 95 0.125
97 95 0.125
99 95 0.125
207 95 0.125
47 50 0.142857
48 50 0.142857
49 50 0.142857
51 50 0.142857
53 50 0.142857
54 50 0.142857
96 50 0.142857
47 51 0.090909
48 51 0.090909
49 51 0.090909
50 51 0.090909
53 51 0.090909
54 51 0.090909
210 51 0.090909
95 51 0.090909
102 51 0.090909
202 51 0.090909
339 51 0.090909
48 52 0.166667
49 52 0.166667
53 52 0.166667
54 52 0.166667
56 52 0.166667
65 52 0.166667
49 53 0.111111
50 53 0.111111
51 53 0.111111
52 53 0.111111
54 53 0.111111
55 53 0.111111
56 53 0.111111
57 53 0.111111
353 53 0.111111
50 54 0.125
51 54 0.125
52 54 0.125
53 54 0.125
55 54 0.125
57 54 0.125
58 54 0.125
362 54 0.125
51 210 0.142857
207 210 0.142857
208 210 0.142857
211 210 0.142857
212 210 0.142857
213 210 0.142857
214 210 0.142857
51 102 0.125
98 102 0.125
99 102 0.125
100 102 0.125
101 102 0.125
103 102 0.125
104 102 0.125
106 102 0.125
51 202 0.1
62 202 0.1
198 202 0.1
199 202 0.1
200 202 0.1
201 202 0.1
203 202 0.1
204 202 0.1
205 202 0.1
206 202 0.1
51 339 0.111111
66 339 0.111111
335 339 0.111111
336 339 0.111111
337 339 0.111111
338 339 0.111111
340 339 0.111111
341 339 0.111111
342 339 0.111111
52 56 0.142857
53 56 0.142857
55 56 0.142857
57 56 0.142857
58 56 0.142857
59 56 0.142857
60 56 0.142857
52 65 0.125
62 65 0.125
63 65 0.125
64 65 0.125
66 65 0.125
67 65 0.125
69 65 0.125
360 65 0.125
53 55 0.166667
54 55 0.166667
56 55 0.166667
57 55 0.166667
59 55 0.166667
171 55 0.166667
53 57 0.125
54 57 0.125
55 57 0.125
56 57 0.125
58 57 0.125
59 57 0.125
60 57 0.125
61 57 0.125
53 353 0.125
349 353 0.125
350 353 0.125
351 353 0.125
352 353 0.125
355 353 0.125
356 353 0.125
357 353 0.125
54 58 0.142857
56 58 0.142857
57 58 0.142857
59 58 0.142857
60 58 0.142857
61 58 0.142857
62 58 0.142857
54 362 0.125
358 362 0.125
359 362 0.125
361 362 0.125
363 362 0.125
364 362 0.125
365 362 0.125
366 362 0.125
55 59 0.125
56 59 0.125
57 59 0.125
58 59 0.125
60 59 0.125
61 59 0.125
62 59 0.125
63 59 0.125
55 171 0.125
167 171 0.125
169 171 0.125
170 171 0.125
172 171 0.125
173 171 0.125
174 171 0.125
175 171 0.125
56 60 0.125
57 60 0.125
58 60 0.125
59 60 0.125
61 60 0.125
62 60 0.125
64 60 0.125
345 60 0.125
58 62 0.111111
59 62 0.111111
60 62 0.111111
61 62 0.111111
63 62 0.111111
65 62 0.111111
66 62 0.111111
202 62 0.111111
340 62 0.111111
60 64 0.142857
61 64 0.142857
63 64 0.142857
65 64 0.142857
66 64 0.142857
67 64 0.142857
68 64 0.142857
60 345 0.125
232 345 0.125
342 345 0.125
343 345 0.125
344 345 0.125
346 345 0.125
348 345 0.125
349 345 0.125
61 289 0.111111
285 289 0.111111
286 289 0.111111
287 289 0.111111
288 289 0.111111
290 289 0.111111
291 289 0.111111
292 289 0.111111
293 289 0.111111
62 66 0.142857
64 66 0.142857
65 66 0.142857
68 66 0.142857
69 66 0.142857
70 66 0.142857
339 66 0.142857
63 67 0.142857
64 67 0.142857
65 67 0.142857
69 67 0.142857
70 67 0.142857
71 67 0.142857
106 67 0.142857
64 68 0.166667
66 68 0.166667
70 68 0.166667
71 68 0.166667
72 68 0.166667
277 68 0.166667
65 69 0.142857
66 69 0.142857
67 69 0.142857
70 69 0.142857
71 69 0.142857
72 69 0.142857
73 69 0.142857
67 71 0.125
68 71 0.125
69 71 0.125
72 71 0.125
73 71 0.125
74 71 0.125
75 71 0.125
196 71 0.125
67 106 0.111111
102 106 0.111111
103 106 0.111111
104 106 0.111111
105 106 0.111111
107 106 0.111111
108 106 0.111111
109 106 0.111111
110 106 0.111111
68 72 0.125
69 72 0.125
70 72 0.125
71 72 0.125
73 72 0.125
74 72 0.125
75 72 0.125
76 72 0.125
68 277 0.111111
273 277 0.111111
274 277 0.111111
275 277 0.111111
276 277 0.111111
278 277 0.111111
279 277 0.111111
280 277 0.111111
281 277 0.111111
69 73 0.142857
71 73 0.142857
72 73 0.142857
74 73 0.142857
75 73 0.142857
76 73 0.142857
77 73 0.142857
70 74 0.125
71 74 0.125
72 74 0.125
73 74 0.125
75 74 0.125
76 74 0.125
77 74 0.125
78 74 0.125
70 110 0.125
106 110 0.125
107 110 0.125
108 110 0.125
111 110 0.125
112 110 0.125
114 110 0.125
162 110 0.125
71 75 0.125
72 75 0.125
73 75 0.125
74 75 0.125
76 75 0.125
77 75 0.125
78 75 0.125
79 75 0.125
71 196 0.125
192 196 0.125
193 196 0.125
194 196 0.125
195 196 0.125
198 196 0.125
199 196 0.125
200 196 0.125
72 76 0.125
73 76 0.125
74 76 0.125
75 76 0.125
77 76 0.125
78 76 0.125
80 76 0.125
142 76 0.125
73 77 0.125
74 77 0.125
75 77 0.125
76 77 0.125
78 77 0.125
80 77 0.125
81 77 0.125
183 77 0.125
74 78 0.111111
75 78 0.111111
76 78 0.111111
77 78 0.111111
79 78 0.111111
80 78 0.111111
81 78 0.111111
254 78 0.111111
258 78 0.111111
75 79 0.166667
78 79 0.166667
80 79 0.166667
81 79 0.166667
82 79 0.166667
83 79 0.166667
76 80 0.1
77 80 0.1
78 80 0.1
79 80 0.1
81 80 0.1
82 80 0.1
83 80 0.1
84 80 0.1
114 80 0.1
132 80 0.1
77 183 0.1
179 183 0.1
180 183 0.1
181 183 0.1
182 183 0.1
184 183 0.1
185 183 0.1
186 183 0.1
258 183 0.1
220 183 0.1
78 254 0.111111
250 254 0.111111
251 254 0.111111
252 254 0.111111
253 254 0.111111
255 254 0.111111
256 254 0.111111
257 254 0.111111
258 254 0.111111
78 258 0.125
183 258 0.125
254 258 0.125
255 258 0.125
256 258 0.125
257 258 0.125
259 258 0.125
260 258 0.125
79 82 0.142857
80 82 0.142857
81 82 0.142857
83 82 0.142857
84 82 0.142857
85 82 0.142857
86 82 0.142857
79 83 0.125
80 83 0.125
81 83 0.125
82 83 0.125
84 83 0.125
85 83 0.125
87 83 0.125
313 83 0.125
80 84 0.111111
81 84 0.111111
82 84 0.111111
83 84 0.111111
86 84 0.111111
87 84 0.111111
88 84 0.111111
295 84 0.111111
369 84 0.111111
80 114 0.125
92 114 0.125
110 114 0.125
111 114 0.125
112 114 0.125
116 114 0.125
117 114 0.125
118 114 0.125
80 132 0.125
122 132 0.125
128 132 0.125
130 132 0.125
131 132 0.125
134 132 0.125
136 132 0.125
376 132 0.125
81 85 0.142857
82 85 0.142857
83 85 0.142857
86 85 0.142857
87 85 0.142857
88 85 0.142857
89 85 0.142857
81 361 0.142857
357 361 0.142857
358 361 0.142857
359 361 0.142857
362 361 0.142857
364 361 0.142857
365 361 0.142857
82 86 0.142857
84 86 0.142857
85 86 0.142857
87 86 0.142857
88 86 0.142857
89 86 0.142857
90 86 0.142857
83 87 0.125
84 87 0.125
85 87 0.125
86 87 0.125
88 87 0.125
89 87 0.125
91 87 0.125
155 87 0.125
83 313 0.111111
103 313 0.111111
309 313 0.111111
310 313 0.111111
311 313 0.111111
312 313 0.111111
314 313 0.111111
315 313 0.111111
316 313 0.111111
84 88 0.125
85 88 0.125
86 88 0.125
87 88 0.125
89 88 0.125
90 88 0.125
91 88 0.125
92 88 0.125
84 295 0.142857
209 295 0.142857
291 295 0.142857
292 295 0.142857
296 295 0.142857
298 295 0.142857
299 295 0.142857
84 369 0.125
365 369 0.125
366 369 0.125
367 369 0.125
368 369 0.125
370 369 0.125
372 369 0.125
373 369 0.125
85 89 0.111111
86 89 0.111111
87 89 0.111111
88 89 0.111111
90 89 0.111111
91 89 0.111111
92 89 0.111111
93 89 0.111111
285 89 0.111111
86 90 0.125
88 90 0.125
89 90 0.125
91 90 0.125
92 90 0.125
93 90 0.125
94 90 0.125
250 90 0.125
87 91 0.125
88 91 0.125
89 91 0.125
90 91 0.125
92 91 0.125
93 91 0.125
94 91 0.125
95 91 0.125
87 155 0.111111
151 155 0.111111
152 155 0.111111
153 155 0.111111
154 155 0.111111
156 155 0.111111
157 155 0.111111
158 155 0.111111
159 155 0.111111
88 92 0.125
89 92 0.125
90 92 0.125
91 92 0.125
93 92 0.125
94 92 0.125
96 92 0.125
114 92 0.125
89 93 0.125
90 93 0.125
91 93 0.125
92 93 0.125
95 93 0.125
96 93 0.125
97 93 0.125
331 93 0.125
89 285 0.111111
163 285 0.111111
281 285 0.111111
282 285 0.111111
284 285 0.111111
286 285 0.111111
287 285 0.111111
289 285 0.111111
294 285 0.111111
90 250 0.111111
246 250 0.111111
247 250 0.111111
248 250 0.111111
249 250 0.111111
251 250 0.111111
252 250 0.111111
254 250 0.111111
325 250 0.111111
93 97 0.125
94 97 0.125
95 97 0.125
96 97 0.125
98 97 0.125
99 97 0.125
100 97 0.125
101 97 0.125
93 331 0.111111
215 331 0.111111
327 331 0.111111
328 331 0.111111
329 331 0.111111
330 331 0.111111
332 331 0.111111
333 331 0.111111
334 331 0.111111
94 98 0.142857
96 98 0.142857
97 98 0.142857
99 98 0.142857
100 98 0.142857
102 98 0.142857
146 98 0.142857
94 261 0.125
257 261 0.125
259 261 0.125
260 261 0.125
262 261 0.125
264 261 0.125
338 261 0.125
305 261 0.125
95 99 0.125
96 99 0.125
97 99 0.125
98 99 0.125
100 99 0.125
101 99 0.125
102 99 0.125
188 99 0.125
95 207 0.142857
205 207 0.142857
206 207 0.142857
208 207 0.142857
209 207 0.142857
210 207 0.142857
211 207 0.142857
96 100 0.125
97 100 0.125
98 100 0.125
99 100 0.125
101 100 0.125
102 100 0.125
103 100 0.125
104 100 0.125
97 101 0.111111
99 101 0.111111
100 101 0.111111
102 101 0.111111
103 101 0.111111
104 101 0.111111
105 101 0.111111
212 101 0.111111
264 101 0.111111
98 146 0.125
142 146 0.125
144 146 0.125
145 146 0.125
147 146 0.125
148 146 0.125
149 146 0.125
150 146 0.125
99 188 0.125
184 188 0.125
185 188 0.125
186 188 0.125
189 188 0.125
190 188 0.125
191 188 0.125
192 188 0.125
100 103 0.125
101 103 0.125
102 103 0.125
104 103 0.125
105 103 0.125
106 103 0.125
107 103 0.125
313 103 0.125
100 104 0.125
101 104 0.125
102 104 0.125
103 104 0.125
105 104 0.125
106 104 0.125
107 104 0.125
108 104 0.125
101 105 0.142857
103 105 0.142857
104 105 0.142857
106 105 0.142857
107 105 0.142857
108 105 0.142857
109 105 0.142857
101 264 0.125
193 264 0.125
219 264 0.125
260 264 0.125
261 264 0.125
263 264 0.125
266 264 0.125
287 264 0.125
103 107 0.111111
104 107 0.111111
105 107 0.111111
106 107 0.111111
108 107 0.111111
109 107 0.111111
110 107 0.111111
111 107 0.111111
148 107 0.111111
104 108 0.125
105 108 0.125
106 108 0.125
107 108 0.125
109 108 0.125
110 108 0.125
112 108 0.125
344 108 0.125
105 109 0.125
106 109 0.125
107 109 0.125
108 109 0.125
111 109 0.125
112 109 0.125
113 109 0.125
292 109 0.125
107 148 0.125
144 148 0.125
145 148 0.125
146 148 0.125
149 148 0.125
151 148 0.125
152 148 0.125
222 148 0.125
108 112 0.125
109 112 0.125
110 112 0.125
111 112 0.125
113 112 0.125
114 112 0.125
115 112 0.125
116 112 0.125
108 344 0.090909
115 344 0.090909
317 344 0.090909
340 344 0.090909
341 344 0.090909
342 344 0.090909
343 344 0.090909
345 344 0.090909
346 344 0.090909
347 344 0.090909
348 344 0.090909
109 113 0.142857
111 113 0.142857
112 113 0.142857
115 113 0.142857
116 113 0.142857
117 113 0.142857
290 113 0.142857
109 292 0.090909
153 292 0.090909
178 292 0.090909
288 292 0.090909
289 292 0.090909
290 292 0.090909
291 292 0.090909
293 292 0.090909
294 292 0.090909
295 292 0.090909
296 292 0.090909
110 162 0.111111
158 162 0.111111
159 162 0.111111
160 162 0.111111
161 162 0.111111
163 162 0.111111
164 162 0.111111
165 162 0.111111
166 162 0.111111
111 115 0.142857
112 115 0.142857
113 115 0.142857
116 115 0.142857
118 115 0.142857
119 115 0.142857
344 115 0.142857
113 117 0.125
114 117 0.125
116 117 0.125
118 117 0.125
119 117 0.125
120 117 0.125
121 117 0.125
334 117 0.125
113 290 0.1
286 290 0.1
287 290 0.1
288 290 0.1
289 290 0.1
291 290 0.1
292 290 0.1
293 290 0.1
294 290 0.1
328 290 0.1
114 118 0.111111
115 118 0.111111
116 118 0.111111
117 118 0.111111
119 118 0.111111
120 118 0.111111
121 118 0.111111
122 118 0.111111
360 118 0.111111
115 119 0.111111
116 119 0.111111
117 119 0.111111
118 119 0.111111
120 119 0.111111
121 119 0.111111
122 119 0.111111
123 119 0.111111
203 119 0.111111
116 120 0.111111
117 120 0.111111
118 120 0.111111
119 120 0.111111
121 120 0.111111
122 120 0.111111
123 120 0.111111
124 120 0.111111
347 120 0.111111
117 121 0.125
118 121 0.125
119 121 0.125
120 121 0.125
122 121 0.125
123 121 0.125
124 121 0.125
125 121 0.125
117 334 0.125
330 334 0.125
331 334 0.125
332 334 0.125
333 334 0.125
336 334 0.125
337 334 0.125
338 334 0.125
118 122 0.125
119 122 0.125
120 122 0.125
121 122 0.125
124 122 0.125
125 122 0.125
132 122 0.125
181 122 0.125
119 123 0.125
120 123 0.125
121 123 0.125
124 123 0.125
126 123 0.125
127 123 0.125
217 123 0.125
204 123 0.125
119 203 0.142857
200 203 0.142857
201 203 0.142857
202 203 0.142857
204 203 0.142857
205 203 0.142857
206 203 0.142857
120 124 0.125
121 124 0.125
122 124 0.125
123 124 0.125
126 124 0.125
127 124 0.125
128 124 0.125
160 124 0.125
120 347 0.142857
343 347 0.142857
344 347 0.142857
346 347 0.142857
349 347 0.142857
350 347 0.142857
351 347 0.142857
121 125 0.166667
122 125 0.166667
126 125 0.166667
128 125 0.166667
129 125 0.166667
174 125 0.166667
122 181 0.125
178 181 0.125
179 181 0.125
180 181 0.125
182 181 0.125
183 181 0.125
184 181 0.125
185 181 0.125
123 126 0.125
124 126 0.125
125 126 0.125
128 126 0.125
129 126 0.125
130 126 0.125
287 126 0.125
234 126 0.125
123 127 0.166667
124 127 0.166667
128 127 0.166667
129 127 0.166667
131 127 0.166667
315 127 0.166667
123 217 0.111111
128 217 0.111111
213 217 0.111111
214 217 0.111111
215 217 0.111111
216 217 0.111111
219 217 0.111111
220 217 0.111111
342 217 0.111111
123 204 0.1
200 204 0.1
201 204 0.1
202 204 0.1
203 204 0.1
205 204 0.1
206 204 0.1
208 204 0.1
268 204 0.1
298 204 0.1
124 128 0.125
125 128 0.125
126 128 0.125
127 128 0.125
129 128 0.125
130 128 0.125
132 128 0.125
217 128 0.125
124 160 0.111111
156 160 0.111111
157 160 0.111111
158 160 0.111111
159 160 0.111111
161 160 0.111111
162 160 0.111111
163 160 0.111111
172 160 0.111111
125 129 0.125
126 129 0.125
127 129 0.125
128 129 0.125
130 129 0.125
131 129 0.125
133 129 0.125
185 129 0.125
125 174 0.111111
170 174 0.111111
171 174 0.111111
172 174 0.111111
173 174 0.111111
175 174 0.111111
176 174 0.111111
177 174 0.111111
178 174 0.111111
126 130 0.142857
128 130 0.142857
129 130 0.142857
132 130 0.142857
133 130 0.142857
134 130 0.142857
276 130 0.142857
126 287 0.111111
264 287 0.111111
283 287 0.111111
284 287 0.111111
285 287 0.111111
286 287 0.111111
288 287 0.111111
289 287 0.111111
290 287 0.111111
126 234 0.125
230 234 0.125
231 234 0.125
232 234 0.125
233 234 0.125
235 234 0.125
236 234 0.125
238 234 0.125
127 131 0.166667
129 131 0.166667
132 131 0.166667
133 131 0.166667
134 131 0.166667
135 131 0.166667
129 133 0.142857
130 133 0.142857
131 133 0.142857
134 133 0.142857
135 133 0.142857
136 133 0.142857
137 133 0.142857
130 276 0.111111
272 276 0.111111
273 276 0.111111
274 276 0.111111
275 276 0.111111
277 276 0.111111
278 276 0.111111
279 276 0.111111
280 276 0.111111
132 136 0.125
133 136 0.125
134 136 0.125
135 136 0.125
137 136 0.125
138 136 0.125
139 136 0.125
140 136 0.125
133 137 0.125
134 137 0.125
135 137 0.125
136 137 0.125
138 137 0.125
139 137 0.125
140 137 0.125
141 137 0.125
134 138 0.142857
136 138 0.142857
137 138 0.142857
140 138 0.142857
142 138 0.142857
333 138 0.142857
269 138 0.142857
135 139 0.142857
136 139 0.142857
137 139 0.142857
140 139 0.142857
141 139 0.142857
142 139 0.142857
143 139 0.142857
136 140 0.125
137 140 0.125
138 140 0.125
139 140 0.125
141 140 0.125
142 140 0.125
143 140 0.125
144 140 0.125
137 141 0.142857
139 141 0.142857
140 141 0.142857
142 141 0.142857
143 141 0.142857
144 141 0.142857
145 141 0.142857
138 333 0.125
329 333 0.125
330 333 0.125
331 333 0.125
334 333 0.125
335 333 0.125
336 333 0.125
337 333 0.125
138 269 0.111111
265 269 0.111111
266 269 0.111111
267 269 0.111111
268 269 0.111111
270 269 0.111111
271 269 0.111111
272 269 0.111111
273 269 0.111111
139 143 0.125
140 143 0.125
141 143 0.125
142 143 0.125
144 143 0.125
145 143 0.125
147 143 0.125
256 143 0.125
140 144 0.125
141 144 0.125
142 144 0.125
143 144 0.125
145 144 0.125
146 144 0.125
147 144 0.125
148 144 0.125
141 145 0.125
142 145 0.125
143 145 0.125
144 145 0.125
146 145 0.125
147 145 0.125
148 145 0.125
340 145 0.125
143 256 0.111111
252 256 0.111111
253 256 0.111111
254 256 0.111111
255 256 0.111111
257 256 0.111111
258 256 0.111111
259 256 0.111111
260 256 0.111111
146 149 0.142857
148 149 0.142857
150 149 0.142857
151 149 0.142857
152 149 0.142857
153 149 0.142857
274 149 0.142857
146 150 0.142857
147 150 0.142857
149 150 0.142857
151 150 0.142857
152 150 0.142857
153 150 0.142857
154 150 0.142857
147 151 0.125
148 151 0.125
149 151 0.125
150 151 0.125
152 151 0.125
153 151 0.125
154 151 0.125
155 151 0.125
147 265 0.142857
262 265 0.142857
263 265 0.142857
266 265 0.142857
267 265 0.142857
268 265 0.142857
269 265 0.142857
148 152 0.125
149 152 0.125
150 152 0.125
151 152 0.125
153 152 0.125
154 152 0.125
155 152 0.125
156 152 0.125
149 274 0.125
270 274 0.125
271 274 0.125
272 274 0.125
273 274 0.125
275 274 0.125
276 274 0.125
277 274 0.125
150 154 0.125
151 154 0.125
152 154 0.125
153 154 0.125
155 154 0.125
156 154 0.125
157 154 0.125
158 154 0.125
152 156 0.142857
154 156 0.142857
155 156 0.142857
157 156 0.142857
158 156 0.142857
159 156 0.142857
160 156 0.142857
154 158 0.125
155 158 0.125
156 158 0.125
157 158 0.125
159 158 0.125
160 158 0.125
161 158 0.125
162 158 0.125
155 159 0.125
156 159 0.125
157 159 0.125
158 159 0.125
160 159 0.125
161 159 0.125
162 159 0.125
163 159 0.125
158 161 0.142857
159 161 0.142857
160 161 0.142857
162 161 0.142857
163 161 0.142857
164 161 0.142857
165 161 0.142857
159 163 0.125
160 163 0.125
161 163 0.125
162 163 0.125
164 163 0.125
165 163 0.125
167 163 0.125
285 163 0.125
161 164 0.111111
162 164 0.111111
163 164 0.111111
165 164 0.111111
166 164 0.111111
167 164 0.111111
168 164 0.111111
243 164 0.111111
262 164 0.111111
162 166 0.142857
164 166 0.142857
165 166 0.142857
167 166 0.142857
168 166 0.142857
169 166 0.142857
170 166 0.142857
163 167 0.125
164 167 0.125
165 167 0.125
166 167 0.125
168 167 0.125
169 167 0.125
170 167 0.125
171 167 0.125
164 168 0.125
165 168 0.125
166 168 0.125
167 168 0.125
169 168 0.125
170 168 0.125
172 168 0.125
323 168 0.125
164 243 0.125
239 243 0.125
240 243 0.125
241 243 0.125
242 243 0.125
244 243 0.125
246 243 0.125
247 243 0.125
164 262 0.125
259 262 0.125
260 262 0.125
261 262 0.125
263 262 0.125
265 262 0.125
266 262 0.125
316 262 0.125
166 170 0.125
167 170 0.125
168 170 0.125
169 170 0.125
171 170 0.125
172 170 0.125
173 170 0.125
174 170 0.125
168 323 0.142857
319 323 0.142857
322 323 0.142857
324 323 0.142857
325 323 0.142857
326 323 0.142857
327 323 0.142857
169 173 0.125
170 173 0.125
171 173 0.125
172 173 0.125
174 173 0.125
175 173 0.125
176 173 0.125
177 173 0.125
171 175 0.142857
173 175 0.142857
174 175 0.142857
176 175 0.142857
177 175 0.142857
178 175 0.142857
179 175 0.142857
172 227 0.111111
223 227 0.111111
224 227 0.111111
225 227 0.111111
226 227 0.111111
228 227 0.111111
229 227 0.111111
230 227 0.111111
231 227 0.111111
173 176 0.142857
174 176 0.142857
175 176 0.142857
177 176 0.142857
178 176 0.142857
179 176 0.142857
180 176 0.142857
174 178 0.125
175 178 0.125
176 178 0.125
177 178 0.125
180 178 0.125
181 178 0.125
182 178 0.125
292 178 0.125
175 179 0.125
176 179 0.125
177 179 0.125
180 179 0.125
181 179 0.125
182 179 0.125
183 179 0.125
324 179 0.125
176 180 0.111111
177 180 0.111111
178 180 0.111111
179 180 0.111111
181 180 0.111111
182 180 0.111111
183 180 0.111111
184 180 0.111111
360 180 0.111111
177 209 0.1
193 209 0.1
205 209 0.1
206 209 0.1
207 209 0.1
208 209 0.1
211 209 0.1
212 209 0.1
295 209 0.1
232 209 0.1
178 182 0.111111
179 182 0.111111
180 182 0.111111
181 182 0.111111
183 182 0.111111
184 182 0.111111
185 182 0.111111
186 182 0.111111
320 182 0.111111
179 324 0.125
320 324 0.125
321 324 0.125
322 324 0.125
323 324 0.125
325 324 0.125
326 324 0.125
328 324 0.125
180 184 0.125
181 184 0.125
182 184 0.125
183 184 0.125
185 184 0.125
186 184 0.125
187 184 0.125
188 184 0.125
182 186 0.125
183 186 0.125
184 186 0.125
185 186 0.125
187 186 0.125
188 186 0.125
189 186 0.125
190 186 0.125
182 320 0.125
316 320 0.125
317 320 0.125
318 320 0.125
319 320 0.125
321 320 0.125
322 320 0.125
324 320 0.125
183 220 0.083333
187 220 0.083333
216 220 0.083333
217 220 0.083333
218 220 0.083333
219 220 0.083333
222 220 0.083333
223 220 0.083333
224 220 0.083333
332 220 0.083333
266 220 0.083333
359 220 0.083333
185 189 0.125
186 189 0.125
187 189 0.125
188 189 0.125
190 189 0.125
191 189 0.125
192 189 0.125
193 189 0.125
186 190 0.125
187 190 0.125
188 190 0.125
189 190 0.125
191 190 0.125
192 190 0.125
193 190 0.125
194 190 0.125
187 191 0.125
188 191 0.125
189 191 0.125
190 191 0.125
192 191 0.125
193 191 0.125
194 191 0.125
195 191 0.125
188 192 0.1
189 192 0.1
190 192 0.1
191 192 0.1
193 192 0.1
194 192 0.1
195 192 0.1
196 192 0.1
219 192 0.1
242 192 0.1
190 194 0.125
191 194 0.125
192 194 0.125
193 194 0.125
195 194 0.125
196 194 0.125
197 194 0.125
198 194 0.125
191 195 0.142857
192 195 0.142857
194 195 0.142857
196 195 0.142857
197 195 0.142857
198 195 0.142857
199 195 0.142857
192 219 0.111111
215 219 0.111111
216 219 0.111111
217 219 0.111111
218 219 0.111111
220 219 0.111111
222 219 0.111111
223 219 0.111111
264 219 0.111111
192 242 0.142857
238 242 0.142857
239 242 0.142857
241 242 0.142857
243 242 0.142857
244 242 0.142857
246 242 0.142857
193 350 0.111111
346 350 0.111111
347 350 0.111111
348 350 0.111111
349 350 0.111111
351 350 0.111111
352 350 0.111111
353 350 0.111111
354 350 0.111111
194 198 0.125
195 198 0.125
196 198 0.125
197 198 0.125
199 198 0.125
200 198 0.125
201 198 0.125
202 198 0.125
196 200 0.142857
198 200 0.142857
199 200 0.142857
201 200 0.142857
202 200 0.142857
203 200 0.142857
204 200 0.142857
197 201 0.125
198 201 0.125
199 201 0.125
200 201 0.125
202 201 0.125
203 201 0.125
204 201 0.125
205 201 0.125
197 263 0.125
259 263 0.125
260 263 0.125
262 263 0.125
264 263 0.125
265 263 0.125
266 263 0.125
267 263 0.125
201 205 0.125
202 205 0.125
203 205 0.125
204 205 0.125
206 205 0.125
207 205 0.125
208 205 0.125
209 205 0.125
204 208 0.125
205 208 0.125
206 208 0.125
207 208 0.125
209 208 0.125
210 208 0.125
211 208 0.125
325 208 0.125
204 268 0.125
265 268 0.125
266 268 0.125
267 268 0.125
269 268 0.125
271 268 0.125
272 268 0.125
346 268 0.125
204 298 0.125
294 298 0.125
295 298 0.125
296 298 0.125
297 298 0.125
299 298 0.125
300 298 0.125
302 298 0.125
207 211 0.125
208 211 0.125
209 211 0.125
210 211 0.125
212 211 0.125
213 211 0.125
215 211 0.125
297 211 0.125
208 325 0.111111
250 325 0.111111
303 325 0.111111
321 325 0.111111
322 325 0.111111
323 325 0.111111
324 325 0.111111
326 325 0.111111
327 325 0.111111
209 232 0.1
229 232 0.1
230 232 0.1
231 232 0.1
233 232 0.1
234 232 0.1
235 232 0.1
236 232 0.1
293 232 0.1
345 232 0.1
210 213 0.166667
211 213 0.166667
214 213 0.166667
215 213 0.166667
216 213 0.166667
217 213 0.166667
210 214 0.142857
212 214 0.142857
213 214 0.142857
215 214 0.142857
216 214 0.142857
217 214 0.142857
218 214 0.142857
211 215 0.111111
212 215 0.111111
213 215 0.111111
214 215 0.111111
216 215 0.111111
217 215 0.111111
218 215 0.111111
219 215 0.111111
331 215 0.111111
211 297 0.125
293 297 0.125
294 297 0.125
296 297 0.125
298 297 0.125
299 297 0.125
300 297 0.125
301 297 0.125
212 216 0.125
213 216 0.125
214 216 0.125
215 216 0.125
217 216 0.125
218 216 0.125
219 216 0.125
220 216 0.125
214 218 0.125
215 218 0.125
216 218 0.125
219 218 0.125
220 218 0.125
221 218 0.125
222 218 0.125
244 218 0.125
217 342 0.125
338 342 0.125
339 342 0.125
341 342 0.125
343 342 0.125
344 342 0.125
345 342 0.125
346 342 0.125
218 221 0.2
222 221 0.2
223 221 0.2
224 221 0.2
225 221 0.2
218 244 0.125
240 244 0.125
241 244 0.125
242 244 0.125
243 244 0.125
247 244 0.125
248 244 0.125
370 244 0.125
219 223 0.125
220 223 0.125
221 223 0.125
224 223 0.125
225 223 0.125
226 223 0.125
227 223 0.125
341 223 0.125
220 224 0.125
221 224 0.125
222 224 0.125
223 224 0.125
225 224 0.125
226 224 0.125
227 224 0.125
228 224 0.125
220 332 0.111111
286 332 0.111111
328 332 0.111111
329 332 0.111111
330 332 0.111111
331 332 0.111111
334 332 0.111111
335 332 0.111111
336 332 0.111111
220 266 0.125
262 266 0.125
263 266 0.125
264 266 0.125
265 266 0.125
268 266 0.125
269 266 0.125
270 266 0.125
220 359 0.125
355 359 0.125
356 359 0.125
357 359 0.125
358 359 0.125
360 359 0.125
361 359 0.125
362 359 0.125
221 225 0.125
223 225 0.125
224 225 0.125
226 225 0.125
227 225 0.125
228 225 0.125
229 225 0.125
235 225 0.125
222 226 0.125
223 226 0.125
224 226 0.125
225 226 0.125
227 226 0.125
228 226 0.125
229 226 0.125
230 226 0.125
223 341 0.166667
337 341 0.166667
339 341 0.166667
342 341 0.166667
343 341 0.166667
344 341 0.166667
224 228 0.111111
225 228 0.111111
226 228 0.111111
227 228 0.111111
229 228 0.111111
230 228 0.111111
231 228 0.111111
301 228 0.111111
253 228 0.111111
225 229 0.125
226 229 0.125
227 229 0.125
228 229 0.125
230 229 0.125
231 229 0.125
232 229 0.125
233 229 0.125
226 230 0.125
227 230 0.125
228 230 0.125
229 230 0.125
231 230 0.125
232 230 0.125
233 230 0.125
234 230 0.125
227 231 0.125
228 231 0.125
229 231 0.125
230 231 0.125
232 231 0.125
233 231 0.125
234 231 0.125
235 231 0.125
228 301 0.142857
297 301 0.142857
299 301 0.142857
300 301 0.142857
303 301 0.142857
304 301 0.142857
305 301 0.142857
228 253 0.125
249 253 0.125
251 253 0.125
252 253 0.125
254 253 0.125
255 253 0.125
256 253 0.125
257 253 0.125
229 233 0.125
230 233 0.125
231 233 0.125
232 233 0.125
234 233 0.125
235 233 0.125
236 233 0.125
237 233 0.125
232 236 0.125
233 236 0.125
234 236 0.125
235 236 0.125
237 236 0.125
238 236 0.125
239 236 0.125
240 236 0.125
232 293 0.125
289 293 0.125
290 293 0.125
291 293 0.125
292 293 0.125
294 293 0.125
296 293 0.125
297 293 0.125
235 239 0.125
236 239 0.125
237 239 0.125
238 239 0.125
240 239 0.125
241 239 0.125
242 239 0.125
243 239 0.125
236 240 0.142857
238 240 0.142857
239 240 0.142857
241 240 0.142857
243 240 0.142857
244 240 0.142857
318 240 0.142857
237 241 0.125
238 241 0.125
239 241 0.125
240 241 0.125
242 241 0.125
243 241 0.125
244 241 0.125
245 241 0.125
240 318 0.125
314 318 0.125
315 318 0.125
317 318 0.125
319 318 0.125
320 318 0.125
321 318 0.125
322 318 0.125
242 246 0.142857
243 246 0.142857
245 246 0.142857
247 246 0.142857
248 246 0.142857
250 246 0.142857
360 246 0.142857
244 248 0.125
245 248 0.125
246 248 0.125
247 248 0.125
249 248 0.125
250 248 0.125
251 248 0.125
252 248 0.125
244 370 0.111111
366 370 0.111111
367 370 0.111111
368 370 0.111111
369 370 0.111111
371 370 0.111111
372 370 0.111111
373 370 0.111111
374 370 0.111111
245 249 0.142857
247 249 0.142857
248 249 0.142857
250 249 0.142857
251 249 0.142857
252 249 0.142857
253 249 0.142857
247 251 0.125
248 251 0.125
249 251 0.125
250 251 0.125
252 251 0.125
253 251 0.125
254 251 0.125
255 251 0.125
248 252 0.125
249 252 0.125
250 252 0.125
251 252 0.125
253 252 0.125
254 252 0.125
255 252 0.125
256 252 0.125
251 255 0.125
252 255 0.125
253 255 0.125
254 255 0.125
256 255 0.125
257 255 0.125
258 255 0.125
259 255 0.125
253 257 0.125
254 257 0.125
255 257 0.125
256 257 0.125
258 257 0.125
259 257 0.125
260 257 0.125
261 257 0.125
255 259 0.125
256 259 0.125
257 259 0.125
258 259 0.125
260 259 0.125
261 259 0.125
262 259 0.125
263 259 0.125
256 260 0.111111
257 260 0.111111
258 260 0.111111
259 260 0.111111
261 260 0.111111
262 260 0.111111
263 260 0.111111
264 260 0.111111
371 260 0.111111
260 371 0.142857
367 371 0.142857
368 371 0.142857
370 371 0.142857
373 371 0.142857
374 371 0.142857
375 371 0.142857
261 338 0.125
334 338 0.125
335 338 0.125
336 338 0.125
337 338 0.125
339 338 0.125
340 338 0.125
342 338 0.125
261 305 0.111111
301 305 0.111111
302 305 0.111111
303 305 0.111111
304 305 0.111111
306 305 0.111111
307 305 0.111111
308 305 0.111111
309 305 0.111111
262 316 0.125
312 316 0.125
313 316 0.125
314 316 0.125
315 316 0.125
317 316 0.125
319 316 0.125
320 316 0.125
263 267 0.166667
265 267 0.166667
268 267 0.166667
269 267 0.166667
270 267 0.166667
271 267 0.166667
266 270 0.142857
267 270 0.142857
269 270 0.142857
271 270 0.142857
272 270 0.142857
274 270 0.142857
311 270 0.142857
267 271 0.111111
268 271 0.111111
269 271 0.111111
270 271 0.111111
272 271 0.111111
273 271 0.111111
274 271 0.111111
275 271 0.111111
373 271 0.111111
268 272 0.125
269 272 0.125
270 272 0.125
271 272 0.125
273 272 0.125
274 272 0.125
275 272 0.125
276 272 0.125
268 346 0.111111
329 346 0.111111
342 346 0.111111
343 346 0.111111
344 346 0.111111
345 346 0.111111
347 346 0.111111
348 346 0.111111
350 346 0.111111
269 273 0.142857
271 273 0.142857
272 273 0.142857
274 273 0.142857
275 273 0.142857
276 273 0.142857
277 273 0.142857
270 311 0.111111
307 311 0.111111
308 311 0.111111
309 311 0.111111
310 311 0.111111
312 311 0.111111
313 311 0.111111
314 311 0.111111
315 311 0.111111
271 275 0.125
272 275 0.125
273 275 0.125
274 275 0.125
276 275 0.125
277 275 0.125
278 275 0.125
279 275 0.125
271 373 0.125
369 373 0.125
370 373 0.125
371 373 0.125
372 373 0.125
374 373 0.125
376 373 0.125
377 373 0.125
275 278 0.142857
276 278 0.142857
277 278 0.142857
279 278 0.142857
280 278 0.142857
281 278 0.142857
282 278 0.142857
275 279 0.125
276 279 0.125
277 279 0.125
278 279 0.125
280 279 0.125
281 279 0.125
282 279 0.125
283 279 0.125
276 280 0.125
277 280 0.125
278 280 0.125
279 280 0.125
281 280 0.125
282 280 0.125
283 280 0.125
284 280 0.125
277 281 0.125
278 281 0.125
279 281 0.125
280 281 0.125
282 281 0.125
283 281 0.125
284 281 0.125
285 281 0.125
278 282 0.125
279 282 0.125
280 282 0.125
281 282 0.125
283 282 0.125
284 282 0.125
285 282 0.125
286 282 0.125
280 284 0.125
281 284 0.125
282 284 0.125
283 284 0.125
285 284 0.125
286 284 0.125
287 284 0.125
288 284 0.125
282 286 0.111111
283 286 0.111111
284 286 0.111111
285 286 0.111111
287 286 0.111111
288 286 0.111111
289 286 0.111111
290 286 0.111111
332 286 0.111111
284 288 0.142857
286 288 0.142857
287 288 0.142857
289 288 0.142857
290 288 0.142857
291 288 0.142857
292 288 0.142857
285 294 0.125
290 294 0.125
291 294 0.125
292 294 0.125
293 294 0.125
296 294 0.125
297 294 0.125
298 294 0.125
288 291 0.142857
289 291 0.142857
290 291 0.142857
292 291 0.142857
293 291 0.142857
294 291 0.142857
295 291 0.142857
290 328 0.142857
324 328 0.142857
326 328 0.142857
327 328 0.142857
330 328 0.142857
331 328 0.142857
332 328 0.142857
292 296 0.125
293 296 0.125
294 296 0.125
295 296 0.125
297 296 0.125
298 296 0.125
299 296 0.125
300 296 0.125
295 299 0.125
296 299 0.125
297 299 0.125
298 299 0.125
300 299 0.125
301 299 0.125
302 299 0.125
303 299 0.125
296 300 0.125
297 300 0.125
298 300 0.125
299 300 0.125
301 300 0.125
302 300 0.125
303 300 0.125
304 300 0.125
298 302 0.142857
299 302 0.142857
300 302 0.142857
303 302 0.142857
304 302 0.142857
305 302 0.142857
306 302 0.142857
299 303 0.111111
300 303 0.111111
301 303 0.111111
302 303 0.111111
304 303 0.111111
305 303 0.111111
306 303 0.111111
307 303 0.111111
325 303 0.111111
300 304 0.125
301 304 0.125
302 304 0.125
303 304 0.125
305 304 0.125
306 304 0.125
307 304 0.125
308 304 0.125
302 306 0.125
303 306 0.125
304 306 0.125
305 306 0.125
307 306 0.125
308 306 0.125
309 306 0.125
310 306 0.125
304 308 0.125
305 308 0.125
306 308 0.125
307 308 0.125
309 308 0.125
310 308 0.125
311 308 0.125
312 308 0.125
305 309 0.142857
306 309 0.142857
308 309 0.142857
310 309 0.142857
311 309 0.142857
312 309 0.142857
313 309 0.142857
306 310 0.125
307 310 0.125
308 310 0.125
309 310 0.125
311 310 0.125
312 310 0.125
313 310 0.125
314 310 0.125
308 312 0.125
309 312 0.125
310 312 0.125
311 312 0.125
313 312 0.125
314 312 0.125
315 312 0.125
316 312 0.125
310 314 0.125
311 314 0.125
312 314 0.125
313 314 0.125
315 314 0.125
316 314 0.125
317 314 0.125
318 314 0.125
314 317 0.142857
315 317 0.142857
316 317 0.142857
318 317 0.142857
319 317 0.142857
320 317 0.142857
344 317 0.142857
315 319 0.125
316 319 0.125
317 319 0.125
318 319 0.125
320 319 0.125
321 319 0.125
322 319 0.125
323 319 0.125
318 321 0.142857
319 321 0.142857
320 321 0.142857
322 321 0.142857
324 321 0.142857
325 321 0.142857
368 321 0.142857
318 322 0.125
319 322 0.125
320 322 0.125
321 322 0.125
323 322 0.125
324 322 0.125
325 322 0.125
326 322 0.125
321 368 0.125
364 368 0.125
365 368 0.125
366 368 0.125
369 368 0.125
370 368 0.125
371 368 0.125
372 368 0.125
322 326 0.125
323 326 0.125
324 326 0.125
325 326 0.125
327 326 0.125
328 326 0.125
329 326 0.125
343 326 0.125
323 327 0.142857
325 327 0.142857
326 327 0.142857
328 327 0.142857
329 327 0.142857
330 327 0.142857
331 327 0.142857
327 330 0.142857
328 330 0.142857
329 330 0.142857
331 330 0.142857
332 330 0.142857
333 330 0.142857
334 330 0.142857
332 335 0.142857
333 335 0.142857
336 335 0.142857
337 335 0.142857
338 335 0.142857
339 335 0.142857
372 335 0.142857
332 336 0.125
333 336 0.125
334 336 0.125
335 336 0.125
337 336 0.125
338 336 0.125
339 336 0.125
340 336 0.125
333 337 0.125
334 337 0.125
335 337 0.125
336 337 0.125
338 337 0.125
339 337 0.125
340 337 0.125
341 337 0.125
344 348 0.142857
345 348 0.142857
346 348 0.142857
349 348 0.142857
350 348 0.142857
351 348 0.142857
352 348 0.142857
345 349 0.111111
347 349 0.111111
348 349 0.111111
350 349 0.111111
351 349 0.111111
352 349 0.111111
353 349 0.111111
357 349 0.111111
364 349 0.111111
347 351 0.125
348 351 0.125
349 351 0.125
350 351 0.125
352 351 0.125
353 351 0.125
354 351 0.125
355 351 0.125
348 352 0.125
349 352 0.125
350 352 0.125
351 352 0.125
353 352 0.125
354 352 0.125
355 352 0.125
356 352 0.125
349 357 0.125
353 357 0.125
354 357 0.125
355 357 0.125
356 357 0.125
359 357 0.125
360 357 0.125
361 357 0.125
349 364 0.125
360 364 0.125
361 364 0.125
362 364 0.125
363 364 0.125
365 364 0.125
367 364 0.125
368 364 0.125
350 354 0.142857
351 354 0.142857
352 354 0.142857
355 354 0.142857
356 354 0.142857
357 354 0.142857
358 354 0.142857
351 355 0.125
352 355 0.125
353 355 0.125
354 355 0.125
356 355 0.125
357 355 0.125
358 355 0.125
359 355 0.125
352 356 0.111111
353 356 0.111111
354 356 0.111111
355 356 0.111111
357 356 0.111111
358 356 0.111111
359 356 0.111111
360 356 0.111111
367 356 0.111111
354 358 0.142857
355 358 0.142857
356 358 0.142857
359 358 0.142857
360 358 0.142857
361 358 0.142857
362 358 0.142857
356 367 0.125
363 367 0.125
364 367 0.125
365 367 0.125
366 367 0.125
369 367 0.125
370 367 0.125
371 367 0.125
360 363 0.166667
362 363 0.166667
364 363 0.166667
365 363 0.166667
366 363 0.166667
367 363 0.166667
361 365 0.125
362 365 0.125
363 365 0.125
364 365 0.125
366 365 0.125
367 365 0.125
368 365 0.125
369 365 0.125
362 366 0.142857
363 366 0.142857
365 366 0.142857
367 366 0.142857
368 366 0.142857
369 366 0.142857
370 366 0.142857
370 374 0.125
371 374 0.125
372 374 0.125
373 374 0.125
375 374 0.125
376 374 0.125
377 374 0.125
378 374 0.125
371 375 0.166667
374 375 0.166667
376 375 0.166667
377 375 0.166667
378 375 0.166667
379 375 0.166667
1 0 0.125
379 0 0.125
2 0 0.125
378 0 0.125
3 0 0.125
377 0 0.125
4 0 0.125
376 0 0.125
