0 1 0.142857
2 1 0.142857
433 1 0.142857
4 1 0.142857
5 1 0.142857
431 1 0.142857
421 1 0.142857
0 433 0.142857
1 433 0.142857
2 433 0.142857
3 433 0.142857
429 433 0.142857
431 433 0.142857
432 433 0.142857
0 2 0.125
1 2 0.125
3 2 0.125
4 2 0.125
5 2 0.125
433 2 0.125
6 2 0.125
432 2 0.125
0 432 0.125
2 432 0.125
155 432 0.125
428 432 0.125
429 432 0.125
430 432 0.125
431 432 0.125
433 432 0.125
0 3 0.142857
2 3 0.142857
4 3 0.142857
5 3 0.142857
6 3 0.142857
7 3 0.142857
433 3 0.142857
0 431 0.125
1 431 0.125
293 431 0.125
427 431 0.125
429 431 0.125
430 431 0.125
432 431 0.125
433 431 0.125
0 4 0.111111
1 4 0.111111
2 4 0.111111
3 4 0.111111
5 4 0.111111
6 4 0.111111
7 4 0.111111
8 4 0.111111
367 4 0.111111
0 430 0.125
325 430 0.125
426 430 0.125
427 430 0.125
428 430 0.125
429 430 0.125
431 430 0.125
432 430 0.125
1 5 0.111111
2 5 0.111111
3 5 0.111111
4 5 0.111111
6 5 0.111111
7 5 0.111111
8 5 0.111111
9 5 0.111111
383 5 0.111111
1 421 0.142857
417 421 0.142857
418 421 0.142857
422 421 0.142857
423 421 0.142857
424 421 0.142857
425 421 0.142857
2 6 0.125
3 6 0.125
4 6 0.125
5 6 0.125
7 6 0.125
8 6 0.125
9 6 0.125
10 6 0.125
3 7 0.125
4 7 0.125
5 7 0.125
6 7 0.125
8 7 0.125
9 7 0.125
10 7 0.125
11 7 0.125
4 8 0.125
5 8 0.125
6 8 0.125
7 8 0.125
9 8 0.125
10 8 0.125
11 8 0.125
12 8 0.125
4 367 0.125
363 367 0.125
364 367 0.125
365 367 0.125
366 367 0.125
368 367 0.125
369 367 0.125
370 367 0.125
5 9 0.125
6 9 0.125
7 9 0.125
8 9 0.125
10 9 0.125
11 9 0.125
12 9 0.125
189 9 0.125
5 383 0.1
228 383 0.1
310 383 0.1
380 383 0.1
381 383 0.1
382 383 0.1
384 383 0.1
385 383 0.1
386 383 0.1
405 383 0.1
6 10 0.125
7 10 0.125
8 10 0.125
9 10 0.125
11 10 0.125
12 10 0.125
13 10 0.125
14 10 0.125
7 11 0.111111
8 11 0.111111
9 11 0.111111
10 11 0.111111
12 11 0.111111
13 11 0.111111
14 11 0.111111
15 11 0.111111
180 11 0.111111
8 12 0.125
9 12 0.125
10 12 0.125
11 12 0.125
13 12 0.125
14 12 0.125
15 12 0.125
16 12 0.125
9 189 0.111111
185 189 0.111111
186 189 0.111111
187 189 0.111111
188 189 0.111111
190 189 0.111111
191 189 0.111111
192 189 0.111111
193 189 0.111111
10 13 0.142857
11 13 0.142857
12 13 0.142857
14 13 0.142857
15 13 0.142857
16 13 0.142857
17 13 0.142857
10 14 0.1
11 14 0.1
12 14 0.1
13 14 0.1
16 14 0.1
17 14 0.1
270 14 0.1
278 14 0.1
236 14 0.1
173 14 0.1
11 15 0.125
12 15 0.125
13 15 0.125
16 15 0.125
17 15 0.125
19 15 0.125
164 15 0.125
72 15 0.125
11 180 0.125
176 180 0.125
177 180 0.125
178 180 0.125
179 180 0.125
181 180 0.125
182 180 0.125
184 180 0.125
12 16 0.125
13 16 0.125
14 16 0.125
15 16 0.125
18 16 0.125
20 16 0.125
397 16 0.125
67 16 0.125
13 17 0.142857
14 17 0.142857
15 17 0.142857
18 17 0.142857
19 17 0.142857
21 17 0.142857
268 17 0.142857
14 270 0.111111
266 270 0.111111
267 270 0.111111
268 270 0.111111
269 270 0.111111
271 270 0.111111
272 270 0.111111
273 270 0.111111
274 270 0.111111
14 278 0.111111
224 278 0.111111
274 278 0.111111
275 278 0.111111
276 278 0.111111
277 278 0.111111
280 278 0.111111
281 278 0.111111
282 278 0.111111
14 236 0.125
232 236 0.125
233 236 0.125
234 236 0.125
235 236 0.125
237 236 0.125
239 236 0.125
240 236 0.125
14 173 0.111111
169 173 0.111111
170 173 0.111111
171 173 0.111111
172 173 0.111111
174 173 0.111111
175 173 0.111111
176 173 0.111111
177 173 0.111111
15 19 0.142857
17 19 0.142857
18 19 0.142857
20 19 0.142857
21 19 0.142857
22 19 0.142857
23 19 0.142857
15 164 0.111111
26 164 0.111111
160 164 0.111111
161 164 0.111111
162 164 0.111111
163 164 0.111111
165 164 0.111111
167 164 0.111111
168 164 0.111111
15 72 0.1
68 72 0.1
69 72 0.1
70 72 0.1
71 72 0.1
73 72 0.1
74 72 0.1
75 72 0.1
76 72 0.1
352 72 0.1
16 18 0.166667
17 18 0.166667
19 18 0.166667
20 18 0.166667
21 18 0.166667
22 18 0.166667
16 20 0.142857
18 20 0.142857
19 20 0.142857
21 20 0.142857
23 20 0.142857
24 20 0.142857
65 20 0.142857
16 397 0.111111
326 397 0.111111
393 397 0.111111
394 397 0.111111
396 397 0.111111
398 397 0.111111
399 397 0.111111
400 397 0.111111
401 397 0.111111
16 67 0.083333
63 67 0.083333
64 67 0.083333
65 67 0.083333
66 67 0.083333
68 67 0.083333
69 67 0.083333
70 67 0.083333
71 67 0.083333
420 67 0.083333
411 67 0.083333
101 67 0.083333
17 21 0.125
18 21 0.125
19 21 0.125
20 21 0.125
22 21 0.125
23 21 0.125
24 21 0.125
25 21 0.125
17 268 0.111111
264 268 0.111111
265 268 0.111111
266 268 0.111111
267 268 0.111111
269 268 0.111111
270 268 0.111111
271 268 0.111111
272 268 0.111111
18 22 0.125
19 22 0.125
21 22 0.125
23 22 0.125
24 22 0.125
25 22 0.125
280 22 0.125
139 22 0.125
19 23 0.125
20 23 0.125
21 23 0.125
22 23 0.125
24 23 0.125
25 23 0.125
26 23 0.125
27 23 0.125
20 24 0.125
21 24 0.125
22 24 0.125
23 24 0.125
25 24 0.125
26 24 0.125
27 24 0.125
28 24 0.125
20 65 0.1
61 65 0.1
62 65 0.1
63 65 0.1
64 65 0.1
66 65 0.1
67 65 0.1
68 65 0.1
69 65 0.1
230 65 0.1
21 25 0.125
22 25 0.125
23 25 0.125
24 25 0.125
26 25 0.125
27 25 0.125
28 25 0.125
29 25 0.125
22 280 0.1
160 280 0.1
276 280 0.1
277 280 0.1
278 280 0.1
279 280 0.1
281 280 0.1
282 280 0.1
283 280 0.1
375 280 0.1
22 139 0.125
135 139 0.125
136 139 0.125
137 139 0.125
138 139 0.125
140 139 0.125
141 139 0.125
142 139 0.125
23 26 0.125
24 26 0.125
25 26 0.125
27 26 0.125
29 26 0.125
30 26 0.125
164 26 0.125
114 26 0.125
23 27 0.125
24 27 0.125
25 27 0.125
26 27 0.125
28 27 0.125
29 27 0.125
30 27 0.125
31 27 0.125
24 28 0.142857
25 28 0.142857
27 28 0.142857
29 28 0.142857
31 28 0.142857
32 28 0.142857
391 28 0.142857
25 29 0.125
26 29 0.125
27 29 0.125
28 29 0.125
30 29 0.125
31 29 0.125
32 29 0.125
239 29 0.125
26 30 0.142857
27 30 0.142857
29 30 0.142857
32 30 0.142857
33 30 0.142857
34 30 0.142857
221 30 0.142857
26 114 0.142857
111 114 0.142857
112 114 0.142857
113 114 0.142857
115 114 0.142857
117 114 0.142857
406 114 0.142857
27 31 0.142857
28 31 0.142857
29 31 0.142857
32 31 0.142857
33 31 0.142857
34 31 0.142857
35 31 0.142857
28 32 0.125
29 32 0.125
30 32 0.125
31 32 0.125
34 32 0.125
35 32 0.125
36 32 0.125
256 32 0.125
28 391 0.111111
387 391 0.111111
388 391 0.111111
389 391 0.111111
390 391 0.111111
392 391 0.111111
393 391 0.111111
394 391 0.111111
395 391 0.111111
29 239 0.111111
235 239 0.111111
236 239 0.111111
237 239 0.111111
238 239 0.111111
240 239 0.111111
241 239 0.111111
242 239 0.111111
243 239 0.111111
30 33 0.142857
31 33 0.142857
34 33 0.142857
35 33 0.142857
36 33 0.142857
37 33 0.142857
300 33 0.142857
30 34 0.125
31 34 0.125
32 34 0.125
33 34 0.125
35 34 0.125
36 34 0.125
37 34 0.125
38 34 0.125
30 221 0.090909
217 221 0.090909
218 221 0.090909
219 221 0.090909
220 221 0.090909
222 221 0.090909
223 221 0.090909
224 221 0.090909
225 221 0.090909
244 221 0.090909
346 221 0.090909
31 35 0.111111
32 35 0.111111
33 35 0.111111
34 35 0.111111
36 35 0.111111
37 35 0.111111
38 35 0.111111
39 35 0.111111
232 35 0.111111
32 36 0.125
33 36 0.125
34 36 0.125
35 36 0.125
37 36 0.125
38 36 0.125
40 36 0.125
121 36 0.125
32 256 0.111111
202 256 0.111111
252 256 0.111111
253 256 0.111111
254 256 0.111111
255 256 0.111111
257 256 0.111111
259 256 0.111111
260 256 0.111111
33 37 0.125
34 37 0.125
35 37 0.125
36 37 0.125
38 37 0.125
39 37 0.125
40 37 0.125
41 37 0.125
33 300 0.1
47 300 0.1
296 300 0.1
297 300 0.1
298 300 0.1
299 300 0.1
302 300 0.1
303 300 0.1
304 300 0.1
380 300 0.1
34 38 0.125
35 38 0.125
36 38 0.125
37 38 0.125
39 38 0.125
40 38 0.125
41 38 0.125
42 38 0.125
35 39 0.142857
37 39 0.142857
38 39 0.142857
40 39 0.142857
41 39 0.142857
42 39 0.142857
43 39 0.142857
35 232 0.111111
90 232 0.111111
228 232 0.111111
229 232 0.111111
230 232 0.111111
231 232 0.111111
233 232 0.111111
234 232 0.111111
236 232 0.111111
36 40 0.125
37 40 0.125
38 40 0.125
39 40 0.125
41 40 0.125
42 40 0.125
44 40 0.125
258 40 0.125
36 121 0.1
77 121 0.1
117 121 0.1
118 121 0.1
119 121 0.1
120 121 0.1
123 121 0.1
124 121 0.1
310 121 0.1
273 121 0.1
37 41 0.125
38 41 0.125
39 41 0.125
40 41 0.125
42 41 0.125
43 41 0.125
44 41 0.125
45 41 0.125
38 42 0.125
39 42 0.125
40 42 0.125
41 42 0.125
43 42 0.125
44 42 0.125
45 42 0.125
46 42 0.125
39 43 0.142857
41 43 0.142857
42 43 0.142857
44 43 0.142857
45 43 0.142857
46 43 0.142857
47 43 0.142857
40 44 0.125
41 44 0.125
42 44 0.125
43 44 0.125
45 44 0.125
46 44 0.125
47 44 0.125
48 44 0.125
40 258 0.125
254 258 0.125
255 258 0.125
257 258 0.125
259 258 0.125
260 258 0.125
261 258 0.125
262 258 0.125
41 45 0.125
42 45 0.125
43 45 0.125
44 45 0.125
47 45 0.125
48 45 0.125
49 45 0.125
285 45 0.125
42 46 0.142857
43 46 0.142857
44 46 0.142857
47 46 0.142857
48 46 0.142857
49 46 0.142857
50 46 0.142857
43 47 0.125
44 47 0.125
45 47 0.125
46 47 0.125
49 47 0.125
50 47 0.125
51 47 0.125
300 47 0.125
44 48 0.142857
45 48 0.142857
46 48 0.142857
49 48 0.142857
50 48 0.142857
51 48 0.142857
52 48 0.142857
45 49 0.125
46 49 0.125
47 49 0.125
48 49 0.125
50 49 0.125
51 49 0.125
52 49 0.125
53 49 0.125
45 285 0.111111
281 285 0.111111
282 285 0.111111
283 285 0.111111
284 285 0.111111
286 285 0.111111
287 285 0.111111
288 285 0.111111
289 285 0.111111
46 50 0.125
47 50 0.125
48 50 0.125
49 50 0.125
51 50 0.125
52 50 0.125
53 50 0.125
284 50 0.125
47 51 0.125
48 51 0.125
49 51 0.125
50 51 0.125
52 51 0.125
53 51 0.125
54 51 0.125
55 51 0.125
48 52 0.111111
49 52 0.111111
50 52 0.111111
51 52 0.111111
53 52 0.111111
54 52 0.111111
55 52 0.111111
56 52 0.111111
113 52 0.111111
49 53 0.125
50 53 0.125
51 53 0.125
52 53 0.125
54 53 0.125
55 53 0.125
56 53 0.125
57 53 0.125
50 284 0.125
281 284 0.125
282 284 0.125
283 284 0.125
285 284 0.125
286 284 0.125
287 284 0.125
288 284 0.125
51 54 0.142857
52 54 0.142857
53 54 0.142857
55 54 0.142857
57 54 0.142857
58 54 0.142857
60 54 0.142857
51 55 0.1
52 55 0.1
53 55 0.1
54 55 0.1
57 55 0.1
58 55 0.1
59 55 0.1
255 55 0.1
328 55 0.1
377 55 0.1
52 56 0.166667
53 56 0.166667
57 56 0.166667
58 56 0.166667
59 56 0.166667
60 56 0.166667
52 113 0.111111
109 113 0.111111
110 113 0.111111
111 113 0.111111
112 113 0.111111
114 113 0.111111
116 113 0.111111
117 113 0.111111
327 113 0.111111
53 57 0.125
54 57 0.125
55 57 0.125
56 57 0.125
58 57 0.125
59 57 0.125
60 57 0.125
103 57 0.125
54 58 0.125
55 58 0.125
56 58 0.125
57 58 0.125
60 58 0.125
61 58 0.125
62 58 0.125
106 58 0.125
54 60 0.111111
56 60 0.111111
57 60 0.111111
58 60 0.111111
59 60 0.111111
61 60 0.111111
62 60 0.111111
63 60 0.111111
64 60 0.111111
55 59 0.125
56 59 0.125
57 59 0.125
60 59 0.125
61 59 0.125
62 59 0.125
63 59 0.125
328 59 0.125
55 255 0.111111
251 255 0.111111
252 255 0.111111
253 255 0.111111
254 255 0.111111
256 255 0.111111
257 255 0.111111
258 255 0.111111
259 255 0.111111
55 328 0.166667
59 328 0.166667
324 328 0.166667
325 328 0.166667
329 328 0.166667
332 328 0.166667
55 377 0.1
320 377 0.1
362 377 0.1
373 377 0.1
374 377 0.1
375 377 0.1
376 377 0.1
378 377 0.1
379 377 0.1
381 377 0.1
57 103 0.111111
99 103 0.111111
100 103 0.111111
101 103 0.111111
102 103 0.111111
107 103 0.111111
155 103 0.111111
368 103 0.111111
398 103 0.111111
58 61 0.142857
59 61 0.142857
60 61 0.142857
62 61 0.142857
63 61 0.142857
64 61 0.142857
65 61 0.142857
58 62 0.125
59 62 0.125
60 62 0.125
61 62 0.125
63 62 0.125
64 62 0.125
65 62 0.125
66 62 0.125
58 106 0.125
102 106 0.125
104 106 0.125
105 106 0.125
107 106 0.125
108 106 0.125
109 106 0.125
110 106 0.125
59 63 0.125
60 63 0.125
61 63 0.125
62 63 0.125
65 63 0.125
66 63 0.125
67 63 0.125
420 63 0.125
60 64 0.142857
61 64 0.142857
62 64 0.142857
65 64 0.142857
66 64 0.142857
67 64 0.142857
68 64 0.142857
62 66 0.125
63 66 0.125
64 66 0.125
65 66 0.125
67 66 0.125
68 66 0.125
69 66 0.125
70 66 0.125
63 420 0.125
67 420 0.125
416 420 0.125
417 420 0.125
419 420 0.125
422 420 0.125
423 420 0.125
424 420 0.125
64 68 0.125
65 68 0.125
66 68 0.125
67 68 0.125
69 68 0.125
70 68 0.125
71 68 0.125
72 68 0.125
65 69 0.125
66 69 0.125
67 69 0.125
68 69 0.125
71 69 0.125
72 69 0.125
73 69 0.125
425 69 0.125
65 230 0.142857
226 230 0.142857
227 230 0.142857
229 230 0.142857
231 230 0.142857
232 230 0.142857
234 230 0.142857
66 70 0.111111
67 70 0.111111
68 70 0.111111
71 70 0.111111
72 70 0.111111
73 70 0.111111
74 70 0.111111
233 70 0.111111
344 70 0.111111
67 71 0.125
68 71 0.125
69 71 0.125
70 71 0.125
72 71 0.125
73 71 0.125
74 71 0.125
75 71 0.125
67 411 0.125
407 411 0.125
408 411 0.125
409 411 0.125
410 411 0.125
412 411 0.125
413 411 0.125
415 411 0.125
67 101 0.142857
97 101 0.142857
98 101 0.142857
100 101 0.142857
102 101 0.142857
103 101 0.142857
104 101 0.142857
69 73 0.125
70 73 0.125
71 73 0.125
72 73 0.125
74 73 0.125
75 73 0.125
76 73 0.125
77 73 0.125
69 425 0.125
421 425 0.125
423 425 0.125
424 425 0.125
426 425 0.125
427 425 0.125
428 425 0.125
429 425 0.125
70 74 0.125
71 74 0.125
72 74 0.125
73 74 0.125
75 74 0.125
77 74 0.125
78 74 0.125
214 74 0.125
70 233 0.125
117 233 0.125
229 233 0.125
231 233 0.125
232 233 0.125
235 233 0.125
236 233 0.125
237 233 0.125
70 344 0.111111
172 344 0.111111
299 344 0.111111
306 344 0.111111
340 344 0.111111
341 344 0.111111
342 344 0.111111
343 344 0.111111
347 344 0.111111
71 75 0.125
72 75 0.125
73 75 0.125
74 75 0.125
76 75 0.125
77 75 0.125
78 75 0.125
79 75 0.125
72 76 0.142857
73 76 0.142857
75 76 0.142857
77 76 0.142857
78 76 0.142857
79 76 0.142857
80 76 0.142857
72 352 0.125
348 352 0.125
349 352 0.125
350 352 0.125
351 352 0.125
353 352 0.125
354 352 0.125
355 352 0.125
73 77 0.125
74 77 0.125
75 77 0.125
76 77 0.125
78 77 0.125
80 77 0.125
81 77 0.125
121 77 0.125
74 78 0.125
75 78 0.125
76 78 0.125
77 78 0.125
79 78 0.125
80 78 0.125
81 78 0.125
82 78 0.125
74 214 0.111111
210 214 0.111111
211 214 0.111111
212 214 0.111111
213 214 0.111111
215 214 0.111111
216 214 0.111111
217 214 0.111111
218 214 0.111111
75 79 0.142857
76 79 0.142857
78 79 0.142857
80 79 0.142857
81 79 0.142857
82 79 0.142857
83 79 0.142857
76 80 0.125
77 80 0.125
78 80 0.125
79 80 0.125
81 80 0.125
82 80 0.125
83 80 0.125
84 80 0.125
77 81 0.111111
78 81 0.111111
79 81 0.111111
80 81 0.111111
82 81 0.111111
83 81 0.111111
84 81 0.111111
204 81 0.111111
319 81 0.111111
78 82 0.125
79 82 0.125
80 82 0.125
81 82 0.125
83 82 0.125
84 82 0.125
85 82 0.125
86 82 0.125
79 83 0.125
80 83 0.125
81 83 0.125
82 83 0.125
84 83 0.125
85 83 0.125
86 83 0.125
87 83 0.125
80 84 0.125
81 84 0.125
82 84 0.125
83 84 0.125
85 84 0.125
86 84 0.125
87 84 0.125
88 84 0.125
81 204 0.125
200 204 0.125
201 204 0.125
202 204 0.125
203 204 0.125
205 204 0.125
207 204 0.125
208 204 0.125
81 319 0.1
131 319 0.1
295 319 0.1
315 319 0.1
316 319 0.1
317 319 0.1
318 319 0.1
321 319 0.1
322 319 0.1
323 319 0.1
82 85 0.142857
83 85 0.142857
84 85 0.142857
86 85 0.142857
87 85 0.142857
88 85 0.142857
89 85 0.142857
82 86 0.111111
83 86 0.111111
84 86 0.111111
85 86 0.111111
87 86 0.111111
89 86 0.111111
90 86 0.111111
316 86 0.111111
389 86 0.111111
83 87 0.125
84 87 0.125
85 87 0.125
86 87 0.125
88 87 0.125
89 87 0.125
90 87 0.125
228 87 0.125
84 88 0.125
85 88 0.125
87 88 0.125
89 88 0.125
91 88 0.125
92 88 0.125
231 88 0.125
340 88 0.125
85 89 0.125
86 89 0.125
87 89 0.125
88 89 0.125
90 89 0.125
91 89 0.125
92 89 0.125
93 89 0.125
86 90 0.142857
87 90 0.142857
89 90 0.142857
91 90 0.142857
92 90 0.142857
94 90 0.142857
232 90 0.142857
86 316 0.125
312 316 0.125
313 316 0.125
314 316 0.125
315 316 0.125
318 316 0.125
319 316 0.125
320 316 0.125
86 389 0.111111
385 389 0.111111
386 389 0.111111
387 389 0.111111
388 389 0.111111
390 389 0.111111
391 389 0.111111
392 389 0.111111
393 389 0.111111
87 228 0.111111
224 228 0.111111
225 228 0.111111
226 228 0.111111
227 228 0.111111
229 228 0.111111
231 228 0.111111
232 228 0.111111
383 228 0.111111
88 91 0.111111
89 91 0.111111
90 91 0.111111
92 91 0.111111
93 91 0.111111
94 91 0.111111
95 91 0.111111
158 91 0.111111
361 91 0.111111
88 92 0.125
89 92 0.125
90 92 0.125
91 92 0.125
93 92 0.125
94 92 0.125
95 92 0.125
96 92 0.125
88 231 0.111111
227 231 0.111111
228 231 0.111111
229 231 0.111111
230 231 0.111111
232 231 0.111111
233 231 0.111111
234 231 0.111111
235 231 0.111111
88 340 0.125
218 340 0.125
336 340 0.125
338 340 0.125
339 340 0.125
343 340 0.125
344 340 0.125
381 340 0.125
89 93 0.125
91 93 0.125
92 93 0.125
94 93 0.125
95 93 0.125
96 93 0.125
97 93 0.125
413 93 0.125
90 94 0.125
91 94 0.125
92 94 0.125
93 94 0.125
95 94 0.125
96 94 0.125
97 94 0.125
98 94 0.125
91 95 0.125
92 95 0.125
93 95 0.125
94 95 0.125
96 95 0.125
97 95 0.125
98 95 0.125
99 95 0.125
91 158 0.125
154 158 0.125
155 158 0.125
156 158 0.125
157 158 0.125
160 158 0.125
162 158 0.125
380 158 0.125
91 361 0.125
357 361 0.125
358 361 0.125
359 361 0.125
360 361 0.125
363 361 0.125
364 361 0.125
365 361 0.125
92 96 0.125
93 96 0.125
94 96 0.125
95 96 0.125
97 96 0.125
98 96 0.125
99 96 0.125
100 96 0.125
93 97 0.125
94 97 0.125
95 97 0.125
96 97 0.125
98 97 0.125
99 97 0.125
100 97 0.125
101 97 0.125
93 413 0.111111
339 413 0.111111
409 413 0.111111
410 413 0.111111
411 413 0.111111
412 413 0.111111
414 413 0.111111
416 413 0.111111
417 413 0.111111
94 98 0.111111
95 98 0.111111
96 98 0.111111
97 98 0.111111
99 98 0.111111
100 98 0.111111
101 98 0.111111
102 98 0.111111
308 98 0.111111
95 99 0.1
96 99 0.1
97 99 0.1
98 99 0.1
100 99 0.1
102 99 0.1
103 99 0.1
404 99 0.1
172 99 0.1
329 99 0.1
96 100 0.111111
97 100 0.111111
98 100 0.111111
99 100 0.111111
101 100 0.111111
102 100 0.111111
103 100 0.111111
104 100 0.111111
359 100 0.111111
98 102 0.125
99 102 0.125
100 102 0.125
101 102 0.125
103 102 0.125
105 102 0.125
106 102 0.125
141 102 0.125
98 308 0.111111
208 308 0.111111
304 308 0.111111
305 308 0.111111
306 308 0.111111
307 308 0.111111
309 308 0.111111
311 308 0.111111
312 308 0.111111
99 404 0.111111
148 404 0.111111
218 404 0.111111
400 404 0.111111
401 404 0.111111
402 404 0.111111
403 404 0.111111
406 404 0.111111
407 404 0.111111
99 172 0.1
168 172 0.1
169 172 0.1
170 172 0.1
171 172 0.1
173 172 0.1
174 172 0.1
175 172 0.1
176 172 0.1
344 172 0.1
99 329 0.142857
326 329 0.142857
327 329 0.142857
328 329 0.142857
330 329 0.142857
331 329 0.142857
332 329 0.142857
100 104 0.166667
101 104 0.166667
105 104 0.166667
106 104 0.166667
107 104 0.166667
108 104 0.166667
100 359 0.111111
313 359 0.111111
355 359 0.111111
356 359 0.111111
357 359 0.111111
358 359 0.111111
361 359 0.111111
362 359 0.111111
363 359 0.111111
102 105 0.166667
104 105 0.166667
106 105 0.166667
107 105 0.166667
108 105 0.166667
109 105 0.166667
102 141 0.111111
137 141 0.111111
138 141 0.111111
139 141 0.111111
140 141 0.111111
143 141 0.111111
144 141 0.111111
145 141 0.111111
254 141 0.111111
103 107 0.125
104 107 0.125
105 107 0.125
106 107 0.125
108 107 0.125
109 107 0.125
110 107 0.125
111 107 0.125
103 155 0.1
151 155 0.1
152 155 0.1
153 155 0.1
154 155 0.1
156 155 0.1
157 155 0.1
158 155 0.1
159 155 0.1
432 155 0.1
103 368 0.111111
364 368 0.111111
365 368 0.111111
366 368 0.111111
367 368 0.111111
369 368 0.111111
370 368 0.111111
371 368 0.111111
372 368 0.111111
103 398 0.111111
165 398 0.111111
320 398 0.111111
394 398 0.111111
395 398 0.111111
396 398 0.111111
397 398 0.111111
401 398 0.111111
402 398 0.111111
104 108 0.111111
105 108 0.111111
106 108 0.111111
107 108 0.111111
110 108 0.111111
111 108 0.111111
112 108 0.111111
118 108 0.111111
419 108 0.111111
105 109 0.142857
106 109 0.142857
107 109 0.142857
110 109 0.142857
111 109 0.142857
112 109 0.142857
113 109 0.142857
106 110 0.125
107 110 0.125
108 110 0.125
109 110 0.125
111 110 0.125
112 110 0.125
113 110 0.125
171 110 0.125
107 111 0.125
108 111 0.125
109 111 0.125
110 111 0.125
112 111 0.125
113 111 0.125
114 111 0.125
115 111 0.125
108 112 0.125
109 112 0.125
110 112 0.125
111 112 0.125
113 112 0.125
114 112 0.125
115 112 0.125
116 112 0.125
108 118 0.125
116 118 0.125
117 118 0.125
119 118 0.125
120 118 0.125
121 118 0.125
122 118 0.125
154 118 0.125
108 419 0.125
208 419 0.125
415 419 0.125
416 419 0.125
417 419 0.125
418 419 0.125
420 419 0.125
423 419 0.125
110 171 0.111111
167 171 0.111111
168 171 0.111111
169 171 0.111111
170 171 0.111111
172 171 0.111111
173 171 0.111111
174 171 0.111111
175 171 0.111111
111 115 0.125
112 115 0.125
114 115 0.125
116 115 0.125
117 115 0.125
119 115 0.125
399 115 0.125
370 115 0.125
112 116 0.125
113 116 0.125
115 116 0.125
117 116 0.125
118 116 0.125
119 116 0.125
120 116 0.125
247 116 0.125
113 117 0.125
114 117 0.125
115 117 0.125
116 117 0.125
118 117 0.125
120 117 0.125
121 117 0.125
233 117 0.125
113 327 0.125
323 327 0.125
324 327 0.125
325 327 0.125
326 327 0.125
329 327 0.125
330 327 0.125
331 327 0.125
114 406 0.1
337 406 0.1
402 406 0.1
403 406 0.1
404 406 0.1
405 406 0.1
407 406 0.1
408 406 0.1
409 406 0.1
410 406 0.1
115 119 0.142857
116 119 0.142857
118 119 0.142857
120 119 0.142857
121 119 0.142857
122 119 0.142857
123 119 0.142857
115 399 0.125
395 399 0.125
396 399 0.125
397 399 0.125
400 399 0.125
401 399 0.125
402 399 0.125
403 399 0.125
115 370 0.125
366 370 0.125
367 370 0.125
368 370 0.125
369 370 0.125
371 370 0.125
372 370 0.125
374 370 0.125
116 120 0.125
117 120 0.125
118 120 0.125
119 120 0.125
121 120 0.125
122 120 0.125
123 120 0.125
124 120 0.125
116 247 0.125
243 247 0.125
244 247 0.125
245 247 0.125
246 247 0.125
249 247 0.125
250 247 0.125
251 247 0.125
118 122 0.142857
119 122 0.142857
120 122 0.142857
123 122 0.142857
124 122 0.142857
125 122 0.142857
126 122 0.142857
118 154 0.125
150 154 0.125
151 154 0.125
152 154 0.125
153 154 0.125
155 154 0.125
157 154 0.125
158 154 0.125
119 123 0.125
120 123 0.125
121 123 0.125
122 123 0.125
124 123 0.125
125 123 0.125
126 123 0.125
127 123 0.125
120 124 0.111111
121 124 0.111111
122 124 0.111111
123 124 0.111111
125 124 0.111111
126 124 0.111111
127 124 0.111111
128 124 0.111111
305 124 0.111111
121 310 0.125
306 310 0.125
307 310 0.125
309 310 0.125
312 310 0.125
313 310 0.125
314 310 0.125
383 310 0.125
121 273 0.125
270 273 0.125
271 273 0.125
272 273 0.125
274 273 0.125
275 273 0.125
276 273 0.125
277 273 0.125
122 125 0.142857
123 125 0.142857
124 125 0.142857
126 125 0.142857
127 125 0.142857
128 125 0.142857
129 125 0.142857
122 126 0.111111
123 126 0.111111
124 126 0.111111
125 126 0.111111
127 126 0.111111
128 126 0.111111
129 126 0.111111
286 126 0.111111
385 126 0.111111
123 127 0.111111
124 127 0.111111
125 127 0.111111
126 127 0.111111
128 127 0.111111
129 127 0.111111
130 127 0.111111
131 127 0.111111
426 127 0.111111
124 128 0.125
125 128 0.125
126 128 0.125
127 128 0.125
129 128 0.125
130 128 0.125
131 128 0.125
132 128 0.125
124 305 0.125
301 305 0.125
302 305 0.125
303 305 0.125
304 305 0.125
307 305 0.125
308 305 0.125
309 305 0.125
125 129 0.125
126 129 0.125
127 129 0.125
128 129 0.125
130 129 0.125
131 129 0.125
132 129 0.125
133 129 0.125
126 286 0.125
282 286 0.125
283 286 0.125
284 286 0.125
285 286 0.125
288 286 0.125
289 286 0.125
290 286 0.125
126 385 0.111111
381 385 0.111111
382 385 0.111111
383 385 0.111111
384 385 0.111111
386 385 0.111111
387 385 0.111111
388 385 0.111111
389 385 0.111111
127 130 0.142857
128 130 0.142857
129 130 0.142857
131 130 0.142857
132 130 0.142857
133 130 0.142857
134 130 0.142857
127 131 0.111111
128 131 0.111111
129 131 0.111111
130 131 0.111111
132 131 0.111111
133 131 0.111111
134 131 0.111111
135 131 0.111111
319 131 0.111111
127 426 0.125
422 426 0.125
423 426 0.125
424 426 0.125
425 426 0.125
427 426 0.125
428 426 0.125
430 426 0.125
128 132 0.111111
129 132 0.111111
130 132 0.111111
131 132 0.111111
133 132 0.111111
134 132 0.111111
135 132 0.111111
136 132 0.111111
375 132 0.111111
129 133 0.111111
130 133 0.111111
131 133 0.111111
132 133 0.111111
134 133 0.111111
135 133 0.111111
136 133 0.111111
137 133 0.111111
403 133 0.111111
130 134 0.125
131 134 0.125
132 134 0.125
133 134 0.125
135 134 0.125
136 134 0.125
137 134 0.125
138 134 0.125
131 135 0.125
132 135 0.125
133 135 0.125
134 135 0.125
136 135 0.125
137 135 0.125
138 135 0.125
139 135 0.125
132 136 0.125
133 136 0.125
134 136 0.125
135 136 0.125
137 136 0.125
138 136 0.125
139 136 0.125
140 136 0.125
132 375 0.125
280 375 0.125
371 375 0.125
372 375 0.125
373 375 0.125
374 375 0.125
377 375 0.125
379 375 0.125
133 137 0.125
134 137 0.125
135 137 0.125
136 137 0.125
138 137 0.125
139 137 0.125
140 137 0.125
141 137 0.125
133 403 0.111111
343 403 0.111111
399 403 0.111111
400 403 0.111111
401 403 0.111111
402 403 0.111111
404 403 0.111111
406 403 0.111111
407 403 0.111111
134 138 0.125
135 138 0.125
136 138 0.125
137 138 0.125
139 138 0.125
140 138 0.125
141 138 0.125
142 138 0.125
136 140 0.111111
137 140 0.111111
138 140 0.111111
139 140 0.111111
141 140 0.111111
142 140 0.111111
143 140 0.111111
144 140 0.111111
418 140 0.111111
138 142 0.142857
139 142 0.142857
140 142 0.142857
143 142 0.142857
144 142 0.142857
145 142 0.142857
146 142 0.142857
140 143 0.142857
141 143 0.142857
142 143 0.142857
145 143 0.142857
146 143 0.142857
147 143 0.142857
197 143 0.142857
140 144 0.111111
141 144 0.111111
142 144 0.111111
145 144 0.111111
146 144 0.111111
147 144 0.111111
148 144 0.111111
261 144 0.111111
400 144 0.111111
140 418 0.125
414 418 0.125
415 418 0.125
416 418 0.125
417 418 0.125
419 418 0.125
421 418 0.125
422 418 0.125
141 145 0.125
142 145 0.125
143 145 0.125
144 145 0.125
146 145 0.125
147 145 0.125
148 145 0.125
149 145 0.125
141 254 0.111111
250 254 0.111111
251 254 0.111111
252 254 0.111111
253 254 0.111111
255 254 0.111111
256 254 0.111111
257 254 0.111111
258 254 0.111111
142 146 0.125
143 146 0.125
144 146 0.125
145 146 0.125
147 146 0.125
149 146 0.125
150 146 0.125
209 146 0.125
143 147 0.125
144 147 0.125
145 147 0.125
146 147 0.125
148 147 0.125
149 147 0.125
151 147 0.125
416 147 0.125
143 197 0.1
193 197 0.1
194 197 0.1
195 197 0.1
196 197 0.1
198 197 0.1
199 197 0.1
200 197 0.1
201 197 0.1
379 197 0.1
144 148 0.142857
145 148 0.142857
147 148 0.142857
149 148 0.142857
150 148 0.142857
152 148 0.142857
404 148 0.142857
144 261 0.125
257 261 0.125
258 261 0.125
259 261 0.125
260 261 0.125
263 261 0.125
264 261 0.125
265 261 0.125
144 400 0.125
289 400 0.125
396 400 0.125
397 400 0.125
399 400 0.125
401 400 0.125
403 400 0.125
404 400 0.125
145 149 0.125
146 149 0.125
147 149 0.125
148 149 0.125
150 149 0.125
151 149 0.125
152 149 0.125
153 149 0.125
146 150 0.142857
148 150 0.142857
149 150 0.142857
151 150 0.142857
152 150 0.142857
153 150 0.142857
154 150 0.142857
146 209 0.125
205 209 0.125
206 209 0.125
207 209 0.125
210 209 0.125
211 209 0.125
212 209 0.125
213 209 0.125
147 151 0.142857
149 151 0.142857
150 151 0.142857
152 151 0.142857
153 151 0.142857
154 151 0.142857
155 151 0.142857
147 416 0.111111
412 416 0.111111
413 416 0.111111
414 416 0.111111
415 416 0.111111
417 416 0.111111
418 416 0.111111
419 416 0.111111
420 416 0.111111
148 152 0.125
149 152 0.125
150 152 0.125
151 152 0.125
153 152 0.125
154 152 0.125
155 152 0.125
156 152 0.125
149 153 0.125
150 153 0.125
151 153 0.125
152 153 0.125
154 153 0.125
155 153 0.125
156 153 0.125
157 153 0.125
152 156 0.142857
153 156 0.142857
155 156 0.142857
157 156 0.142857
158 156 0.142857
159 156 0.142857
160 156 0.142857
153 157 0.125
154 157 0.125
155 157 0.125
156 157 0.125
158 157 0.125
159 157 0.125
160 157 0.125
161 157 0.125
155 159 0.142857
156 159 0.142857
157 159 0.142857
160 159 0.142857
161 159 0.142857
162 159 0.142857
163 159 0.142857
156 160 0.111111
157 160 0.111111
158 160 0.111111
159 160 0.111111
161 160 0.111111
162 160 0.111111
163 160 0.111111
164 160 0.111111
280 160 0.111111
157 161 0.142857
159 161 0.142857
160 161 0.142857
162 161 0.142857
163 161 0.142857
164 161 0.142857
165 161 0.142857
158 162 0.111111
159 162 0.111111
160 162 0.111111
161 162 0.111111
164 162 0.111111
165 162 0.111111
166 162 0.111111
170 162 0.111111
218 162 0.111111
158 380 0.125
300 380 0.125
376 380 0.125
378 380 0.125
379 380 0.125
381 380 0.125
382 380 0.125
383 380 0.125
159 163 0.142857
160 163 0.142857
161 163 0.142857
164 163 0.142857
165 163 0.142857
166 163 0.142857
167 163 0.142857
161 165 0.1
162 165 0.1
163 165 0.1
164 165 0.1
166 165 0.1
167 165 0.1
168 165 0.1
169 165 0.1
398 165 0.1
337 165 0.1
162 166 0.142857
163 166 0.142857
165 166 0.142857
167 166 0.142857
169 166 0.142857
175 166 0.142857
289 166 0.142857
162 170 0.125
167 170 0.125
168 170 0.125
169 170 0.125
171 170 0.125
172 170 0.125
173 170 0.125
174 170 0.125
162 218 0.1
214 218 0.1
215 218 0.1
216 218 0.1
217 218 0.1
219 218 0.1
220 218 0.1
221 218 0.1
340 218 0.1
404 218 0.1
163 167 0.125
164 167 0.125
165 167 0.125
166 167 0.125
168 167 0.125
169 167 0.125
170 167 0.125
171 167 0.125
164 168 0.142857
165 168 0.142857
167 168 0.142857
169 168 0.142857
170 168 0.142857
171 168 0.142857
172 168 0.142857
165 169 0.125
166 169 0.125
167 169 0.125
168 169 0.125
170 169 0.125
171 169 0.125
172 169 0.125
173 169 0.125
165 337 0.125
333 337 0.125
334 337 0.125
335 337 0.125
336 337 0.125
338 337 0.125
339 337 0.125
406 337 0.125
166 175 0.111111
171 175 0.111111
172 175 0.111111
173 175 0.111111
174 175 0.111111
177 175 0.111111
178 175 0.111111
179 175 0.111111
304 175 0.111111
166 289 0.111111
285 289 0.111111
286 289 0.111111
287 289 0.111111
288 289 0.111111
290 289 0.111111
291 289 0.111111
293 289 0.111111
400 289 0.111111
170 174 0.125
171 174 0.125
172 174 0.125
173 174 0.125
175 174 0.125
176 174 0.125
177 174 0.125
178 174 0.125
172 176 0.142857
173 176 0.142857
174 176 0.142857
177 176 0.142857
178 176 0.142857
179 176 0.142857
180 176 0.142857
173 177 0.125
174 177 0.125
175 177 0.125
176 177 0.125
178 177 0.125
179 177 0.125
180 177 0.125
181 177 0.125
174 178 0.125
175 178 0.125
176 178 0.125
177 178 0.125
179 178 0.125
180 178 0.125
181 178 0.125
182 178 0.125
175 179 0.125
176 179 0.125
177 179 0.125
178 179 0.125
180 179 0.125
182 179 0.125
183 179 0.125
334 179 0.125
175 304 0.111111
300 304 0.111111
301 304 0.111111
302 304 0.111111
303 304 0.111111
305 304 0.111111
306 304 0.111111
308 304 0.111111
324 304 0.111111
177 181 0.142857
178 181 0.142857
180 181 0.142857
182 181 0.142857
183 181 0.142857
184 181 0.142857
185 181 0.142857
178 182 0.125
179 182 0.125
180 182 0.125
181 182 0.125
183 182 0.125
184 182 0.125
185 182 0.125
186 182 0.125
179 183 0.142857
181 183 0.142857
182 183 0.142857
184 183 0.142857
185 183 0.142857
186 183 0.142857
187 183 0.142857
179 334 0.111111
330 334 0.111111
331 334 0.111111
332 334 0.111111
333 334 0.111111
335 334 0.111111
336 334 0.111111
337 334 0.111111
338 334 0.111111
180 184 0.111111
181 184 0.111111
182 184 0.111111
183 184 0.111111
185 184 0.111111
186 184 0.111111
187 184 0.111111
188 184 0.111111
271 184 0.111111
181 185 0.125
182 185 0.125
183 185 0.125
184 185 0.125
186 185 0.125
187 185 0.125
188 185 0.125
189 185 0.125
182 186 0.125
183 186 0.125
184 186 0.125
185 186 0.125
187 186 0.125
188 186 0.125
189 186 0.125
190 186 0.125
183 187 0.125
184 187 0.125
185 187 0.125
186 187 0.125
188 187 0.125
189 187 0.125
190 187 0.125
191 187 0.125
184 188 0.125
185 188 0.125
186 188 0.125
187 188 0.125
189 188 0.125
190 188 0.125
191 188 0.125
192 188 0.125
184 271 0.125
267 271 0.125
268 271 0.125
269 271 0.125
270 271 0.125
273 271 0.125
274 271 0.125
275 271 0.125
186 190 0.125
187 190 0.125
188 190 0.125
189 190 0.125
191 190 0.125
192 190 0.125
193 190 0.125
194 190 0.125
187 191 0.125
188 191 0.125
189 191 0.125
190 191 0.125
192 191 0.125
193 191 0.125
194 191 0.125
195 191 0.125
188 192 0.125
189 192 0.125
190 192 0.125
191 192 0.125
193 192 0.125
194 192 0.125
195 192 0.125
196 192 0.125
189 193 0.125
190 193 0.125
191 193 0.125
192 193 0.125
195 193 0.125
197 193 0.125
307 193 0.125
317 193 0.125
190 194 0.142857
191 194 0.142857
192 194 0.142857
195 194 0.142857
196 194 0.142857
197 194 0.142857
198 194 0.142857
191 195 0.125
192 195 0.125
193 195 0.125
194 195 0.125
196 195 0.125
197 195 0.125
198 195 0.125
199 195 0.125
192 196 0.142857
194 196 0.142857
195 196 0.142857
197 196 0.142857
198 196 0.142857
199 196 0.142857
200 196 0.142857
193 307 0.125
303 307 0.125
305 307 0.125
306 307 0.125
308 307 0.125
309 307 0.125
310 307 0.125
311 307 0.125
193 317 0.125
313 317 0.125
314 317 0.125
315 317 0.125
318 317 0.125
319 317 0.125
320 317 0.125
321 317 0.125
194 198 0.125
195 198 0.125
196 198 0.125
197 198 0.125
199 198 0.125
200 198 0.125
201 198 0.125
202 198 0.125
195 199 0.125
196 199 0.125
197 199 0.125
198 199 0.125
200 199 0.125
201 199 0.125
202 199 0.125
203 199 0.125
196 200 0.125
197 200 0.125
198 200 0.125
199 200 0.125
201 200 0.125
202 200 0.125
203 200 0.125
204 200 0.125
197 201 0.125
198 201 0.125
199 201 0.125
200 201 0.125
202 201 0.125
203 201 0.125
204 201 0.125
205 201 0.125
197 379 0.125
375 379 0.125
376 379 0.125
377 379 0.125
378 379 0.125
380 379 0.125
381 379 0.125
382 379 0.125
198 202 0.111111
199 202 0.111111
200 202 0.111111
201 202 0.111111
203 202 0.111111
204 202 0.111111
205 202 0.111111
206 202 0.111111
256 202 0.111111
199 203 0.125
200 203 0.125
201 203 0.125
202 203 0.125
204 203 0.125
205 203 0.125
206 203 0.125
207 203 0.125
201 205 0.125
202 205 0.125
203 205 0.125
204 205 0.125
206 205 0.125
207 205 0.125
208 205 0.125
209 205 0.125
202 206 0.142857
203 206 0.142857
205 206 0.142857
207 206 0.142857
208 206 0.142857
209 206 0.142857
216 206 0.142857
203 207 0.125
204 207 0.125
205 207 0.125
206 207 0.125
208 207 0.125
209 207 0.125
210 207 0.125
211 207 0.125
204 208 0.111111
205 208 0.111111
206 208 0.111111
207 208 0.111111
210 208 0.111111
211 208 0.111111
212 208 0.111111
308 208 0.111111
419 208 0.111111
206 216 0.111111
212 216 0.111111
213 216 0.111111
214 216 0.111111
215 216 0.111111
217 216 0.111111
218 216 0.111111
219 216 0.111111
220 216 0.111111
207 210 0.142857
208 210 0.142857
209 210 0.142857
211 210 0.142857
212 210 0.142857
213 210 0.142857
214 210 0.142857
207 211 0.125
208 211 0.125
209 211 0.125
210 211 0.125
212 211 0.125
213 211 0.125
214 211 0.125
215 211 0.125
208 212 0.125
209 212 0.125
210 212 0.125
211 212 0.125
213 212 0.125
214 212 0.125
215 212 0.125
216 212 0.125
209 213 0.125
210 213 0.125
211 213 0.125
212 213 0.125
214 213 0.125
216 213 0.125
217 213 0.125
324 213 0.125
211 215 0.125
212 215 0.125
214 215 0.125
216 215 0.125
217 215 0.125
218 215 0.125
219 215 0.125
250 215 0.125
213 217 0.125
214 217 0.125
215 217 0.125
216 217 0.125
218 217 0.125
219 217 0.125
220 217 0.125
221 217 0.125
213 324 0.1
304 324 0.1
320 324 0.1
321 324 0.1
322 324 0.1
323 324 0.1
325 324 0.1
326 324 0.1
327 324 0.1
328 324 0.1
215 219 0.125
216 219 0.125
217 219 0.125
218 219 0.125
220 219 0.125
221 219 0.125
222 219 0.125
223 219 0.125
215 250 0.142857
246 250 0.142857
247 250 0.142857
249 250 0.142857
252 250 0.142857
253 250 0.142857
254 250 0.142857
216 220 0.125
217 220 0.125
218 220 0.125
219 220 0.125
221 220 0.125
222 220 0.125
223 220 0.125
224 220 0.125
219 222 0.142857
220 222 0.142857
221 222 0.142857
223 222 0.142857
224 222 0.142857
225 222 0.142857
226 222 0.142857
219 223 0.125
220 223 0.125
221 223 0.125
222 223 0.125
224 223 0.125
225 223 0.125
226 223 0.125
227 223 0.125
220 224 0.125
221 224 0.125
222 224 0.125
223 224 0.125
225 224 0.125
227 224 0.125
228 224 0.125
278 224 0.125
221 225 0.125
222 225 0.125
223 225 0.125
224 225 0.125
226 225 0.125
227 225 0.125
228 225 0.125
229 225 0.125
221 244 0.125
240 244 0.125
241 244 0.125
242 244 0.125
243 244 0.125
246 244 0.125
247 244 0.125
248 244 0.125
221 346 0.166667
342 346 0.166667
345 346 0.166667
348 346 0.166667
350 346 0.166667
374 346 0.166667
222 226 0.142857
223 226 0.142857
225 226 0.142857
227 226 0.142857
228 226 0.142857
229 226 0.142857
230 226 0.142857
223 227 0.125
224 227 0.125
225 227 0.125
226 227 0.125
228 227 0.125
229 227 0.125
230 227 0.125
231 227 0.125
225 229 0.111111
226 229 0.111111
227 229 0.111111
228 229 0.111111
230 229 0.111111
231 229 0.111111
232 229 0.111111
233 229 0.111111
293 229 0.111111
229 293 0.125
289 293 0.125
290 293 0.125
291 293 0.125
292 293 0.125
294 293 0.125
295 293 0.125
431 293 0.125
230 234 0.142857
231 234 0.142857
232 234 0.142857
235 234 0.142857
236 234 0.142857
237 234 0.142857
238 234 0.142857
231 235 0.142857
233 235 0.142857
234 235 0.142857
236 235 0.142857
237 235 0.142857
238 235 0.142857
239 235 0.142857
233 237 0.125
234 237 0.125
235 237 0.125
236 237 0.125
238 237 0.125
239 237 0.125
240 237 0.125
241 237 0.125
234 238 0.142857
235 238 0.142857
237 238 0.142857
239 238 0.142857
240 238 0.142857
241 238 0.142857
242 238 0.142857
236 240 0.125
237 240 0.125
238 240 0.125
239 240 0.125
241 240 0.125
242 240 0.125
243 240 0.125
244 240 0.125
237 241 0.125
238 241 0.125
239 241 0.125
240 241 0.125
242 241 0.125
243 241 0.125
244 241 0.125
245 241 0.125
238 242 0.125
239 242 0.125
240 242 0.125
241 242 0.125
243 242 0.125
244 242 0.125
245 242 0.125
246 242 0.125
239 243 0.125
240 243 0.125
241 243 0.125
242 243 0.125
244 243 0.125
245 243 0.125
246 243 0.125
247 243 0.125
241 245 0.142857
242 245 0.142857
243 245 0.142857
246 245 0.142857
247 245 0.142857
248 245 0.142857
249 245 0.142857
242 246 0.125
243 246 0.125
244 246 0.125
245 246 0.125
247 246 0.125
248 246 0.125
249 246 0.125
250 246 0.125
244 248 0.142857
245 248 0.142857
246 248 0.142857
249 248 0.142857
251 248 0.142857
252 248 0.142857
386 248 0.142857
245 249 0.125
246 249 0.125
247 249 0.125
248 249 0.125
250 249 0.125
251 249 0.125
253 249 0.125
392 249 0.125
247 251 0.142857
248 251 0.142857
249 251 0.142857
252 251 0.142857
253 251 0.142857
254 251 0.142857
255 251 0.142857
248 252 0.142857
250 252 0.142857
251 252 0.142857
253 252 0.142857
254 252 0.142857
255 252 0.142857
256 252 0.142857
248 386 0.111111
382 386 0.111111
383 386 0.111111
384 386 0.111111
385 386 0.111111
387 386 0.111111
388 386 0.111111
389 386 0.111111
390 386 0.111111
249 253 0.125
250 253 0.125
251 253 0.125
252 253 0.125
254 253 0.125
255 253 0.125
256 253 0.125
257 253 0.125
249 392 0.111111
388 392 0.111111
389 392 0.111111
390 392 0.111111
391 392 0.111111
393 392 0.111111
394 392 0.111111
395 392 0.111111
396 392 0.111111
253 257 0.111111
254 257 0.111111
255 257 0.111111
256 257 0.111111
258 257 0.111111
259 257 0.111111
260 257 0.111111
261 257 0.111111
358 257 0.111111
255 259 0.125
256 259 0.125
257 259 0.125
258 259 0.125
260 259 0.125
261 259 0.125
262 259 0.125
357 259 0.125
256 260 0.125
257 260 0.125
258 260 0.125
259 260 0.125
261 260 0.125
262 260 0.125
263 260 0.125
264 260 0.125
257 358 0.125
354 358 0.125
355 358 0.125
356 358 0.125
357 358 0.125
359 358 0.125
361 358 0.125
362 358 0.125
258 262 0.142857
259 262 0.142857
260 262 0.142857
263 262 0.142857
264 262 0.142857
265 262 0.142857
266 262 0.142857
259 357 0.125
354 357 0.125
355 357 0.125
356 357 0.125
358 357 0.125
359 357 0.125
360 357 0.125
361 357 0.125
260 263 0.142857
261 263 0.142857
262 263 0.142857
264 263 0.142857
265 263 0.142857
266 263 0.142857
267 263 0.142857
260 264 0.125
261 264 0.125
262 264 0.125
263 264 0.125
265 264 0.125
266 264 0.125
267 264 0.125
268 264 0.125
261 265 0.125
262 265 0.125
263 265 0.125
264 265 0.125
266 265 0.125
267 265 0.125
268 265 0.125
269 265 0.125
262 266 0.125
263 266 0.125
264 266 0.125
265 266 0.125
267 266 0.125
268 266 0.125
269 266 0.125
270 266 0.125
263 267 0.125
264 267 0.125
265 267 0.125
266 267 0.125
268 267 0.125
269 267 0.125
270 267 0.125
271 267 0.125
265 269 0.125
266 269 0.125
267 269 0.125
268 269 0.125
270 269 0.125
271 269 0.125
272 269 0.125
282 269 0.125
268 272 0.142857
269 272 0.142857
270 272 0.142857
273 272 0.142857
274 272 0.142857
275 272 0.142857
276 272 0.142857
269 282 0.125
278 282 0.125
280 282 0.125
281 282 0.125
283 282 0.125
284 282 0.125
285 282 0.125
286 282 0.125
270 274 0.125
271 274 0.125
272 274 0.125
273 274 0.125
275 274 0.125
276 274 0.125
277 274 0.125
278 274 0.125
271 275 0.125
272 275 0.125
273 275 0.125
274 275 0.125
276 275 0.125
277 275 0.125
278 275 0.125
279 275 0.125
272 276 0.125
273 276 0.125
274 276 0.125
275 276 0.125
277 276 0.125
278 276 0.125
279 276 0.125
280 276 0.125
273 277 0.125
274 277 0.125
275 277 0.125
276 277 0.125
278 277 0.125
279 277 0.125
280 277 0.125
281 277 0.125
275 279 0.142857
276 279 0.142857
277 279 0.142857
280 279 0.142857
281 279 0.142857
283 279 0.142857
336 279 0.142857
277 281 0.125
278 281 0.125
279 281 0.125
280 281 0.125
282 281 0.125
283 281 0.125
284 281 0.125
285 281 0.125
279 283 0.125
280 283 0.125
281 283 0.125
282 283 0.125
284 283 0.125
285 283 0.125
286 283 0.125
287 283 0.125
279 336 0.111111
332 336 0.111111
333 336 0.111111
334 336 0.111111
335 336 0.111111
337 336 0.111111
338 336 0.111111
339 336 0.111111
340 336 0.111111
283 287 0.111111
284 287 0.111111
285 287 0.111111
288 287 0.111111
289 287 0.111111
290 287 0.111111
291 287 0.111111
395 287 0.111111
422 287 0.111111
284 288 0.125
285 288 0.125
286 288 0.125
287 288 0.125
289 288 0.125
290 288 0.125
291 288 0.125
292 288 0.125
286 290 0.125
287 290 0.125
288 290 0.125
289 290 0.125
291 290 0.125
292 290 0.125
293 290 0.125
294 290 0.125
287 291 0.125
288 291 0.125
289 291 0.125
290 291 0.125
292 291 0.125
293 291 0.125
294 291 0.125
295 291 0.125
287 395 0.125
391 395 0.125
392 395 0.125
393 395 0.125
394 395 0.125
396 395 0.125
398 395 0.125
399 395 0.125
287 422 0.142857
418 422 0.142857
420 422 0.142857
421 422 0.142857
423 422 0.142857
424 422 0.142857
426 422 0.142857
288 292 0.142857
290 292 0.142857
291 292 0.142857
293 292 0.142857
294 292 0.142857
295 292 0.142857
296 292 0.142857
290 294 0.125
291 294 0.125
292 294 0.125
293 294 0.125
295 294 0.125
296 294 0.125
297 294 0.125
298 294 0.125
291 295 0.125
292 295 0.125
293 295 0.125
294 295 0.125
297 295 0.125
298 295 0.125
299 295 0.125
319 295 0.125
292 296 0.166667
294 296 0.166667
297 296 0.166667
298 296 0.166667
299 296 0.166667
300 296 0.166667
294 297 0.142857
295 297 0.142857
296 297 0.142857
298 297 0.142857
299 297 0.142857
300 297 0.142857
301 297 0.142857
294 298 0.125
295 298 0.125
296 298 0.125
297 298 0.125
299 298 0.125
300 298 0.125
301 298 0.125
302 298 0.125
295 299 0.111111
296 299 0.111111
297 299 0.111111
298 299 0.111111
300 299 0.111111
301 299 0.111111
302 299 0.111111
303 299 0.111111
344 299 0.111111
297 301 0.142857
298 301 0.142857
299 301 0.142857
302 301 0.142857
303 301 0.142857
304 301 0.142857
305 301 0.142857
298 302 0.125
299 302 0.125
300 302 0.125
301 302 0.125
303 302 0.125
304 302 0.125
305 302 0.125
306 302 0.125
299 303 0.125
300 303 0.125
301 303 0.125
302 303 0.125
304 303 0.125
305 303 0.125
306 303 0.125
307 303 0.125
302 306 0.142857
303 306 0.142857
304 306 0.142857
307 306 0.142857
308 306 0.142857
310 306 0.142857
344 306 0.142857
305 309 0.142857
307 309 0.142857
308 309 0.142857
310 309 0.142857
311 309 0.142857
312 309 0.142857
313 309 0.142857
307 311 0.142857
308 311 0.142857
309 311 0.142857
312 311 0.142857
313 311 0.142857
314 311 0.142857
315 311 0.142857
308 312 0.125
309 312 0.125
310 312 0.125
311 312 0.125
313 312 0.125
314 312 0.125
315 312 0.125
316 312 0.125
309 313 0.111111
310 313 0.111111
311 313 0.111111
312 313 0.111111
314 313 0.111111
316 313 0.111111
317 313 0.111111
359 313 0.111111
407 313 0.111111
310 314 0.111111
311 314 0.111111
312 314 0.111111
313 314 0.111111
315 314 0.111111
316 314 0.111111
317 314 0.111111
318 314 0.111111
351 314 0.111111
311 315 0.142857
312 315 0.142857
314 315 0.142857
316 315 0.142857
317 315 0.142857
318 315 0.142857
319 315 0.142857
313 407 0.125
343 407 0.125
403 407 0.125
404 407 0.125
406 407 0.125
408 407 0.125
409 407 0.125
411 407 0.125
314 318 0.125
315 318 0.125
316 318 0.125
317 318 0.125
319 318 0.125
320 318 0.125
322 318 0.125
394 318 0.125
314 351 0.125
347 351 0.125
348 351 0.125
349 351 0.125
350 351 0.125
352 351 0.125
353 351 0.125
354 351 0.125
316 320 0.125
317 320 0.125
318 320 0.125
322 320 0.125
323 320 0.125
324 320 0.125
377 320 0.125
398 320 0.125
317 321 0.166667
319 321 0.166667
322 321 0.166667
323 321 0.166667
324 321 0.166667
325 321 0.166667
318 322 0.125
319 322 0.125
320 322 0.125
321 322 0.125
323 322 0.125
324 322 0.125
325 322 0.125
326 322 0.125
318 394 0.111111
390 394 0.111111
391 394 0.111111
392 394 0.111111
393 394 0.111111
395 394 0.111111
396 394 0.111111
397 394 0.111111
398 394 0.111111
319 323 0.125
320 323 0.125
321 323 0.125
322 323 0.125
324 323 0.125
325 323 0.125
326 323 0.125
327 323 0.125
321 325 0.111111
322 325 0.111111
323 325 0.111111
324 325 0.111111
326 325 0.111111
327 325 0.111111
328 325 0.111111
430 325 0.111111
396 325 0.111111
322 326 0.125
323 326 0.125
324 326 0.125
325 326 0.125
327 326 0.125
329 326 0.125
330 326 0.125
397 326 0.125
325 396 0.111111
392 396 0.111111
393 396 0.111111
394 396 0.111111
395 396 0.111111
397 396 0.111111
398 396 0.111111
399 396 0.111111
400 396 0.111111
326 330 0.142857
327 330 0.142857
329 330 0.142857
331 330 0.142857
332 330 0.142857
333 330 0.142857
334 330 0.142857
327 331 0.142857
329 331 0.142857
330 331 0.142857
332 331 0.142857
333 331 0.142857
334 331 0.142857
335 331 0.142857
328 332 0.125
329 332 0.125
330 332 0.125
331 332 0.125
333 332 0.125
334 332 0.125
335 332 0.125
336 332 0.125
330 333 0.142857
331 333 0.142857
332 333 0.142857
334 333 0.142857
335 333 0.142857
336 333 0.142857
337 333 0.142857
331 335 0.125
332 335 0.125
333 335 0.125
334 335 0.125
336 335 0.125
337 335 0.125
338 335 0.125
339 335 0.125
334 338 0.125
335 338 0.125
336 338 0.125
337 338 0.125
339 338 0.125
340 338 0.125
341 338 0.125
342 338 0.125
335 339 0.125
336 339 0.125
337 339 0.125
338 339 0.125
340 339 0.125
341 339 0.125
342 339 0.125
413 339 0.125
338 341 0.166667
339 341 0.166667
342 341 0.166667
343 341 0.166667
344 341 0.166667
345 341 0.166667
338 342 0.142857
339 342 0.142857
341 342 0.142857
343 342 0.142857
344 342 0.142857
345 342 0.142857
346 342 0.142857
340 343 0.142857
341 343 0.142857
342 343 0.142857
344 343 0.142857
412 343 0.142857
403 343 0.142857
407 343 0.142857
340 381 0.125
377 381 0.125
378 381 0.125
379 381 0.125
380 381 0.125
382 381 0.125
383 381 0.125
385 381 0.125
341 345 0.166667
342 345 0.166667
346 345 0.166667
347 345 0.166667
348 345 0.166667
349 345 0.166667
343 412 0.111111
408 412 0.111111
409 412 0.111111
410 412 0.111111
411 412 0.111111
413 412 0.111111
414 412 0.111111
415 412 0.111111
416 412 0.111111
344 347 0.166667
345 347 0.166667
348 347 0.166667
349 347 0.166667
350 347 0.166667
351 347 0.166667
345 348 0.142857
346 348 0.142857
347 348 0.142857
349 348 0.142857
350 348 0.142857
351 348 0.142857
352 348 0.142857
345 349 0.142857
347 349 0.142857
348 349 0.142857
350 349 0.142857
351 349 0.142857
352 349 0.142857
353 349 0.142857
346 350 0.125
347 350 0.125
348 350 0.125
349 350 0.125
351 350 0.125
352 350 0.125
353 350 0.125
354 350 0.125
346 374 0.111111
370 374 0.111111
371 374 0.111111
372 374 0.111111
373 374 0.111111
375 374 0.111111
376 374 0.111111
377 374 0.111111
378 374 0.111111
349 353 0.125
350 353 0.125
351 353 0.125
352 353 0.125
355 353 0.125
356 353 0.125
388 353 0.125
401 353 0.125
350 354 0.142857
351 354 0.142857
352 354 0.142857
355 354 0.142857
356 354 0.142857
357 354 0.142857
358 354 0.142857
352 355 0.142857
353 355 0.142857
354 355 0.142857
356 355 0.142857
357 355 0.142857
358 355 0.142857
359 355 0.142857
353 356 0.142857
354 356 0.142857
355 356 0.142857
357 356 0.142857
358 356 0.142857
359 356 0.142857
360 356 0.142857
353 388 0.111111
384 388 0.111111
385 388 0.111111
386 388 0.111111
387 388 0.111111
389 388 0.111111
390 388 0.111111
391 388 0.111111
392 388 0.111111
353 401 0.111111
397 401 0.111111
398 401 0.111111
399 401 0.111111
400 401 0.111111
402 401 0.111111
403 401 0.111111
404 401 0.111111
405 401 0.111111
356 360 0.166667
357 360 0.166667
361 360 0.166667
362 360 0.166667
363 360 0.166667
364 360 0.166667
358 362 0.142857
359 362 0.142857
360 362 0.142857
363 362 0.142857
364 362 0.142857
366 362 0.142857
377 362 0.142857
359 363 0.125
360 363 0.125
361 363 0.125
362 363 0.125
364 363 0.125
365 363 0.125
366 363 0.125
367 363 0.125
360 364 0.125
361 364 0.125
362 364 0.125
363 364 0.125
365 364 0.125
366 364 0.125
367 364 0.125
368 364 0.125
361 365 0.142857
363 365 0.142857
364 365 0.142857
366 365 0.142857
367 365 0.142857
368 365 0.142857
369 365 0.142857
362 366 0.125
363 366 0.125
364 366 0.125
365 366 0.125
367 366 0.125
368 366 0.125
369 366 0.125
370 366 0.125
365 369 0.125
366 369 0.125
367 369 0.125
368 369 0.125
370 369 0.125
371 369 0.125
372 369 0.125
373 369 0.125
368 371 0.142857
369 371 0.142857
370 371 0.142857
372 371 0.142857
373 371 0.142857
374 371 0.142857
375 371 0.142857
368 372 0.125
369 372 0.125
370 372 0.125
371 372 0.125
373 372 0.125
374 372 0.125
375 372 0.125
376 372 0.125
369 373 0.142857
371 373 0.142857
372 373 0.142857
374 373 0.142857
375 373 0.142857
376 373 0.142857
377 373 0.142857
372 376 0.142857
373 376 0.142857
374 376 0.142857
377 376 0.142857
378 376 0.142857
379 376 0.142857
380 376 0.142857
374 378 0.142857
376 378 0.142857
377 378 0.142857
379 378 0.142857
380 378 0.142857
381 378 0.142857
382 378 0.142857
378 382 0.125
379 382 0.125
380 382 0.125
381 382 0.125
383 382 0.125
384 382 0.125
385 382 0.125
386 382 0.125
382 384 0.166667
383 384 0.166667
385 384 0.166667
386 384 0.166667
387 384 0.166667
388 384 0.166667
383 405 0.166667
401 405 0.166667
402 405 0.166667
406 405 0.166667
408 405 0.166667
409 405 0.166667
384 387 0.142857
385 387 0.142857
386 387 0.142857
388 387 0.142857
389 387 0.142857
390 387 0.142857
391 387 0.142857
386 390 0.125
387 390 0.125
388 390 0.125
389 390 0.125
391 390 0.125
392 390 0.125
393 390 0.125
394 390 0.125
389 393 0.125
390 393 0.125
391 393 0.125
392 393 0.125
394 393 0.125
395 393 0.125
396 393 0.125
397 393 0.125
398 402 0.142857
399 402 0.142857
401 402 0.142857
403 402 0.142857
404 402 0.142857
405 402 0.142857
406 402 0.142857
405 408 0.142857
406 408 0.142857
407 408 0.142857
409 408 0.142857
410 408 0.142857
411 408 0.142857
412 408 0.142857
405 409 0.125
406 409 0.125
407 409 0.125
408 409 0.125
410 409 0.125
411 409 0.125
412 409 0.125
413 409 0.125
406 410 0.142857
408 410 0.142857
409 410 0.142857
411 410 0.142857
412 410 0.142857
413 410 0.142857
414 410 0.142857
410 414 0.142857
412 414 0.142857
413 414 0.142857
415 414 0.142857
416 414 0.142857
417 414 0.142857
418 414 0.142857
411 415 0.125
412 415 0.125
414 415 0.125
416 415 0.125
417 415 0.125
418 415 0.125
419 415 0.125
428 415 0.125
413 417 0.125
414 417 0.125
415 417 0.125
416 417 0.125
418 417 0.125
419 417 0.125
420 417 0.125
421 417 0.125
415 428 0.125
424 428 0.125
425 428 0.125
426 428 0.125
427 428 0.125
429 428 0.125
430 428 0.125
432 428 0.125
419 423 0.125
420 423 0.125
421 423 0.125
422 423 0.125
424 423 0.125
425 423 0.125
426 423 0.125
427 423 0.125
420 424 0.125
421 424 0.125
422 424 0.125
423 424 0.125
425 424 0.125
426 424 0.125
427 424 0.125
428 424 0.125
423 427 0.125
424 427 0.125
425 427 0.125
426 427 0.125
428 427 0.125
429 427 0.125
430 427 0.125
431 427 0.125
425 429 0.142857
427 429 0.142857
428 429 0.142857
430 429 0.142857
431 429 0.142857
432 429 0.142857
433 429 0.142857
1 0 0.125
433 0 0.125
2 0 0.125
432 0 0.125
3 0 0.125
431 0 0.125
4 0 0.125
430 0 0.125
