0 1 0.125
3 1 0.125
353 1 0.125
4 1 0.125
352 1 0.125
5 1 0.125
351 1 0.125
87 1 0.125
0 353 0.111111
1 353 0.111111
2 353 0.111111
3 353 0.111111
283 353 0.111111
349 353 0.111111
350 353 0.111111
351 353 0.111111
352 353 0.111111
0 2 0.142857
3 2 0.142857
4 2 0.142857
353 2 0.142857
6 2 0.142857
352 2 0.142857
283 2 0.142857
0 352 0.125
1 352 0.125
2 352 0.125
348 352 0.125
349 352 0.125
350 352 0.125
351 352 0.125
353 352 0.125
0 351 0.111111
1 351 0.111111
134 351 0.111111
347 351 0.111111
348 351 0.111111
349 351 0.111111
350 351 0.111111
352 351 0.111111
353 351 0.111111
0 4 0.125
1 4 0.125
2 4 0.125
3 4 0.125
5 4 0.125
6 4 0.125
7 4 0.125
178 4 0.125
0 350 0.111111
125 350 0.111111
346 350 0.111111
347 350 0.111111
348 350 0.111111
349 350 0.111111
351 350 0.111111
352 350 0.111111
353 350 0.111111
0 180 0.111111
177 180 0.111111
178 180 0.111111
179 180 0.111111
181 180 0.111111
182 180 0.111111
183 180 0.111111
184 180 0.111111
317 180 0.111111
1 3 0.142857
2 3 0.142857
4 3 0.142857
5 3 0.142857
6 3 0.142857
7 3 0.142857
353 3 0.142857
1 5 0.142857
3 5 0.142857
4 5 0.142857
6 5 0.142857
7 5 0.142857
8 5 0.142857
9 5 0.142857
1 87 0.1
83 87 0.1
84 87 0.1
85 87 0.1
86 87 0.1
88 87 0.1
89 87 0.1
90 87 0.1
91 87 0.1
298 87 0.1
2 6 0.111111
3 6 0.111111
4 6 0.111111
5 6 0.111111
7 6 0.111111
8 6 0.111111
9 6 0.111111
312 6 0.111111
96 6 0.111111
2 283 0.1
198 283 0.1
279 283 0.1
280 283 0.1
281 283 0.1
282 283 0.1
284 283 0.1
286 283 0.1
287 283 0.1
353 283 0.1
3 7 0.111111
4 7 0.111111
5 7 0.111111
6 7 0.111111
8 7 0.111111
9 7 0.111111
10 7 0.111111
11 7 0.111111
76 7 0.111111
4 178 0.090909
92 178 0.090909
174 178 0.090909
175 178 0.090909
176 178 0.090909
177 178 0.090909
180 178 0.090909
181 178 0.090909
182 178 0.090909
307 178 0.090909
325 178 0.090909
5 8 0.142857
6 8 0.142857
7 8 0.142857
9 8 0.142857
10 8 0.142857
11 8 0.142857
12 8 0.142857
5 9 0.125
6 9 0.125
7 9 0.125
8 9 0.125
10 9 0.125
11 9 0.125
12 9 0.125
13 9 0.125
6 312 0.142857
308 312 0.142857
309 312 0.142857
311 312 0.142857
313 312 0.142857
315 312 0.142857
316 312 0.142857
6 96 0.1
92 96 0.1
93 96 0.1
94 96 0.1
95 96 0.1
97 96 0.1
98 96 0.1
99 96 0.1
100 96 0.1
332 96 0.1
7 10 0.142857
8 10 0.142857
9 10 0.142857
11 10 0.142857
12 10 0.142857
13 10 0.142857
14 10 0.142857
7 11 0.125
8 11 0.125
9 11 0.125
10 11 0.125
13 11 0.125
14 11 0.125
15 11 0.125
63 11 0.125
7 76 0.125
72 76 0.125
73 76 0.125
74 76 0.125
75 76 0.125
78 76 0.125
79 76 0.125
80 76 0.125
8 12 0.142857
9 12 0.142857
10 12 0.142857
13 12 0.142857
14 12 0.142857
15 12 0.142857
210 12 0.142857
9 13 0.125
10 13 0.125
11 13 0.125
12 13 0.125
15 13 0.125
16 13 0.125
17 13 0.125
328 13 0.125
10 14 0.142857
11 14 0.142857
12 14 0.142857
15 14 0.142857
16 14 0.142857
18 14 0.142857
334 14 0.142857
11 15 0.111111
12 15 0.111111
13 15 0.111111
14 15 0.111111
16 15 0.111111
17 15 0.111111
18 15 0.111111
177 15 0.111111
67 15 0.111111
11 63 0.111111
59 63 0.111111
60 63 0.111111
61 63 0.111111
62 63 0.111111
64 63 0.111111
65 63 0.111111
66 63 0.111111
67 63 0.111111
12 210 0.111111
206 210 0.111111
207 210 0.111111
208 210 0.111111
209 210 0.111111
211 210 0.111111
212 210 0.111111
213 210 0.111111
214 210 0.111111
13 16 0.142857
14 16 0.142857
15 16 0.142857
17 16 0.142857
18 16 0.142857
19 16 0.142857
20 16 0.142857
13 17 0.142857
15 17 0.142857
16 17 0.142857
18 17 0.142857
19 17 0.142857
20 17 0.142857
21 17 0.142857
13 328 0.111111
324 328 0.111111
325 328 0.111111
326 328 0.111111
327 328 0.111111
329 328 0.111111
330 328 0.111111
331 328 0.111111
332 328 0.111111
14 18 0.111111
15 18 0.111111
16 18 0.111111
17 18 0.111111
19 18 0.111111
20 18 0.111111
21 18 0.111111
22 18 0.111111
169 18 0.111111
14 334 0.125
330 334 0.125
331 334 0.125
333 334 0.125
335 334 0.125
336 334 0.125
337 334 0.125
338 334 0.125
15 177 0.142857
173 177 0.142857
174 177 0.142857
175 177 0.142857
178 177 0.142857
180 177 0.142857
181 177 0.142857
15 67 0.111111
63 67 0.111111
64 67 0.111111
65 67 0.111111
66 67 0.111111
69 67 0.111111
70 67 0.111111
71 67 0.111111
302 67 0.111111
16 19 0.142857
17 19 0.142857
18 19 0.142857
20 19 0.142857
21 19 0.142857
22 19 0.142857
23 19 0.142857
16 20 0.125
17 20 0.125
18 20 0.125
19 20 0.125
21 20 0.125
22 20 0.125
23 20 0.125
24 20 0.125
17 21 0.125
18 21 0.125
19 21 0.125
20 21 0.125
22 21 0.125
23 21 0.125
24 21 0.125
25 21 0.125
18 22 0.125
19 22 0.125
20 22 0.125
21 22 0.125
24 22 0.125
25 22 0.125
26 22 0.125
135 22 0.125
18 169 0.125
165 169 0.125
166 169 0.125
167 169 0.125
168 169 0.125
170 169 0.125
172 169 0.125
173 169 0.125
19 23 0.142857
20 23 0.142857
21 23 0.142857
24 23 0.142857
25 23 0.142857
26 23 0.142857
27 23 0.142857
20 24 0.125
21 24 0.125
22 24 0.125
23 24 0.125
25 24 0.125
26 24 0.125
27 24 0.125
28 24 0.125
21 25 0.1
22 25 0.1
23 25 0.1
24 25 0.1
26 25 0.1
27 25 0.1
28 25 0.1
29 25 0.1
230 25 0.1
299 25 0.1
22 26 0.125
23 26 0.125
24 26 0.125
25 26 0.125
27 26 0.125
28 26 0.125
29 26 0.125
30 26 0.125
22 135 0.142857
131 135 0.142857
132 135 0.142857
136 135 0.142857
137 135 0.142857
138 135 0.142857
139 135 0.142857
23 27 0.111111
24 27 0.111111
25 27 0.111111
26 27 0.111111
28 27 0.111111
29 27 0.111111
30 27 0.111111
271 27 0.111111
347 27 0.111111
24 28 0.125
25 28 0.125
26 28 0.125
27 28 0.125
30 28 0.125
31 28 0.125
32 28 0.125
290 28 0.125
25 29 0.142857
26 29 0.142857
27 29 0.142857
30 29 0.142857
31 29 0.142857
32 29 0.142857
33 29 0.142857
25 230 0.111111
185 230 0.111111
226 230 0.111111
227 230 0.111111
228 230 0.111111
229 230 0.111111
232 230 0.111111
233 230 0.111111
234 230 0.111111
25 299 0.142857
181 299 0.142857
270 299 0.142857
295 299 0.142857
296 299 0.142857
297 299 0.142857
302 299 0.142857
26 30 0.111111
27 30 0.111111
28 30 0.111111
29 30 0.111111
31 30 0.111111
32 30 0.111111
33 30 0.111111
34 30 0.111111
346 30 0.111111
27 271 0.125
267 271 0.125
268 271 0.125
269 271 0.125
270 271 0.125
273 271 0.125
274 271 0.125
275 271 0.125
27 347 0.125
343 347 0.125
344 347 0.125
345 347 0.125
348 347 0.125
349 347 0.125
350 347 0.125
351 347 0.125
28 31 0.142857
29 31 0.142857
30 31 0.142857
34 31 0.142857
35 31 0.142857
267 31 0.142857
152 31 0.142857
28 32 0.142857
29 32 0.142857
30 32 0.142857
33 32 0.142857
34 32 0.142857
35 32 0.142857
36 32 0.142857
28 290 0.090909
89 290 0.090909
222 290 0.090909
286 290 0.090909
287 290 0.090909
288 290 0.090909
291 290 0.090909
292 290 0.090909
293 290 0.090909
294 290 0.090909
322 290 0.090909
29 33 0.142857
30 33 0.142857
32 33 0.142857
34 33 0.142857
35 33 0.142857
36 33 0.142857
37 33 0.142857
30 34 0.125
31 34 0.125
32 34 0.125
33 34 0.125
35 34 0.125
36 34 0.125
37 34 0.125
38 34 0.125
30 346 0.125
234 346 0.125
342 346 0.125
343 346 0.125
344 346 0.125
345 346 0.125
349 346 0.125
350 346 0.125
31 35 0.125
32 35 0.125
33 35 0.125
34 35 0.125
36 35 0.125
37 35 0.125
38 35 0.125
39 35 0.125
31 267 0.1
248 267 0.1
263 267 0.1
264 267 0.1
265 267 0.1
266 267 0.1
268 267 0.1
269 267 0.1
270 267 0.1
271 267 0.1
31 152 0.090909
148 152 0.090909
149 152 0.090909
150 152 0.090909
151 152 0.090909
153 152 0.090909
154 152 0.090909
155 152 0.090909
156 152 0.090909
234 152 0.090909
330 152 0.090909
32 36 0.125
33 36 0.125
34 36 0.125
35 36 0.125
37 36 0.125
38 36 0.125
39 36 0.125
52 36 0.125
33 37 0.111111
34 37 0.111111
35 37 0.111111
36 37 0.111111
38 37 0.111111
39 37 0.111111
40 37 0.111111
41 37 0.111111
47 37 0.111111
34 38 0.125
35 38 0.125
36 38 0.125
37 38 0.125
40 38 0.125
41 38 0.125
42 38 0.125
244 38 0.125
35 39 0.111111
36 39 0.111111
37 39 0.111111
40 39 0.111111
41 39 0.111111
42 39 0.111111
43 39 0.111111
295 39 0.111111
171 39 0.111111
36 52 0.111111
48 52 0.111111
49 52 0.111111
50 52 0.111111
51 52 0.111111
53 52 0.111111
54 52 0.111111
55 52 0.111111
56 52 0.111111
37 40 0.142857
38 40 0.142857
39 40 0.142857
41 40 0.142857
42 40 0.142857
43 40 0.142857
44 40 0.142857
37 41 0.111111
38 41 0.111111
39 41 0.111111
40 41 0.111111
42 41 0.111111
43 41 0.111111
44 41 0.111111
45 41 0.111111
158 41 0.111111
37 47 0.125
43 47 0.125
44 47 0.125
45 47 0.125
46 47 0.125
49 47 0.125
50 47 0.125
51 47 0.125
38 42 0.111111
39 42 0.111111
40 42 0.111111
41 42 0.111111
43 42 0.111111
44 42 0.111111
45 42 0.111111
136 42 0.111111
157 42 0.111111
38 244 0.111111
240 244 0.111111
241 244 0.111111
242 244 0.111111
243 244 0.111111
245 244 0.111111
246 244 0.111111
247 244 0.111111
248 244 0.111111
39 43 0.125
40 43 0.125
41 43 0.125
42 43 0.125
44 43 0.125
45 43 0.125
46 43 0.125
47 43 0.125
39 295 0.125
291 295 0.125
292 295 0.125
293 295 0.125
294 295 0.125
296 295 0.125
298 295 0.125
299 295 0.125
39 171 0.142857
167 171 0.142857
168 171 0.142857
170 171 0.142857
172 171 0.142857
173 171 0.142857
175 171 0.142857
40 44 0.125
41 44 0.125
42 44 0.125
43 44 0.125
45 44 0.125
46 44 0.125
47 44 0.125
48 44 0.125
41 45 0.125
42 45 0.125
43 45 0.125
44 45 0.125
46 45 0.125
47 45 0.125
48 45 0.125
49 45 0.125
41 158 0.125
154 158 0.125
155 158 0.125
156 158 0.125
157 158 0.125
159 158 0.125
160 158 0.125
161 158 0.125
42 136 0.125
132 136 0.125
133 136 0.125
134 136 0.125
135 136 0.125
137 136 0.125
138 136 0.125
140 136 0.125
42 157 0.111111
153 157 0.111111
154 157 0.111111
155 157 0.111111
156 157 0.111111
158 157 0.111111
159 157 0.111111
160 157 0.111111
161 157 0.111111
43 46 0.142857
44 46 0.142857
45 46 0.142857
47 46 0.142857
48 46 0.142857
49 46 0.142857
50 46 0.142857
44 48 0.125
45 48 0.125
46 48 0.125
49 48 0.125
50 48 0.125
51 48 0.125
52 48 0.125
190 48 0.125
45 49 0.125
46 49 0.125
47 49 0.125
48 49 0.125
50 49 0.125
52 49 0.125
53 49 0.125
237 49 0.125
46 50 0.125
47 50 0.125
48 50 0.125
49 50 0.125
51 50 0.125
52 50 0.125
53 50 0.125
54 50 0.125
47 51 0.125
48 51 0.125
50 51 0.125
52 51 0.125
53 51 0.125
54 51 0.125
55 51 0.125
310 51 0.125
48 190 0.142857
133 190 0.142857
186 190 0.142857
189 190 0.142857
191 190 0.142857
192 190 0.142857
194 190 0.142857
49 53 0.125
50 53 0.125
51 53 0.125
52 53 0.125
54 53 0.125
55 53 0.125
56 53 0.125
57 53 0.125
49 237 0.125
233 237 0.125
235 237 0.125
236 237 0.125
238 237 0.125
239 237 0.125
240 237 0.125
241 237 0.125
50 54 0.125
51 54 0.125
52 54 0.125
53 54 0.125
55 54 0.125
56 54 0.125
57 54 0.125
58 54 0.125
51 55 0.125
52 55 0.125
53 55 0.125
54 55 0.125
57 55 0.125
58 55 0.125
59 55 0.125
183 55 0.125
51 310 0.125
306 310 0.125
307 310 0.125
308 310 0.125
309 310 0.125
311 310 0.125
313 310 0.125
314 310 0.125
52 56 0.142857
53 56 0.142857
54 56 0.142857
57 56 0.142857
58 56 0.142857
60 56 0.142857
236 56 0.142857
53 57 0.125
54 57 0.125
55 57 0.125
56 57 0.125
58 57 0.125
59 57 0.125
60 57 0.125
61 57 0.125
54 58 0.125
55 58 0.125
56 58 0.125
57 58 0.125
59 58 0.125
60 58 0.125
61 58 0.125
62 58 0.125
55 59 0.125
57 59 0.125
58 59 0.125
60 59 0.125
61 59 0.125
62 59 0.125
63 59 0.125
260 59 0.125
55 183 0.1
78 183 0.1
179 183 0.1
180 183 0.1
181 183 0.1
182 183 0.1
184 183 0.1
186 183 0.1
187 183 0.1
325 183 0.1
56 60 0.125
57 60 0.125
58 60 0.125
59 60 0.125
61 60 0.125
62 60 0.125
63 60 0.125
64 60 0.125
56 236 0.111111
232 236 0.111111
233 236 0.111111
234 236 0.111111
235 236 0.111111
237 236 0.111111
238 236 0.111111
239 236 0.111111
264 236 0.111111
57 61 0.125
58 61 0.125
59 61 0.125
60 61 0.125
62 61 0.125
63 61 0.125
64 61 0.125
65 61 0.125
58 62 0.111111
59 62 0.111111
60 62 0.111111
61 62 0.111111
63 62 0.111111
64 62 0.111111
65 62 0.111111
66 62 0.111111
253 62 0.111111
59 260 0.125
256 260 0.125
257 260 0.125
258 260 0.125
259 260 0.125
261 260 0.125
262 260 0.125
264 260 0.125
60 64 0.125
61 64 0.125
62 64 0.125
63 64 0.125
65 64 0.125
66 64 0.125
67 64 0.125
68 64 0.125
61 65 0.125
62 65 0.125
63 65 0.125
64 65 0.125
66 65 0.125
67 65 0.125
68 65 0.125
69 65 0.125
62 66 0.125
63 66 0.125
64 66 0.125
65 66 0.125
67 66 0.125
68 66 0.125
69 66 0.125
70 66 0.125
62 253 0.125
249 253 0.125
250 253 0.125
251 253 0.125
252 253 0.125
255 253 0.125
256 253 0.125
257 253 0.125
64 68 0.142857
65 68 0.142857
66 68 0.142857
69 68 0.142857
70 68 0.142857
122 68 0.142857
110 68 0.142857
65 69 0.125
66 69 0.125
67 69 0.125
68 69 0.125
70 69 0.125
71 69 0.125
73 69 0.125
166 69 0.125
66 70 0.1
67 70 0.1
68 70 0.1
69 70 0.1
71 70 0.1
72 70 0.1
73 70 0.1
74 70 0.1
287 70 0.1
187 70 0.1
67 71 0.142857
69 71 0.142857
70 71 0.142857
72 71 0.142857
73 71 0.142857
74 71 0.142857
75 71 0.142857
67 302 0.1
91 302 0.1
298 302 0.1
299 302 0.1
300 302 0.1
301 302 0.1
303 302 0.1
304 302 0.1
305 302 0.1
306 302 0.1
68 122 0.142857
120 122 0.142857
121 122 0.142857
123 122 0.142857
124 122 0.142857
125 122 0.142857
126 122 0.142857
68 110 0.111111
106 110 0.111111
107 110 0.111111
108 110 0.111111
109 110 0.111111
111 110 0.111111
112 110 0.111111
113 110 0.111111
291 110 0.111111
69 73 0.125
70 73 0.125
71 73 0.125
72 73 0.125
74 73 0.125
75 73 0.125
76 73 0.125
77 73 0.125
69 166 0.111111
162 166 0.111111
163 166 0.111111
164 166 0.111111
165 166 0.111111
167 166 0.111111
168 166 0.111111
169 166 0.111111
282 166 0.111111
70 72 0.166667
71 72 0.166667
73 72 0.166667
74 72 0.166667
75 72 0.166667
76 72 0.166667
70 74 0.125
71 74 0.125
72 74 0.125
73 74 0.125
75 74 0.125
76 74 0.125
77 74 0.125
78 74 0.125
70 287 0.125
248 287 0.125
283 287 0.125
284 287 0.125
285 287 0.125
286 287 0.125
288 287 0.125
290 287 0.125
70 187 0.142857
183 187 0.142857
184 187 0.142857
186 187 0.142857
188 187 0.142857
189 187 0.142857
191 187 0.142857
71 75 0.125
72 75 0.125
73 75 0.125
74 75 0.125
76 75 0.125
77 75 0.125
78 75 0.125
79 75 0.125
73 77 0.125
74 77 0.125
75 77 0.125
78 77 0.125
79 77 0.125
80 77 0.125
81 77 0.125
275 77 0.125
74 78 0.125
75 78 0.125
76 78 0.125
77 78 0.125
79 78 0.125
80 78 0.125
81 78 0.125
183 78 0.125
75 79 0.111111
76 79 0.111111
77 79 0.111111
78 79 0.111111
80 79 0.111111
81 79 0.111111
83 79 0.111111
175 79 0.111111
179 79 0.111111
76 80 0.125
77 80 0.125
78 80 0.125
79 80 0.125
81 80 0.125
82 80 0.125
83 80 0.125
84 80 0.125
77 81 0.125
78 81 0.125
79 81 0.125
80 81 0.125
82 81 0.125
83 81 0.125
84 81 0.125
85 81 0.125
77 275 0.125
271 275 0.125
272 275 0.125
273 275 0.125
274 275 0.125
276 275 0.125
278 275 0.125
279 275 0.125
79 83 0.125
80 83 0.125
81 83 0.125
82 83 0.125
84 83 0.125
85 83 0.125
86 83 0.125
87 83 0.125
79 175 0.111111
171 175 0.111111
172 175 0.111111
173 175 0.111111
174 175 0.111111
176 175 0.111111
177 175 0.111111
178 175 0.111111
179 175 0.111111
79 179 0.142857
175 179 0.142857
176 179 0.142857
180 179 0.142857
181 179 0.142857
183 179 0.142857
188 179 0.142857
80 82 0.166667
81 82 0.166667
83 82 0.166667
84 82 0.166667
85 82 0.166667
86 82 0.166667
80 84 0.125
81 84 0.125
82 84 0.125
83 84 0.125
85 84 0.125
86 84 0.125
87 84 0.125
88 84 0.125
81 85 0.111111
82 85 0.111111
83 85 0.111111
84 85 0.111111
86 85 0.111111
87 85 0.111111
89 85 0.111111
264 85 0.111111
104 85 0.111111
82 86 0.111111
83 86 0.111111
84 86 0.111111
85 86 0.111111
87 86 0.111111
88 86 0.111111
89 86 0.111111
90 86 0.111111
336 86 0.111111
84 88 0.142857
86 88 0.142857
87 88 0.142857
89 88 0.142857
90 88 0.142857
91 88 0.142857
92 88 0.142857
85 89 0.125
86 89 0.125
87 89 0.125
88 89 0.125
90 89 0.125
91 89 0.125
92 89 0.125
290 89 0.125
85 264 0.090909
208 264 0.090909
236 264 0.090909
260 264 0.090909
261 264 0.090909
262 264 0.090909
263 264 0.090909
266 264 0.090909
267 264 0.090909
268 264 0.090909
336 264 0.090909
85 104 0.142857
100 104 0.142857
101 104 0.142857
103 104 0.142857
105 104 0.142857
106 104 0.142857
108 104 0.142857
86 90 0.125
87 90 0.125
88 90 0.125
89 90 0.125
91 90 0.125
92 90 0.125
93 90 0.125
94 90 0.125
86 336 0.1
264 336 0.1
325 336 0.1
332 336 0.1
333 336 0.1
334 336 0.1
335 336 0.1
337 336 0.1
338 336 0.1
339 336 0.1
87 91 0.125
88 91 0.125
89 91 0.125
90 91 0.125
92 91 0.125
94 91 0.125
95 91 0.125
302 91 0.125
87 298 0.111111
160 298 0.111111
294 298 0.111111
295 298 0.111111
296 298 0.111111
297 298 0.111111
300 298 0.111111
301 298 0.111111
302 298 0.111111
88 92 0.125
89 92 0.125
90 92 0.125
91 92 0.125
94 92 0.125
96 92 0.125
178 92 0.125
248 92 0.125
90 93 0.142857
95 93 0.142857
96 93 0.142857
97 93 0.142857
284 93 0.142857
278 93 0.142857
111 93 0.142857
90 94 0.125
91 94 0.125
92 94 0.125
95 94 0.125
96 94 0.125
97 94 0.125
98 94 0.125
176 94 0.125
91 95 0.142857
93 95 0.142857
94 95 0.142857
96 95 0.142857
97 95 0.142857
98 95 0.142857
99 95 0.142857
92 248 0.1
244 248 0.1
245 248 0.1
246 248 0.1
247 248 0.1
249 248 0.1
250 248 0.1
251 248 0.1
267 248 0.1
287 248 0.1
93 97 0.125
94 97 0.125
95 97 0.125
96 97 0.125
98 97 0.125
99 97 0.125
100 97 0.125
101 97 0.125
93 284 0.111111
280 284 0.111111
281 284 0.111111
282 284 0.111111
283 284 0.111111
285 284 0.111111
286 284 0.111111
287 284 0.111111
288 284 0.111111
93 278 0.125
215 278 0.125
274 278 0.125
275 278 0.125
276 278 0.125
280 278 0.125
281 278 0.125
282 278 0.125
93 111 0.125
107 111 0.125
108 111 0.125
109 111 0.125
110 111 0.125
112 111 0.125
113 111 0.125
115 111 0.125
94 98 0.125
95 98 0.125
96 98 0.125
97 98 0.125
99 98 0.125
100 98 0.125
101 98 0.125
102 98 0.125
94 176 0.111111
113 176 0.111111
172 176 0.111111
173 176 0.111111
174 176 0.111111
175 176 0.111111
178 176 0.111111
179 176 0.111111
185 176 0.111111
95 99 0.125
96 99 0.125
97 99 0.125
98 99 0.125
100 99 0.125
101 99 0.125
102 99 0.125
103 99 0.125
96 100 0.125
97 100 0.125
98 100 0.125
99 100 0.125
101 100 0.125
102 100 0.125
103 100 0.125
104 100 0.125
96 332 0.125
328 332 0.125
329 332 0.125
330 332 0.125
331 332 0.125
333 332 0.125
335 332 0.125
336 332 0.125
97 101 0.125
98 101 0.125
99 101 0.125
100 101 0.125
102 101 0.125
104 101 0.125
105 101 0.125
212 101 0.125
98 102 0.111111
99 102 0.111111
100 102 0.111111
101 102 0.111111
103 102 0.111111
105 102 0.111111
106 102 0.111111
216 102 0.111111
249 102 0.111111
99 103 0.142857
100 103 0.142857
102 103 0.142857
104 103 0.142857
105 103 0.142857
106 103 0.142857
107 103 0.142857
101 105 0.111111
102 105 0.111111
103 105 0.111111
104 105 0.111111
106 105 0.111111
107 105 0.111111
108 105 0.111111
109 105 0.111111
314 105 0.111111
101 212 0.125
209 212 0.125
210 212 0.125
211 212 0.125
213 212 0.125
214 212 0.125
215 212 0.125
216 212 0.125
102 106 0.125
103 106 0.125
104 106 0.125
105 106 0.125
107 106 0.125
108 106 0.125
109 106 0.125
110 106 0.125
102 216 0.111111
127 216 0.111111
212 216 0.111111
213 216 0.111111
214 216 0.111111
215 216 0.111111
218 216 0.111111
219 216 0.111111
220 216 0.111111
102 249 0.125
245 249 0.125
246 249 0.125
247 249 0.125
248 249 0.125
250 249 0.125
252 249 0.125
253 249 0.125
103 107 0.125
105 107 0.125
106 107 0.125
108 107 0.125
109 107 0.125
110 107 0.125
111 107 0.125
247 107 0.125
104 108 0.125
105 108 0.125
106 108 0.125
107 108 0.125
109 108 0.125
110 108 0.125
111 108 0.125
112 108 0.125
105 109 0.125
106 109 0.125
107 109 0.125
108 109 0.125
110 109 0.125
111 109 0.125
113 109 0.125
203 109 0.125
105 314 0.142857
310 314 0.142857
311 314 0.142857
313 314 0.142857
315 314 0.142857
317 314 0.142857
318 314 0.142857
107 247 0.111111
223 247 0.111111
243 247 0.111111
244 247 0.111111
245 247 0.111111
246 247 0.111111
248 247 0.111111
249 247 0.111111
250 247 0.111111
108 112 0.142857
110 112 0.142857
111 112 0.142857
113 112 0.142857
114 112 0.142857
115 112 0.142857
116 112 0.142857
109 113 0.1
110 113 0.1
111 113 0.1
112 113 0.1
114 113 0.1
115 113 0.1
116 113 0.1
117 113 0.1
289 113 0.1
176 113 0.1
109 203 0.111111
199 203 0.111111
200 203 0.111111
201 203 0.111111
202 203 0.111111
204 203 0.111111
205 203 0.111111
206 203 0.111111
207 203 0.111111
110 291 0.125
288 291 0.125
289 291 0.125
290 291 0.125
292 291 0.125
293 291 0.125
294 291 0.125
295 291 0.125
111 115 0.125
112 115 0.125
113 115 0.125
114 115 0.125
116 115 0.125
117 115 0.125
118 115 0.125
119 115 0.125
112 114 0.166667
113 114 0.166667
115 114 0.166667
118 114 0.166667
229 114 0.166667
214 114 0.166667
112 116 0.142857
113 116 0.142857
115 116 0.142857
117 116 0.142857
118 116 0.142857
119 116 0.142857
120 116 0.142857
113 117 0.142857
115 117 0.142857
116 117 0.142857
118 117 0.142857
119 117 0.142857
120 117 0.142857
121 117 0.142857
113 289 0.142857
285 289 0.142857
286 289 0.142857
288 289 0.142857
291 289 0.142857
292 289 0.142857
293 289 0.142857
114 118 0.125
115 118 0.125
116 118 0.125
117 118 0.125
119 118 0.125
120 118 0.125
121 118 0.125
273 118 0.125
114 229 0.125
225 229 0.125
227 229 0.125
228 229 0.125
230 229 0.125
231 229 0.125
232 229 0.125
233 229 0.125
114 214 0.111111
210 214 0.111111
211 214 0.111111
212 214 0.111111
213 214 0.111111
215 214 0.111111
216 214 0.111111
217 214 0.111111
218 214 0.111111
115 119 0.125
116 119 0.125
117 119 0.125
118 119 0.125
120 119 0.125
121 119 0.125
123 119 0.125
296 119 0.125
116 120 0.125
117 120 0.125
118 120 0.125
119 120 0.125
121 120 0.125
122 120 0.125
123 120 0.125
124 120 0.125
117 121 0.125
118 121 0.125
119 121 0.125
120 121 0.125
122 121 0.125
123 121 0.125
124 121 0.125
125 121 0.125
118 273 0.111111
269 273 0.111111
270 273 0.111111
271 273 0.111111
272 273 0.111111
274 273 0.111111
275 273 0.111111
276 273 0.111111
277 273 0.111111
119 123 0.125
120 123 0.125
121 123 0.125
122 123 0.125
124 123 0.125
125 123 0.125
126 123 0.125
127 123 0.125
119 296 0.111111
292 296 0.111111
293 296 0.111111
294 296 0.111111
295 296 0.111111
297 296 0.111111
298 296 0.111111
299 296 0.111111
300 296 0.111111
120 124 0.125
121 124 0.125
122 124 0.125
123 124 0.125
125 124 0.125
126 124 0.125
127 124 0.125
128 124 0.125
121 125 0.125
122 125 0.125
123 125 0.125
124 125 0.125
126 125 0.125
127 125 0.125
129 125 0.125
350 125 0.125
122 126 0.125
123 126 0.125
124 126 0.125
125 126 0.125
127 126 0.125
128 126 0.125
129 126 0.125
130 126 0.125
123 127 0.111111
124 127 0.111111
125 127 0.111111
126 127 0.111111
128 127 0.111111
130 127 0.111111
131 127 0.111111
216 127 0.111111
306 127 0.111111
124 128 0.142857
126 128 0.142857
127 128 0.142857
129 128 0.142857
130 128 0.142857
131 128 0.142857
132 128 0.142857
125 129 0.142857
126 129 0.142857
128 129 0.142857
130 129 0.142857
132 129 0.142857
133 129 0.142857
265 129 0.142857
126 130 0.125
127 130 0.125
128 130 0.125
129 130 0.125
131 130 0.125
132 130 0.125
133 130 0.125
134 130 0.125
127 131 0.142857
128 131 0.142857
130 131 0.142857
132 131 0.142857
133 131 0.142857
134 131 0.142857
135 131 0.142857
127 306 0.111111
302 306 0.111111
303 306 0.111111
304 306 0.111111
305 306 0.111111
307 306 0.111111
308 306 0.111111
309 306 0.111111
310 306 0.111111
128 132 0.125
129 132 0.125
130 132 0.125
131 132 0.125
133 132 0.125
134 132 0.125
135 132 0.125
136 132 0.125
129 133 0.125
130 133 0.125
131 133 0.125
132 133 0.125
134 133 0.125
136 133 0.125
137 133 0.125
190 133 0.125
129 265 0.125
261 265 0.125
262 265 0.125
263 265 0.125
266 265 0.125
267 265 0.125
268 265 0.125
269 265 0.125
130 134 0.125
131 134 0.125
132 134 0.125
133 134 0.125
136 134 0.125
137 134 0.125
138 134 0.125
351 134 0.125
133 137 0.125
134 137 0.125
135 137 0.125
136 137 0.125
138 137 0.125
139 137 0.125
140 137 0.125
141 137 0.125
134 138 0.125
135 138 0.125
136 138 0.125
137 138 0.125
139 138 0.125
140 138 0.125
141 138 0.125
142 138 0.125
135 139 0.142857
137 139 0.142857
138 139 0.142857
140 139 0.142857
141 139 0.142857
142 139 0.142857
143 139 0.142857
136 140 0.125
137 140 0.125
138 140 0.125
139 140 0.125
141 140 0.125
142 140 0.125
143 140 0.125
144 140 0.125
137 141 0.125
138 141 0.125
139 141 0.125
140 141 0.125
144 141 0.125
145 141 0.125
226 141 0.125
173 141 0.125
138 142 0.142857
139 142 0.142857
140 142 0.142857
143 142 0.142857
144 142 0.142857
145 142 0.142857
146 142 0.142857
139 143 0.142857
140 143 0.142857
142 143 0.142857
144 143 0.142857
145 143 0.142857
146 143 0.142857
147 143 0.142857
140 144 0.125
141 144 0.125
142 144 0.125
143 144 0.125
145 144 0.125
146 144 0.125
147 144 0.125
148 144 0.125
141 145 0.125
142 145 0.125
143 145 0.125
144 145 0.125
146 145 0.125
147 145 0.125
148 145 0.125
149 145 0.125
141 226 0.111111
222 226 0.111111
223 226 0.111111
224 226 0.111111
225 226 0.111111
227 226 0.111111
228 226 0.111111
230 226 0.111111
297 226 0.111111
141 173 0.111111
169 173 0.111111
170 173 0.111111
171 173 0.111111
172 173 0.111111
174 173 0.111111
175 173 0.111111
176 173 0.111111
177 173 0.111111
142 146 0.125
143 146 0.125
144 146 0.125
145 146 0.125
147 146 0.125
148 146 0.125
149 146 0.125
150 146 0.125
143 147 0.125
144 147 0.125
145 147 0.125
146 147 0.125
148 147 0.125
149 147 0.125
150 147 0.125
151 147 0.125
144 148 0.125
145 148 0.125
146 148 0.125
147 148 0.125
149 148 0.125
150 148 0.125
151 148 0.125
152 148 0.125
145 149 0.125
146 149 0.125
147 149 0.125
148 149 0.125
150 149 0.125
151 149 0.125
152 149 0.125
153 149 0.125
146 150 0.125
147 150 0.125
148 150 0.125
149 150 0.125
151 150 0.125
152 150 0.125
153 150 0.125
154 150 0.125
147 151 0.125
148 151 0.125
149 151 0.125
150 151 0.125
152 151 0.125
153 151 0.125
154 151 0.125
155 151 0.125
149 153 0.125
150 153 0.125
151 153 0.125
152 153 0.125
154 153 0.125
155 153 0.125
156 153 0.125
157 153 0.125
150 154 0.125
151 154 0.125
152 154 0.125
153 154 0.125
155 154 0.125
156 154 0.125
157 154 0.125
158 154 0.125
151 155 0.125
152 155 0.125
153 155 0.125
154 155 0.125
156 155 0.125
157 155 0.125
158 155 0.125
159 155 0.125
152 156 0.125
153 156 0.125
154 156 0.125
155 156 0.125
157 156 0.125
158 156 0.125
159 156 0.125
160 156 0.125
152 234 0.125
230 234 0.125
231 234 0.125
233 234 0.125
235 234 0.125
236 234 0.125
238 234 0.125
346 234 0.125
152 330 0.125
326 330 0.125
327 330 0.125
328 330 0.125
329 330 0.125
331 330 0.125
332 330 0.125
334 330 0.125
155 159 0.125
156 159 0.125
157 159 0.125
158 159 0.125
160 159 0.125
161 159 0.125
162 159 0.125
163 159 0.125
156 160 0.125
157 160 0.125
158 160 0.125
159 160 0.125
161 160 0.125
162 160 0.125
163 160 0.125
298 160 0.125
157 161 0.125
158 161 0.125
159 161 0.125
160 161 0.125
162 161 0.125
163 161 0.125
164 161 0.125
343 161 0.125
159 162 0.142857
160 162 0.142857
161 162 0.142857
163 162 0.142857
164 162 0.142857
165 162 0.142857
166 162 0.142857
159 163 0.125
160 163 0.125
161 163 0.125
162 163 0.125
164 163 0.125
165 163 0.125
166 163 0.125
167 163 0.125
161 164 0.142857
162 164 0.142857
163 164 0.142857
165 164 0.142857
166 164 0.142857
168 164 0.142857
259 164 0.142857
161 343 0.125
339 343 0.125
340 343 0.125
341 343 0.125
344 343 0.125
345 343 0.125
346 343 0.125
347 343 0.125
162 165 0.142857
163 165 0.142857
164 165 0.142857
166 165 0.142857
167 165 0.142857
168 165 0.142857
169 165 0.142857
163 167 0.142857
165 167 0.142857
166 167 0.142857
168 167 0.142857
169 167 0.142857
170 167 0.142857
171 167 0.142857
164 168 0.125
165 168 0.125
166 168 0.125
167 168 0.125
169 168 0.125
170 168 0.125
171 168 0.125
172 168 0.125
164 259 0.111111
255 259 0.111111
256 259 0.111111
257 259 0.111111
258 259 0.111111
260 259 0.111111
261 259 0.111111
262 259 0.111111
263 259 0.111111
166 282 0.111111
278 282 0.111111
279 282 0.111111
280 282 0.111111
281 282 0.111111
283 282 0.111111
284 282 0.111111
285 282 0.111111
286 282 0.111111
167 170 0.142857
168 170 0.142857
169 170 0.142857
171 170 0.142857
173 170 0.142857
174 170 0.142857
233 170 0.142857
168 172 0.142857
169 172 0.142857
171 172 0.142857
173 172 0.142857
174 172 0.142857
175 172 0.142857
176 172 0.142857
170 174 0.142857
172 174 0.142857
173 174 0.142857
175 174 0.142857
176 174 0.142857
177 174 0.142857
178 174 0.142857
170 233 0.111111
229 233 0.111111
230 233 0.111111
231 233 0.111111
232 233 0.111111
234 233 0.111111
235 233 0.111111
236 233 0.111111
237 233 0.111111
176 185 0.166667
181 185 0.166667
182 185 0.166667
186 185 0.166667
188 185 0.166667
230 185 0.166667
177 181 0.111111
178 181 0.111111
179 181 0.111111
180 181 0.111111
182 181 0.111111
183 181 0.111111
184 181 0.111111
185 181 0.111111
299 181 0.111111
178 182 0.142857
180 182 0.142857
181 182 0.142857
183 182 0.142857
184 182 0.142857
185 182 0.142857
186 182 0.142857
178 307 0.111111
303 307 0.111111
304 307 0.111111
305 307 0.111111
306 307 0.111111
308 307 0.111111
309 307 0.111111
310 307 0.111111
311 307 0.111111
178 325 0.111111
183 325 0.111111
321 325 0.111111
322 325 0.111111
323 325 0.111111
324 325 0.111111
328 325 0.111111
329 325 0.111111
336 325 0.111111
179 188 0.125
184 188 0.125
185 188 0.125
186 188 0.125
187 188 0.125
189 188 0.125
191 188 0.125
192 188 0.125
180 184 0.125
181 184 0.125
182 184 0.125
183 184 0.125
186 184 0.125
187 184 0.125
188 184 0.125
335 184 0.125
180 317 0.111111
207 317 0.111111
313 317 0.111111
314 317 0.111111
315 317 0.111111
316 317 0.111111
318 317 0.111111
319 317 0.111111
320 317 0.111111
182 186 0.125
183 186 0.125
184 186 0.125
185 186 0.125
187 186 0.125
188 186 0.125
189 186 0.125
190 186 0.125
184 335 0.111111
331 335 0.111111
332 335 0.111111
333 335 0.111111
334 335 0.111111
336 335 0.111111
337 335 0.111111
338 335 0.111111
339 335 0.111111
186 189 0.125
187 189 0.125
188 189 0.125
190 189 0.125
191 189 0.125
192 189 0.125
193 189 0.125
266 189 0.125
187 191 0.125
188 191 0.125
189 191 0.125
190 191 0.125
192 191 0.125
193 191 0.125
194 191 0.125
195 191 0.125
188 192 0.125
189 192 0.125
190 192 0.125
191 192 0.125
193 192 0.125
194 192 0.125
195 192 0.125
196 192 0.125
189 193 0.125
191 193 0.125
192 193 0.125
194 193 0.125
195 193 0.125
196 193 0.125
197 193 0.125
342 193 0.125
189 266 0.125
262 266 0.125
263 266 0.125
264 266 0.125
265 266 0.125
267 266 0.125
268 266 0.125
269 266 0.125
190 194 0.125
191 194 0.125
192 194 0.125
193 194 0.125
195 194 0.125
196 194 0.125
197 194 0.125
232 194 0.125
191 195 0.125
192 195 0.125
193 195 0.125
194 195 0.125
196 195 0.125
197 195 0.125
198 195 0.125
199 195 0.125
192 196 0.125
193 196 0.125
194 196 0.125
195 196 0.125
197 196 0.125
198 196 0.125
199 196 0.125
200 196 0.125
193 197 0.125
194 197 0.125
195 197 0.125
196 197 0.125
198 197 0.125
199 197 0.125
200 197 0.125
201 197 0.125
193 342 0.142857
338 342 0.142857
339 342 0.142857
340 342 0.142857
344 342 0.142857
345 342 0.142857
346 342 0.142857
194 232 0.111111
228 232 0.111111
229 232 0.111111
230 232 0.111111
231 232 0.111111
233 232 0.111111
235 232 0.111111
236 232 0.111111
254 232 0.111111
195 198 0.142857
196 198 0.142857
197 198 0.142857
199 198 0.142857
201 198 0.142857
202 198 0.142857
283 198 0.142857
195 199 0.125
196 199 0.125
197 199 0.125
198 199 0.125
200 199 0.125
201 199 0.125
202 199 0.125
203 199 0.125
196 200 0.125
197 200 0.125
199 200 0.125
201 200 0.125
202 200 0.125
203 200 0.125
204 200 0.125
240 200 0.125
197 201 0.125
198 201 0.125
199 201 0.125
200 201 0.125
202 201 0.125
203 201 0.125
204 201 0.125
205 201 0.125
198 202 0.125
199 202 0.125
200 202 0.125
201 202 0.125
203 202 0.125
204 202 0.125
205 202 0.125
206 202 0.125
200 204 0.125
201 204 0.125
202 204 0.125
203 204 0.125
205 204 0.125
206 204 0.125
207 204 0.125
208 204 0.125
200 240 0.142857
237 240 0.142857
238 240 0.142857
239 240 0.142857
242 240 0.142857
243 240 0.142857
244 240 0.142857
201 205 0.125
202 205 0.125
203 205 0.125
204 205 0.125
206 205 0.125
207 205 0.125
208 205 0.125
209 205 0.125
202 206 0.125
203 206 0.125
204 206 0.125
205 206 0.125
207 206 0.125
208 206 0.125
209 206 0.125
210 206 0.125
203 207 0.125
204 207 0.125
205 207 0.125
206 207 0.125
208 207 0.125
209 207 0.125
210 207 0.125
317 207 0.125
204 208 0.125
205 208 0.125
206 208 0.125
207 208 0.125
209 208 0.125
210 208 0.125
211 208 0.125
264 208 0.125
205 209 0.111111
206 209 0.111111
207 209 0.111111
208 209 0.111111
210 209 0.111111
211 209 0.111111
212 209 0.111111
213 209 0.111111
341 209 0.111111
208 211 0.142857
209 211 0.142857
210 211 0.142857
212 211 0.142857
213 211 0.142857
214 211 0.142857
215 211 0.142857
209 213 0.125
210 213 0.125
211 213 0.125
212 213 0.125
214 213 0.125
215 213 0.125
216 213 0.125
272 213 0.125
209 341 0.142857
338 341 0.142857
339 341 0.142857
340 341 0.142857
343 341 0.142857
344 341 0.142857
345 341 0.142857
211 215 0.125
212 215 0.125
213 215 0.125
214 215 0.125
216 215 0.125
217 215 0.125
219 215 0.125
278 215 0.125
213 272 0.142857
268 272 0.142857
269 272 0.142857
273 272 0.142857
274 272 0.142857
275 272 0.142857
276 272 0.142857
214 217 0.166667
215 217 0.166667
218 217 0.166667
219 217 0.166667
220 217 0.166667
221 217 0.166667
214 218 0.142857
216 218 0.142857
217 218 0.142857
219 218 0.142857
220 218 0.142857
221 218 0.142857
279 218 0.142857
215 219 0.125
216 219 0.125
217 219 0.125
218 219 0.125
220 219 0.125
221 219 0.125
222 219 0.125
223 219 0.125
216 220 0.125
217 220 0.125
218 220 0.125
219 220 0.125
221 220 0.125
222 220 0.125
223 220 0.125
224 220 0.125
217 221 0.125
218 221 0.125
219 221 0.125
220 221 0.125
223 221 0.125
225 221 0.125
305 221 0.125
345 221 0.125
218 279 0.142857
275 279 0.142857
277 279 0.142857
280 279 0.142857
281 279 0.142857
282 279 0.142857
283 279 0.142857
219 222 0.166667
220 222 0.166667
224 222 0.166667
225 222 0.166667
226 222 0.166667
290 222 0.166667
219 223 0.142857
220 223 0.142857
221 223 0.142857
225 223 0.142857
226 223 0.142857
227 223 0.142857
247 223 0.142857
220 224 0.166667
222 224 0.166667
225 224 0.166667
226 224 0.166667
227 224 0.166667
228 224 0.166667
221 225 0.125
222 225 0.125
223 225 0.125
224 225 0.125
226 225 0.125
227 225 0.125
228 225 0.125
229 225 0.125
221 305 0.111111
301 305 0.111111
302 305 0.111111
303 305 0.111111
304 305 0.111111
306 305 0.111111
307 305 0.111111
308 305 0.111111
309 305 0.111111
221 345 0.111111
262 345 0.111111
341 345 0.111111
342 345 0.111111
343 345 0.111111
344 345 0.111111
346 345 0.111111
347 345 0.111111
349 345 0.111111
223 227 0.125
224 227 0.125
225 227 0.125
226 227 0.125
228 227 0.125
229 227 0.125
230 227 0.125
231 227 0.125
224 228 0.125
225 228 0.125
226 228 0.125
227 228 0.125
229 228 0.125
230 228 0.125
231 228 0.125
232 228 0.125
226 297 0.125
292 297 0.125
293 297 0.125
294 297 0.125
296 297 0.125
298 297 0.125
299 297 0.125
301 297 0.125
227 231 0.142857
228 231 0.142857
229 231 0.142857
232 231 0.142857
233 231 0.142857
234 231 0.142857
235 231 0.142857
231 235 0.125
232 235 0.125
233 235 0.125
234 235 0.125
236 235 0.125
237 235 0.125
238 235 0.125
239 235 0.125
232 254 0.125
250 254 0.125
251 254 0.125
252 254 0.125
255 254 0.125
256 254 0.125
257 254 0.125
258 254 0.125
234 238 0.125
235 238 0.125
236 238 0.125
237 238 0.125
239 238 0.125
240 238 0.125
241 238 0.125
242 238 0.125
235 239 0.111111
236 239 0.111111
237 239 0.111111
238 239 0.111111
240 239 0.111111
241 239 0.111111
242 239 0.111111
243 239 0.111111
277 239 0.111111
237 241 0.142857
238 241 0.142857
239 241 0.142857
242 241 0.142857
243 241 0.142857
244 241 0.142857
245 241 0.142857
238 242 0.125
239 242 0.125
240 242 0.125
241 242 0.125
243 242 0.125
244 242 0.125
245 242 0.125
246 242 0.125
239 243 0.125
240 243 0.125
241 243 0.125
242 243 0.125
244 243 0.125
245 243 0.125
246 243 0.125
247 243 0.125
239 277 0.142857
273 277 0.142857
274 277 0.142857
276 277 0.142857
279 277 0.142857
280 277 0.142857
281 277 0.142857
241 245 0.125
242 245 0.125
243 245 0.125
244 245 0.125
246 245 0.125
247 245 0.125
248 245 0.125
249 245 0.125
242 246 0.125
243 246 0.125
244 246 0.125
245 246 0.125
247 246 0.125
248 246 0.125
249 246 0.125
250 246 0.125
246 250 0.125
247 250 0.125
248 250 0.125
249 250 0.125
251 250 0.125
252 250 0.125
253 250 0.125
254 250 0.125
248 251 0.166667
250 251 0.166667
252 251 0.166667
253 251 0.166667
254 251 0.166667
255 251 0.166667
249 252 0.142857
250 252 0.142857
251 252 0.142857
253 252 0.142857
254 252 0.142857
255 252 0.142857
256 252 0.142857
251 255 0.125
252 255 0.125
253 255 0.125
254 255 0.125
256 255 0.125
257 255 0.125
258 255 0.125
259 255 0.125
252 256 0.111111
253 256 0.111111
254 256 0.111111
255 256 0.111111
257 256 0.111111
258 256 0.111111
259 256 0.111111
260 256 0.111111
337 256 0.111111
253 257 0.125
254 257 0.125
255 257 0.125
256 257 0.125
258 257 0.125
259 257 0.125
260 257 0.125
261 257 0.125
254 258 0.125
255 258 0.125
256 258 0.125
257 258 0.125
259 258 0.125
260 258 0.125
261 258 0.125
262 258 0.125
256 337 0.111111
276 337 0.111111
333 337 0.111111
334 337 0.111111
335 337 0.111111
336 337 0.111111
338 337 0.111111
339 337 0.111111
340 337 0.111111
257 261 0.125
258 261 0.125
259 261 0.125
260 261 0.125
262 261 0.125
263 261 0.125
264 261 0.125
265 261 0.125
258 262 0.111111
259 262 0.111111
260 262 0.111111
261 262 0.111111
263 262 0.111111
264 262 0.111111
265 262 0.111111
266 262 0.111111
345 262 0.111111
259 263 0.142857
261 263 0.142857
262 263 0.142857
264 263 0.142857
265 263 0.142857
266 263 0.142857
267 263 0.142857
264 268 0.125
265 268 0.125
266 268 0.125
267 268 0.125
269 268 0.125
270 268 0.125
271 268 0.125
272 268 0.125
265 269 0.125
266 269 0.125
267 269 0.125
268 269 0.125
270 269 0.125
271 269 0.125
272 269 0.125
273 269 0.125
267 270 0.125
268 270 0.125
269 270 0.125
271 270 0.125
273 270 0.125
274 270 0.125
299 270 0.125
300 270 0.125
270 274 0.125
271 274 0.125
272 274 0.125
273 274 0.125
275 274 0.125
276 274 0.125
277 274 0.125
278 274 0.125
270 300 0.142857
296 300 0.142857
298 300 0.142857
301 300 0.142857
302 300 0.142857
303 300 0.142857
304 300 0.142857
272 276 0.125
273 276 0.125
274 276 0.125
275 276 0.125
277 276 0.125
278 276 0.125
280 276 0.125
337 276 0.125
276 280 0.125
277 280 0.125
278 280 0.125
279 280 0.125
281 280 0.125
282 280 0.125
283 280 0.125
284 280 0.125
277 281 0.125
278 281 0.125
279 281 0.125
280 281 0.125
282 281 0.125
283 281 0.125
284 281 0.125
285 281 0.125
281 285 0.142857
282 285 0.142857
284 285 0.142857
286 285 0.142857
287 285 0.142857
288 285 0.142857
289 285 0.142857
282 286 0.125
283 286 0.125
284 286 0.125
285 286 0.125
287 286 0.125
288 286 0.125
289 286 0.125
290 286 0.125
284 288 0.125
285 288 0.125
286 288 0.125
287 288 0.125
289 288 0.125
290 288 0.125
291 288 0.125
292 288 0.125
288 292 0.111111
289 292 0.111111
290 292 0.111111
291 292 0.111111
293 292 0.111111
294 292 0.111111
295 292 0.111111
296 292 0.111111
297 292 0.111111
289 293 0.125
290 293 0.125
291 293 0.125
292 293 0.125
294 293 0.125
295 293 0.125
296 293 0.125
297 293 0.125
290 294 0.125
291 294 0.125
292 294 0.125
293 294 0.125
295 294 0.125
296 294 0.125
297 294 0.125
298 294 0.125
290 322 0.125
318 322 0.125
319 322 0.125
320 322 0.125
321 322 0.125
324 322 0.125
325 322 0.125
326 322 0.125
297 301 0.142857
298 301 0.142857
300 301 0.142857
302 301 0.142857
303 301 0.142857
304 301 0.142857
305 301 0.142857
300 303 0.142857
301 303 0.142857
302 303 0.142857
304 303 0.142857
305 303 0.142857
306 303 0.142857
307 303 0.142857
300 304 0.125
301 304 0.125
302 304 0.125
303 304 0.125
305 304 0.125
306 304 0.125
307 304 0.125
308 304 0.125
304 308 0.125
305 308 0.125
306 308 0.125
307 308 0.125
309 308 0.125
310 308 0.125
311 308 0.125
312 308 0.125
305 309 0.125
306 309 0.125
307 309 0.125
308 309 0.125
310 309 0.125
311 309 0.125
312 309 0.125
313 309 0.125
307 311 0.125
308 311 0.125
309 311 0.125
310 311 0.125
312 311 0.125
313 311 0.125
314 311 0.125
315 311 0.125
309 313 0.125
310 313 0.125
311 313 0.125
312 313 0.125
314 313 0.125
315 313 0.125
316 313 0.125
317 313 0.125
311 315 0.125
312 315 0.125
313 315 0.125
314 315 0.125
316 315 0.125
317 315 0.125
318 315 0.125
319 315 0.125
312 316 0.142857
313 316 0.142857
315 316 0.142857
317 316 0.142857
318 316 0.142857
319 316 0.142857
320 316 0.142857
314 318 0.125
315 318 0.125
316 318 0.125
317 318 0.125
319 318 0.125
320 318 0.125
321 318 0.125
322 318 0.125
315 319 0.125
316 319 0.125
317 319 0.125
318 319 0.125
320 319 0.125
321 319 0.125
322 319 0.125
323 319 0.125
316 320 0.125
317 320 0.125
318 320 0.125
319 320 0.125
321 320 0.125
322 320 0.125
323 320 0.125
324 320 0.125
318 321 0.142857
319 321 0.142857
320 321 0.142857
322 321 0.142857
323 321 0.142857
324 321 0.142857
325 321 0.142857
319 323 0.142857
320 323 0.142857
321 323 0.142857
324 323 0.142857
325 323 0.142857
326 323 0.142857
327 323 0.142857
320 324 0.125
321 324 0.125
322 324 0.125
323 324 0.125
325 324 0.125
326 324 0.125
327 324 0.125
328 324 0.125
322 326 0.142857
323 326 0.142857
324 326 0.142857
327 326 0.142857
328 326 0.142857
329 326 0.142857
330 326 0.142857
323 327 0.142857
324 327 0.142857
326 327 0.142857
328 327 0.142857
329 327 0.142857
330 327 0.142857
331 327 0.142857
325 329 0.125
326 329 0.125
327 329 0.125
328 329 0.125
330 329 0.125
331 329 0.125
332 329 0.125
333 329 0.125
327 331 0.125
328 331 0.125
329 331 0.125
330 331 0.125
332 331 0.125
333 331 0.125
334 331 0.125
335 331 0.125
329 333 0.142857
331 333 0.142857
332 333 0.142857
334 333 0.142857
335 333 0.142857
336 333 0.142857
337 333 0.142857
334 338 0.125
335 338 0.125
336 338 0.125
337 338 0.125
339 338 0.125
340 338 0.125
341 338 0.125
342 338 0.125
335 339 0.125
336 339 0.125
337 339 0.125
338 339 0.125
340 339 0.125
341 339 0.125
342 339 0.125
343 339 0.125
337 340 0.142857
338 340 0.142857
339 340 0.142857
341 340 0.142857
342 340 0.142857
343 340 0.142857
344 340 0.142857
340 344 0.125
341 344 0.125
342 344 0.125
343 344 0.125
345 344 0.125
346 344 0.125
347 344 0.125
348 344 0.125
344 348 0.166667
347 348 0.166667
349 348 0.166667
350 348 0.166667
351 348 0.166667
352 348 0.166667
345 349 0.125
346 349 0.125
347 349 0.125
348 349 0.125
350 349 0.125
351 349 0.125
352 349 0.125
353 349 0.125
1 0 0.125
353 0 0.125
2 0 0.125
352 0 0.125
351 0 0.125
4 0 0.125
350 0 0.125
180 0 0.125
