0 1 0.1
2 1 0.1
3 1 0.1
447 1 0.1
4 1 0.1
446 1 0.1
5 1 0.1
445 1 0.1
54 1 0.1
182 1 0.1
0 447 0.166667
1 447 0.166667
3 447 0.166667
260 447 0.166667
445 447 0.166667
446 447 0.166667
0 2 0.142857
1 2 0.142857
3 2 0.142857
4 2 0.142857
5 2 0.142857
6 2 0.142857
446 2 0.142857
0 446 0.125
1 446 0.125
2 446 0.125
442 446 0.125
443 446 0.125
444 446 0.125
445 446 0.125
447 446 0.125
0 3 0.111111
1 3 0.111111
2 3 0.111111
4 3 0.111111
5 3 0.111111
6 3 0.111111
7 3 0.111111
447 3 0.111111
215 3 0.111111
0 445 0.125
1 445 0.125
441 445 0.125
442 445 0.125
443 445 0.125
444 445 0.125
446 445 0.125
447 445 0.125
0 4 0.125
1 4 0.125
2 4 0.125
3 4 0.125
5 4 0.125
6 4 0.125
7 4 0.125
8 4 0.125
0 444 0.142857
101 444 0.142857
441 444 0.142857
442 444 0.142857
443 444 0.142857
445 444 0.142857
446 444 0.142857
0 169 0.125
165 169 0.125
166 169 0.125
167 169 0.125
168 169 0.125
170 169 0.125
171 169 0.125
172 169 0.125
1 5 0.111111
2 5 0.111111
3 5 0.111111
4 5 0.111111
6 5 0.111111
7 5 0.111111
8 5 0.111111
9 5 0.111111
407 5 0.111111
1 54 0.125
50 54 0.125
51 54 0.125
52 54 0.125
53 54 0.125
55 54 0.125
57 54 0.125
58 54 0.125
1 182 0.142857
179 182 0.142857
180 182 0.142857
181 182 0.142857
183 182 0.142857
184 182 0.142857
186 182 0.142857
2 6 0.125
3 6 0.125
4 6 0.125
5 6 0.125
8 6 0.125
9 6 0.125
10 6 0.125
145 6 0.125
3 7 0.142857
4 7 0.142857
5 7 0.142857
8 7 0.142857
9 7 0.142857
10 7 0.142857
11 7 0.142857
3 215 0.142857
211 215 0.142857
212 215 0.142857
213 215 0.142857
216 215 0.142857
217 215 0.142857
218 215 0.142857
4 8 0.125
5 8 0.125
6 8 0.125
7 8 0.125
9 8 0.125
10 8 0.125
11 8 0.125
12 8 0.125
5 9 0.111111
6 9 0.111111
7 9 0.111111
8 9 0.111111
10 9 0.111111
11 9 0.111111
12 9 0.111111
13 9 0.111111
146 9 0.111111
5 407 0.125
403 407 0.125
404 407 0.125
405 407 0.125
406 407 0.125
408 407 0.125
410 407 0.125
411 407 0.125
6 10 0.125
7 10 0.125
8 10 0.125
9 10 0.125
11 10 0.125
12 10 0.125
14 10 0.125
273 10 0.125
6 145 0.125
141 145 0.125
142 145 0.125
143 145 0.125
146 145 0.125
147 145 0.125
148 145 0.125
149 145 0.125
7 11 0.125
8 11 0.125
9 11 0.125
10 11 0.125
12 11 0.125
13 11 0.125
14 11 0.125
15 11 0.125
8 12 0.1
9 12 0.1
10 12 0.1
11 12 0.1
13 12 0.1
14 12 0.1
15 12 0.1
16 12 0.1
230 12 0.1
356 12 0.1
9 13 0.142857
11 13 0.142857
12 13 0.142857
14 13 0.142857
15 13 0.142857
16 13 0.142857
17 13 0.142857
9 146 0.125
142 146 0.125
143 146 0.125
144 146 0.125
145 146 0.125
147 146 0.125
149 146 0.125
150 146 0.125
10 14 0.125
11 14 0.125
12 14 0.125
13 14 0.125
15 14 0.125
16 14 0.125
17 14 0.125
18 14 0.125
10 273 0.111111
64 273 0.111111
117 273 0.111111
269 273 0.111111
270 273 0.111111
272 273 0.111111
275 273 0.111111
276 273 0.111111
277 273 0.111111
11 15 0.125
12 15 0.125
13 15 0.125
14 15 0.125
17 15 0.125
18 15 0.125
19 15 0.125
442 15 0.125
12 16 0.125
13 16 0.125
14 16 0.125
17 16 0.125
18 16 0.125
19 16 0.125
20 16 0.125
420 16 0.125
12 230 0.125
226 230 0.125
227 230 0.125
228 230 0.125
229 230 0.125
232 230 0.125
233 230 0.125
234 230 0.125
12 356 0.142857
352 356 0.142857
353 356 0.142857
354 356 0.142857
358 356 0.142857
359 356 0.142857
360 356 0.142857
13 17 0.111111
14 17 0.111111
15 17 0.111111
16 17 0.111111
18 17 0.111111
19 17 0.111111
40 17 0.111111
361 17 0.111111
81 17 0.111111
14 18 0.111111
15 18 0.111111
16 18 0.111111
17 18 0.111111
19 18 0.111111
20 18 0.111111
21 18 0.111111
22 18 0.111111
81 18 0.111111
15 19 0.125
16 19 0.125
17 19 0.125
18 19 0.125
20 19 0.125
21 19 0.125
22 19 0.125
23 19 0.125
15 442 0.125
438 442 0.125
439 442 0.125
440 442 0.125
443 442 0.125
444 442 0.125
445 442 0.125
446 442 0.125
16 20 0.142857
18 20 0.142857
19 20 0.142857
22 20 0.142857
23 20 0.142857
24 20 0.142857
48 20 0.142857
16 420 0.142857
416 420 0.142857
418 420 0.142857
419 420 0.142857
421 420 0.142857
422 420 0.142857
423 420 0.142857
17 40 0.125
36 40 0.125
38 40 0.125
39 40 0.125
41 40 0.125
43 40 0.125
44 40 0.125
162 40 0.125
17 361 0.125
357 361 0.125
358 361 0.125
359 361 0.125
362 361 0.125
363 361 0.125
364 361 0.125
365 361 0.125
17 81 0.125
18 81 0.125
78 81 0.125
79 81 0.125
80 81 0.125
82 81 0.125
84 81 0.125
85 81 0.125
18 21 0.166667
19 21 0.166667
22 21 0.166667
23 21 0.166667
24 21 0.166667
25 21 0.166667
18 22 0.111111
19 22 0.111111
20 22 0.111111
21 22 0.111111
23 22 0.111111
24 22 0.111111
25 22 0.111111
26 22 0.111111
67 22 0.111111
19 23 0.111111
20 23 0.111111
21 23 0.111111
22 23 0.111111
24 23 0.111111
25 23 0.111111
26 23 0.111111
27 23 0.111111
200 23 0.111111
20 24 0.125
21 24 0.125
22 24 0.125
23 24 0.125
25 24 0.125
26 24 0.125
28 24 0.125
417 24 0.125
20 48 0.125
44 48 0.125
46 48 0.125
47 48 0.125
49 48 0.125
50 48 0.125
51 48 0.125
52 48 0.125
21 25 0.125
22 25 0.125
23 25 0.125
24 25 0.125
26 25 0.125
27 25 0.125
28 25 0.125
29 25 0.125
22 26 0.125
23 26 0.125
24 26 0.125
25 26 0.125
27 26 0.125
28 26 0.125
29 26 0.125
30 26 0.125
22 67 0.142857
63 67 0.142857
65 67 0.142857
66 67 0.142857
68 67 0.142857
69 67 0.142857
162 67 0.142857
23 27 0.142857
25 27 0.142857
26 27 0.142857
28 27 0.142857
29 27 0.142857
30 27 0.142857
31 27 0.142857
23 200 0.111111
70 200 0.111111
196 200 0.111111
197 200 0.111111
198 200 0.111111
199 200 0.111111
202 200 0.111111
204 200 0.111111
388 200 0.111111
24 28 0.125
25 28 0.125
26 28 0.125
27 28 0.125
29 28 0.125
30 28 0.125
31 28 0.125
32 28 0.125
24 417 0.142857
96 417 0.142857
413 417 0.142857
415 417 0.142857
418 417 0.142857
419 417 0.142857
421 417 0.142857
25 29 0.125
26 29 0.125
27 29 0.125
28 29 0.125
30 29 0.125
31 29 0.125
32 29 0.125
33 29 0.125
26 30 0.125
27 30 0.125
28 30 0.125
29 30 0.125
31 30 0.125
32 30 0.125
34 30 0.125
299 30 0.125
27 31 0.125
28 31 0.125
29 31 0.125
30 31 0.125
32 31 0.125
33 31 0.125
34 31 0.125
35 31 0.125
28 32 0.125
29 32 0.125
30 32 0.125
31 32 0.125
33 32 0.125
34 32 0.125
35 32 0.125
79 32 0.125
29 33 0.142857
31 33 0.142857
32 33 0.142857
34 33 0.142857
35 33 0.142857
36 33 0.142857
37 33 0.142857
30 34 0.125
31 34 0.125
32 34 0.125
33 34 0.125
35 34 0.125
36 34 0.125
37 34 0.125
38 34 0.125
30 299 0.1
267 299 0.1
295 299 0.1
296 299 0.1
297 299 0.1
298 299 0.1
300 299 0.1
301 299 0.1
302 299 0.1
303 299 0.1
31 35 0.125
32 35 0.125
33 35 0.125
34 35 0.125
36 35 0.125
37 35 0.125
38 35 0.125
39 35 0.125
32 79 0.1
75 79 0.1
76 79 0.1
77 79 0.1
78 79 0.1
80 79 0.1
81 79 0.1
82 79 0.1
83 79 0.1
210 79 0.1
33 36 0.142857
34 36 0.142857
35 36 0.142857
37 36 0.142857
38 36 0.142857
39 36 0.142857
40 36 0.142857
33 37 0.1
34 37 0.1
35 37 0.1
36 37 0.1
38 37 0.1
39 37 0.1
41 37 0.1
138 37 0.1
176 37 0.1
258 37 0.1
34 38 0.125
35 38 0.125
36 38 0.125
37 38 0.125
39 38 0.125
40 38 0.125
42 38 0.125
113 38 0.125
35 39 0.111111
36 39 0.111111
37 39 0.111111
38 39 0.111111
40 39 0.111111
41 39 0.111111
42 39 0.111111
45 39 0.111111
56 39 0.111111
37 41 0.142857
39 41 0.142857
40 41 0.142857
42 41 0.142857
44 41 0.142857
45 41 0.142857
198 41 0.142857
37 138 0.125
42 138 0.125
134 138 0.125
136 138 0.125
137 138 0.125
139 138 0.125
142 138 0.125
386 138 0.125
37 176 0.125
172 176 0.125
173 176 0.125
174 176 0.125
175 176 0.125
177 176 0.125
178 176 0.125
180 176 0.125
37 258 0.111111
124 258 0.111111
254 258 0.111111
255 258 0.111111
256 258 0.111111
257 258 0.111111
259 258 0.111111
260 258 0.111111
261 258 0.111111
38 42 0.125
39 42 0.125
41 42 0.125
43 42 0.125
44 42 0.125
45 42 0.125
46 42 0.125
138 42 0.125
38 113 0.111111
109 113 0.111111
110 113 0.111111
112 113 0.111111
114 113 0.111111
115 113 0.111111
116 113 0.111111
117 113 0.111111
228 113 0.111111
39 45 0.111111
41 45 0.111111
42 45 0.111111
43 45 0.111111
44 45 0.111111
46 45 0.111111
47 45 0.111111
49 45 0.111111
111 45 0.111111
39 56 0.125
52 56 0.125
53 56 0.125
55 56 0.125
58 56 0.125
59 56 0.125
60 56 0.125
85 56 0.125
40 43 0.166667
42 43 0.166667
44 43 0.166667
45 43 0.166667
46 43 0.166667
47 43 0.166667
40 44 0.111111
41 44 0.111111
42 44 0.111111
43 44 0.111111
45 44 0.111111
46 44 0.111111
47 44 0.111111
48 44 0.111111
377 44 0.111111
40 162 0.125
67 162 0.125
158 162 0.125
160 162 0.125
161 162 0.125
163 162 0.125
165 162 0.125
166 162 0.125
41 198 0.111111
194 198 0.111111
195 198 0.111111
196 198 0.111111
197 198 0.111111
199 198 0.111111
200 198 0.111111
201 198 0.111111
202 198 0.111111
42 46 0.111111
43 46 0.111111
44 46 0.111111
45 46 0.111111
47 46 0.111111
48 46 0.111111
49 46 0.111111
50 46 0.111111
101 46 0.111111
43 47 0.111111
44 47 0.111111
45 47 0.111111
46 47 0.111111
48 47 0.111111
49 47 0.111111
50 47 0.111111
51 47 0.111111
135 47 0.111111
44 377 0.142857
373 377 0.142857
374 377 0.142857
375 377 0.142857
378 377 0.142857
379 377 0.142857
380 377 0.142857
45 49 0.125
46 49 0.125
47 49 0.125
48 49 0.125
50 49 0.125
51 49 0.125
52 49 0.125
53 49 0.125
45 111 0.142857
107 111 0.142857
108 111 0.142857
109 111 0.142857
112 111 0.142857
114 111 0.142857
115 111 0.142857
46 50 0.111111
47 50 0.111111
48 50 0.111111
49 50 0.111111
52 50 0.111111
54 50 0.111111
155 50 0.111111
248 50 0.111111
185 50 0.111111
46 101 0.090909
97 101 0.090909
98 101 0.090909
99 101 0.090909
100 101 0.090909
102 101 0.090909
103 101 0.090909
105 101 0.090909
328 101 0.090909
444 101 0.090909
243 101 0.090909
47 51 0.125
48 51 0.125
49 51 0.125
52 51 0.125
53 51 0.125
54 51 0.125
245 51 0.125
323 51 0.125
47 135 0.125
131 135 0.125
132 135 0.125
133 135 0.125
134 135 0.125
136 135 0.125
137 135 0.125
139 135 0.125
48 52 0.125
49 52 0.125
50 52 0.125
51 52 0.125
53 52 0.125
54 52 0.125
55 52 0.125
56 52 0.125
49 53 0.111111
51 53 0.111111
52 53 0.111111
54 53 0.111111
55 53 0.111111
56 53 0.111111
57 53 0.111111
107 53 0.111111
332 53 0.111111
50 155 0.111111
151 155 0.111111
152 155 0.111111
154 155 0.111111
157 155 0.111111
158 155 0.111111
159 155 0.111111
421 155 0.111111
443 155 0.111111
50 248 0.125
244 248 0.125
246 248 0.125
247 248 0.125
249 248 0.125
250 248 0.125
251 248 0.125
252 248 0.125
50 185 0.125
161 185 0.125
181 185 0.125
183 185 0.125
184 185 0.125
186 185 0.125
189 185 0.125
300 185 0.125
51 245 0.125
241 245 0.125
242 245 0.125
243 245 0.125
244 245 0.125
246 245 0.125
247 245 0.125
249 245 0.125
51 323 0.111111
319 323 0.111111
320 323 0.111111
321 323 0.111111
322 323 0.111111
324 323 0.111111
325 323 0.111111
326 323 0.111111
327 323 0.111111
52 55 0.142857
53 55 0.142857
54 55 0.142857
56 55 0.142857
57 55 0.142857
58 55 0.142857
254 55 0.142857
53 57 0.142857
54 57 0.142857
55 57 0.142857
58 57 0.142857
59 57 0.142857
60 57 0.142857
61 57 0.142857
53 107 0.125
103 107 0.125
104 107 0.125
105 107 0.125
106 107 0.125
109 107 0.125
110 107 0.125
111 107 0.125
53 332 0.125
160 332 0.125
328 332 0.125
329 332 0.125
330 332 0.125
331 332 0.125
335 332 0.125
336 332 0.125
54 58 0.111111
55 58 0.111111
56 58 0.111111
57 58 0.111111
59 58 0.111111
60 58 0.111111
61 58 0.111111
62 58 0.111111
311 58 0.111111
55 254 0.142857
70 254 0.142857
251 254 0.142857
252 254 0.142857
256 254 0.142857
257 254 0.142857
258 254 0.142857
56 59 0.125
57 59 0.125
58 59 0.125
60 59 0.125
61 59 0.125
62 59 0.125
63 59 0.125
374 59 0.125
56 60 0.125
57 60 0.125
58 60 0.125
59 60 0.125
61 60 0.125
62 60 0.125
63 60 0.125
64 60 0.125
56 85 0.090909
70 85 0.090909
81 85 0.090909
82 85 0.090909
83 85 0.090909
84 85 0.090909
86 85 0.090909
87 85 0.090909
88 85 0.090909
89 85 0.090909
437 85 0.090909
57 61 0.125
58 61 0.125
59 61 0.125
60 61 0.125
62 61 0.125
63 61 0.125
64 61 0.125
65 61 0.125
58 62 0.125
59 62 0.125
60 62 0.125
61 62 0.125
63 62 0.125
64 62 0.125
65 62 0.125
66 62 0.125
58 311 0.125
260 311 0.125
307 311 0.125
309 311 0.125
310 311 0.125
312 311 0.125
315 311 0.125
334 311 0.125
59 63 0.125
60 63 0.125
61 63 0.125
62 63 0.125
64 63 0.125
65 63 0.125
66 63 0.125
67 63 0.125
59 374 0.125
370 374 0.125
371 374 0.125
372 374 0.125
373 374 0.125
376 374 0.125
377 374 0.125
415 374 0.125
60 64 0.125
61 64 0.125
62 64 0.125
63 64 0.125
65 64 0.125
66 64 0.125
273 64 0.125
436 64 0.125
61 65 0.125
62 65 0.125
63 65 0.125
64 65 0.125
66 65 0.125
67 65 0.125
68 65 0.125
69 65 0.125
62 66 0.111111
63 66 0.111111
64 66 0.111111
65 66 0.111111
67 66 0.111111
68 66 0.111111
69 66 0.111111
70 66 0.111111
246 66 0.111111
64 436 0.125
432 436 0.125
433 436 0.125
435 436 0.125
437 436 0.125
438 436 0.125
439 436 0.125
440 436 0.125
65 68 0.125
66 68 0.125
67 68 0.125
69 68 0.125
71 68 0.125
72 68 0.125
105 68 0.125
166 68 0.125
65 69 0.125
66 69 0.125
67 69 0.125
68 69 0.125
70 69 0.125
71 69 0.125
72 69 0.125
73 69 0.125
66 70 0.125
69 70 0.125
71 70 0.125
73 70 0.125
74 70 0.125
200 70 0.125
254 70 0.125
85 70 0.125
66 246 0.125
206 246 0.125
242 246 0.125
243 246 0.125
244 246 0.125
245 246 0.125
248 246 0.125
250 246 0.125
68 71 0.142857
69 71 0.142857
70 71 0.142857
72 71 0.142857
73 71 0.142857
74 71 0.142857
75 71 0.142857
68 72 0.142857
69 72 0.142857
71 72 0.142857
73 72 0.142857
74 72 0.142857
75 72 0.142857
76 72 0.142857
68 105 0.142857
101 105 0.142857
102 105 0.142857
106 105 0.142857
107 105 0.142857
108 105 0.142857
109 105 0.142857
68 166 0.111111
103 166 0.111111
162 166 0.111111
163 166 0.111111
164 166 0.111111
165 166 0.111111
167 166 0.111111
168 166 0.111111
169 166 0.111111
69 73 0.125
70 73 0.125
71 73 0.125
72 73 0.125
74 73 0.125
75 73 0.125
76 73 0.125
77 73 0.125
70 74 0.125
71 74 0.125
72 74 0.125
73 74 0.125
75 74 0.125
76 74 0.125
77 74 0.125
78 74 0.125
71 75 0.125
72 75 0.125
73 75 0.125
74 75 0.125
77 75 0.125
78 75 0.125
79 75 0.125
187 75 0.125
72 76 0.125
73 76 0.125
74 76 0.125
77 76 0.125
78 76 0.125
79 76 0.125
80 76 0.125
171 76 0.125
73 77 0.125
74 77 0.125
75 77 0.125
76 77 0.125
78 77 0.125
79 77 0.125
80 77 0.125
93 77 0.125
74 78 0.125
75 78 0.125
76 78 0.125
77 78 0.125
79 78 0.125
80 78 0.125
81 78 0.125
82 78 0.125
75 187 0.125
183 187 0.125
184 187 0.125
186 187 0.125
188 187 0.125
189 187 0.125
191 187 0.125
340 187 0.125
76 80 0.125
77 80 0.125
78 80 0.125
79 80 0.125
81 80 0.125
82 80 0.125
83 80 0.125
84 80 0.125
76 171 0.125
167 171 0.125
168 171 0.125
169 171 0.125
170 171 0.125
172 171 0.125
173 171 0.125
175 171 0.125
77 93 0.111111
89 93 0.111111
90 93 0.111111
91 93 0.111111
92 93 0.111111
94 93 0.111111
96 93 0.111111
97 93 0.111111
214 93 0.111111
78 82 0.125
79 82 0.125
80 82 0.125
81 82 0.125
83 82 0.125
84 82 0.125
85 82 0.125
86 82 0.125
79 83 0.142857
80 83 0.142857
82 83 0.142857
84 83 0.142857
85 83 0.142857
86 83 0.142857
87 83 0.142857
79 210 0.125
206 210 0.125
207 210 0.125
208 210 0.125
209 210 0.125
212 210 0.125
213 210 0.125
214 210 0.125
80 84 0.125
81 84 0.125
82 84 0.125
83 84 0.125
85 84 0.125
86 84 0.125
91 84 0.125
126 84 0.125
82 86 0.125
83 86 0.125
84 86 0.125
85 86 0.125
87 86 0.125
88 86 0.125
89 86 0.125
90 86 0.125
83 87 0.142857
85 87 0.142857
86 87 0.142857
88 87 0.142857
89 87 0.142857
91 87 0.142857
406 87 0.142857
84 91 0.125
87 91 0.125
88 91 0.125
89 91 0.125
92 91 0.125
93 91 0.125
94 91 0.125
95 91 0.125
84 126 0.111111
122 126 0.111111
123 126 0.111111
124 126 0.111111
125 126 0.111111
127 126 0.111111
128 126 0.111111
129 126 0.111111
130 126 0.111111
85 88 0.125
86 88 0.125
87 88 0.125
89 88 0.125
90 88 0.125
91 88 0.125
92 88 0.125
412 88 0.125
85 89 0.125
86 89 0.125
87 89 0.125
88 89 0.125
91 89 0.125
92 89 0.125
93 89 0.125
343 89 0.125
85 437 0.111111
150 437 0.111111
433 437 0.111111
434 437 0.111111
435 437 0.111111
436 437 0.111111
439 437 0.111111
440 437 0.111111
441 437 0.111111
86 90 0.166667
88 90 0.166667
92 90 0.166667
93 90 0.166667
94 90 0.166667
301 90 0.166667
87 406 0.111111
402 406 0.111111
403 406 0.111111
404 406 0.111111
405 406 0.111111
407 406 0.111111
409 406 0.111111
410 406 0.111111
418 406 0.111111
88 92 0.125
89 92 0.125
90 92 0.125
91 92 0.125
93 92 0.125
94 92 0.125
95 92 0.125
96 92 0.125
88 412 0.111111
353 412 0.111111
408 412 0.111111
409 412 0.111111
410 412 0.111111
411 412 0.111111
414 412 0.111111
415 412 0.111111
416 412 0.111111
89 343 0.111111
339 343 0.111111
340 343 0.111111
341 343 0.111111
342 343 0.111111
344 343 0.111111
345 343 0.111111
346 343 0.111111
347 343 0.111111
90 94 0.125
91 94 0.125
92 94 0.125
93 94 0.125
95 94 0.125
96 94 0.125
97 94 0.125
98 94 0.125
90 301 0.111111
297 301 0.111111
298 301 0.111111
299 301 0.111111
300 301 0.111111
302 301 0.111111
303 301 0.111111
304 301 0.111111
305 301 0.111111
91 95 0.111111
92 95 0.111111
94 95 0.111111
96 95 0.111111
98 95 0.111111
99 95 0.111111
375 95 0.111111
416 95 0.111111
158 95 0.111111
92 96 0.111111
93 96 0.111111
94 96 0.111111
95 96 0.111111
97 96 0.111111
98 96 0.111111
99 96 0.111111
100 96 0.111111
417 96 0.111111
93 97 0.142857
94 97 0.142857
96 97 0.142857
98 97 0.142857
99 97 0.142857
100 97 0.142857
101 97 0.142857
93 214 0.111111
210 214 0.111111
211 214 0.111111
213 214 0.111111
216 214 0.111111
217 214 0.111111
218 214 0.111111
261 214 0.111111
382 214 0.111111
94 98 0.111111
95 98 0.111111
96 98 0.111111
97 98 0.111111
99 98 0.111111
100 98 0.111111
101 98 0.111111
102 98 0.111111
110 98 0.111111
95 99 0.125
96 99 0.125
97 99 0.125
98 99 0.125
100 99 0.125
101 99 0.125
102 99 0.125
103 99 0.125
95 375 0.166667
372 375 0.166667
373 375 0.166667
377 375 0.166667
378 375 0.166667
379 375 0.166667
95 416 0.125
412 416 0.125
413 416 0.125
414 416 0.125
415 416 0.125
418 416 0.125
419 416 0.125
420 416 0.125
95 158 0.111111
154 158 0.111111
155 158 0.111111
156 158 0.111111
160 158 0.111111
161 158 0.111111
162 158 0.111111
433 158 0.111111
348 158 0.111111
96 100 0.125
97 100 0.125
98 100 0.125
99 100 0.125
101 100 0.125
102 100 0.125
103 100 0.125
104 100 0.125
98 102 0.125
99 102 0.125
100 102 0.125
101 102 0.125
103 102 0.125
104 102 0.125
105 102 0.125
106 102 0.125
98 110 0.125
106 110 0.125
107 110 0.125
108 110 0.125
109 110 0.125
112 110 0.125
113 110 0.125
401 110 0.125
99 103 0.125
100 103 0.125
101 103 0.125
102 103 0.125
104 103 0.125
106 103 0.125
107 103 0.125
166 103 0.125
100 104 0.125
102 104 0.125
103 104 0.125
106 104 0.125
107 104 0.125
108 104 0.125
384 104 0.125
441 104 0.125
101 328 0.125
324 328 0.125
325 328 0.125
326 328 0.125
327 328 0.125
330 328 0.125
331 328 0.125
332 328 0.125
101 243 0.142857
240 243 0.142857
241 243 0.142857
242 243 0.142857
244 243 0.142857
245 243 0.142857
246 243 0.142857
102 106 0.111111
103 106 0.111111
104 106 0.111111
105 106 0.111111
107 106 0.111111
109 106 0.111111
110 106 0.111111
114 106 0.111111
360 106 0.111111
104 108 0.166667
105 108 0.166667
109 108 0.166667
110 108 0.166667
111 108 0.166667
112 108 0.166667
104 384 0.125
201 384 0.125
380 384 0.125
381 384 0.125
382 384 0.125
386 384 0.125
387 384 0.125
390 384 0.125
104 441 0.111111
322 441 0.111111
437 441 0.111111
438 441 0.111111
439 441 0.111111
440 441 0.111111
443 441 0.111111
444 441 0.111111
445 441 0.111111
105 109 0.125
106 109 0.125
107 109 0.125
108 109 0.125
110 109 0.125
111 109 0.125
112 109 0.125
113 109 0.125
106 114 0.125
111 114 0.125
112 114 0.125
113 114 0.125
116 114 0.125
117 114 0.125
118 114 0.125
308 114 0.125
106 360 0.111111
134 360 0.111111
356 360 0.111111
357 360 0.111111
358 360 0.111111
359 360 0.111111
362 360 0.111111
363 360 0.111111
364 360 0.111111
108 112 0.125
109 112 0.125
110 112 0.125
111 112 0.125
113 112 0.125
114 112 0.125
115 112 0.125
116 112 0.125
110 401 0.1
180 401 0.1
397 401 0.1
398 401 0.1
399 401 0.1
400 401 0.1
402 401 0.1
403 401 0.1
404 401 0.1
405 401 0.1
111 115 0.142857
112 115 0.142857
113 115 0.142857
116 115 0.142857
117 115 0.142857
118 115 0.142857
119 115 0.142857
112 116 0.125
113 116 0.125
114 116 0.125
115 116 0.125
117 116 0.125
118 116 0.125
119 116 0.125
120 116 0.125
113 117 0.111111
114 117 0.111111
115 117 0.111111
116 117 0.111111
118 117 0.111111
119 117 0.111111
120 117 0.111111
273 117 0.111111
177 117 0.111111
113 228 0.125
120 228 0.125
224 228 0.125
225 228 0.125
226 228 0.125
227 228 0.125
230 228 0.125
232 228 0.125
114 118 0.125
115 118 0.125
116 118 0.125
117 118 0.125
119 118 0.125
120 118 0.125
122 118 0.125
359 118 0.125
114 308 0.125
296 308 0.125
304 308 0.125
305 308 0.125
306 308 0.125
307 308 0.125
310 308 0.125
312 308 0.125
115 119 0.090909
116 119 0.090909
117 119 0.090909
118 119 0.090909
120 119 0.090909
121 119 0.090909
122 119 0.090909
123 119 0.090909
411 119 0.090909
304 119 0.090909
178 119 0.090909
116 120 0.111111
117 120 0.111111
118 120 0.111111
119 120 0.111111
121 120 0.111111
122 120 0.111111
123 120 0.111111
124 120 0.111111
228 120 0.111111
117 177 0.111111
173 177 0.111111
174 177 0.111111
175 177 0.111111
176 177 0.111111
178 177 0.111111
179 177 0.111111
180 177 0.111111
181 177 0.111111
118 122 0.125
119 122 0.125
120 122 0.125
121 122 0.125
123 122 0.125
124 122 0.125
125 122 0.125
126 122 0.125
118 359 0.111111
355 359 0.111111
356 359 0.111111
357 359 0.111111
358 359 0.111111
360 359 0.111111
361 359 0.111111
362 359 0.111111
363 359 0.111111
119 121 0.166667
120 121 0.166667
122 121 0.166667
123 121 0.166667
124 121 0.166667
125 121 0.166667
119 123 0.125
120 123 0.125
121 123 0.125
122 123 0.125
124 123 0.125
125 123 0.125
126 123 0.125
127 123 0.125
119 411 0.125
407 411 0.125
408 411 0.125
409 411 0.125
410 411 0.125
412 411 0.125
414 411 0.125
415 411 0.125
119 304 0.125
300 304 0.125
301 304 0.125
302 304 0.125
303 304 0.125
305 304 0.125
306 304 0.125
308 304 0.125
119 178 0.125
174 178 0.125
175 178 0.125
176 178 0.125
177 178 0.125
179 178 0.125
180 178 0.125
181 178 0.125
120 124 0.125
121 124 0.125
122 124 0.125
123 124 0.125
125 124 0.125
126 124 0.125
128 124 0.125
258 124 0.125
121 125 0.125
122 125 0.125
123 125 0.125
124 125 0.125
126 125 0.125
127 125 0.125
128 125 0.125
129 125 0.125
123 127 0.142857
125 127 0.142857
126 127 0.142857
128 127 0.142857
129 127 0.142857
130 127 0.142857
131 127 0.142857
124 128 0.125
125 128 0.125
126 128 0.125
127 128 0.125
129 128 0.125
130 128 0.125
131 128 0.125
132 128 0.125
125 129 0.111111
126 129 0.111111
127 129 0.111111
128 129 0.111111
130 129 0.111111
131 129 0.111111
132 129 0.111111
133 129 0.111111
260 129 0.111111
126 130 0.125
127 130 0.125
128 130 0.125
129 130 0.125
131 130 0.125
132 130 0.125
133 130 0.125
134 130 0.125
127 131 0.125
128 131 0.125
129 131 0.125
130 131 0.125
132 131 0.125
133 131 0.125
134 131 0.125
135 131 0.125
128 132 0.125
129 132 0.125
130 132 0.125
131 132 0.125
133 132 0.125
134 132 0.125
135 132 0.125
221 132 0.125
129 133 0.125
130 133 0.125
131 133 0.125
132 133 0.125
134 133 0.125
135 133 0.125
136 133 0.125
137 133 0.125
129 260 0.1
256 260 0.1
257 260 0.1
258 260 0.1
259 260 0.1
261 260 0.1
264 260 0.1
311 260 0.1
269 260 0.1
447 260 0.1
130 134 0.111111
131 134 0.111111
132 134 0.111111
133 134 0.111111
135 134 0.111111
136 134 0.111111
137 134 0.111111
138 134 0.111111
360 134 0.111111
132 221 0.1
217 221 0.1
218 221 0.1
219 221 0.1
220 221 0.1
222 221 0.1
223 221 0.1
224 221 0.1
225 221 0.1
310 221 0.1
133 136 0.142857
134 136 0.142857
135 136 0.142857
137 136 0.142857
138 136 0.142857
139 136 0.142857
140 136 0.142857
133 137 0.125
134 137 0.125
135 137 0.125
136 137 0.125
138 137 0.125
139 137 0.125
140 137 0.125
141 137 0.125
135 139 0.125
136 139 0.125
137 139 0.125
138 139 0.125
141 139 0.125
142 139 0.125
279 139 0.125
365 139 0.125
136 140 0.166667
137 140 0.166667
141 140 0.166667
142 140 0.166667
143 140 0.166667
144 140 0.166667
137 141 0.142857
139 141 0.142857
140 141 0.142857
142 141 0.142857
144 141 0.142857
145 141 0.142857
381 141 0.142857
138 142 0.125
139 142 0.125
140 142 0.125
141 142 0.125
143 142 0.125
144 142 0.125
145 142 0.125
146 142 0.125
138 386 0.111111
382 386 0.111111
383 386 0.111111
384 386 0.111111
385 386 0.111111
387 386 0.111111
388 386 0.111111
389 386 0.111111
390 386 0.111111
139 279 0.111111
275 279 0.111111
276 279 0.111111
277 279 0.111111
278 279 0.111111
280 279 0.111111
281 279 0.111111
282 279 0.111111
283 279 0.111111
139 365 0.111111
361 365 0.111111
362 365 0.111111
363 365 0.111111
364 365 0.111111
366 365 0.111111
367 365 0.111111
368 365 0.111111
369 365 0.111111
140 143 0.166667
142 143 0.166667
144 143 0.166667
145 143 0.166667
146 143 0.166667
147 143 0.166667
140 144 0.125
141 144 0.125
142 144 0.125
143 144 0.125
146 144 0.125
147 144 0.125
148 144 0.125
394 144 0.125
141 381 0.125
378 381 0.125
379 381 0.125
380 381 0.125
382 381 0.125
383 381 0.125
384 381 0.125
385 381 0.125
143 147 0.111111
144 147 0.111111
145 147 0.111111
146 147 0.111111
148 147 0.111111
150 147 0.111111
151 147 0.111111
203 147 0.111111
425 147 0.111111
144 148 0.142857
145 148 0.142857
147 148 0.142857
149 148 0.142857
150 148 0.142857
151 148 0.142857
152 148 0.142857
144 394 0.111111
390 394 0.111111
391 394 0.111111
392 394 0.111111
393 394 0.111111
395 394 0.111111
396 394 0.111111
397 394 0.111111
398 394 0.111111
145 149 0.142857
146 149 0.142857
148 149 0.142857
150 149 0.142857
151 149 0.142857
152 149 0.142857
153 149 0.142857
146 150 0.125
147 150 0.125
148 150 0.125
149 150 0.125
151 150 0.125
153 150 0.125
154 150 0.125
437 150 0.125
147 151 0.125
148 151 0.125
149 151 0.125
150 151 0.125
152 151 0.125
153 151 0.125
154 151 0.125
155 151 0.125
147 203 0.125
199 203 0.125
201 203 0.125
202 203 0.125
204 203 0.125
205 203 0.125
206 203 0.125
207 203 0.125
147 425 0.125
421 425 0.125
422 425 0.125
423 425 0.125
424 425 0.125
426 425 0.125
428 425 0.125
429 425 0.125
148 152 0.142857
149 152 0.142857
151 152 0.142857
153 152 0.142857
154 152 0.142857
155 152 0.142857
421 152 0.142857
149 153 0.125
150 153 0.125
151 153 0.125
152 153 0.125
154 153 0.125
157 153 0.125
286 153 0.125
390 153 0.125
150 154 0.125
151 154 0.125
152 154 0.125
153 154 0.125
155 154 0.125
156 154 0.125
157 154 0.125
158 154 0.125
152 421 0.1
155 421 0.1
417 421 0.1
418 421 0.1
419 421 0.1
420 421 0.1
422 421 0.1
423 421 0.1
424 421 0.1
425 421 0.1
153 157 0.125
154 157 0.125
155 157 0.125
156 157 0.125
159 157 0.125
160 157 0.125
161 157 0.125
313 157 0.125
153 286 0.111111
282 286 0.111111
283 286 0.111111
284 286 0.111111
285 286 0.111111
287 286 0.111111
288 286 0.111111
289 286 0.111111
290 286 0.111111
153 390 0.111111
384 390 0.111111
386 390 0.111111
387 390 0.111111
389 390 0.111111
391 390 0.111111
392 390 0.111111
393 390 0.111111
394 390 0.111111
154 156 0.2
157 156 0.2
158 156 0.2
159 156 0.2
160 156 0.2
155 159 0.142857
156 159 0.142857
157 159 0.142857
160 159 0.142857
161 159 0.142857
163 159 0.142857
226 159 0.142857
155 443 0.125
439 443 0.125
440 443 0.125
441 443 0.125
442 443 0.125
444 443 0.125
445 443 0.125
446 443 0.125
156 160 0.111111
157 160 0.111111
158 160 0.111111
159 160 0.111111
161 160 0.111111
162 160 0.111111
163 160 0.111111
164 160 0.111111
332 160 0.111111
157 161 0.111111
158 161 0.111111
159 161 0.111111
160 161 0.111111
162 161 0.111111
163 161 0.111111
165 161 0.111111
271 161 0.111111
185 161 0.111111
157 313 0.125
271 313 0.125
309 313 0.125
310 313 0.125
312 313 0.125
314 313 0.125
315 313 0.125
316 313 0.125
158 433 0.111111
429 433 0.111111
430 433 0.111111
431 433 0.111111
432 433 0.111111
434 433 0.111111
435 433 0.111111
436 433 0.111111
437 433 0.111111
158 348 0.111111
237 348 0.111111
344 348 0.111111
345 348 0.111111
346 348 0.111111
347 348 0.111111
349 348 0.111111
351 348 0.111111
352 348 0.111111
159 163 0.125
160 163 0.125
161 163 0.125
162 163 0.125
164 163 0.125
165 163 0.125
166 163 0.125
167 163 0.125
159 226 0.111111
222 226 0.111111
224 226 0.111111
225 226 0.111111
227 226 0.111111
228 226 0.111111
229 226 0.111111
230 226 0.111111
391 226 0.111111
160 164 0.142857
163 164 0.142857
165 164 0.142857
166 164 0.142857
168 164 0.142857
429 164 0.142857
186 164 0.142857
161 165 0.125
162 165 0.125
163 165 0.125
164 165 0.125
166 165 0.125
167 165 0.125
168 165 0.125
169 165 0.125
161 271 0.111111
267 271 0.111111
268 271 0.111111
269 271 0.111111
270 271 0.111111
272 271 0.111111
274 271 0.111111
370 271 0.111111
313 271 0.111111
163 167 0.125
165 167 0.125
166 167 0.125
168 167 0.125
169 167 0.125
170 167 0.125
171 167 0.125
259 167 0.125
164 168 0.125
165 168 0.125
166 168 0.125
167 168 0.125
169 168 0.125
170 168 0.125
171 168 0.125
172 168 0.125
164 429 0.125
425 429 0.125
426 429 0.125
428 429 0.125
430 429 0.125
431 429 0.125
432 429 0.125
433 429 0.125
164 186 0.111111
182 186 0.111111
183 186 0.111111
184 186 0.111111
185 186 0.111111
187 186 0.111111
188 186 0.111111
190 186 0.111111
282 186 0.111111
167 170 0.142857
168 170 0.142857
169 170 0.142857
171 170 0.142857
172 170 0.142857
173 170 0.142857
174 170 0.142857
167 259 0.125
255 259 0.125
256 259 0.125
257 259 0.125
258 259 0.125
260 259 0.125
261 259 0.125
262 259 0.125
168 172 0.125
169 172 0.125
170 172 0.125
171 172 0.125
173 172 0.125
174 172 0.125
175 172 0.125
176 172 0.125
170 173 0.125
171 173 0.125
172 173 0.125
174 173 0.125
175 173 0.125
176 173 0.125
177 173 0.125
190 173 0.125
170 174 0.142857
172 174 0.142857
173 174 0.142857
175 174 0.142857
176 174 0.142857
177 174 0.142857
178 174 0.142857
171 175 0.125
172 175 0.125
173 175 0.125
174 175 0.125
176 175 0.125
177 175 0.125
178 175 0.125
179 175 0.125
173 190 0.142857
186 190 0.142857
188 190 0.142857
189 190 0.142857
194 190 0.142857
367 190 0.142857
291 190 0.142857
175 179 0.142857
177 179 0.142857
178 179 0.142857
180 179 0.142857
181 179 0.142857
182 179 0.142857
183 179 0.142857
176 180 0.125
177 180 0.125
178 180 0.125
179 180 0.125
181 180 0.125
182 180 0.125
184 180 0.125
401 180 0.125
177 181 0.125
178 181 0.125
179 181 0.125
180 181 0.125
182 181 0.125
183 181 0.125
184 181 0.125
185 181 0.125
179 183 0.142857
181 183 0.142857
182 183 0.142857
184 183 0.142857
185 183 0.142857
186 183 0.142857
187 183 0.142857
180 184 0.111111
181 184 0.111111
182 184 0.111111
183 184 0.111111
185 184 0.111111
186 184 0.111111
187 184 0.111111
188 184 0.111111
369 184 0.111111
184 188 0.142857
186 188 0.142857
187 188 0.142857
189 188 0.142857
190 188 0.142857
191 188 0.142857
192 188 0.142857
184 369 0.125
365 369 0.125
366 369 0.125
367 369 0.125
370 369 0.125
371 369 0.125
373 369 0.125
391 369 0.125
185 189 0.142857
187 189 0.142857
188 189 0.142857
190 189 0.142857
191 189 0.142857
192 189 0.142857
193 189 0.142857
185 300 0.111111
296 300 0.111111
297 300 0.111111
298 300 0.111111
299 300 0.111111
301 300 0.111111
303 300 0.111111
304 300 0.111111
405 300 0.111111
186 282 0.125
278 282 0.125
279 282 0.125
280 282 0.125
281 282 0.125
283 282 0.125
285 282 0.125
286 282 0.125
187 191 0.142857
188 191 0.142857
189 191 0.142857
192 191 0.142857
193 191 0.142857
194 191 0.142857
195 191 0.142857
187 340 0.111111
336 340 0.111111
337 340 0.111111
338 340 0.111111
339 340 0.111111
341 340 0.111111
342 340 0.111111
343 340 0.111111
344 340 0.111111
188 192 0.142857
189 192 0.142857
191 192 0.142857
193 192 0.142857
194 192 0.142857
195 192 0.142857
196 192 0.142857
189 193 0.142857
191 193 0.142857
192 193 0.142857
194 193 0.142857
195 193 0.142857
196 193 0.142857
197 193 0.142857
190 194 0.125
191 194 0.125
192 194 0.125
193 194 0.125
195 194 0.125
196 194 0.125
198 194 0.125
306 194 0.125
190 367 0.111111
363 367 0.111111
364 367 0.111111
365 367 0.111111
366 367 0.111111
368 367 0.111111
369 367 0.111111
370 367 0.111111
371 367 0.111111
190 291 0.111111
287 291 0.111111
288 291 0.111111
289 291 0.111111
290 291 0.111111
292 291 0.111111
293 291 0.111111
295 291 0.111111
351 291 0.111111
191 195 0.125
192 195 0.125
193 195 0.125
194 195 0.125
196 195 0.125
197 195 0.125
198 195 0.125
199 195 0.125
192 196 0.125
193 196 0.125
194 196 0.125
195 196 0.125
197 196 0.125
198 196 0.125
199 196 0.125
200 196 0.125
193 197 0.142857
195 197 0.142857
196 197 0.142857
198 197 0.142857
199 197 0.142857
200 197 0.142857
201 197 0.142857
194 306 0.111111
302 306 0.111111
303 306 0.111111
304 306 0.111111
305 306 0.111111
307 306 0.111111
308 306 0.111111
310 306 0.111111
335 306 0.111111
195 199 0.111111
196 199 0.111111
197 199 0.111111
198 199 0.111111
200 199 0.111111
201 199 0.111111
202 199 0.111111
203 199 0.111111
342 199 0.111111
197 201 0.125
198 201 0.125
199 201 0.125
202 201 0.125
203 201 0.125
204 201 0.125
205 201 0.125
384 201 0.125
198 202 0.125
199 202 0.125
200 202 0.125
201 202 0.125
203 202 0.125
204 202 0.125
205 202 0.125
206 202 0.125
199 342 0.1
338 342 0.1
339 342 0.1
340 342 0.1
341 342 0.1
343 342 0.1
345 342 0.1
346 342 0.1
371 342 0.1
400 342 0.1
200 204 0.125
201 204 0.125
202 204 0.125
203 204 0.125
205 204 0.125
206 204 0.125
207 204 0.125
208 204 0.125
200 388 0.142857
385 388 0.142857
386 388 0.142857
387 388 0.142857
389 388 0.142857
391 388 0.142857
392 388 0.142857
201 205 0.125
202 205 0.125
203 205 0.125
204 205 0.125
206 205 0.125
207 205 0.125
208 205 0.125
209 205 0.125
202 206 0.111111
203 206 0.111111
204 206 0.111111
205 206 0.111111
207 206 0.111111
209 206 0.111111
210 206 0.111111
246 206 0.111111
403 206 0.111111
203 207 0.125
204 207 0.125
205 207 0.125
206 207 0.125
208 207 0.125
209 207 0.125
210 207 0.125
211 207 0.125
204 208 0.142857
205 208 0.142857
207 208 0.142857
209 208 0.142857
210 208 0.142857
211 208 0.142857
212 208 0.142857
205 209 0.125
206 209 0.125
207 209 0.125
208 209 0.125
210 209 0.125
211 209 0.125
212 209 0.125
213 209 0.125
206 403 0.125
399 403 0.125
401 403 0.125
402 403 0.125
404 403 0.125
405 403 0.125
406 403 0.125
407 403 0.125
207 211 0.142857
208 211 0.142857
209 211 0.142857
212 211 0.142857
213 211 0.142857
214 211 0.142857
215 211 0.142857
208 212 0.125
209 212 0.125
210 212 0.125
211 212 0.125
213 212 0.125
215 212 0.125
216 212 0.125
326 212 0.125
209 213 0.125
210 213 0.125
211 213 0.125
212 213 0.125
214 213 0.125
215 213 0.125
217 213 0.125
262 213 0.125
212 216 0.142857
214 216 0.142857
215 216 0.142857
217 216 0.142857
218 216 0.142857
219 216 0.142857
220 216 0.142857
212 326 0.125
323 326 0.125
324 326 0.125
325 326 0.125
327 326 0.125
328 326 0.125
329 326 0.125
330 326 0.125
213 217 0.125
214 217 0.125
215 217 0.125
216 217 0.125
218 217 0.125
220 217 0.125
221 217 0.125
270 217 0.125
213 262 0.142857
259 262 0.142857
261 262 0.142857
263 262 0.142857
264 262 0.142857
265 262 0.142857
266 262 0.142857
214 218 0.125
215 218 0.125
216 218 0.125
217 218 0.125
219 218 0.125
220 218 0.125
221 218 0.125
222 218 0.125
214 261 0.1
257 261 0.1
258 261 0.1
259 261 0.1
260 261 0.1
262 261 0.1
263 261 0.1
264 261 0.1
265 261 0.1
431 261 0.1
214 382 0.125
378 382 0.125
379 382 0.125
380 382 0.125
381 382 0.125
384 382 0.125
386 382 0.125
424 382 0.125
216 219 0.166667
218 219 0.166667
220 219 0.166667
221 219 0.166667
222 219 0.166667
223 219 0.166667
216 220 0.125
217 220 0.125
218 220 0.125
219 220 0.125
221 220 0.125
222 220 0.125
223 220 0.125
224 220 0.125
217 270 0.111111
266 270 0.111111
267 270 0.111111
268 270 0.111111
269 270 0.111111
271 270 0.111111
272 270 0.111111
273 270 0.111111
274 270 0.111111
218 222 0.125
219 222 0.125
220 222 0.125
221 222 0.125
223 222 0.125
224 222 0.125
225 222 0.125
226 222 0.125
219 223 0.125
220 223 0.125
221 223 0.125
222 223 0.125
224 223 0.125
225 223 0.125
227 223 0.125
398 223 0.125
220 224 0.125
221 224 0.125
222 224 0.125
223 224 0.125
225 224 0.125
226 224 0.125
227 224 0.125
228 224 0.125
221 225 0.125
222 225 0.125
223 225 0.125
224 225 0.125
226 225 0.125
227 225 0.125
228 225 0.125
229 225 0.125
221 310 0.142857
252 310 0.142857
306 310 0.142857
307 310 0.142857
308 310 0.142857
311 310 0.142857
313 310 0.142857
223 227 0.125
224 227 0.125
225 227 0.125
226 227 0.125
228 227 0.125
229 227 0.125
230 227 0.125
231 227 0.125
223 398 0.1
394 398 0.1
395 398 0.1
396 398 0.1
397 398 0.1
399 398 0.1
400 398 0.1
401 398 0.1
402 398 0.1
427 398 0.1
225 229 0.125
226 229 0.125
227 229 0.125
230 229 0.125
231 229 0.125
232 229 0.125
233 229 0.125
253 229 0.125
226 391 0.125
369 391 0.125
387 391 0.125
388 391 0.125
389 391 0.125
390 391 0.125
394 391 0.125
395 391 0.125
227 231 0.142857
229 231 0.142857
232 231 0.142857
233 231 0.142857
234 231 0.142857
235 231 0.142857
314 231 0.142857
228 232 0.125
229 232 0.125
230 232 0.125
231 232 0.125
233 232 0.125
234 232 0.125
235 232 0.125
236 232 0.125
229 233 0.125
230 233 0.125
231 233 0.125
232 233 0.125
234 233 0.125
235 233 0.125
236 233 0.125
237 233 0.125
229 253 0.166667
249 253 0.166667
250 253 0.166667
255 253 0.166667
256 253 0.166667
257 253 0.166667
230 234 0.125
231 234 0.125
232 234 0.125
233 234 0.125
235 234 0.125
236 234 0.125
237 234 0.125
238 234 0.125
231 235 0.125
232 235 0.125
233 235 0.125
234 235 0.125
236 235 0.125
237 235 0.125
238 235 0.125
239 235 0.125
231 314 0.142857
312 314 0.142857
313 314 0.142857
315 314 0.142857
316 314 0.142857
318 314 0.142857
376 314 0.142857
232 236 0.125
233 236 0.125
234 236 0.125
235 236 0.125
237 236 0.125
238 236 0.125
239 236 0.125
240 236 0.125
233 237 0.125
234 237 0.125
235 237 0.125
236 237 0.125
238 237 0.125
239 237 0.125
241 237 0.125
348 237 0.125
234 238 0.125
235 238 0.125
236 238 0.125
237 238 0.125
239 238 0.125
240 238 0.125
241 238 0.125
242 238 0.125
235 239 0.125
236 239 0.125
237 239 0.125
238 239 0.125
240 239 0.125
241 239 0.125
242 239 0.125
439 239 0.125
236 240 0.142857
238 240 0.142857
239 240 0.142857
241 240 0.142857
242 240 0.142857
243 240 0.142857
244 240 0.142857
237 241 0.125
238 241 0.125
239 241 0.125
240 241 0.125
242 241 0.125
243 241 0.125
244 241 0.125
245 241 0.125
238 242 0.125
239 242 0.125
240 242 0.125
241 242 0.125
243 242 0.125
244 242 0.125
245 242 0.125
246 242 0.125
239 439 0.111111
435 439 0.111111
436 439 0.111111
437 439 0.111111
438 439 0.111111
440 439 0.111111
441 439 0.111111
442 439 0.111111
443 439 0.111111
240 244 0.125
241 244 0.125
242 244 0.125
243 244 0.125
245 244 0.125
246 244 0.125
247 244 0.125
248 244 0.125
244 247 0.166667
245 247 0.166667
248 247 0.166667
249 247 0.166667
250 247 0.166667
251 247 0.166667
245 249 0.142857
247 249 0.142857
248 249 0.142857
250 249 0.142857
251 249 0.142857
252 249 0.142857
253 249 0.142857
246 250 0.125
247 250 0.125
248 250 0.125
249 250 0.125
251 250 0.125
252 250 0.125
253 250 0.125
318 250 0.125
247 251 0.125
248 251 0.125
249 251 0.125
250 251 0.125
252 251 0.125
254 251 0.125
255 251 0.125
264 251 0.125
248 252 0.111111
249 252 0.111111
250 252 0.111111
251 252 0.111111
254 252 0.111111
255 252 0.111111
256 252 0.111111
265 252 0.111111
310 252 0.111111
250 318 0.111111
307 318 0.111111
314 318 0.111111
315 318 0.111111
316 318 0.111111
317 318 0.111111
319 318 0.111111
321 318 0.111111
322 318 0.111111
251 255 0.142857
252 255 0.142857
253 255 0.142857
256 255 0.142857
257 255 0.142857
258 255 0.142857
259 255 0.142857
251 264 0.111111
260 264 0.111111
261 264 0.111111
262 264 0.111111
263 264 0.111111
265 264 0.111111
266 264 0.111111
267 264 0.111111
268 264 0.111111
252 256 0.125
253 256 0.125
254 256 0.125
255 256 0.125
257 256 0.125
258 256 0.125
259 256 0.125
260 256 0.125
252 265 0.111111
261 265 0.111111
262 265 0.111111
263 265 0.111111
264 265 0.111111
266 265 0.111111
267 265 0.111111
268 265 0.111111
269 265 0.111111
253 257 0.125
254 257 0.125
255 257 0.125
256 257 0.125
258 257 0.125
259 257 0.125
260 257 0.125
261 257 0.125
260 269 0.142857
265 269 0.142857
266 269 0.142857
268 269 0.142857
270 269 0.142857
271 269 0.142857
273 269 0.142857
261 263 0.166667
262 263 0.166667
264 263 0.166667
265 263 0.166667
266 263 0.166667
267 263 0.166667
261 431 0.125
427 431 0.125
428 431 0.125
429 431 0.125
430 431 0.125
433 431 0.125
434 431 0.125
435 431 0.125
262 266 0.125
263 266 0.125
264 266 0.125
265 266 0.125
267 266 0.125
268 266 0.125
269 266 0.125
270 266 0.125
263 267 0.125
264 267 0.125
265 267 0.125
266 267 0.125
268 267 0.125
270 267 0.125
271 267 0.125
299 267 0.125
264 268 0.125
265 268 0.125
266 268 0.125
267 268 0.125
269 268 0.125
270 268 0.125
271 268 0.125
272 268 0.125
268 272 0.142857
270 272 0.142857
271 272 0.142857
273 272 0.142857
274 272 0.142857
275 272 0.142857
276 272 0.142857
270 274 0.142857
271 274 0.142857
272 274 0.142857
275 274 0.142857
276 274 0.142857
277 274 0.142857
278 274 0.142857
271 370 0.1
366 370 0.1
367 370 0.1
368 370 0.1
369 370 0.1
371 370 0.1
372 370 0.1
373 370 0.1
374 370 0.1
392 370 0.1
272 275 0.125
273 275 0.125
274 275 0.125
276 275 0.125
277 275 0.125
278 275 0.125
279 275 0.125
389 275 0.125
272 276 0.125
273 276 0.125
274 276 0.125
275 276 0.125
277 276 0.125
278 276 0.125
279 276 0.125
280 276 0.125
273 277 0.125
274 277 0.125
275 277 0.125
276 277 0.125
278 277 0.125
279 277 0.125
280 277 0.125
281 277 0.125
274 278 0.125
275 278 0.125
276 278 0.125
277 278 0.125
279 278 0.125
280 278 0.125
281 278 0.125
282 278 0.125
275 389 0.125
385 389 0.125
386 389 0.125
387 389 0.125
388 389 0.125
390 389 0.125
391 389 0.125
393 389 0.125
276 280 0.125
277 280 0.125
278 280 0.125
279 280 0.125
281 280 0.125
282 280 0.125
283 280 0.125
284 280 0.125
277 281 0.125
278 281 0.125
279 281 0.125
280 281 0.125
282 281 0.125
283 281 0.125
284 281 0.125
285 281 0.125
279 283 0.125
280 283 0.125
281 283 0.125
282 283 0.125
284 283 0.125
285 283 0.125
286 283 0.125
287 283 0.125
280 284 0.142857
281 284 0.142857
283 284 0.142857
285 284 0.142857
286 284 0.142857
287 284 0.142857
288 284 0.142857
281 285 0.125
282 285 0.125
283 285 0.125
284 285 0.125
286 285 0.125
287 285 0.125
288 285 0.125
289 285 0.125
283 287 0.125
284 287 0.125
285 287 0.125
286 287 0.125
288 287 0.125
289 287 0.125
290 287 0.125
291 287 0.125
284 288 0.125
285 288 0.125
286 288 0.125
287 288 0.125
289 288 0.125
290 288 0.125
291 288 0.125
292 288 0.125
285 289 0.125
286 289 0.125
287 289 0.125
288 289 0.125
290 289 0.125
291 289 0.125
292 289 0.125
293 289 0.125
286 290 0.111111
287 290 0.111111
288 290 0.111111
289 290 0.111111
291 290 0.111111
292 290 0.111111
293 290 0.111111
294 290 0.111111
440 290 0.111111
288 292 0.125
289 292 0.125
290 292 0.125
291 292 0.125
293 292 0.125
294 292 0.125
295 292 0.125
296 292 0.125
289 293 0.125
290 293 0.125
291 293 0.125
292 293 0.125
294 293 0.125
295 293 0.125
296 293 0.125
297 293 0.125
290 294 0.142857
292 294 0.142857
293 294 0.142857
295 294 0.142857
296 294 0.142857
297 294 0.142857
298 294 0.142857
290 440 0.125
436 440 0.125
437 440 0.125
438 440 0.125
439 440 0.125
441 440 0.125
442 440 0.125
443 440 0.125
291 295 0.125
292 295 0.125
293 295 0.125
294 295 0.125
296 295 0.125
297 295 0.125
298 295 0.125
299 295 0.125
291 351 0.111111
347 351 0.111111
348 351 0.111111
349 351 0.111111
350 351 0.111111
352 351 0.111111
353 351 0.111111
354 351 0.111111
355 351 0.111111
292 296 0.111111
293 296 0.111111
294 296 0.111111
295 296 0.111111
297 296 0.111111
298 296 0.111111
299 296 0.111111
300 296 0.111111
308 296 0.111111
293 297 0.1
294 297 0.1
295 297 0.1
296 297 0.1
298 297 0.1
299 297 0.1
300 297 0.1
301 297 0.1
368 297 0.1
434 297 0.1
294 298 0.1
295 298 0.1
296 298 0.1
297 298 0.1
299 298 0.1
300 298 0.1
301 298 0.1
302 298 0.1
337 298 0.1
376 298 0.1
297 368 0.125
364 368 0.125
365 368 0.125
366 368 0.125
367 368 0.125
370 368 0.125
371 368 0.125
372 368 0.125
297 434 0.125
430 434 0.125
431 434 0.125
432 434 0.125
433 434 0.125
435 434 0.125
437 434 0.125
438 434 0.125
298 302 0.142857
299 302 0.142857
301 302 0.142857
303 302 0.142857
304 302 0.142857
305 302 0.142857
306 302 0.142857
298 337 0.125
333 337 0.125
334 337 0.125
335 337 0.125
336 337 0.125
338 337 0.125
340 337 0.125
341 337 0.125
298 376 0.142857
314 376 0.142857
372 376 0.142857
373 376 0.142857
374 376 0.142857
378 376 0.142857
379 376 0.142857
299 303 0.125
300 303 0.125
301 303 0.125
302 303 0.125
304 303 0.125
305 303 0.125
306 303 0.125
307 303 0.125
300 405 0.111111
401 405 0.111111
402 405 0.111111
403 405 0.111111
404 405 0.111111
406 405 0.111111
407 405 0.111111
408 405 0.111111
430 405 0.111111
301 305 0.125
302 305 0.125
303 305 0.125
304 305 0.125
306 305 0.125
307 305 0.125
308 305 0.125
309 305 0.125
303 307 0.125
305 307 0.125
306 307 0.125
308 307 0.125
309 307 0.125
310 307 0.125
311 307 0.125
318 307 0.125
305 309 0.166667
307 309 0.166667
311 309 0.166667
312 309 0.166667
313 309 0.166667
372 309 0.166667
306 335 0.111111
331 335 0.111111
332 335 0.111111
333 335 0.111111
334 335 0.111111
336 335 0.111111
337 335 0.111111
338 335 0.111111
339 335 0.111111
308 312 0.142857
309 312 0.142857
311 312 0.142857
313 312 0.142857
314 312 0.142857
315 312 0.142857
316 312 0.142857
309 372 0.125
368 372 0.125
370 372 0.125
371 372 0.125
373 372 0.125
374 372 0.125
375 372 0.125
376 372 0.125
311 315 0.125
312 315 0.125
313 315 0.125
314 315 0.125
316 315 0.125
317 315 0.125
318 315 0.125
319 315 0.125
311 334 0.125
330 334 0.125
331 334 0.125
333 334 0.125
335 334 0.125
336 334 0.125
337 334 0.125
338 334 0.125
312 316 0.125
313 316 0.125
314 316 0.125
315 316 0.125
317 316 0.125
318 316 0.125
319 316 0.125
320 316 0.125
315 317 0.166667
316 317 0.166667
318 317 0.166667
319 317 0.166667
320 317 0.166667
321 317 0.166667
315 319 0.125
316 319 0.125
317 319 0.125
318 319 0.125
320 319 0.125
321 319 0.125
322 319 0.125
323 319 0.125
316 320 0.142857
317 320 0.142857
319 320 0.142857
321 320 0.142857
322 320 0.142857
323 320 0.142857
324 320 0.142857
317 321 0.125
318 321 0.125
319 321 0.125
320 321 0.125
322 321 0.125
323 321 0.125
324 321 0.125
325 321 0.125
318 322 0.125
319 322 0.125
320 322 0.125
321 322 0.125
323 322 0.125
324 322 0.125
325 322 0.125
441 322 0.125
320 324 0.1
321 324 0.1
322 324 0.1
323 324 0.1
325 324 0.1
326 324 0.1
327 324 0.1
328 324 0.1
383 324 0.1
400 324 0.1
321 325 0.125
322 325 0.125
323 325 0.125
324 325 0.125
326 325 0.125
327 325 0.125
328 325 0.125
329 325 0.125
323 327 0.125
324 327 0.125
325 327 0.125
326 327 0.125
328 327 0.125
329 327 0.125
330 327 0.125
331 327 0.125
324 383 0.142857
379 383 0.142857
380 383 0.142857
381 383 0.142857
385 383 0.142857
386 383 0.142857
387 383 0.142857
324 400 0.125
342 400 0.125
396 400 0.125
397 400 0.125
398 400 0.125
399 400 0.125
401 400 0.125
402 400 0.125
325 329 0.142857
326 329 0.142857
327 329 0.142857
330 329 0.142857
331 329 0.142857
332 329 0.142857
333 329 0.142857
326 330 0.125
327 330 0.125
328 330 0.125
329 330 0.125
331 330 0.125
332 330 0.125
333 330 0.125
334 330 0.125
327 331 0.111111
328 331 0.111111
329 331 0.111111
330 331 0.111111
332 331 0.111111
333 331 0.111111
334 331 0.111111
335 331 0.111111
349 331 0.111111
329 333 0.142857
330 333 0.142857
331 333 0.142857
334 333 0.142857
335 333 0.142857
336 333 0.142857
337 333 0.142857
331 349 0.125
345 349 0.125
346 349 0.125
347 349 0.125
348 349 0.125
350 349 0.125
351 349 0.125
353 349 0.125
332 336 0.125
333 336 0.125
334 336 0.125
335 336 0.125
337 336 0.125
338 336 0.125
339 336 0.125
340 336 0.125
334 338 0.111111
335 338 0.111111
336 338 0.111111
337 338 0.111111
339 338 0.111111
340 338 0.111111
341 338 0.111111
342 338 0.111111
414 338 0.111111
335 339 0.142857
336 339 0.142857
338 339 0.142857
340 339 0.142857
341 339 0.142857
342 339 0.142857
343 339 0.142857
337 341 0.125
338 341 0.125
339 341 0.125
340 341 0.125
342 341 0.125
343 341 0.125
344 341 0.125
345 341 0.125
338 414 0.125
410 414 0.125
411 414 0.125
412 414 0.125
413 414 0.125
415 414 0.125
416 414 0.125
418 414 0.125
340 344 0.142857
341 344 0.142857
343 344 0.142857
345 344 0.142857
346 344 0.142857
347 344 0.142857
348 344 0.142857
341 345 0.125
342 345 0.125
343 345 0.125
344 345 0.125
346 345 0.125
347 345 0.125
348 345 0.125
349 345 0.125
342 346 0.125
343 346 0.125
344 346 0.125
345 346 0.125
347 346 0.125
348 346 0.125
349 346 0.125
350 346 0.125
342 371 0.125
367 371 0.125
368 371 0.125
369 371 0.125
370 371 0.125
372 371 0.125
373 371 0.125
374 371 0.125
343 347 0.125
344 347 0.125
345 347 0.125
346 347 0.125
348 347 0.125
349 347 0.125
350 347 0.125
351 347 0.125
346 350 0.142857
347 350 0.142857
349 350 0.142857
351 350 0.142857
352 350 0.142857
353 350 0.142857
354 350 0.142857
348 352 0.142857
350 352 0.142857
351 352 0.142857
353 352 0.142857
354 352 0.142857
355 352 0.142857
356 352 0.142857
349 353 0.125
350 353 0.125
351 353 0.125
352 353 0.125
354 353 0.125
356 353 0.125
357 353 0.125
412 353 0.125
350 354 0.125
351 354 0.125
352 354 0.125
353 354 0.125
355 354 0.125
356 354 0.125
357 354 0.125
358 354 0.125
351 355 0.142857
352 355 0.142857
354 355 0.142857
357 355 0.142857
358 355 0.142857
359 355 0.142857
428 355 0.142857
353 357 0.142857
354 357 0.142857
355 357 0.142857
358 357 0.142857
359 357 0.142857
360 357 0.142857
361 357 0.142857
354 358 0.125
355 358 0.125
356 358 0.125
357 358 0.125
359 358 0.125
360 358 0.125
361 358 0.125
362 358 0.125
355 428 0.111111
424 428 0.111111
425 428 0.111111
426 428 0.111111
427 428 0.111111
429 428 0.111111
430 428 0.111111
431 428 0.111111
432 428 0.111111
358 362 0.125
359 362 0.125
360 362 0.125
361 362 0.125
363 362 0.125
364 362 0.125
365 362 0.125
366 362 0.125
359 363 0.125
360 363 0.125
361 363 0.125
362 363 0.125
364 363 0.125
365 363 0.125
366 363 0.125
367 363 0.125
360 364 0.125
361 364 0.125
362 364 0.125
363 364 0.125
365 364 0.125
366 364 0.125
367 364 0.125
368 364 0.125
362 366 0.125
363 366 0.125
364 366 0.125
365 366 0.125
367 366 0.125
368 366 0.125
369 366 0.125
370 366 0.125
369 373 0.125
370 373 0.125
371 373 0.125
372 373 0.125
374 373 0.125
375 373 0.125
376 373 0.125
377 373 0.125
370 392 0.166667
388 392 0.166667
390 392 0.166667
393 392 0.166667
394 392 0.166667
395 392 0.166667
374 415 0.111111
411 415 0.111111
412 415 0.111111
413 415 0.111111
414 415 0.111111
416 415 0.111111
417 415 0.111111
418 415 0.111111
419 415 0.111111
375 378 0.142857
376 378 0.142857
377 378 0.142857
379 378 0.142857
380 378 0.142857
381 378 0.142857
382 378 0.142857
375 379 0.125
376 379 0.125
377 379 0.125
378 379 0.125
380 379 0.125
381 379 0.125
382 379 0.125
383 379 0.125
377 380 0.142857
378 380 0.142857
379 380 0.142857
381 380 0.142857
382 380 0.142857
383 380 0.142857
384 380 0.142857
381 385 0.166667
383 385 0.166667
386 385 0.166667
387 385 0.166667
388 385 0.166667
389 385 0.166667
382 424 0.125
421 424 0.125
422 424 0.125
423 424 0.125
425 424 0.125
426 424 0.125
427 424 0.125
428 424 0.125
383 387 0.125
384 387 0.125
385 387 0.125
386 387 0.125
388 387 0.125
389 387 0.125
390 387 0.125
391 387 0.125
389 393 0.142857
390 393 0.142857
392 393 0.142857
394 393 0.142857
395 393 0.142857
396 393 0.142857
397 393 0.142857
391 395 0.125
392 395 0.125
393 395 0.125
394 395 0.125
396 395 0.125
397 395 0.125
398 395 0.125
399 395 0.125
393 396 0.142857
394 396 0.142857
395 396 0.142857
397 396 0.142857
398 396 0.142857
399 396 0.142857
400 396 0.142857
393 397 0.125
394 397 0.125
395 397 0.125
396 397 0.125
398 397 0.125
399 397 0.125
400 397 0.125
401 397 0.125
395 399 0.125
396 399 0.125
397 399 0.125
398 399 0.125
400 399 0.125
401 399 0.125
402 399 0.125
403 399 0.125
398 402 0.125
399 402 0.125
400 402 0.125
401 402 0.125
403 402 0.125
404 402 0.125
405 402 0.125
406 402 0.125
398 427 0.142857
423 427 0.142857
424 427 0.142857
426 427 0.142857
428 427 0.142857
430 427 0.142857
431 427 0.142857
401 404 0.142857
402 404 0.142857
403 404 0.142857
405 404 0.142857
406 404 0.142857
407 404 0.142857
408 404 0.142857
404 408 0.142857
405 408 0.142857
407 408 0.142857
409 408 0.142857
410 408 0.142857
411 408 0.142857
412 408 0.142857
405 430 0.111111
426 430 0.111111
427 430 0.111111
428 430 0.111111
429 430 0.111111
431 430 0.111111
432 430 0.111111
433 430 0.111111
434 430 0.111111
406 409 0.166667
408 409 0.166667
410 409 0.166667
411 409 0.166667
412 409 0.166667
413 409 0.166667
406 410 0.125
407 410 0.125
408 410 0.125
409 410 0.125
411 410 0.125
412 410 0.125
413 410 0.125
414 410 0.125
406 418 0.111111
414 418 0.111111
415 418 0.111111
416 418 0.111111
417 418 0.111111
419 418 0.111111
420 418 0.111111
421 418 0.111111
422 418 0.111111
409 413 0.166667
410 413 0.166667
414 413 0.166667
415 413 0.166667
416 413 0.166667
417 413 0.166667
415 419 0.125
416 419 0.125
417 419 0.125
418 419 0.125
420 419 0.125
421 419 0.125
422 419 0.125
423 419 0.125
418 422 0.125
419 422 0.125
420 422 0.125
421 422 0.125
423 422 0.125
424 422 0.125
425 422 0.125
426 422 0.125
419 423 0.125
420 423 0.125
421 423 0.125
422 423 0.125
424 423 0.125
425 423 0.125
426 423 0.125
427 423 0.125
422 426 0.125
423 426 0.125
424 426 0.125
425 426 0.125
427 426 0.125
428 426 0.125
429 426 0.125
430 426 0.125
428 432 0.142857
429 432 0.142857
430 432 0.142857
433 432 0.142857
434 432 0.142857
435 432 0.142857
436 432 0.142857
431 435 0.125
432 435 0.125
433 435 0.125
434 435 0.125
436 435 0.125
437 435 0.125
438 435 0.125
439 435 0.125
434 438 0.142857
435 438 0.142857
436 438 0.142857
439 438 0.142857
440 438 0.142857
441 438 0.142857
442 438 0.142857
1 0 0.111111
447 0 0.111111
2 0 0.111111
446 0 0.111111
3 0 0.111111
445 0 0.111111
4 0 0.111111
444 0 0.111111
169 0 0.111111
