0 1 0.142857
3 1 0.142857
4 1 0.142857
434 1 0.142857
5 1 0.142857
433 1 0.142857
99 1 0.142857
0 435 0.142857
2 435 0.142857
3 435 0.142857
196 435 0.142857
431 435 0.142857
432 435 0.142857
434 435 0.142857
0 2 0.142857
3 2 0.142857
4 2 0.142857
435 2 0.142857
6 2 0.142857
434 2 0.142857
104 2 0.142857
0 434 0.125
1 434 0.125
2 434 0.125
430 434 0.125
431 434 0.125
432 434 0.125
433 434 0.125
435 434 0.125
0 3 0.125
1 3 0.125
2 3 0.125
4 3 0.125
5 3 0.125
6 3 0.125
435 3 0.125
123 3 0.125
0 433 0.1
1 433 0.1
225 433 0.1
342 433 0.1
366 433 0.1
414 433 0.1
429 433 0.1
430 433 0.1
431 433 0.1
434 433 0.1
0 4 0.125
1 4 0.125
2 4 0.125
3 4 0.125
5 4 0.125
6 4 0.125
7 4 0.125
8 4 0.125
0 288 0.142857
284 288 0.142857
285 288 0.142857
287 288 0.142857
289 288 0.142857
290 288 0.142857
291 288 0.142857
1 5 0.142857
3 5 0.142857
4 5 0.142857
6 5 0.142857
7 5 0.142857
8 5 0.142857
9 5 0.142857
1 99 0.125
95 99 0.125
96 99 0.125
97 99 0.125
100 99 0.125
101 99 0.125
102 99 0.125
103 99 0.125
2 6 0.125
3 6 0.125
4 6 0.125
5 6 0.125
7 6 0.125
8 6 0.125
9 6 0.125
10 6 0.125
2 104 0.111111
100 104 0.111111
101 104 0.111111
102 104 0.111111
103 104 0.111111
105 104 0.111111
106 104 0.111111
107 104 0.111111
108 104 0.111111
3 123 0.111111
38 123 0.111111
119 123 0.111111
120 123 0.111111
121 123 0.111111
124 123 0.111111
126 123 0.111111
127 123 0.111111
173 123 0.111111
4 7 0.125
5 7 0.125
6 7 0.125
8 7 0.125
9 7 0.125
11 7 0.125
431 7 0.125
370 7 0.125
4 8 0.125
5 8 0.125
6 8 0.125
7 8 0.125
9 8 0.125
10 8 0.125
11 8 0.125
12 8 0.125
5 9 0.125
6 9 0.125
7 9 0.125
8 9 0.125
10 9 0.125
11 9 0.125
13 9 0.125
168 9 0.125
6 10 0.142857
8 10 0.142857
9 10 0.142857
11 10 0.142857
12 10 0.142857
14 10 0.142857
265 10 0.142857
7 11 0.125
8 11 0.125
9 11 0.125
10 11 0.125
13 11 0.125
14 11 0.125
15 11 0.125
388 11 0.125
7 431 0.111111
427 431 0.111111
428 431 0.111111
429 431 0.111111
430 431 0.111111
432 431 0.111111
433 431 0.111111
434 431 0.111111
435 431 0.111111
7 370 0.125
226 370 0.125
366 370 0.125
367 370 0.125
368 370 0.125
369 370 0.125
372 370 0.125
374 370 0.125
8 12 0.142857
10 12 0.142857
14 12 0.142857
15 12 0.142857
16 12 0.142857
236 12 0.142857
322 12 0.142857
9 13 0.166667
11 13 0.166667
14 13 0.166667
15 13 0.166667
16 13 0.166667
369 13 0.166667
9 168 0.125
164 168 0.125
165 168 0.125
167 168 0.125
169 168 0.125
170 168 0.125
171 168 0.125
237 168 0.125
10 14 0.125
11 14 0.125
12 14 0.125
13 14 0.125
15 14 0.125
16 14 0.125
17 14 0.125
336 14 0.125
10 265 0.1
106 265 0.1
238 265 0.1
261 265 0.1
262 265 0.1
263 265 0.1
264 265 0.1
267 265 0.1
268 265 0.1
269 265 0.1
11 15 0.125
12 15 0.125
13 15 0.125
14 15 0.125
16 15 0.125
17 15 0.125
18 15 0.125
19 15 0.125
11 388 0.1
384 388 0.1
385 388 0.1
386 388 0.1
387 388 0.1
389 388 0.1
390 388 0.1
391 388 0.1
392 388 0.1
403 388 0.1
12 16 0.125
13 16 0.125
14 16 0.125
15 16 0.125
17 16 0.125
18 16 0.125
19 16 0.125
20 16 0.125
12 236 0.111111
232 236 0.111111
233 236 0.111111
234 236 0.111111
235 236 0.111111
237 236 0.111111
238 236 0.111111
239 236 0.111111
240 236 0.111111
12 322 0.125
21 322 0.125
318 322 0.125
319 322 0.125
320 322 0.125
321 322 0.125
325 322 0.125
326 322 0.125
13 369 0.111111
51 369 0.111111
365 369 0.111111
366 369 0.111111
367 369 0.111111
368 369 0.111111
370 369 0.111111
372 369 0.111111
373 369 0.111111
14 17 0.111111
15 17 0.111111
16 17 0.111111
18 17 0.111111
20 17 0.111111
21 17 0.111111
283 17 0.111111
107 17 0.111111
330 17 0.111111
14 336 0.111111
332 336 0.111111
333 336 0.111111
334 336 0.111111
337 336 0.111111
338 336 0.111111
339 336 0.111111
340 336 0.111111
378 336 0.111111
15 18 0.111111
16 18 0.111111
17 18 0.111111
19 18 0.111111
20 18 0.111111
21 18 0.111111
22 18 0.111111
392 18 0.111111
325 18 0.111111
15 19 0.142857
16 19 0.142857
18 19 0.142857
21 19 0.142857
22 19 0.142857
23 19 0.142857
77 19 0.142857
16 20 0.125
17 20 0.125
18 20 0.125
21 20 0.125
22 20 0.125
23 20 0.125
24 20 0.125
413 20 0.125
17 21 0.1
18 21 0.1
19 21 0.1
20 21 0.1
22 21 0.1
23 21 0.1
24 21 0.1
25 21 0.1
206 21 0.1
322 21 0.1
17 283 0.111111
279 283 0.111111
280 283 0.111111
281 283 0.111111
282 283 0.111111
284 283 0.111111
285 283 0.111111
286 283 0.111111
287 283 0.111111
17 107 0.142857
103 107 0.142857
104 107 0.142857
106 107 0.142857
108 107 0.142857
109 107 0.142857
206 107 0.142857
17 330 0.125
326 330 0.125
327 330 0.125
328 330 0.125
329 330 0.125
331 330 0.125
332 330 0.125
334 330 0.125
18 22 0.125
19 22 0.125
20 22 0.125
21 22 0.125
23 22 0.125
24 22 0.125
25 22 0.125
26 22 0.125
18 392 0.125
388 392 0.125
389 392 0.125
390 392 0.125
391 392 0.125
394 392 0.125
395 392 0.125
396 392 0.125
18 325 0.125
321 325 0.125
322 325 0.125
323 325 0.125
324 325 0.125
326 325 0.125
327 325 0.125
328 325 0.125
19 23 0.125
20 23 0.125
21 23 0.125
22 23 0.125
24 23 0.125
25 23 0.125
26 23 0.125
27 23 0.125
19 77 0.111111
73 77 0.111111
74 77 0.111111
75 77 0.111111
76 77 0.111111
78 77 0.111111
79 77 0.111111
80 77 0.111111
81 77 0.111111
20 24 0.125
21 24 0.125
22 24 0.125
23 24 0.125
25 24 0.125
26 24 0.125
27 24 0.125
28 24 0.125
20 413 0.125
409 413 0.125
410 413 0.125
411 413 0.125
412 413 0.125
415 413 0.125
416 413 0.125
417 413 0.125
21 25 0.111111
22 25 0.111111
23 25 0.111111
24 25 0.111111
26 25 0.111111
27 25 0.111111
28 25 0.111111
29 25 0.111111
30 25 0.111111
21 206 0.111111
107 206 0.111111
202 206 0.111111
203 206 0.111111
204 206 0.111111
205 206 0.111111
207 206 0.111111
209 206 0.111111
210 206 0.111111
22 26 0.125
23 26 0.125
24 26 0.125
25 26 0.125
27 26 0.125
28 26 0.125
29 26 0.125
30 26 0.125
23 27 0.125
24 27 0.125
25 27 0.125
26 27 0.125
28 27 0.125
29 27 0.125
30 27 0.125
31 27 0.125
24 28 0.111111
25 28 0.111111
26 28 0.111111
27 28 0.111111
29 28 0.111111
30 28 0.111111
31 28 0.111111
32 28 0.111111
153 28 0.111111
25 29 0.125
26 29 0.125
27 29 0.125
28 29 0.125
30 29 0.125
31 29 0.125
33 29 0.125
228 29 0.125
25 30 0.125
26 30 0.125
27 30 0.125
28 30 0.125
29 30 0.125
31 30 0.125
33 30 0.125
34 30 0.125
27 31 0.125
28 31 0.125
29 31 0.125
30 31 0.125
32 31 0.125
33 31 0.125
34 31 0.125
35 31 0.125
28 32 0.166667
31 32 0.166667
33 32 0.166667
34 32 0.166667
35 32 0.166667
36 32 0.166667
28 153 0.125
149 153 0.125
150 153 0.125
151 153 0.125
152 153 0.125
154 153 0.125
156 153 0.125
403 153 0.125
29 33 0.125
30 33 0.125
31 33 0.125
32 33 0.125
34 33 0.125
35 33 0.125
36 33 0.125
37 33 0.125
29 228 0.1
177 228 0.1
224 228 0.1
225 228 0.1
226 228 0.1
227 228 0.1
229 228 0.1
230 228 0.1
231 228 0.1
232 228 0.1
30 34 0.125
31 34 0.125
32 34 0.125
33 34 0.125
35 34 0.125
36 34 0.125
37 34 0.125
376 34 0.125
31 35 0.125
32 35 0.125
33 35 0.125
34 35 0.125
36 35 0.125
37 35 0.125
38 35 0.125
39 35 0.125
32 36 0.125
33 36 0.125
34 36 0.125
35 36 0.125
37 36 0.125
38 36 0.125
39 36 0.125
40 36 0.125
33 37 0.125
34 37 0.125
35 37 0.125
36 37 0.125
38 37 0.125
39 37 0.125
40 37 0.125
41 37 0.125
34 376 0.125
372 376 0.125
373 376 0.125
375 376 0.125
377 376 0.125
378 376 0.125
379 376 0.125
380 376 0.125
35 38 0.142857
36 38 0.142857
37 38 0.142857
40 38 0.142857
41 38 0.142857
42 38 0.142857
123 38 0.142857
35 39 0.142857
36 39 0.142857
37 39 0.142857
40 39 0.142857
41 39 0.142857
42 39 0.142857
43 39 0.142857
36 40 0.125
37 40 0.125
38 40 0.125
39 40 0.125
41 40 0.125
42 40 0.125
43 40 0.125
44 40 0.125
37 41 0.111111
38 41 0.111111
39 41 0.111111
40 41 0.111111
42 41 0.111111
44 41 0.111111
45 41 0.111111
281 41 0.111111
327 41 0.111111
38 42 0.125
39 42 0.125
40 42 0.125
41 42 0.125
43 42 0.125
44 42 0.125
45 42 0.125
46 42 0.125
39 43 0.125
40 43 0.125
42 43 0.125
44 43 0.125
45 43 0.125
46 43 0.125
47 43 0.125
155 43 0.125
40 44 0.125
41 44 0.125
42 44 0.125
43 44 0.125
45 44 0.125
46 44 0.125
47 44 0.125
48 44 0.125
41 45 0.125
42 45 0.125
43 45 0.125
44 45 0.125
46 45 0.125
47 45 0.125
48 45 0.125
49 45 0.125
41 281 0.111111
277 281 0.111111
278 281 0.111111
279 281 0.111111
280 281 0.111111
282 281 0.111111
283 281 0.111111
284 281 0.111111
285 281 0.111111
41 327 0.125
323 327 0.125
324 327 0.125
325 327 0.125
326 327 0.125
329 327 0.125
330 327 0.125
358 327 0.125
42 46 0.1
43 46 0.1
44 46 0.1
45 46 0.1
47 46 0.1
48 46 0.1
49 46 0.1
50 46 0.1
130 46 0.1
221 46 0.1
43 47 0.125
44 47 0.125
45 47 0.125
46 47 0.125
48 47 0.125
49 47 0.125
50 47 0.125
51 47 0.125
43 155 0.166667
151 155 0.166667
152 155 0.166667
157 155 0.166667
159 155 0.166667
239 155 0.166667
44 48 0.125
45 48 0.125
46 48 0.125
47 48 0.125
49 48 0.125
51 48 0.125
52 48 0.125
378 48 0.125
45 49 0.125
46 49 0.125
47 49 0.125
48 49 0.125
51 49 0.125
52 49 0.125
53 49 0.125
85 49 0.125
46 50 0.166667
47 50 0.166667
52 50 0.166667
53 50 0.166667
54 50 0.166667
275 50 0.166667
46 130 0.142857
126 130 0.142857
128 130 0.142857
129 130 0.142857
131 130 0.142857
133 130 0.142857
134 130 0.142857
46 221 0.125
217 221 0.125
218 221 0.125
219 221 0.125
220 221 0.125
222 221 0.125
223 221 0.125
225 221 0.125
47 51 0.125
48 51 0.125
49 51 0.125
53 51 0.125
54 51 0.125
55 51 0.125
83 51 0.125
369 51 0.125
48 52 0.142857
49 52 0.142857
50 52 0.142857
53 52 0.142857
55 52 0.142857
56 52 0.142857
409 52 0.142857
48 378 0.111111
336 378 0.111111
374 378 0.111111
375 378 0.111111
376 378 0.111111
377 378 0.111111
379 378 0.111111
381 378 0.111111
382 378 0.111111
49 53 0.125
50 53 0.125
51 53 0.125
52 53 0.125
54 53 0.125
55 53 0.125
56 53 0.125
57 53 0.125
49 85 0.111111
81 85 0.111111
82 85 0.111111
83 85 0.111111
84 85 0.111111
86 85 0.111111
87 85 0.111111
88 85 0.111111
89 85 0.111111
50 54 0.142857
51 54 0.142857
53 54 0.142857
55 54 0.142857
56 54 0.142857
58 54 0.142857
289 54 0.142857
50 275 0.125
272 275 0.125
273 275 0.125
274 275 0.125
276 275 0.125
277 275 0.125
279 275 0.125
324 275 0.125
51 55 0.125
52 55 0.125
53 55 0.125
54 55 0.125
57 55 0.125
58 55 0.125
59 55 0.125
389 55 0.125
51 83 0.111111
79 83 0.111111
81 83 0.111111
82 83 0.111111
84 83 0.111111
85 83 0.111111
87 83 0.111111
185 83 0.111111
280 83 0.111111
52 56 0.142857
53 56 0.142857
54 56 0.142857
58 56 0.142857
59 56 0.142857
60 56 0.142857
101 56 0.142857
52 409 0.111111
405 409 0.111111
406 409 0.111111
407 409 0.111111
408 409 0.111111
410 409 0.111111
411 409 0.111111
412 409 0.111111
413 409 0.111111
53 57 0.166667
55 57 0.166667
58 57 0.166667
59 57 0.166667
60 57 0.166667
61 57 0.166667
54 58 0.125
55 58 0.125
56 58 0.125
57 58 0.125
59 58 0.125
60 58 0.125
61 58 0.125
62 58 0.125
54 289 0.111111
285 289 0.111111
286 289 0.111111
287 289 0.111111
288 289 0.111111
290 289 0.111111
291 289 0.111111
292 289 0.111111
293 289 0.111111
55 59 0.111111
56 59 0.111111
57 59 0.111111
58 59 0.111111
60 59 0.111111
62 59 0.111111
63 59 0.111111
285 59 0.111111
210 59 0.111111
55 389 0.125
385 389 0.125
387 389 0.125
388 389 0.125
390 389 0.125
391 389 0.125
392 389 0.125
393 389 0.125
56 60 0.111111
57 60 0.111111
58 60 0.111111
59 60 0.111111
62 60 0.111111
63 60 0.111111
64 60 0.111111
341 60 0.111111
225 60 0.111111
56 101 0.111111
97 101 0.111111
98 101 0.111111
99 101 0.111111
100 101 0.111111
102 101 0.111111
103 101 0.111111
104 101 0.111111
105 101 0.111111
57 61 0.125
58 61 0.125
62 61 0.125
63 61 0.125
64 61 0.125
65 61 0.125
105 61 0.125
374 61 0.125
58 62 0.125
59 62 0.125
60 62 0.125
61 62 0.125
63 62 0.125
64 62 0.125
65 62 0.125
66 62 0.125
59 63 0.125
60 63 0.125
61 63 0.125
62 63 0.125
64 63 0.125
65 63 0.125
66 63 0.125
67 63 0.125
59 285 0.1
239 285 0.1
281 285 0.1
282 285 0.1
283 285 0.1
284 285 0.1
287 285 0.1
288 285 0.1
289 285 0.1
315 285 0.1
59 210 0.125
206 210 0.125
207 210 0.125
208 210 0.125
209 210 0.125
211 210 0.125
212 210 0.125
214 210 0.125
60 64 0.111111
61 64 0.111111
62 64 0.111111
63 64 0.111111
65 64 0.111111
66 64 0.111111
67 64 0.111111
198 64 0.111111
292 64 0.111111
60 341 0.125
337 341 0.125
339 341 0.125
340 341 0.125
342 341 0.125
343 341 0.125
344 341 0.125
345 341 0.125
60 225 0.125
221 225 0.125
222 225 0.125
223 225 0.125
224 225 0.125
227 225 0.125
228 225 0.125
433 225 0.125
61 65 0.125
62 65 0.125
63 65 0.125
64 65 0.125
66 65 0.125
67 65 0.125
68 65 0.125
69 65 0.125
61 105 0.111111
101 105 0.111111
103 105 0.111111
104 105 0.111111
106 105 0.111111
108 105 0.111111
109 105 0.111111
154 105 0.111111
214 105 0.111111
61 374 0.142857
370 374 0.142857
371 374 0.142857
373 374 0.142857
375 374 0.142857
377 374 0.142857
378 374 0.142857
62 66 0.125
63 66 0.125
64 66 0.125
65 66 0.125
67 66 0.125
68 66 0.125
69 66 0.125
70 66 0.125
63 67 0.125
64 67 0.125
65 67 0.125
66 67 0.125
68 67 0.125
69 67 0.125
70 67 0.125
71 67 0.125
64 198 0.125
111 198 0.125
195 198 0.125
196 198 0.125
197 198 0.125
199 198 0.125
201 198 0.125
202 198 0.125
64 292 0.111111
202 292 0.111111
289 292 0.111111
290 292 0.111111
291 292 0.111111
293 292 0.111111
294 292 0.111111
296 292 0.111111
424 292 0.111111
65 68 0.142857
66 68 0.142857
67 68 0.142857
69 68 0.142857
70 68 0.142857
71 68 0.142857
72 68 0.142857
65 69 0.125
66 69 0.125
67 69 0.125
68 69 0.125
70 69 0.125
71 69 0.125
72 69 0.125
73 69 0.125
66 70 0.111111
67 70 0.111111
68 70 0.111111
69 70 0.111111
71 70 0.111111
72 70 0.111111
73 70 0.111111
74 70 0.111111
347 70 0.111111
67 71 0.111111
68 71 0.111111
69 71 0.111111
70 71 0.111111
72 71 0.111111
73 71 0.111111
74 71 0.111111
75 71 0.111111
80 71 0.111111
68 72 0.125
69 72 0.125
70 72 0.125
71 72 0.125
73 72 0.125
74 72 0.125
75 72 0.125
76 72 0.125
69 73 0.125
70 73 0.125
71 73 0.125
72 73 0.125
74 73 0.125
75 73 0.125
76 73 0.125
77 73 0.125
70 74 0.125
71 74 0.125
72 74 0.125
73 74 0.125
75 74 0.125
76 74 0.125
77 74 0.125
78 74 0.125
70 347 0.142857
343 347 0.142857
344 347 0.142857
345 347 0.142857
348 347 0.142857
349 347 0.142857
351 347 0.142857
71 75 0.111111
72 75 0.111111
73 75 0.111111
74 75 0.111111
76 75 0.111111
77 75 0.111111
78 75 0.111111
79 75 0.111111
116 75 0.111111
71 80 0.111111
76 80 0.111111
77 80 0.111111
78 80 0.111111
79 80 0.111111
81 80 0.111111
82 80 0.111111
84 80 0.111111
184 80 0.111111
72 76 0.125
73 76 0.125
74 76 0.125
75 76 0.125
77 76 0.125
78 76 0.125
79 76 0.125
80 76 0.125
74 78 0.125
75 78 0.125
76 78 0.125
77 78 0.125
79 78 0.125
80 78 0.125
81 78 0.125
82 78 0.125
75 79 0.1
76 79 0.1
77 79 0.1
78 79 0.1
80 79 0.1
81 79 0.1
83 79 0.1
417 79 0.1
237 79 0.1
160 79 0.1
75 116 0.125
112 116 0.125
113 116 0.125
114 116 0.125
115 116 0.125
117 116 0.125
118 116 0.125
119 116 0.125
77 81 0.125
78 81 0.125
79 81 0.125
80 81 0.125
82 81 0.125
83 81 0.125
84 81 0.125
85 81 0.125
78 82 0.142857
80 82 0.142857
81 82 0.142857
83 82 0.142857
84 82 0.142857
85 82 0.142857
86 82 0.142857
79 417 0.125
413 417 0.125
414 417 0.125
415 417 0.125
416 417 0.125
418 417 0.125
420 417 0.125
421 417 0.125
79 237 0.1
100 237 0.1
168 237 0.1
233 237 0.1
234 237 0.1
235 237 0.1
236 237 0.1
238 237 0.1
239 237 0.1
240 237 0.1
79 160 0.125
156 160 0.125
157 160 0.125
158 160 0.125
159 160 0.125
161 160 0.125
162 160 0.125
164 160 0.125
80 84 0.125
81 84 0.125
82 84 0.125
83 84 0.125
85 84 0.125
86 84 0.125
87 84 0.125
88 84 0.125
80 184 0.111111
180 184 0.111111
181 184 0.111111
182 184 0.111111
183 184 0.111111
185 184 0.111111
186 184 0.111111
188 184 0.111111
407 184 0.111111
82 86 0.142857
84 86 0.142857
85 86 0.142857
89 86 0.142857
90 86 0.142857
233 86 0.142857
399 86 0.142857
83 87 0.142857
84 87 0.142857
85 87 0.142857
88 87 0.142857
89 87 0.142857
90 87 0.142857
91 87 0.142857
83 185 0.125
152 185 0.125
181 185 0.125
183 185 0.125
184 185 0.125
186 185 0.125
188 185 0.125
390 185 0.125
83 280 0.1
276 280 0.1
277 280 0.1
278 280 0.1
279 280 0.1
281 280 0.1
282 280 0.1
283 280 0.1
284 280 0.1
286 280 0.1
84 88 0.142857
85 88 0.142857
87 88 0.142857
89 88 0.142857
90 88 0.142857
91 88 0.142857
92 88 0.142857
85 89 0.111111
86 89 0.111111
87 89 0.111111
88 89 0.111111
90 89 0.111111
91 89 0.111111
92 89 0.111111
93 89 0.111111
264 89 0.111111
86 90 0.125
87 90 0.125
88 90 0.125
89 90 0.125
91 90 0.125
92 90 0.125
93 90 0.125
94 90 0.125
86 233 0.125
229 233 0.125
231 233 0.125
232 233 0.125
234 233 0.125
235 233 0.125
236 233 0.125
237 233 0.125
86 399 0.125
395 399 0.125
396 399 0.125
397 399 0.125
400 399 0.125
401 399 0.125
402 399 0.125
403 399 0.125
87 91 0.125
88 91 0.125
89 91 0.125
90 91 0.125
92 91 0.125
93 91 0.125
94 91 0.125
95 91 0.125
88 92 0.111111
89 92 0.111111
90 92 0.111111
91 92 0.111111
93 92 0.111111
94 92 0.111111
95 92 0.111111
96 92 0.111111
194 92 0.111111
89 93 0.125
90 93 0.125
91 93 0.125
92 93 0.125
94 93 0.125
95 93 0.125
97 93 0.125
204 93 0.125
89 264 0.111111
260 264 0.111111
261 264 0.111111
262 264 0.111111
263 264 0.111111
265 264 0.111111
266 264 0.111111
267 264 0.111111
313 264 0.111111
90 94 0.111111
91 94 0.111111
92 94 0.111111
93 94 0.111111
95 94 0.111111
96 94 0.111111
97 94 0.111111
98 94 0.111111
432 94 0.111111
91 95 0.125
92 95 0.125
93 95 0.125
94 95 0.125
96 95 0.125
97 95 0.125
98 95 0.125
99 95 0.125
92 96 0.142857
94 96 0.142857
95 96 0.142857
97 96 0.142857
98 96 0.142857
99 96 0.142857
100 96 0.142857
92 194 0.142857
190 194 0.142857
191 194 0.142857
192 194 0.142857
195 194 0.142857
196 194 0.142857
197 194 0.142857
93 97 0.125
94 97 0.125
95 97 0.125
96 97 0.125
98 97 0.125
99 97 0.125
100 97 0.125
101 97 0.125
93 204 0.1
132 204 0.1
200 204 0.1
201 204 0.1
202 204 0.1
203 204 0.1
205 204 0.1
206 204 0.1
207 204 0.1
208 204 0.1
94 98 0.125
95 98 0.125
96 98 0.125
97 98 0.125
100 98 0.125
101 98 0.125
102 98 0.125
158 98 0.125
94 432 0.142857
178 432 0.142857
428 432 0.142857
429 432 0.142857
431 432 0.142857
434 432 0.142857
435 432 0.142857
96 100 0.111111
97 100 0.111111
98 100 0.111111
99 100 0.111111
101 100 0.111111
102 100 0.111111
103 100 0.111111
104 100 0.111111
237 100 0.111111
98 102 0.125
99 102 0.125
100 102 0.125
101 102 0.125
104 102 0.125
106 102 0.125
120 102 0.125
315 102 0.125
98 158 0.125
154 158 0.125
156 158 0.125
157 158 0.125
159 158 0.125
160 158 0.125
161 158 0.125
162 158 0.125
99 103 0.125
100 103 0.125
101 103 0.125
104 103 0.125
105 103 0.125
106 103 0.125
107 103 0.125
350 103 0.125
102 106 0.125
103 106 0.125
104 106 0.125
105 106 0.125
107 106 0.125
109 106 0.125
265 106 0.125
214 106 0.125
102 120 0.125
117 120 0.125
118 120 0.125
119 120 0.125
121 120 0.125
122 120 0.125
123 120 0.125
124 120 0.125
102 315 0.111111
124 315 0.111111
285 315 0.111111
311 315 0.111111
312 315 0.111111
313 315 0.111111
314 315 0.111111
316 315 0.111111
317 315 0.111111
103 350 0.142857
346 350 0.142857
348 350 0.142857
349 350 0.142857
351 350 0.142857
352 350 0.142857
354 350 0.142857
104 108 0.125
105 108 0.125
107 108 0.125
109 108 0.125
110 108 0.125
111 108 0.125
112 108 0.125
430 108 0.125
105 109 0.125
106 109 0.125
107 109 0.125
108 109 0.125
110 109 0.125
111 109 0.125
112 109 0.125
113 109 0.125
105 154 0.142857
150 154 0.142857
151 154 0.142857
153 154 0.142857
156 154 0.142857
158 154 0.142857
255 154 0.142857
105 214 0.111111
106 214 0.111111
193 214 0.111111
210 214 0.111111
211 214 0.111111
212 214 0.111111
213 214 0.111111
215 214 0.111111
216 214 0.111111
108 110 0.166667
109 110 0.166667
111 110 0.166667
112 110 0.166667
113 110 0.166667
114 110 0.166667
108 111 0.142857
109 111 0.142857
110 111 0.142857
112 111 0.142857
114 111 0.142857
115 111 0.142857
198 111 0.142857
108 112 0.125
109 112 0.125
110 112 0.125
111 112 0.125
113 112 0.125
114 112 0.125
115 112 0.125
116 112 0.125
108 430 0.125
426 430 0.125
427 430 0.125
428 430 0.125
429 430 0.125
431 430 0.125
433 430 0.125
434 430 0.125
109 113 0.125
110 113 0.125
112 113 0.125
115 113 0.125
116 113 0.125
117 113 0.125
384 113 0.125
398 113 0.125
110 114 0.111111
111 114 0.111111
112 114 0.111111
115 114 0.111111
116 114 0.111111
117 114 0.111111
166 114 0.111111
421 114 0.111111
335 114 0.111111
111 115 0.125
112 115 0.125
113 115 0.125
114 115 0.125
116 115 0.125
117 115 0.125
118 115 0.125
119 115 0.125
113 117 0.125
114 117 0.125
115 117 0.125
116 117 0.125
118 117 0.125
119 117 0.125
120 117 0.125
121 117 0.125
113 384 0.111111
375 384 0.111111
380 384 0.111111
381 384 0.111111
382 384 0.111111
383 384 0.111111
385 384 0.111111
387 384 0.111111
388 384 0.111111
113 398 0.111111
197 398 0.111111
394 398 0.111111
395 398 0.111111
396 398 0.111111
397 398 0.111111
400 398 0.111111
401 398 0.111111
402 398 0.111111
114 166 0.125
162 166 0.125
163 166 0.125
164 166 0.125
165 166 0.125
167 166 0.125
169 166 0.125
170 166 0.125
114 421 0.142857
417 421 0.142857
419 421 0.142857
420 421 0.142857
422 421 0.142857
424 421 0.142857
425 421 0.142857
114 335 0.111111
331 335 0.111111
332 335 0.111111
333 335 0.111111
334 335 0.111111
337 335 0.111111
338 335 0.111111
339 335 0.111111
355 335 0.111111
115 118 0.142857
116 118 0.142857
117 118 0.142857
119 118 0.142857
120 118 0.142857
121 118 0.142857
122 118 0.142857
115 119 0.125
116 119 0.125
117 119 0.125
118 119 0.125
120 119 0.125
121 119 0.125
122 119 0.125
123 119 0.125
117 121 0.125
118 121 0.125
119 121 0.125
120 121 0.125
122 121 0.125
123 121 0.125
124 121 0.125
125 121 0.125
118 122 0.090909
119 122 0.090909
120 122 0.090909
121 122 0.090909
124 122 0.090909
126 122 0.090909
176 122 0.090909
193 122 0.090909
305 122 0.090909
152 122 0.090909
224 122 0.090909
120 124 0.111111
121 124 0.111111
122 124 0.111111
123 124 0.111111
125 124 0.111111
126 124 0.111111
127 124 0.111111
128 124 0.111111
315 124 0.111111
121 125 0.166667
124 125 0.166667
126 125 0.166667
127 125 0.166667
128 125 0.166667
201 125 0.166667
122 126 0.125
123 126 0.125
124 126 0.125
125 126 0.125
127 126 0.125
128 126 0.125
129 126 0.125
130 126 0.125
122 176 0.111111
172 176 0.111111
173 176 0.111111
174 176 0.111111
175 176 0.111111
177 176 0.111111
178 176 0.111111
179 176 0.111111
180 176 0.111111
122 193 0.111111
189 193 0.111111
191 193 0.111111
192 193 0.111111
195 193 0.111111
196 193 0.111111
197 193 0.111111
214 193 0.111111
271 193 0.111111
122 305 0.142857
301 305 0.142857
302 305 0.142857
304 305 0.142857
307 305 0.142857
308 305 0.142857
309 305 0.142857
122 152 0.125
148 152 0.125
149 152 0.125
150 152 0.125
151 152 0.125
153 152 0.125
155 152 0.125
185 152 0.125
122 224 0.125
220 224 0.125
222 224 0.125
223 224 0.125
225 224 0.125
226 224 0.125
227 224 0.125
228 224 0.125
123 127 0.111111
124 127 0.111111
125 127 0.111111
126 127 0.111111
129 127 0.111111
131 127 0.111111
144 127 0.111111
354 127 0.111111
187 127 0.111111
123 173 0.111111
169 173 0.111111
171 173 0.111111
172 173 0.111111
175 173 0.111111
176 173 0.111111
177 173 0.111111
227 173 0.111111
404 173 0.111111
124 128 0.142857
125 128 0.142857
126 128 0.142857
129 128 0.142857
130 128 0.142857
131 128 0.142857
132 128 0.142857
125 201 0.111111
197 201 0.111111
198 201 0.111111
199 201 0.111111
202 201 0.111111
203 201 0.111111
204 201 0.111111
205 201 0.111111
408 201 0.111111
126 129 0.142857
127 129 0.142857
128 129 0.142857
130 129 0.142857
131 129 0.142857
132 129 0.142857
133 129 0.142857
127 131 0.111111
128 131 0.111111
129 131 0.111111
130 131 0.111111
132 131 0.111111
133 131 0.111111
135 131 0.111111
346 131 0.111111
400 131 0.111111
127 144 0.111111
140 144 0.111111
141 144 0.111111
142 144 0.111111
143 144 0.111111
145 144 0.111111
146 144 0.111111
147 144 0.111111
148 144 0.111111
127 354 0.125
350 354 0.125
351 354 0.125
352 354 0.125
353 354 0.125
356 354 0.125
357 354 0.125
358 354 0.125
127 187 0.142857
183 187 0.142857
186 187 0.142857
188 187 0.142857
189 187 0.142857
190 187 0.142857
191 187 0.142857
128 132 0.142857
129 132 0.142857
131 132 0.142857
133 132 0.142857
135 132 0.142857
136 132 0.142857
204 132 0.142857
129 133 0.125
130 133 0.125
131 133 0.125
132 133 0.125
134 133 0.125
135 133 0.125
136 133 0.125
137 133 0.125
130 134 0.166667
133 134 0.166667
135 134 0.166667
136 134 0.166667
137 134 0.166667
138 134 0.166667
131 135 0.125
132 135 0.125
133 135 0.125
134 135 0.125
136 135 0.125
137 135 0.125
138 135 0.125
139 135 0.125
131 346 0.142857
343 346 0.142857
344 346 0.142857
345 346 0.142857
348 346 0.142857
349 346 0.142857
350 346 0.142857
131 400 0.125
391 400 0.125
396 400 0.125
398 400 0.125
399 400 0.125
401 400 0.125
402 400 0.125
404 400 0.125
132 136 0.125
133 136 0.125
134 136 0.125
135 136 0.125
137 136 0.125
138 136 0.125
139 136 0.125
140 136 0.125
133 137 0.125
134 137 0.125
135 137 0.125
136 137 0.125
138 137 0.125
139 137 0.125
140 137 0.125
141 137 0.125
134 138 0.125
135 138 0.125
136 138 0.125
137 138 0.125
139 138 0.125
140 138 0.125
141 138 0.125
142 138 0.125
135 139 0.125
136 139 0.125
137 139 0.125
138 139 0.125
140 139 0.125
141 139 0.125
142 139 0.125
257 139 0.125
136 140 0.125
137 140 0.125
138 140 0.125
139 140 0.125
141 140 0.125
142 140 0.125
143 140 0.125
144 140 0.125
137 141 0.111111
138 141 0.111111
139 141 0.111111
140 141 0.111111
142 141 0.111111
143 141 0.111111
144 141 0.111111
145 141 0.111111
375 141 0.111111
138 142 0.125
139 142 0.125
140 142 0.125
141 142 0.125
143 142 0.125
144 142 0.125
145 142 0.125
146 142 0.125
139 257 0.111111
253 257 0.111111
254 257 0.111111
255 257 0.111111
256 257 0.111111
258 257 0.111111
259 257 0.111111
260 257 0.111111
261 257 0.111111
140 143 0.142857
141 143 0.142857
142 143 0.142857
144 143 0.142857
145 143 0.142857
146 143 0.142857
147 143 0.142857
141 145 0.125
142 145 0.125
143 145 0.125
144 145 0.125
146 145 0.125
147 145 0.125
148 145 0.125
149 145 0.125
141 375 0.111111
371 375 0.111111
372 375 0.111111
373 375 0.111111
374 375 0.111111
376 375 0.111111
378 375 0.111111
379 375 0.111111
384 375 0.111111
142 146 0.125
143 146 0.125
144 146 0.125
145 146 0.125
147 146 0.125
148 146 0.125
149 146 0.125
150 146 0.125
143 147 0.125
144 147 0.125
145 147 0.125
146 147 0.125
148 147 0.125
149 147 0.125
150 147 0.125
151 147 0.125
144 148 0.125
145 148 0.125
146 148 0.125
147 148 0.125
149 148 0.125
150 148 0.125
151 148 0.125
152 148 0.125
145 149 0.125
146 149 0.125
147 149 0.125
148 149 0.125
150 149 0.125
151 149 0.125
152 149 0.125
153 149 0.125
146 150 0.125
147 150 0.125
148 150 0.125
149 150 0.125
151 150 0.125
152 150 0.125
153 150 0.125
154 150 0.125
147 151 0.125
148 151 0.125
149 151 0.125
150 151 0.125
152 151 0.125
153 151 0.125
154 151 0.125
155 151 0.125
153 156 0.166667
154 156 0.166667
157 156 0.166667
158 156 0.166667
159 156 0.166667
160 156 0.166667
153 403 0.125
388 403 0.125
399 403 0.125
401 403 0.125
402 403 0.125
404 403 0.125
405 403 0.125
407 403 0.125
154 255 0.111111
251 255 0.111111
252 255 0.111111
254 255 0.111111
256 255 0.111111
257 255 0.111111
258 255 0.111111
259 255 0.111111
320 255 0.111111
155 157 0.142857
156 157 0.142857
158 157 0.142857
159 157 0.142857
160 157 0.142857
161 157 0.142857
209 157 0.142857
155 159 0.125
156 159 0.125
157 159 0.125
158 159 0.125
160 159 0.125
161 159 0.125
162 159 0.125
163 159 0.125
155 239 0.090909
235 239 0.090909
236 239 0.090909
237 239 0.090909
238 239 0.090909
240 239 0.090909
241 239 0.090909
242 239 0.090909
243 239 0.090909
285 239 0.090909
412 239 0.090909
157 161 0.125
158 161 0.125
159 161 0.125
160 161 0.125
162 161 0.125
163 161 0.125
164 161 0.125
165 161 0.125
157 209 0.125
205 209 0.125
206 209 0.125
210 209 0.125
212 209 0.125
213 209 0.125
217 209 0.125
286 209 0.125
158 162 0.125
159 162 0.125
160 162 0.125
161 162 0.125
163 162 0.125
164 162 0.125
165 162 0.125
166 162 0.125
159 163 0.142857
161 163 0.142857
162 163 0.142857
164 163 0.142857
165 163 0.142857
166 163 0.142857
167 163 0.142857
160 164 0.111111
161 164 0.111111
162 164 0.111111
163 164 0.111111
165 164 0.111111
166 164 0.111111
167 164 0.111111
168 164 0.111111
215 164 0.111111
161 165 0.125
162 165 0.125
163 165 0.125
164 165 0.125
166 165 0.125
167 165 0.125
168 165 0.125
169 165 0.125
163 167 0.125
164 167 0.125
165 167 0.125
166 167 0.125
168 167 0.125
169 167 0.125
170 167 0.125
175 167 0.125
164 215 0.125
211 215 0.125
212 215 0.125
213 215 0.125
214 215 0.125
217 215 0.125
219 215 0.125
304 215 0.125
165 169 0.125
166 169 0.125
167 169 0.125
168 169 0.125
170 169 0.125
171 169 0.125
172 169 0.125
173 169 0.125
166 170 0.125
167 170 0.125
168 170 0.125
169 170 0.125
172 170 0.125
174 170 0.125
217 170 0.125
386 170 0.125
167 175 0.111111
171 175 0.111111
172 175 0.111111
173 175 0.111111
174 175 0.111111
176 175 0.111111
177 175 0.111111
178 175 0.111111
179 175 0.111111
168 171 0.166667
169 171 0.166667
172 171 0.166667
173 171 0.166667
174 171 0.166667
175 171 0.166667
169 172 0.125
170 172 0.125
171 172 0.125
173 172 0.125
174 172 0.125
175 172 0.125
176 172 0.125
266 172 0.125
170 174 0.142857
171 174 0.142857
172 174 0.142857
175 174 0.142857
176 174 0.142857
177 174 0.142857
178 174 0.142857
170 217 0.125
209 217 0.125
213 217 0.125
215 217 0.125
216 217 0.125
219 217 0.125
220 217 0.125
221 217 0.125
170 386 0.125
216 386 0.125
382 386 0.125
383 386 0.125
385 386 0.125
387 386 0.125
388 386 0.125
390 386 0.125
172 266 0.142857
262 266 0.142857
263 266 0.142857
264 266 0.142857
267 266 0.142857
269 266 0.142857
270 266 0.142857
173 177 0.125
174 177 0.125
175 177 0.125
176 177 0.125
178 177 0.125
179 177 0.125
181 177 0.125
228 177 0.125
173 227 0.111111
223 227 0.111111
224 227 0.111111
225 227 0.111111
226 227 0.111111
228 227 0.111111
229 227 0.111111
230 227 0.111111
231 227 0.111111
173 404 0.125
400 404 0.125
401 404 0.125
402 404 0.125
403 404 0.125
405 404 0.125
406 404 0.125
408 404 0.125
174 178 0.111111
175 178 0.111111
176 178 0.111111
177 178 0.111111
179 178 0.111111
180 178 0.111111
181 178 0.111111
182 178 0.111111
432 178 0.111111
175 179 0.125
176 179 0.125
177 179 0.125
178 179 0.125
180 179 0.125
181 179 0.125
182 179 0.125
183 179 0.125
176 180 0.125
178 180 0.125
179 180 0.125
181 180 0.125
182 180 0.125
183 180 0.125
184 180 0.125
316 180 0.125
177 181 0.125
178 181 0.125
179 181 0.125
180 181 0.125
182 181 0.125
183 181 0.125
184 181 0.125
185 181 0.125
178 182 0.125
179 182 0.125
180 182 0.125
181 182 0.125
183 182 0.125
184 182 0.125
186 182 0.125
416 182 0.125
179 183 0.125
180 183 0.125
181 183 0.125
182 183 0.125
184 183 0.125
185 183 0.125
186 183 0.125
187 183 0.125
180 316 0.142857
312 316 0.142857
314 316 0.142857
315 316 0.142857
317 316 0.142857
318 316 0.142857
320 316 0.142857
182 186 0.125
183 186 0.125
184 186 0.125
185 186 0.125
187 186 0.125
188 186 0.125
189 186 0.125
190 186 0.125
182 416 0.142857
413 416 0.142857
415 416 0.142857
417 416 0.142857
418 416 0.142857
419 416 0.142857
420 416 0.142857
184 188 0.125
185 188 0.125
186 188 0.125
187 188 0.125
189 188 0.125
190 188 0.125
191 188 0.125
192 188 0.125
184 407 0.142857
403 407 0.142857
405 407 0.142857
406 407 0.142857
408 407 0.142857
409 407 0.142857
410 407 0.142857
185 390 0.111111
386 390 0.111111
387 390 0.111111
388 390 0.111111
389 390 0.111111
391 390 0.111111
392 390 0.111111
393 390 0.111111
394 390 0.111111
186 189 0.142857
187 189 0.142857
188 189 0.142857
190 189 0.142857
191 189 0.142857
192 189 0.142857
193 189 0.142857
186 190 0.125
187 190 0.125
188 190 0.125
189 190 0.125
191 190 0.125
192 190 0.125
194 190 0.125
195 190 0.125
187 191 0.125
188 191 0.125
189 191 0.125
190 191 0.125
192 191 0.125
193 191 0.125
194 191 0.125
195 191 0.125
188 192 0.125
189 192 0.125
190 192 0.125
191 192 0.125
193 192 0.125
194 192 0.125
195 192 0.125
196 192 0.125
190 195 0.111111
191 195 0.111111
192 195 0.111111
193 195 0.111111
194 195 0.111111
196 195 0.111111
197 195 0.111111
198 195 0.111111
199 195 0.111111
192 196 0.111111
193 196 0.111111
194 196 0.111111
195 196 0.111111
197 196 0.111111
198 196 0.111111
199 196 0.111111
200 196 0.111111
435 196 0.111111
193 197 0.125
194 197 0.125
195 197 0.125
196 197 0.125
198 197 0.125
199 197 0.125
201 197 0.125
398 197 0.125
193 271 0.125
267 271 0.125
268 271 0.125
269 271 0.125
270 271 0.125
272 271 0.125
273 271 0.125
274 271 0.125
195 199 0.125
196 199 0.125
197 199 0.125
198 199 0.125
201 199 0.125
202 199 0.125
203 199 0.125
422 199 0.125
196 200 0.2
202 200 0.2
203 200 0.2
204 200 0.2
250 200 0.2
198 202 0.125
199 202 0.125
200 202 0.125
201 202 0.125
204 202 0.125
205 202 0.125
206 202 0.125
292 202 0.125
199 203 0.142857
200 203 0.142857
201 203 0.142857
204 203 0.142857
205 203 0.142857
206 203 0.142857
207 203 0.142857
199 422 0.111111
418 422 0.111111
419 422 0.111111
420 422 0.111111
421 422 0.111111
423 422 0.111111
424 422 0.111111
425 422 0.111111
426 422 0.111111
200 250 0.111111
246 250 0.111111
247 250 0.111111
248 250 0.111111
249 250 0.111111
251 250 0.111111
252 250 0.111111
253 250 0.111111
254 250 0.111111
201 205 0.111111
202 205 0.111111
203 205 0.111111
204 205 0.111111
206 205 0.111111
207 205 0.111111
208 205 0.111111
209 205 0.111111
232 205 0.111111
201 408 0.125
404 408 0.125
405 408 0.125
406 408 0.125
407 408 0.125
409 408 0.125
411 408 0.125
412 408 0.125
203 207 0.111111
204 207 0.111111
205 207 0.111111
206 207 0.111111
210 207 0.111111
211 207 0.111111
396 207 0.111111
338 207 0.111111
249 207 0.111111
204 208 0.166667
205 208 0.166667
210 208 0.166667
211 208 0.166667
212 208 0.166667
273 208 0.166667
205 232 0.142857
228 232 0.142857
229 232 0.142857
230 232 0.142857
233 232 0.142857
234 232 0.142857
236 232 0.142857
207 211 0.142857
208 211 0.142857
210 211 0.142857
212 211 0.142857
213 211 0.142857
214 211 0.142857
215 211 0.142857
207 396 0.1
274 396 0.1
392 396 0.1
393 396 0.1
394 396 0.1
395 396 0.1
397 396 0.1
398 396 0.1
399 396 0.1
400 396 0.1
207 338 0.111111
334 338 0.111111
335 338 0.111111
336 338 0.111111
337 338 0.111111
339 338 0.111111
340 338 0.111111
342 338 0.111111
381 338 0.111111
207 249 0.125
245 249 0.125
246 249 0.125
247 249 0.125
248 249 0.125
250 249 0.125
251 249 0.125
252 249 0.125
208 212 0.125
209 212 0.125
210 212 0.125
211 212 0.125
213 212 0.125
214 212 0.125
215 212 0.125
216 212 0.125
208 273 0.111111
269 273 0.111111
270 273 0.111111
271 273 0.111111
272 273 0.111111
274 273 0.111111
275 273 0.111111
276 273 0.111111
277 273 0.111111
209 213 0.142857
211 213 0.142857
212 213 0.142857
214 213 0.142857
215 213 0.142857
216 213 0.142857
217 213 0.142857
209 286 0.142857
280 286 0.142857
282 286 0.142857
283 286 0.142857
284 286 0.142857
287 286 0.142857
289 286 0.142857
212 216 0.125
213 216 0.125
214 216 0.125
217 216 0.125
218 216 0.125
219 216 0.125
220 216 0.125
386 216 0.125
215 219 0.125
216 219 0.125
217 219 0.125
218 219 0.125
220 219 0.125
221 219 0.125
222 219 0.125
223 219 0.125
215 304 0.111111
300 304 0.111111
301 304 0.111111
302 304 0.111111
303 304 0.111111
305 304 0.111111
306 304 0.111111
307 304 0.111111
308 304 0.111111
216 218 0.2
219 218 0.2
220 218 0.2
221 218 0.2
222 218 0.2
216 220 0.125
217 220 0.125
218 220 0.125
219 220 0.125
221 220 0.125
222 220 0.125
223 220 0.125
224 220 0.125
218 222 0.125
219 222 0.125
220 222 0.125
221 222 0.125
223 222 0.125
224 222 0.125
225 222 0.125
226 222 0.125
219 223 0.125
220 223 0.125
221 223 0.125
222 223 0.125
224 223 0.125
225 223 0.125
226 223 0.125
227 223 0.125
222 226 0.125
223 226 0.125
224 226 0.125
227 226 0.125
228 226 0.125
229 226 0.125
230 226 0.125
370 226 0.125
226 229 0.142857
227 229 0.142857
228 229 0.142857
230 229 0.142857
231 229 0.142857
232 229 0.142857
233 229 0.142857
226 230 0.125
227 230 0.125
228 230 0.125
229 230 0.125
231 230 0.125
232 230 0.125
234 230 0.125
351 230 0.125
227 231 0.125
228 231 0.125
229 231 0.125
230 231 0.125
233 231 0.125
234 231 0.125
235 231 0.125
307 231 0.125
230 234 0.125
231 234 0.125
232 234 0.125
233 234 0.125
235 234 0.125
236 234 0.125
237 234 0.125
238 234 0.125
230 351 0.111111
347 351 0.111111
348 351 0.111111
349 351 0.111111
350 351 0.111111
352 351 0.111111
353 351 0.111111
354 351 0.111111
355 351 0.111111
231 235 0.142857
233 235 0.142857
234 235 0.142857
236 235 0.142857
237 235 0.142857
238 235 0.142857
239 235 0.142857
231 307 0.111111
303 307 0.111111
304 307 0.111111
305 307 0.111111
306 307 0.111111
308 307 0.111111
309 307 0.111111
310 307 0.111111
311 307 0.111111
234 238 0.111111
235 238 0.111111
236 238 0.111111
237 238 0.111111
239 238 0.111111
240 238 0.111111
241 238 0.111111
242 238 0.111111
265 238 0.111111
236 240 0.1
237 240 0.1
238 240 0.1
239 240 0.1
241 240 0.1
242 240 0.1
243 240 0.1
244 240 0.1
278 240 0.1
411 240 0.1
238 241 0.142857
239 241 0.142857
240 241 0.142857
242 241 0.142857
243 241 0.142857
244 241 0.142857
245 241 0.142857
238 242 0.125
239 242 0.125
240 242 0.125
241 242 0.125
243 242 0.125
244 242 0.125
245 242 0.125
246 242 0.125
239 243 0.125
240 243 0.125
241 243 0.125
242 243 0.125
244 243 0.125
245 243 0.125
246 243 0.125
247 243 0.125
239 412 0.125
408 412 0.125
409 412 0.125
410 412 0.125
411 412 0.125
413 412 0.125
414 412 0.125
415 412 0.125
240 244 0.125
241 244 0.125
242 244 0.125
243 244 0.125
245 244 0.125
246 244 0.125
247 244 0.125
248 244 0.125
240 278 0.125
274 278 0.125
276 278 0.125
277 278 0.125
280 278 0.125
281 278 0.125
282 278 0.125
372 278 0.125
240 411 0.142857
408 411 0.142857
409 411 0.142857
410 411 0.142857
412 411 0.142857
413 411 0.142857
414 411 0.142857
241 245 0.125
242 245 0.125
243 245 0.125
244 245 0.125
246 245 0.125
247 245 0.125
248 245 0.125
249 245 0.125
242 246 0.125
243 246 0.125
244 246 0.125
245 246 0.125
247 246 0.125
248 246 0.125
249 246 0.125
250 246 0.125
243 247 0.125
244 247 0.125
245 247 0.125
246 247 0.125
248 247 0.125
249 247 0.125
250 247 0.125
251 247 0.125
244 248 0.111111
245 248 0.111111
246 248 0.111111
247 248 0.111111
249 248 0.111111
250 248 0.111111
251 248 0.111111
252 248 0.111111
337 248 0.111111
247 251 0.125
248 251 0.125
249 251 0.125
250 251 0.125
252 251 0.125
253 251 0.125
254 251 0.125
255 251 0.125
248 252 0.125
249 252 0.125
250 252 0.125
251 252 0.125
253 252 0.125
254 252 0.125
255 252 0.125
256 252 0.125
248 337 0.111111
333 337 0.111111
334 337 0.111111
335 337 0.111111
336 337 0.111111
338 337 0.111111
339 337 0.111111
341 337 0.111111
348 337 0.111111
250 253 0.142857
251 253 0.142857
252 253 0.142857
254 253 0.142857
256 253 0.142857
257 253 0.142857
334 253 0.142857
250 254 0.125
251 254 0.125
252 254 0.125
253 254 0.125
255 254 0.125
256 254 0.125
257 254 0.125
258 254 0.125
252 256 0.125
253 256 0.125
254 256 0.125
255 256 0.125
257 256 0.125
258 256 0.125
259 256 0.125
260 256 0.125
253 334 0.111111
330 334 0.111111
331 334 0.111111
332 334 0.111111
333 334 0.111111
335 334 0.111111
336 334 0.111111
337 334 0.111111
338 334 0.111111
254 258 0.125
255 258 0.125
256 258 0.125
257 258 0.125
259 258 0.125
260 258 0.125
261 258 0.125
262 258 0.125
255 259 0.125
256 259 0.125
257 259 0.125
258 259 0.125
260 259 0.125
262 259 0.125
263 259 0.125
383 259 0.125
255 320 0.125
316 320 0.125
317 320 0.125
318 320 0.125
319 320 0.125
321 320 0.125
322 320 0.125
324 320 0.125
256 260 0.125
257 260 0.125
258 260 0.125
259 260 0.125
261 260 0.125
262 260 0.125
263 260 0.125
264 260 0.125
257 261 0.142857
258 261 0.142857
260 261 0.142857
262 261 0.142857
263 261 0.142857
264 261 0.142857
265 261 0.142857
258 262 0.125
259 262 0.125
260 262 0.125
261 262 0.125
263 262 0.125
264 262 0.125
265 262 0.125
266 262 0.125
259 263 0.125
260 263 0.125
261 263 0.125
262 263 0.125
264 263 0.125
265 263 0.125
266 263 0.125
267 263 0.125
259 383 0.111111
379 383 0.111111
380 383 0.111111
381 383 0.111111
382 383 0.111111
384 383 0.111111
385 383 0.111111
386 383 0.111111
387 383 0.111111
263 267 0.125
264 267 0.125
265 267 0.125
266 267 0.125
268 267 0.125
269 267 0.125
270 267 0.125
271 267 0.125
264 313 0.142857
309 313 0.142857
310 313 0.142857
312 313 0.142857
314 313 0.142857
315 313 0.142857
317 313 0.142857
265 268 0.166667
267 268 0.166667
270 268 0.166667
271 268 0.166667
272 268 0.166667
309 268 0.166667
265 269 0.142857
266 269 0.142857
267 269 0.142857
270 269 0.142857
271 269 0.142857
272 269 0.142857
273 269 0.142857
266 270 0.125
267 270 0.125
268 270 0.125
269 270 0.125
271 270 0.125
272 270 0.125
273 270 0.125
274 270 0.125
268 272 0.125
269 272 0.125
270 272 0.125
271 272 0.125
273 272 0.125
274 272 0.125
275 272 0.125
276 272 0.125
268 309 0.111111
305 309 0.111111
306 309 0.111111
307 309 0.111111
308 309 0.111111
310 309 0.111111
311 309 0.111111
312 309 0.111111
313 309 0.111111
270 274 0.125
271 274 0.125
272 274 0.125
273 274 0.125
275 274 0.125
277 274 0.125
278 274 0.125
396 274 0.125
272 276 0.142857
273 276 0.142857
275 276 0.142857
277 276 0.142857
278 276 0.142857
279 276 0.142857
280 276 0.142857
273 277 0.125
274 277 0.125
275 277 0.125
276 277 0.125
278 277 0.125
279 277 0.125
280 277 0.125
281 277 0.125
275 279 0.142857
276 279 0.142857
277 279 0.142857
280 279 0.142857
281 279 0.142857
282 279 0.142857
283 279 0.142857
275 324 0.125
320 324 0.125
321 324 0.125
323 324 0.125
325 324 0.125
326 324 0.125
327 324 0.125
328 324 0.125
278 282 0.125
279 282 0.125
280 282 0.125
281 282 0.125
283 282 0.125
284 282 0.125
285 282 0.125
286 282 0.125
278 372 0.125
368 372 0.125
369 372 0.125
370 372 0.125
371 372 0.125
373 372 0.125
375 372 0.125
376 372 0.125
280 284 0.125
281 284 0.125
282 284 0.125
283 284 0.125
285 284 0.125
286 284 0.125
287 284 0.125
288 284 0.125
283 287 0.125
284 287 0.125
285 287 0.125
286 287 0.125
288 287 0.125
289 287 0.125
290 287 0.125
291 287 0.125
287 290 0.142857
288 290 0.142857
289 290 0.142857
291 290 0.142857
292 290 0.142857
293 290 0.142857
294 290 0.142857
287 291 0.125
288 291 0.125
289 291 0.125
290 291 0.125
292 291 0.125
293 291 0.125
294 291 0.125
295 291 0.125
289 293 0.125
290 293 0.125
291 293 0.125
292 293 0.125
294 293 0.125
295 293 0.125
296 293 0.125
297 293 0.125
290 294 0.125
291 294 0.125
292 294 0.125
293 294 0.125
295 294 0.125
296 294 0.125
297 294 0.125
298 294 0.125
291 295 0.142857
293 295 0.142857
294 295 0.142857
296 295 0.142857
297 295 0.142857
299 295 0.142857
381 295 0.142857
292 296 0.125
293 296 0.125
294 296 0.125
295 296 0.125
297 296 0.125
298 296 0.125
299 296 0.125
300 296 0.125
292 424 0.111111
420 424 0.111111
421 424 0.111111
422 424 0.111111
423 424 0.111111
425 424 0.111111
426 424 0.111111
427 424 0.111111
428 424 0.111111
293 297 0.125
294 297 0.125
295 297 0.125
296 297 0.125
298 297 0.125
299 297 0.125
300 297 0.125
301 297 0.125
294 298 0.142857
296 298 0.142857
297 298 0.142857
299 298 0.142857
300 298 0.142857
301 298 0.142857
302 298 0.142857
295 299 0.125
296 299 0.125
297 299 0.125
298 299 0.125
300 299 0.125
301 299 0.125
302 299 0.125
303 299 0.125
295 381 0.1
338 381 0.1
377 381 0.1
378 381 0.1
379 381 0.1
380 381 0.1
382 381 0.1
383 381 0.1
384 381 0.1
385 381 0.1
296 300 0.125
297 300 0.125
298 300 0.125
299 300 0.125
301 300 0.125
302 300 0.125
303 300 0.125
304 300 0.125
297 301 0.111111
298 301 0.111111
299 301 0.111111
300 301 0.111111
302 301 0.111111
303 301 0.111111
304 301 0.111111
305 301 0.111111
418 301 0.111111
298 302 0.125
299 302 0.125
300 302 0.125
301 302 0.125
303 302 0.125
304 302 0.125
305 302 0.125
306 302 0.125
299 303 0.125
300 303 0.125
301 303 0.125
302 303 0.125
304 303 0.125
306 303 0.125
307 303 0.125
387 303 0.125
301 418 0.125
414 418 0.125
415 418 0.125
416 418 0.125
417 418 0.125
419 418 0.125
420 418 0.125
422 418 0.125
302 306 0.142857
303 306 0.142857
304 306 0.142857
307 306 0.142857
308 306 0.142857
309 306 0.142857
310 306 0.142857
303 387 0.111111
383 387 0.111111
384 387 0.111111
385 387 0.111111
386 387 0.111111
388 387 0.111111
389 387 0.111111
390 387 0.111111
391 387 0.111111
304 308 0.125
305 308 0.125
306 308 0.125
307 308 0.125
309 308 0.125
310 308 0.125
311 308 0.125
312 308 0.125
306 310 0.125
307 310 0.125
308 310 0.125
309 310 0.125
311 310 0.125
312 310 0.125
313 310 0.125
314 310 0.125
307 311 0.125
308 311 0.125
309 311 0.125
310 311 0.125
312 311 0.125
314 311 0.125
315 311 0.125
326 311 0.125
308 312 0.125
309 312 0.125
310 312 0.125
311 312 0.125
313 312 0.125
314 312 0.125
315 312 0.125
316 312 0.125
310 314 0.125
311 314 0.125
312 314 0.125
313 314 0.125
315 314 0.125
316 314 0.125
317 314 0.125
318 314 0.125
311 326 0.111111
322 326 0.111111
323 326 0.111111
324 326 0.111111
325 326 0.111111
327 326 0.111111
328 326 0.111111
329 326 0.111111
330 326 0.111111
313 317 0.125
314 317 0.125
315 317 0.125
316 317 0.125
318 317 0.125
319 317 0.125
320 317 0.125
321 317 0.125
314 318 0.142857
316 318 0.142857
317 318 0.142857
319 318 0.142857
320 318 0.142857
321 318 0.142857
322 318 0.142857
317 319 0.166667
318 319 0.166667
320 319 0.166667
321 319 0.166667
322 319 0.166667
323 319 0.166667
317 321 0.125
318 321 0.125
319 321 0.125
320 321 0.125
322 321 0.125
323 321 0.125
324 321 0.125
325 321 0.125
319 323 0.166667
321 323 0.166667
324 323 0.166667
325 323 0.166667
326 323 0.166667
327 323 0.166667
324 328 0.142857
325 328 0.142857
326 328 0.142857
329 328 0.142857
330 328 0.142857
331 328 0.142857
332 328 0.142857
326 329 0.142857
327 329 0.142857
328 329 0.142857
330 329 0.142857
331 329 0.142857
332 329 0.142857
333 329 0.142857
327 358 0.111111
354 358 0.111111
355 358 0.111111
356 358 0.111111
357 358 0.111111
359 358 0.111111
360 358 0.111111
361 358 0.111111
362 358 0.111111
328 331 0.125
329 331 0.125
330 331 0.125
332 331 0.125
333 331 0.125
334 331 0.125
335 331 0.125
357 331 0.125
328 332 0.125
329 332 0.125
330 332 0.125
331 332 0.125
333 332 0.125
334 332 0.125
335 332 0.125
336 332 0.125
329 333 0.142857
331 333 0.142857
332 333 0.142857
334 333 0.142857
335 333 0.142857
336 333 0.142857
337 333 0.142857
331 357 0.125
353 357 0.125
354 357 0.125
355 357 0.125
356 357 0.125
358 357 0.125
360 357 0.125
361 357 0.125
335 339 0.125
336 339 0.125
337 339 0.125
338 339 0.125
341 339 0.125
342 339 0.125
343 339 0.125
363 339 0.125
335 355 0.125
351 355 0.125
352 355 0.125
353 355 0.125
356 355 0.125
357 355 0.125
358 355 0.125
359 355 0.125
336 340 0.166667
338 340 0.166667
341 340 0.166667
342 340 0.166667
343 340 0.166667
344 340 0.166667
337 348 0.111111
344 348 0.111111
345 348 0.111111
346 348 0.111111
347 348 0.111111
349 348 0.111111
350 348 0.111111
351 348 0.111111
428 348 0.111111
338 342 0.125
339 342 0.125
340 342 0.125
341 342 0.125
343 342 0.125
344 342 0.125
345 342 0.125
433 342 0.125
339 343 0.125
340 343 0.125
341 343 0.125
342 343 0.125
344 343 0.125
345 343 0.125
346 343 0.125
347 343 0.125
339 363 0.111111
359 363 0.111111
360 363 0.111111
361 363 0.111111
362 363 0.111111
364 363 0.111111
365 363 0.111111
366 363 0.111111
367 363 0.111111
340 344 0.125
341 344 0.125
342 344 0.125
343 344 0.125
345 344 0.125
346 344 0.125
347 344 0.125
348 344 0.125
341 345 0.125
342 345 0.125
343 345 0.125
344 345 0.125
346 345 0.125
347 345 0.125
348 345 0.125
349 345 0.125
345 349 0.111111
346 349 0.111111
347 349 0.111111
348 349 0.111111
350 349 0.111111
351 349 0.111111
352 349 0.111111
353 349 0.111111
360 349 0.111111
348 428 0.125
424 428 0.125
425 428 0.125
426 428 0.125
427 428 0.125
430 428 0.125
431 428 0.125
432 428 0.125
349 352 0.142857
350 352 0.142857
351 352 0.142857
353 352 0.142857
354 352 0.142857
355 352 0.142857
356 352 0.142857
349 353 0.142857
351 353 0.142857
352 353 0.142857
354 353 0.142857
355 353 0.142857
356 353 0.142857
357 353 0.142857
349 360 0.125
356 360 0.125
357 360 0.125
358 360 0.125
359 360 0.125
361 360 0.125
362 360 0.125
363 360 0.125
352 356 0.125
353 356 0.125
354 356 0.125
355 356 0.125
357 356 0.125
358 356 0.125
359 356 0.125
360 356 0.125
355 359 0.142857
356 359 0.142857
358 359 0.142857
360 359 0.142857
361 359 0.142857
362 359 0.142857
363 359 0.142857
357 361 0.125
358 361 0.125
359 361 0.125
360 361 0.125
362 361 0.125
363 361 0.125
364 361 0.125
365 361 0.125
358 362 0.125
359 362 0.125
360 362 0.125
361 362 0.125
363 362 0.125
364 362 0.125
365 362 0.125
366 362 0.125
361 364 0.142857
362 364 0.142857
363 364 0.142857
365 364 0.142857
366 364 0.142857
367 364 0.142857
368 364 0.142857
361 365 0.125
362 365 0.125
363 365 0.125
364 365 0.125
366 365 0.125
367 365 0.125
368 365 0.125
369 365 0.125
362 366 0.111111
363 366 0.111111
364 366 0.111111
365 366 0.111111
367 366 0.111111
368 366 0.111111
369 366 0.111111
370 366 0.111111
433 366 0.111111
363 367 0.125
364 367 0.125
365 367 0.125
366 367 0.125
368 367 0.125
369 367 0.125
370 367 0.125
371 367 0.125
364 368 0.125
365 368 0.125
366 368 0.125
367 368 0.125
369 368 0.125
370 368 0.125
371 368 0.125
372 368 0.125
367 371 0.166667
368 371 0.166667
372 371 0.166667
373 371 0.166667
374 371 0.166667
375 371 0.166667
369 373 0.142857
371 373 0.142857
372 373 0.142857
374 373 0.142857
375 373 0.142857
376 373 0.142857
377 373 0.142857
373 377 0.142857
374 377 0.142857
376 377 0.142857
378 377 0.142857
379 377 0.142857
380 377 0.142857
381 377 0.142857
375 379 0.125
376 379 0.125
377 379 0.125
378 379 0.125
380 379 0.125
381 379 0.125
382 379 0.125
383 379 0.125
376 380 0.142857
377 380 0.142857
379 380 0.142857
381 380 0.142857
382 380 0.142857
383 380 0.142857
384 380 0.142857
378 382 0.125
379 382 0.125
380 382 0.125
381 382 0.125
383 382 0.125
384 382 0.125
385 382 0.125
386 382 0.125
381 385 0.125
382 385 0.125
383 385 0.125
384 385 0.125
386 385 0.125
387 385 0.125
388 385 0.125
389 385 0.125
387 391 0.111111
388 391 0.111111
389 391 0.111111
390 391 0.111111
392 391 0.111111
393 391 0.111111
394 391 0.111111
395 391 0.111111
400 391 0.111111
389 393 0.142857
390 393 0.142857
391 393 0.142857
394 393 0.142857
395 393 0.142857
396 393 0.142857
397 393 0.142857
390 394 0.125
391 394 0.125
392 394 0.125
393 394 0.125
395 394 0.125
396 394 0.125
397 394 0.125
398 394 0.125
391 395 0.125
392 395 0.125
393 395 0.125
394 395 0.125
396 395 0.125
397 395 0.125
398 395 0.125
399 395 0.125
393 397 0.125
394 397 0.125
395 397 0.125
396 397 0.125
398 397 0.125
399 397 0.125
401 397 0.125
426 397 0.125
397 401 0.125
398 401 0.125
399 401 0.125
400 401 0.125
402 401 0.125
403 401 0.125
404 401 0.125
405 401 0.125
397 426 0.111111
422 426 0.111111
423 426 0.111111
424 426 0.111111
425 426 0.111111
427 426 0.111111
428 426 0.111111
429 426 0.111111
430 426 0.111111
398 402 0.125
399 402 0.125
400 402 0.125
401 402 0.125
403 402 0.125
404 402 0.125
405 402 0.125
406 402 0.125
401 405 0.125
402 405 0.125
403 405 0.125
404 405 0.125
406 405 0.125
407 405 0.125
408 405 0.125
409 405 0.125
402 406 0.142857
404 406 0.142857
405 406 0.142857
407 406 0.142857
408 406 0.142857
409 406 0.142857
410 406 0.142857
406 410 0.142857
407 410 0.142857
409 410 0.142857
411 410 0.142857
412 410 0.142857
413 410 0.142857
414 410 0.142857
410 414 0.142857
411 414 0.142857
412 414 0.142857
415 414 0.142857
417 414 0.142857
418 414 0.142857
433 414 0.142857
412 415 0.142857
413 415 0.142857
414 415 0.142857
416 415 0.142857
417 415 0.142857
418 415 0.142857
419 415 0.142857
415 419 0.142857
416 419 0.142857
418 419 0.142857
420 419 0.142857
421 419 0.142857
422 419 0.142857
423 419 0.142857
416 420 0.125
417 420 0.125
418 420 0.125
419 420 0.125
421 420 0.125
422 420 0.125
423 420 0.125
424 420 0.125
419 423 0.142857
420 423 0.142857
422 423 0.142857
424 423 0.142857
425 423 0.142857
426 423 0.142857
427 423 0.142857
421 425 0.125
422 425 0.125
423 425 0.125
424 425 0.125
426 425 0.125
427 425 0.125
428 425 0.125
429 425 0.125
423 427 0.125
424 427 0.125
425 427 0.125
426 427 0.125
428 427 0.125
429 427 0.125
430 427 0.125
431 427 0.125
425 429 0.142857
426 429 0.142857
427 429 0.142857
430 429 0.142857
431 429 0.142857
432 429 0.142857
433 429 0.142857
1 0 0.125
435 0 0.125
2 0 0.125
434 0 0.125
3 0 0.125
433 0 0.125
4 0 0.125
288 0 0.125
