0 1 0.125
2 1 0.125
3 1 0.125
4 1 0.125
381 1 0.125
5 1 0.125
380 1 0.125
246 1 0.125
0 382 0.142857
2 382 0.142857
3 382 0.142857
158 382 0.142857
378 382 0.142857
380 382 0.142857
381 382 0.142857
0 2 0.142857
1 2 0.142857
3 2 0.142857
4 2 0.142857
5 2 0.142857
382 2 0.142857
6 2 0.142857
0 381 0.125
1 381 0.125
244 381 0.125
377 381 0.125
378 381 0.125
379 381 0.125
380 381 0.125
382 381 0.125
0 3 0.111111
1 3 0.111111
2 3 0.111111
4 3 0.111111
5 3 0.111111
6 3 0.111111
7 3 0.111111
382 3 0.111111
11 3 0.111111
0 380 0.125
1 380 0.125
376 380 0.125
377 380 0.125
378 380 0.125
379 380 0.125
381 380 0.125
382 380 0.125
0 4 0.125
1 4 0.125
2 4 0.125
3 4 0.125
5 4 0.125
6 4 0.125
7 4 0.125
8 4 0.125
0 379 0.125
150 379 0.125
291 379 0.125
375 379 0.125
376 379 0.125
377 379 0.125
380 379 0.125
381 379 0.125
1 5 0.125
2 5 0.125
3 5 0.125
4 5 0.125
6 5 0.125
7 5 0.125
9 5 0.125
353 5 0.125
1 246 0.111111
223 246 0.111111
239 246 0.111111
242 246 0.111111
243 246 0.111111
244 246 0.111111
245 246 0.111111
249 246 0.111111
250 246 0.111111
2 6 0.125
3 6 0.125
4 6 0.125
5 6 0.125
7 6 0.125
8 6 0.125
9 6 0.125
10 6 0.125
3 7 0.111111
4 7 0.111111
5 7 0.111111
6 7 0.111111
8 7 0.111111
9 7 0.111111
10 7 0.111111
11 7 0.111111
302 7 0.111111
3 11 0.125
7 11 0.125
8 11 0.125
9 11 0.125
10 11 0.125
12 11 0.125
14 11 0.125
365 11 0.125
4 8 0.142857
6 8 0.142857
7 8 0.142857
9 8 0.142857
10 8 0.142857
11 8 0.142857
12 8 0.142857
5 9 0.111111
6 9 0.111111
7 9 0.111111
8 9 0.111111
10 9 0.111111
11 9 0.111111
12 9 0.111111
13 9 0.111111
242 9 0.111111
5 353 0.111111
350 353 0.111111
351 353 0.111111
352 353 0.111111
354 353 0.111111
355 353 0.111111
356 353 0.111111
357 353 0.111111
363 353 0.111111
6 10 0.125
7 10 0.125
8 10 0.125
9 10 0.125
11 10 0.125
12 10 0.125
13 10 0.125
14 10 0.125
7 302 0.1
93 302 0.1
222 302 0.1
298 302 0.1
299 302 0.1
300 302 0.1
301 302 0.1
303 302 0.1
304 302 0.1
306 302 0.1
8 12 0.1
9 12 0.1
10 12 0.1
11 12 0.1
13 12 0.1
14 12 0.1
15 12 0.1
16 12 0.1
339 12 0.1
81 12 0.1
9 13 0.142857
10 13 0.142857
12 13 0.142857
14 13 0.142857
15 13 0.142857
17 13 0.142857
43 13 0.142857
9 242 0.125
238 242 0.125
239 242 0.125
240 242 0.125
241 242 0.125
244 242 0.125
245 242 0.125
246 242 0.125
10 14 0.111111
11 14 0.111111
12 14 0.111111
13 14 0.111111
15 14 0.111111
16 14 0.111111
17 14 0.111111
18 14 0.111111
240 14 0.111111
11 365 0.111111
240 365 0.111111
361 365 0.111111
362 365 0.111111
363 365 0.111111
366 365 0.111111
367 365 0.111111
368 365 0.111111
369 365 0.111111
12 15 0.142857
13 15 0.142857
14 15 0.142857
16 15 0.142857
17 15 0.142857
18 15 0.142857
19 15 0.142857
12 16 0.125
14 16 0.125
15 16 0.125
17 16 0.125
18 16 0.125
19 16 0.125
20 16 0.125
350 16 0.125
12 339 0.125
207 339 0.125
335 339 0.125
336 339 0.125
337 339 0.125
338 339 0.125
342 339 0.125
343 339 0.125
12 81 0.125
77 81 0.125
78 81 0.125
79 81 0.125
80 81 0.125
82 81 0.125
83 81 0.125
84 81 0.125
13 17 0.125
14 17 0.125
15 17 0.125
16 17 0.125
18 17 0.125
19 17 0.125
20 17 0.125
21 17 0.125
13 43 0.111111
39 43 0.111111
40 43 0.111111
41 43 0.111111
42 43 0.111111
45 43 0.111111
46 43 0.111111
47 43 0.111111
203 43 0.111111
14 18 0.111111
15 18 0.111111
16 18 0.111111
17 18 0.111111
19 18 0.111111
20 18 0.111111
22 18 0.111111
234 18 0.111111
63 18 0.111111
14 240 0.125
236 240 0.125
237 240 0.125
238 240 0.125
239 240 0.125
241 240 0.125
242 240 0.125
365 240 0.125
15 19 0.125
16 19 0.125
17 19 0.125
18 19 0.125
20 19 0.125
22 19 0.125
23 19 0.125
191 19 0.125
16 20 0.125
17 20 0.125
18 20 0.125
19 20 0.125
21 20 0.125
22 20 0.125
23 20 0.125
24 20 0.125
16 350 0.142857
346 350 0.142857
348 350 0.142857
349 350 0.142857
352 350 0.142857
353 350 0.142857
354 350 0.142857
17 21 0.166667
20 21 0.166667
22 21 0.166667
23 21 0.166667
24 21 0.166667
25 21 0.166667
18 22 0.125
19 22 0.125
20 22 0.125
21 22 0.125
23 22 0.125
24 22 0.125
25 22 0.125
26 22 0.125
18 234 0.142857
231 234 0.142857
232 234 0.142857
233 234 0.142857
236 234 0.142857
237 234 0.142857
238 234 0.142857
18 63 0.111111
59 63 0.111111
60 63 0.111111
61 63 0.111111
62 63 0.111111
64 63 0.111111
65 63 0.111111
66 63 0.111111
67 63 0.111111
19 23 0.125
20 23 0.125
21 23 0.125
22 23 0.125
24 23 0.125
25 23 0.125
26 23 0.125
27 23 0.125
19 191 0.125
187 191 0.125
188 191 0.125
190 191 0.125
192 191 0.125
193 191 0.125
194 191 0.125
195 191 0.125
20 24 0.125
21 24 0.125
22 24 0.125
23 24 0.125
25 24 0.125
26 24 0.125
27 24 0.125
28 24 0.125
21 25 0.125
22 25 0.125
23 25 0.125
24 25 0.125
26 25 0.125
27 25 0.125
28 25 0.125
29 25 0.125
22 26 0.111111
23 26 0.111111
24 26 0.111111
25 26 0.111111
27 26 0.111111
28 26 0.111111
29 26 0.111111
30 26 0.111111
68 26 0.111111
23 27 0.125
24 27 0.125
25 27 0.125
26 27 0.125
29 27 0.125
30 27 0.125
31 27 0.125
210 27 0.125
24 28 0.125
25 28 0.125
26 28 0.125
29 28 0.125
30 28 0.125
31 28 0.125
32 28 0.125
343 28 0.125
25 29 0.125
26 29 0.125
27 29 0.125
28 29 0.125
30 29 0.125
31 29 0.125
32 29 0.125
33 29 0.125
26 30 0.125
27 30 0.125
28 30 0.125
29 30 0.125
31 30 0.125
34 30 0.125
71 30 0.125
220 30 0.125
26 68 0.142857
65 68 0.142857
66 68 0.142857
67 68 0.142857
69 68 0.142857
70 68 0.142857
71 68 0.142857
27 31 0.125
28 31 0.125
29 31 0.125
30 31 0.125
32 31 0.125
33 31 0.125
35 31 0.125
356 31 0.125
27 210 0.111111
101 210 0.111111
206 210 0.111111
207 210 0.111111
208 210 0.111111
209 210 0.111111
211 210 0.111111
213 210 0.111111
214 210 0.111111
28 32 0.111111
29 32 0.111111
31 32 0.111111
33 32 0.111111
34 32 0.111111
35 32 0.111111
36 32 0.111111
109 32 0.111111
217 32 0.111111
28 343 0.125
339 343 0.125
340 343 0.125
341 343 0.125
342 343 0.125
344 343 0.125
346 343 0.125
347 343 0.125
29 33 0.142857
31 33 0.142857
32 33 0.142857
34 33 0.142857
35 33 0.142857
36 33 0.142857
37 33 0.142857
30 34 0.125
32 34 0.125
33 34 0.125
35 34 0.125
36 34 0.125
38 34 0.125
354 34 0.125
338 34 0.125
30 71 0.111111
67 71 0.111111
68 71 0.111111
69 71 0.111111
70 71 0.111111
72 71 0.111111
73 71 0.111111
74 71 0.111111
75 71 0.111111
30 220 0.111111
216 220 0.111111
217 220 0.111111
218 220 0.111111
219 220 0.111111
221 220 0.111111
222 220 0.111111
223 220 0.111111
224 220 0.111111
31 35 0.111111
32 35 0.111111
33 35 0.111111
34 35 0.111111
37 35 0.111111
38 35 0.111111
39 35 0.111111
106 35 0.111111
73 35 0.111111
31 356 0.111111
97 356 0.111111
195 356 0.111111
352 356 0.111111
353 356 0.111111
355 356 0.111111
357 356 0.111111
358 356 0.111111
359 356 0.111111
32 36 0.142857
33 36 0.142857
34 36 0.142857
38 36 0.142857
40 36 0.142857
211 36 0.142857
146 36 0.142857
32 109 0.142857
105 109 0.142857
106 109 0.142857
108 109 0.142857
110 109 0.142857
112 109 0.142857
113 109 0.142857
32 217 0.111111
95 217 0.111111
213 217 0.111111
214 217 0.111111
215 217 0.111111
216 217 0.111111
218 217 0.111111
219 217 0.111111
220 217 0.111111
33 37 0.166667
35 37 0.166667
38 37 0.166667
39 37 0.166667
40 37 0.166667
41 37 0.166667
34 38 0.125
35 38 0.125
36 38 0.125
37 38 0.125
39 38 0.125
40 38 0.125
41 38 0.125
42 38 0.125
34 354 0.125
224 354 0.125
350 354 0.125
351 354 0.125
352 354 0.125
353 354 0.125
355 354 0.125
357 354 0.125
34 338 0.111111
311 338 0.111111
334 338 0.111111
335 338 0.111111
336 338 0.111111
337 338 0.111111
339 338 0.111111
340 338 0.111111
341 338 0.111111
35 39 0.142857
37 39 0.142857
38 39 0.142857
40 39 0.142857
41 39 0.142857
42 39 0.142857
43 39 0.142857
35 106 0.111111
102 106 0.111111
103 106 0.111111
104 106 0.111111
105 106 0.111111
107 106 0.111111
108 106 0.111111
109 106 0.111111
110 106 0.111111
35 73 0.142857
69 73 0.142857
70 73 0.142857
71 73 0.142857
74 73 0.142857
75 73 0.142857
76 73 0.142857
36 40 0.1
37 40 0.1
38 40 0.1
39 40 0.1
41 40 0.1
42 40 0.1
43 40 0.1
44 40 0.1
228 40 0.1
312 40 0.1
36 211 0.111111
207 211 0.111111
208 211 0.111111
209 211 0.111111
210 211 0.111111
212 211 0.111111
213 211 0.111111
214 211 0.111111
215 211 0.111111
36 146 0.111111
142 146 0.111111
143 146 0.111111
144 146 0.111111
145 146 0.111111
147 146 0.111111
148 146 0.111111
149 146 0.111111
150 146 0.111111
37 41 0.125
38 41 0.125
39 41 0.125
40 41 0.125
42 41 0.125
43 41 0.125
44 41 0.125
45 41 0.125
38 42 0.125
39 42 0.125
40 42 0.125
41 42 0.125
43 42 0.125
44 42 0.125
46 42 0.125
140 42 0.125
40 44 0.142857
41 44 0.142857
42 44 0.142857
45 44 0.142857
46 44 0.142857
47 44 0.142857
48 44 0.142857
40 228 0.125
78 228 0.125
224 228 0.125
225 228 0.125
226 228 0.125
227 228 0.125
229 228 0.125
232 228 0.125
40 312 0.125
308 312 0.125
309 312 0.125
310 312 0.125
311 312 0.125
313 312 0.125
315 312 0.125
316 312 0.125
41 45 0.125
43 45 0.125
44 45 0.125
46 45 0.125
48 45 0.125
49 45 0.125
232 45 0.125
278 45 0.125
42 46 0.125
43 46 0.125
44 46 0.125
45 46 0.125
48 46 0.125
49 46 0.125
50 46 0.125
355 46 0.125
42 140 0.125
136 140 0.125
138 140 0.125
139 140 0.125
141 140 0.125
142 140 0.125
143 140 0.125
144 140 0.125
43 47 0.166667
44 47 0.166667
48 47 0.166667
49 47 0.166667
50 47 0.166667
51 47 0.166667
43 203 0.1
74 203 0.1
199 203 0.1
200 203 0.1
201 203 0.1
202 203 0.1
204 203 0.1
205 203 0.1
206 203 0.1
207 203 0.1
44 48 0.125
45 48 0.125
46 48 0.125
47 48 0.125
49 48 0.125
50 48 0.125
51 48 0.125
52 48 0.125
45 49 0.125
46 49 0.125
47 49 0.125
48 49 0.125
50 49 0.125
51 49 0.125
52 49 0.125
53 49 0.125
45 232 0.111111
51 232 0.111111
228 232 0.111111
229 232 0.111111
230 232 0.111111
231 232 0.111111
234 232 0.111111
235 232 0.111111
236 232 0.111111
45 278 0.111111
192 278 0.111111
274 278 0.111111
275 278 0.111111
276 278 0.111111
277 278 0.111111
279 278 0.111111
281 278 0.111111
282 278 0.111111
46 50 0.125
47 50 0.125
48 50 0.125
49 50 0.125
51 50 0.125
52 50 0.125
53 50 0.125
143 50 0.125
46 355 0.142857
353 355 0.142857
354 355 0.142857
356 355 0.142857
357 355 0.142857
358 355 0.142857
359 355 0.142857
47 51 0.111111
48 51 0.111111
49 51 0.111111
50 51 0.111111
53 51 0.111111
54 51 0.111111
55 51 0.111111
232 51 0.111111
362 51 0.111111
48 52 0.125
49 52 0.125
50 52 0.125
53 52 0.125
54 52 0.125
55 52 0.125
56 52 0.125
298 52 0.125
49 53 0.125
50 53 0.125
51 53 0.125
52 53 0.125
54 53 0.125
56 53 0.125
364 53 0.125
264 53 0.125
50 143 0.111111
139 143 0.111111
140 143 0.111111
141 143 0.111111
142 143 0.111111
144 143 0.111111
145 143 0.111111
146 143 0.111111
147 143 0.111111
51 54 0.142857
52 54 0.142857
53 54 0.142857
55 54 0.142857
56 54 0.142857
57 54 0.142857
58 54 0.142857
51 55 0.111111
52 55 0.111111
54 55 0.111111
56 55 0.111111
58 55 0.111111
59 55 0.111111
357 55 0.111111
57 55 0.111111
136 55 0.111111
51 362 0.125
358 362 0.125
359 362 0.125
360 362 0.125
361 362 0.125
364 362 0.125
365 362 0.125
366 362 0.125
52 56 0.125
53 56 0.125
54 56 0.125
55 56 0.125
57 56 0.125
58 56 0.125
59 56 0.125
60 56 0.125
52 298 0.142857
295 298 0.142857
296 298 0.142857
297 298 0.142857
300 298 0.142857
301 298 0.142857
302 298 0.142857
53 364 0.111111
138 364 0.111111
173 364 0.111111
360 364 0.111111
361 364 0.111111
362 364 0.111111
363 364 0.111111
366 364 0.111111
367 364 0.111111
53 264 0.111111
260 264 0.111111
261 264 0.111111
262 264 0.111111
263 264 0.111111
265 264 0.111111
266 264 0.111111
267 264 0.111111
268 264 0.111111
54 57 0.166667
55 57 0.166667
56 57 0.166667
58 57 0.166667
60 57 0.166667
61 57 0.166667
54 58 0.125
55 58 0.125
56 58 0.125
57 58 0.125
59 58 0.125
61 58 0.125
167 58 0.125
308 58 0.125
55 59 0.142857
56 59 0.142857
58 59 0.142857
60 59 0.142857
61 59 0.142857
62 59 0.142857
63 59 0.142857
55 357 0.111111
353 357 0.111111
354 357 0.111111
355 357 0.111111
356 357 0.111111
358 357 0.111111
359 357 0.111111
360 357 0.111111
361 357 0.111111
55 136 0.142857
132 136 0.142857
134 136 0.142857
135 136 0.142857
137 136 0.142857
138 136 0.142857
140 136 0.142857
56 60 0.142857
57 60 0.142857
59 60 0.142857
62 60 0.142857
63 60 0.142857
64 60 0.142857
157 60 0.142857
57 61 0.142857
58 61 0.142857
59 61 0.142857
62 61 0.142857
63 61 0.142857
64 61 0.142857
65 61 0.142857
58 167 0.111111
163 167 0.111111
164 167 0.111111
165 167 0.111111
166 167 0.111111
168 167 0.111111
169 167 0.111111
170 167 0.111111
171 167 0.111111
58 308 0.111111
304 308 0.111111
305 308 0.111111
306 308 0.111111
307 308 0.111111
309 308 0.111111
310 308 0.111111
311 308 0.111111
312 308 0.111111
59 62 0.142857
60 62 0.142857
61 62 0.142857
63 62 0.142857
64 62 0.142857
65 62 0.142857
66 62 0.142857
60 64 0.125
61 64 0.125
62 64 0.125
63 64 0.125
65 64 0.125
66 64 0.125
67 64 0.125
148 64 0.125
60 157 0.1
153 157 0.1
154 157 0.1
155 157 0.1
156 157 0.1
158 157 0.1
159 157 0.1
160 157 0.1
161 157 0.1
334 157 0.1
61 65 0.111111
62 65 0.111111
63 65 0.111111
64 65 0.111111
67 65 0.111111
68 65 0.111111
69 65 0.111111
82 65 0.111111
137 65 0.111111
62 66 0.111111
63 66 0.111111
64 66 0.111111
67 66 0.111111
68 66 0.111111
70 66 0.111111
103 66 0.111111
175 66 0.111111
231 66 0.111111
63 67 0.125
64 67 0.125
65 67 0.125
66 67 0.125
68 67 0.125
69 67 0.125
70 67 0.125
71 67 0.125
64 148 0.111111
75 148 0.111111
144 148 0.111111
145 148 0.111111
146 148 0.111111
147 148 0.111111
149 148 0.111111
150 148 0.111111
151 148 0.111111
65 69 0.142857
67 69 0.142857
68 69 0.142857
70 69 0.142857
71 69 0.142857
72 69 0.142857
73 69 0.142857
65 82 0.111111
78 82 0.111111
79 82 0.111111
80 82 0.111111
81 82 0.111111
83 82 0.111111
84 82 0.111111
85 82 0.111111
86 82 0.111111
65 137 0.142857
134 137 0.142857
135 137 0.142857
136 137 0.142857
138 137 0.142857
141 137 0.142857
155 137 0.142857
66 70 0.125
67 70 0.125
68 70 0.125
69 70 0.125
71 70 0.125
72 70 0.125
73 70 0.125
74 70 0.125
66 103 0.111111
99 103 0.111111
100 103 0.111111
101 103 0.111111
102 103 0.111111
105 103 0.111111
106 103 0.111111
107 103 0.111111
256 103 0.111111
66 175 0.111111
171 175 0.111111
172 175 0.111111
173 175 0.111111
174 175 0.111111
176 175 0.111111
178 175 0.111111
179 175 0.111111
270 175 0.111111
66 231 0.142857
133 231 0.142857
227 231 0.142857
230 231 0.142857
232 231 0.142857
233 231 0.142857
234 231 0.142857
69 72 0.142857
70 72 0.142857
71 72 0.142857
74 72 0.142857
75 72 0.142857
76 72 0.142857
182 72 0.142857
70 74 0.125
71 74 0.125
72 74 0.125
73 74 0.125
75 74 0.125
76 74 0.125
77 74 0.125
203 74 0.125
71 75 0.111111
72 75 0.111111
73 75 0.111111
74 75 0.111111
76 75 0.111111
77 75 0.111111
78 75 0.111111
79 75 0.111111
148 75 0.111111
72 76 0.125
73 76 0.125
74 76 0.125
75 76 0.125
77 76 0.125
78 76 0.125
79 76 0.125
80 76 0.125
72 182 0.111111
178 182 0.111111
179 182 0.111111
180 182 0.111111
181 182 0.111111
183 182 0.111111
184 182 0.111111
185 182 0.111111
186 182 0.111111
74 77 0.125
75 77 0.125
76 77 0.125
78 77 0.125
79 77 0.125
81 77 0.125
196 77 0.125
155 77 0.125
75 78 0.125
76 78 0.125
77 78 0.125
79 78 0.125
80 78 0.125
81 78 0.125
82 78 0.125
228 78 0.125
75 79 0.125
76 79 0.125
77 79 0.125
78 79 0.125
80 79 0.125
81 79 0.125
82 79 0.125
83 79 0.125
76 80 0.125
78 80 0.125
79 80 0.125
81 80 0.125
82 80 0.125
83 80 0.125
84 80 0.125
347 80 0.125
77 196 0.111111
192 196 0.111111
193 196 0.111111
194 196 0.111111
195 196 0.111111
197 196 0.111111
198 196 0.111111
199 196 0.111111
200 196 0.111111
77 155 0.111111
137 155 0.111111
151 155 0.111111
152 155 0.111111
153 155 0.111111
154 155 0.111111
156 155 0.111111
157 155 0.111111
158 155 0.111111
79 83 0.125
80 83 0.125
81 83 0.125
82 83 0.125
84 83 0.125
85 83 0.125
86 83 0.125
87 83 0.125
80 84 0.125
81 84 0.125
82 84 0.125
83 84 0.125
85 84 0.125
86 84 0.125
87 84 0.125
88 84 0.125
80 347 0.125
343 347 0.125
344 347 0.125
345 347 0.125
346 347 0.125
348 347 0.125
349 347 0.125
351 347 0.125
82 85 0.142857
83 85 0.142857
84 85 0.142857
86 85 0.142857
88 85 0.142857
89 85 0.142857
207 85 0.142857
82 86 0.125
83 86 0.125
84 86 0.125
85 86 0.125
87 86 0.125
88 86 0.125
89 86 0.125
90 86 0.125
83 87 0.142857
84 87 0.142857
86 87 0.142857
88 87 0.142857
89 87 0.142857
90 87 0.142857
91 87 0.142857
84 88 0.111111
85 88 0.111111
86 88 0.111111
87 88 0.111111
89 88 0.111111
90 88 0.111111
91 88 0.111111
92 88 0.111111
263 88 0.111111
85 89 0.125
86 89 0.125
87 89 0.125
88 89 0.125
90 89 0.125
91 89 0.125
92 89 0.125
93 89 0.125
85 207 0.1
203 207 0.1
204 207 0.1
205 207 0.1
206 207 0.1
208 207 0.1
209 207 0.1
210 207 0.1
211 207 0.1
339 207 0.1
86 90 0.111111
87 90 0.111111
88 90 0.111111
89 90 0.111111
91 90 0.111111
93 90 0.111111
94 90 0.111111
213 90 0.111111
288 90 0.111111
87 91 0.125
88 91 0.125
89 91 0.125
90 91 0.125
92 91 0.125
93 91 0.125
94 91 0.125
95 91 0.125
88 92 0.142857
89 92 0.142857
91 92 0.142857
94 92 0.142857
95 92 0.142857
96 92 0.142857
230 92 0.142857
88 263 0.125
259 263 0.125
260 263 0.125
261 263 0.125
262 263 0.125
264 263 0.125
265 263 0.125
267 263 0.125
89 93 0.142857
90 93 0.142857
91 93 0.142857
95 93 0.142857
96 93 0.142857
97 93 0.142857
302 93 0.142857
90 94 0.125
91 94 0.125
92 94 0.125
95 94 0.125
96 94 0.125
97 94 0.125
98 94 0.125
280 94 0.125
90 213 0.125
209 213 0.125
210 213 0.125
211 213 0.125
212 213 0.125
215 213 0.125
216 213 0.125
217 213 0.125
90 288 0.111111
284 288 0.111111
285 288 0.111111
286 288 0.111111
287 288 0.111111
289 288 0.111111
290 288 0.111111
291 288 0.111111
292 288 0.111111
91 95 0.125
92 95 0.125
93 95 0.125
94 95 0.125
96 95 0.125
98 95 0.125
99 95 0.125
217 95 0.125
92 96 0.125
93 96 0.125
94 96 0.125
95 96 0.125
98 96 0.125
99 96 0.125
100 96 0.125
346 96 0.125
92 230 0.111111
105 230 0.111111
119 230 0.111111
226 230 0.111111
227 230 0.111111
229 230 0.111111
231 230 0.111111
232 230 0.111111
233 230 0.111111
93 97 0.166667
94 97 0.166667
99 97 0.166667
100 97 0.166667
356 97 0.166667
305 97 0.166667
94 98 0.142857
95 98 0.142857
96 98 0.142857
99 98 0.142857
101 98 0.142857
102 98 0.142857
164 98 0.142857
94 280 0.142857
170 280 0.142857
277 280 0.142857
279 280 0.142857
281 280 0.142857
283 280 0.142857
284 280 0.142857
95 99 0.125
96 99 0.125
97 99 0.125
98 99 0.125
100 99 0.125
101 99 0.125
102 99 0.125
103 99 0.125
96 100 0.142857
97 100 0.142857
99 100 0.142857
101 100 0.142857
102 100 0.142857
103 100 0.142857
104 100 0.142857
96 346 0.111111
342 346 0.111111
343 346 0.111111
344 346 0.111111
345 346 0.111111
347 346 0.111111
348 346 0.111111
349 346 0.111111
350 346 0.111111
97 305 0.142857
301 305 0.142857
303 305 0.142857
306 305 0.142857
307 305 0.142857
308 305 0.142857
309 305 0.142857
98 101 0.125
99 101 0.125
100 101 0.125
102 101 0.125
103 101 0.125
104 101 0.125
105 101 0.125
210 101 0.125
98 102 0.125
99 102 0.125
100 102 0.125
101 102 0.125
103 102 0.125
104 102 0.125
105 102 0.125
106 102 0.125
98 164 0.1
160 164 0.1
161 164 0.1
162 164 0.1
163 164 0.1
165 164 0.1
166 164 0.1
167 164 0.1
168 164 0.1
194 164 0.1
100 104 0.142857
101 104 0.142857
102 104 0.142857
106 104 0.142857
107 104 0.142857
358 104 0.142857
293 104 0.142857
101 105 0.111111
102 105 0.111111
103 105 0.111111
106 105 0.111111
107 105 0.111111
108 105 0.111111
109 105 0.111111
230 105 0.111111
276 105 0.111111
103 107 0.125
104 107 0.125
105 107 0.125
106 107 0.125
108 107 0.125
110 107 0.125
111 107 0.125
254 107 0.125
103 256 0.125
252 256 0.125
253 256 0.125
255 256 0.125
257 256 0.125
259 256 0.125
311 256 0.125
352 256 0.125
104 358 0.125
355 358 0.125
356 358 0.125
357 358 0.125
359 358 0.125
360 358 0.125
361 358 0.125
362 358 0.125
104 293 0.111111
133 293 0.111111
289 293 0.111111
290 293 0.111111
292 293 0.111111
294 293 0.111111
295 293 0.111111
296 293 0.111111
297 293 0.111111
105 108 0.125
106 108 0.125
107 108 0.125
109 108 0.125
110 108 0.125
111 108 0.125
112 108 0.125
291 108 0.125
105 276 0.142857
272 276 0.142857
273 276 0.142857
275 276 0.142857
277 276 0.142857
278 276 0.142857
279 276 0.142857
106 110 0.111111
107 110 0.111111
108 110 0.111111
109 110 0.111111
113 110 0.111111
114 110 0.111111
162 110 0.111111
373 110 0.111111
172 110 0.111111
107 111 0.166667
108 111 0.166667
112 111 0.166667
113 111 0.166667
114 111 0.166667
115 111 0.166667
107 254 0.111111
170 254 0.111111
250 254 0.111111
251 254 0.111111
252 254 0.111111
253 254 0.111111
255 254 0.111111
257 254 0.111111
258 254 0.111111
108 112 0.142857
109 112 0.142857
111 112 0.142857
113 112 0.142857
114 112 0.142857
115 112 0.142857
116 112 0.142857
108 291 0.125
287 291 0.125
288 291 0.125
289 291 0.125
290 291 0.125
292 291 0.125
295 291 0.125
379 291 0.125
109 113 0.125
110 113 0.125
111 113 0.125
112 113 0.125
114 113 0.125
115 113 0.125
116 113 0.125
117 113 0.125
110 114 0.125
111 114 0.125
112 114 0.125
113 114 0.125
115 114 0.125
116 114 0.125
117 114 0.125
118 114 0.125
110 162 0.111111
158 162 0.111111
159 162 0.111111
160 162 0.111111
161 162 0.111111
163 162 0.111111
164 162 0.111111
165 162 0.111111
166 162 0.111111
110 373 0.111111
369 373 0.111111
370 373 0.111111
371 373 0.111111
372 373 0.111111
374 373 0.111111
375 373 0.111111
376 373 0.111111
377 373 0.111111
110 172 0.125
168 172 0.125
169 172 0.125
170 172 0.125
171 172 0.125
173 172 0.125
175 172 0.125
176 172 0.125
111 115 0.111111
112 115 0.111111
113 115 0.111111
114 115 0.111111
116 115 0.111111
117 115 0.111111
118 115 0.111111
119 115 0.111111
177 115 0.111111
112 116 0.111111
113 116 0.111111
114 116 0.111111
115 116 0.111111
117 116 0.111111
118 116 0.111111
119 116 0.111111
120 116 0.111111
226 116 0.111111
113 117 0.125
114 117 0.125
115 117 0.125
116 117 0.125
118 117 0.125
119 117 0.125
120 117 0.125
265 117 0.125
114 118 0.125
115 118 0.125
116 118 0.125
117 118 0.125
119 118 0.125
120 118 0.125
121 118 0.125
122 118 0.125
115 119 0.125
116 119 0.125
117 119 0.125
118 119 0.125
120 119 0.125
122 119 0.125
123 119 0.125
230 119 0.125
115 177 0.142857
173 177 0.142857
174 177 0.142857
176 177 0.142857
179 177 0.142857
180 177 0.142857
181 177 0.142857
116 120 0.111111
117 120 0.111111
118 120 0.111111
119 120 0.111111
121 120 0.111111
122 120 0.111111
274 120 0.111111
241 120 0.111111
186 120 0.111111
116 226 0.166667
224 226 0.166667
225 226 0.166667
227 226 0.166667
228 226 0.166667
230 226 0.166667
117 265 0.111111
261 265 0.111111
262 265 0.111111
263 265 0.111111
264 265 0.111111
266 265 0.111111
267 265 0.111111
268 265 0.111111
269 265 0.111111
118 121 0.166667
120 121 0.166667
122 121 0.166667
123 121 0.166667
124 121 0.166667
125 121 0.166667
118 122 0.125
119 122 0.125
120 122 0.125
121 122 0.125
123 122 0.125
124 122 0.125
125 122 0.125
126 122 0.125
119 123 0.142857
121 123 0.142857
122 123 0.142857
124 123 0.142857
125 123 0.142857
126 123 0.142857
127 123 0.142857
120 274 0.125
270 274 0.125
271 274 0.125
272 274 0.125
273 274 0.125
275 274 0.125
277 274 0.125
278 274 0.125
120 241 0.111111
169 241 0.111111
237 241 0.111111
238 241 0.111111
239 241 0.111111
240 241 0.111111
242 241 0.111111
243 241 0.111111
244 241 0.111111
120 186 0.111111
182 186 0.111111
183 186 0.111111
184 186 0.111111
185 186 0.111111
187 186 0.111111
188 186 0.111111
190 186 0.111111
243 186 0.111111
121 124 0.142857
122 124 0.142857
123 124 0.142857
125 124 0.142857
126 124 0.142857
127 124 0.142857
128 124 0.142857
121 125 0.111111
122 125 0.111111
123 125 0.111111
124 125 0.111111
126 125 0.111111
127 125 0.111111
128 125 0.111111
129 125 0.111111
181 125 0.111111
122 126 0.125
123 126 0.125
124 126 0.125
125 126 0.125
127 126 0.125
128 126 0.125
129 126 0.125
130 126 0.125
123 127 0.125
124 127 0.125
125 127 0.125
126 127 0.125
128 127 0.125
129 127 0.125
130 127 0.125
131 127 0.125
124 128 0.125
125 128 0.125
126 128 0.125
127 128 0.125
129 128 0.125
130 128 0.125
131 128 0.125
132 128 0.125
125 129 0.125
126 129 0.125
127 129 0.125
128 129 0.125
130 129 0.125
131 129 0.125
132 129 0.125
133 129 0.125
125 181 0.111111
177 181 0.111111
178 181 0.111111
179 181 0.111111
180 181 0.111111
182 181 0.111111
184 181 0.111111
185 181 0.111111
275 181 0.111111
126 130 0.125
127 130 0.125
128 130 0.125
129 130 0.125
131 130 0.125
132 130 0.125
133 130 0.125
134 130 0.125
127 131 0.125
128 131 0.125
129 131 0.125
130 131 0.125
132 131 0.125
133 131 0.125
134 131 0.125
135 131 0.125
128 132 0.125
129 132 0.125
130 132 0.125
131 132 0.125
133 132 0.125
134 132 0.125
135 132 0.125
136 132 0.125
129 133 0.125
130 133 0.125
131 133 0.125
132 133 0.125
134 133 0.125
135 133 0.125
231 133 0.125
293 133 0.125
130 134 0.125
131 134 0.125
132 134 0.125
133 134 0.125
135 134 0.125
136 134 0.125
137 134 0.125
138 134 0.125
131 135 0.125
132 135 0.125
133 135 0.125
134 135 0.125
136 135 0.125
137 135 0.125
138 135 0.125
139 135 0.125
134 138 0.111111
135 138 0.111111
136 138 0.111111
137 138 0.111111
139 138 0.111111
140 138 0.111111
141 138 0.111111
257 138 0.111111
364 138 0.111111
135 139 0.142857
138 139 0.142857
140 139 0.142857
141 139 0.142857
142 139 0.142857
143 139 0.142857
235 139 0.142857
137 141 0.125
138 141 0.125
139 141 0.125
140 141 0.125
142 141 0.125
143 141 0.125
144 141 0.125
145 141 0.125
138 257 0.1
187 257 0.1
253 257 0.1
254 257 0.1
255 257 0.1
256 257 0.1
258 257 0.1
259 257 0.1
260 257 0.1
261 257 0.1
139 142 0.142857
140 142 0.142857
141 142 0.142857
143 142 0.142857
144 142 0.142857
145 142 0.142857
146 142 0.142857
139 235 0.166667
232 235 0.166667
233 235 0.166667
236 235 0.166667
237 235 0.166667
238 235 0.166667
140 144 0.125
141 144 0.125
142 144 0.125
143 144 0.125
145 144 0.125
146 144 0.125
147 144 0.125
148 144 0.125
141 145 0.125
142 145 0.125
143 145 0.125
144 145 0.125
146 145 0.125
148 145 0.125
149 145 0.125
321 145 0.125
143 147 0.142857
144 147 0.142857
146 147 0.142857
148 147 0.142857
151 147 0.142857
273 147 0.142857
311 147 0.142857
145 149 0.142857
146 149 0.142857
148 149 0.142857
150 149 0.142857
151 149 0.142857
152 149 0.142857
153 149 0.142857
145 321 0.111111
317 321 0.111111
318 321 0.111111
319 321 0.111111
320 321 0.111111
322 321 0.111111
323 321 0.111111
324 321 0.111111
325 321 0.111111
146 150 0.125
148 150 0.125
149 150 0.125
151 150 0.125
152 150 0.125
153 150 0.125
154 150 0.125
379 150 0.125
147 151 0.125
148 151 0.125
149 151 0.125
150 151 0.125
152 151 0.125
154 151 0.125
155 151 0.125
169 151 0.125
147 273 0.111111
269 273 0.111111
270 273 0.111111
271 273 0.111111
272 273 0.111111
274 273 0.111111
276 273 0.111111
277 273 0.111111
329 273 0.111111
147 311 0.090909
256 311 0.090909
307 311 0.090909
308 311 0.090909
309 311 0.090909
310 311 0.090909
312 311 0.090909
313 311 0.090909
314 311 0.090909
315 311 0.090909
338 311 0.090909
149 152 0.142857
150 152 0.142857
151 152 0.142857
153 152 0.142857
154 152 0.142857
155 152 0.142857
156 152 0.142857
149 153 0.142857
150 153 0.142857
152 153 0.142857
154 153 0.142857
155 153 0.142857
156 153 0.142857
157 153 0.142857
150 154 0.111111
151 154 0.111111
152 154 0.111111
153 154 0.111111
155 154 0.111111
156 154 0.111111
157 154 0.111111
158 154 0.111111
267 154 0.111111
151 169 0.1
165 169 0.1
166 169 0.1
167 169 0.1
168 169 0.1
170 169 0.1
171 169 0.1
172 169 0.1
173 169 0.1
241 169 0.1
152 156 0.125
153 156 0.125
154 156 0.125
155 156 0.125
157 156 0.125
158 156 0.125
160 156 0.125
376 156 0.125
154 158 0.111111
155 158 0.111111
156 158 0.111111
157 158 0.111111
159 158 0.111111
160 158 0.111111
161 158 0.111111
162 158 0.111111
382 158 0.111111
154 267 0.125
263 267 0.125
264 267 0.125
265 267 0.125
266 267 0.125
268 267 0.125
269 267 0.125
352 267 0.125
156 160 0.125
157 160 0.125
158 160 0.125
159 160 0.125
161 160 0.125
162 160 0.125
163 160 0.125
164 160 0.125
156 376 0.111111
372 376 0.111111
373 376 0.111111
374 376 0.111111
375 376 0.111111
377 376 0.111111
378 376 0.111111
379 376 0.111111
380 376 0.111111
157 159 0.166667
158 159 0.166667
160 159 0.166667
161 159 0.166667
162 159 0.166667
163 159 0.166667
157 161 0.125
158 161 0.125
159 161 0.125
160 161 0.125
162 161 0.125
163 161 0.125
164 161 0.125
165 161 0.125
157 334 0.125
330 334 0.125
331 334 0.125
332 334 0.125
333 334 0.125
336 334 0.125
337 334 0.125
338 334 0.125
159 163 0.111111
160 163 0.111111
161 163 0.111111
162 163 0.111111
164 163 0.111111
165 163 0.111111
166 163 0.111111
167 163 0.111111
304 163 0.111111
161 165 0.125
162 165 0.125
163 165 0.125
164 165 0.125
166 165 0.125
167 165 0.125
168 165 0.125
169 165 0.125
162 166 0.125
163 166 0.125
164 166 0.125
165 166 0.125
167 166 0.125
168 166 0.125
169 166 0.125
170 166 0.125
163 304 0.125
194 304 0.125
300 304 0.125
301 304 0.125
302 304 0.125
303 304 0.125
307 304 0.125
308 304 0.125
164 168 0.125
165 168 0.125
166 168 0.125
167 168 0.125
169 168 0.125
170 168 0.125
171 168 0.125
172 168 0.125
164 194 0.125
190 194 0.125
191 194 0.125
192 194 0.125
195 194 0.125
196 194 0.125
197 194 0.125
304 194 0.125
166 170 0.111111
167 170 0.111111
168 170 0.111111
169 170 0.111111
171 170 0.111111
172 170 0.111111
173 170 0.111111
254 170 0.111111
280 170 0.111111
167 171 0.125
168 171 0.125
169 171 0.125
170 171 0.125
172 171 0.125
173 171 0.125
174 171 0.125
175 171 0.125
169 173 0.1
170 173 0.1
171 173 0.1
172 173 0.1
174 173 0.1
175 173 0.1
176 173 0.1
177 173 0.1
364 173 0.1
351 173 0.1
171 174 0.166667
173 174 0.166667
175 174 0.166667
176 174 0.166667
177 174 0.166667
178 174 0.166667
172 176 0.125
173 176 0.125
174 176 0.125
175 176 0.125
177 176 0.125
178 176 0.125
179 176 0.125
180 176 0.125
173 351 0.142857
347 351 0.142857
348 351 0.142857
349 351 0.142857
352 351 0.142857
353 351 0.142857
354 351 0.142857
174 178 0.142857
175 178 0.142857
176 178 0.142857
180 178 0.142857
181 178 0.142857
182 178 0.142857
344 178 0.142857
175 179 0.142857
176 179 0.142857
177 179 0.142857
180 179 0.142857
181 179 0.142857
182 179 0.142857
183 179 0.142857
175 270 0.125
266 270 0.125
268 270 0.125
269 270 0.125
271 270 0.125
272 270 0.125
273 270 0.125
274 270 0.125
176 180 0.111111
177 180 0.111111
178 180 0.111111
179 180 0.111111
181 180 0.111111
182 180 0.111111
183 180 0.111111
184 180 0.111111
366 180 0.111111
178 344 0.125
340 344 0.125
341 344 0.125
343 344 0.125
345 344 0.125
346 344 0.125
347 344 0.125
348 344 0.125
179 183 0.142857
180 183 0.142857
182 183 0.142857
184 183 0.142857
185 183 0.142857
186 183 0.142857
187 183 0.142857
180 184 0.125
181 184 0.125
182 184 0.125
183 184 0.125
185 184 0.125
186 184 0.125
187 184 0.125
188 184 0.125
180 366 0.111111
216 366 0.111111
362 366 0.111111
363 366 0.111111
364 366 0.111111
365 366 0.111111
367 366 0.111111
368 366 0.111111
370 366 0.111111
181 185 0.125
182 185 0.125
183 185 0.125
184 185 0.125
186 185 0.125
187 185 0.125
188 185 0.125
189 185 0.125
181 275 0.142857
271 275 0.142857
272 275 0.142857
274 275 0.142857
276 275 0.142857
278 275 0.142857
279 275 0.142857
183 187 0.125
184 187 0.125
185 187 0.125
186 187 0.125
188 187 0.125
189 187 0.125
191 187 0.125
257 187 0.125
184 188 0.125
185 188 0.125
186 188 0.125
187 188 0.125
189 188 0.125
190 188 0.125
191 188 0.125
192 188 0.125
185 189 0.142857
187 189 0.142857
188 189 0.142857
190 189 0.142857
192 189 0.142857
212 189 0.142857
250 189 0.142857
186 190 0.142857
188 190 0.142857
189 190 0.142857
191 190 0.142857
192 190 0.142857
193 190 0.142857
194 190 0.142857
186 243 0.142857
239 243 0.142857
241 243 0.142857
244 243 0.142857
245 243 0.142857
246 243 0.142857
247 243 0.142857
188 192 0.111111
189 192 0.111111
190 192 0.111111
191 192 0.111111
193 192 0.111111
194 192 0.111111
195 192 0.111111
196 192 0.111111
278 192 0.111111
189 212 0.125
208 212 0.125
209 212 0.125
211 212 0.125
213 212 0.125
214 212 0.125
215 212 0.125
360 212 0.125
189 250 0.111111
246 250 0.111111
247 250 0.111111
248 250 0.111111
249 250 0.111111
251 250 0.111111
252 250 0.111111
253 250 0.111111
254 250 0.111111
190 193 0.142857
191 193 0.142857
192 193 0.142857
195 193 0.142857
196 193 0.142857
197 193 0.142857
340 193 0.142857
191 195 0.111111
192 195 0.111111
193 195 0.111111
194 195 0.111111
196 195 0.111111
197 195 0.111111
198 195 0.111111
199 195 0.111111
356 195 0.111111
193 197 0.125
194 197 0.125
195 197 0.125
196 197 0.125
198 197 0.125
199 197 0.125
200 197 0.125
201 197 0.125
193 340 0.125
336 340 0.125
337 340 0.125
338 340 0.125
341 340 0.125
342 340 0.125
343 340 0.125
344 340 0.125
195 198 0.142857
196 198 0.142857
197 198 0.142857
200 198 0.142857
201 198 0.142857
202 198 0.142857
333 198 0.142857
195 199 0.142857
196 199 0.142857
197 199 0.142857
200 199 0.142857
201 199 0.142857
202 199 0.142857
203 199 0.142857
196 200 0.125
197 200 0.125
198 200 0.125
199 200 0.125
201 200 0.125
202 200 0.125
203 200 0.125
204 200 0.125
197 201 0.125
198 201 0.125
199 201 0.125
200 201 0.125
202 201 0.125
203 201 0.125
204 201 0.125
205 201 0.125
198 202 0.125
199 202 0.125
200 202 0.125
201 202 0.125
203 202 0.125
204 202 0.125
205 202 0.125
206 202 0.125
198 333 0.111111
329 333 0.111111
330 333 0.111111
331 333 0.111111
332 333 0.111111
334 333 0.111111
335 333 0.111111
336 333 0.111111
337 333 0.111111
200 204 0.125
201 204 0.125
202 204 0.125
203 204 0.125
205 204 0.125
206 204 0.125
207 204 0.125
208 204 0.125
201 205 0.125
202 205 0.125
203 205 0.125
204 205 0.125
206 205 0.125
207 205 0.125
208 205 0.125
209 205 0.125
202 206 0.125
203 206 0.125
204 206 0.125
205 206 0.125
207 206 0.125
208 206 0.125
209 206 0.125
210 206 0.125
204 208 0.111111
205 208 0.111111
206 208 0.111111
207 208 0.111111
209 208 0.111111
210 208 0.111111
211 208 0.111111
212 208 0.111111
233 208 0.111111
205 209 0.125
206 209 0.125
207 209 0.125
208 209 0.125
210 209 0.125
211 209 0.125
212 209 0.125
213 209 0.125
208 233 0.142857
229 233 0.142857
230 233 0.142857
231 233 0.142857
234 233 0.142857
235 233 0.142857
236 233 0.142857
210 214 0.142857
211 214 0.142857
212 214 0.142857
215 214 0.142857
216 214 0.142857
217 214 0.142857
218 214 0.142857
211 215 0.125
212 215 0.125
213 215 0.125
214 215 0.125
216 215 0.125
217 215 0.125
218 215 0.125
219 215 0.125
212 360 0.125
357 360 0.125
358 360 0.125
359 360 0.125
361 360 0.125
362 360 0.125
363 360 0.125
364 360 0.125
213 216 0.125
214 216 0.125
215 216 0.125
217 216 0.125
219 216 0.125
220 216 0.125
366 216 0.125
253 216 0.125
214 218 0.142857
215 218 0.142857
217 218 0.142857
219 218 0.142857
220 218 0.142857
221 218 0.142857
222 218 0.142857
215 219 0.125
216 219 0.125
217 219 0.125
218 219 0.125
220 219 0.125
221 219 0.125
222 219 0.125
223 219 0.125
216 253 0.125
249 253 0.125
250 253 0.125
252 253 0.125
254 253 0.125
256 253 0.125
257 253 0.125
342 253 0.125
218 221 0.142857
219 221 0.142857
220 221 0.142857
222 221 0.142857
223 221 0.142857
224 221 0.142857
225 221 0.142857
218 222 0.125
219 222 0.125
220 222 0.125
221 222 0.125
223 222 0.125
224 222 0.125
225 222 0.125
302 222 0.125
219 223 0.125
220 223 0.125
221 223 0.125
222 223 0.125
224 223 0.125
225 223 0.125
227 223 0.125
246 223 0.125
220 224 0.111111
221 224 0.111111
222 224 0.111111
223 224 0.111111
225 224 0.111111
226 224 0.111111
227 224 0.111111
228 224 0.111111
354 224 0.111111
221 225 0.125
222 225 0.125
223 225 0.125
224 225 0.125
226 225 0.125
227 225 0.125
228 225 0.125
229 225 0.125
223 227 0.125
224 227 0.125
225 227 0.125
226 227 0.125
228 227 0.125
229 227 0.125
230 227 0.125
231 227 0.125
225 229 0.125
227 229 0.125
228 229 0.125
230 229 0.125
232 229 0.125
233 229 0.125
327 229 0.125
375 229 0.125
229 327 0.1
268 327 0.1
323 327 0.1
324 327 0.1
325 327 0.1
326 327 0.1
328 327 0.1
329 327 0.1
330 327 0.1
331 327 0.1
229 375 0.125
371 375 0.125
372 375 0.125
373 375 0.125
374 375 0.125
376 375 0.125
377 375 0.125
379 375 0.125
232 236 0.125
233 236 0.125
234 236 0.125
235 236 0.125
237 236 0.125
238 236 0.125
239 236 0.125
240 236 0.125
234 237 0.142857
235 237 0.142857
236 237 0.142857
238 237 0.142857
239 237 0.142857
240 237 0.142857
241 237 0.142857
234 238 0.125
235 238 0.125
236 238 0.125
237 238 0.125
239 238 0.125
240 238 0.125
241 238 0.125
242 238 0.125
236 239 0.111111
237 239 0.111111
238 239 0.111111
240 239 0.111111
241 239 0.111111
242 239 0.111111
243 239 0.111111
246 239 0.111111
345 239 0.111111
239 345 0.125
259 345 0.125
341 345 0.125
342 345 0.125
344 345 0.125
346 345 0.125
347 345 0.125
348 345 0.125
241 244 0.111111
242 244 0.111111
243 244 0.111111
245 244 0.111111
246 244 0.111111
247 244 0.111111
248 244 0.111111
328 244 0.111111
381 244 0.111111
242 245 0.142857
243 245 0.142857
244 245 0.142857
246 245 0.142857
247 245 0.142857
248 245 0.142857
249 245 0.142857
243 247 0.142857
244 247 0.142857
245 247 0.142857
248 247 0.142857
249 247 0.142857
250 247 0.142857
251 247 0.142857
244 248 0.142857
245 248 0.142857
247 248 0.142857
249 248 0.142857
250 248 0.142857
251 248 0.142857
252 248 0.142857
244 328 0.125
324 328 0.125
325 328 0.125
326 328 0.125
327 328 0.125
329 328 0.125
330 328 0.125
331 328 0.125
245 249 0.125
246 249 0.125
247 249 0.125
248 249 0.125
250 249 0.125
251 249 0.125
252 249 0.125
253 249 0.125
247 251 0.125
248 251 0.125
249 251 0.125
250 251 0.125
252 251 0.125
254 251 0.125
255 251 0.125
269 251 0.125
248 252 0.125
249 252 0.125
250 252 0.125
251 252 0.125
253 252 0.125
254 252 0.125
255 252 0.125
256 252 0.125
251 255 0.142857
252 255 0.142857
254 255 0.142857
256 255 0.142857
257 255 0.142857
258 255 0.142857
259 255 0.142857
251 269 0.125
265 269 0.125
267 269 0.125
268 269 0.125
270 269 0.125
271 269 0.125
272 269 0.125
273 269 0.125
253 342 0.142857
339 342 0.142857
340 342 0.142857
341 342 0.142857
343 342 0.142857
345 342 0.142857
346 342 0.142857
254 258 0.142857
255 258 0.142857
257 258 0.142857
259 258 0.142857
260 258 0.142857
261 258 0.142857
262 258 0.142857
255 259 0.125
256 259 0.125
257 259 0.125
258 259 0.125
260 259 0.125
262 259 0.125
263 259 0.125
345 259 0.125
256 352 0.111111
267 352 0.111111
348 352 0.111111
349 352 0.111111
350 352 0.111111
351 352 0.111111
353 352 0.111111
354 352 0.111111
356 352 0.111111
257 260 0.125
258 260 0.125
259 260 0.125
261 260 0.125
262 260 0.125
263 260 0.125
264 260 0.125
294 260 0.125
257 261 0.142857
258 261 0.142857
260 261 0.142857
262 261 0.142857
263 261 0.142857
264 261 0.142857
265 261 0.142857
258 262 0.125
259 262 0.125
260 262 0.125
261 262 0.125
263 262 0.125
264 262 0.125
265 262 0.125
266 262 0.125
260 294 0.142857
290 294 0.142857
292 294 0.142857
293 294 0.142857
295 294 0.142857
296 294 0.142857
297 294 0.142857
262 266 0.125
264 266 0.125
265 266 0.125
267 266 0.125
268 266 0.125
270 266 0.125
279 266 0.125
359 266 0.125
264 268 0.111111
265 268 0.111111
266 268 0.111111
267 268 0.111111
269 268 0.111111
270 268 0.111111
271 268 0.111111
368 268 0.111111
327 268 0.111111
266 279 0.125
275 279 0.125
276 279 0.125
277 279 0.125
278 279 0.125
280 279 0.125
282 279 0.125
283 279 0.125
266 359 0.111111
355 359 0.111111
356 359 0.111111
357 359 0.111111
358 359 0.111111
360 359 0.111111
361 359 0.111111
362 359 0.111111
363 359 0.111111
268 271 0.142857
269 271 0.142857
270 271 0.142857
272 271 0.142857
273 271 0.142857
274 271 0.142857
275 271 0.142857
268 368 0.142857
365 368 0.142857
366 368 0.142857
367 368 0.142857
370 368 0.142857
371 368 0.142857
372 368 0.142857
269 272 0.125
270 272 0.125
271 272 0.125
273 272 0.125
274 272 0.125
275 272 0.125
276 272 0.125
370 272 0.125
272 370 0.125
366 370 0.125
367 370 0.125
368 370 0.125
369 370 0.125
371 370 0.125
372 370 0.125
373 370 0.125
273 277 0.142857
274 277 0.142857
276 277 0.142857
278 277 0.142857
279 277 0.142857
280 277 0.142857
281 277 0.142857
273 329 0.111111
325 329 0.111111
326 329 0.111111
327 329 0.111111
328 329 0.111111
330 329 0.111111
331 329 0.111111
332 329 0.111111
333 329 0.111111
277 281 0.142857
278 281 0.142857
280 281 0.142857
282 281 0.142857
283 281 0.142857
284 281 0.142857
285 281 0.142857
278 282 0.125
279 282 0.125
281 282 0.125
283 282 0.125
284 282 0.125
285 282 0.125
286 282 0.125
378 282 0.125
279 283 0.125
280 283 0.125
281 283 0.125
282 283 0.125
284 283 0.125
285 283 0.125
286 283 0.125
287 283 0.125
280 284 0.125
281 284 0.125
282 284 0.125
283 284 0.125
285 284 0.125
286 284 0.125
287 284 0.125
288 284 0.125
281 285 0.125
282 285 0.125
283 285 0.125
284 285 0.125
286 285 0.125
287 285 0.125
288 285 0.125
289 285 0.125
282 286 0.125
283 286 0.125
284 286 0.125
285 286 0.125
287 286 0.125
288 286 0.125
289 286 0.125
290 286 0.125
282 378 0.142857
374 378 0.142857
376 378 0.142857
377 378 0.142857
380 378 0.142857
381 378 0.142857
382 378 0.142857
283 287 0.125
284 287 0.125
285 287 0.125
286 287 0.125
288 287 0.125
289 287 0.125
290 287 0.125
291 287 0.125
285 289 0.125
286 289 0.125
287 289 0.125
288 289 0.125
290 289 0.125
291 289 0.125
292 289 0.125
293 289 0.125
286 290 0.125
287 290 0.125
288 290 0.125
289 290 0.125
291 290 0.125
292 290 0.125
293 290 0.125
294 290 0.125
288 292 0.125
289 292 0.125
290 292 0.125
291 292 0.125
293 292 0.125
294 292 0.125
295 292 0.125
296 292 0.125
291 295 0.125
292 295 0.125
293 295 0.125
294 295 0.125
296 295 0.125
297 295 0.125
298 295 0.125
299 295 0.125
292 296 0.125
293 296 0.125
294 296 0.125
295 296 0.125
297 296 0.125
298 296 0.125
299 296 0.125
300 296 0.125
293 297 0.111111
294 297 0.111111
295 297 0.111111
296 297 0.111111
298 297 0.111111
299 297 0.111111
300 297 0.111111
301 297 0.111111
349 297 0.111111
295 299 0.142857
296 299 0.142857
297 299 0.142857
300 299 0.142857
301 299 0.142857
302 299 0.142857
303 299 0.142857
296 300 0.125
297 300 0.125
298 300 0.125
299 300 0.125
301 300 0.125
302 300 0.125
303 300 0.125
304 300 0.125
297 301 0.125
298 301 0.125
299 301 0.125
300 301 0.125
302 301 0.125
303 301 0.125
304 301 0.125
305 301 0.125
297 349 0.142857
346 349 0.142857
347 349 0.142857
348 349 0.142857
350 349 0.142857
351 349 0.142857
352 349 0.142857
299 303 0.125
300 303 0.125
301 303 0.125
302 303 0.125
304 303 0.125
305 303 0.125
306 303 0.125
307 303 0.125
302 306 0.142857
303 306 0.142857
305 306 0.142857
307 306 0.142857
308 306 0.142857
309 306 0.142857
310 306 0.142857
303 307 0.125
304 307 0.125
305 307 0.125
306 307 0.125
308 307 0.125
309 307 0.125
310 307 0.125
311 307 0.125
305 309 0.125
306 309 0.125
307 309 0.125
308 309 0.125
310 309 0.125
311 309 0.125
312 309 0.125
313 309 0.125
306 310 0.125
307 310 0.125
308 310 0.125
309 310 0.125
311 310 0.125
312 310 0.125
313 310 0.125
314 310 0.125
309 313 0.125
310 313 0.125
311 313 0.125
312 313 0.125
314 313 0.125
315 313 0.125
316 313 0.125
317 313 0.125
310 314 0.142857
311 314 0.142857
313 314 0.142857
315 314 0.142857
316 314 0.142857
317 314 0.142857
318 314 0.142857
311 315 0.125
312 315 0.125
313 315 0.125
314 315 0.125
316 315 0.125
317 315 0.125
318 315 0.125
319 315 0.125
312 316 0.125
313 316 0.125
314 316 0.125
315 316 0.125
317 316 0.125
318 316 0.125
319 316 0.125
320 316 0.125
313 317 0.125
314 317 0.125
315 317 0.125
316 317 0.125
318 317 0.125
319 317 0.125
320 317 0.125
321 317 0.125
314 318 0.125
315 318 0.125
316 318 0.125
317 318 0.125
319 318 0.125
320 318 0.125
321 318 0.125
322 318 0.125
315 319 0.125
316 319 0.125
317 319 0.125
318 319 0.125
320 319 0.125
321 319 0.125
322 319 0.125
323 319 0.125
316 320 0.125
317 320 0.125
318 320 0.125
319 320 0.125
321 320 0.125
322 320 0.125
323 320 0.125
324 320 0.125
318 322 0.125
319 322 0.125
320 322 0.125
321 322 0.125
323 322 0.125
324 322 0.125
325 322 0.125
326 322 0.125
319 323 0.125
320 323 0.125
321 323 0.125
322 323 0.125
324 323 0.125
325 323 0.125
326 323 0.125
327 323 0.125
320 324 0.125
321 324 0.125
322 324 0.125
323 324 0.125
325 324 0.125
326 324 0.125
327 324 0.125
328 324 0.125
321 325 0.125
322 325 0.125
323 325 0.125
324 325 0.125
326 325 0.125
327 325 0.125
328 325 0.125
329 325 0.125
322 326 0.125
323 326 0.125
324 326 0.125
325 326 0.125
327 326 0.125
328 326 0.125
329 326 0.125
330 326 0.125
326 330 0.125
327 330 0.125
328 330 0.125
329 330 0.125
331 330 0.125
332 330 0.125
333 330 0.125
334 330 0.125
327 331 0.125
328 331 0.125
329 331 0.125
330 331 0.125
332 331 0.125
333 331 0.125
334 331 0.125
335 331 0.125
329 332 0.142857
330 332 0.142857
331 332 0.142857
333 332 0.142857
334 332 0.142857
335 332 0.142857
336 332 0.142857
331 335 0.142857
332 335 0.142857
333 335 0.142857
336 335 0.142857
337 335 0.142857
338 335 0.142857
339 335 0.142857
332 336 0.125
333 336 0.125
334 336 0.125
335 336 0.125
337 336 0.125
338 336 0.125
339 336 0.125
340 336 0.125
333 337 0.125
334 337 0.125
335 337 0.125
336 337 0.125
338 337 0.125
339 337 0.125
340 337 0.125
341 337 0.125
337 341 0.142857
338 341 0.142857
340 341 0.142857
342 341 0.142857
343 341 0.142857
344 341 0.142857
345 341 0.142857
344 348 0.125
345 348 0.125
346 348 0.125
347 348 0.125
349 348 0.125
350 348 0.125
351 348 0.125
352 348 0.125
353 363 0.142857
359 363 0.142857
360 363 0.142857
361 363 0.142857
364 363 0.142857
365 363 0.142857
366 363 0.142857
357 361 0.125
358 361 0.125
359 361 0.125
360 361 0.125
362 361 0.125
363 361 0.125
364 361 0.125
365 361 0.125
364 367 0.142857
365 367 0.142857
366 367 0.142857
368 367 0.142857
369 367 0.142857
370 367 0.142857
371 367 0.142857
365 369 0.166667
367 369 0.166667
370 369 0.166667
371 369 0.166667
372 369 0.166667
373 369 0.166667
367 371 0.125
368 371 0.125
369 371 0.125
370 371 0.125
372 371 0.125
373 371 0.125
374 371 0.125
375 371 0.125
368 372 0.125
369 372 0.125
370 372 0.125
371 372 0.125
373 372 0.125
374 372 0.125
375 372 0.125
376 372 0.125
371 374 0.142857
372 374 0.142857
373 374 0.142857
375 374 0.142857
376 374 0.142857
377 374 0.142857
378 374 0.142857
373 377 0.125
374 377 0.125
375 377 0.125
376 377 0.125
378 377 0.125
379 377 0.125
380 377 0.125
381 377 0.125
1 0 0.125
382 0 0.125
2 0 0.125
381 0 0.125
3 0 0.125
380 0 0.125
4 0 0.125
379 0 0.125
