0 2 0.047619
5 2 0.047619
8 2 0.047619
11 2 0.047619
16 2 0.047619
22 2 0.047619
27 2 0.047619
41 2 0.047619
44 2 0.047619
49 2 0.047619
59 2 0.047619
66 2 0.047619
70 2 0.047619
72 2 0.047619
106 2 0.047619
108 2 0.047619
120 2 0.047619
121 2 0.047619
128 2 0.047619
152 2 0.047619
163 2 0.047619
0 6 0.041667
12 6 0.041667
15 6 0.041667
16 6 0.041667
23 6 0.041667
24 6 0.041667
28 6 0.041667
35 6 0.041667
37 6 0.041667
48 6 0.041667
49 6 0.041667
65 6 0.041667
66 6 0.041667
68 6 0.041667
71 6 0.041667
94 6 0.041667
95 6 0.041667
96 6 0.041667
104 6 0.041667
123 6 0.041667
149 6 0.041667
153 6 0.041667
155 6 0.041667
163 6 0.041667
0 9 0.038462
5 9 0.038462
7 9 0.038462
11 9 0.038462
15 9 0.038462
18 9 0.038462
22 9 0.038462
35 9 0.038462
43 9 0.038462
44 9 0.038462
49 9 0.038462
52 9 0.038462
65 9 0.038462
71 9 0.038462
83 9 0.038462
95 9 0.038462
96 9 0.038462
102 9 0.038462
117 9 0.038462
121 9 0.038462
127 9 0.038462
131 9 0.038462
147 9 0.038462
149 9 0.038462
157 9 0.038462
158 9 0.038462
0 15 0.033333
5 15 0.033333
6 15 0.033333
8 15 0.033333
9 15 0.033333
12 15 0.033333
32 15 0.033333
39 15 0.033333
48 15 0.033333
51 15 0.033333
57 15 0.033333
66 15 0.033333
68 15 0.033333
69 15 0.033333
91 15 0.033333
94 15 0.033333
101 15 0.033333
102 15 0.033333
109 15 0.033333
112 15 0.033333
113 15 0.033333
115 15 0.033333
119 15 0.033333
120 15 0.033333
131 15 0.033333
134 15 0.033333
139 15 0.033333
151 15 0.033333
152 15 0.033333
162 15 0.033333
0 18 0.0625
9 18 0.0625
25 18 0.0625
28 18 0.0625
29 18 0.0625
43 18 0.0625
56 18 0.0625
63 18 0.0625
89 18 0.0625
91 18 0.0625
105 18 0.0625
108 18 0.0625
121 18 0.0625
138 18 0.0625
143 18 0.0625
161 18 0.0625
0 59 0.037037
2 59 0.037037
28 59 0.037037
29 59 0.037037
44 59 0.037037
49 59 0.037037
51 59 0.037037
60 59 0.037037
67 59 0.037037
79 59 0.037037
84 59 0.037037
89 59 0.037037
92 59 0.037037
110 59 0.037037
117 59 0.037037
118 59 0.037037
126 59 0.037037
132 59 0.037037
134 59 0.037037
136 59 0.037037
140 59 0.037037
142 59 0.037037
146 59 0.037037
150 59 0.037037
153 59 0.037037
155 59 0.037037
158 59 0.037037
0 64 0.043478
5 64 0.043478
7 64 0.043478
19 64 0.043478
33 64 0.043478
43 64 0.043478
48 64 0.043478
52 64 0.043478
57 64 0.043478
62 64 0.043478
63 64 0.043478
69 64 0.043478
72 64 0.043478
76 64 0.043478
77 64 0.043478
98 64 0.043478
111 64 0.043478
114 64 0.043478
120 64 0.043478
124 64 0.043478
152 64 0.043478
160 64 0.043478
161 64 0.043478
0 69 0.033333
4 69 0.033333
15 69 0.033333
17 69 0.033333
20 69 0.033333
26 69 0.033333
28 69 0.033333
35 69 0.033333
45 69 0.033333
47 69 0.033333
52 69 0.033333
55 69 0.033333
64 69 0.033333
70 69 0.033333
97 69 0.033333
99 69 0.033333
102 69 0.033333
107 69 0.033333
108 69 0.033333
116 69 0.033333
121 69 0.033333
130 69 0.033333
132 69 0.033333
135 69 0.033333
139 69 0.033333
143 69 0.033333
146 69 0.033333
148 69 0.033333
153 69 0.033333
164 69 0.033333
0 78 0.045455
8 78 0.045455
11 78 0.045455
12 78 0.045455
25 78 0.045455
40 78 0.045455
46 78 0.045455
53 78 0.045455
54 78 0.045455
65 78 0.045455
67 78 0.045455
72 78 0.045455
77 78 0.045455
83 78 0.045455
84 78 0.045455
91 78 0.045455
96 78 0.045455
100 78 0.045455
104 78 0.045455
109 78 0.045455
147 78 0.045455
153 78 0.045455
0 82 0.041667
5 82 0.041667
7 82 0.041667
30 82 0.041667
31 82 0.041667
43 82 0.041667
49 82 0.041667
52 82 0.041667
87 82 0.041667
99 82 0.041667
109 82 0.041667
111 82 0.041667
115 82 0.041667
116 82 0.041667
117 82 0.041667
121 82 0.041667
123 82 0.041667
124 82 0.041667
132 82 0.041667
137 82 0.041667
143 82 0.041667
158 82 0.041667
161 82 0.041667
164 82 0.041667
0 85 0.052632
12 85 0.052632
17 85 0.052632
24 85 0.052632
29 85 0.052632
39 85 0.052632
53 85 0.052632
54 85 0.052632
61 85 0.052632
68 85 0.052632
80 85 0.052632
128 85 0.052632
132 85 0.052632
137 85 0.052632
138 85 0.052632
139 85 0.052632
151 85 0.052632
154 85 0.052632
161 85 0.052632
0 91 0.041667
11 91 0.041667
15 91 0.041667
18 91 0.041667
19 91 0.041667
22 91 0.041667
24 91 0.041667
25 91 0.041667
38 91 0.041667
44 91 0.041667
49 91 0.041667
54 91 0.041667
77 91 0.041667
78 91 0.041667
84 91 0.041667
109 91 0.041667
116 91 0.041667
117 91 0.041667
122 91 0.041667
131 91 0.041667
132 91 0.041667
150 91 0.041667
162 91 0.041667
163 91 0.041667
0 111 0.035714
5 111 0.035714
19 111 0.035714
24 111 0.035714
30 111 0.035714
40 111 0.035714
45 111 0.035714
46 111 0.035714
51 111 0.035714
56 111 0.035714
61 111 0.035714
64 111 0.035714
65 111 0.035714
82 111 0.035714
100 111 0.035714
120 111 0.035714
122 111 0.035714
129 111 0.035714
130 111 0.035714
134 111 0.035714
142 111 0.035714
145 111 0.035714
146 111 0.035714
151 111 0.035714
159 111 0.035714
161 111 0.035714
162 111 0.035714
164 111 0.035714
0 112 0.037037
3 112 0.037037
5 112 0.037037
8 112 0.037037
11 112 0.037037
14 112 0.037037
15 112 0.037037
17 112 0.037037
24 112 0.037037
28 112 0.037037
29 112 0.037037
68 112 0.037037
75 112 0.037037
77 112 0.037037
81 112 0.037037
83 112 0.037037
88 112 0.037037
93 112 0.037037
106 112 0.037037
109 112 0.037037
114 112 0.037037
122 112 0.037037
123 112 0.037037
138 112 0.037037
149 112 0.037037
156 112 0.037037
157 112 0.037037
0 115 0.035714
8 115 0.035714
12 115 0.035714
15 115 0.035714
19 115 0.035714
23 115 0.035714
31 115 0.035714
35 115 0.035714
38 115 0.035714
40 115 0.035714
43 115 0.035714
46 115 0.035714
56 115 0.035714
70 115 0.035714
79 115 0.035714
82 115 0.035714
83 115 0.035714
86 115 0.035714
88 115 0.035714
97 115 0.035714
104 115 0.035714
109 115 0.035714
122 115 0.035714
124 115 0.035714
125 115 0.035714
144 115 0.035714
156 115 0.035714
159 115 0.035714
0 125 0.045455
26 125 0.045455
27 125 0.045455
38 125 0.045455
43 125 0.045455
49 125 0.045455
50 125 0.045455
53 125 0.045455
56 125 0.045455
79 125 0.045455
87 125 0.045455
92 125 0.045455
94 125 0.045455
103 125 0.045455
108 125 0.045455
115 125 0.045455
118 125 0.045455
129 125 0.045455
135 125 0.045455
139 125 0.045455
159 125 0.045455
162 125 0.045455
0 126 0.038462
24 126 0.038462
30 126 0.038462
31 126 0.038462
51 126 0.038462
57 126 0.038462
59 126 0.038462
63 126 0.038462
71 126 0.038462
72 126 0.038462
79 126 0.038462
94 126 0.038462
95 126 0.038462
101 126 0.038462
109 126 0.038462
110 126 0.038462
129 126 0.038462
132 126 0.038462
139 126 0.038462
140 126 0.038462
144 126 0.038462
146 126 0.038462
151 126 0.038462
156 126 0.038462
157 126 0.038462
162 126 0.038462
0 131 0.043478
1 131 0.043478
9 131 0.043478
14 131 0.043478
15 131 0.043478
21 131 0.043478
37 131 0.043478
40 131 0.043478
48 131 0.043478
58 131 0.043478
61 131 0.043478
62 131 0.043478
84 131 0.043478
91 131 0.043478
92 131 0.043478
94 131 0.043478
101 131 0.043478
106 131 0.043478
114 131 0.043478
143 131 0.043478
144 131 0.043478
157 131 0.043478
158 131 0.043478
0 137 0.066667
22 137 0.066667
37 137 0.066667
50 137 0.066667
51 137 0.066667
63 137 0.066667
73 137 0.066667
82 137 0.066667
83 137 0.066667
85 137 0.066667
88 137 0.066667
148 137 0.066667
150 137 0.066667
154 137 0.066667
157 137 0.066667
0 148 0.037037
5 148 0.037037
19 148 0.037037
35 148 0.037037
38 148 0.037037
40 148 0.037037
42 148 0.037037
43 148 0.037037
49 148 0.037037
54 148 0.037037
57 148 0.037037
61 148 0.037037
63 148 0.037037
69 148 0.037037
73 148 0.037037
88 148 0.037037
98 148 0.037037
101 148 0.037037
114 148 0.037037
119 148 0.037037
127 148 0.037037
128 148 0.037037
132 148 0.037037
136 148 0.037037
137 148 0.037037
160 148 0.037037
161 148 0.037037
0 155 0.037037
6 155 0.037037
19 155 0.037037
32 155 0.037037
43 155 0.037037
57 155 0.037037
59 155 0.037037
60 155 0.037037
95 155 0.037037
99 155 0.037037
104 155 0.037037
105 155 0.037037
106 155 0.037037
107 155 0.037037
109 155 0.037037
132 155 0.037037
134 155 0.037037
139 155 0.037037
140 155 0.037037
141 155 0.037037
144 155 0.037037
147 155 0.037037
149 155 0.037037
150 155 0.037037
153 155 0.037037
160 155 0.037037
162 155 0.037037
0 156 0.035714
10 156 0.035714
26 156 0.035714
35 156 0.035714
45 156 0.035714
46 156 0.035714
52 156 0.035714
62 156 0.035714
65 156 0.035714
66 156 0.035714
72 156 0.035714
77 156 0.035714
81 156 0.035714
84 156 0.035714
93 156 0.035714
104 156 0.035714
105 156 0.035714
108 156 0.035714
109 156 0.035714
112 156 0.035714
115 156 0.035714
123 156 0.035714
126 156 0.035714
133 156 0.035714
139 156 0.035714
140 156 0.035714
144 156 0.035714
152 156 0.035714
0 158 0.038462
3 158 0.038462
7 158 0.038462
9 158 0.038462
12 158 0.038462
16 158 0.038462
17 158 0.038462
19 158 0.038462
26 158 0.038462
38 158 0.038462
59 158 0.038462
60 158 0.038462
65 158 0.038462
70 158 0.038462
74 158 0.038462
82 158 0.038462
88 158 0.038462
95 158 0.038462
114 158 0.038462
117 158 0.038462
129 158 0.038462
130 158 0.038462
131 158 0.038462
149 158 0.038462
161 158 0.038462
162 158 0.038462
0 160 0.0625
16 160 0.0625
27 160 0.0625
37 160 0.0625
56 160 0.0625
61 160 0.0625
64 160 0.0625
66 160 0.0625
68 160 0.0625
75 160 0.0625
84 160 0.0625
89 160 0.0625
116 160 0.0625
146 160 0.0625
148 160 0.0625
155 160 0.0625
0 161 0.025641
4 161 0.025641
5 161 0.025641
12 161 0.025641
18 161 0.025641
20 161 0.025641
24 161 0.025641
29 161 0.025641
30 161 0.025641
34 161 0.025641
37 161 0.025641
40 161 0.025641
43 161 0.025641
44 161 0.025641
48 161 0.025641
58 161 0.025641
61 161 0.025641
64 161 0.025641
68 161 0.025641
74 161 0.025641
79 161 0.025641
82 161 0.025641
85 161 0.025641
100 161 0.025641
106 161 0.025641
111 161 0.025641
116 161 0.025641
118 161 0.025641
119 161 0.025641
123 161 0.025641
132 161 0.025641
138 161 0.025641
144 161 0.025641
145 161 0.025641
148 161 0.025641
149 161 0.025641
157 161 0.025641
158 161 0.025641
162 161 0.025641
1 7 0.030303
5 7 0.030303
9 7 0.030303
11 7 0.030303
19 7 0.030303
21 7 0.030303
24 7 0.030303
28 7 0.030303
33 7 0.030303
35 7 0.030303
36 7 0.030303
44 7 0.030303
47 7 0.030303
50 7 0.030303
53 7 0.030303
62 7 0.030303
64 7 0.030303
82 7 0.030303
83 7 0.030303
87 7 0.030303
95 7 0.030303
97 7 0.030303
98 7 0.030303
102 7 0.030303
109 7 0.030303
117 7 0.030303
120 7 0.030303
127 7 0.030303
138 7 0.030303
141 7 0.030303
146 7 0.030303
147 7 0.030303
158 7 0.030303
1 13 0.041667
14 13 0.041667
17 13 0.041667
29 13 0.041667
35 13 0.041667
38 13 0.041667
43 13 0.041667
55 13 0.041667
56 13 0.041667
66 13 0.041667
67 13 0.041667
68 13 0.041667
83 13 0.041667
93 13 0.041667
100 13 0.041667
105 13 0.041667
110 13 0.041667
117 13 0.041667
118 13 0.041667
127 13 0.041667
135 13 0.041667
138 13 0.041667
142 13 0.041667
152 13 0.041667
1 14 0.04
13 14 0.04
19 14 0.04
21 14 0.04
23 14 0.04
29 14 0.04
37 14 0.04
41 14 0.04
44 14 0.04
49 14 0.04
55 14 0.04
61 14 0.04
62 14 0.04
68 14 0.04
80 14 0.04
83 14 0.04
112 14 0.04
118 14 0.04
123 14 0.04
124 14 0.04
130 14 0.04
131 14 0.04
142 14 0.04
147 14 0.04
164 14 0.04
1 16 0.05
2 16 0.05
6 16 0.05
19 16 0.05
28 16 0.05
32 16 0.05
35 16 0.05
42 16 0.05
53 16 0.05
68 16 0.05
80 16 0.05
92 16 0.05
98 16 0.05
110 16 0.05
117 16 0.05
120 16 0.05
127 16 0.05
143 16 0.05
158 16 0.05
160 16 0.05
1 61 0.03125
3 61 0.03125
8 61 0.03125
12 61 0.03125
14 61 0.03125
25 61 0.03125
31 61 0.03125
38 61 0.03125
40 61 0.03125
46 61 0.03125
62 61 0.03125
84 61 0.03125
85 61 0.03125
88 61 0.03125
94 61 0.03125
98 61 0.03125
104 61 0.03125
105 61 0.03125
111 61 0.03125
130 61 0.03125
131 61 0.03125
134 61 0.03125
139 61 0.03125
140 61 0.03125
142 61 0.03125
144 61 0.03125
148 61 0.03125
157 61 0.03125
160 61 0.03125
161 61 0.03125
163 61 0.03125
164 61 0.03125
1 62 0.041667
7 62 0.041667
12 62 0.041667
14 62 0.041667
20 62 0.041667
29 62 0.041667
30 62 0.041667
43 62 0.041667
51 62 0.041667
54 62 0.041667
61 62 0.041667
64 62 0.041667
72 62 0.041667
75 62 0.041667
90 62 0.041667
94 62 0.041667
96 62 0.041667
101 62 0.041667
108 62 0.041667
116 62 0.041667
131 62 0.041667
142 62 0.041667
153 62 0.041667
156 62 0.041667
1 72 0.035714
2 72 0.035714
5 72 0.035714
11 72 0.035714
17 72 0.035714
29 72 0.035714
55 72 0.035714
58 72 0.035714
62 72 0.035714
64 72 0.035714
65 72 0.035714
75 72 0.035714
78 72 0.035714
79 72 0.035714
89 72 0.035714
101 72 0.035714
116 72 0.035714
117 72 0.035714
121 72 0.035714
126 72 0.035714
127 72 0.035714
130 72 0.035714
132 72 0.035714
133 72 0.035714
136 72 0.035714
139 72 0.035714
152 72 0.035714
156 72 0.035714
1 73 0.04
17 73 0.04
19 73 0.04
20 73 0.04
29 73 0.04
31 73 0.04
35 73 0.04
57 73 0.04
63 73 0.04
70 73 0.04
71 73 0.04
84 73 0.04
87 73 0.04
97 73 0.04
99 73 0.04
108 73 0.04
119 73 0.04
129 73 0.04
133 73 0.04
136 73 0.04
137 73 0.04
147 73 0.04
148 73 0.04
150 73 0.04
162 73 0.04
1 81 0.032258
12 81 0.032258
19 81 0.032258
22 81 0.032258
37 81 0.032258
38 81 0.032258
39 81 0.032258
60 81 0.032258
65 81 0.032258
68 81 0.032258
75 81 0.032258
86 81 0.032258
90 81 0.032258
94 81 0.032258
95 81 0.032258
96 81 0.032258
100 81 0.032258
104 81 0.032258
106 81 0.032258
107 81 0.032258
110 81 0.032258
112 81 0.032258
117 81 0.032258
120 81 0.032258
141 81 0.032258
147 81 0.032258
149 81 0.032258
151 81 0.032258
152 81 0.032258
156 81 0.032258
163 81 0.032258
1 84 0.032258
8 84 0.032258
20 84 0.032258
21 84 0.032258
32 84 0.032258
35 84 0.032258
49 84 0.032258
51 84 0.032258
54 84 0.032258
59 84 0.032258
61 84 0.032258
71 84 0.032258
73 84 0.032258
78 84 0.032258
83 84 0.032258
86 84 0.032258
87 84 0.032258
89 84 0.032258
91 84 0.032258
95 84 0.032258
98 84 0.032258
116 84 0.032258
121 84 0.032258
131 84 0.032258
136 84 0.032258
142 84 0.032258
147 84 0.032258
149 84 0.032258
156 84 0.032258
157 84 0.032258
160 84 0.032258
1 101 0.04
15 101 0.04
22 101 0.04
37 101 0.04
41 101 0.04
56 101 0.04
60 101 0.04
62 101 0.04
65 101 0.04
71 101 0.04
72 101 0.04
77 101 0.04
79 101 0.04
90 101 0.04
93 101 0.04
98 101 0.04
114 101 0.04
116 101 0.04
117 101 0.04
126 101 0.04
127 101 0.04
131 101 0.04
134 101 0.04
148 101 0.04
154 101 0.04
1 105 0.041667
5 105 0.041667
13 105 0.041667
17 105 0.041667
18 105 0.041667
32 105 0.041667
40 105 0.041667
60 105 0.041667
61 105 0.041667
63 105 0.041667
87 105 0.041667
89 105 0.041667
93 105 0.041667
99 105 0.041667
109 105 0.041667
117 105 0.041667
145 105 0.041667
146 105 0.041667
149 105 0.041667
151 105 0.041667
153 105 0.041667
155 105 0.041667
156 105 0.041667
159 105 0.041667
1 116 0.037037
20 116 0.037037
21 116 0.037037
23 116 0.037037
24 116 0.037037
27 116 0.037037
40 116 0.037037
42 116 0.037037
47 116 0.037037
56 116 0.037037
60 116 0.037037
62 116 0.037037
65 116 0.037037
69 116 0.037037
72 116 0.037037
82 116 0.037037
84 116 0.037037
91 116 0.037037
92 116 0.037037
101 116 0.037037
110 116 0.037037
121 116 0.037037
133 116 0.037037
135 116 0.037037
136 116 0.037037
160 116 0.037037
161 116 0.037037
1 121 0.035714
2 121 0.035714
3 121 0.035714
5 121 0.035714
9 121 0.035714
18 121 0.035714
20 121 0.035714
40 121 0.035714
44 121 0.035714
48 121 0.035714
57 121 0.035714
58 121 0.035714
60 121 0.035714
69 121 0.035714
72 121 0.035714
82 121 0.035714
84 121 0.035714
86 121 0.035714
88 121 0.035714
89 121 0.035714
108 121 0.035714
116 121 0.035714
117 121 0.035714
124 121 0.035714
149 121 0.035714
150 121 0.035714
152 121 0.035714
159 121 0.035714
1 128 0.052632
2 128 0.052632
17 128 0.052632
21 128 0.052632
29 128 0.052632
42 128 0.052632
48 128 0.052632
49 128 0.052632
85 128 0.052632
93 128 0.052632
97 128 0.052632
99 128 0.052632
100 128 0.052632
109 128 0.052632
117 128 0.052632
133 128 0.052632
144 128 0.052632
146 128 0.052632
148 128 0.052632
1 132 0.034483
17 132 0.034483
19 132 0.034483
21 132 0.034483
28 132 0.034483
29 132 0.034483
40 132 0.034483
42 132 0.034483
48 132 0.034483
49 132 0.034483
59 132 0.034483
60 132 0.034483
63 132 0.034483
69 132 0.034483
72 132 0.034483
74 132 0.034483
82 132 0.034483
85 132 0.034483
91 132 0.034483
92 132 0.034483
98 132 0.034483
107 132 0.034483
126 132 0.034483
143 132 0.034483
148 132 0.034483
152 132 0.034483
154 132 0.034483
155 132 0.034483
161 132 0.034483
1 135 0.043478
4 135 0.043478
5 135 0.043478
13 135 0.043478
20 135 0.043478
34 135 0.043478
42 135 0.043478
51 135 0.043478
54 135 0.043478
55 135 0.043478
57 135 0.043478
69 135 0.043478
75 135 0.043478
83 135 0.043478
97 135 0.043478
104 135 0.043478
116 135 0.043478
119 135 0.043478
123 135 0.043478
124 135 0.043478
125 135 0.043478
143 135 0.043478
150 135 0.043478
1 143 0.038462
16 143 0.038462
18 143 0.038462
28 143 0.038462
37 143 0.038462
53 143 0.038462
58 143 0.038462
65 143 0.038462
68 143 0.038462
69 143 0.038462
82 143 0.038462
86 143 0.038462
90 143 0.038462
93 143 0.038462
108 143 0.038462
110 143 0.038462
114 143 0.038462
120 143 0.038462
131 143 0.038462
132 143 0.038462
135 143 0.038462
142 143 0.038462
145 143 0.038462
153 143 0.038462
159 143 0.038462
164 143 0.038462
1 147 0.038462
4 147 0.038462
7 147 0.038462
9 147 0.038462
14 147 0.038462
35 147 0.038462
38 147 0.038462
40 147 0.038462
51 147 0.038462
52 147 0.038462
54 147 0.038462
73 147 0.038462
74 147 0.038462
75 147 0.038462
77 147 0.038462
78 147 0.038462
81 147 0.038462
84 147 0.038462
86 147 0.038462
93 147 0.038462
100 147 0.038462
103 147 0.038462
106 147 0.038462
122 147 0.038462
144 147 0.038462
155 147 0.038462
1 157 0.041667
8 157 0.041667
9 157 0.041667
22 157 0.041667
35 157 0.041667
43 157 0.041667
48 157 0.041667
51 157 0.041667
52 157 0.041667
55 157 0.041667
60 157 0.041667
61 157 0.041667
84 157 0.041667
86 157 0.041667
88 157 0.041667
96 157 0.041667
98 157 0.041667
106 157 0.041667
112 157 0.041667
126 157 0.041667
131 157 0.041667
137 157 0.041667
138 157 0.041667
161 157 0.041667
1 164 0.047619
4 164 0.047619
14 164 0.047619
17 164 0.047619
32 164 0.047619
43 164 0.047619
44 164 0.047619
47 164 0.047619
61 164 0.047619
67 164 0.047619
69 164 0.047619
82 164 0.047619
92 164 0.047619
98 164 0.047619
110 164 0.047619
111 164 0.047619
120 164 0.047619
124 164 0.047619
139 164 0.047619
143 164 0.047619
144 164 0.047619
2 5 0.027778
3 5 0.027778
7 5 0.027778
8 5 0.027778
9 5 0.027778
15 5 0.027778
28 5 0.027778
53 5 0.027778
64 5 0.027778
67 5 0.027778
70 5 0.027778
71 5 0.027778
72 5 0.027778
79 5 0.027778
82 5 0.027778
83 5 0.027778
104 5 0.027778
105 5 0.027778
110 5 0.027778
111 5 0.027778
112 5 0.027778
117 5 0.027778
118 5 0.027778
121 5 0.027778
127 5 0.027778
129 5 0.027778
134 5 0.027778
135 5 0.027778
136 5 0.027778
142 5 0.027778
146 5 0.027778
148 5 0.027778
151 5 0.027778
159 5 0.027778
161 5 0.027778
163 5 0.027778
2 8 0.043478
5 8 0.043478
15 8 0.043478
17 8 0.043478
37 8 0.043478
44 8 0.043478
46 8 0.043478
54 8 0.043478
61 8 0.043478
63 8 0.043478
66 8 0.043478
78 8 0.043478
84 8 0.043478
86 8 0.043478
94 8 0.043478
102 8 0.043478
107 8 0.043478
112 8 0.043478
115 8 0.043478
134 8 0.043478
144 8 0.043478
151 8 0.043478
157 8 0.043478
2 11 0.047619
4 11 0.047619
7 11 0.047619
9 11 0.047619
40 11 0.047619
41 11 0.047619
43 11 0.047619
48 11 0.047619
52 11 0.047619
60 11 0.047619
72 11 0.047619
75 11 0.047619
78 11 0.047619
91 11 0.047619
93 11 0.047619
95 11 0.047619
102 11 0.047619
112 11 0.047619
119 11 0.047619
140 11 0.047619
153 11 0.047619
2 22 0.047619
9 22 0.047619
12 22 0.047619
24 22 0.047619
31 22 0.047619
33 22 0.047619
36 22 0.047619
47 22 0.047619
52 22 0.047619
55 22 0.047619
60 22 0.047619
81 22 0.047619
91 22 0.047619
95 22 0.047619
101 22 0.047619
123 22 0.047619
137 22 0.047619
139 22 0.047619
144 22 0.047619
154 22 0.047619
157 22 0.047619
2 27 0.05
19 27 0.05
21 27 0.05
25 27 0.05
26 27 0.05
31 27 0.05
43 27 0.05
44 27 0.05
49 27 0.05
57 27 0.05
58 27 0.05
65 27 0.05
108 27 0.05
116 27 0.05
118 27 0.05
125 27 0.05
140 27 0.05
151 27 0.05
153 27 0.05
160 27 0.05
2 41 0.047619
11 41 0.047619
14 41 0.047619
23 41 0.047619
30 41 0.047619
39 41 0.047619
44 41 0.047619
47 41 0.047619
53 41 0.047619
63 41 0.047619
66 41 0.047619
74 41 0.047619
79 41 0.047619
89 41 0.047619
101 41 0.047619
104 41 0.047619
109 41 0.047619
119 41 0.047619
139 41 0.047619
144 41 0.047619
159 41 0.047619
2 44 0.037037
7 44 0.037037
8 44 0.037037
9 44 0.037037
14 44 0.037037
19 44 0.037037
21 44 0.037037
26 44 0.037037
27 44 0.037037
29 44 0.037037
32 44 0.037037
37 44 0.037037
40 44 0.037037
41 44 0.037037
52 44 0.037037
59 44 0.037037
70 44 0.037037
88 44 0.037037
91 44 0.037037
102 44 0.037037
121 44 0.037037
127 44 0.037037
133 44 0.037037
144 44 0.037037
154 44 0.037037
161 44 0.037037
164 44 0.037037
2 49 0.033333
6 49 0.033333
9 49 0.033333
14 49 0.033333
27 49 0.033333
33 49 0.033333
51 49 0.033333
56 49 0.033333
58 49 0.033333
59 49 0.033333
70 49 0.033333
74 49 0.033333
75 49 0.033333
77 49 0.033333
82 49 0.033333
84 49 0.033333
90 49 0.033333
91 49 0.033333
97 49 0.033333
98 49 0.033333
104 49 0.033333
118 49 0.033333
125 49 0.033333
128 49 0.033333
132 49 0.033333
134 49 0.033333
148 49 0.033333
150 49 0.033333
159 49 0.033333
163 49 0.033333
2 66 0.035714
6 66 0.035714
8 66 0.035714
13 66 0.035714
15 66 0.035714
19 66 0.035714
20 66 0.035714
21 66 0.035714
24 66 0.035714
30 66 0.035714
31 66 0.035714
34 66 0.035714
38 66 0.035714
39 66 0.035714
41 66 0.035714
47 66 0.035714
53 66 0.035714
70 66 0.035714
75 66 0.035714
77 66 0.035714
92 66 0.035714
98 66 0.035714
106 66 0.035714
119 66 0.035714
134 66 0.035714
154 66 0.035714
156 66 0.035714
160 66 0.035714
2 70 0.035714
5 70 0.035714
20 70 0.035714
23 70 0.035714
39 70 0.035714
43 70 0.035714
44 70 0.035714
45 70 0.035714
49 70 0.035714
55 70 0.035714
57 70 0.035714
58 70 0.035714
66 70 0.035714
69 70 0.035714
71 70 0.035714
73 70 0.035714
77 70 0.035714
83 70 0.035714
88 70 0.035714
92 70 0.035714
107 70 0.035714
110 70 0.035714
115 70 0.035714
118 70 0.035714
136 70 0.035714
142 70 0.035714
153 70 0.035714
158 70 0.035714
2 106 0.033333
24 106 0.033333
33 106 0.033333
40 106 0.033333
50 106 0.033333
57 106 0.033333
58 106 0.033333
60 106 0.033333
66 106 0.033333
74 106 0.033333
80 106 0.033333
81 106 0.033333
87 106 0.033333
96 106 0.033333
98 106 0.033333
99 106 0.033333
108 106 0.033333
109 106 0.033333
112 106 0.033333
118 106 0.033333
119 106 0.033333
129 106 0.033333
131 106 0.033333
136 106 0.033333
142 106 0.033333
147 106 0.033333
153 106 0.033333
155 106 0.033333
157 106 0.033333
161 106 0.033333
2 108 0.037037
18 108 0.037037
27 108 0.037037
37 108 0.037037
38 108 0.037037
40 108 0.037037
50 108 0.037037
51 108 0.037037
62 108 0.037037
69 108 0.037037
71 108 0.037037
73 108 0.037037
90 108 0.037037
98 108 0.037037
104 108 0.037037
106 108 0.037037
117 108 0.037037
121 108 0.037037
125 108 0.037037
138 108 0.037037
139 108 0.037037
140 108 0.037037
143 108 0.037037
150 108 0.037037
151 108 0.037037
153 108 0.037037
156 108 0.037037
2 120 0.035714
7 120 0.035714
10 120 0.035714
15 120 0.035714
16 120 0.035714
20 120 0.035714
30 120 0.035714
31 120 0.035714
40 120 0.035714
42 120 0.035714
45 120 0.035714
64 120 0.035714
65 120 0.035714
77 120 0.035714
80 120 0.035714
81 120 0.035714
83 120 0.035714
88 120 0.035714
109 120 0.035714
111 120 0.035714
117 120 0.035714
119 120 0.035714
123 120 0.035714
127 120 0.035714
143 120 0.035714
151 120 0.035714
163 120 0.035714
164 120 0.035714
2 152 0.04
13 152 0.04
15 152 0.04
29 152 0.04
30 152 0.04
43 152 0.04
47 152 0.04
50 152 0.04
58 152 0.04
63 152 0.04
64 152 0.04
68 152 0.04
72 152 0.04
74 152 0.04
75 152 0.04
77 152 0.04
81 152 0.04
89 152 0.04
121 152 0.04
129 152 0.04
132 152 0.04
133 152 0.04
139 152 0.04
154 152 0.04
156 152 0.04
2 163 0.05
5 163 0.05
6 163 0.05
17 163 0.05
35 163 0.05
39 163 0.05
49 163 0.05
51 163 0.05
61 163 0.05
68 163 0.05
75 163 0.05
81 163 0.05
91 163 0.05
98 163 0.05
103 163 0.05
120 163 0.05
136 163 0.05
146 163 0.05
150 163 0.05
153 163 0.05
3 29 0.035714
13 29 0.035714
14 29 0.035714
18 29 0.035714
37 29 0.035714
44 29 0.035714
46 29 0.035714
47 29 0.035714
59 29 0.035714
62 29 0.035714
72 29 0.035714
73 29 0.035714
83 29 0.035714
85 29 0.035714
86 29 0.035714
90 29 0.035714
93 29 0.035714
96 29 0.035714
109 29 0.035714
112 29 0.035714
119 29 0.035714
123 29 0.035714
124 29 0.035714
127 29 0.035714
128 29 0.035714
132 29 0.035714
152 29 0.035714
161 29 0.035714
3 35 0.030303
6 35 0.030303
7 35 0.030303
9 35 0.030303
13 35 0.030303
16 35 0.030303
37 35 0.030303
38 35 0.030303
39 35 0.030303
40 35 0.030303
42 35 0.030303
47 35 0.030303
53 35 0.030303
63 35 0.030303
69 35 0.030303
73 35 0.030303
74 35 0.030303
76 35 0.030303
84 35 0.030303
86 35 0.030303
95 35 0.030303
113 35 0.030303
115 35 0.030303
117 35 0.030303
118 35 0.030303
147 35 0.030303
148 35 0.030303
150 35 0.030303
153 35 0.030303
154 35 0.030303
156 35 0.030303
157 35 0.030303
163 35 0.030303
3 38 0.034483
4 38 0.034483
10 38 0.034483
13 38 0.034483
31 38 0.034483
35 38 0.034483
36 38 0.034483
40 38 0.034483
50 38 0.034483
53 38 0.034483
61 38 0.034483
66 38 0.034483
76 38 0.034483
81 38 0.034483
89 38 0.034483
91 38 0.034483
93 38 0.034483
98 38 0.034483
104 38 0.034483
108 38 0.034483
113 38 0.034483
115 38 0.034483
125 38 0.034483
140 38 0.034483
146 38 0.034483
147 38 0.034483
148 38 0.034483
158 38 0.034483
159 38 0.034483
3 53 0.029412
5 53 0.029412
7 53 0.029412
10 53 0.029412
16 53 0.029412
19 53 0.029412
21 53 0.029412
30 53 0.029412
32 53 0.029412
35 53 0.029412
38 53 0.029412
39 53 0.029412
41 53 0.029412
43 53 0.029412
46 53 0.029412
50 53 0.029412
52 53 0.029412
55 53 0.029412
57 53 0.029412
58 53 0.029412
66 53 0.029412
78 53 0.029412
85 53 0.029412
86 53 0.029412
93 53 0.029412
94 53 0.029412
96 53 0.029412
110 53 0.029412
119 53 0.029412
125 53 0.029412
133 53 0.029412
143 53 0.029412
144 53 0.029412
150 53 0.029412
3 68 0.032258
6 68 0.032258
12 68 0.032258
13 68 0.032258
14 68 0.032258
15 68 0.032258
16 68 0.032258
20 68 0.032258
21 68 0.032258
26 68 0.032258
28 68 0.032258
30 68 0.032258
43 68 0.032258
52 68 0.032258
67 68 0.032258
81 68 0.032258
85 68 0.032258
89 68 0.032258
92 68 0.032258
102 68 0.032258
112 68 0.032258
114 68 0.032258
138 68 0.032258
143 68 0.032258
144 68 0.032258
146 68 0.032258
150 68 0.032258
152 68 0.032258
160 68 0.032258
161 68 0.032258
163 68 0.032258
3 99 0.047619
10 99 0.047619
12 99 0.047619
17 99 0.047619
19 99 0.047619
40 99 0.047619
43 99 0.047619
50 99 0.047619
51 99 0.047619
69 99 0.047619
73 99 0.047619
80 99 0.047619
82 99 0.047619
105 99 0.047619
106 99 0.047619
109 99 0.047619
113 99 0.047619
128 99 0.047619
134 99 0.047619
136 99 0.047619
155 99 0.047619
3 100 0.041667
13 100 0.041667
24 100 0.041667
25 100 0.041667
26 100 0.041667
34 100 0.041667
36 100 0.041667
43 100 0.041667
50 100 0.041667
54 100 0.041667
55 100 0.041667
56 100 0.041667
78 100 0.041667
80 100 0.041667
81 100 0.041667
94 100 0.041667
103 100 0.041667
111 100 0.041667
114 100 0.041667
128 100 0.041667
134 100 0.041667
147 100 0.041667
154 100 0.041667
161 100 0.041667
3 123 0.033333
6 123 0.033333
14 123 0.033333
21 123 0.033333
22 123 0.033333
24 123 0.033333
29 123 0.033333
30 123 0.033333
37 123 0.033333
48 123 0.033333
50 123 0.033333
51 123 0.033333
57 123 0.033333
58 123 0.033333
60 123 0.033333
82 123 0.033333
83 123 0.033333
89 123 0.033333
90 123 0.033333
93 123 0.033333
95 123 0.033333
97 123 0.033333
112 123 0.033333
120 123 0.033333
124 123 0.033333
135 123 0.033333
139 123 0.033333
142 123 0.033333
156 123 0.033333
161 123 0.033333
3 134 0.030303
5 134 0.030303
8 134 0.030303
10 134 0.030303
15 134 0.030303
17 134 0.030303
31 134 0.030303
33 134 0.030303
42 134 0.030303
43 134 0.030303
46 134 0.030303
49 134 0.030303
51 134 0.030303
59 134 0.030303
60 134 0.030303
61 134 0.030303
66 134 0.030303
76 134 0.030303
80 134 0.030303
88 134 0.030303
90 134 0.030303
98 134 0.030303
99 134 0.030303
100 134 0.030303
101 134 0.030303
103 134 0.030303
107 134 0.030303
111 134 0.030303
118 134 0.030303
133 134 0.030303
150 134 0.030303
155 134 0.030303
159 134 0.030303
3 159 0.038462
4 159 0.038462
5 159 0.038462
20 159 0.038462
28 159 0.038462
31 159 0.038462
34 159 0.038462
38 159 0.038462
41 159 0.038462
42 159 0.038462
49 159 0.038462
51 159 0.038462
54 159 0.038462
58 159 0.038462
90 159 0.038462
95 159 0.038462
103 159 0.038462
105 159 0.038462
109 159 0.038462
111 159 0.038462
115 159 0.038462
121 159 0.038462
125 159 0.038462
134 159 0.038462
143 159 0.038462
145 159 0.038462
4 26 0.045455
21 26 0.045455
27 26 0.045455
28 26 0.045455
39 26 0.045455
43 26 0.045455
44 26 0.045455
46 26 0.045455
51 26 0.045455
52 26 0.045455
54 26 0.045455
56 26 0.045455
60 26 0.045455
68 26 0.045455
69 26 0.045455
83 26 0.045455
100 26 0.045455
125 26 0.045455
127 26 0.045455
153 26 0.045455
156 26 0.045455
158 26 0.045455
4 30 0.038462
21 30 0.038462
39 30 0.038462
41 30 0.038462
42 30 0.038462
53 30 0.038462
56 30 0.038462
62 30 0.038462
66 30 0.038462
68 30 0.038462
77 30 0.038462
82 30 0.038462
83 30 0.038462
96 30 0.038462
107 30 0.038462
111 30 0.038462
113 30 0.038462
120 30 0.038462
123 30 0.038462
126 30 0.038462
129 30 0.038462
140 30 0.038462
152 30 0.038462
154 30 0.038462
161 30 0.038462
162 30 0.038462
4 42 0.038462
12 42 0.038462
16 42 0.038462
19 42 0.038462
21 42 0.038462
24 42 0.038462
30 42 0.038462
33 42 0.038462
35 42 0.038462
55 42 0.038462
60 42 0.038462
74 42 0.038462
77 42 0.038462
93 42 0.038462
94 42 0.038462
103 42 0.038462
116 42 0.038462
120 42 0.038462
124 42 0.038462
128 42 0.038462
132 42 0.038462
134 42 0.038462
135 42 0.038462
148 42 0.038462
153 42 0.038462
159 42 0.038462
4 45 0.0625
24 45 0.0625
36 45 0.0625
52 45 0.0625
63 45 0.0625
69 45 0.0625
70 45 0.0625
71 45 0.0625
74 45 0.0625
89 45 0.0625
98 45 0.0625
111 45 0.0625
120 45 0.0625
130 45 0.0625
153 45 0.0625
156 45 0.0625
4 47 0.043478
7 47 0.043478
17 47 0.043478
22 47 0.043478
29 47 0.043478
34 47 0.043478
35 47 0.043478
41 47 0.043478
43 47 0.043478
46 47 0.043478
66 47 0.043478
69 47 0.043478
74 47 0.043478
89 47 0.043478
95 47 0.043478
116 47 0.043478
130 47 0.043478
138 47 0.043478
141 47 0.043478
152 47 0.043478
153 47 0.043478
162 47 0.043478
164 47 0.043478
4 55 0.038462
13 55 0.038462
14 55 0.038462
17 55 0.038462
22 55 0.038462
25 55 0.038462
31 55 0.038462
42 55 0.038462
43 55 0.038462
53 55 0.038462
54 55 0.038462
65 55 0.038462
69 55 0.038462
70 55 0.038462
71 55 0.038462
72 55 0.038462
80 55 0.038462
93 55 0.038462
95 55 0.038462
100 55 0.038462
107 55 0.038462
135 55 0.038462
138 55 0.038462
139 55 0.038462
153 55 0.038462
157 55 0.038462
4 57 0.04
15 57 0.04
21 57 0.04
27 57 0.04
33 57 0.04
51 57 0.04
53 57 0.04
64 57 0.04
67 57 0.04
70 57 0.04
71 57 0.04
73 57 0.04
77 57 0.04
88 57 0.04
98 57 0.04
104 57 0.04
106 57 0.04
117 57 0.04
121 57 0.04
123 57 0.04
126 57 0.04
135 57 0.04
146 57 0.04
148 57 0.04
155 57 0.04
4 86 0.034483
8 86 0.034483
29 86 0.034483
32 86 0.034483
35 86 0.034483
36 86 0.034483
53 86 0.034483
60 86 0.034483
63 86 0.034483
65 86 0.034483
67 86 0.034483
81 86 0.034483
84 86 0.034483
89 86 0.034483
90 86 0.034483
109 86 0.034483
113 86 0.034483
115 86 0.034483
119 86 0.034483
121 86 0.034483
139 86 0.034483
141 86 0.034483
143 86 0.034483
146 86 0.034483
147 86 0.034483
151 86 0.034483
154 86 0.034483
157 86 0.034483
162 86 0.034483
4 94 0.04
6 94 0.04
8 94 0.04
15 94 0.04
23 94 0.04
25 94 0.04
37 94 0.04
39 94 0.04
42 94 0.04
51 94 0.04
53 94 0.04
61 94 0.04
62 94 0.04
75 94 0.04
81 94 0.04
89 94 0.04
100 94 0.04
107 94 0.04
125 94 0.04
126 94 0.04
127 94 0.04
130 94 0.04
131 94 0.04
150 94 0.04
162 94 0.04
4 110 0.035714
5 110 0.035714
10 110 0.035714
12 110 0.035714
13 110 0.035714
16 110 0.035714
19 110 0.035714
28 110 0.035714
34 110 0.035714
37 110 0.035714
40 110 0.035714
53 110 0.035714
59 110 0.035714
70 110 0.035714
71 110 0.035714
75 110 0.035714
81 110 0.035714
83 110 0.035714
92 110 0.035714
98 110 0.035714
103 110 0.035714
109 110 0.035714
116 110 0.035714
126 110 0.035714
130 110 0.035714
141 110 0.035714
143 110 0.035714
164 110 0.035714
4 113 0.045455
10 113 0.045455
15 113 0.045455
28 113 0.045455
30 113 0.045455
35 113 0.045455
38 113 0.045455
40 113 0.045455
51 113 0.045455
52 113 0.045455
65 113 0.045455
75 113 0.045455
80 113 0.045455
83 113 0.045455
86 113 0.045455
88 113 0.045455
99 113 0.045455
102 113 0.045455
142 113 0.045455
144 113 0.045455
150 113 0.045455
153 113 0.045455
4 124 0.043478
14 124 0.043478
29 124 0.043478
31 124 0.043478
37 124 0.043478
42 124 0.043478
43 124 0.043478
64 124 0.043478
82 124 0.043478
83 124 0.043478
89 124 0.043478
93 124 0.043478
96 124 0.043478
115 124 0.043478
121 124 0.043478
123 124 0.043478
135 124 0.043478
136 124 0.043478
142 124 0.043478
144 124 0.043478
145 124 0.043478
151 124 0.043478
164 124 0.043478
4 130 0.04
10 130 0.04
14 130 0.04
21 130 0.04
45 130 0.04
47 130 0.04
51 130 0.04
61 130 0.04
63 130 0.04
67 130 0.04
69 130 0.04
72 130 0.04
75 130 0.04
94 130 0.04
97 130 0.04
103 130 0.04
107 130 0.04
110 130 0.04
111 130 0.04
118 130 0.04
127 130 0.04
129 130 0.04
136 130 0.04
142 130 0.04
158 130 0.04
4 139 0.032258
15 139 0.032258
21 139 0.032258
22 139 0.032258
31 139 0.032258
37 139 0.032258
41 139 0.032258
46 139 0.032258
54 139 0.032258
55 139 0.032258
61 139 0.032258
69 139 0.032258
72 139 0.032258
76 139 0.032258
77 139 0.032258
80 139 0.032258
83 139 0.032258
85 139 0.032258
86 139 0.032258
108 139 0.032258
114 139 0.032258
119 139 0.032258
122 139 0.032258
123 139 0.032258
125 139 0.032258
126 139 0.032258
136 139 0.032258
152 139 0.032258
155 139 0.032258
156 139 0.032258
164 139 0.032258
5 28 0.033333
6 28 0.033333
7 28 0.033333
12 28 0.033333
16 28 0.033333
18 28 0.033333
21 28 0.033333
26 28 0.033333
34 28 0.033333
43 28 0.033333
56 28 0.033333
59 28 0.033333
63 28 0.033333
68 28 0.033333
69 28 0.033333
75 28 0.033333
87 28 0.033333
96 28 0.033333
110 28 0.033333
112 28 0.033333
113 28 0.033333
117 28 0.033333
118 28 0.033333
132 28 0.033333
138 28 0.033333
140 28 0.033333
142 28 0.033333
143 28 0.033333
145 28 0.033333
159 28 0.033333
5 67 0.05
13 67 0.05
46 67 0.05
50 67 0.05
51 67 0.05
56 67 0.05
57 67 0.05
59 67 0.05
68 67 0.05
75 67 0.05
78 67 0.05
83 67 0.05
86 67 0.05
87 67 0.05
93 67 0.05
127 67 0.05
130 67 0.05
136 67 0.05
162 67 0.05
164 67 0.05
5 71 0.037037
6 71 0.037037
9 71 0.037037
17 71 0.037037
20 71 0.037037
24 71 0.037037
25 71 0.037037
45 71 0.037037
48 71 0.037037
55 71 0.037037
57 71 0.037037
63 71 0.037037
70 71 0.037037
73 71 0.037037
84 71 0.037037
95 71 0.037037
101 71 0.037037
104 71 0.037037
107 71 0.037037
108 71 0.037037
110 71 0.037037
118 71 0.037037
122 71 0.037037
126 71 0.037037
133 71 0.037037
144 71 0.037037
151 71 0.037037
5 79 0.055556
24 79 0.055556
32 79 0.055556
41 79 0.055556
50 79 0.055556
52 79 0.055556
58 79 0.055556
59 79 0.055556
72 79 0.055556
83 79 0.055556
92 79 0.055556
101 79 0.055556
115 79 0.055556
125 79 0.055556
126 79 0.055556
141 79 0.055556
153 79 0.055556
161 79 0.055556
5 83 0.025
7 83 0.025
9 83 0.025
13 83 0.025
14 83 0.025
25 83 0.025
26 83 0.025
29 83 0.025
30 83 0.025
31 83 0.025
39 83 0.025
40 83 0.025
54 83 0.025
56 83 0.025
65 83 0.025
67 83 0.025
70 83 0.025
76 83 0.025
77 83 0.025
78 83 0.025
79 83 0.025
80 83 0.025
84 83 0.025
90 83 0.025
97 83 0.025
110 83 0.025
112 83 0.025
113 83 0.025
115 83 0.025
120 83 0.025
123 83 0.025
124 83 0.025
127 83 0.025
133 83 0.025
135 83 0.025
137 83 0.025
139 83 0.025
140 83 0.025
145 83 0.025
151 83 0.025
5 104 0.045455
6 104 0.045455
38 104 0.045455
41 104 0.045455
46 104 0.045455
49 104 0.045455
57 104 0.045455
61 104 0.045455
71 104 0.045455
78 104 0.045455
81 104 0.045455
87 104 0.045455
102 104 0.045455
108 104 0.045455
115 104 0.045455
133 104 0.045455
135 104 0.045455
136 104 0.045455
145 104 0.045455
155 104 0.045455
156 104 0.045455
162 104 0.045455
5 117 0.037037
7 117 0.037037
9 117 0.037037
12 117 0.037037
13 117 0.037037
16 117 0.037037
19 117 0.037037
21 117 0.037037
28 117 0.037037
32 117 0.037037
35 117 0.037037
57 117 0.037037
59 117 0.037037
65 117 0.037037
72 117 0.037037
81 117 0.037037
82 117 0.037037
90 117 0.037037
91 117 0.037037
101 117 0.037037
105 117 0.037037
108 117 0.037037
120 117 0.037037
121 117 0.037037
128 117 0.037037
154 117 0.037037
158 117 0.037037
5 118 0.045455
13 118 0.045455
14 118 0.045455
21 118 0.045455
27 118 0.045455
28 118 0.045455
35 118 0.045455
40 118 0.045455
49 118 0.045455
59 118 0.045455
70 118 0.045455
71 118 0.045455
102 118 0.045455
106 118 0.045455
107 118 0.045455
125 118 0.045455
130 118 0.045455
134 118 0.045455
138 118 0.045455
141 118 0.045455
153 118 0.045455
161 118 0.045455
5 127 0.041667
7 127 0.041667
9 127 0.041667
12 127 0.041667
13 127 0.041667
16 127 0.041667
25 127 0.041667
26 127 0.041667
29 127 0.041667
33 127 0.041667
44 127 0.041667
56 127 0.041667
67 127 0.041667
72 127 0.041667
80 127 0.041667
83 127 0.041667
88 127 0.041667
94 127 0.041667
101 127 0.041667
120 127 0.041667
129 127 0.041667
130 127 0.041667
148 127 0.041667
162 127 0.041667
5 129 0.047619
21 129 0.047619
30 129 0.047619
33 129 0.047619
36 129 0.047619
48 129 0.047619
60 129 0.047619
73 129 0.047619
80 129 0.047619
87 129 0.047619
103 129 0.047619
106 129 0.047619
111 129 0.047619
125 129 0.047619
126 129 0.047619
127 129 0.047619
130 129 0.047619
133 129 0.047619
144 129 0.047619
152 129 0.047619
158 129 0.047619
5 136 0.04
32 136 0.04
36 136 0.04
52 136 0.04
59 136 0.04
67 136 0.04
70 136 0.04
72 136 0.04
73 136 0.04
84 136 0.04
90 136 0.04
92 136 0.04
99 136 0.04
104 136 0.04
106 136 0.04
109 136 0.04
116 136 0.04
119 136 0.04
124 136 0.04
130 136 0.04
133 136 0.04
139 136 0.04
142 136 0.04
148 136 0.04
163 136 0.04
5 142 0.038462
13 142 0.038462
14 142 0.038462
17 142 0.038462
28 142 0.038462
31 142 0.038462
33 142 0.038462
43 142 0.038462
58 142 0.038462
59 142 0.038462
61 142 0.038462
62 142 0.038462
70 142 0.038462
74 142 0.038462
84 142 0.038462
92 142 0.038462
106 142 0.038462
111 142 0.038462
113 142 0.038462
123 142 0.038462
124 142 0.038462
130 142 0.038462
136 142 0.038462
143 142 0.038462
144 142 0.038462
149 142 0.038462
5 146 0.045455
7 146 0.045455
25 146 0.045455
34 146 0.045455
37 146 0.045455
38 146 0.045455
39 146 0.045455
51 146 0.045455
57 146 0.045455
59 146 0.045455
65 146 0.045455
68 146 0.045455
69 146 0.045455
77 146 0.045455
86 146 0.045455
105 146 0.045455
111 146 0.045455
126 146 0.045455
128 146 0.045455
140 146 0.045455
160 146 0.045455
163 146 0.045455
5 151 0.045455
8 151 0.045455
15 151 0.045455
21 151 0.045455
25 151 0.045455
27 151 0.045455
65 151 0.045455
71 151 0.045455
81 151 0.045455
83 151 0.045455
85 151 0.045455
86 151 0.045455
87 151 0.045455
97 151 0.045455
105 151 0.045455
108 151 0.045455
111 151 0.045455
120 151 0.045455
124 151 0.045455
126 151 0.045455
140 151 0.045455
144 151 0.045455
6 12 0.04
15 12 0.04
22 12 0.04
23 12 0.04
25 12 0.04
28 12 0.04
36 12 0.04
42 12 0.04
56 12 0.04
61 12 0.04
62 12 0.04
68 12 0.04
78 12 0.04
81 12 0.04
85 12 0.04
96 12 0.04
98 12 0.04
99 12 0.04
110 12 0.04
115 12 0.04
117 12 0.04
127 12 0.04
138 12 0.04
158 12 0.04
161 12 0.04
6 23 0.052632
12 23 0.052632
14 23 0.052632
20 23 0.052632
24 23 0.052632
32 23 0.052632
33 23 0.052632
39 23 0.052632
40 23 0.052632
41 23 0.052632
60 23 0.052632
70 23 0.052632
89 23 0.052632
90 23 0.052632
94 23 0.052632
109 23 0.052632
115 23 0.052632
116 23 0.052632
133 23 0.052632
6 24 0.043478
7 24 0.043478
22 24 0.043478
23 24 0.043478
42 24 0.043478
45 24 0.043478
48 24 0.043478
66 24 0.043478
71 24 0.043478
77 24 0.043478
79 24 0.043478
85 24 0.043478
88 24 0.043478
91 24 0.043478
100 24 0.043478
106 24 0.043478
111 24 0.043478
112 24 0.043478
116 24 0.043478
123 24 0.043478
126 24 0.043478
140 24 0.043478
161 24 0.043478
6 37 0.035714
8 37 0.035714
14 37 0.035714
17 37 0.035714
20 37 0.035714
25 37 0.035714
29 37 0.035714
35 37 0.035714
44 37 0.035714
48 37 0.035714
65 37 0.035714
81 37 0.035714
87 37 0.035714
94 37 0.035714
97 37 0.035714
101 37 0.035714
108 37 0.035714
110 37 0.035714
123 37 0.035714
124 37 0.035714
131 37 0.035714
137 37 0.035714
139 37 0.035714
143 37 0.035714
146 37 0.035714
160 37 0.035714
161 37 0.035714
162 37 0.035714
6 48 0.052632
11 48 0.052632
15 48 0.052632
20 48 0.052632
24 48 0.052632
37 48 0.052632
64 48 0.052632
71 48 0.052632
80 48 0.052632
89 48 0.052632
121 48 0.052632
123 48 0.052632
128 48 0.052632
129 48 0.052632
131 48 0.052632
132 48 0.052632
144 48 0.052632
157 48 0.052632
161 48 0.052632
6 65 0.032258
9 65 0.032258
27 65 0.032258
32 65 0.032258
37 65 0.032258
50 65 0.032258
55 65 0.032258
72 65 0.032258
76 65 0.032258
78 65 0.032258
81 65 0.032258
83 65 0.032258
86 65 0.032258
87 65 0.032258
92 65 0.032258
96 65 0.032258
101 65 0.032258
111 65 0.032258
113 65 0.032258
114 65 0.032258
116 65 0.032258
117 65 0.032258
120 65 0.032258
138 65 0.032258
141 65 0.032258
143 65 0.032258
145 65 0.032258
146 65 0.032258
151 65 0.032258
156 65 0.032258
158 65 0.032258
6 95 0.047619
7 95 0.047619
9 95 0.047619
10 95 0.047619
11 95 0.047619
22 95 0.047619
35 95 0.047619
43 95 0.047619
47 95 0.047619
50 95 0.047619
55 95 0.047619
71 95 0.047619
81 95 0.047619
84 95 0.047619
89 95 0.047619
123 95 0.047619
126 95 0.047619
138 95 0.047619
155 95 0.047619
158 95 0.047619
159 95 0.047619
6 96 0.055556
9 96 0.055556
12 96 0.055556
19 96 0.055556
28 96 0.055556
29 96 0.055556
30 96 0.055556
53 96 0.055556
62 96 0.055556
65 96 0.055556
76 96 0.055556
78 96 0.055556
81 96 0.055556
93 96 0.055556
102 96 0.055556
106 96 0.055556
124 96 0.055556
157 96 0.055556
6 149 0.055556
9 149 0.055556
34 149 0.055556
60 149 0.055556
81 149 0.055556
84 149 0.055556
90 149 0.055556
93 149 0.055556
103 149 0.055556
105 149 0.055556
112 149 0.055556
121 149 0.055556
133 149 0.055556
141 149 0.055556
142 149 0.055556
155 149 0.055556
158 149 0.055556
161 149 0.055556
6 153 0.034483
11 153 0.034483
17 153 0.034483
26 153 0.034483
27 153 0.034483
35 153 0.034483
42 153 0.034483
45 153 0.034483
47 153 0.034483
54 153 0.034483
55 153 0.034483
58 153 0.034483
59 153 0.034483
62 153 0.034483
69 153 0.034483
70 153 0.034483
78 153 0.034483
79 153 0.034483
90 153 0.034483
105 153 0.034483
106 153 0.034483
108 153 0.034483
113 153 0.034483
118 153 0.034483
143 153 0.034483
145 153 0.034483
154 153 0.034483
155 153 0.034483
163 153 0.034483
7 19 0.037037
14 19 0.037037
16 19 0.037037
27 19 0.037037
42 19 0.037037
44 19 0.037037
53 19 0.037037
54 19 0.037037
64 19 0.037037
66 19 0.037037
73 19 0.037037
81 19 0.037037
91 19 0.037037
96 19 0.037037
99 19 0.037037
102 19 0.037037
107 19 0.037037
110 19 0.037037
111 19 0.037037
115 19 0.037037
117 19 0.037037
122 19 0.037037
132 19 0.037037
141 19 0.037037
148 19 0.037037
155 19 0.037037
158 19 0.037037
7 21 0.037037
14 21 0.037037
26 21 0.037037
27 21 0.037037
28 21 0.037037
30 21 0.037037
40 21 0.037037
42 21 0.037037
44 21 0.037037
53 21 0.037037
54 21 0.037037
57 21 0.037037
66 21 0.037037
68 21 0.037037
80 21 0.037037
84 21 0.037037
116 21 0.037037
117 21 0.037037
118 21 0.037037
123 21 0.037037
128 21 0.037037
129 21 0.037037
130 21 0.037037
131 21 0.037037
132 21 0.037037
139 21 0.037037
151 21 0.037037
7 33 0.052632
10 33 0.052632
22 33 0.052632
23 33 0.052632
25 33 0.052632
39 33 0.052632
40 33 0.052632
42 33 0.052632
49 33 0.052632
50 33 0.052632
56 33 0.052632
57 33 0.052632
64 33 0.052632
102 33 0.052632
106 33 0.052632
127 33 0.052632
129 33 0.052632
134 33 0.052632
142 33 0.052632
7 36 0.05
12 36 0.05
22 36 0.05
38 36 0.05
40 36 0.05
45 36 0.05
52 36 0.05
60 36 0.05
75 36 0.05
76 36 0.05
86 36 0.05
87 36 0.05
88 36 0.05
100 36 0.05
103 36 0.05
119 36 0.05
129 36 0.05
136 36 0.05
138 36 0.05
145 36 0.05
7 50 0.035714
33 50 0.035714
38 50 0.035714
51 50 0.035714
53 50 0.035714
56 50 0.035714
60 50 0.035714
65 50 0.035714
67 50 0.035714
79 50 0.035714
88 50 0.035714
90 50 0.035714
93 50 0.035714
95 50 0.035714
99 50 0.035714
100 50 0.035714
102 50 0.035714
106 50 0.035714
108 50 0.035714
114 50 0.035714
123 50 0.035714
125 50 0.035714
133 50 0.035714
137 50 0.035714
140 50 0.035714
150 50 0.035714
152 50 0.035714
162 50 0.035714
7 87 0.052632
25 87 0.052632
28 87 0.052632
34 87 0.052632
36 87 0.052632
37 87 0.052632
65 87 0.052632
67 87 0.052632
73 87 0.052632
75 87 0.052632
82 87 0.052632
84 87 0.052632
104 87 0.052632
105 87 0.052632
106 87 0.052632
114 87 0.052632
125 87 0.052632
129 87 0.052632
151 87 0.052632
7 97 0.045455
32 97 0.045455
37 97 0.045455
39 97 0.045455
49 97 0.045455
51 97 0.045455
54 97 0.045455
69 97 0.045455
73 97 0.045455
80 97 0.045455
83 97 0.045455
93 97 0.045455
102 97 0.045455
109 97 0.045455
114 97 0.045455
115 97 0.045455
123 97 0.045455
128 97 0.045455
130 97 0.045455
135 97 0.045455
138 97 0.045455
151 97 0.045455
7 98 0.035714
12 98 0.035714
16 98 0.035714
38 98 0.035714
40 98 0.035714
45 98 0.035714
49 98 0.035714
51 98 0.035714
52 98 0.035714
57 98 0.035714
61 98 0.035714
64 98 0.035714
66 98 0.035714
76 98 0.035714
84 98 0.035714
88 98 0.035714
92 98 0.035714
101 98 0.035714
106 98 0.035714
108 98 0.035714
110 98 0.035714
122 98 0.035714
132 98 0.035714
134 98 0.035714
148 98 0.035714
157 98 0.035714
163 98 0.035714
164 98 0.035714
7 102 0.041667
8 102 0.041667
9 102 0.041667
11 102 0.041667
15 102 0.041667
19 102 0.041667
25 102 0.041667
33 102 0.041667
44 102 0.041667
50 102 0.041667
51 102 0.041667
60 102 0.041667
63 102 0.041667
68 102 0.041667
69 102 0.041667
75 102 0.041667
89 102 0.041667
96 102 0.041667
97 102 0.041667
104 102 0.041667
109 102 0.041667
113 102 0.041667
118 102 0.041667
119 102 0.041667
7 109 0.032258
15 109 0.032258
23 109 0.032258
25 109 0.032258
29 109 0.032258
32 109 0.032258
40 109 0.032258
41 109 0.032258
78 109 0.032258
82 109 0.032258
86 109 0.032258
89 109 0.032258
91 109 0.032258
93 109 0.032258
97 109 0.032258
99 109 0.032258
102 109 0.032258
105 109 0.032258
106 109 0.032258
110 109 0.032258
112 109 0.032258
115 109 0.032258
120 109 0.032258
126 109 0.032258
128 109 0.032258
133 109 0.032258
136 109 0.032258
141 109 0.032258
155 109 0.032258
156 109 0.032258
159 109 0.032258
7 138 0.041667
12 138 0.041667
13 138 0.041667
18 138 0.041667
28 138 0.041667
36 138 0.041667
40 138 0.041667
43 138 0.041667
47 138 0.041667
55 138 0.041667
56 138 0.041667
65 138 0.041667
68 138 0.041667
85 138 0.041667
90 138 0.041667
92 138 0.041667
95 138 0.041667
97 138 0.041667
108 138 0.041667
112 138 0.041667
118 138 0.041667
154 138 0.041667
157 138 0.041667
161 138 0.041667
7 141 0.0625
10 141 0.0625
19 141 0.0625
25 141 0.0625
47 141 0.0625
65 141 0.0625
75 141 0.0625
79 141 0.0625
81 141 0.0625
86 141 0.0625
90 141 0.0625
109 141 0.0625
110 141 0.0625
118 141 0.0625
149 141 0.0625
155 141 0.0625
8 17 0.033333
13 17 0.033333
34 17 0.033333
37 17 0.033333
47 17 0.033333
54 17 0.033333
55 17 0.033333
60 17 0.033333
63 17 0.033333
69 17 0.033333
71 17 0.033333
72 17 0.033333
73 17 0.033333
85 17 0.033333
88 17 0.033333
99 17 0.033333
105 17 0.033333
112 17 0.033333
128 17 0.033333
132 17 0.033333
133 17 0.033333
134 17 0.033333
140 17 0.033333
142 17 0.033333
144 17 0.033333
153 17 0.033333
154 17 0.033333
158 17 0.033333
163 17 0.033333
164 17 0.033333
8 46 0.047619
26 46 0.047619
29 46 0.047619
40 46 0.047619
47 46 0.047619
53 46 0.047619
54 46 0.047619
58 46 0.047619
60 46 0.047619
61 46 0.047619
67 46 0.047619
76 46 0.047619
77 46 0.047619
78 46 0.047619
104 46 0.047619
111 46 0.047619
115 46 0.047619
122 46 0.047619
134 46 0.047619
139 46 0.047619
156 46 0.047619
8 54 0.035714
10 54 0.035714
17 54 0.035714
19 54 0.035714
21 54 0.035714
26 54 0.035714
34 54 0.035714
46 54 0.035714
55 54 0.035714
62 54 0.035714
74 54 0.035714
76 54 0.035714
77 54 0.035714
78 54 0.035714
83 54 0.035714
84 54 0.035714
85 54 0.035714
91 54 0.035714
97 54 0.035714
100 54 0.035714
107 54 0.035714
135 54 0.035714
139 54 0.035714
144 54 0.035714
147 54 0.035714
148 54 0.035714
153 54 0.035714
159 54 0.035714
8 63 0.038462
17 63 0.038462
18 63 0.038462
20 63 0.038462
28 63 0.038462
35 63 0.038462
41 63 0.038462
43 63 0.038462
45 63 0.038462
51 63 0.038462
60 63 0.038462
64 63 0.038462
71 63 0.038462
73 63 0.038462
86 63 0.038462
92 63 0.038462
102 63 0.038462
105 63 0.038462
119 63 0.038462
126 63 0.038462
130 63 0.038462
132 63 0.038462
137 63 0.038462
144 63 0.038462
148 63 0.038462
152 63 0.038462
8 107 0.0625
19 107 0.0625
30 107 0.0625
39 107 0.0625
54 107 0.0625
55 107 0.0625
69 107 0.0625
70 107 0.0625
71 107 0.0625
81 107 0.0625
94 107 0.0625
118 107 0.0625
130 107 0.0625
132 107 0.0625
134 107 0.0625
155 107 0.0625
8 144 0.035714
17 144 0.035714
22 144 0.035714
40 144 0.035714
41 144 0.035714
44 144 0.035714
48 144 0.035714
53 144 0.035714
54 144 0.035714
61 144 0.035714
63 144 0.035714
68 144 0.035714
71 144 0.035714
75 144 0.035714
113 144 0.035714
115 144 0.035714
124 144 0.035714
126 144 0.035714
128 144 0.035714
129 144 0.035714
131 144 0.035714
142 144 0.035714
147 144 0.035714
151 144 0.035714
155 144 0.035714
156 144 0.035714
161 144 0.035714
164 144 0.035714
9 43 0.025641
10 43 0.025641
11 43 0.025641
13 43 0.025641
18 43 0.025641
25 43 0.025641
26 43 0.025641
27 43 0.025641
28 43 0.025641
47 43 0.025641
51 43 0.025641
53 43 0.025641
55 43 0.025641
60 43 0.025641
62 43 0.025641
63 43 0.025641
64 43 0.025641
68 43 0.025641
70 43 0.025641
77 43 0.025641
82 43 0.025641
89 43 0.025641
90 43 0.025641
93 43 0.025641
95 43 0.025641
99 43 0.025641
100 43 0.025641
115 43 0.025641
124 43 0.025641
125 43 0.025641
134 43 0.025641
138 43 0.025641
142 43 0.025641
148 43 0.025641
152 43 0.025641
155 43 0.025641
157 43 0.025641
161 43 0.025641
164 43 0.025641
9 52 0.041667
11 52 0.041667
22 52 0.041667
26 52 0.041667
36 52 0.041667
44 52 0.041667
45 52 0.041667
53 52 0.041667
64 52 0.041667
68 52 0.041667
69 52 0.041667
74 52 0.041667
77 52 0.041667
79 52 0.041667
82 52 0.041667
89 52 0.041667
98 52 0.041667
113 52 0.041667
136 52 0.041667
147 52 0.041667
150 52 0.041667
154 52 0.041667
156 52 0.041667
157 52 0.041667
10 25 0.037037
12 25 0.037037
18 25 0.037037
27 25 0.037037
33 25 0.037037
37 25 0.037037
43 25 0.037037
55 25 0.037037
61 25 0.037037
71 25 0.037037
74 25 0.037037
75 25 0.037037
78 25 0.037037
83 25 0.037037
87 25 0.037037
90 25 0.037037
91 25 0.037037
94 25 0.037037
100 25 0.037037
102 25 0.037037
109 25 0.037037
114 25 0.037037
119 25 0.037037
127 25 0.037037
141 25 0.037037
146 25 0.037037
151 25 0.037037
10 31 0.045455
22 31 0.045455
27 31 0.045455
38 31 0.045455
55 31 0.045455
61 31 0.045455
66 31 0.045455
73 31 0.045455
82 31 0.045455
83 31 0.045455
92 31 0.045455
115 31 0.045455
120 31 0.045455
122 31 0.045455
124 31 0.045455
126 31 0.045455
134 31 0.045455
139 31 0.045455
142 31 0.045455
145 31 0.045455
159 31 0.045455
162 31 0.045455
10 40 0.026316
11 40 0.026316
21 40 0.026316
23 40 0.026316
33 40 0.026316
35 40 0.026316
36 40 0.026316
38 40 0.026316
44 40 0.026316
46 40 0.026316
61 40 0.026316
78 40 0.026316
83 40 0.026316
88 40 0.026316
93 40 0.026316
98 40 0.026316
99 40 0.026316
105 40 0.026316
106 40 0.026316
108 40 0.026316
109 40 0.026316
110 40 0.026316
111 40 0.026316
113 40 0.026316
115 40 0.026316
116 40 0.026316
118 40 0.026316
120 40 0.026316
121 40 0.026316
131 40 0.026316
132 40 0.026316
133 40 0.026316
138 40 0.026316
144 40 0.026316
147 40 0.026316
148 40 0.026316
154 40 0.026316
161 40 0.026316
10 77 0.037037
24 77 0.037037
30 77 0.037037
42 77 0.037037
43 77 0.037037
46 77 0.037037
49 77 0.037037
52 77 0.037037
54 77 0.037037
57 77 0.037037
64 77 0.037037
66 77 0.037037
70 77 0.037037
76 77 0.037037
78 77 0.037037
83 77 0.037037
91 77 0.037037
101 77 0.037037
112 77 0.037037
120 77 0.037037
122 77 0.037037
139 77 0.037037
146 77 0.037037
147 77 0.037037
150 77 0.037037
152 77 0.037037
156 77 0.037037
10 114 0.055556
25 114 0.055556
50 114 0.055556
56 114 0.055556
64 114 0.055556
65 114 0.055556
68 114 0.055556
87 114 0.055556
97 114 0.055556
100 114 0.055556
101 114 0.055556
112 114 0.055556
119 114 0.055556
131 114 0.055556
139 114 0.055556
143 114 0.055556
148 114 0.055556
158 114 0.055556
10 133 0.045455
17 133 0.045455
23 133 0.045455
40 133 0.045455
44 133 0.045455
50 133 0.045455
53 133 0.045455
71 133 0.045455
72 133 0.045455
73 133 0.045455
83 133 0.045455
104 133 0.045455
109 133 0.045455
116 133 0.045455
122 133 0.045455
128 133 0.045455
129 133 0.045455
134 133 0.045455
136 133 0.045455
149 133 0.045455
152 133 0.045455
156 133 0.045455
11 60 0.032258
17 60 0.032258
20 60 0.032258
22 60 0.032258
23 60 0.032258
26 60 0.032258
36 60 0.032258
42 60 0.032258
43 60 0.032258
46 60 0.032258
50 60 0.032258
58 60 0.032258
59 60 0.032258
63 60 0.032258
81 60 0.032258
86 60 0.032258
101 60 0.032258
102 60 0.032258
105 60 0.032258
106 60 0.032258
116 60 0.032258
121 60 0.032258
123 60 0.032258
129 60 0.032258
132 60 0.032258
134 60 0.032258
149 60 0.032258
154 60 0.032258
155 60 0.032258
157 60 0.032258
158 60 0.032258
11 75 0.035714
25 75 0.035714
28 75 0.035714
32 75 0.035714
36 75 0.035714
49 75 0.035714
62 75 0.035714
66 75 0.035714
67 75 0.035714
72 75 0.035714
74 75 0.035714
81 75 0.035714
87 75 0.035714
88 75 0.035714
94 75 0.035714
102 75 0.035714
110 75 0.035714
112 75 0.035714
113 75 0.035714
130 75 0.035714
135 75 0.035714
141 75 0.035714
144 75 0.035714
147 75 0.035714
152 75 0.035714
154 75 0.035714
160 75 0.035714
163 75 0.035714
11 93 0.037037
13 93 0.037037
29 93 0.037037
38 93 0.037037
40 93 0.037037
42 93 0.037037
43 93 0.037037
50 93 0.037037
53 93 0.037037
55 93 0.037037
67 93 0.037037
80 93 0.037037
96 93 0.037037
97 93 0.037037
101 93 0.037037
103 93 0.037037
105 93 0.037037
109 93 0.037037
112 93 0.037037
123 93 0.037037
124 93 0.037037
128 93 0.037037
143 93 0.037037
147 93 0.037037
149 93 0.037037
150 93 0.037037
156 93 0.037037
11 119 0.043478
15 119 0.043478
25 119 0.043478
29 119 0.043478
34 119 0.043478
36 119 0.043478
41 119 0.043478
53 119 0.043478
63 119 0.043478
66 119 0.043478
73 119 0.043478
80 119 0.043478
86 119 0.043478
102 119 0.043478
106 119 0.043478
114 119 0.043478
120 119 0.043478
135 119 0.043478
136 119 0.043478
139 119 0.043478
140 119 0.043478
148 119 0.043478
161 119 0.043478
11 140 0.052632
17 140 0.052632
24 140 0.052632
27 140 0.052632
28 140 0.052632
30 140 0.052632
38 140 0.052632
50 140 0.052632
58 140 0.052632
59 140 0.052632
61 140 0.052632
83 140 0.052632
108 140 0.052632
119 140 0.052632
126 140 0.052632
146 140 0.052632
151 140 0.052632
155 140 0.052632
156 140 0.052632
12 56 0.038462
13 56 0.038462
18 56 0.038462
26 56 0.038462
28 56 0.038462
30 56 0.038462
32 56 0.038462
33 56 0.038462
49 56 0.038462
50 56 0.038462
58 56 0.038462
67 56 0.038462
76 56 0.038462
83 56 0.038462
100 56 0.038462
101 56 0.038462
111 56 0.038462
114 56 0.038462
115 56 0.038462
116 56 0.038462
122 56 0.038462
125 56 0.038462
127 56 0.038462
138 56 0.038462
160 56 0.038462
162 56 0.038462
14 80 0.045455
16 80 0.045455
21 80 0.045455
39 80 0.045455
48 80 0.045455
51 80 0.045455
55 80 0.045455
83 80 0.045455
85 80 0.045455
92 80 0.045455
93 80 0.045455
97 80 0.045455
99 80 0.045455
100 80 0.045455
106 80 0.045455
113 80 0.045455
119 80 0.045455
120 80 0.045455
127 80 0.045455
129 80 0.045455
134 80 0.045455
139 80 0.045455
15 32 0.043478
16 32 0.043478
23 32 0.043478
39 32 0.043478
44 32 0.043478
51 32 0.043478
53 32 0.043478
56 32 0.043478
65 32 0.043478
74 32 0.043478
75 32 0.043478
79 32 0.043478
84 32 0.043478
86 32 0.043478
97 32 0.043478
105 32 0.043478
109 32 0.043478
117 32 0.043478
136 32 0.043478
145 32 0.043478
150 32 0.043478
155 32 0.043478
164 32 0.043478
15 39 0.05
23 39 0.05
26 39 0.05
30 39 0.05
32 39 0.05
33 39 0.05
35 39 0.05
41 39 0.05
53 39 0.05
66 39 0.05
70 39 0.05
80 39 0.05
81 39 0.05
83 39 0.05
85 39 0.05
94 39 0.05
97 39 0.05
107 39 0.05
146 39 0.05
163 39 0.05
15 51 0.029412
26 51 0.029412
32 51 0.029412
43 51 0.029412
49 51 0.029412
50 51 0.029412
57 51 0.029412
59 51 0.029412
62 51 0.029412
63 51 0.029412
67 51 0.029412
80 51 0.029412
84 51 0.029412
94 51 0.029412
97 51 0.029412
98 51 0.029412
99 51 0.029412
102 51 0.029412
108 51 0.029412
111 51 0.029412
113 51 0.029412
123 51 0.029412
126 51 0.029412
130 51 0.029412
134 51 0.029412
135 51 0.029412
137 51 0.029412
146 51 0.029412
147 51 0.029412
150 51 0.029412
154 51 0.029412
157 51 0.029412
159 51 0.029412
163 51 0.029412
15 162 0.047619
30 162 0.047619
31 162 0.047619
37 162 0.047619
47 162 0.047619
50 162 0.047619
56 162 0.047619
67 162 0.047619
73 162 0.047619
76 162 0.047619
86 162 0.047619
91 162 0.047619
94 162 0.047619
104 162 0.047619
111 162 0.047619
125 162 0.047619
126 162 0.047619
127 162 0.047619
155 162 0.047619
158 162 0.047619
161 162 0.047619
16 92 0.047619
31 92 0.047619
59 92 0.047619
63 92 0.047619
65 92 0.047619
66 92 0.047619
68 92 0.047619
70 92 0.047619
74 92 0.047619
79 92 0.047619
80 92 0.047619
98 92 0.047619
110 92 0.047619
116 92 0.047619
125 92 0.047619
131 92 0.047619
132 92 0.047619
136 92 0.047619
138 92 0.047619
142 92 0.047619
164 92 0.047619
17 34 0.066667
28 34 0.066667
47 34 0.066667
54 34 0.066667
66 34 0.066667
87 34 0.066667
100 34 0.066667
103 34 0.066667
110 34 0.066667
119 34 0.066667
135 34 0.066667
146 34 0.066667
149 34 0.066667
159 34 0.066667
161 34 0.066667
17 88 0.041667
24 88 0.041667
36 88 0.041667
40 88 0.041667
44 88 0.041667
50 88 0.041667
57 88 0.041667
61 88 0.041667
70 88 0.041667
75 88 0.041667
76 88 0.041667
98 88 0.041667
112 88 0.041667
113 88 0.041667
115 88 0.041667
120 88 0.041667
121 88 0.041667
127 88 0.041667
134 88 0.041667
137 88 0.041667
145 88 0.041667
148 88 0.041667
157 88 0.041667
158 88 0.041667
17 154 0.045455
20 154 0.045455
22 154 0.045455
30 154 0.045455
35 154 0.045455
40 154 0.045455
44 154 0.045455
51 154 0.045455
52 154 0.045455
60 154 0.045455
66 154 0.045455
75 154 0.045455
85 154 0.045455
86 154 0.045455
100 154 0.045455
101 154 0.045455
117 154 0.045455
132 154 0.045455
137 154 0.045455
138 154 0.045455
152 154 0.045455
153 154 0.045455
18 89 0.04
23 89 0.04
38 89 0.04
41 89 0.04
43 89 0.04
45 89 0.04
47 89 0.04
48 89 0.04
52 89 0.04
59 89 0.04
68 89 0.04
72 89 0.04
76 89 0.04
84 89 0.04
86 89 0.04
94 89 0.04
95 89 0.04
102 89 0.04
105 89 0.04
109 89 0.04
121 89 0.04
123 89 0.04
124 89 0.04
152 89 0.04
160 89 0.04
19 122 0.071429
31 122 0.071429
46 122 0.071429
56 122 0.071429
71 122 0.071429
77 122 0.071429
91 122 0.071429
98 122 0.071429
111 122 0.071429
112 122 0.071429
115 122 0.071429
133 122 0.071429
139 122 0.071429
147 122 0.071429
20 74 0.047619
25 74 0.047619
32 74 0.047619
35 74 0.047619
41 74 0.047619
42 74 0.047619
45 74 0.047619
47 74 0.047619
49 74 0.047619
52 74 0.047619
54 74 0.047619
75 74 0.047619
76 74 0.047619
92 74 0.047619
106 74 0.047619
132 74 0.047619
142 74 0.047619
147 74 0.047619
152 74 0.047619
158 74 0.047619
161 74 0.047619
23 90 0.043478
25 90 0.043478
29 90 0.043478
43 90 0.043478
49 90 0.043478
50 90 0.043478
62 90 0.043478
81 90 0.043478
83 90 0.043478
86 90 0.043478
101 90 0.043478
103 90 0.043478
108 90 0.043478
117 90 0.043478
123 90 0.043478
134 90 0.043478
136 90 0.043478
138 90 0.043478
141 90 0.043478
143 90 0.043478
149 90 0.043478
153 90 0.043478
159 90 0.043478
27 58 0.05
46 58 0.05
49 58 0.05
53 58 0.05
56 58 0.05
60 58 0.05
70 58 0.05
72 58 0.05
79 58 0.05
106 58 0.05
121 58 0.05
123 58 0.05
131 58 0.05
140 58 0.05
142 58 0.05
143 58 0.05
152 58 0.05
153 58 0.05
159 58 0.05
161 58 0.05
28 145 0.058824
31 145 0.058824
32 145 0.058824
36 145 0.058824
65 145 0.058824
76 145 0.058824
83 145 0.058824
88 145 0.058824
104 145 0.058824
105 145 0.058824
111 145 0.058824
124 145 0.058824
143 145 0.058824
150 145 0.058824
153 145 0.058824
159 145 0.058824
161 145 0.058824
32 150 0.041667
35 150 0.041667
49 150 0.041667
50 150 0.041667
51 150 0.041667
52 150 0.041667
53 150 0.041667
59 150 0.041667
68 150 0.041667
73 150 0.041667
76 150 0.041667
77 150 0.041667
91 150 0.041667
93 150 0.041667
94 150 0.041667
108 150 0.041667
113 150 0.041667
121 150 0.041667
134 150 0.041667
135 150 0.041667
137 150 0.041667
145 150 0.041667
155 150 0.041667
163 150 0.041667
34 103 0.0625
36 103 0.0625
42 103 0.0625
76 103 0.0625
90 103 0.0625
93 103 0.0625
100 103 0.0625
110 103 0.0625
125 103 0.0625
129 103 0.0625
130 103 0.0625
134 103 0.0625
147 103 0.0625
149 103 0.0625
159 103 0.0625
163 103 0.0625
35 76 0.047619
36 76 0.047619
38 76 0.047619
46 76 0.047619
54 76 0.047619
56 76 0.047619
64 76 0.047619
65 76 0.047619
74 76 0.047619
77 76 0.047619
83 76 0.047619
88 76 0.047619
89 76 0.047619
96 76 0.047619
98 76 0.047619
103 76 0.047619
134 76 0.047619
139 76 0.047619
145 76 0.047619
150 76 0.047619
162 76 0.047619
2 0 0.04
6 0 0.04
9 0 0.04
15 0 0.04
18 0 0.04
59 0 0.04
64 0 0.04
69 0 0.04
78 0 0.04
82 0 0.04
85 0 0.04
91 0 0.04
111 0 0.04
112 0 0.04
115 0 0.04
125 0 0.04
126 0 0.04
131 0 0.04
137 0 0.04
148 0 0.04
155 0 0.04
156 0 0.04
158 0 0.04
160 0 0.04
161 0 0.04
7 1 0.045455
13 1 0.045455
14 1 0.045455
16 1 0.045455
61 1 0.045455
62 1 0.045455
72 1 0.045455
73 1 0.045455
81 1 0.045455
84 1 0.045455
101 1 0.045455
105 1 0.045455
116 1 0.045455
121 1 0.045455
128 1 0.045455
131 1 0.045455
132 1 0.045455
135 1 0.045455
143 1 0.045455
147 1 0.045455
157 1 0.045455
164 1 0.045455
5 3 0.066667
29 3 0.066667
35 3 0.066667
38 3 0.066667
53 3 0.066667
61 3 0.066667
68 3 0.066667
99 3 0.066667
100 3 0.066667
112 3 0.066667
121 3 0.066667
123 3 0.066667
134 3 0.066667
158 3 0.066667
159 3 0.066667
11 4 0.045455
26 4 0.045455
30 4 0.045455
38 4 0.045455
42 4 0.045455
45 4 0.045455
47 4 0.045455
55 4 0.045455
57 4 0.045455
69 4 0.045455
86 4 0.045455
94 4 0.045455
110 4 0.045455
113 4 0.045455
124 4 0.045455
130 4 0.045455
135 4 0.045455
139 4 0.045455
147 4 0.045455
159 4 0.045455
161 4 0.045455
164 4 0.045455
25 10 0.05
31 10 0.05
33 10 0.05
38 10 0.05
40 10 0.05
43 10 0.05
53 10 0.05
54 10 0.05
77 10 0.05
95 10 0.05
99 10 0.05
110 10 0.05
113 10 0.05
114 10 0.05
120 10 0.05
130 10 0.05
133 10 0.05
134 10 0.05
141 10 0.05
156 10 0.05
23 20 0.047619
37 20 0.047619
48 20 0.047619
60 20 0.047619
62 20 0.047619
63 20 0.047619
66 20 0.047619
68 20 0.047619
69 20 0.047619
70 20 0.047619
71 20 0.047619
73 20 0.047619
74 20 0.047619
84 20 0.047619
116 20 0.047619
120 20 0.047619
121 20 0.047619
135 20 0.047619
154 20 0.047619
159 20 0.047619
161 20 0.047619
