0 15 0.037037
6 15 0.037037
9 15 0.037037
13 15 0.037037
14 15 0.037037
20 15 0.037037
35 15 0.037037
43 15 0.037037
45 15 0.037037
46 15 0.037037
50 15 0.037037
57 15 0.037037
58 15 0.037037
62 15 0.037037
75 15 0.037037
91 15 0.037037
97 15 0.037037
108 15 0.037037
111 15 0.037037
141 15 0.037037
147 15 0.037037
161 15 0.037037
162 15 0.037037
172 15 0.037037
185 15 0.037037
189 15 0.037037
191 15 0.037037
0 16 0.033333
2 16 0.033333
9 16 0.033333
13 16 0.033333
14 16 0.033333
33 16 0.033333
34 16 0.033333
39 16 0.033333
54 16 0.033333
57 16 0.033333
59 16 0.033333
73 16 0.033333
82 16 0.033333
90 16 0.033333
95 16 0.033333
107 16 0.033333
112 16 0.033333
119 16 0.033333
134 16 0.033333
137 16 0.033333
148 16 0.033333
152 16 0.033333
154 16 0.033333
157 16 0.033333
163 16 0.033333
169 16 0.033333
170 16 0.033333
178 16 0.033333
188 16 0.033333
191 16 0.033333
0 20 0.03125
2 20 0.03125
15 20 0.03125
25 20 0.03125
33 20 0.03125
46 20 0.03125
49 20 0.03125
62 20 0.03125
72 20 0.03125
73 20 0.03125
75 20 0.03125
81 20 0.03125
84 20 0.03125
89 20 0.03125
90 20 0.03125
91 20 0.03125
94 20 0.03125
104 20 0.03125
105 20 0.03125
110 20 0.03125
111 20 0.03125
120 20 0.03125
122 20 0.03125
128 20 0.03125
142 20 0.03125
144 20 0.03125
146 20 0.03125
176 20 0.03125
178 20 0.03125
183 20 0.03125
189 20 0.03125
191 20 0.03125
0 22 0.038462
4 22 0.038462
11 22 0.038462
12 22 0.038462
18 22 0.038462
19 22 0.038462
26 22 0.038462
27 22 0.038462
41 22 0.038462
46 22 0.038462
65 22 0.038462
73 22 0.038462
74 22 0.038462
80 22 0.038462
99 22 0.038462
107 22 0.038462
126 22 0.038462
137 22 0.038462
142 22 0.038462
150 22 0.038462
153 22 0.038462
160 22 0.038462
171 22 0.038462
178 22 0.038462
179 22 0.038462
180 22 0.038462
0 23 0.027027
12 23 0.027027
24 23 0.027027
46 23 0.027027
56 23 0.027027
57 23 0.027027
58 23 0.027027
63 23 0.027027
66 23 0.027027
69 23 0.027027
70 23 0.027027
72 23 0.027027
81 23 0.027027
84 23 0.027027
95 23 0.027027
103 23 0.027027
104 23 0.027027
106 23 0.027027
108 23 0.027027
116 23 0.027027
119 23 0.027027
123 23 0.027027
124 23 0.027027
129 23 0.027027
132 23 0.027027
140 23 0.027027
142 23 0.027027
151 23 0.027027
152 23 0.027027
156 23 0.027027
157 23 0.027027
166 23 0.027027
173 23 0.027027
176 23 0.027027
186 23 0.027027
189 23 0.027027
191 23 0.027027
0 34 0.03125
2 34 0.03125
8 34 0.03125
16 34 0.03125
17 34 0.03125
25 34 0.03125
29 34 0.03125
31 34 0.03125
44 34 0.03125
45 34 0.03125
47 34 0.03125
52 34 0.03125
58 34 0.03125
71 34 0.03125
73 34 0.03125
90 34 0.03125
98 34 0.03125
101 34 0.03125
115 34 0.03125
121 34 0.03125
130 34 0.03125
137 34 0.03125
138 34 0.03125
147 34 0.03125
149 34 0.03125
152 34 0.03125
160 34 0.03125
165 34 0.03125
167 34 0.03125
174 34 0.03125
181 34 0.03125
188 34 0.03125
0 58 0.034483
1 58 0.034483
4 58 0.034483
6 58 0.034483
15 58 0.034483
23 58 0.034483
34 58 0.034483
39 58 0.034483
42 58 0.034483
49 58 0.034483
57 58 0.034483
59 58 0.034483
72 58 0.034483
79 58 0.034483
95 58 0.034483
109 58 0.034483
110 58 0.034483
117 58 0.034483
118 58 0.034483
119 58 0.034483
126 58 0.034483
132 58 0.034483
134 58 0.034483
140 58 0.034483
141 58 0.034483
151 58 0.034483
159 58 0.034483
177 58 0.034483
183 58 0.034483
0 65 0.041667
1 65 0.041667
6 65 0.041667
17 65 0.041667
22 65 0.041667
29 65 0.041667
41 65 0.041667
42 65 0.041667
51 65 0.041667
57 65 0.041667
61 65 0.041667
85 65 0.041667
92 65 0.041667
94 65 0.041667
103 65 0.041667
104 65 0.041667
107 65 0.041667
111 65 0.041667
129 65 0.041667
147 65 0.041667
149 65 0.041667
153 65 0.041667
159 65 0.041667
173 65 0.041667
0 71 0.034483
4 71 0.034483
7 71 0.034483
29 71 0.034483
33 71 0.034483
34 71 0.034483
35 71 0.034483
45 71 0.034483
52 71 0.034483
67 71 0.034483
69 71 0.034483
72 71 0.034483
77 71 0.034483
80 71 0.034483
83 71 0.034483
91 71 0.034483
101 71 0.034483
128 71 0.034483
134 71 0.034483
136 71 0.034483
143 71 0.034483
151 71 0.034483
155 71 0.034483
157 71 0.034483
166 71 0.034483
167 71 0.034483
172 71 0.034483
174 71 0.034483
178 71 0.034483
0 74 0.034483
9 74 0.034483
10 74 0.034483
11 74 0.034483
12 74 0.034483
22 74 0.034483
25 74 0.034483
44 74 0.034483
50 74 0.034483
51 74 0.034483
70 74 0.034483
76 74 0.034483
77 74 0.034483
78 74 0.034483
86 74 0.034483
95 74 0.034483
100 74 0.034483
108 74 0.034483
109 74 0.034483
115 74 0.034483
139 74 0.034483
144 74 0.034483
148 74 0.034483
151 74 0.034483
153 74 0.034483
162 74 0.034483
165 74 0.034483
166 74 0.034483
183 74 0.034483
0 76 0.027027
2 76 0.027027
3 76 0.027027
5 76 0.027027
10 76 0.027027
19 76 0.027027
26 76 0.027027
28 76 0.027027
29 76 0.027027
32 76 0.027027
49 76 0.027027
52 76 0.027027
53 76 0.027027
55 76 0.027027
57 76 0.027027
59 76 0.027027
66 76 0.027027
74 76 0.027027
80 76 0.027027
103 76 0.027027
108 76 0.027027
112 76 0.027027
113 76 0.027027
122 76 0.027027
123 76 0.027027
124 76 0.027027
129 76 0.027027
130 76 0.027027
136 76 0.027027
149 76 0.027027
155 76 0.027027
158 76 0.027027
159 76 0.027027
165 76 0.027027
184 76 0.027027
189 76 0.027027
190 76 0.027027
0 91 0.027778
3 91 0.027778
4 91 0.027778
7 91 0.027778
15 91 0.027778
20 91 0.027778
24 91 0.027778
44 91 0.027778
46 91 0.027778
48 91 0.027778
59 91 0.027778
64 91 0.027778
68 91 0.027778
71 91 0.027778
72 91 0.027778
89 91 0.027778
97 91 0.027778
104 91 0.027778
119 91 0.027778
132 91 0.027778
133 91 0.027778
137 91 0.027778
139 91 0.027778
141 91 0.027778
145 91 0.027778
146 91 0.027778
151 91 0.027778
154 91 0.027778
156 91 0.027778
161 91 0.027778
162 91 0.027778
166 91 0.027778
167 91 0.027778
173 91 0.027778
178 91 0.027778
184 91 0.027778
0 110 0.02439
8 110 0.02439
13 110 0.02439
19 110 0.02439
20 110 0.02439
25 110 0.02439
28 110 0.02439
35 110 0.02439
51 110 0.02439
52 110 0.02439
57 110 0.02439
58 110 0.02439
64 110 0.02439
72 110 0.02439
77 110 0.02439
99 110 0.02439
100 110 0.02439
103 110 0.02439
108 110 0.02439
114 110 0.02439
116 110 0.02439
119 110 0.02439
120 110 0.02439
121 110 0.02439
122 110 0.02439
123 110 0.02439
128 110 0.02439
133 110 0.02439
140 110 0.02439
142 110 0.02439
143 110 0.02439
144 110 0.02439
145 110 0.02439
156 110 0.02439
166 110 0.02439
170 110 0.02439
171 110 0.02439
175 110 0.02439
176 110 0.02439
183 110 0.02439
188 110 0.02439
0 138 0.03125
3 138 0.03125
11 138 0.03125
26 138 0.03125
34 138 0.03125
36 138 0.03125
38 138 0.03125
41 138 0.03125
45 138 0.03125
48 138 0.03125
51 138 0.03125
84 138 0.03125
98 138 0.03125
101 138 0.03125
102 138 0.03125
112 138 0.03125
116 138 0.03125
119 138 0.03125
120 138 0.03125
124 138 0.03125
127 138 0.03125
135 138 0.03125
144 138 0.03125
149 138 0.03125
151 138 0.03125
153 138 0.03125
159 138 0.03125
164 138 0.03125
166 138 0.03125
167 138 0.03125
181 138 0.03125
189 138 0.03125
0 144 0.032258
6 144 0.032258
7 144 0.032258
17 144 0.032258
20 144 0.032258
24 144 0.032258
33 144 0.032258
35 144 0.032258
51 144 0.032258
53 144 0.032258
54 144 0.032258
74 144 0.032258
75 144 0.032258
79 144 0.032258
87 144 0.032258
93 144 0.032258
98 144 0.032258
103 144 0.032258
109 144 0.032258
110 144 0.032258
115 144 0.032258
118 144 0.032258
129 144 0.032258
134 144 0.032258
138 144 0.032258
140 144 0.032258
146 144 0.032258
147 144 0.032258
184 144 0.032258
189 144 0.032258
191 144 0.032258
0 159 0.033333
14 159 0.033333
17 159 0.033333
18 159 0.033333
30 159 0.033333
47 159 0.033333
48 159 0.033333
49 159 0.033333
53 159 0.033333
57 159 0.033333
58 159 0.033333
65 159 0.033333
67 159 0.033333
68 159 0.033333
76 159 0.033333
79 159 0.033333
92 159 0.033333
109 159 0.033333
111 159 0.033333
114 159 0.033333
123 159 0.033333
128 159 0.033333
138 159 0.033333
154 159 0.033333
158 159 0.033333
177 159 0.033333
180 159 0.033333
184 159 0.033333
189 159 0.033333
191 159 0.033333
0 163 0.035714
3 163 0.035714
13 163 0.035714
16 163 0.035714
31 163 0.035714
37 163 0.035714
39 163 0.035714
44 163 0.035714
45 163 0.035714
59 163 0.035714
66 163 0.035714
72 163 0.035714
75 163 0.035714
84 163 0.035714
96 163 0.035714
108 163 0.035714
109 163 0.035714
116 163 0.035714
119 163 0.035714
124 163 0.035714
128 163 0.035714
137 163 0.035714
140 163 0.035714
141 163 0.035714
142 163 0.035714
147 163 0.035714
157 163 0.035714
161 163 0.035714
0 176 0.029412
4 176 0.029412
5 176 0.029412
8 176 0.029412
11 176 0.029412
20 176 0.029412
23 176 0.029412
24 176 0.029412
33 176 0.029412
42 176 0.029412
46 176 0.029412
51 176 0.029412
54 176 0.029412
69 176 0.029412
75 176 0.029412
83 176 0.029412
90 176 0.029412
100 176 0.029412
103 176 0.029412
108 176 0.029412
110 176 0.029412
116 176 0.029412
120 176 0.029412
125 176 0.029412
127 176 0.029412
129 176 0.029412
135 176 0.029412
137 176 0.029412
141 176 0.029412
148 176 0.029412
152 176 0.029412
161 176 0.029412
169 176 0.029412
188 176 0.029412
1 21 0.045455
2 21 0.045455
8 21 0.045455
13 21 0.045455
35 21 0.045455
47 21 0.045455
56 21 0.045455
64 21 0.045455
70 21 0.045455
98 21 0.045455
115 21 0.045455
124 21 0.045455
128 21 0.045455
136 21 0.045455
141 21 0.045455
143 21 0.045455
147 21 0.045455
156 21 0.045455
157 21 0.045455
175 21 0.045455
186 21 0.045455
190 21 0.045455
1 24 0.037037
14 24 0.037037
23 24 0.037037
31 24 0.037037
41 24 0.037037
46 24 0.037037
47 24 0.037037
51 24 0.037037
67 24 0.037037
72 24 0.037037
75 24 0.037037
86 24 0.037037
91 24 0.037037
92 24 0.037037
95 24 0.037037
97 24 0.037037
107 24 0.037037
119 24 0.037037
123 24 0.037037
128 24 0.037037
137 24 0.037037
143 24 0.037037
144 24 0.037037
170 24 0.037037
172 24 0.037037
176 24 0.037037
187 24 0.037037
1 37 0.041667
5 37 0.041667
13 37 0.041667
32 37 0.041667
33 37 0.041667
39 37 0.041667
57 37 0.041667
59 37 0.041667
77 37 0.041667
105 37 0.041667
116 37 0.041667
124 37 0.041667
130 37 0.041667
132 37 0.041667
134 37 0.041667
136 37 0.041667
145 37 0.041667
146 37 0.041667
151 37 0.041667
156 37 0.041667
163 37 0.041667
172 37 0.041667
174 37 0.041667
191 37 0.041667
1 38 0.041667
4 38 0.041667
10 38 0.041667
17 38 0.041667
30 38 0.041667
40 38 0.041667
45 38 0.041667
48 38 0.041667
49 38 0.041667
56 38 0.041667
83 38 0.041667
87 38 0.041667
92 38 0.041667
107 38 0.041667
123 38 0.041667
138 38 0.041667
139 38 0.041667
155 38 0.041667
161 38 0.041667
165 38 0.041667
172 38 0.041667
177 38 0.041667
178 38 0.041667
191 38 0.041667
1 42 0.025
2 42 0.025
4 42 0.025
5 42 0.025
13 42 0.025
19 42 0.025
26 42 0.025
40 42 0.025
43 42 0.025
45 42 0.025
49 42 0.025
53 42 0.025
55 42 0.025
58 42 0.025
65 42 0.025
75 42 0.025
78 42 0.025
79 42 0.025
82 42 0.025
86 42 0.025
87 42 0.025
101 42 0.025
111 42 0.025
119 42 0.025
124 42 0.025
125 42 0.025
140 42 0.025
146 42 0.025
154 42 0.025
160 42 0.025
161 42 0.025
162 42 0.025
167 42 0.025
174 42 0.025
176 42 0.025
178 42 0.025
183 42 0.025
186 42 0.025
188 42 0.025
191 42 0.025
1 44 0.032258
7 44 0.032258
8 44 0.032258
18 44 0.032258
30 44 0.032258
34 44 0.032258
43 44 0.032258
45 44 0.032258
53 44 0.032258
73 44 0.032258
74 44 0.032258
87 44 0.032258
91 44 0.032258
95 44 0.032258
99 44 0.032258
106 44 0.032258
113 44 0.032258
114 44 0.032258
116 44 0.032258
118 44 0.032258
129 44 0.032258
132 44 0.032258
148 44 0.032258
151 44 0.032258
160 44 0.032258
161 44 0.032258
163 44 0.032258
169 44 0.032258
173 44 0.032258
178 44 0.032258
187 44 0.032258
1 47 0.035714
3 47 0.035714
6 47 0.035714
8 47 0.035714
21 47 0.035714
24 47 0.035714
27 47 0.035714
34 47 0.035714
49 47 0.035714
53 47 0.035714
79 47 0.035714
81 47 0.035714
83 47 0.035714
87 47 0.035714
95 47 0.035714
99 47 0.035714
101 47 0.035714
108 47 0.035714
117 47 0.035714
121 47 0.035714
141 47 0.035714
142 47 0.035714
159 47 0.035714
169 47 0.035714
173 47 0.035714
174 47 0.035714
175 47 0.035714
183 47 0.035714
1 54 0.04
3 54 0.04
16 54 0.04
29 54 0.04
43 54 0.04
55 54 0.04
59 54 0.04
60 54 0.04
61 54 0.04
63 54 0.04
66 54 0.04
69 54 0.04
80 54 0.04
82 54 0.04
112 54 0.04
114 54 0.04
116 54 0.04
122 54 0.04
126 54 0.04
130 54 0.04
140 54 0.04
144 54 0.04
162 54 0.04
165 54 0.04
176 54 0.04
1 69 0.029412
12 69 0.029412
23 69 0.029412
33 69 0.029412
36 69 0.029412
45 69 0.029412
50 69 0.029412
54 69 0.029412
66 69 0.029412
71 69 0.029412
78 69 0.029412
80 69 0.029412
83 69 0.029412
85 69 0.029412
89 69 0.029412
92 69 0.029412
93 69 0.029412
94 69 0.029412
98 69 0.029412
99 69 0.029412
116 69 0.029412
137 69 0.029412
145 69 0.029412
157 69 0.029412
160 69 0.029412
161 69 0.029412
166 69 0.029412
169 69 0.029412
170 69 0.029412
172 69 0.029412
174 69 0.029412
175 69 0.029412
176 69 0.029412
189 69 0.029412
1 98 0.033333
19 98 0.033333
21 98 0.033333
29 98 0.033333
33 98 0.033333
34 98 0.033333
45 98 0.033333
59 98 0.033333
60 98 0.033333
68 98 0.033333
69 98 0.033333
88 98 0.033333
100 98 0.033333
101 98 0.033333
102 98 0.033333
130 98 0.033333
131 98 0.033333
138 98 0.033333
139 98 0.033333
142 98 0.033333
144 98 0.033333
145 98 0.033333
148 98 0.033333
153 98 0.033333
157 98 0.033333
160 98 0.033333
162 98 0.033333
164 98 0.033333
166 98 0.033333
173 98 0.033333
1 101 0.037037
8 101 0.037037
34 101 0.037037
42 101 0.037037
47 101 0.037037
55 101 0.037037
59 101 0.037037
63 101 0.037037
66 101 0.037037
68 101 0.037037
70 101 0.037037
71 101 0.037037
73 101 0.037037
93 101 0.037037
98 101 0.037037
114 101 0.037037
117 101 0.037037
121 101 0.037037
138 101 0.037037
139 101 0.037037
162 101 0.037037
168 101 0.037037
169 101 0.037037
171 101 0.037037
178 101 0.037037
179 101 0.037037
181 101 0.037037
1 120 0.04
5 120 0.04
8 120 0.04
11 120 0.04
20 120 0.04
27 120 0.04
49 120 0.04
67 120 0.04
73 120 0.04
77 120 0.04
80 120 0.04
90 120 0.04
100 120 0.04
103 120 0.04
104 120 0.04
110 120 0.04
117 120 0.04
124 120 0.04
129 120 0.04
138 120 0.04
161 120 0.04
167 120 0.04
174 120 0.04
176 120 0.04
190 120 0.04
1 124 0.030303
4 124 0.030303
8 124 0.030303
11 124 0.030303
21 124 0.030303
23 124 0.030303
36 124 0.030303
37 124 0.030303
42 124 0.030303
66 124 0.030303
67 124 0.030303
76 124 0.030303
80 124 0.030303
84 124 0.030303
97 124 0.030303
102 124 0.030303
107 124 0.030303
111 124 0.030303
116 124 0.030303
120 124 0.030303
131 124 0.030303
138 124 0.030303
145 124 0.030303
147 124 0.030303
148 124 0.030303
154 124 0.030303
161 124 0.030303
163 124 0.030303
166 124 0.030303
173 124 0.030303
183 124 0.030303
186 124 0.030303
189 124 0.030303
1 128 0.03125
4 128 0.03125
20 128 0.03125
21 128 0.03125
24 128 0.03125
31 128 0.03125
46 128 0.03125
50 128 0.03125
52 128 0.03125
57 128 0.03125
64 128 0.03125
67 128 0.03125
71 128 0.03125
89 128 0.03125
99 128 0.03125
108 128 0.03125
110 128 0.03125
115 128 0.03125
127 128 0.03125
135 128 0.03125
137 128 0.03125
151 128 0.03125
154 128 0.03125
158 128 0.03125
159 128 0.03125
163 128 0.03125
166 128 0.03125
170 128 0.03125
181 128 0.03125
187 128 0.03125
190 128 0.03125
191 128 0.03125
1 140 0.03125
2 140 0.03125
6 140 0.03125
10 140 0.03125
23 140 0.03125
25 140 0.03125
31 140 0.03125
42 140 0.03125
54 140 0.03125
58 140 0.03125
64 140 0.03125
67 140 0.03125
77 140 0.03125
85 140 0.03125
89 140 0.03125
109 140 0.03125
110 140 0.03125
111 140 0.03125
130 140 0.03125
136 140 0.03125
143 140 0.03125
144 140 0.03125
152 140 0.03125
161 140 0.03125
163 140 0.03125
164 140 0.03125
165 140 0.03125
182 140 0.03125
183 140 0.03125
184 140 0.03125
185 140 0.03125
188 140 0.03125
1 156 0.034483
14 156 0.034483
18 156 0.034483
21 156 0.034483
23 156 0.034483
26 156 0.034483
28 156 0.034483
33 156 0.034483
37 156 0.034483
59 156 0.034483
68 156 0.034483
72 156 0.034483
78 156 0.034483
91 156 0.034483
99 156 0.034483
100 156 0.034483
106 156 0.034483
110 156 0.034483
112 156 0.034483
113 156 0.034483
135 156 0.034483
157 156 0.034483
172 156 0.034483
181 156 0.034483
182 156 0.034483
184 156 0.034483
187 156 0.034483
188 156 0.034483
191 156 0.034483
1 171 0.034483
3 171 0.034483
5 171 0.034483
9 171 0.034483
17 171 0.034483
22 171 0.034483
35 171 0.034483
68 171 0.034483
73 171 0.034483
82 171 0.034483
85 171 0.034483
86 171 0.034483
96 171 0.034483
97 171 0.034483
101 171 0.034483
109 171 0.034483
110 171 0.034483
111 171 0.034483
118 171 0.034483
119 171 0.034483
147 171 0.034483
152 171 0.034483
154 171 0.034483
161 171 0.034483
179 171 0.034483
182 171 0.034483
184 171 0.034483
187 171 0.034483
188 171 0.034483
1 174 0.025641
10 174 0.025641
26 174 0.025641
28 174 0.025641
33 174 0.025641
34 174 0.025641
35 174 0.025641
37 174 0.025641
41 174 0.025641
42 174 0.025641
47 174 0.025641
49 174 0.025641
50 174 0.025641
61 174 0.025641
66 174 0.025641
69 174 0.025641
71 174 0.025641
85 174 0.025641
87 174 0.025641
93 174 0.025641
102 174 0.025641
106 174 0.025641
113 174 0.025641
120 174 0.025641
125 174 0.025641
126 174 0.025641
133 174 0.025641
145 174 0.025641
149 174 0.025641
150 174 0.025641
153 174 0.025641
160 174 0.025641
162 174 0.025641
164 174 0.025641
165 174 0.025641
169 174 0.025641
180 174 0.025641
182 174 0.025641
187 174 0.025641
1 189 0.028571
9 189 0.028571
15 189 0.028571
18 189 0.028571
20 189 0.028571
23 189 0.028571
35 189 0.028571
36 189 0.028571
45 189 0.028571
50 189 0.028571
57 189 0.028571
68 189 0.028571
69 189 0.028571
76 189 0.028571
84 189 0.028571
89 189 0.028571
103 189 0.028571
113 189 0.028571
124 189 0.028571
125 189 0.028571
126 189 0.028571
135 189 0.028571
138 189 0.028571
144 189 0.028571
146 189 0.028571
150 189 0.028571
155 189 0.028571
159 189 0.028571
170 189 0.028571
178 189 0.028571
179 189 0.028571
180 189 0.028571
185 189 0.028571
187 189 0.028571
190 189 0.028571
1 191 0.027778
5 191 0.027778
7 191 0.027778
10 191 0.027778
15 191 0.027778
16 191 0.027778
20 191 0.027778
23 191 0.027778
28 191 0.027778
31 191 0.027778
35 191 0.027778
37 191 0.027778
38 191 0.027778
41 191 0.027778
42 191 0.027778
43 191 0.027778
53 191 0.027778
59 191 0.027778
62 191 0.027778
70 191 0.027778
80 191 0.027778
93 191 0.027778
95 191 0.027778
99 191 0.027778
107 191 0.027778
111 191 0.027778
128 191 0.027778
130 191 0.027778
133 191 0.027778
141 191 0.027778
144 191 0.027778
148 191 0.027778
156 191 0.027778
159 191 0.027778
164 191 0.027778
172 191 0.027778
2 7 0.03125
13 7 0.03125
35 7 0.03125
44 7 0.03125
46 7 0.03125
48 7 0.03125
52 7 0.03125
63 7 0.03125
66 7 0.03125
67 7 0.03125
71 7 0.03125
80 7 0.03125
85 7 0.03125
91 7 0.03125
92 7 0.03125
95 7 0.03125
96 7 0.03125
97 7 0.03125
100 7 0.03125
104 7 0.03125
109 7 0.03125
122 7 0.03125
123 7 0.03125
130 7 0.03125
143 7 0.03125
144 7 0.03125
160 7 0.03125
177 7 0.03125
178 7 0.03125
179 7 0.03125
188 7 0.03125
191 7 0.03125
2 30 0.032258
10 30 0.032258
12 30 0.032258
25 30 0.032258
28 30 0.032258
29 30 0.032258
38 30 0.032258
41 30 0.032258
44 30 0.032258
59 30 0.032258
61 30 0.032258
78 30 0.032258
80 30 0.032258
85 30 0.032258
90 30 0.032258
112 30 0.032258
113 30 0.032258
117 30 0.032258
125 30 0.032258
126 30 0.032258
127 30 0.032258
150 30 0.032258
152 30 0.032258
153 30 0.032258
159 30 0.032258
160 30 0.032258
162 30 0.032258
165 30 0.032258
178 30 0.032258
180 30 0.032258
185 30 0.032258
2 48 0.033333
4 48 0.033333
6 48 0.033333
7 48 0.033333
17 48 0.033333
25 48 0.033333
33 48 0.033333
36 48 0.033333
38 48 0.033333
43 48 0.033333
45 48 0.033333
55 48 0.033333
67 48 0.033333
75 48 0.033333
90 48 0.033333
91 48 0.033333
92 48 0.033333
116 48 0.033333
117 48 0.033333
119 48 0.033333
125 48 0.033333
138 48 0.033333
139 48 0.033333
151 48 0.033333
155 48 0.033333
159 48 0.033333
161 48 0.033333
162 48 0.033333
177 48 0.033333
179 48 0.033333
2 56 0.033333
5 56 0.033333
11 56 0.033333
12 56 0.033333
17 56 0.033333
21 56 0.033333
23 56 0.033333
25 56 0.033333
38 56 0.033333
49 56 0.033333
51 56 0.033333
60 56 0.033333
63 56 0.033333
73 56 0.033333
86 56 0.033333
90 56 0.033333
100 56 0.033333
109 56 0.033333
127 56 0.033333
132 56 0.033333
145 56 0.033333
147 56 0.033333
155 56 0.033333
162 56 0.033333
167 56 0.033333
168 56 0.033333
170 56 0.033333
180 56 0.033333
182 56 0.033333
186 56 0.033333
2 62 0.030303
8 62 0.030303
12 62 0.030303
14 62 0.030303
15 62 0.030303
18 62 0.030303
19 62 0.030303
20 62 0.030303
29 62 0.030303
32 62 0.030303
33 62 0.030303
43 62 0.030303
50 62 0.030303
66 62 0.030303
67 62 0.030303
77 62 0.030303
78 62 0.030303
82 62 0.030303
93 62 0.030303
94 62 0.030303
112 62 0.030303
115 62 0.030303
116 62 0.030303
117 62 0.030303
118 62 0.030303
134 62 0.030303
143 62 0.030303
146 62 0.030303
160 62 0.030303
166 62 0.030303
183 62 0.030303
188 62 0.030303
191 62 0.030303
2 64 0.033333
12 64 0.033333
21 64 0.033333
26 64 0.033333
27 64 0.033333
32 64 0.033333
45 64 0.033333
49 64 0.033333
60 64 0.033333
68 64 0.033333
70 64 0.033333
80 64 0.033333
87 64 0.033333
91 64 0.033333
92 64 0.033333
100 64 0.033333
107 64 0.033333
110 64 0.033333
115 64 0.033333
121 64 0.033333
128 64 0.033333
134 64 0.033333
135 64 0.033333
140 64 0.033333
142 64 0.033333
143 64 0.033333
154 64 0.033333
160 64 0.033333
181 64 0.033333
182 64 0.033333
2 67 0.030303
7 67 0.030303
8 67 0.030303
9 67 0.030303
24 67 0.030303
25 67 0.030303
31 67 0.030303
36 67 0.030303
41 67 0.030303
43 67 0.030303
48 67 0.030303
50 67 0.030303
52 67 0.030303
57 67 0.030303
62 67 0.030303
71 67 0.030303
82 67 0.030303
92 67 0.030303
93 67 0.030303
109 67 0.030303
118 67 0.030303
120 67 0.030303
123 67 0.030303
124 67 0.030303
128 67 0.030303
129 67 0.030303
140 67 0.030303
150 67 0.030303
152 67 0.030303
159 67 0.030303
169 67 0.030303
177 67 0.030303
184 67 0.030303
2 83 0.030303
3 83 0.030303
5 83 0.030303
8 83 0.030303
31 83 0.030303
36 83 0.030303
38 83 0.030303
47 83 0.030303
55 83 0.030303
61 83 0.030303
63 83 0.030303
66 83 0.030303
69 83 0.030303
71 83 0.030303
73 83 0.030303
80 83 0.030303
81 83 0.030303
86 83 0.030303
87 83 0.030303
93 83 0.030303
104 83 0.030303
105 83 0.030303
116 83 0.030303
119 83 0.030303
137 83 0.030303
139 83 0.030303
149 83 0.030303
151 83 0.030303
160 83 0.030303
162 83 0.030303
176 83 0.030303
180 83 0.030303
190 83 0.030303
2 102 0.032258
6 102 0.032258
10 102 0.032258
27 102 0.032258
28 102 0.032258
33 102 0.032258
52 102 0.032258
53 102 0.032258
55 102 0.032258
68 102 0.032258
78 102 0.032258
81 102 0.032258
82 102 0.032258
84 102 0.032258
95 102 0.032258
98 102 0.032258
103 102 0.032258
111 102 0.032258
112 102 0.032258
113 102 0.032258
117 102 0.032258
122 102 0.032258
124 102 0.032258
135 102 0.032258
137 102 0.032258
138 102 0.032258
145 102 0.032258
157 102 0.032258
174 102 0.032258
180 102 0.032258
183 102 0.032258
2 108 0.037037
10 108 0.037037
12 108 0.037037
15 108 0.037037
23 108 0.037037
47 108 0.037037
52 108 0.037037
53 108 0.037037
55 108 0.037037
68 108 0.037037
72 108 0.037037
74 108 0.037037
76 108 0.037037
77 108 0.037037
107 108 0.037037
110 108 0.037037
118 108 0.037037
122 108 0.037037
128 108 0.037037
136 108 0.037037
137 108 0.037037
151 108 0.037037
152 108 0.037037
163 108 0.037037
176 108 0.037037
177 108 0.037037
185 108 0.037037
2 111 0.02381
3 111 0.02381
9 111 0.02381
15 111 0.02381
19 111 0.02381
20 111 0.02381
29 111 0.02381
40 111 0.02381
42 111 0.02381
45 111 0.02381
52 111 0.02381
63 111 0.02381
65 111 0.02381
66 111 0.02381
75 111 0.02381
78 111 0.02381
79 111 0.02381
87 111 0.02381
89 111 0.02381
102 111 0.02381
107 111 0.02381
112 111 0.02381
114 111 0.02381
117 111 0.02381
119 111 0.02381
124 111 0.02381
126 111 0.02381
127 111 0.02381
131 111 0.02381
136 111 0.02381
140 111 0.02381
143 111 0.02381
145 111 0.02381
149 111 0.02381
159 111 0.02381
167 111 0.02381
171 111 0.02381
173 111 0.02381
179 111 0.02381
182 111 0.02381
185 111 0.02381
191 111 0.02381
2 123 0.030303
5 123 0.030303
7 123 0.030303
8 123 0.030303
17 123 0.030303
23 123 0.030303
24 123 0.030303
31 123 0.030303
38 123 0.030303
41 123 0.030303
49 123 0.030303
50 123 0.030303
60 123 0.030303
67 123 0.030303
76 123 0.030303
78 123 0.030303
79 123 0.030303
84 123 0.030303
100 123 0.030303
110 123 0.030303
117 123 0.030303
121 123 0.030303
146 123 0.030303
149 123 0.030303
152 123 0.030303
153 123 0.030303
158 123 0.030303
159 123 0.030303
161 123 0.030303
170 123 0.030303
178 123 0.030303
180 123 0.030303
187 123 0.030303
2 133 0.041667
9 133 0.041667
13 133 0.041667
17 133 0.041667
19 133 0.041667
27 133 0.041667
35 133 0.041667
46 133 0.041667
57 133 0.041667
77 133 0.041667
91 133 0.041667
103 133 0.041667
107 133 0.041667
109 133 0.041667
110 133 0.041667
126 133 0.041667
132 133 0.041667
137 133 0.041667
152 133 0.041667
162 133 0.041667
167 133 0.041667
174 133 0.041667
185 133 0.041667
191 133 0.041667
2 137 0.02381
4 137 0.02381
10 137 0.02381
11 137 0.02381
16 137 0.02381
18 137 0.02381
22 137 0.02381
24 137 0.02381
29 137 0.02381
32 137 0.02381
34 137 0.02381
39 137 0.02381
66 137 0.02381
69 137 0.02381
81 137 0.02381
83 137 0.02381
85 137 0.02381
87 137 0.02381
91 137 0.02381
93 137 0.02381
94 137 0.02381
95 137 0.02381
97 137 0.02381
102 137 0.02381
105 137 0.02381
108 137 0.02381
117 137 0.02381
118 137 0.02381
122 137 0.02381
126 137 0.02381
128 137 0.02381
131 137 0.02381
133 137 0.02381
139 137 0.02381
147 137 0.02381
154 137 0.02381
157 137 0.02381
163 137 0.02381
176 137 0.02381
177 137 0.02381
181 137 0.02381
185 137 0.02381
2 139 0.037037
5 139 0.037037
27 139 0.037037
38 139 0.037037
45 139 0.037037
48 139 0.037037
49 139 0.037037
53 139 0.037037
74 139 0.037037
77 139 0.037037
80 139 0.037037
83 139 0.037037
88 139 0.037037
91 139 0.037037
97 139 0.037037
98 139 0.037037
101 139 0.037037
104 139 0.037037
114 139 0.037037
137 139 0.037037
141 139 0.037037
145 139 0.037037
150 139 0.037037
151 139 0.037037
166 139 0.037037
169 139 0.037037
170 139 0.037037
2 147 0.033333
12 147 0.033333
15 147 0.033333
21 147 0.033333
25 147 0.033333
26 147 0.033333
33 147 0.033333
34 147 0.033333
36 147 0.033333
41 147 0.033333
50 147 0.033333
56 147 0.033333
61 147 0.033333
65 147 0.033333
77 147 0.033333
79 147 0.033333
81 147 0.033333
85 147 0.033333
92 147 0.033333
124 147 0.033333
130 147 0.033333
137 147 0.033333
143 147 0.033333
144 147 0.033333
157 147 0.033333
163 147 0.033333
171 147 0.033333
172 147 0.033333
175 147 0.033333
182 147 0.033333
2 150 0.04
8 150 0.04
19 150 0.04
22 150 0.04
30 150 0.04
32 150 0.04
43 150 0.04
53 150 0.04
57 150 0.04
67 150 0.04
95 150 0.04
97 150 0.04
104 150 0.04
115 150 0.04
116 150 0.04
121 150 0.04
136 150 0.04
139 150 0.04
149 150 0.04
160 150 0.04
169 150 0.04
174 150 0.04
184 150 0.04
188 150 0.04
189 150 0.04
2 154 0.03125
9 154 0.03125
16 154 0.03125
19 154 0.03125
28 154 0.03125
42 154 0.03125
49 154 0.03125
53 154 0.03125
64 154 0.03125
84 154 0.03125
91 154 0.03125
93 154 0.03125
106 154 0.03125
107 154 0.03125
116 154 0.03125
124 154 0.03125
126 154 0.03125
127 154 0.03125
128 154 0.03125
130 154 0.03125
135 154 0.03125
137 154 0.03125
142 154 0.03125
143 154 0.03125
146 154 0.03125
153 154 0.03125
158 154 0.03125
159 154 0.03125
164 154 0.03125
171 154 0.03125
182 154 0.03125
183 154 0.03125
2 173 0.038462
6 173 0.038462
14 173 0.038462
23 173 0.038462
26 173 0.038462
41 173 0.038462
44 173 0.038462
47 173 0.038462
65 173 0.038462
79 173 0.038462
86 173 0.038462
91 173 0.038462
98 173 0.038462
111 173 0.038462
113 173 0.038462
116 173 0.038462
122 173 0.038462
124 173 0.038462
127 173 0.038462
131 173 0.038462
148 173 0.038462
165 173 0.038462
167 173 0.038462
175 173 0.038462
179 173 0.038462
186 173 0.038462
2 177 0.035714
3 177 0.035714
5 177 0.035714
7 177 0.035714
25 177 0.035714
26 177 0.035714
35 177 0.035714
38 177 0.035714
41 177 0.035714
43 177 0.035714
45 177 0.035714
48 177 0.035714
58 177 0.035714
67 177 0.035714
80 177 0.035714
86 177 0.035714
88 177 0.035714
103 177 0.035714
104 177 0.035714
108 177 0.035714
118 177 0.035714
137 177 0.035714
145 177 0.035714
159 177 0.035714
165 177 0.035714
175 177 0.035714
180 177 0.035714
187 177 0.035714
2 178 0.028571
7 178 0.028571
14 178 0.028571
16 178 0.028571
18 178 0.028571
20 178 0.028571
22 178 0.028571
30 178 0.028571
38 178 0.028571
41 178 0.028571
42 178 0.028571
44 178 0.028571
57 178 0.028571
71 178 0.028571
89 178 0.028571
91 178 0.028571
94 178 0.028571
96 178 0.028571
101 178 0.028571
103 178 0.028571
104 178 0.028571
113 178 0.028571
114 178 0.028571
118 178 0.028571
123 178 0.028571
132 178 0.028571
134 178 0.028571
145 178 0.028571
152 178 0.028571
162 178 0.028571
169 178 0.028571
172 178 0.028571
179 178 0.028571
185 178 0.028571
189 178 0.028571
3 5 0.033333
8 5 0.033333
18 5 0.033333
19 5 0.033333
33 5 0.033333
37 5 0.033333
42 5 0.033333
46 5 0.033333
55 5 0.033333
56 5 0.033333
61 5 0.033333
68 5 0.033333
72 5 0.033333
76 5 0.033333
83 5 0.033333
84 5 0.033333
99 5 0.033333
104 5 0.033333
120 5 0.033333
123 5 0.033333
131 5 0.033333
132 5 0.033333
139 5 0.033333
145 5 0.033333
164 5 0.033333
171 5 0.033333
176 5 0.033333
177 5 0.033333
179 5 0.033333
191 5 0.033333
3 14 0.035714
15 14 0.035714
16 14 0.035714
24 14 0.035714
36 14 0.035714
40 14 0.035714
50 14 0.035714
62 14 0.035714
77 14 0.035714
106 14 0.035714
113 14 0.035714
114 14 0.035714
115 14 0.035714
118 14 0.035714
143 14 0.035714
152 14 0.035714
153 14 0.035714
155 14 0.035714
156 14 0.035714
159 14 0.035714
165 14 0.035714
166 14 0.035714
172 14 0.035714
173 14 0.035714
178 14 0.035714
182 14 0.035714
185 14 0.035714
190 14 0.035714
3 36 0.037037
4 36 0.037037
10 36 0.037037
14 36 0.037037
35 36 0.037037
45 36 0.037037
48 36 0.037037
60 36 0.037037
63 36 0.037037
67 36 0.037037
69 36 0.037037
73 36 0.037037
81 36 0.037037
83 36 0.037037
100 36 0.037037
104 36 0.037037
115 36 0.037037
124 36 0.037037
130 36 0.037037
132 36 0.037037
138 36 0.037037
147 36 0.037037
148 36 0.037037
162 36 0.037037
170 36 0.037037
188 36 0.037037
189 36 0.037037
3 41 0.033333
22 41 0.033333
24 41 0.033333
28 41 0.033333
30 41 0.033333
65 41 0.033333
67 41 0.033333
68 41 0.033333
70 41 0.033333
79 41 0.033333
96 41 0.033333
97 41 0.033333
116 41 0.033333
117 41 0.033333
119 41 0.033333
123 41 0.033333
129 41 0.033333
134 41 0.033333
138 41 0.033333
141 41 0.033333
145 41 0.033333
147 41 0.033333
148 41 0.033333
162 41 0.033333
173 41 0.033333
174 41 0.033333
177 41 0.033333
178 41 0.033333
179 41 0.033333
191 41 0.033333
3 45 0.033333
11 45 0.033333
15 45 0.033333
26 45 0.033333
27 45 0.033333
34 45 0.033333
36 45 0.033333
38 45 0.033333
42 45 0.033333
44 45 0.033333
48 45 0.033333
55 45 0.033333
64 45 0.033333
69 45 0.033333
71 45 0.033333
98 45 0.033333
106 45 0.033333
111 45 0.033333
118 45 0.033333
121 45 0.033333
126 45 0.033333
129 45 0.033333
138 45 0.033333
139 45 0.033333
163 45 0.033333
164 45 0.033333
169 45 0.033333
175 45 0.033333
177 45 0.033333
189 45 0.033333
3 55 0.033333
5 55 0.033333
8 55 0.033333
42 55 0.033333
45 55 0.033333
48 55 0.033333
52 55 0.033333
54 55 0.033333
70 55 0.033333
76 55 0.033333
83 55 0.033333
90 55 0.033333
94 55 0.033333
96 55 0.033333
101 55 0.033333
102 55 0.033333
108 55 0.033333
113 55 0.033333
119 55 0.033333
126 55 0.033333
131 55 0.033333
143 55 0.033333
148 55 0.033333
149 55 0.033333
155 55 0.033333
158 55 0.033333
161 55 0.033333
162 55 0.033333
170 55 0.033333
187 55 0.033333
3 60 0.038462
17 60 0.038462
18 60 0.038462
36 60 0.038462
52 60 0.038462
54 60 0.038462
56 60 0.038462
61 60 0.038462
64 60 0.038462
73 60 0.038462
81 60 0.038462
86 60 0.038462
98 60 0.038462
119 60 0.038462
123 60 0.038462
130 60 0.038462
131 60 0.038462
132 60 0.038462
153 60 0.038462
161 60 0.038462
165 60 0.038462
166 60 0.038462
167 60 0.038462
168 60 0.038462
181 60 0.038462
190 60 0.038462
3 68 0.032258
4 68 0.032258
5 68 0.032258
10 68 0.032258
18 68 0.032258
35 68 0.032258
41 68 0.032258
53 68 0.032258
64 68 0.032258
70 68 0.032258
82 68 0.032258
88 68 0.032258
91 68 0.032258
98 68 0.032258
101 68 0.032258
102 68 0.032258
104 68 0.032258
106 68 0.032258
108 68 0.032258
121 68 0.032258
146 68 0.032258
156 68 0.032258
159 68 0.032258
160 68 0.032258
161 68 0.032258
165 68 0.032258
167 68 0.032258
171 68 0.032258
175 68 0.032258
181 68 0.032258
189 68 0.032258
3 75 0.05
15 75 0.05
20 75 0.05
24 75 0.05
39 75 0.05
42 75 0.05
43 75 0.05
48 75 0.05
73 75 0.05
79 75 0.05
80 75 0.05
84 75 0.05
99 75 0.05
106 75 0.05
111 75 0.05
118 75 0.05
144 75 0.05
163 75 0.05
175 75 0.05
176 75 0.05
3 80 0.025
6 80 0.025
7 80 0.025
8 80 0.025
18 80 0.025
19 80 0.025
22 80 0.025
27 80 0.025
28 80 0.025
30 80 0.025
46 80 0.025
54 80 0.025
64 80 0.025
69 80 0.025
71 80 0.025
75 80 0.025
76 80 0.025
78 80 0.025
83 80 0.025
97 80 0.025
100 80 0.025
105 80 0.025
113 80 0.025
114 80 0.025
116 80 0.025
120 80 0.025
124 80 0.025
136 80 0.025
139 80 0.025
142 80 0.025
152 80 0.025
158 80 0.025
160 80 0.025
161 80 0.025
162 80 0.025
165 80 0.025
167 80 0.025
169 80 0.025
177 80 0.025
191 80 0.025
3 81 0.037037
6 81 0.037037
8 81 0.037037
20 81 0.037037
23 81 0.037037
29 81 0.037037
36 81 0.037037
47 81 0.037037
52 81 0.037037
60 81 0.037037
66 81 0.037037
72 81 0.037037
78 81 0.037037
83 81 0.037037
102 81 0.037037
112 81 0.037037
121 81 0.037037
125 81 0.037037
126 81 0.037037
131 81 0.037037
132 81 0.037037
134 81 0.037037
137 81 0.037037
142 81 0.037037
147 81 0.037037
186 81 0.037037
188 81 0.037037
3 88 0.04
18 88 0.04
29 88 0.04
40 88 0.04
51 88 0.04
68 88 0.04
78 88 0.04
85 88 0.04
92 88 0.04
97 88 0.04
98 88 0.04
104 88 0.04
115 88 0.04
117 88 0.04
131 88 0.04
134 88 0.04
136 88 0.04
139 88 0.04
141 88 0.04
142 88 0.04
148 88 0.04
151 88 0.04
152 88 0.04
177 88 0.04
183 88 0.04
3 112 0.033333
4 112 0.033333
6 112 0.033333
16 112 0.033333
19 112 0.033333
28 112 0.033333
30 112 0.033333
31 112 0.033333
53 112 0.033333
54 112 0.033333
62 112 0.033333
63 112 0.033333
66 112 0.033333
76 112 0.033333
81 112 0.033333
93 112 0.033333
95 112 0.033333
102 112 0.033333
103 112 0.033333
111 112 0.033333
113 112 0.033333
115 112 0.033333
126 112 0.033333
129 112 0.033333
138 112 0.033333
152 112 0.033333
153 112 0.033333
156 112 0.033333
175 112 0.033333
183 112 0.033333
3 118 0.027778
6 118 0.027778
10 118 0.027778
14 118 0.027778
18 118 0.027778
44 118 0.027778
45 118 0.027778
46 118 0.027778
58 118 0.027778
62 118 0.027778
67 118 0.027778
72 118 0.027778
75 118 0.027778
82 118 0.027778
84 118 0.027778
85 118 0.027778
99 118 0.027778
105 118 0.027778
108 118 0.027778
119 118 0.027778
121 118 0.027778
137 118 0.027778
142 118 0.027778
143 118 0.027778
144 118 0.027778
155 118 0.027778
161 118 0.027778
171 118 0.027778
172 118 0.027778
175 118 0.027778
177 118 0.027778
178 118 0.027778
180 118 0.027778
184 118 0.027778
186 118 0.027778
188 118 0.027778
3 127 0.037037
13 127 0.037037
30 127 0.037037
52 127 0.037037
56 127 0.037037
63 127 0.037037
72 127 0.037037
90 127 0.037037
92 127 0.037037
95 127 0.037037
97 127 0.037037
107 127 0.037037
111 127 0.037037
122 127 0.037037
128 127 0.037037
138 127 0.037037
154 127 0.037037
157 127 0.037037
164 127 0.037037
166 127 0.037037
167 127 0.037037
173 127 0.037037
176 127 0.037037
183 127 0.037037
184 127 0.037037
188 127 0.037037
190 127 0.037037
3 136 0.04
8 136 0.04
10 136 0.04
18 136 0.04
19 136 0.04
21 136 0.04
25 136 0.04
37 136 0.04
39 136 0.04
71 136 0.04
76 136 0.04
80 136 0.04
88 136 0.04
95 136 0.04
96 136 0.04
108 136 0.04
111 136 0.04
116 136 0.04
140 136 0.04
142 136 0.04
146 136 0.04
150 136 0.04
169 136 0.04
170 136 0.04
188 136 0.04
3 160 0.03125
7 160 0.03125
22 160 0.03125
30 160 0.03125
34 160 0.03125
42 160 0.03125
44 160 0.03125
57 160 0.03125
62 160 0.03125
64 160 0.03125
68 160 0.03125
69 160 0.03125
78 160 0.03125
80 160 0.03125
82 160 0.03125
83 160 0.03125
84 160 0.03125
94 160 0.03125
97 160 0.03125
98 160 0.03125
100 160 0.03125
116 160 0.03125
129 160 0.03125
143 160 0.03125
150 160 0.03125
157 160 0.03125
168 160 0.03125
169 160 0.03125
174 160 0.03125
179 160 0.03125
184 160 0.03125
186 160 0.03125
3 168 0.047619
33 168 0.047619
56 168 0.047619
60 168 0.047619
61 168 0.047619
72 168 0.047619
79 168 0.047619
85 168 0.047619
87 168 0.047619
95 168 0.047619
96 168 0.047619
99 168 0.047619
101 168 0.047619
103 168 0.047619
115 168 0.047619
125 168 0.047619
160 168 0.047619
180 168 0.047619
184 168 0.047619
186 168 0.047619
187 168 0.047619
3 170 0.032258
8 170 0.032258
9 170 0.032258
16 170 0.032258
24 170 0.032258
36 170 0.032258
46 170 0.032258
51 170 0.032258
55 170 0.032258
56 170 0.032258
69 170 0.032258
70 170 0.032258
84 170 0.032258
85 170 0.032258
89 170 0.032258
110 170 0.032258
115 170 0.032258
116 170 0.032258
123 170 0.032258
128 170 0.032258
129 170 0.032258
134 170 0.032258
136 170 0.032258
139 170 0.032258
143 170 0.032258
155 170 0.032258
157 170 0.032258
166 170 0.032258
175 170 0.032258
183 170 0.032258
189 170 0.032258
3 175 0.034483
18 175 0.034483
21 175 0.034483
31 175 0.034483
35 175 0.034483
45 175 0.034483
47 175 0.034483
50 175 0.034483
61 175 0.034483
68 175 0.034483
69 175 0.034483
75 175 0.034483
84 175 0.034483
87 175 0.034483
92 175 0.034483
110 175 0.034483
112 175 0.034483
118 175 0.034483
134 175 0.034483
146 175 0.034483
147 175 0.034483
152 175 0.034483
164 175 0.034483
167 175 0.034483
170 175 0.034483
173 175 0.034483
177 175 0.034483
182 175 0.034483
186 175 0.034483
3 180 0.028571
12 180 0.028571
22 180 0.028571
30 180 0.028571
32 180 0.028571
40 180 0.028571
53 180 0.028571
56 180 0.028571
61 180 0.028571
66 180 0.028571
72 180 0.028571
79 180 0.028571
83 180 0.028571
84 180 0.028571
86 180 0.028571
92 180 0.028571
97 180 0.028571
102 180 0.028571
103 180 0.028571
114 180 0.028571
118 180 0.028571
123 180 0.028571
126 180 0.028571
135 180 0.028571
146 180 0.028571
155 180 0.028571
159 180 0.028571
162 180 0.028571
167 180 0.028571
168 180 0.028571
169 180 0.028571
174 180 0.028571
177 180 0.028571
183 180 0.028571
189 180 0.028571
4 8 0.02439
5 8 0.02439
6 8 0.02439
17 8 0.02439
19 8 0.02439
21 8 0.02439
26 8 0.02439
33 8 0.02439
34 8 0.02439
43 8 0.02439
44 8 0.02439
47 8 0.02439
55 8 0.02439
61 8 0.02439
62 8 0.02439
67 8 0.02439
77 8 0.02439
80 8 0.02439
81 8 0.02439
83 8 0.02439
101 8 0.02439
103 8 0.02439
105 8 0.02439
110 8 0.02439
114 8 0.02439
120 8 0.02439
123 8 0.02439
124 8 0.02439
131 8 0.02439
132 8 0.02439
136 8 0.02439
148 8 0.02439
150 8 0.02439
151 8 0.02439
166 8 0.02439
167 8 0.02439
170 8 0.02439
176 8 0.02439
179 8 0.02439
181 8 0.02439
182 8 0.02439
4 9 0.038462
15 9 0.038462
16 9 0.038462
25 9 0.038462
26 9 0.038462
43 9 0.038462
49 9 0.038462
59 9 0.038462
67 9 0.038462
72 9 0.038462
74 9 0.038462
84 9 0.038462
87 9 0.038462
89 9 0.038462
107 9 0.038462
109 9 0.038462
111 9 0.038462
130 9 0.038462
133 9 0.038462
141 9 0.038462
154 9 0.038462
158 9 0.038462
169 9 0.038462
170 9 0.038462
171 9 0.038462
189 9 0.038462
4 11 0.038462
22 11 0.038462
25 11 0.038462
45 11 0.038462
51 11 0.038462
56 11 0.038462
59 11 0.038462
63 11 0.038462
74 11 0.038462
85 11 0.038462
113 11 0.038462
115 11 0.038462
120 11 0.038462
124 11 0.038462
126 11 0.038462
129 11 0.038462
137 11 0.038462
138 11 0.038462
145 11 0.038462
149 11 0.038462
169 11 0.038462
176 11 0.038462
179 11 0.038462
183 11 0.038462
185 11 0.038462
188 11 0.038462
4 12 0.037037
22 12 0.037037
23 12 0.037037
30 12 0.037037
39 12 0.037037
46 12 0.037037
51 12 0.037037
52 12 0.037037
56 12 0.037037
61 12 0.037037
62 12 0.037037
64 12 0.037037
69 12 0.037037
74 12 0.037037
85 12 0.037037
93 12 0.037037
96 12 0.037037
97 12 0.037037
108 12 0.037037
114 12 0.037037
119 12 0.037037
141 12 0.037037
147 12 0.037037
166 12 0.037037
180 12 0.037037
181 12 0.037037
183 12 0.037037
4 25 0.034483
9 25 0.034483
10 25 0.034483
11 25 0.034483
20 25 0.034483
27 25 0.034483
30 25 0.034483
33 25 0.034483
34 25 0.034483
48 25 0.034483
53 25 0.034483
56 25 0.034483
59 25 0.034483
67 25 0.034483
74 25 0.034483
84 25 0.034483
85 25 0.034483
94 25 0.034483
95 25 0.034483
107 25 0.034483
110 25 0.034483
136 25 0.034483
140 25 0.034483
145 25 0.034483
147 25 0.034483
155 25 0.034483
162 25 0.034483
177 25 0.034483
186 25 0.034483
4 29 0.037037
26 29 0.037037
30 29 0.037037
32 29 0.037037
33 29 0.037037
34 29 0.037037
39 29 0.037037
49 29 0.037037
54 29 0.037037
62 29 0.037037
63 29 0.037037
65 29 0.037037
71 29 0.037037
73 29 0.037037
76 29 0.037037
81 29 0.037037
88 29 0.037037
89 29 0.037037
97 29 0.037037
98 29 0.037037
111 29 0.037037
125 29 0.037037
137 29 0.037037
157 29 0.037037
166 29 0.037037
169 29 0.037037
190 29 0.037037
4 33 0.027027
5 33 0.027027
8 33 0.027027
16 33 0.027027
17 33 0.027027
20 33 0.027027
25 33 0.027027
26 33 0.027027
29 33 0.027027
35 33 0.027027
37 33 0.027027
40 33 0.027027
48 33 0.027027
62 33 0.027027
69 33 0.027027
71 33 0.027027
72 33 0.027027
92 33 0.027027
97 33 0.027027
98 33 0.027027
102 33 0.027027
104 33 0.027027
134 33 0.027027
144 33 0.027027
147 33 0.027027
149 33 0.027027
153 33 0.027027
155 33 0.027027
156 33 0.027027
158 33 0.027027
167 33 0.027027
168 33 0.027027
172 33 0.027027
174 33 0.027027
176 33 0.027027
185 33 0.027027
190 33 0.027027
4 35 0.027027
7 35 0.027027
15 35 0.027027
18 35 0.027027
19 35 0.027027
21 35 0.027027
33 35 0.027027
36 35 0.027027
39 35 0.027027
52 35 0.027027
68 35 0.027027
71 35 0.027027
84 35 0.027027
85 35 0.027027
87 35 0.027027
90 35 0.027027
94 35 0.027027
100 35 0.027027
110 35 0.027027
113 35 0.027027
116 35 0.027027
131 35 0.027027
133 35 0.027027
143 35 0.027027
144 35 0.027027
148 35 0.027027
153 35 0.027027
157 35 0.027027
158 35 0.027027
166 35 0.027027
171 35 0.027027
172 35 0.027027
174 35 0.027027
175 35 0.027027
177 35 0.027027
189 35 0.027027
191 35 0.027027
4 89 0.037037
9 89 0.037037
20 89 0.037037
26 89 0.037037
29 89 0.037037
69 89 0.037037
70 89 0.037037
78 89 0.037037
91 89 0.037037
93 89 0.037037
107 89 0.037037
111 89 0.037037
117 89 0.037037
126 89 0.037037
128 89 0.037037
140 89 0.037037
143 89 0.037037
145 89 0.037037
146 89 0.037037
155 89 0.037037
157 89 0.037037
161 89 0.037037
164 89 0.037037
170 89 0.037037
178 89 0.037037
186 89 0.037037
189 89 0.037037
4 99 0.04
5 99 0.04
6 99 0.04
22 99 0.04
43 99 0.04
44 99 0.04
47 99 0.04
66 99 0.04
69 99 0.04
75 99 0.04
87 99 0.04
92 99 0.04
105 99 0.04
110 99 0.04
118 99 0.04
128 99 0.04
131 99 0.04
142 99 0.04
156 99 0.04
167 99 0.04
168 99 0.04
179 99 0.04
187 99 0.04
188 99 0.04
191 99 0.04
4 117 0.029412
19 117 0.029412
30 117 0.029412
39 117 0.029412
41 117 0.029412
47 117 0.029412
48 117 0.029412
58 117 0.029412
62 117 0.029412
63 117 0.029412
82 117 0.029412
85 117 0.029412
88 117 0.029412
89 117 0.029412
93 117 0.029412
100 117 0.029412
101 117 0.029412
102 117 0.029412
105 117 0.029412
111 117 0.029412
116 117 0.029412
120 117 0.029412
123 117 0.029412
126 117 0.029412
129 117 0.029412
137 117 0.029412
145 117 0.029412
146 117 0.029412
151 117 0.029412
155 117 0.029412
167 117 0.029412
186 117 0.029412
188 117 0.029412
190 117 0.029412
4 130 0.034483
7 130 0.034483
9 130 0.034483
18 130 0.034483
31 130 0.034483
34 130 0.034483
36 130 0.034483
37 130 0.034483
54 130 0.034483
60 130 0.034483
70 130 0.034483
76 130 0.034483
97 130 0.034483
98 130 0.034483
106 130 0.034483
107 130 0.034483
114 130 0.034483
119 130 0.034483
125 130 0.034483
140 130 0.034483
147 130 0.034483
154 130 0.034483
157 130 0.034483
161 130 0.034483
162 130 0.034483
166 130 0.034483
179 130 0.034483
184 130 0.034483
191 130 0.034483
4 131 0.037037
5 131 0.037037
6 131 0.037037
8 131 0.037037
26 131 0.037037
35 131 0.037037
52 131 0.037037
55 131 0.037037
60 131 0.037037
61 131 0.037037
66 131 0.037037
79 131 0.037037
81 131 0.037037
88 131 0.037037
95 131 0.037037
98 131 0.037037
99 131 0.037037
111 131 0.037037
121 131 0.037037
124 131 0.037037
137 131 0.037037
145 131 0.037037
152 131 0.037037
157 131 0.037037
169 131 0.037037
173 131 0.037037
187 131 0.037037
4 149 0.038462
11 149 0.038462
27 149 0.038462
33 149 0.038462
34 149 0.038462
55 149 0.038462
65 149 0.038462
76 149 0.038462
83 149 0.038462
87 149 0.038462
93 149 0.038462
95 149 0.038462
109 149 0.038462
111 149 0.038462
114 149 0.038462
119 149 0.038462
123 149 0.038462
129 149 0.038462
138 149 0.038462
142 149 0.038462
150 149 0.038462
162 149 0.038462
174 149 0.038462
181 149 0.038462
184 149 0.038462
185 149 0.038462
4 153 0.035714
14 153 0.035714
22 153 0.035714
30 153 0.035714
33 153 0.035714
35 153 0.035714
46 153 0.035714
57 153 0.035714
60 153 0.035714
65 153 0.035714
74 153 0.035714
78 153 0.035714
98 153 0.035714
107 153 0.035714
112 153 0.035714
115 153 0.035714
122 153 0.035714
123 153 0.035714
126 153 0.035714
138 153 0.035714
148 153 0.035714
154 153 0.035714
155 153 0.035714
174 153 0.035714
181 153 0.035714
182 153 0.035714
187 153 0.035714
190 153 0.035714
4 165 0.035714
14 165 0.035714
30 165 0.035714
32 165 0.035714
34 165 0.035714
38 165 0.035714
43 165 0.035714
51 165 0.035714
54 165 0.035714
60 165 0.035714
66 165 0.035714
68 165 0.035714
74 165 0.035714
76 165 0.035714
80 165 0.035714
82 165 0.035714
87 165 0.035714
103 165 0.035714
106 165 0.035714
107 165 0.035714
121 165 0.035714
135 165 0.035714
140 165 0.035714
142 165 0.035714
157 165 0.035714
173 165 0.035714
174 165 0.035714
177 165 0.035714
5 18 0.033333
22 18 0.033333
31 18 0.033333
35 18 0.033333
44 18 0.033333
46 18 0.033333
52 18 0.033333
60 18 0.033333
62 18 0.033333
68 18 0.033333
80 18 0.033333
87 18 0.033333
88 18 0.033333
107 18 0.033333
109 18 0.033333
113 18 0.033333
118 18 0.033333
119 18 0.033333
121 18 0.033333
130 18 0.033333
136 18 0.033333
137 18 0.033333
155 18 0.033333
156 18 0.033333
159 18 0.033333
167 18 0.033333
175 18 0.033333
178 18 0.033333
187 18 0.033333
189 18 0.033333
5 19 0.029412
6 19 0.029412
8 19 0.029412
17 19 0.029412
22 19 0.029412
35 19 0.029412
40 19 0.029412
42 19 0.029412
43 19 0.029412
50 19 0.029412
57 19 0.029412
62 19 0.029412
70 19 0.029412
76 19 0.029412
80 19 0.029412
82 19 0.029412
96 19 0.029412
98 19 0.029412
110 19 0.029412
111 19 0.029412
112 19 0.029412
117 19 0.029412
133 19 0.029412
134 19 0.029412
136 19 0.029412
148 19 0.029412
150 19 0.029412
151 19 0.029412
154 19 0.029412
164 19 0.029412
179 19 0.029412
187 19 0.029412
188 19 0.029412
190 19 0.029412
5 46 0.030303
7 46 0.030303
12 46 0.030303
13 46 0.030303
15 46 0.030303
18 46 0.030303
20 46 0.030303
22 46 0.030303
23 46 0.030303
24 46 0.030303
31 46 0.030303
40 46 0.030303
52 46 0.030303
70 46 0.030303
72 46 0.030303
80 46 0.030303
91 46 0.030303
109 46 0.030303
114 46 0.030303
118 46 0.030303
122 46 0.030303
128 46 0.030303
132 46 0.030303
133 46 0.030303
142 46 0.030303
145 46 0.030303
153 46 0.030303
158 46 0.030303
166 46 0.030303
167 46 0.030303
170 46 0.030303
176 46 0.030303
185 46 0.030303
5 61 0.030303
8 61 0.030303
12 61 0.030303
30 61 0.030303
51 61 0.030303
54 61 0.030303
60 61 0.030303
65 61 0.030303
73 61 0.030303
83 61 0.030303
84 61 0.030303
92 61 0.030303
97 61 0.030303
119 61 0.030303
121 61 0.030303
125 61 0.030303
131 61 0.030303
134 61 0.030303
141 61 0.030303
143 61 0.030303
147 61 0.030303
148 61 0.030303
162 61 0.030303
166 61 0.030303
168 61 0.030303
169 61 0.030303
174 61 0.030303
175 61 0.030303
180 61 0.030303
181 61 0.030303
187 61 0.030303
188 61 0.030303
190 61 0.030303
5 72 0.030303
9 72 0.030303
20 72 0.030303
23 72 0.030303
24 72 0.030303
26 72 0.030303
33 72 0.030303
46 72 0.030303
52 72 0.030303
58 72 0.030303
70 72 0.030303
71 72 0.030303
73 72 0.030303
79 72 0.030303
81 72 0.030303
91 72 0.030303
94 72 0.030303
108 72 0.030303
110 72 0.030303
118 72 0.030303
125 72 0.030303
126 72 0.030303
127 72 0.030303
141 72 0.030303
143 72 0.030303
152 72 0.030303
156 72 0.030303
163 72 0.030303
168 72 0.030303
180 72 0.030303
182 72 0.030303
188 72 0.030303
190 72 0.030303
5 84 0.030303
6 84 0.030303
9 84 0.030303
20 84 0.030303
23 84 0.030303
25 84 0.030303
35 84 0.030303
49 84 0.030303
61 84 0.030303
75 84 0.030303
78 84 0.030303
102 84 0.030303
118 84 0.030303
121 84 0.030303
122 84 0.030303
123 84 0.030303
124 84 0.030303
132 84 0.030303
138 84 0.030303
145 84 0.030303
148 84 0.030303
151 84 0.030303
152 84 0.030303
154 84 0.030303
160 84 0.030303
163 84 0.030303
170 84 0.030303
175 84 0.030303
180 84 0.030303
182 84 0.030303
187 84 0.030303
189 84 0.030303
190 84 0.030303
5 104 0.04
7 104 0.04
20 104 0.04
23 104 0.04
32 104 0.04
33 104 0.04
36 104 0.04
63 104 0.04
65 104 0.04
66 104 0.04
68 104 0.04
79 104 0.04
83 104 0.04
88 104 0.04
91 104 0.04
96 104 0.04
114 104 0.04
120 104 0.04
139 104 0.04
143 104 0.04
150 104 0.04
166 104 0.04
167 104 0.04
177 104 0.04
178 104 0.04
5 132 0.035714
6 132 0.035714
8 132 0.035714
10 132 0.035714
23 132 0.035714
36 132 0.035714
37 132 0.035714
39 132 0.035714
44 132 0.035714
46 132 0.035714
49 132 0.035714
56 132 0.035714
57 132 0.035714
58 132 0.035714
60 132 0.035714
63 132 0.035714
81 132 0.035714
84 132 0.035714
91 132 0.035714
125 132 0.035714
133 132 0.035714
151 132 0.035714
155 132 0.035714
157 132 0.035714
161 132 0.035714
164 132 0.035714
178 132 0.035714
185 132 0.035714
5 145 0.027778
10 145 0.027778
11 145 0.027778
25 145 0.027778
31 145 0.027778
37 145 0.027778
41 145 0.027778
46 145 0.027778
49 145 0.027778
50 145 0.027778
56 145 0.027778
69 145 0.027778
84 145 0.027778
89 145 0.027778
91 145 0.027778
92 145 0.027778
94 145 0.027778
95 145 0.027778
96 145 0.027778
98 145 0.027778
102 145 0.027778
110 145 0.027778
111 145 0.027778
115 145 0.027778
116 145 0.027778
117 145 0.027778
124 145 0.027778
125 145 0.027778
131 145 0.027778
139 145 0.027778
152 145 0.027778
155 145 0.027778
162 145 0.027778
174 145 0.027778
177 145 0.027778
178 145 0.027778
5 164 0.04
19 164 0.04
27 164 0.04
31 164 0.04
45 164 0.04
49 164 0.04
87 164 0.04
89 164 0.04
98 164 0.04
107 164 0.04
109 164 0.04
127 164 0.04
132 164 0.04
138 164 0.04
140 164 0.04
143 164 0.04
146 164 0.04
148 164 0.04
152 164 0.04
154 164 0.04
157 164 0.04
174 164 0.04
175 164 0.04
190 164 0.04
191 164 0.04
5 179 0.033333
7 179 0.033333
8 179 0.033333
10 179 0.033333
11 179 0.033333
19 179 0.033333
22 179 0.033333
41 179 0.033333
48 179 0.033333
57 179 0.033333
63 179 0.033333
85 179 0.033333
96 179 0.033333
99 179 0.033333
101 179 0.033333
111 179 0.033333
113 179 0.033333
130 179 0.033333
141 179 0.033333
146 179 0.033333
155 179 0.033333
157 179 0.033333
160 179 0.033333
166 179 0.033333
167 179 0.033333
169 179 0.033333
171 179 0.033333
173 179 0.033333
178 179 0.033333
189 179 0.033333
6 28 0.043478
30 28 0.043478
41 28 0.043478
76 28 0.043478
79 28 0.043478
80 28 0.043478
100 28 0.043478
102 28 0.043478
103 28 0.043478
110 28 0.043478
112 28 0.043478
134 28 0.043478
141 28 0.043478
154 28 0.043478
156 28 0.043478
157 28 0.043478
158 28 0.043478
166 28 0.043478
169 28 0.043478
174 28 0.043478
181 28 0.043478
184 28 0.043478
191 28 0.043478
6 39 0.037037
10 39 0.037037
12 39 0.037037
16 39 0.037037
29 39 0.037037
32 39 0.037037
35 39 0.037037
37 39 0.037037
49 39 0.037037
51 39 0.037037
58 39 0.037037
70 39 0.037037
75 39 0.037037
77 39 0.037037
78 39 0.037037
79 39 0.037037
82 39 0.037037
105 39 0.037037
117 39 0.037037
125 39 0.037037
132 39 0.037037
136 39 0.037037
137 39 0.037037
157 39 0.037037
163 39 0.037037
166 39 0.037037
182 39 0.037037
6 59 0.033333
9 59 0.033333
10 59 0.033333
11 59 0.033333
16 59 0.033333
25 59 0.033333
27 59 0.033333
30 59 0.033333
37 59 0.033333
43 59 0.033333
54 59 0.033333
58 59 0.033333
76 59 0.033333
77 59 0.033333
91 59 0.033333
98 59 0.033333
101 59 0.033333
105 59 0.033333
107 59 0.033333
113 59 0.033333
114 59 0.033333
122 59 0.033333
155 59 0.033333
156 59 0.033333
157 59 0.033333
163 59 0.033333
181 59 0.033333
183 59 0.033333
190 59 0.033333
191 59 0.033333
6 70 0.032258
17 70 0.032258
19 70 0.032258
21 70 0.032258
23 70 0.032258
39 70 0.032258
41 70 0.032258
46 70 0.032258
50 70 0.032258
55 70 0.032258
64 70 0.032258
68 70 0.032258
72 70 0.032258
74 70 0.032258
77 70 0.032258
85 70 0.032258
89 70 0.032258
93 70 0.032258
97 70 0.032258
101 70 0.032258
106 70 0.032258
107 70 0.032258
119 70 0.032258
121 70 0.032258
130 70 0.032258
135 70 0.032258
152 70 0.032258
170 70 0.032258
172 70 0.032258
181 70 0.032258
191 70 0.032258
6 85 0.037037
7 85 0.037037
10 85 0.037037
11 85 0.037037
12 85 0.037037
25 85 0.037037
30 85 0.037037
35 85 0.037037
65 85 0.037037
69 85 0.037037
70 85 0.037037
88 85 0.037037
105 85 0.037037
117 85 0.037037
118 85 0.037037
122 85 0.037037
137 85 0.037037
140 85 0.037037
147 85 0.037037
168 85 0.037037
170 85 0.037037
171 85 0.037037
172 85 0.037037
174 85 0.037037
179 85 0.037037
185 85 0.037037
187 85 0.037037
6 96 0.038462
7 96 0.038462
12 96 0.038462
19 96 0.038462
32 96 0.038462
40 96 0.038462
41 96 0.038462
49 96 0.038462
55 96 0.038462
63 96 0.038462
77 96 0.038462
82 96 0.038462
86 96 0.038462
92 96 0.038462
104 96 0.038462
136 96 0.038462
145 96 0.038462
163 96 0.038462
168 96 0.038462
171 96 0.038462
172 96 0.038462
178 96 0.038462
179 96 0.038462
182 96 0.038462
187 96 0.038462
190 96 0.038462
6 129 0.038462
11 129 0.038462
23 129 0.038462
41 129 0.038462
44 129 0.038462
45 129 0.038462
65 129 0.038462
67 129 0.038462
76 129 0.038462
93 129 0.038462
94 129 0.038462
112 129 0.038462
113 129 0.038462
117 129 0.038462
119 129 0.038462
120 129 0.038462
125 129 0.038462
142 129 0.038462
144 129 0.038462
149 129 0.038462
157 129 0.038462
158 129 0.038462
160 129 0.038462
170 129 0.038462
176 129 0.038462
184 129 0.038462
6 151 0.03125
8 151 0.03125
19 151 0.03125
23 151 0.03125
37 151 0.03125
43 151 0.03125
44 151 0.03125
48 151 0.03125
53 151 0.03125
58 151 0.03125
71 151 0.03125
74 151 0.03125
82 151 0.03125
83 151 0.03125
84 151 0.03125
88 151 0.03125
91 151 0.03125
93 151 0.03125
105 151 0.03125
108 151 0.03125
117 151 0.03125
126 151 0.03125
128 151 0.03125
132 151 0.03125
138 151 0.03125
139 151 0.03125
157 151 0.03125
167 151 0.03125
185 151 0.03125
187 151 0.03125
188 151 0.03125
190 151 0.03125
6 152 0.03125
14 152 0.03125
16 152 0.03125
23 152 0.03125
30 152 0.03125
34 152 0.03125
67 152 0.03125
70 152 0.03125
72 152 0.03125
80 152 0.03125
84 152 0.03125
88 152 0.03125
93 152 0.03125
108 152 0.03125
112 152 0.03125
115 152 0.03125
123 152 0.03125
125 152 0.03125
131 152 0.03125
133 152 0.03125
140 152 0.03125
145 152 0.03125
146 152 0.03125
161 152 0.03125
164 152 0.03125
171 152 0.03125
175 152 0.03125
176 152 0.03125
178 152 0.03125
183 152 0.03125
187 152 0.03125
190 152 0.03125
6 162 0.03125
15 162 0.03125
25 162 0.03125
30 162 0.03125
36 162 0.03125
41 162 0.03125
42 162 0.03125
48 162 0.03125
49 162 0.03125
54 162 0.03125
55 162 0.03125
56 162 0.03125
61 162 0.03125
74 162 0.03125
80 162 0.03125
82 162 0.03125
83 162 0.03125
91 162 0.03125
92 162 0.03125
98 162 0.03125
101 162 0.03125
122 162 0.03125
130 162 0.03125
133 162 0.03125
135 162 0.03125
145 162 0.03125
149 162 0.03125
172 162 0.03125
174 162 0.03125
178 162 0.03125
180 162 0.03125
190 162 0.03125
7 13 0.043478
15 13 0.043478
16 13 0.043478
21 13 0.043478
37 13 0.043478
42 13 0.043478
46 13 0.043478
63 13 0.043478
73 13 0.043478
78 13 0.043478
92 13 0.043478
94 13 0.043478
103 13 0.043478
110 13 0.043478
114 13 0.043478
127 13 0.043478
133 13 0.043478
135 13 0.043478
141 13 0.043478
142 13 0.043478
143 13 0.043478
163 13 0.043478
182 13 0.043478
7 52 0.034483
10 52 0.034483
12 52 0.034483
18 52 0.034483
34 52 0.034483
35 52 0.034483
43 52 0.034483
46 52 0.034483
53 52 0.034483
55 52 0.034483
57 52 0.034483
60 52 0.034483
67 52 0.034483
71 52 0.034483
72 52 0.034483
76 52 0.034483
81 52 0.034483
102 52 0.034483
107 52 0.034483
108 52 0.034483
110 52 0.034483
111 52 0.034483
113 52 0.034483
116 52 0.034483
127 52 0.034483
128 52 0.034483
131 52 0.034483
157 52 0.034483
161 52 0.034483
7 63 0.030303
11 63 0.030303
13 63 0.030303
23 63 0.030303
26 63 0.030303
29 63 0.030303
31 63 0.030303
36 63 0.030303
50 63 0.030303
53 63 0.030303
54 63 0.030303
56 63 0.030303
77 63 0.030303
79 63 0.030303
82 63 0.030303
83 63 0.030303
87 63 0.030303
96 63 0.030303
100 63 0.030303
101 63 0.030303
104 63 0.030303
107 63 0.030303
111 63 0.030303
112 63 0.030303
116 63 0.030303
117 63 0.030303
127 63 0.030303
132 63 0.030303
143 63 0.030303
155 63 0.030303
158 63 0.030303
179 63 0.030303
184 63 0.030303
7 66 0.032258
10 66 0.032258
17 66 0.032258
23 66 0.032258
40 66 0.032258
51 66 0.032258
54 66 0.032258
57 66 0.032258
62 66 0.032258
69 66 0.032258
76 66 0.032258
81 66 0.032258
83 66 0.032258
99 66 0.032258
101 66 0.032258
104 66 0.032258
107 66 0.032258
111 66 0.032258
112 66 0.032258
114 66 0.032258
124 66 0.032258
131 66 0.032258
137 66 0.032258
141 66 0.032258
148 66 0.032258
163 66 0.032258
165 66 0.032258
174 66 0.032258
180 66 0.032258
184 66 0.032258
190 66 0.032258
7 92 0.033333
13 92 0.033333
24 92 0.033333
27 92 0.033333
33 92 0.033333
38 92 0.033333
48 92 0.033333
61 92 0.033333
64 92 0.033333
65 92 0.033333
67 92 0.033333
69 92 0.033333
77 92 0.033333
78 92 0.033333
88 92 0.033333
96 92 0.033333
99 92 0.033333
105 92 0.033333
127 92 0.033333
145 92 0.033333
146 92 0.033333
147 92 0.033333
158 92 0.033333
159 92 0.033333
162 92 0.033333
166 92 0.033333
175 92 0.033333
180 92 0.033333
182 92 0.033333
190 92 0.033333
7 95 0.033333
16 95 0.033333
17 95 0.033333
23 95 0.033333
24 95 0.033333
25 95 0.033333
31 95 0.033333
44 95 0.033333
47 95 0.033333
58 95 0.033333
74 95 0.033333
79 95 0.033333
82 95 0.033333
97 95 0.033333
102 95 0.033333
112 95 0.033333
114 95 0.033333
115 95 0.033333
121 95 0.033333
127 95 0.033333
131 95 0.033333
136 95 0.033333
137 95 0.033333
145 95 0.033333
149 95 0.033333
150 95 0.033333
155 95 0.033333
168 95 0.033333
188 95 0.033333
191 95 0.033333
7 97 0.027027
12 97 0.027027
15 97 0.027027
24 97 0.027027
26 97 0.027027
29 97 0.027027
32 97 0.027027
33 97 0.027027
41 97 0.027027
43 97 0.027027
49 97 0.027027
61 97 0.027027
70 97 0.027027
73 97 0.027027
80 97 0.027027
86 97 0.027027
88 97 0.027027
91 97 0.027027
94 97 0.027027
95 97 0.027027
103 97 0.027027
105 97 0.027027
114 97 0.027027
124 97 0.027027
127 97 0.027027
130 97 0.027027
137 97 0.027027
139 97 0.027027
148 97 0.027027
150 97 0.027027
158 97 0.027027
160 97 0.027027
171 97 0.027027
172 97 0.027027
180 97 0.027027
185 97 0.027027
190 97 0.027027
7 100 0.04
27 100 0.04
28 100 0.04
35 100 0.04
36 100 0.04
40 100 0.04
56 100 0.04
63 100 0.04
64 100 0.04
74 100 0.04
80 100 0.04
93 100 0.04
98 100 0.04
109 100 0.04
110 100 0.04
117 100 0.04
120 100 0.04
123 100 0.04
148 100 0.04
156 100 0.04
160 100 0.04
169 100 0.04
176 100 0.04
181 100 0.04
187 100 0.04
7 109 0.033333
9 109 0.033333
18 109 0.033333
26 109 0.033333
31 109 0.033333
46 109 0.033333
49 109 0.033333
53 109 0.033333
56 109 0.033333
57 109 0.033333
58 109 0.033333
67 109 0.033333
74 109 0.033333
94 109 0.033333
100 109 0.033333
119 109 0.033333
133 109 0.033333
140 109 0.033333
141 109 0.033333
144 109 0.033333
148 109 0.033333
149 109 0.033333
159 109 0.033333
163 109 0.033333
164 109 0.033333
171 109 0.033333
183 109 0.033333
186 109 0.033333
188 109 0.033333
190 109 0.033333
7 122 0.038462
17 122 0.038462
20 122 0.038462
46 122 0.038462
54 122 0.038462
59 122 0.038462
76 122 0.038462
79 122 0.038462
84 122 0.038462
85 122 0.038462
93 122 0.038462
102 122 0.038462
108 122 0.038462
110 122 0.038462
113 122 0.038462
116 122 0.038462
127 122 0.038462
135 122 0.038462
137 122 0.038462
153 122 0.038462
158 122 0.038462
162 122 0.038462
173 122 0.038462
181 122 0.038462
184 122 0.038462
186 122 0.038462
7 143 0.03125
13 143 0.03125
14 143 0.03125
21 143 0.03125
24 143 0.03125
35 143 0.03125
55 143 0.03125
61 143 0.03125
62 143 0.03125
63 143 0.03125
64 143 0.03125
71 143 0.03125
72 143 0.03125
86 143 0.03125
87 143 0.03125
89 143 0.03125
104 143 0.03125
110 143 0.03125
111 143 0.03125
113 143 0.03125
118 143 0.03125
140 143 0.03125
141 143 0.03125
142 143 0.03125
146 143 0.03125
147 143 0.03125
154 143 0.03125
157 143 0.03125
160 143 0.03125
164 143 0.03125
170 143 0.03125
188 143 0.03125
7 188 0.030303
11 188 0.030303
16 188 0.030303
19 188 0.030303
26 188 0.030303
34 188 0.030303
36 188 0.030303
42 188 0.030303
49 188 0.030303
61 188 0.030303
62 188 0.030303
72 188 0.030303
81 188 0.030303
82 188 0.030303
95 188 0.030303
99 188 0.030303
106 188 0.030303
109 188 0.030303
110 188 0.030303
114 188 0.030303
117 188 0.030303
118 188 0.030303
127 188 0.030303
136 188 0.030303
140 188 0.030303
143 188 0.030303
150 188 0.030303
151 188 0.030303
156 188 0.030303
171 188 0.030303
176 188 0.030303
182 188 0.030303
183 188 0.030303
8 17 0.034483
19 17 0.034483
31 17 0.034483
33 17 0.034483
34 17 0.034483
38 17 0.034483
48 17 0.034483
56 17 0.034483
60 17 0.034483
65 17 0.034483
66 17 0.034483
70 17 0.034483
79 17 0.034483
90 17 0.034483
95 17 0.034483
115 17 0.034483
121 17 0.034483
122 17 0.034483
123 17 0.034483
125 17 0.034483
133 17 0.034483
134 17 0.034483
141 17 0.034483
144 17 0.034483
159 17 0.034483
169 17 0.034483
171 17 0.034483
183 17 0.034483
184 17 0.034483
8 26 0.033333
9 26 0.033333
22 26 0.033333
29 26 0.033333
33 26 0.033333
42 26 0.033333
43 26 0.033333
45 26 0.033333
51 26 0.033333
63 26 0.033333
64 26 0.033333
72 26 0.033333
76 26 0.033333
86 26 0.033333
87 26 0.033333
89 26 0.033333
97 26 0.033333
109 26 0.033333
113 26 0.033333
131 26 0.033333
134 26 0.033333
138 26 0.033333
147 26 0.033333
148 26 0.033333
156 26 0.033333
169 26 0.033333
173 26 0.033333
174 26 0.033333
177 26 0.033333
188 26 0.033333
8 43 0.037037
9 43 0.037037
15 43 0.037037
19 43 0.037037
26 43 0.037037
32 43 0.037037
42 43 0.037037
44 43 0.037037
48 43 0.037037
51 43 0.037037
52 43 0.037037
54 43 0.037037
57 43 0.037037
59 43 0.037037
62 43 0.037037
67 43 0.037037
73 43 0.037037
75 43 0.037037
97 43 0.037037
99 43 0.037037
103 43 0.037037
150 43 0.037037
151 43 0.037037
165 43 0.037037
169 43 0.037037
177 43 0.037037
191 43 0.037037
8 77 0.04
14 77 0.04
31 77 0.04
37 77 0.04
39 77 0.04
40 77 0.04
59 77 0.04
62 77 0.04
63 77 0.04
70 77 0.04
71 77 0.04
74 77 0.04
92 77 0.04
96 77 0.04
106 77 0.04
108 77 0.04
110 77 0.04
120 77 0.04
133 77 0.04
139 77 0.04
140 77 0.04
147 77 0.04
166 77 0.04
172 77 0.04
186 77 0.04
8 103 0.04
13 103 0.04
23 103 0.04
28 103 0.04
43 103 0.04
65 103 0.04
76 103 0.04
97 103 0.04
102 103 0.04
110 103 0.04
112 103 0.04
120 103 0.04
133 103 0.04
144 103 0.04
146 103 0.04
148 103 0.04
165 103 0.04
168 103 0.04
172 103 0.04
176 103 0.04
177 103 0.04
178 103 0.04
180 103 0.04
181 103 0.04
189 103 0.04
8 105 0.041667
20 105 0.041667
31 105 0.041667
37 105 0.041667
39 105 0.041667
49 105 0.041667
59 105 0.041667
80 105 0.041667
83 105 0.041667
85 105 0.041667
87 105 0.041667
90 105 0.041667
92 105 0.041667
97 105 0.041667
99 105 0.041667
106 105 0.041667
117 105 0.041667
118 105 0.041667
135 105 0.041667
137 105 0.041667
146 105 0.041667
151 105 0.041667
155 105 0.041667
187 105 0.041667
8 114 0.034483
12 114 0.034483
13 114 0.034483
14 114 0.034483
44 114 0.034483
46 114 0.034483
54 114 0.034483
59 114 0.034483
66 114 0.034483
80 114 0.034483
93 114 0.034483
95 114 0.034483
97 114 0.034483
101 114 0.034483
104 114 0.034483
110 114 0.034483
111 114 0.034483
115 114 0.034483
126 114 0.034483
130 114 0.034483
139 114 0.034483
149 114 0.034483
159 114 0.034483
166 114 0.034483
167 114 0.034483
172 114 0.034483
178 114 0.034483
180 114 0.034483
188 114 0.034483
8 148 0.033333
16 148 0.033333
19 148 0.033333
26 148 0.033333
35 148 0.033333
36 148 0.033333
40 148 0.033333
41 148 0.033333
44 148 0.033333
49 148 0.033333
53 148 0.033333
55 148 0.033333
61 148 0.033333
66 148 0.033333
74 148 0.033333
84 148 0.033333
88 148 0.033333
97 148 0.033333
98 148 0.033333
100 148 0.033333
103 148 0.033333
109 148 0.033333
124 148 0.033333
142 148 0.033333
153 148 0.033333
161 148 0.033333
164 148 0.033333
173 148 0.033333
176 148 0.033333
191 148 0.033333
8 166 0.02439
12 166 0.02439
14 166 0.02439
23 166 0.02439
28 166 0.02439
29 166 0.02439
35 166 0.02439
39 166 0.02439
46 166 0.02439
49 166 0.02439
51 166 0.02439
57 166 0.02439
60 166 0.02439
61 166 0.02439
62 166 0.02439
69 166 0.02439
71 166 0.02439
73 166 0.02439
74 166 0.02439
77 166 0.02439
78 166 0.02439
86 166 0.02439
90 166 0.02439
91 166 0.02439
92 166 0.02439
98 166 0.02439
104 166 0.02439
110 166 0.02439
114 166 0.02439
124 166 0.02439
126 166 0.02439
127 166 0.02439
128 166 0.02439
130 166 0.02439
138 166 0.02439
139 166 0.02439
170 166 0.02439
179 166 0.02439
181 166 0.02439
184 166 0.02439
190 166 0.02439
8 167 0.030303
18 167 0.030303
33 167 0.030303
34 167 0.030303
42 167 0.030303
46 167 0.030303
56 167 0.030303
60 167 0.030303
68 167 0.030303
71 167 0.030303
73 167 0.030303
78 167 0.030303
80 167 0.030303
87 167 0.030303
91 167 0.030303
99 167 0.030303
104 167 0.030303
111 167 0.030303
114 167 0.030303
117 167 0.030303
120 167 0.030303
121 167 0.030303
127 167 0.030303
133 167 0.030303
138 167 0.030303
151 167 0.030303
161 167 0.030303
173 167 0.030303
175 167 0.030303
179 167 0.030303
180 167 0.030303
181 167 0.030303
186 167 0.030303
8 181 0.03125
12 181 0.03125
28 181 0.03125
31 181 0.03125
34 181 0.03125
51 181 0.03125
59 181 0.03125
60 181 0.03125
61 181 0.03125
64 181 0.03125
68 181 0.03125
70 181 0.03125
78 181 0.03125
79 181 0.03125
87 181 0.03125
100 181 0.03125
101 181 0.03125
103 181 0.03125
116 181 0.03125
119 181 0.03125
122 181 0.03125
128 181 0.03125
137 181 0.03125
138 181 0.03125
141 181 0.03125
149 181 0.03125
153 181 0.03125
156 181 0.03125
157 181 0.03125
166 181 0.03125
167 181 0.03125
186 181 0.03125
8 182 0.038462
13 182 0.038462
14 182 0.038462
39 182 0.038462
53 182 0.038462
56 182 0.038462
64 182 0.038462
72 182 0.038462
84 182 0.038462
92 182 0.038462
96 182 0.038462
111 182 0.038462
113 182 0.038462
140 182 0.038462
141 182 0.038462
147 182 0.038462
153 182 0.038462
154 182 0.038462
156 182 0.038462
158 182 0.038462
169 182 0.038462
171 182 0.038462
174 182 0.038462
175 182 0.038462
184 182 0.038462
188 182 0.038462
9 49 0.028571
20 49 0.028571
29 49 0.028571
38 49 0.028571
39 49 0.028571
42 49 0.028571
47 49 0.028571
51 49 0.028571
56 49 0.028571
58 49 0.028571
64 49 0.028571
76 49 0.028571
78 49 0.028571
79 49 0.028571
82 49 0.028571
84 49 0.028571
96 49 0.028571
97 49 0.028571
105 49 0.028571
109 49 0.028571
120 49 0.028571
123 49 0.028571
132 49 0.028571
134 49 0.028571
139 49 0.028571
145 49 0.028571
148 49 0.028571
154 49 0.028571
159 49 0.028571
162 49 0.028571
164 49 0.028571
166 49 0.028571
172 49 0.028571
174 49 0.028571
188 49 0.028571
9 87 0.029412
18 87 0.029412
26 87 0.029412
31 87 0.029412
35 87 0.029412
38 87 0.029412
42 87 0.029412
44 87 0.029412
47 87 0.029412
50 87 0.029412
63 87 0.029412
64 87 0.029412
83 87 0.029412
94 87 0.029412
99 87 0.029412
105 87 0.029412
111 87 0.029412
115 87 0.029412
116 87 0.029412
126 87 0.029412
137 87 0.029412
141 87 0.029412
143 87 0.029412
144 87 0.029412
149 87 0.029412
157 87 0.029412
164 87 0.029412
165 87 0.029412
167 87 0.029412
168 87 0.029412
174 87 0.029412
175 87 0.029412
181 87 0.029412
185 87 0.029412
9 107 0.029412
10 107 0.029412
16 107 0.029412
18 107 0.029412
22 107 0.029412
24 107 0.029412
25 107 0.029412
27 107 0.029412
32 107 0.029412
38 107 0.029412
52 107 0.029412
53 107 0.029412
59 107 0.029412
63 107 0.029412
64 107 0.029412
65 107 0.029412
66 107 0.029412
70 107 0.029412
89 107 0.029412
108 107 0.029412
111 107 0.029412
124 107 0.029412
127 107 0.029412
130 107 0.029412
133 107 0.029412
141 107 0.029412
146 107 0.029412
153 107 0.029412
154 107 0.029412
158 107 0.029412
164 107 0.029412
165 107 0.029412
187 107 0.029412
191 107 0.029412
9 141 0.029412
12 141 0.029412
13 141 0.029412
15 141 0.029412
17 141 0.029412
21 141 0.029412
28 141 0.029412
31 141 0.029412
41 141 0.029412
47 141 0.029412
53 141 0.029412
58 141 0.029412
61 141 0.029412
66 141 0.029412
72 141 0.029412
78 141 0.029412
87 141 0.029412
88 141 0.029412
91 141 0.029412
107 141 0.029412
109 141 0.029412
125 141 0.029412
126 141 0.029412
139 141 0.029412
142 141 0.029412
143 141 0.029412
155 141 0.029412
161 141 0.029412
163 141 0.029412
176 141 0.029412
179 141 0.029412
181 141 0.029412
182 141 0.029412
191 141 0.029412
9 158 0.034483
10 158 0.034483
28 158 0.034483
32 158 0.034483
33 158 0.034483
35 158 0.034483
46 158 0.034483
55 158 0.034483
63 158 0.034483
73 158 0.034483
76 158 0.034483
78 158 0.034483
80 158 0.034483
90 158 0.034483
92 158 0.034483
97 158 0.034483
107 158 0.034483
115 158 0.034483
121 158 0.034483
122 158 0.034483
123 158 0.034483
125 158 0.034483
128 158 0.034483
129 158 0.034483
154 158 0.034483
159 158 0.034483
172 158 0.034483
182 158 0.034483
184 158 0.034483
9 169 0.029412
11 169 0.029412
16 169 0.029412
17 169 0.029412
26 169 0.029412
28 169 0.029412
29 169 0.029412
32 169 0.029412
43 169 0.029412
44 169 0.029412
45 169 0.029412
47 169 0.029412
61 169 0.029412
67 169 0.029412
69 169 0.029412
79 169 0.029412
80 169 0.029412
100 169 0.029412
101 169 0.029412
121 169 0.029412
126 169 0.029412
131 169 0.029412
136 169 0.029412
139 169 0.029412
150 169 0.029412
155 169 0.029412
160 169 0.029412
174 169 0.029412
176 169 0.029412
178 169 0.029412
179 169 0.029412
180 169 0.029412
182 169 0.029412
183 169 0.029412
10 116 0.028571
23 116 0.028571
35 116 0.028571
37 116 0.028571
41 116 0.028571
44 116 0.028571
48 116 0.028571
52 116 0.028571
54 116 0.028571
62 116 0.028571
63 116 0.028571
69 116 0.028571
73 116 0.028571
79 116 0.028571
80 116 0.028571
83 116 0.028571
87 116 0.028571
110 116 0.028571
117 116 0.028571
119 116 0.028571
122 116 0.028571
124 116 0.028571
126 116 0.028571
136 116 0.028571
138 116 0.028571
145 116 0.028571
150 116 0.028571
154 116 0.028571
160 116 0.028571
163 116 0.028571
170 116 0.028571
173 116 0.028571
176 116 0.028571
181 116 0.028571
185 116 0.028571
10 155 0.030303
14 155 0.030303
18 155 0.030303
25 155 0.030303
33 155 0.030303
38 155 0.030303
48 155 0.030303
55 155 0.030303
56 155 0.030303
59 155 0.030303
63 155 0.030303
71 155 0.030303
76 155 0.030303
78 155 0.030303
89 155 0.030303
93 155 0.030303
94 155 0.030303
95 155 0.030303
105 155 0.030303
117 155 0.030303
118 155 0.030303
121 155 0.030303
132 155 0.030303
134 155 0.030303
141 155 0.030303
142 155 0.030303
145 155 0.030303
153 155 0.030303
169 155 0.030303
170 155 0.030303
179 155 0.030303
180 155 0.030303
189 155 0.030303
10 184 0.034483
17 184 0.034483
28 184 0.034483
57 184 0.034483
63 184 0.034483
66 184 0.034483
67 184 0.034483
76 184 0.034483
78 184 0.034483
90 184 0.034483
91 184 0.034483
118 184 0.034483
122 184 0.034483
127 184 0.034483
129 184 0.034483
130 184 0.034483
140 184 0.034483
144 184 0.034483
149 184 0.034483
150 184 0.034483
156 184 0.034483
158 184 0.034483
159 184 0.034483
160 184 0.034483
166 184 0.034483
168 184 0.034483
171 184 0.034483
182 184 0.034483
183 184 0.034483
10 187 0.029412
18 187 0.029412
19 187 0.029412
24 187 0.029412
27 187 0.029412
40 187 0.029412
44 187 0.029412
55 187 0.029412
57 187 0.029412
61 187 0.029412
73 187 0.029412
79 187 0.029412
84 187 0.029412
85 187 0.029412
96 187 0.029412
99 187 0.029412
100 187 0.029412
105 187 0.029412
107 187 0.029412
121 187 0.029412
123 187 0.029412
125 187 0.029412
126 187 0.029412
128 187 0.029412
131 187 0.029412
151 187 0.029412
152 187 0.029412
153 187 0.029412
156 187 0.029412
168 187 0.029412
171 187 0.029412
174 187 0.029412
177 187 0.029412
189 187 0.029412
11 51 0.041667
12 51 0.041667
24 51 0.041667
26 51 0.041667
39 51 0.041667
43 51 0.041667
49 51 0.041667
56 51 0.041667
61 51 0.041667
65 51 0.041667
66 51 0.041667
74 51 0.041667
79 51 0.041667
88 51 0.041667
93 51 0.041667
110 51 0.041667
121 51 0.041667
138 51 0.041667
144 51 0.041667
165 51 0.041667
166 51 0.041667
170 51 0.041667
176 51 0.041667
181 51 0.041667
11 113 0.037037
14 113 0.037037
18 113 0.037037
26 113 0.037037
30 113 0.037037
31 113 0.037037
35 113 0.037037
44 113 0.037037
52 113 0.037037
55 113 0.037037
59 113 0.037037
76 113 0.037037
80 113 0.037037
102 113 0.037037
112 113 0.037037
122 113 0.037037
129 113 0.037037
134 113 0.037037
143 113 0.037037
156 113 0.037037
157 113 0.037037
173 113 0.037037
174 113 0.037037
178 113 0.037037
179 113 0.037037
182 113 0.037037
189 113 0.037037
11 115 0.032258
14 115 0.032258
17 115 0.032258
21 115 0.032258
34 115 0.032258
36 115 0.032258
40 115 0.032258
50 115 0.032258
57 115 0.032258
62 115 0.032258
64 115 0.032258
73 115 0.032258
74 115 0.032258
82 115 0.032258
87 115 0.032258
88 115 0.032258
93 115 0.032258
95 115 0.032258
112 115 0.032258
114 115 0.032258
128 115 0.032258
144 115 0.032258
145 115 0.032258
146 115 0.032258
150 115 0.032258
152 115 0.032258
153 115 0.032258
158 115 0.032258
168 115 0.032258
170 115 0.032258
183 115 0.032258
11 126 0.030303
22 126 0.030303
30 126 0.030303
45 126 0.030303
54 126 0.030303
55 126 0.030303
57 126 0.030303
58 126 0.030303
72 126 0.030303
81 126 0.030303
87 126 0.030303
89 126 0.030303
111 126 0.030303
112 126 0.030303
114 126 0.030303
116 126 0.030303
117 126 0.030303
133 126 0.030303
134 126 0.030303
137 126 0.030303
141 126 0.030303
151 126 0.030303
153 126 0.030303
154 126 0.030303
166 126 0.030303
169 126 0.030303
172 126 0.030303
174 126 0.030303
180 126 0.030303
183 126 0.030303
185 126 0.030303
187 126 0.030303
189 126 0.030303
11 183 0.033333
12 183 0.033333
17 183 0.033333
20 183 0.033333
31 183 0.033333
42 183 0.033333
47 183 0.033333
58 183 0.033333
59 183 0.033333
62 183 0.033333
74 183 0.033333
88 183 0.033333
93 183 0.033333
102 183 0.033333
109 183 0.033333
110 183 0.033333
112 183 0.033333
115 183 0.033333
124 183 0.033333
126 183 0.033333
127 183 0.033333
140 183 0.033333
152 183 0.033333
154 183 0.033333
157 183 0.033333
169 183 0.033333
170 183 0.033333
180 183 0.033333
184 183 0.033333
188 183 0.033333
11 185 0.038462
14 185 0.038462
15 185 0.038462
30 185 0.038462
32 185 0.038462
33 185 0.038462
46 185 0.038462
53 185 0.038462
85 185 0.038462
87 185 0.038462
90 185 0.038462
94 185 0.038462
97 185 0.038462
108 185 0.038462
111 185 0.038462
116 185 0.038462
121 185 0.038462
126 185 0.038462
132 185 0.038462
133 185 0.038462
137 185 0.038462
140 185 0.038462
149 185 0.038462
151 185 0.038462
178 185 0.038462
189 185 0.038462
12 93 0.033333
51 93 0.033333
57 93 0.033333
62 93 0.033333
67 93 0.033333
69 93 0.033333
70 93 0.033333
82 93 0.033333
83 93 0.033333
89 93 0.033333
100 93 0.033333
101 93 0.033333
112 93 0.033333
114 93 0.033333
115 93 0.033333
117 93 0.033333
121 93 0.033333
122 93 0.033333
129 93 0.033333
137 93 0.033333
142 93 0.033333
144 93 0.033333
149 93 0.033333
151 93 0.033333
152 93 0.033333
154 93 0.033333
155 93 0.033333
174 93 0.033333
183 93 0.033333
191 93 0.033333
12 119 0.032258
16 119 0.032258
18 119 0.032258
23 119 0.032258
24 119 0.032258
41 119 0.032258
42 119 0.032258
48 119 0.032258
55 119 0.032258
57 119 0.032258
58 119 0.032258
60 119 0.032258
61 119 0.032258
70 119 0.032258
83 119 0.032258
91 119 0.032258
94 119 0.032258
106 119 0.032258
109 119 0.032258
110 119 0.032258
111 119 0.032258
116 119 0.032258
118 119 0.032258
129 119 0.032258
130 119 0.032258
138 119 0.032258
149 119 0.032258
163 119 0.032258
171 119 0.032258
172 119 0.032258
181 119 0.032258
13 73 0.034483
16 73 0.034483
20 73 0.034483
22 73 0.034483
29 73 0.034483
34 73 0.034483
36 73 0.034483
43 73 0.034483
44 73 0.034483
50 73 0.034483
56 73 0.034483
57 73 0.034483
60 73 0.034483
61 73 0.034483
72 73 0.034483
75 73 0.034483
83 73 0.034483
97 73 0.034483
101 73 0.034483
115 73 0.034483
116 73 0.034483
120 73 0.034483
135 73 0.034483
157 73 0.034483
158 73 0.034483
166 73 0.034483
167 73 0.034483
171 73 0.034483
187 73 0.034483
13 78 0.03125
30 78 0.03125
31 78 0.03125
39 78 0.03125
42 78 0.03125
49 78 0.03125
62 78 0.03125
69 78 0.03125
74 78 0.03125
79 78 0.03125
80 78 0.03125
81 78 0.03125
84 78 0.03125
88 78 0.03125
89 78 0.03125
90 78 0.03125
92 78 0.03125
102 78 0.03125
111 78 0.03125
121 78 0.03125
123 78 0.03125
141 78 0.03125
153 78 0.03125
155 78 0.03125
156 78 0.03125
158 78 0.03125
160 78 0.03125
166 78 0.03125
167 78 0.03125
181 78 0.03125
184 78 0.03125
186 78 0.03125
13 94 0.041667
20 94 0.041667
25 94 0.041667
32 94 0.041667
35 94 0.041667
55 94 0.041667
62 94 0.041667
65 94 0.041667
69 94 0.041667
72 94 0.041667
87 94 0.041667
90 94 0.041667
97 94 0.041667
109 94 0.041667
119 94 0.041667
129 94 0.041667
137 94 0.041667
145 94 0.041667
146 94 0.041667
155 94 0.041667
160 94 0.041667
178 94 0.041667
185 94 0.041667
186 94 0.041667
13 135 0.055556
64 135 0.055556
70 135 0.055556
73 135 0.055556
82 135 0.055556
102 135 0.055556
105 135 0.055556
122 135 0.055556
128 135 0.055556
138 135 0.055556
146 135 0.055556
154 135 0.055556
156 135 0.055556
162 135 0.055556
165 135 0.055556
176 135 0.055556
180 135 0.055556
189 135 0.055556
13 142 0.037037
20 142 0.037037
22 142 0.037037
23 142 0.037037
46 142 0.037037
47 142 0.037037
64 142 0.037037
80 142 0.037037
81 142 0.037037
88 142 0.037037
90 142 0.037037
93 142 0.037037
98 142 0.037037
99 142 0.037037
110 142 0.037037
118 142 0.037037
129 142 0.037037
136 142 0.037037
141 142 0.037037
143 142 0.037037
148 142 0.037037
149 142 0.037037
154 142 0.037037
155 142 0.037037
161 142 0.037037
163 142 0.037037
165 142 0.037037
14 40 0.058824
19 40 0.058824
33 40 0.058824
38 40 0.058824
42 40 0.058824
46 40 0.058824
66 40 0.058824
77 40 0.058824
88 40 0.058824
96 40 0.058824
100 40 0.058824
111 40 0.058824
115 40 0.058824
134 40 0.058824
148 40 0.058824
180 40 0.058824
187 40 0.058824
14 50 0.045455
15 50 0.045455
19 50 0.045455
31 50 0.045455
57 50 0.045455
62 50 0.045455
63 50 0.045455
67 50 0.045455
69 50 0.045455
70 50 0.045455
73 50 0.045455
74 50 0.045455
87 50 0.045455
115 50 0.045455
123 50 0.045455
128 50 0.045455
145 50 0.045455
147 50 0.045455
157 50 0.045455
174 50 0.045455
175 50 0.045455
189 50 0.045455
14 106 0.05
23 106 0.05
44 106 0.05
45 106 0.05
57 106 0.05
68 106 0.05
70 106 0.05
75 106 0.05
77 106 0.05
82 106 0.05
105 106 0.05
119 106 0.05
125 106 0.05
130 106 0.05
154 106 0.05
156 106 0.05
157 106 0.05
165 106 0.05
174 106 0.05
188 106 0.05
14 172 0.033333
15 172 0.033333
24 172 0.033333
32 172 0.033333
33 172 0.033333
35 172 0.033333
37 172 0.033333
38 172 0.033333
49 172 0.033333
57 172 0.033333
69 172 0.033333
70 172 0.033333
71 172 0.033333
77 172 0.033333
85 172 0.033333
96 172 0.033333
97 172 0.033333
103 172 0.033333
114 172 0.033333
118 172 0.033333
119 172 0.033333
126 172 0.033333
147 172 0.033333
156 172 0.033333
157 172 0.033333
158 172 0.033333
162 172 0.033333
178 172 0.033333
190 172 0.033333
191 172 0.033333
14 190 0.033333
19 190 0.033333
21 190 0.033333
29 190 0.033333
33 190 0.033333
59 190 0.033333
60 190 0.033333
61 190 0.033333
66 190 0.033333
72 190 0.033333
76 190 0.033333
83 190 0.033333
84 190 0.033333
86 190 0.033333
92 190 0.033333
96 190 0.033333
97 190 0.033333
109 190 0.033333
117 190 0.033333
120 190 0.033333
127 190 0.033333
128 190 0.033333
151 190 0.033333
152 190 0.033333
153 190 0.033333
162 190 0.033333
164 190 0.033333
166 190 0.033333
172 190 0.033333
189 190 0.033333
15 57 0.027778
16 57 0.027778
19 57 0.027778
23 57 0.027778
37 57 0.027778
43 57 0.027778
50 57 0.027778
52 57 0.027778
53 57 0.027778
58 57 0.027778
65 57 0.027778
66 57 0.027778
67 57 0.027778
73 57 0.027778
76 57 0.027778
93 57 0.027778
106 57 0.027778
109 57 0.027778
110 57 0.027778
115 57 0.027778
119 57 0.027778
126 57 0.027778
128 57 0.027778
132 57 0.027778
133 57 0.027778
150 57 0.027778
153 57 0.027778
159 57 0.027778
160 57 0.027778
166 57 0.027778
172 57 0.027778
178 57 0.027778
179 57 0.027778
184 57 0.027778
187 57 0.027778
189 57 0.027778
15 161 0.030303
27 161 0.030303
31 161 0.030303
38 161 0.030303
42 161 0.030303
44 161 0.030303
48 161 0.030303
52 161 0.030303
53 161 0.030303
55 161 0.030303
60 161 0.030303
68 161 0.030303
69 161 0.030303
80 161 0.030303
89 161 0.030303
90 161 0.030303
91 161 0.030303
118 161 0.030303
120 161 0.030303
121 161 0.030303
123 161 0.030303
124 161 0.030303
130 161 0.030303
132 161 0.030303
140 161 0.030303
141 161 0.030303
142 161 0.030303
148 161 0.030303
152 161 0.030303
163 161 0.030303
167 161 0.030303
171 161 0.030303
176 161 0.030303
16 82 0.035714
19 82 0.035714
39 82 0.035714
42 82 0.035714
49 82 0.035714
53 82 0.035714
54 82 0.035714
62 82 0.035714
63 82 0.035714
67 82 0.035714
68 82 0.035714
93 82 0.035714
95 82 0.035714
96 82 0.035714
102 82 0.035714
106 82 0.035714
115 82 0.035714
117 82 0.035714
118 82 0.035714
125 82 0.035714
135 82 0.035714
151 82 0.035714
157 82 0.035714
160 82 0.035714
162 82 0.035714
165 82 0.035714
171 82 0.035714
188 82 0.035714
16 90 0.043478
17 90 0.043478
20 90 0.043478
30 90 0.043478
32 90 0.043478
34 90 0.043478
35 90 0.043478
48 90 0.043478
55 90 0.043478
56 90 0.043478
78 90 0.043478
94 90 0.043478
105 90 0.043478
120 90 0.043478
127 90 0.043478
142 90 0.043478
157 90 0.043478
158 90 0.043478
161 90 0.043478
166 90 0.043478
176 90 0.043478
184 90 0.043478
185 90 0.043478
16 134 0.037037
17 134 0.037037
19 134 0.037037
26 134 0.037037
28 134 0.037037
32 134 0.037037
33 134 0.037037
37 134 0.037037
40 134 0.037037
41 134 0.037037
49 134 0.037037
58 134 0.037037
61 134 0.037037
62 134 0.037037
64 134 0.037037
71 134 0.037037
81 134 0.037037
88 134 0.037037
113 134 0.037037
125 134 0.037037
126 134 0.037037
144 134 0.037037
155 134 0.037037
170 134 0.037037
175 134 0.037037
178 134 0.037037
186 134 0.037037
16 157 0.02439
21 157 0.02439
23 157 0.02439
28 157 0.02439
29 157 0.02439
32 157 0.02439
35 157 0.02439
39 157 0.02439
50 157 0.02439
52 157 0.02439
59 157 0.02439
69 157 0.02439
71 157 0.02439
73 157 0.02439
82 157 0.02439
87 157 0.02439
89 157 0.02439
90 157 0.02439
98 157 0.02439
102 157 0.02439
106 157 0.02439
113 157 0.02439
127 157 0.02439
129 157 0.02439
130 157 0.02439
131 157 0.02439
132 157 0.02439
137 157 0.02439
143 157 0.02439
147 157 0.02439
151 157 0.02439
156 157 0.02439
160 157 0.02439
163 157 0.02439
164 157 0.02439
165 157 0.02439
170 157 0.02439
172 157 0.02439
179 157 0.02439
181 157 0.02439
183 157 0.02439
17 31 0.033333
18 31 0.033333
24 31 0.033333
34 31 0.033333
46 31 0.033333
50 31 0.033333
63 31 0.033333
67 31 0.033333
77 31 0.033333
78 31 0.033333
83 31 0.033333
87 31 0.033333
95 31 0.033333
105 31 0.033333
109 31 0.033333
112 31 0.033333
113 31 0.033333
123 31 0.033333
128 31 0.033333
130 31 0.033333
140 31 0.033333
141 31 0.033333
145 31 0.033333
161 31 0.033333
163 31 0.033333
164 31 0.033333
175 31 0.033333
181 31 0.033333
183 31 0.033333
191 31 0.033333
17 79 0.034483
28 79 0.034483
39 79 0.034483
41 79 0.034483
42 79 0.034483
47 79 0.034483
49 79 0.034483
51 79 0.034483
58 79 0.034483
63 79 0.034483
72 79 0.034483
75 79 0.034483
78 79 0.034483
95 79 0.034483
104 79 0.034483
111 79 0.034483
116 79 0.034483
122 79 0.034483
123 79 0.034483
131 79 0.034483
144 79 0.034483
147 79 0.034483
159 79 0.034483
168 79 0.034483
169 79 0.034483
173 79 0.034483
180 79 0.034483
181 79 0.034483
187 79 0.034483
17 121 0.033333
18 121 0.033333
32 121 0.033333
34 121 0.033333
45 121 0.033333
47 121 0.033333
51 121 0.033333
61 121 0.033333
64 121 0.033333
68 121 0.033333
70 121 0.033333
78 121 0.033333
81 121 0.033333
84 121 0.033333
93 121 0.033333
95 121 0.033333
101 121 0.033333
110 121 0.033333
118 121 0.033333
123 121 0.033333
131 121 0.033333
150 121 0.033333
155 121 0.033333
158 121 0.033333
161 121 0.033333
165 121 0.033333
167 121 0.033333
169 121 0.033333
185 121 0.033333
187 121 0.033333
17 125 0.041667
29 125 0.041667
30 125 0.041667
39 125 0.041667
42 125 0.041667
48 125 0.041667
61 125 0.041667
72 125 0.041667
81 125 0.041667
82 125 0.041667
106 125 0.041667
129 125 0.041667
130 125 0.041667
132 125 0.041667
134 125 0.041667
141 125 0.041667
145 125 0.041667
152 125 0.041667
158 125 0.041667
168 125 0.041667
174 125 0.041667
176 125 0.041667
187 125 0.041667
189 125 0.041667
20 146 0.038462
37 146 0.038462
42 146 0.038462
62 146 0.038462
68 146 0.038462
89 146 0.038462
91 146 0.038462
92 146 0.038462
94 146 0.038462
103 146 0.038462
105 146 0.038462
107 146 0.038462
115 146 0.038462
117 146 0.038462
123 146 0.038462
135 146 0.038462
136 146 0.038462
143 146 0.038462
144 146 0.038462
152 146 0.038462
154 146 0.038462
164 146 0.038462
175 146 0.038462
179 146 0.038462
180 146 0.038462
189 146 0.038462
21 186 0.045455
23 186 0.045455
25 186 0.045455
42 186 0.045455
56 186 0.045455
77 186 0.045455
78 186 0.045455
81 186 0.045455
89 186 0.045455
94 186 0.045455
109 186 0.045455
117 186 0.045455
118 186 0.045455
122 186 0.045455
124 186 0.045455
134 186 0.045455
160 186 0.045455
167 186 0.045455
168 186 0.045455
173 186 0.045455
175 186 0.045455
181 186 0.045455
22 27 0.052632
25 27 0.052632
32 27 0.052632
45 27 0.052632
47 27 0.052632
59 27 0.052632
64 27 0.052632
80 27 0.052632
92 27 0.052632
100 27 0.052632
102 27 0.052632
107 27 0.052632
120 27 0.052632
133 27 0.052632
139 27 0.052632
149 27 0.052632
161 27 0.052632
164 27 0.052632
187 27 0.052632
24 86 0.0625
26 86 0.0625
42 86 0.0625
56 86 0.0625
60 86 0.0625
74 86 0.0625
83 86 0.0625
96 86 0.0625
97 86 0.0625
143 86 0.0625
166 86 0.0625
171 86 0.0625
173 86 0.0625
177 86 0.0625
180 86 0.0625
190 86 0.0625
25 53 0.035714
42 53 0.035714
44 53 0.035714
47 53 0.035714
52 53 0.035714
57 53 0.035714
63 53 0.035714
68 53 0.035714
76 53 0.035714
82 53 0.035714
102 53 0.035714
107 53 0.035714
108 53 0.035714
109 53 0.035714
112 53 0.035714
139 53 0.035714
141 53 0.035714
144 53 0.035714
148 53 0.035714
150 53 0.035714
151 53 0.035714
154 53 0.035714
159 53 0.035714
161 53 0.035714
180 53 0.035714
182 53 0.035714
185 53 0.035714
191 53 0.035714
27 32 0.04
29 32 0.04
37 32 0.04
39 32 0.04
43 32 0.04
62 32 0.04
64 32 0.04
76 32 0.04
90 32 0.04
94 32 0.04
96 32 0.04
97 32 0.04
104 32 0.04
107 32 0.04
121 32 0.04
134 32 0.04
137 32 0.04
150 32 0.04
157 32 0.04
158 32 0.04
165 32 0.04
169 32 0.04
172 32 0.04
180 32 0.04
185 32 0.04
15 0 0.055556
16 0 0.055556
20 0 0.055556
22 0 0.055556
23 0 0.055556
34 0 0.055556
58 0 0.055556
65 0 0.055556
71 0 0.055556
74 0 0.055556
76 0 0.055556
91 0 0.055556
110 0 0.055556
138 0 0.055556
144 0 0.055556
159 0 0.055556
163 0 0.055556
176 0 0.055556
21 1 0.045455
24 1 0.045455
37 1 0.045455
38 1 0.045455
42 1 0.045455
44 1 0.045455
47 1 0.045455
54 1 0.045455
58 1 0.045455
65 1 0.045455
69 1 0.045455
98 1 0.045455
101 1 0.045455
120 1 0.045455
124 1 0.045455
128 1 0.045455
140 1 0.045455
156 1 0.045455
171 1 0.045455
174 1 0.045455
189 1 0.045455
191 1 0.045455
7 2 0.035714
16 2 0.035714
20 2 0.035714
21 2 0.035714
30 2 0.035714
34 2 0.035714
42 2 0.035714
48 2 0.035714
56 2 0.035714
62 2 0.035714
64 2 0.035714
67 2 0.035714
76 2 0.035714
83 2 0.035714
102 2 0.035714
108 2 0.035714
111 2 0.035714
123 2 0.035714
133 2 0.035714
137 2 0.035714
139 2 0.035714
140 2 0.035714
147 2 0.035714
150 2 0.035714
154 2 0.035714
173 2 0.035714
177 2 0.035714
178 2 0.035714
5 3 0.032258
14 3 0.032258
36 3 0.032258
41 3 0.032258
45 3 0.032258
47 3 0.032258
54 3 0.032258
55 3 0.032258
60 3 0.032258
68 3 0.032258
75 3 0.032258
76 3 0.032258
80 3 0.032258
81 3 0.032258
83 3 0.032258
88 3 0.032258
91 3 0.032258
111 3 0.032258
112 3 0.032258
118 3 0.032258
127 3 0.032258
136 3 0.032258
138 3 0.032258
160 3 0.032258
163 3 0.032258
168 3 0.032258
170 3 0.032258
171 3 0.032258
175 3 0.032258
177 3 0.032258
180 3 0.032258
8 4 0.033333
9 4 0.033333
11 4 0.033333
12 4 0.033333
22 4 0.033333
25 4 0.033333
29 4 0.033333
33 4 0.033333
35 4 0.033333
36 4 0.033333
38 4 0.033333
42 4 0.033333
48 4 0.033333
58 4 0.033333
68 4 0.033333
71 4 0.033333
89 4 0.033333
91 4 0.033333
99 4 0.033333
112 4 0.033333
117 4 0.033333
124 4 0.033333
128 4 0.033333
130 4 0.033333
131 4 0.033333
137 4 0.033333
149 4 0.033333
153 4 0.033333
165 4 0.033333
176 4 0.033333
8 6 0.034483
15 6 0.034483
19 6 0.034483
28 6 0.034483
39 6 0.034483
47 6 0.034483
48 6 0.034483
58 6 0.034483
59 6 0.034483
65 6 0.034483
70 6 0.034483
80 6 0.034483
81 6 0.034483
84 6 0.034483
85 6 0.034483
96 6 0.034483
99 6 0.034483
102 6 0.034483
112 6 0.034483
118 6 0.034483
129 6 0.034483
131 6 0.034483
132 6 0.034483
140 6 0.034483
144 6 0.034483
151 6 0.034483
152 6 0.034483
162 6 0.034483
173 6 0.034483
25 10 0.034483
30 10 0.034483
36 10 0.034483
38 10 0.034483
39 10 0.034483
52 10 0.034483
59 10 0.034483
66 10 0.034483
68 10 0.034483
74 10 0.034483
76 10 0.034483
85 10 0.034483
102 10 0.034483
107 10 0.034483
108 10 0.034483
116 10 0.034483
118 10 0.034483
132 10 0.034483
136 10 0.034483
137 10 0.034483
140 10 0.034483
145 10 0.034483
155 10 0.034483
158 10 0.034483
174 10 0.034483
179 10 0.034483
184 10 0.034483
187 10 0.034483
191 10 0.034483
