0 1 0.058824
6 1 0.058824
18 1 0.058824
19 1 0.058824
28 1 0.058824
30 1 0.058824
32 1 0.058824
38 1 0.058824
40 1 0.058824
45 1 0.058824
64 1 0.058824
72 1 0.058824
84 1 0.058824
86 1 0.058824
116 1 0.058824
117 1 0.058824
131 1 0.058824
0 2 0.043478
10 2 0.043478
11 2 0.043478
30 2 0.043478
32 2 0.043478
35 2 0.043478
58 2 0.043478
59 2 0.043478
63 2 0.043478
67 2 0.043478
68 2 0.043478
71 2 0.043478
74 2 0.043478
79 2 0.043478
87 2 0.043478
90 2 0.043478
91 2 0.043478
105 2 0.043478
111 2 0.043478
116 2 0.043478
117 2 0.043478
119 2 0.043478
127 2 0.043478
0 4 0.045455
7 4 0.045455
15 4 0.045455
24 4 0.045455
50 4 0.045455
53 4 0.045455
60 4 0.045455
70 4 0.045455
74 4 0.045455
79 4 0.045455
80 4 0.045455
82 4 0.045455
86 4 0.045455
89 4 0.045455
92 4 0.045455
94 4 0.045455
97 4 0.045455
100 4 0.045455
119 4 0.045455
121 4 0.045455
125 4 0.045455
130 4 0.045455
0 16 0.055556
6 16 0.055556
14 16 0.055556
18 16 0.055556
32 16 0.055556
43 16 0.055556
46 16 0.055556
53 16 0.055556
59 16 0.055556
72 16 0.055556
78 16 0.055556
81 16 0.055556
84 16 0.055556
86 16 0.055556
88 16 0.055556
93 16 0.055556
107 16 0.055556
109 16 0.055556
0 32 0.058824
1 32 0.058824
2 32 0.058824
9 32 0.058824
16 32 0.058824
18 32 0.058824
20 32 0.058824
24 32 0.058824
52 32 0.058824
67 32 0.058824
71 32 0.058824
78 32 0.058824
91 32 0.058824
93 32 0.058824
104 32 0.058824
105 32 0.058824
132 32 0.058824
0 33 0.055556
22 33 0.055556
27 33 0.055556
34 33 0.055556
37 33 0.055556
38 33 0.055556
56 33 0.055556
57 33 0.055556
61 33 0.055556
62 33 0.055556
69 33 0.055556
76 33 0.055556
78 33 0.055556
94 33 0.055556
105 33 0.055556
108 33 0.055556
125 33 0.055556
129 33 0.055556
0 39 0.043478
3 39 0.043478
12 39 0.043478
31 39 0.043478
41 39 0.043478
42 39 0.043478
44 39 0.043478
46 39 0.043478
53 39 0.043478
61 39 0.043478
69 39 0.043478
70 39 0.043478
75 39 0.043478
76 39 0.043478
77 39 0.043478
78 39 0.043478
80 39 0.043478
82 39 0.043478
85 39 0.043478
88 39 0.043478
105 39 0.043478
107 39 0.043478
126 39 0.043478
0 46 0.04
16 46 0.04
19 46 0.04
28 46 0.04
30 46 0.04
35 46 0.04
36 46 0.04
38 46 0.04
39 46 0.04
40 46 0.04
41 46 0.04
57 46 0.04
58 46 0.04
62 46 0.04
73 46 0.04
78 46 0.04
82 46 0.04
94 46 0.04
96 46 0.04
104 46 0.04
105 46 0.04
106 46 0.04
107 46 0.04
125 46 0.04
132 46 0.04
0 48 0.041667
7 48 0.041667
11 48 0.041667
12 48 0.041667
27 48 0.041667
31 48 0.041667
37 48 0.041667
52 48 0.041667
56 48 0.041667
61 48 0.041667
62 48 0.041667
63 48 0.041667
68 48 0.041667
78 48 0.041667
87 48 0.041667
89 48 0.041667
93 48 0.041667
96 48 0.041667
101 48 0.041667
106 48 0.041667
118 48 0.041667
124 48 0.041667
130 48 0.041667
132 48 0.041667
0 52 0.041667
3 52 0.041667
11 52 0.041667
12 52 0.041667
14 52 0.041667
17 52 0.041667
30 52 0.041667
31 52 0.041667
32 52 0.041667
34 52 0.041667
36 52 0.041667
40 52 0.041667
44 52 0.041667
48 52 0.041667
64 52 0.041667
76 52 0.041667
84 52 0.041667
86 52 0.041667
88 52 0.041667
103 52 0.041667
112 52 0.041667
120 52 0.041667
125 52 0.041667
129 52 0.041667
0 54 0.05
3 54 0.05
15 54 0.05
27 54 0.05
31 54 0.05
43 54 0.05
59 54 0.05
61 54 0.05
63 54 0.05
70 54 0.05
71 54 0.05
76 54 0.05
82 54 0.05
89 54 0.05
92 54 0.05
107 54 0.05
110 54 0.05
112 54 0.05
125 54 0.05
129 54 0.05
0 57 0.045455
7 57 0.045455
9 57 0.045455
15 57 0.045455
23 57 0.045455
33 57 0.045455
46 57 0.045455
58 57 0.045455
70 57 0.045455
71 57 0.045455
75 57 0.045455
78 57 0.045455
80 57 0.045455
91 57 0.045455
93 57 0.045455
97 57 0.045455
98 57 0.045455
103 57 0.045455
109 57 0.045455
116 57 0.045455
123 57 0.045455
128 57 0.045455
0 60 0.058824
4 60 0.058824
5 60 0.058824
13 60 0.058824
20 60 0.058824
26 60 0.058824
41 60 0.058824
67 60 0.058824
73 60 0.058824
83 60 0.058824
92 60 0.058824
97 60 0.058824
99 60 0.058824
118 60 0.058824
120 60 0.058824
122 60 0.058824
127 60 0.058824
0 68 0.055556
2 68 0.055556
6 68 0.055556
28 68 0.055556
34 68 0.055556
40 68 0.055556
42 68 0.055556
45 68 0.055556
48 68 0.055556
49 68 0.055556
61 68 0.055556
66 68 0.055556
83 68 0.055556
98 68 0.055556
102 68 0.055556
107 68 0.055556
115 68 0.055556
116 68 0.055556
0 74 0.043478
2 74 0.043478
4 74 0.043478
9 74 0.043478
10 74 0.043478
18 74 0.043478
21 74 0.043478
24 74 0.043478
25 74 0.043478
27 74 0.043478
28 74 0.043478
35 74 0.043478
41 74 0.043478
42 74 0.043478
47 74 0.043478
79 74 0.043478
85 74 0.043478
99 74 0.043478
107 74 0.043478
108 74 0.043478
118 74 0.043478
120 74 0.043478
131 74 0.043478
0 75 0.043478
6 75 0.043478
9 75 0.043478
11 75 0.043478
18 75 0.043478
19 75 0.043478
30 75 0.043478
36 75 0.043478
39 75 0.043478
42 75 0.043478
44 75 0.043478
57 75 0.043478
70 75 0.043478
72 75 0.043478
80 75 0.043478
82 75 0.043478
87 75 0.043478
91 75 0.043478
106 75 0.043478
113 75 0.043478
121 75 0.043478
122 75 0.043478
132 75 0.043478
0 77 0.045455
5 77 0.045455
23 77 0.045455
24 77 0.045455
30 77 0.045455
35 77 0.045455
36 77 0.045455
39 77 0.045455
47 77 0.045455
49 77 0.045455
55 77 0.045455
62 77 0.045455
71 77 0.045455
78 77 0.045455
92 77 0.045455
102 77 0.045455
103 77 0.045455
115 77 0.045455
118 77 0.045455
121 77 0.045455
126 77 0.045455
128 77 0.045455
0 91 0.037037
2 91 0.037037
5 91 0.037037
10 91 0.037037
15 91 0.037037
23 91 0.037037
30 91 0.037037
32 91 0.037037
34 91 0.037037
38 91 0.037037
50 91 0.037037
57 91 0.037037
72 91 0.037037
75 91 0.037037
88 91 0.037037
90 91 0.037037
92 91 0.037037
93 91 0.037037
95 91 0.037037
97 91 0.037037
99 91 0.037037
103 91 0.037037
108 91 0.037037
111 91 0.037037
119 91 0.037037
125 91 0.037037
131 91 0.037037
0 93 0.047619
7 93 0.047619
15 93 0.047619
16 93 0.047619
24 93 0.047619
29 93 0.047619
32 93 0.047619
44 93 0.047619
47 93 0.047619
48 93 0.047619
57 93 0.047619
62 93 0.047619
65 93 0.047619
72 93 0.047619
81 93 0.047619
91 93 0.047619
102 93 0.047619
108 93 0.047619
111 93 0.047619
117 93 0.047619
125 93 0.047619
0 100 0.0625
4 100 0.0625
11 100 0.0625
27 100 0.0625
28 100 0.0625
29 100 0.0625
47 100 0.0625
66 100 0.0625
78 100 0.0625
81 100 0.0625
96 100 0.0625
98 100 0.0625
104 100 0.0625
108 100 0.0625
115 100 0.0625
124 100 0.0625
0 104 0.047619
18 104 0.047619
31 104 0.047619
32 104 0.047619
43 104 0.047619
46 104 0.047619
53 104 0.047619
62 104 0.047619
69 104 0.047619
71 104 0.047619
81 104 0.047619
84 104 0.047619
85 104 0.047619
89 104 0.047619
90 104 0.047619
94 104 0.047619
100 104 0.047619
112 104 0.047619
116 104 0.047619
118 104 0.047619
119 104 0.047619
0 105 0.047619
2 105 0.047619
10 105 0.047619
26 105 0.047619
27 105 0.047619
31 105 0.047619
32 105 0.047619
33 105 0.047619
35 105 0.047619
39 105 0.047619
46 105 0.047619
47 105 0.047619
59 105 0.047619
66 105 0.047619
76 105 0.047619
80 105 0.047619
81 105 0.047619
95 105 0.047619
101 105 0.047619
116 105 0.047619
118 105 0.047619
0 124 0.0625
5 124 0.0625
14 124 0.0625
30 124 0.0625
45 124 0.0625
48 124 0.0625
50 124 0.0625
62 124 0.0625
84 124 0.0625
89 124 0.0625
97 124 0.0625
100 124 0.0625
116 124 0.0625
117 124 0.0625
125 124 0.0625
127 124 0.0625
0 128 0.047619
11 128 0.047619
13 128 0.047619
18 128 0.047619
23 128 0.047619
25 128 0.047619
34 128 0.047619
35 128 0.047619
49 128 0.047619
56 128 0.047619
57 128 0.047619
67 128 0.047619
77 128 0.047619
80 128 0.047619
81 128 0.047619
95 128 0.047619
96 128 0.047619
99 128 0.047619
114 128 0.047619
117 128 0.047619
132 128 0.047619
0 132 0.047619
10 132 0.047619
17 132 0.047619
22 132 0.047619
32 132 0.047619
46 132 0.047619
48 132 0.047619
49 132 0.047619
61 132 0.047619
71 132 0.047619
72 132 0.047619
75 132 0.047619
90 132 0.047619
103 132 0.047619
109 132 0.047619
111 132 0.047619
117 132 0.047619
127 132 0.047619
128 132 0.047619
129 132 0.047619
130 132 0.047619
1 6 0.055556
16 6 0.055556
24 6 0.055556
27 6 0.055556
40 6 0.055556
43 6 0.055556
56 6 0.055556
59 6 0.055556
68 6 0.055556
72 6 0.055556
75 6 0.055556
80 6 0.055556
81 6 0.055556
90 6 0.055556
120 6 0.055556
122 6 0.055556
123 6 0.055556
130 6 0.055556
1 18 0.041667
5 18 0.041667
9 18 0.041667
11 18 0.041667
13 18 0.041667
16 18 0.041667
32 18 0.041667
36 18 0.041667
42 18 0.041667
45 18 0.041667
51 18 0.041667
59 18 0.041667
64 18 0.041667
67 18 0.041667
74 18 0.041667
75 18 0.041667
78 18 0.041667
85 18 0.041667
99 18 0.041667
104 18 0.041667
113 18 0.041667
114 18 0.041667
127 18 0.041667
128 18 0.041667
1 19 0.055556
9 19 0.055556
23 19 0.055556
25 19 0.055556
40 19 0.055556
45 19 0.055556
46 19 0.055556
50 19 0.055556
56 19 0.055556
61 19 0.055556
63 19 0.055556
64 19 0.055556
71 19 0.055556
75 19 0.055556
87 19 0.055556
106 19 0.055556
109 19 0.055556
130 19 0.055556
1 28 0.058824
7 28 0.058824
20 28 0.058824
21 28 0.058824
24 28 0.058824
27 28 0.058824
41 28 0.058824
46 28 0.058824
58 28 0.058824
63 28 0.058824
68 28 0.058824
74 28 0.058824
82 28 0.058824
83 28 0.058824
95 28 0.058824
100 28 0.058824
110 28 0.058824
1 30 0.041667
2 30 0.041667
8 30 0.041667
9 30 0.041667
10 30 0.041667
11 30 0.041667
12 30 0.041667
25 30 0.041667
41 30 0.041667
46 30 0.041667
52 30 0.041667
53 30 0.041667
61 30 0.041667
67 30 0.041667
70 30 0.041667
75 30 0.041667
77 30 0.041667
78 30 0.041667
91 30 0.041667
107 30 0.041667
111 30 0.041667
112 30 0.041667
117 30 0.041667
124 30 0.041667
1 38 0.05
3 38 0.05
11 38 0.05
12 38 0.05
14 38 0.05
26 38 0.05
29 38 0.05
33 38 0.05
37 38 0.05
46 38 0.05
47 38 0.05
58 38 0.05
71 38 0.05
78 38 0.05
84 38 0.05
87 38 0.05
89 38 0.05
91 38 0.05
98 38 0.05
130 38 0.05
1 40 0.055556
6 40 0.055556
10 40 0.055556
11 40 0.055556
19 40 0.055556
43 40 0.055556
46 40 0.055556
52 40 0.055556
55 40 0.055556
56 40 0.055556
68 40 0.055556
70 40 0.055556
78 40 0.055556
85 40 0.055556
96 40 0.055556
99 40 0.055556
108 40 0.055556
130 40 0.055556
1 45 0.055556
11 45 0.055556
17 45 0.055556
18 45 0.055556
19 45 0.055556
37 45 0.055556
41 45 0.055556
61 45 0.055556
66 45 0.055556
68 45 0.055556
71 45 0.055556
82 45 0.055556
88 45 0.055556
89 45 0.055556
94 45 0.055556
121 45 0.055556
124 45 0.055556
125 45 0.055556
1 64 0.047619
3 64 0.047619
17 64 0.047619
18 64 0.047619
19 64 0.047619
25 64 0.047619
35 64 0.047619
52 64 0.047619
58 64 0.047619
63 64 0.047619
71 64 0.047619
76 64 0.047619
82 64 0.047619
87 64 0.047619
89 64 0.047619
96 64 0.047619
97 64 0.047619
98 64 0.047619
108 64 0.047619
121 64 0.047619
125 64 0.047619
1 72 0.034483
6 72 0.034483
11 72 0.034483
15 72 0.034483
16 72 0.034483
21 72 0.034483
29 72 0.034483
34 72 0.034483
36 72 0.034483
44 72 0.034483
49 72 0.034483
50 72 0.034483
51 72 0.034483
53 72 0.034483
73 72 0.034483
75 72 0.034483
79 72 0.034483
80 72 0.034483
87 72 0.034483
91 72 0.034483
93 72 0.034483
97 72 0.034483
107 72 0.034483
120 72 0.034483
121 72 0.034483
122 72 0.034483
125 72 0.034483
129 72 0.034483
132 72 0.034483
1 84 0.0625
3 84 0.0625
7 84 0.0625
12 84 0.0625
16 84 0.0625
26 84 0.0625
31 84 0.0625
38 84 0.0625
41 84 0.0625
51 84 0.0625
52 84 0.0625
65 84 0.0625
76 84 0.0625
104 84 0.0625
113 84 0.0625
124 84 0.0625
1 86 0.058824
4 86 0.058824
7 86 0.058824
13 86 0.058824
15 86 0.058824
16 86 0.058824
17 86 0.058824
20 86 0.058824
52 86 0.058824
53 86 0.058824
58 86 0.058824
63 86 0.058824
82 86 0.058824
83 86 0.058824
111 86 0.058824
123 86 0.058824
125 86 0.058824
1 116 0.052632
2 116 0.052632
22 116 0.052632
24 116 0.052632
31 116 0.052632
44 116 0.052632
50 116 0.052632
57 116 0.052632
65 116 0.052632
68 116 0.052632
82 116 0.052632
83 116 0.052632
89 116 0.052632
104 116 0.052632
105 116 0.052632
106 116 0.052632
117 116 0.052632
121 116 0.052632
124 116 0.052632
1 117 0.047619
2 117 0.047619
5 117 0.047619
7 117 0.047619
8 117 0.047619
23 117 0.047619
24 117 0.047619
30 117 0.047619
44 117 0.047619
76 117 0.047619
80 117 0.047619
83 117 0.047619
87 117 0.047619
93 117 0.047619
106 117 0.047619
116 117 0.047619
120 117 0.047619
124 117 0.047619
126 117 0.047619
128 117 0.047619
132 117 0.047619
1 131 0.071429
9 131 0.071429
14 131 0.071429
24 131 0.071429
35 131 0.071429
51 131 0.071429
62 131 0.071429
74 131 0.071429
81 131 0.071429
91 131 0.071429
96 131 0.071429
111 131 0.071429
125 131 0.071429
127 131 0.071429
2 10 0.05
7 10 0.05
9 10 0.05
30 10 0.05
40 10 0.05
47 10 0.05
55 10 0.05
69 10 0.05
70 10 0.05
71 10 0.05
74 10 0.05
91 10 0.05
102 10 0.05
105 10 0.05
109 10 0.05
114 10 0.05
119 10 0.05
122 10 0.05
127 10 0.05
132 10 0.05
2 11 0.043478
5 11 0.043478
9 11 0.043478
18 11 0.043478
30 11 0.043478
37 11 0.043478
38 11 0.043478
40 11 0.043478
41 11 0.043478
45 11 0.043478
48 11 0.043478
49 11 0.043478
52 11 0.043478
53 11 0.043478
55 11 0.043478
61 11 0.043478
72 11 0.043478
75 11 0.043478
79 11 0.043478
85 11 0.043478
94 11 0.043478
100 11 0.043478
128 11 0.043478
2 35 0.055556
14 35 0.055556
23 35 0.055556
41 35 0.055556
46 35 0.055556
55 35 0.055556
58 35 0.055556
62 35 0.055556
64 35 0.055556
74 35 0.055556
77 35 0.055556
81 35 0.055556
101 35 0.055556
105 35 0.055556
106 35 0.055556
112 35 0.055556
128 35 0.055556
131 35 0.055556
2 58 0.043478
3 58 0.043478
28 58 0.043478
35 58 0.043478
36 58 0.043478
38 58 0.043478
41 58 0.043478
46 58 0.043478
56 58 0.043478
57 58 0.043478
64 58 0.043478
65 58 0.043478
71 58 0.043478
78 58 0.043478
80 58 0.043478
86 58 0.043478
96 58 0.043478
108 58 0.043478
111 58 0.043478
112 58 0.043478
118 58 0.043478
119 58 0.043478
120 58 0.043478
2 59 0.055556
6 59 0.055556
8 59 0.055556
16 59 0.055556
18 59 0.055556
20 59 0.055556
22 59 0.055556
37 59 0.055556
44 59 0.055556
54 59 0.055556
61 59 0.055556
63 59 0.055556
82 59 0.055556
98 59 0.055556
103 59 0.055556
105 59 0.055556
123 59 0.055556
127 59 0.055556
2 63 0.04
12 63 0.04
19 63 0.04
25 63 0.04
28 63 0.04
31 63 0.04
48 63 0.04
51 63 0.04
54 63 0.04
56 63 0.04
59 63 0.04
64 63 0.04
67 63 0.04
70 63 0.04
73 63 0.04
76 63 0.04
80 63 0.04
81 63 0.04
82 63 0.04
86 63 0.04
90 63 0.04
94 63 0.04
101 63 0.04
118 63 0.04
119 63 0.04
2 67 0.058824
12 67 0.058824
14 67 0.058824
18 67 0.058824
24 67 0.058824
30 67 0.058824
31 67 0.058824
32 67 0.058824
36 67 0.058824
53 67 0.058824
60 67 0.058824
61 67 0.058824
63 67 0.058824
66 67 0.058824
108 67 0.058824
128 67 0.058824
129 67 0.058824
2 71 0.034483
7 71 0.034483
10 71 0.034483
17 71 0.034483
19 71 0.034483
25 71 0.034483
26 71 0.034483
29 71 0.034483
32 71 0.034483
38 71 0.034483
42 71 0.034483
44 71 0.034483
45 71 0.034483
49 71 0.034483
54 71 0.034483
57 71 0.034483
58 71 0.034483
64 71 0.034483
66 71 0.034483
69 71 0.034483
70 71 0.034483
77 71 0.034483
79 71 0.034483
96 71 0.034483
104 71 0.034483
106 71 0.034483
125 71 0.034483
127 71 0.034483
132 71 0.034483
2 79 0.052632
4 79 0.052632
11 79 0.052632
27 79 0.052632
31 79 0.052632
34 79 0.052632
50 79 0.052632
65 79 0.052632
71 79 0.052632
72 79 0.052632
74 79 0.052632
81 79 0.052632
83 79 0.052632
85 79 0.052632
98 79 0.052632
99 79 0.052632
106 79 0.052632
108 79 0.052632
129 79 0.052632
2 87 0.0625
7 87 0.0625
19 87 0.0625
21 87 0.0625
24 87 0.0625
29 87 0.0625
31 87 0.0625
38 87 0.0625
48 87 0.0625
64 87 0.0625
72 87 0.0625
75 87 0.0625
80 87 0.0625
98 87 0.0625
117 87 0.0625
119 87 0.0625
2 90 0.052632
6 90 0.052632
9 90 0.052632
21 90 0.052632
25 90 0.052632
44 90 0.052632
47 90 0.052632
50 90 0.052632
63 90 0.052632
65 90 0.052632
91 90 0.052632
92 90 0.052632
97 90 0.052632
103 90 0.052632
104 90 0.052632
110 90 0.052632
111 90 0.052632
114 90 0.052632
132 90 0.052632
2 111 0.052632
7 111 0.052632
13 111 0.052632
30 111 0.052632
53 111 0.052632
56 111 0.052632
58 111 0.052632
85 111 0.052632
86 111 0.052632
88 111 0.052632
89 111 0.052632
90 111 0.052632
91 111 0.052632
93 111 0.052632
108 111 0.052632
109 111 0.052632
123 111 0.052632
131 111 0.052632
132 111 0.052632
2 119 0.083333
4 119 0.083333
10 119 0.083333
24 119 0.083333
47 119 0.083333
58 119 0.083333
63 119 0.083333
87 119 0.083333
91 119 0.083333
97 119 0.083333
104 119 0.083333
123 119 0.083333
2 127 0.041667
7 127 0.041667
10 127 0.041667
18 127 0.041667
23 127 0.041667
49 127 0.041667
50 127 0.041667
53 127 0.041667
59 127 0.041667
60 127 0.041667
62 127 0.041667
70 127 0.041667
71 127 0.041667
81 127 0.041667
83 127 0.041667
94 127 0.041667
97 127 0.041667
102 127 0.041667
110 127 0.041667
122 127 0.041667
124 127 0.041667
126 127 0.041667
131 127 0.041667
132 127 0.041667
3 5 0.058824
11 5 0.058824
12 5 0.058824
18 5 0.058824
27 5 0.058824
31 5 0.058824
43 5 0.058824
44 5 0.058824
50 5 0.058824
60 5 0.058824
77 5 0.058824
91 5 0.058824
103 5 0.058824
109 5 0.058824
117 5 0.058824
118 5 0.058824
124 5 0.058824
3 12 0.038462
5 12 0.038462
13 12 0.038462
14 12 0.038462
27 12 0.038462
30 12 0.038462
38 12 0.038462
39 12 0.038462
44 12 0.038462
48 12 0.038462
49 12 0.038462
52 12 0.038462
63 12 0.038462
67 12 0.038462
81 12 0.038462
84 12 0.038462
92 12 0.038462
95 12 0.038462
102 12 0.038462
107 12 0.038462
108 12 0.038462
115 12 0.038462
118 12 0.038462
120 12 0.038462
121 12 0.038462
129 12 0.038462
3 49 0.05
11 49 0.05
12 49 0.05
14 49 0.05
23 49 0.05
27 49 0.05
34 49 0.05
37 49 0.05
68 49 0.05
69 49 0.05
70 49 0.05
71 49 0.05
72 49 0.05
73 49 0.05
77 49 0.05
95 49 0.05
114 49 0.05
127 49 0.05
128 49 0.05
132 49 0.05
3 65 0.066667
17 65 0.066667
21 65 0.066667
36 65 0.066667
55 65 0.066667
58 65 0.066667
69 65 0.066667
79 65 0.066667
84 65 0.066667
90 65 0.066667
93 65 0.066667
108 65 0.066667
112 65 0.066667
116 65 0.066667
118 65 0.066667
3 92 0.058824
4 92 0.058824
8 92 0.058824
12 92 0.058824
14 92 0.058824
17 92 0.058824
20 92 0.058824
31 92 0.058824
54 92 0.058824
55 92 0.058824
60 92 0.058824
77 92 0.058824
90 92 0.058824
91 92 0.058824
102 92 0.058824
123 92 0.058824
129 92 0.058824
3 103 0.058824
5 103 0.058824
8 103 0.058824
52 103 0.058824
55 103 0.058824
56 103 0.058824
57 103 0.058824
59 103 0.058824
66 103 0.058824
77 103 0.058824
85 103 0.058824
88 103 0.058824
90 103 0.058824
91 103 0.058824
94 103 0.058824
98 103 0.058824
132 103 0.058824
3 108 0.045455
12 108 0.045455
17 108 0.045455
22 108 0.045455
25 108 0.045455
33 108 0.045455
34 108 0.045455
40 108 0.045455
51 108 0.045455
58 108 0.045455
64 108 0.045455
65 108 0.045455
66 108 0.045455
67 108 0.045455
74 108 0.045455
79 108 0.045455
91 108 0.045455
93 108 0.045455
99 108 0.045455
100 108 0.045455
111 108 0.045455
129 108 0.045455
3 113 0.076923
15 113 0.076923
17 113 0.076923
18 113 0.076923
22 113 0.076923
42 113 0.076923
43 113 0.076923
50 113 0.076923
62 113 0.076923
75 113 0.076923
84 113 0.076923
101 113 0.076923
106 113 0.076923
3 126 0.066667
8 126 0.066667
24 126 0.066667
27 126 0.066667
29 126 0.066667
36 126 0.066667
39 126 0.066667
51 126 0.066667
70 126 0.066667
77 126 0.066667
78 126 0.066667
112 126 0.066667
117 126 0.066667
125 126 0.066667
127 126 0.066667
4 7 0.05
10 7 0.05
23 7 0.05
28 7 0.05
48 7 0.05
56 7 0.05
57 7 0.05
66 7 0.05
71 7 0.05
84 7 0.05
86 7 0.05
87 7 0.05
93 7 0.05
97 7 0.05
110 7 0.05
111 7 0.05
117 7 0.05
127 7 0.05
129 7 0.05
130 7 0.05
4 15 0.055556
13 15 0.055556
14 15 0.055556
20 15 0.055556
23 15 0.055556
25 15 0.055556
37 15 0.055556
41 15 0.055556
43 15 0.055556
54 15 0.055556
57 15 0.055556
72 15 0.055556
86 15 0.055556
91 15 0.055556
93 15 0.055556
101 15 0.055556
106 15 0.055556
113 15 0.055556
4 24 0.043478
6 24 0.043478
20 24 0.043478
26 24 0.043478
28 24 0.043478
31 24 0.043478
32 24 0.043478
50 24 0.043478
67 24 0.043478
69 24 0.043478
74 24 0.043478
77 24 0.043478
85 24 0.043478
87 24 0.043478
93 24 0.043478
109 24 0.043478
115 24 0.043478
116 24 0.043478
117 24 0.043478
119 24 0.043478
126 24 0.043478
130 24 0.043478
131 24 0.043478
4 50 0.05
5 50 0.05
17 50 0.05
19 50 0.05
24 50 0.05
26 50 0.05
36 50 0.05
47 50 0.05
66 50 0.05
72 50 0.05
79 50 0.05
81 50 0.05
90 50 0.05
91 50 0.05
113 50 0.05
115 50 0.05
116 50 0.05
118 50 0.05
124 50 0.05
127 50 0.05
4 53 0.045455
11 53 0.045455
16 53 0.045455
20 53 0.045455
27 53 0.045455
30 53 0.045455
39 53 0.045455
43 53 0.045455
56 53 0.045455
67 53 0.045455
70 53 0.045455
72 53 0.045455
73 53 0.045455
85 53 0.045455
86 53 0.045455
95 53 0.045455
104 53 0.045455
106 53 0.045455
111 53 0.045455
114 53 0.045455
115 53 0.045455
127 53 0.045455
4 70 0.041667
10 70 0.041667
26 70 0.041667
30 70 0.041667
37 70 0.041667
39 70 0.041667
40 70 0.041667
49 70 0.041667
53 70 0.041667
54 70 0.041667
57 70 0.041667
63 70 0.041667
71 70 0.041667
73 70 0.041667
75 70 0.041667
76 70 0.041667
83 70 0.041667
110 70 0.041667
112 70 0.041667
118 70 0.041667
121 70 0.041667
125 70 0.041667
126 70 0.041667
127 70 0.041667
4 80 0.047619
6 80 0.047619
21 80 0.047619
39 80 0.047619
55 80 0.047619
56 80 0.047619
57 80 0.047619
58 80 0.047619
63 80 0.047619
72 80 0.047619
73 80 0.047619
75 80 0.047619
82 80 0.047619
87 80 0.047619
97 80 0.047619
105 80 0.047619
109 80 0.047619
115 80 0.047619
117 80 0.047619
125 80 0.047619
128 80 0.047619
4 82 0.045455
21 82 0.045455
23 82 0.045455
28 82 0.045455
39 82 0.045455
41 82 0.045455
45 82 0.045455
46 82 0.045455
54 82 0.045455
59 82 0.045455
63 82 0.045455
64 82 0.045455
66 82 0.045455
75 82 0.045455
80 82 0.045455
81 82 0.045455
85 82 0.045455
86 82 0.045455
102 82 0.045455
107 82 0.045455
116 82 0.045455
122 82 0.045455
4 89 0.043478
8 89 0.043478
25 89 0.043478
27 89 0.043478
38 89 0.043478
45 89 0.043478
48 89 0.043478
54 89 0.043478
56 89 0.043478
64 89 0.043478
81 89 0.043478
83 89 0.043478
94 89 0.043478
95 89 0.043478
98 89 0.043478
101 89 0.043478
102 89 0.043478
104 89 0.043478
110 89 0.043478
111 89 0.043478
116 89 0.043478
123 89 0.043478
124 89 0.043478
4 94 0.0625
11 94 0.0625
23 94 0.0625
26 94 0.0625
33 94 0.0625
41 94 0.0625
43 94 0.0625
45 94 0.0625
46 94 0.0625
63 94 0.0625
89 94 0.0625
103 94 0.0625
104 94 0.0625
106 94 0.0625
121 94 0.0625
127 94 0.0625
4 97 0.045455
7 97 0.045455
20 97 0.045455
37 97 0.045455
42 97 0.045455
47 97 0.045455
57 97 0.045455
60 97 0.045455
61 97 0.045455
64 97 0.045455
72 97 0.045455
80 97 0.045455
90 97 0.045455
91 97 0.045455
99 97 0.045455
106 97 0.045455
119 97 0.045455
122 97 0.045455
123 97 0.045455
124 97 0.045455
127 97 0.045455
130 97 0.045455
4 121 0.071429
12 121 0.071429
17 121 0.071429
21 121 0.071429
45 121 0.071429
64 121 0.071429
70 121 0.071429
72 121 0.071429
75 121 0.071429
77 121 0.071429
94 121 0.071429
110 121 0.071429
116 121 0.071429
122 121 0.071429
4 125 0.033333
9 125 0.033333
29 125 0.033333
33 125 0.033333
34 125 0.033333
45 125 0.033333
46 125 0.033333
52 125 0.033333
54 125 0.033333
55 125 0.033333
56 125 0.033333
64 125 0.033333
69 125 0.033333
70 125 0.033333
71 125 0.033333
72 125 0.033333
78 125 0.033333
80 125 0.033333
86 125 0.033333
91 125 0.033333
93 125 0.033333
109 125 0.033333
114 125 0.033333
115 125 0.033333
118 125 0.033333
120 125 0.033333
124 125 0.033333
126 125 0.033333
129 125 0.033333
131 125 0.033333
4 130 0.052632
6 130 0.052632
7 130 0.052632
19 130 0.052632
22 130 0.052632
24 130 0.052632
29 130 0.052632
38 130 0.052632
40 130 0.052632
48 130 0.052632
61 130 0.052632
88 130 0.052632
97 130 0.052632
98 130 0.052632
109 130 0.052632
112 130 0.052632
123 130 0.052632
129 130 0.052632
132 130 0.052632
5 27 0.045455
6 27 0.045455
8 27 0.045455
12 27 0.045455
23 27 0.045455
25 27 0.045455
28 27 0.045455
33 27 0.045455
42 27 0.045455
48 27 0.045455
49 27 0.045455
53 27 0.045455
54 27 0.045455
62 27 0.045455
74 27 0.045455
78 27 0.045455
79 27 0.045455
85 27 0.045455
89 27 0.045455
100 27 0.045455
105 27 0.045455
126 27 0.045455
5 31 0.045455
24 31 0.045455
37 31 0.045455
39 31 0.045455
47 31 0.045455
48 31 0.045455
52 31 0.045455
54 31 0.045455
63 31 0.045455
66 31 0.045455
67 31 0.045455
79 31 0.045455
83 31 0.045455
84 31 0.045455
87 31 0.045455
92 31 0.045455
96 31 0.045455
101 31 0.045455
104 31 0.045455
105 31 0.045455
114 31 0.045455
116 31 0.045455
5 43 0.066667
6 43 0.066667
15 43 0.066667
16 43 0.066667
29 43 0.066667
40 43 0.066667
51 43 0.066667
53 43 0.066667
54 43 0.066667
55 43 0.066667
83 43 0.066667
88 43 0.066667
94 43 0.066667
104 43 0.066667
113 43 0.066667
5 44 0.058824
12 44 0.058824
14 44 0.058824
20 44 0.058824
36 44 0.058824
39 44 0.058824
52 44 0.058824
59 44 0.058824
71 44 0.058824
72 44 0.058824
75 44 0.058824
90 44 0.058824
93 44 0.058824
95 44 0.058824
112 44 0.058824
116 44 0.058824
117 44 0.058824
5 109 0.047619
10 109 0.047619
13 109 0.047619
16 109 0.047619
19 109 0.047619
24 109 0.047619
29 109 0.047619
37 109 0.047619
51 109 0.047619
57 109 0.047619
62 109 0.047619
76 109 0.047619
80 109 0.047619
85 109 0.047619
95 109 0.047619
101 109 0.047619
111 109 0.047619
125 109 0.047619
129 109 0.047619
130 109 0.047619
132 109 0.047619
5 118 0.047619
12 118 0.047619
14 118 0.047619
23 118 0.047619
48 118 0.047619
50 118 0.047619
58 118 0.047619
60 118 0.047619
63 118 0.047619
65 118 0.047619
69 118 0.047619
70 118 0.047619
74 118 0.047619
77 118 0.047619
85 118 0.047619
96 118 0.047619
104 118 0.047619
105 118 0.047619
115 118 0.047619
120 118 0.047619
125 118 0.047619
6 56 0.04
7 56 0.04
13 56 0.04
14 56 0.04
19 56 0.04
21 56 0.04
23 56 0.04
33 56 0.04
40 56 0.04
47 56 0.04
48 56 0.04
53 56 0.04
58 56 0.04
63 56 0.04
80 56 0.04
89 56 0.04
95 56 0.04
99 56 0.04
101 56 0.04
103 56 0.04
110 56 0.04
111 56 0.04
115 56 0.04
125 56 0.04
128 56 0.04
6 81 0.041667
9 81 0.041667
12 81 0.041667
16 81 0.041667
17 81 0.041667
26 81 0.041667
35 81 0.041667
41 81 0.041667
42 81 0.041667
50 81 0.041667
63 81 0.041667
69 81 0.041667
79 81 0.041667
82 81 0.041667
89 81 0.041667
93 81 0.041667
99 81 0.041667
100 81 0.041667
104 81 0.041667
105 81 0.041667
120 81 0.041667
127 81 0.041667
128 81 0.041667
131 81 0.041667
6 120 0.047619
12 120 0.047619
22 120 0.047619
29 120 0.047619
41 120 0.047619
42 120 0.047619
47 120 0.047619
51 120 0.047619
52 120 0.047619
58 120 0.047619
60 120 0.047619
72 120 0.047619
74 120 0.047619
81 120 0.047619
88 120 0.047619
99 120 0.047619
110 120 0.047619
115 120 0.047619
117 120 0.047619
118 120 0.047619
125 120 0.047619
6 122 0.076923
10 122 0.076923
26 122 0.076923
60 122 0.076923
72 122 0.076923
73 122 0.076923
75 122 0.076923
82 122 0.076923
97 122 0.076923
101 122 0.076923
110 122 0.076923
121 122 0.076923
127 122 0.076923
6 123 0.066667
34 123 0.066667
57 123 0.066667
59 123 0.066667
69 123 0.066667
78 123 0.066667
86 123 0.066667
89 123 0.066667
92 123 0.066667
97 123 0.066667
101 123 0.066667
102 123 0.066667
111 123 0.066667
119 123 0.066667
130 123 0.066667
7 23 0.047619
15 23 0.047619
17 23 0.047619
19 23 0.047619
25 23 0.047619
27 23 0.047619
35 23 0.047619
49 23 0.047619
56 23 0.047619
57 23 0.047619
61 23 0.047619
76 23 0.047619
77 23 0.047619
82 23 0.047619
88 23 0.047619
91 23 0.047619
94 23 0.047619
117 23 0.047619
118 23 0.047619
127 23 0.047619
128 23 0.047619
7 66 0.052632
14 66 0.052632
20 66 0.052632
26 66 0.052632
31 66 0.052632
41 66 0.052632
45 66 0.052632
50 66 0.052632
67 66 0.052632
68 66 0.052632
71 66 0.052632
76 66 0.052632
82 66 0.052632
100 66 0.052632
102 66 0.052632
103 66 0.052632
105 66 0.052632
108 66 0.052632
110 66 0.052632
7 110 0.052632
8 110 0.052632
14 110 0.052632
25 110 0.052632
28 110 0.052632
47 110 0.052632
54 110 0.052632
56 110 0.052632
66 110 0.052632
70 110 0.052632
73 110 0.052632
89 110 0.052632
90 110 0.052632
98 110 0.052632
101 110 0.052632
120 110 0.052632
121 110 0.052632
122 110 0.052632
127 110 0.052632
7 129 0.0625
12 129 0.0625
33 129 0.0625
52 129 0.0625
54 129 0.0625
67 129 0.0625
72 129 0.0625
79 129 0.0625
92 129 0.0625
102 129 0.0625
108 129 0.0625
109 129 0.0625
115 129 0.0625
125 129 0.0625
130 129 0.0625
132 129 0.0625
8 25 0.05
13 25 0.05
15 25 0.05
17 25 0.05
19 25 0.05
23 25 0.05
26 25 0.05
27 25 0.05
30 25 0.05
37 25 0.05
51 25 0.05
63 25 0.05
64 25 0.05
71 25 0.05
74 25 0.05
89 25 0.05
90 25 0.05
108 25 0.05
110 25 0.05
128 25 0.05
8 51 0.058824
18 51 0.058824
20 51 0.058824
25 51 0.058824
29 51 0.058824
42 51 0.058824
43 51 0.058824
61 51 0.058824
63 51 0.058824
72 51 0.058824
84 51 0.058824
102 51 0.058824
108 51 0.058824
109 51 0.058824
120 51 0.058824
126 51 0.058824
131 51 0.058824
8 95 0.058824
12 95 0.058824
26 95 0.058824
28 95 0.058824
37 95 0.058824
41 95 0.058824
44 95 0.058824
49 95 0.058824
53 95 0.058824
56 95 0.058824
85 95 0.058824
89 95 0.058824
91 95 0.058824
101 95 0.058824
105 95 0.058824
109 95 0.058824
128 95 0.058824
8 96 0.071429
22 96 0.071429
31 96 0.071429
40 96 0.071429
46 96 0.071429
48 96 0.071429
58 96 0.071429
64 96 0.071429
71 96 0.071429
76 96 0.071429
100 96 0.071429
118 96 0.071429
128 96 0.071429
131 96 0.071429
8 98 0.052632
17 98 0.052632
29 98 0.052632
38 98 0.052632
55 98 0.052632
57 98 0.052632
59 98 0.052632
61 98 0.052632
64 98 0.052632
68 98 0.052632
79 98 0.052632
85 98 0.052632
87 98 0.052632
89 98 0.052632
100 98 0.052632
103 98 0.052632
106 98 0.052632
110 98 0.052632
130 98 0.052632
9 34 0.071429
13 34 0.071429
33 34 0.071429
42 34 0.071429
49 34 0.071429
52 34 0.071429
68 34 0.071429
72 34 0.071429
79 34 0.071429
91 34 0.071429
108 34 0.071429
123 34 0.071429
125 34 0.071429
128 34 0.071429
9 36 0.058824
18 36 0.058824
22 36 0.058824
44 36 0.058824
46 36 0.058824
50 36 0.058824
52 36 0.058824
58 36 0.058824
65 36 0.058824
67 36 0.058824
69 36 0.058824
72 36 0.058824
75 36 0.058824
77 36 0.058824
102 36 0.058824
107 36 0.058824
126 36 0.058824
9 37 0.055556
11 37 0.055556
15 37 0.055556
17 37 0.055556
22 37 0.055556
25 37 0.055556
31 37 0.055556
33 37 0.055556
38 37 0.055556
45 37 0.055556
48 37 0.055556
49 37 0.055556
59 37 0.055556
70 37 0.055556
95 37 0.055556
97 37 0.055556
102 37 0.055556
109 37 0.055556
9 55 0.0625
10 55 0.0625
11 55 0.0625
35 55 0.0625
40 55 0.0625
43 55 0.0625
65 55 0.0625
77 55 0.0625
80 55 0.0625
92 55 0.0625
98 55 0.0625
102 55 0.0625
103 55 0.0625
112 55 0.0625
115 55 0.0625
125 55 0.0625
9 62 0.052632
20 62 0.052632
27 62 0.052632
33 62 0.052632
35 62 0.052632
46 62 0.052632
48 62 0.052632
77 62 0.052632
85 62 0.052632
88 62 0.052632
93 62 0.052632
104 62 0.052632
106 62 0.052632
107 62 0.052632
109 62 0.052632
113 62 0.052632
124 62 0.052632
127 62 0.052632
131 62 0.052632
9 99 0.055556
17 99 0.055556
18 99 0.055556
40 99 0.055556
47 99 0.055556
56 99 0.055556
60 99 0.055556
74 99 0.055556
79 99 0.055556
81 99 0.055556
91 99 0.055556
97 99 0.055556
101 99 0.055556
102 99 0.055556
106 99 0.055556
108 99 0.055556
120 99 0.055556
128 99 0.055556
9 114 0.076923
10 114 0.076923
18 114 0.076923
26 114 0.076923
31 114 0.076923
49 114 0.076923
53 114 0.076923
61 114 0.076923
90 114 0.076923
101 114 0.076923
102 114 0.076923
125 114 0.076923
128 114 0.076923
10 47 0.05
31 47 0.05
38 47 0.05
42 47 0.05
50 47 0.05
56 47 0.05
74 47 0.05
77 47 0.05
85 47 0.05
90 47 0.05
93 47 0.05
97 47 0.05
99 47 0.05
100 47 0.05
101 47 0.05
105 47 0.05
107 47 0.05
110 47 0.05
119 47 0.05
120 47 0.05
10 69 0.052632
17 69 0.052632
24 69 0.052632
26 69 0.052632
29 69 0.052632
33 69 0.052632
36 69 0.052632
39 69 0.052632
49 69 0.052632
65 69 0.052632
71 69 0.052632
81 69 0.052632
83 69 0.052632
85 69 0.052632
101 69 0.052632
104 69 0.052632
118 69 0.052632
123 69 0.052632
125 69 0.052632
10 102 0.05
12 102 0.05
36 102 0.05
37 102 0.05
51 102 0.05
55 102 0.05
66 102 0.05
68 102 0.05
77 102 0.05
82 102 0.05
89 102 0.05
92 102 0.05
93 102 0.05
99 102 0.05
106 102 0.05
107 102 0.05
114 102 0.05
123 102 0.05
127 102 0.05
129 102 0.05
11 41 0.052632
15 41 0.052632
28 41 0.052632
30 41 0.052632
35 41 0.052632
39 41 0.052632
42 41 0.052632
45 41 0.052632
46 41 0.052632
58 41 0.052632
60 41 0.052632
66 41 0.052632
74 41 0.052632
81 41 0.052632
82 41 0.052632
84 41 0.052632
94 41 0.052632
95 41 0.052632
120 41 0.052632
11 61 0.05
19 61 0.05
20 61 0.05
23 61 0.05
30 61 0.05
33 61 0.05
39 61 0.05
45 61 0.05
48 61 0.05
51 61 0.05
54 61 0.05
59 61 0.05
67 61 0.05
68 61 0.05
73 61 0.05
97 61 0.05
98 61 0.05
114 61 0.05
130 61 0.05
132 61 0.05
11 85 0.038462
18 85 0.038462
22 85 0.038462
24 85 0.038462
27 85 0.038462
39 85 0.038462
40 85 0.038462
47 85 0.038462
53 85 0.038462
62 85 0.038462
69 85 0.038462
74 85 0.038462
76 85 0.038462
79 85 0.038462
82 85 0.038462
95 85 0.038462
98 85 0.038462
101 85 0.038462
103 85 0.038462
104 85 0.038462
106 85 0.038462
107 85 0.038462
109 85 0.038462
111 85 0.038462
115 85 0.038462
118 85 0.038462
12 13 0.083333
15 13 0.083333
18 13 0.083333
25 13 0.083333
34 13 0.083333
56 13 0.083333
60 13 0.083333
86 13 0.083333
101 13 0.083333
109 13 0.083333
111 13 0.083333
128 13 0.083333
12 14 0.055556
15 14 0.055556
16 14 0.055556
17 14 0.055556
35 14 0.055556
38 14 0.055556
44 14 0.055556
49 14 0.055556
52 14 0.055556
56 14 0.055556
66 14 0.055556
67 14 0.055556
83 14 0.055556
92 14 0.055556
110 14 0.055556
118 14 0.055556
124 14 0.055556
131 14 0.055556
12 107 0.045455
16 107 0.045455
21 107 0.045455
22 107 0.045455
29 107 0.045455
30 107 0.045455
36 107 0.045455
39 107 0.045455
46 107 0.045455
47 107 0.045455
54 107 0.045455
62 107 0.045455
68 107 0.045455
72 107 0.045455
74 107 0.045455
78 107 0.045455
82 107 0.045455
85 107 0.045455
88 107 0.045455
102 107 0.045455
106 107 0.045455
112 107 0.045455
12 115 0.0625
22 115 0.0625
24 115 0.0625
50 115 0.0625
53 115 0.0625
55 115 0.0625
56 115 0.0625
68 115 0.0625
77 115 0.0625
80 115 0.0625
85 115 0.0625
100 115 0.0625
118 115 0.0625
120 115 0.0625
125 115 0.0625
129 115 0.0625
13 101 0.047619
15 101 0.047619
26 101 0.047619
31 101 0.047619
35 101 0.047619
47 101 0.047619
48 101 0.047619
56 101 0.047619
63 101 0.047619
69 101 0.047619
85 101 0.047619
89 101 0.047619
95 101 0.047619
99 101 0.047619
105 101 0.047619
109 101 0.047619
110 101 0.047619
113 101 0.047619
114 101 0.047619
122 101 0.047619
123 101 0.047619
14 17 0.047619
23 17 0.047619
25 17 0.047619
37 17 0.047619
45 17 0.047619
50 17 0.047619
52 17 0.047619
64 17 0.047619
65 17 0.047619
69 17 0.047619
71 17 0.047619
81 17 0.047619
86 17 0.047619
92 17 0.047619
98 17 0.047619
99 17 0.047619
106 17 0.047619
108 17 0.047619
113 17 0.047619
121 17 0.047619
132 17 0.047619
14 83 0.058824
28 83 0.058824
29 83 0.058824
31 83 0.058824
42 83 0.058824
43 83 0.058824
60 83 0.058824
68 83 0.058824
69 83 0.058824
70 83 0.058824
78 83 0.058824
79 83 0.058824
86 83 0.058824
89 83 0.058824
116 83 0.058824
117 83 0.058824
127 83 0.058824
15 20 0.0625
24 20 0.0625
28 20 0.0625
32 20 0.0625
42 20 0.0625
44 20 0.0625
51 20 0.0625
53 20 0.0625
59 20 0.0625
60 20 0.0625
61 20 0.0625
62 20 0.0625
66 20 0.0625
86 20 0.0625
92 20 0.0625
97 20 0.0625
15 106 0.045455
17 106 0.045455
19 106 0.045455
26 106 0.045455
35 106 0.045455
46 106 0.045455
48 106 0.045455
53 106 0.045455
62 106 0.045455
71 106 0.045455
75 106 0.045455
79 106 0.045455
85 106 0.045455
94 106 0.045455
97 106 0.045455
98 106 0.045455
99 106 0.045455
102 106 0.045455
107 106 0.045455
113 106 0.045455
116 106 0.045455
117 106 0.045455
16 78 0.05
18 78 0.05
27 78 0.05
30 78 0.05
32 78 0.05
33 78 0.05
38 78 0.05
39 78 0.05
40 78 0.05
46 78 0.05
48 78 0.05
57 78 0.05
58 78 0.05
77 78 0.05
83 78 0.05
100 78 0.05
107 78 0.05
123 78 0.05
125 78 0.05
126 78 0.05
16 88 0.076923
23 88 0.076923
39 88 0.076923
43 88 0.076923
45 88 0.076923
52 88 0.076923
62 88 0.076923
91 88 0.076923
103 88 0.076923
107 88 0.076923
111 88 0.076923
120 88 0.076923
130 88 0.076923
18 42 0.058824
20 42 0.058824
27 42 0.058824
34 42 0.058824
39 42 0.058824
41 42 0.058824
47 42 0.058824
51 42 0.058824
68 42 0.058824
71 42 0.058824
74 42 0.058824
75 42 0.058824
81 42 0.058824
83 42 0.058824
97 42 0.058824
113 42 0.058824
120 42 0.058824
23 76 0.0625
29 76 0.0625
33 76 0.0625
39 76 0.0625
52 76 0.0625
54 76 0.0625
63 76 0.0625
64 76 0.0625
66 76 0.0625
70 76 0.0625
84 76 0.0625
85 76 0.0625
96 76 0.0625
105 76 0.0625
109 76 0.0625
117 76 0.0625
24 26 0.052632
25 26 0.052632
29 26 0.052632
38 26 0.052632
50 26 0.052632
60 26 0.052632
66 26 0.052632
69 26 0.052632
70 26 0.052632
71 26 0.052632
81 26 0.052632
84 26 0.052632
94 26 0.052632
95 26 0.052632
101 26 0.052632
105 26 0.052632
106 26 0.052632
114 26 0.052632
122 26 0.052632
26 29 0.05
38 29 0.05
43 29 0.05
51 29 0.05
69 29 0.05
71 29 0.05
72 29 0.05
73 29 0.05
76 29 0.05
83 29 0.05
87 29 0.05
93 29 0.05
98 29 0.05
100 29 0.05
107 29 0.05
109 29 0.05
120 29 0.05
125 29 0.05
126 29 0.05
130 29 0.05
29 73 0.076923
46 73 0.076923
49 73 0.076923
53 73 0.076923
60 73 0.076923
61 73 0.076923
63 73 0.076923
70 73 0.076923
72 73 0.076923
80 73 0.076923
110 73 0.076923
112 73 0.076923
122 73 0.076923
30 112 0.071429
35 112 0.071429
44 112 0.071429
52 112 0.071429
54 112 0.071429
55 112 0.071429
58 112 0.071429
65 112 0.071429
70 112 0.071429
73 112 0.071429
104 112 0.071429
107 112 0.071429
126 112 0.071429
130 112 0.071429
1 0 0.04
2 0 0.04
4 0 0.04
16 0 0.04
32 0 0.04
33 0 0.04
39 0 0.04
46 0 0.04
48 0 0.04
52 0 0.04
54 0 0.04
57 0 0.04
60 0 0.04
68 0 0.04
74 0 0.04
75 0 0.04
77 0 0.04
91 0 0.04
93 0 0.04
100 0 0.04
104 0 0.04
105 0 0.04
124 0 0.04
128 0 0.04
132 0 0.04
5 3 0.0625
12 3 0.0625
38 3 0.0625
39 3 0.0625
49 3 0.0625
52 3 0.0625
54 3 0.0625
58 3 0.0625
64 3 0.0625
65 3 0.0625
84 3 0.0625
92 3 0.0625
103 3 0.0625
108 3 0.0625
113 3 0.0625
126 3 0.0625
25 8 0.071429
27 8 0.071429
30 8 0.071429
51 8 0.071429
59 8 0.071429
89 8 0.071429
92 8 0.071429
95 8 0.071429
96 8 0.071429
98 8 0.071429
103 8 0.071429
110 8 0.071429
117 8 0.071429
126 8 0.071429
10 9 0.05
11 9 0.05
18 9 0.05
19 9 0.05
30 9 0.05
32 9 0.05
34 9 0.05
36 9 0.05
37 9 0.05
55 9 0.05
57 9 0.05
62 9 0.05
74 9 0.05
75 9 0.05
81 9 0.05
90 9 0.05
99 9 0.05
114 9 0.05
125 9 0.05
131 9 0.05
28 21 0.090909
56 21 0.090909
65 21 0.090909
72 21 0.090909
74 21 0.090909
80 21 0.090909
82 21 0.090909
87 21 0.090909
90 21 0.090909
107 21 0.090909
121 21 0.090909
33 22 0.071429
36 22 0.071429
37 22 0.071429
59 22 0.071429
85 22 0.071429
96 22 0.071429
107 22 0.071429
108 22 0.071429
113 22 0.071429
115 22 0.071429
116 22 0.071429
120 22 0.071429
130 22 0.071429
132 22 0.071429
