0 13 0.030303
5 13 0.030303
16 13 0.030303
17 13 0.030303
18 13 0.030303
26 13 0.030303
29 13 0.030303
32 13 0.030303
41 13 0.030303
55 13 0.030303
58 13 0.030303
59 13 0.030303
61 13 0.030303
62 13 0.030303
65 13 0.030303
76 13 0.030303
94 13 0.030303
97 13 0.030303
102 13 0.030303
103 13 0.030303
116 13 0.030303
124 13 0.030303
127 13 0.030303
139 13 0.030303
140 13 0.030303
141 13 0.030303
142 13 0.030303
146 13 0.030303
159 13 0.030303
163 13 0.030303
171 13 0.030303
173 13 0.030303
174 13 0.030303
0 15 0.030303
1 15 0.030303
6 15 0.030303
19 15 0.030303
21 15 0.030303
23 15 0.030303
28 15 0.030303
36 15 0.030303
41 15 0.030303
47 15 0.030303
57 15 0.030303
58 15 0.030303
60 15 0.030303
72 15 0.030303
74 15 0.030303
75 15 0.030303
78 15 0.030303
88 15 0.030303
90 15 0.030303
94 15 0.030303
95 15 0.030303
98 15 0.030303
105 15 0.030303
108 15 0.030303
119 15 0.030303
122 15 0.030303
124 15 0.030303
138 15 0.030303
143 15 0.030303
145 15 0.030303
152 15 0.030303
164 15 0.030303
172 15 0.030303
0 30 0.043478
1 30 0.043478
2 30 0.043478
5 30 0.043478
14 30 0.043478
16 30 0.043478
33 30 0.043478
50 30 0.043478
69 30 0.043478
75 30 0.043478
101 30 0.043478
102 30 0.043478
105 30 0.043478
108 30 0.043478
110 30 0.043478
112 30 0.043478
113 30 0.043478
123 30 0.043478
132 30 0.043478
133 30 0.043478
147 30 0.043478
168 30 0.043478
174 30 0.043478
0 40 0.041667
2 40 0.041667
8 40 0.041667
16 40 0.041667
19 40 0.041667
32 40 0.041667
41 40 0.041667
43 40 0.041667
48 40 0.041667
61 40 0.041667
70 40 0.041667
80 40 0.041667
93 40 0.041667
95 40 0.041667
100 40 0.041667
112 40 0.041667
113 40 0.041667
116 40 0.041667
123 40 0.041667
125 40 0.041667
126 40 0.041667
151 40 0.041667
152 40 0.041667
169 40 0.041667
0 41 0.043478
2 41 0.043478
9 41 0.043478
10 41 0.043478
13 41 0.043478
15 41 0.043478
20 41 0.043478
23 41 0.043478
39 41 0.043478
40 41 0.043478
53 41 0.043478
58 41 0.043478
63 41 0.043478
66 41 0.043478
72 41 0.043478
91 41 0.043478
93 41 0.043478
102 41 0.043478
106 41 0.043478
134 41 0.043478
141 41 0.043478
152 41 0.043478
173 41 0.043478
0 51 0.029412
2 51 0.029412
3 51 0.029412
7 51 0.029412
8 51 0.029412
10 51 0.029412
21 51 0.029412
23 51 0.029412
32 51 0.029412
33 51 0.029412
37 51 0.029412
44 51 0.029412
52 51 0.029412
60 51 0.029412
69 51 0.029412
73 51 0.029412
75 51 0.029412
76 51 0.029412
80 51 0.029412
86 51 0.029412
88 51 0.029412
90 51 0.029412
92 51 0.029412
103 51 0.029412
117 51 0.029412
120 51 0.029412
131 51 0.029412
137 51 0.029412
146 51 0.029412
148 51 0.029412
150 51 0.029412
152 51 0.029412
167 51 0.029412
172 51 0.029412
0 70 0.037037
9 70 0.037037
14 70 0.037037
29 70 0.037037
39 70 0.037037
40 70 0.037037
46 70 0.037037
49 70 0.037037
55 70 0.037037
58 70 0.037037
71 70 0.037037
77 70 0.037037
80 70 0.037037
87 70 0.037037
88 70 0.037037
89 70 0.037037
92 70 0.037037
99 70 0.037037
108 70 0.037037
114 70 0.037037
136 70 0.037037
150 70 0.037037
153 70 0.037037
155 70 0.037037
157 70 0.037037
163 70 0.037037
171 70 0.037037
0 71 0.026316
8 71 0.026316
11 71 0.026316
17 71 0.026316
20 71 0.026316
23 71 0.026316
43 71 0.026316
44 71 0.026316
53 71 0.026316
60 71 0.026316
65 71 0.026316
70 71 0.026316
75 71 0.026316
76 71 0.026316
85 71 0.026316
88 71 0.026316
90 71 0.026316
91 71 0.026316
94 71 0.026316
97 71 0.026316
110 71 0.026316
111 71 0.026316
113 71 0.026316
115 71 0.026316
116 71 0.026316
131 71 0.026316
133 71 0.026316
138 71 0.026316
140 71 0.026316
143 71 0.026316
144 71 0.026316
147 71 0.026316
153 71 0.026316
156 71 0.026316
163 71 0.026316
170 71 0.026316
172 71 0.026316
173 71 0.026316
0 77 0.035714
7 77 0.035714
11 77 0.035714
20 77 0.035714
67 77 0.035714
69 77 0.035714
70 77 0.035714
81 77 0.035714
82 77 0.035714
85 77 0.035714
88 77 0.035714
90 77 0.035714
94 77 0.035714
95 77 0.035714
101 77 0.035714
102 77 0.035714
103 77 0.035714
104 77 0.035714
127 77 0.035714
128 77 0.035714
130 77 0.035714
142 77 0.035714
148 77 0.035714
149 77 0.035714
150 77 0.035714
156 77 0.035714
165 77 0.035714
174 77 0.035714
0 78 0.032258
4 78 0.032258
9 78 0.032258
11 78 0.032258
15 78 0.032258
19 78 0.032258
22 78 0.032258
24 78 0.032258
33 78 0.032258
38 78 0.032258
52 78 0.032258
72 78 0.032258
74 78 0.032258
79 78 0.032258
91 78 0.032258
92 78 0.032258
103 78 0.032258
105 78 0.032258
125 78 0.032258
130 78 0.032258
132 78 0.032258
139 78 0.032258
140 78 0.032258
141 78 0.032258
142 78 0.032258
154 78 0.032258
157 78 0.032258
160 78 0.032258
165 78 0.032258
166 78 0.032258
172 78 0.032258
0 88 0.043478
7 88 0.043478
15 88 0.043478
25 88 0.043478
32 88 0.043478
39 88 0.043478
43 88 0.043478
51 88 0.043478
52 88 0.043478
60 88 0.043478
63 88 0.043478
70 88 0.043478
71 88 0.043478
72 88 0.043478
75 88 0.043478
77 88 0.043478
83 88 0.043478
93 88 0.043478
120 88 0.043478
140 88 0.043478
141 88 0.043478
147 88 0.043478
161 88 0.043478
0 89 0.03125
9 89 0.03125
16 89 0.03125
19 89 0.03125
21 89 0.03125
22 89 0.03125
25 89 0.03125
28 89 0.03125
33 89 0.03125
38 89 0.03125
46 89 0.03125
60 89 0.03125
62 89 0.03125
70 89 0.03125
74 89 0.03125
82 89 0.03125
87 89 0.03125
99 89 0.03125
112 89 0.03125
113 89 0.03125
117 89 0.03125
119 89 0.03125
132 89 0.03125
136 89 0.03125
141 89 0.03125
148 89 0.03125
157 89 0.03125
159 89 0.03125
162 89 0.03125
165 89 0.03125
169 89 0.03125
173 89 0.03125
0 94 0.034483
1 94 0.034483
3 94 0.034483
11 94 0.034483
12 94 0.034483
13 94 0.034483
15 94 0.034483
25 94 0.034483
53 94 0.034483
57 94 0.034483
58 94 0.034483
66 94 0.034483
69 94 0.034483
71 94 0.034483
72 94 0.034483
77 94 0.034483
80 94 0.034483
83 94 0.034483
101 94 0.034483
105 94 0.034483
109 94 0.034483
110 94 0.034483
112 94 0.034483
120 94 0.034483
129 94 0.034483
134 94 0.034483
142 94 0.034483
163 94 0.034483
170 94 0.034483
0 95 0.035714
5 95 0.035714
15 95 0.035714
21 95 0.035714
32 95 0.035714
40 95 0.035714
46 95 0.035714
62 95 0.035714
77 95 0.035714
79 95 0.035714
80 95 0.035714
82 95 0.035714
91 95 0.035714
104 95 0.035714
105 95 0.035714
106 95 0.035714
113 95 0.035714
116 95 0.035714
117 95 0.035714
121 95 0.035714
123 95 0.035714
134 95 0.035714
146 95 0.035714
155 95 0.035714
158 95 0.035714
162 95 0.035714
169 95 0.035714
172 95 0.035714
0 100 0.038462
1 100 0.038462
4 100 0.038462
5 100 0.038462
12 100 0.038462
24 100 0.038462
35 100 0.038462
36 100 0.038462
40 100 0.038462
64 100 0.038462
66 100 0.038462
73 100 0.038462
80 100 0.038462
109 100 0.038462
110 100 0.038462
113 100 0.038462
118 100 0.038462
126 100 0.038462
133 100 0.038462
134 100 0.038462
150 100 0.038462
155 100 0.038462
156 100 0.038462
160 100 0.038462
161 100 0.038462
171 100 0.038462
0 128 0.043478
3 128 0.043478
8 128 0.043478
19 128 0.043478
34 128 0.043478
77 128 0.043478
82 128 0.043478
83 128 0.043478
85 128 0.043478
92 128 0.043478
110 128 0.043478
119 128 0.043478
123 128 0.043478
127 128 0.043478
131 128 0.043478
136 128 0.043478
138 128 0.043478
149 128 0.043478
150 128 0.043478
152 128 0.043478
153 128 0.043478
167 128 0.043478
171 128 0.043478
0 145 0.052632
14 145 0.052632
15 145 0.052632
26 145 0.052632
27 145 0.052632
35 145 0.052632
47 145 0.052632
48 145 0.052632
50 145 0.052632
79 145 0.052632
80 145 0.052632
81 145 0.052632
134 145 0.052632
138 145 0.052632
140 145 0.052632
148 145 0.052632
152 145 0.052632
153 145 0.052632
154 145 0.052632
0 146 0.037037
7 146 0.037037
10 146 0.037037
13 146 0.037037
14 146 0.037037
26 146 0.037037
28 146 0.037037
31 146 0.037037
43 146 0.037037
51 146 0.037037
55 146 0.037037
73 146 0.037037
81 146 0.037037
82 146 0.037037
85 146 0.037037
91 146 0.037037
95 146 0.037037
97 146 0.037037
111 146 0.037037
113 146 0.037037
116 146 0.037037
131 146 0.037037
134 146 0.037037
147 146 0.037037
154 146 0.037037
155 146 0.037037
171 146 0.037037
0 149 0.04
1 149 0.04
9 149 0.04
11 149 0.04
23 149 0.04
28 149 0.04
35 149 0.04
42 149 0.04
57 149 0.04
62 149 0.04
68 149 0.04
77 149 0.04
83 149 0.04
86 149 0.04
96 149 0.04
99 149 0.04
107 149 0.04
116 149 0.04
117 149 0.04
127 149 0.04
128 149 0.04
143 149 0.04
150 149 0.04
151 149 0.04
169 149 0.04
0 152 0.030303
7 152 0.030303
15 152 0.030303
17 152 0.030303
21 152 0.030303
33 152 0.030303
34 152 0.030303
38 152 0.030303
39 152 0.030303
40 152 0.030303
41 152 0.030303
42 152 0.030303
50 152 0.030303
51 152 0.030303
55 152 0.030303
60 152 0.030303
62 152 0.030303
64 152 0.030303
74 152 0.030303
99 152 0.030303
102 152 0.030303
104 152 0.030303
108 152 0.030303
117 152 0.030303
125 152 0.030303
128 152 0.030303
137 152 0.030303
145 152 0.030303
156 152 0.030303
157 152 0.030303
165 152 0.030303
167 152 0.030303
170 152 0.030303
0 158 0.041667
4 158 0.041667
9 158 0.041667
18 158 0.041667
20 158 0.041667
33 158 0.041667
42 158 0.041667
46 158 0.041667
58 158 0.041667
63 158 0.041667
95 158 0.041667
102 158 0.041667
108 158 0.041667
113 158 0.041667
114 158 0.041667
116 158 0.041667
134 158 0.041667
136 158 0.041667
147 158 0.041667
150 158 0.041667
156 158 0.041667
157 158 0.041667
161 158 0.041667
165 158 0.041667
0 159 0.030303
13 159 0.030303
17 159 0.030303
19 159 0.030303
28 159 0.030303
31 159 0.030303
32 159 0.030303
37 159 0.030303
50 159 0.030303
58 159 0.030303
63 159 0.030303
68 159 0.030303
75 159 0.030303
82 159 0.030303
89 159 0.030303
93 159 0.030303
96 159 0.030303
105 159 0.030303
106 159 0.030303
118 159 0.030303
125 159 0.030303
127 159 0.030303
135 159 0.030303
148 159 0.030303
150 159 0.030303
153 159 0.030303
155 159 0.030303
156 159 0.030303
160 159 0.030303
165 159 0.030303
168 159 0.030303
172 159 0.030303
173 159 0.030303
0 161 0.043478
19 161 0.043478
27 161 0.043478
35 161 0.043478
48 161 0.043478
60 161 0.043478
65 161 0.043478
75 161 0.043478
83 161 0.043478
88 161 0.043478
92 161 0.043478
99 161 0.043478
100 161 0.043478
106 161 0.043478
109 161 0.043478
120 161 0.043478
123 161 0.043478
124 161 0.043478
140 161 0.043478
141 161 0.043478
158 161 0.043478
162 161 0.043478
171 161 0.043478
0 174 0.030303
3 174 0.030303
10 174 0.030303
13 174 0.030303
20 174 0.030303
24 174 0.030303
30 174 0.030303
32 174 0.030303
38 174 0.030303
46 174 0.030303
56 174 0.030303
61 174 0.030303
64 174 0.030303
68 174 0.030303
77 174 0.030303
81 174 0.030303
87 174 0.030303
102 174 0.030303
112 174 0.030303
113 174 0.030303
115 174 0.030303
117 174 0.030303
118 174 0.030303
124 174 0.030303
136 174 0.030303
140 174 0.030303
141 174 0.030303
155 174 0.030303
160 174 0.030303
163 174 0.030303
164 174 0.030303
166 174 0.030303
172 174 0.030303
1 7 0.034483
3 7 0.034483
9 7 0.034483
17 7 0.034483
18 7 0.034483
35 7 0.034483
46 7 0.034483
51 7 0.034483
52 7 0.034483
57 7 0.034483
68 7 0.034483
77 7 0.034483
82 7 0.034483
88 7 0.034483
102 7 0.034483
106 7 0.034483
108 7 0.034483
112 7 0.034483
124 7 0.034483
127 7 0.034483
129 7 0.034483
132 7 0.034483
135 7 0.034483
139 7 0.034483
146 7 0.034483
152 7 0.034483
162 7 0.034483
168 7 0.034483
173 7 0.034483
1 8 0.05
14 8 0.05
40 8 0.05
49 8 0.05
51 8 0.05
66 8 0.05
71 8 0.05
73 8 0.05
90 8 0.05
99 8 0.05
111 8 0.05
115 8 0.05
116 8 0.05
118 8 0.05
128 8 0.05
134 8 0.05
144 8 0.05
147 8 0.05
155 8 0.05
167 8 0.05
1 33 0.029412
6 33 0.029412
19 33 0.029412
20 33 0.029412
21 33 0.029412
22 33 0.029412
26 33 0.029412
30 33 0.029412
31 33 0.029412
32 33 0.029412
47 33 0.029412
51 33 0.029412
52 33 0.029412
68 33 0.029412
72 33 0.029412
78 33 0.029412
89 33 0.029412
111 33 0.029412
117 33 0.029412
118 33 0.029412
121 33 0.029412
123 33 0.029412
124 33 0.029412
135 33 0.029412
138 33 0.029412
144 33 0.029412
150 33 0.029412
152 33 0.029412
153 33 0.029412
154 33 0.029412
157 33 0.029412
158 33 0.029412
160 33 0.029412
173 33 0.029412
1 47 0.047619
12 47 0.047619
15 47 0.047619
16 47 0.047619
20 47 0.047619
29 47 0.047619
33 47 0.047619
42 47 0.047619
43 47 0.047619
53 47 0.047619
76 47 0.047619
81 47 0.047619
102 47 0.047619
103 47 0.047619
106 47 0.047619
119 47 0.047619
124 47 0.047619
127 47 0.047619
145 47 0.047619
154 47 0.047619
160 47 0.047619
1 54 0.047619
5 54 0.047619
6 54 0.047619
11 54 0.047619
12 54 0.047619
14 54 0.047619
19 54 0.047619
24 54 0.047619
42 54 0.047619
43 54 0.047619
49 54 0.047619
52 54 0.047619
56 54 0.047619
58 54 0.047619
69 54 0.047619
73 54 0.047619
84 54 0.047619
85 54 0.047619
115 54 0.047619
122 54 0.047619
126 54 0.047619
1 59 0.045455
2 59 0.045455
13 59 0.045455
34 59 0.045455
39 59 0.045455
50 59 0.045455
63 59 0.045455
72 59 0.045455
92 59 0.045455
101 59 0.045455
106 59 0.045455
111 59 0.045455
115 59 0.045455
119 59 0.045455
121 59 0.045455
125 59 0.045455
132 59 0.045455
137 59 0.045455
139 59 0.045455
147 59 0.045455
154 59 0.045455
172 59 0.045455
1 67 0.047619
22 67 0.047619
29 67 0.047619
34 67 0.047619
35 67 0.047619
48 67 0.047619
57 67 0.047619
60 67 0.047619
61 67 0.047619
63 67 0.047619
66 67 0.047619
77 67 0.047619
87 67 0.047619
90 67 0.047619
102 67 0.047619
116 67 0.047619
124 67 0.047619
131 67 0.047619
137 67 0.047619
140 67 0.047619
164 67 0.047619
1 79 0.037037
4 79 0.037037
20 79 0.037037
27 79 0.037037
48 79 0.037037
62 79 0.037037
68 79 0.037037
75 79 0.037037
78 79 0.037037
81 79 0.037037
84 79 0.037037
90 79 0.037037
91 79 0.037037
93 79 0.037037
95 79 0.037037
101 79 0.037037
111 79 0.037037
114 79 0.037037
115 79 0.037037
119 79 0.037037
134 79 0.037037
138 79 0.037037
145 79 0.037037
156 79 0.037037
164 79 0.037037
166 79 0.037037
173 79 0.037037
1 97 0.038462
11 97 0.038462
13 97 0.038462
19 97 0.038462
21 97 0.038462
27 97 0.038462
32 97 0.038462
39 97 0.038462
44 97 0.038462
45 97 0.038462
62 97 0.038462
71 97 0.038462
80 97 0.038462
82 97 0.038462
92 97 0.038462
102 97 0.038462
108 97 0.038462
125 97 0.038462
133 97 0.038462
134 97 0.038462
140 97 0.038462
146 97 0.038462
148 97 0.038462
151 97 0.038462
155 97 0.038462
160 97 0.038462
1 101 0.033333
16 101 0.033333
20 101 0.033333
27 101 0.033333
30 101 0.033333
31 101 0.033333
34 101 0.033333
38 101 0.033333
45 101 0.033333
55 101 0.033333
57 101 0.033333
58 101 0.033333
59 101 0.033333
68 101 0.033333
77 101 0.033333
79 101 0.033333
92 101 0.033333
93 101 0.033333
94 101 0.033333
96 101 0.033333
109 101 0.033333
111 101 0.033333
135 101 0.033333
142 101 0.033333
154 101 0.033333
156 101 0.033333
160 101 0.033333
164 101 0.033333
171 101 0.033333
172 101 0.033333
1 104 0.047619
26 104 0.047619
32 104 0.047619
34 104 0.047619
35 104 0.047619
62 104 0.047619
68 104 0.047619
69 104 0.047619
77 104 0.047619
84 104 0.047619
87 104 0.047619
90 104 0.047619
91 104 0.047619
95 104 0.047619
96 104 0.047619
109 104 0.047619
114 104 0.047619
124 104 0.047619
136 104 0.047619
152 104 0.047619
166 104 0.047619
1 109 0.045455
4 109 0.045455
18 109 0.045455
27 109 0.045455
37 109 0.045455
53 109 0.045455
72 109 0.045455
73 109 0.045455
94 109 0.045455
100 109 0.045455
101 109 0.045455
102 109 0.045455
104 109 0.045455
118 109 0.045455
119 109 0.045455
127 109 0.045455
130 109 0.045455
132 109 0.045455
142 109 0.045455
154 109 0.045455
161 109 0.045455
168 109 0.045455
1 130 0.035714
10 130 0.035714
12 130 0.035714
14 130 0.035714
24 130 0.035714
26 130 0.035714
27 130 0.035714
35 130 0.035714
37 130 0.035714
55 130 0.035714
58 130 0.035714
63 130 0.035714
66 130 0.035714
74 130 0.035714
77 130 0.035714
78 130 0.035714
83 130 0.035714
109 130 0.035714
113 130 0.035714
123 130 0.035714
132 130 0.035714
139 130 0.035714
140 130 0.035714
148 130 0.035714
166 130 0.035714
167 130 0.035714
169 130 0.035714
170 130 0.035714
1 138 0.026316
3 138 0.026316
9 138 0.026316
10 138 0.026316
12 138 0.026316
15 138 0.026316
18 138 0.026316
20 138 0.026316
28 138 0.026316
29 138 0.026316
33 138 0.026316
43 138 0.026316
44 138 0.026316
53 138 0.026316
58 138 0.026316
64 138 0.026316
71 138 0.026316
76 138 0.026316
79 138 0.026316
82 138 0.026316
87 138 0.026316
91 138 0.026316
93 138 0.026316
102 138 0.026316
103 138 0.026316
108 138 0.026316
122 138 0.026316
128 138 0.026316
133 138 0.026316
145 138 0.026316
147 138 0.026316
148 138 0.026316
151 138 0.026316
162 138 0.026316
163 138 0.026316
164 138 0.026316
167 138 0.026316
172 138 0.026316
1 151 0.041667
3 151 0.041667
12 151 0.041667
19 151 0.041667
24 151 0.041667
31 151 0.041667
40 151 0.041667
46 151 0.041667
76 151 0.041667
85 151 0.041667
91 151 0.041667
92 151 0.041667
97 151 0.041667
98 151 0.041667
111 151 0.041667
127 151 0.041667
135 151 0.041667
137 151 0.041667
138 151 0.041667
149 151 0.041667
153 151 0.041667
154 151 0.041667
167 151 0.041667
169 151 0.041667
1 173 0.027027
3 173 0.027027
7 173 0.027027
13 173 0.027027
14 173 0.027027
17 173 0.027027
20 173 0.027027
23 173 0.027027
24 173 0.027027
32 173 0.027027
33 173 0.027027
38 173 0.027027
41 173 0.027027
56 173 0.027027
60 173 0.027027
61 173 0.027027
65 173 0.027027
71 173 0.027027
79 173 0.027027
83 173 0.027027
86 173 0.027027
89 173 0.027027
93 173 0.027027
108 173 0.027027
120 173 0.027027
126 173 0.027027
137 173 0.027027
140 173 0.027027
155 173 0.027027
157 173 0.027027
159 173 0.027027
163 173 0.027027
164 173 0.027027
165 173 0.027027
166 173 0.027027
169 173 0.027027
171 173 0.027027
2 3 0.03125
7 3 0.03125
16 3 0.03125
21 3 0.03125
22 3 0.03125
26 3 0.03125
35 3 0.03125
48 3 0.03125
49 3 0.03125
50 3 0.03125
51 3 0.03125
58 3 0.03125
64 3 0.03125
73 3 0.03125
93 3 0.03125
94 3 0.03125
103 3 0.03125
122 3 0.03125
124 3 0.03125
128 3 0.03125
132 3 0.03125
133 3 0.03125
136 3 0.03125
138 3 0.03125
143 3 0.03125
147 3 0.03125
151 3 0.03125
157 3 0.03125
163 3 0.03125
167 3 0.03125
173 3 0.03125
174 3 0.03125
2 9 0.035714
7 9 0.035714
14 9 0.035714
19 9 0.035714
20 9 0.035714
31 9 0.035714
41 9 0.035714
42 9 0.035714
44 9 0.035714
61 9 0.035714
62 9 0.035714
64 9 0.035714
70 9 0.035714
76 9 0.035714
78 9 0.035714
80 9 0.035714
89 9 0.035714
99 9 0.035714
102 9 0.035714
103 9 0.035714
107 9 0.035714
113 9 0.035714
118 9 0.035714
138 9 0.035714
149 9 0.035714
153 9 0.035714
158 9 0.035714
160 9 0.035714
2 16 0.030303
3 16 0.030303
13 16 0.030303
21 16 0.030303
25 16 0.030303
27 16 0.030303
28 16 0.030303
30 16 0.030303
40 16 0.030303
47 16 0.030303
48 16 0.030303
53 16 0.030303
69 16 0.030303
72 16 0.030303
89 16 0.030303
92 16 0.030303
93 16 0.030303
96 16 0.030303
101 16 0.030303
103 16 0.030303
117 16 0.030303
118 16 0.030303
123 16 0.030303
124 16 0.030303
125 16 0.030303
137 16 0.030303
142 16 0.030303
143 16 0.030303
144 16 0.030303
162 16 0.030303
168 16 0.030303
171 16 0.030303
172 16 0.030303
2 20 0.037037
9 20 0.037037
18 20 0.037037
24 20 0.037037
32 20 0.037037
33 20 0.037037
41 20 0.037037
44 20 0.037037
47 20 0.037037
48 20 0.037037
61 20 0.037037
71 20 0.037037
73 20 0.037037
77 20 0.037037
79 20 0.037037
101 20 0.037037
107 20 0.037037
111 20 0.037037
113 20 0.037037
131 20 0.037037
134 20 0.037037
138 20 0.037037
157 20 0.037037
158 20 0.037037
168 20 0.037037
173 20 0.037037
174 20 0.037037
2 23 0.034483
4 23 0.034483
15 23 0.034483
17 23 0.034483
25 23 0.034483
34 23 0.034483
41 23 0.034483
43 23 0.034483
48 23 0.034483
51 23 0.034483
64 23 0.034483
65 23 0.034483
68 23 0.034483
71 23 0.034483
74 23 0.034483
75 23 0.034483
82 23 0.034483
102 23 0.034483
103 23 0.034483
111 23 0.034483
134 23 0.034483
135 23 0.034483
142 23 0.034483
149 23 0.034483
154 23 0.034483
157 23 0.034483
164 23 0.034483
166 23 0.034483
173 23 0.034483
2 45 0.037037
5 45 0.037037
18 45 0.037037
29 45 0.037037
31 45 0.037037
36 45 0.037037
37 45 0.037037
49 45 0.037037
58 45 0.037037
62 45 0.037037
65 45 0.037037
74 45 0.037037
76 45 0.037037
80 45 0.037037
97 45 0.037037
99 45 0.037037
101 45 0.037037
102 45 0.037037
108 45 0.037037
121 45 0.037037
129 45 0.037037
135 45 0.037037
137 45 0.037037
143 45 0.037037
156 45 0.037037
164 45 0.037037
165 45 0.037037
2 58 0.029412
3 58 0.029412
5 58 0.029412
10 58 0.029412
13 58 0.029412
14 58 0.029412
15 58 0.029412
22 58 0.029412
24 58 0.029412
28 58 0.029412
35 58 0.029412
41 58 0.029412
45 58 0.029412
46 58 0.029412
54 58 0.029412
57 58 0.029412
65 58 0.029412
68 58 0.029412
70 58 0.029412
72 58 0.029412
76 58 0.029412
92 58 0.029412
94 58 0.029412
101 58 0.029412
115 58 0.029412
123 58 0.029412
126 58 0.029412
130 58 0.029412
138 58 0.029412
143 58 0.029412
158 58 0.029412
159 58 0.029412
160 58 0.029412
171 58 0.029412
2 65 0.038462
4 65 0.038462
6 65 0.038462
13 65 0.038462
18 65 0.038462
23 65 0.038462
31 65 0.038462
45 65 0.038462
58 65 0.038462
61 65 0.038462
64 65 0.038462
71 65 0.038462
72 65 0.038462
76 65 0.038462
92 65 0.038462
107 65 0.038462
113 65 0.038462
129 65 0.038462
133 65 0.038462
134 65 0.038462
148 65 0.038462
161 65 0.038462
167 65 0.038462
169 65 0.038462
170 65 0.038462
173 65 0.038462
2 80 0.034483
9 80 0.034483
10 80 0.034483
25 80 0.034483
40 80 0.034483
44 80 0.034483
45 80 0.034483
50 80 0.034483
51 80 0.034483
52 80 0.034483
70 80 0.034483
72 80 0.034483
82 80 0.034483
84 80 0.034483
85 80 0.034483
86 80 0.034483
94 80 0.034483
95 80 0.034483
97 80 0.034483
99 80 0.034483
100 80 0.034483
125 80 0.034483
126 80 0.034483
132 80 0.034483
141 80 0.034483
145 80 0.034483
160 80 0.034483
163 80 0.034483
165 80 0.034483
2 90 0.035714
8 90 0.035714
12 90 0.035714
15 90 0.035714
24 90 0.035714
27 90 0.035714
31 90 0.035714
42 90 0.035714
51 90 0.035714
62 90 0.035714
63 90 0.035714
64 90 0.035714
67 90 0.035714
71 90 0.035714
77 90 0.035714
79 90 0.035714
82 90 0.035714
96 90 0.035714
104 90 0.035714
111 90 0.035714
114 90 0.035714
131 90 0.035714
136 90 0.035714
142 90 0.035714
143 90 0.035714
155 90 0.035714
156 90 0.035714
163 90 0.035714
2 102 0.028571
7 102 0.028571
9 102 0.028571
10 102 0.028571
13 102 0.028571
18 102 0.028571
23 102 0.028571
30 102 0.028571
41 102 0.028571
44 102 0.028571
45 102 0.028571
47 102 0.028571
50 102 0.028571
55 102 0.028571
62 102 0.028571
63 102 0.028571
67 102 0.028571
74 102 0.028571
75 102 0.028571
77 102 0.028571
82 102 0.028571
84 102 0.028571
97 102 0.028571
98 102 0.028571
109 102 0.028571
112 102 0.028571
120 102 0.028571
122 102 0.028571
138 102 0.028571
152 102 0.028571
156 102 0.028571
158 102 0.028571
162 102 0.028571
171 102 0.028571
174 102 0.028571
2 103 0.038462
3 103 0.038462
9 103 0.038462
13 103 0.038462
16 103 0.038462
23 103 0.038462
36 103 0.038462
47 103 0.038462
49 103 0.038462
51 103 0.038462
73 103 0.038462
74 103 0.038462
77 103 0.038462
78 103 0.038462
86 103 0.038462
87 103 0.038462
115 103 0.038462
120 103 0.038462
121 103 0.038462
125 103 0.038462
133 103 0.038462
138 103 0.038462
140 103 0.038462
144 103 0.038462
156 103 0.038462
164 103 0.038462
2 126 0.052632
40 126 0.052632
42 126 0.052632
54 126 0.052632
58 126 0.052632
73 126 0.052632
74 126 0.052632
75 126 0.052632
80 126 0.052632
82 126 0.052632
93 126 0.052632
100 126 0.052632
111 126 0.052632
129 126 0.052632
135 126 0.052632
157 126 0.052632
163 126 0.052632
170 126 0.052632
173 126 0.052632
2 139 0.045455
5 139 0.045455
7 139 0.045455
11 139 0.045455
13 139 0.045455
26 139 0.045455
29 139 0.045455
31 139 0.045455
42 139 0.045455
44 139 0.045455
59 139 0.045455
62 139 0.045455
76 139 0.045455
78 139 0.045455
85 139 0.045455
92 139 0.045455
108 139 0.045455
112 139 0.045455
130 139 0.045455
147 139 0.045455
150 139 0.045455
170 139 0.045455
2 148 0.043478
19 148 0.043478
25 148 0.043478
46 148 0.043478
51 148 0.043478
65 148 0.043478
75 148 0.043478
77 148 0.043478
89 148 0.043478
92 148 0.043478
97 148 0.043478
110 148 0.043478
115 148 0.043478
117 148 0.043478
130 148 0.043478
131 148 0.043478
132 148 0.043478
133 148 0.043478
138 148 0.043478
145 148 0.043478
150 148 0.043478
155 148 0.043478
159 148 0.043478
2 160 0.034483
9 160 0.034483
17 160 0.034483
33 160 0.034483
35 160 0.034483
39 160 0.034483
44 160 0.034483
47 160 0.034483
53 160 0.034483
58 160 0.034483
60 160 0.034483
69 160 0.034483
73 160 0.034483
75 160 0.034483
78 160 0.034483
80 160 0.034483
84 160 0.034483
96 160 0.034483
97 160 0.034483
100 160 0.034483
101 160 0.034483
115 160 0.034483
129 160 0.034483
134 160 0.034483
159 160 0.034483
164 160 0.034483
169 160 0.034483
171 160 0.034483
174 160 0.034483
2 170 0.033333
4 170 0.033333
28 170 0.033333
39 170 0.033333
42 170 0.033333
48 170 0.033333
49 170 0.033333
60 170 0.033333
61 170 0.033333
62 170 0.033333
65 170 0.033333
68 170 0.033333
71 170 0.033333
74 170 0.033333
83 170 0.033333
94 170 0.033333
99 170 0.033333
108 170 0.033333
119 170 0.033333
126 170 0.033333
130 170 0.033333
135 170 0.033333
139 170 0.033333
142 170 0.033333
144 170 0.033333
150 170 0.033333
152 170 0.033333
165 170 0.033333
169 170 0.033333
172 170 0.033333
3 21 0.04
11 21 0.04
15 21 0.04
16 21 0.04
18 21 0.04
19 21 0.04
29 21 0.04
33 21 0.04
34 21 0.04
48 21 0.04
51 21 0.04
52 21 0.04
89 21 0.04
95 21 0.04
97 21 0.04
108 21 0.04
111 21 0.04
121 21 0.04
135 21 0.04
144 21 0.04
152 21 0.04
153 21 0.04
164 21 0.04
165 21 0.04
167 21 0.04
3 22 0.047619
10 22 0.047619
19 22 0.047619
24 22 0.047619
27 22 0.047619
33 22 0.047619
50 22 0.047619
52 22 0.047619
58 22 0.047619
67 22 0.047619
78 22 0.047619
82 22 0.047619
87 22 0.047619
89 22 0.047619
92 22 0.047619
114 22 0.047619
121 22 0.047619
134 22 0.047619
140 22 0.047619
153 22 0.047619
171 22 0.047619
3 26 0.033333
10 26 0.033333
11 26 0.033333
13 26 0.033333
19 26 0.033333
33 26 0.033333
50 26 0.033333
52 26 0.033333
53 26 0.033333
68 26 0.033333
73 26 0.033333
76 26 0.033333
81 26 0.033333
87 26 0.033333
104 26 0.033333
113 26 0.033333
130 26 0.033333
131 26 0.033333
133 26 0.033333
136 26 0.033333
139 26 0.033333
142 26 0.033333
145 26 0.033333
146 26 0.033333
147 26 0.033333
154 26 0.033333
156 26 0.033333
162 26 0.033333
165 26 0.033333
168 26 0.033333
3 35 0.034483
7 35 0.034483
12 35 0.034483
27 35 0.034483
38 35 0.034483
42 35 0.034483
44 35 0.034483
48 35 0.034483
49 35 0.034483
53 35 0.034483
56 35 0.034483
58 35 0.034483
67 35 0.034483
68 35 0.034483
98 35 0.034483
100 35 0.034483
104 35 0.034483
105 35 0.034483
113 35 0.034483
130 35 0.034483
136 35 0.034483
142 35 0.034483
145 35 0.034483
149 35 0.034483
160 35 0.034483
161 35 0.034483
163 35 0.034483
167 35 0.034483
169 35 0.034483
3 48 0.037037
10 48 0.037037
16 48 0.037037
20 48 0.037037
21 48 0.037037
23 48 0.037037
24 48 0.037037
29 48 0.037037
32 48 0.037037
35 48 0.037037
39 48 0.037037
40 48 0.037037
50 48 0.037037
56 48 0.037037
67 48 0.037037
68 48 0.037037
79 48 0.037037
81 48 0.037037
85 48 0.037037
108 48 0.037037
123 48 0.037037
145 48 0.037037
155 48 0.037037
161 48 0.037037
165 48 0.037037
169 48 0.037037
170 48 0.037037
3 49 0.038462
8 49 0.038462
25 49 0.038462
34 49 0.038462
35 49 0.038462
42 49 0.038462
45 49 0.038462
53 49 0.038462
54 49 0.038462
63 49 0.038462
70 49 0.038462
91 49 0.038462
93 49 0.038462
103 49 0.038462
107 49 0.038462
108 49 0.038462
111 49 0.038462
112 49 0.038462
114 49 0.038462
118 49 0.038462
123 49 0.038462
125 49 0.038462
129 49 0.038462
147 49 0.038462
162 49 0.038462
170 49 0.038462
3 50 0.043478
6 50 0.043478
22 50 0.043478
25 50 0.043478
26 50 0.043478
30 50 0.043478
46 50 0.043478
48 50 0.043478
52 50 0.043478
56 50 0.043478
57 50 0.043478
59 50 0.043478
62 50 0.043478
64 50 0.043478
80 50 0.043478
102 50 0.043478
107 50 0.043478
110 50 0.043478
135 50 0.043478
144 50 0.043478
145 50 0.043478
152 50 0.043478
159 50 0.043478
3 64 0.033333
4 64 0.033333
6 64 0.033333
9 64 0.033333
14 64 0.033333
17 64 0.033333
23 64 0.033333
24 64 0.033333
25 64 0.033333
27 64 0.033333
50 64 0.033333
60 64 0.033333
65 64 0.033333
73 64 0.033333
81 64 0.033333
90 64 0.033333
100 64 0.033333
117 64 0.033333
119 64 0.033333
131 64 0.033333
138 64 0.033333
144 64 0.033333
152 64 0.033333
155 64 0.033333
162 64 0.033333
163 64 0.033333
166 64 0.033333
171 64 0.033333
172 64 0.033333
174 64 0.033333
3 73 0.032258
8 73 0.032258
17 73 0.032258
20 73 0.032258
26 73 0.032258
42 73 0.032258
46 73 0.032258
51 73 0.032258
54 73 0.032258
63 73 0.032258
64 73 0.032258
81 73 0.032258
82 73 0.032258
84 73 0.032258
98 73 0.032258
100 73 0.032258
103 73 0.032258
105 73 0.032258
107 73 0.032258
109 73 0.032258
119 73 0.032258
121 73 0.032258
122 73 0.032258
126 73 0.032258
131 73 0.032258
141 73 0.032258
146 73 0.032258
156 73 0.032258
160 73 0.032258
169 73 0.032258
171 73 0.032258
3 93 0.030303
16 93 0.030303
17 93 0.030303
28 93 0.030303
38 93 0.030303
40 93 0.030303
41 93 0.030303
43 93 0.030303
46 93 0.030303
49 93 0.030303
79 93 0.030303
83 93 0.030303
85 93 0.030303
88 93 0.030303
96 93 0.030303
101 93 0.030303
106 93 0.030303
115 93 0.030303
118 93 0.030303
122 93 0.030303
126 93 0.030303
129 93 0.030303
135 93 0.030303
138 93 0.030303
142 93 0.030303
147 93 0.030303
154 93 0.030303
157 93 0.030303
159 93 0.030303
164 93 0.030303
167 93 0.030303
169 93 0.030303
173 93 0.030303
3 122 0.0625
5 122 0.0625
15 122 0.0625
24 122 0.0625
27 122 0.0625
54 122 0.0625
69 122 0.0625
73 122 0.0625
74 122 0.0625
93 122 0.0625
102 122 0.0625
105 122 0.0625
106 122 0.0625
132 122 0.0625
138 122 0.0625
168 122 0.0625
3 124 0.034483
7 124 0.034483
10 124 0.034483
11 124 0.034483
13 124 0.034483
15 124 0.034483
16 124 0.034483
28 124 0.034483
33 124 0.034483
47 124 0.034483
52 124 0.034483
66 124 0.034483
67 124 0.034483
74 124 0.034483
86 124 0.034483
92 124 0.034483
96 124 0.034483
104 124 0.034483
106 124 0.034483
107 124 0.034483
112 124 0.034483
121 124 0.034483
125 124 0.034483
132 124 0.034483
140 124 0.034483
141 124 0.034483
150 124 0.034483
161 124 0.034483
174 124 0.034483
3 132 0.034483
7 132 0.034483
10 132 0.034483
11 132 0.034483
14 132 0.034483
30 132 0.034483
37 132 0.034483
46 132 0.034483
59 132 0.034483
60 132 0.034483
78 132 0.034483
80 132 0.034483
86 132 0.034483
89 132 0.034483
91 132 0.034483
109 132 0.034483
121 132 0.034483
122 132 0.034483
124 132 0.034483
130 132 0.034483
131 132 0.034483
143 132 0.034483
147 132 0.034483
148 132 0.034483
164 132 0.034483
167 132 0.034483
168 132 0.034483
169 132 0.034483
172 132 0.034483
3 133 0.052632
17 133 0.052632
19 133 0.052632
26 133 0.052632
30 133 0.052632
38 133 0.052632
65 133 0.052632
71 133 0.052632
86 133 0.052632
97 133 0.052632
100 133 0.052632
103 133 0.052632
110 133 0.052632
114 133 0.052632
120 133 0.052632
138 133 0.052632
148 133 0.052632
162 133 0.052632
165 133 0.052632
3 136 0.037037
5 136 0.037037
14 136 0.037037
17 136 0.037037
26 136 0.037037
35 136 0.037037
36 136 0.037037
38 136 0.037037
42 136 0.037037
52 136 0.037037
70 136 0.037037
74 136 0.037037
84 136 0.037037
87 136 0.037037
89 136 0.037037
90 136 0.037037
92 136 0.037037
104 136 0.037037
117 136 0.037037
123 136 0.037037
125 136 0.037037
127 136 0.037037
128 136 0.037037
134 136 0.037037
158 136 0.037037
169 136 0.037037
174 136 0.037037
3 143 0.045455
4 143 0.045455
5 143 0.045455
15 143 0.045455
16 143 0.045455
24 143 0.045455
29 143 0.045455
45 143 0.045455
53 143 0.045455
58 143 0.045455
71 143 0.045455
72 143 0.045455
90 143 0.045455
98 143 0.045455
105 143 0.045455
114 143 0.045455
116 143 0.045455
125 143 0.045455
129 143 0.045455
132 143 0.045455
147 143 0.045455
149 143 0.045455
3 147 0.034483
8 147 0.034483
26 147 0.034483
27 147 0.034483
30 147 0.034483
31 147 0.034483
37 147 0.034483
39 147 0.034483
43 147 0.034483
49 147 0.034483
59 147 0.034483
71 147 0.034483
74 147 0.034483
82 147 0.034483
86 147 0.034483
88 147 0.034483
93 147 0.034483
105 147 0.034483
117 147 0.034483
119 147 0.034483
120 147 0.034483
132 147 0.034483
135 147 0.034483
138 147 0.034483
139 147 0.034483
143 147 0.034483
146 147 0.034483
158 147 0.034483
162 147 0.034483
3 157 0.032258
10 157 0.032258
20 157 0.032258
23 157 0.032258
33 157 0.032258
39 157 0.032258
43 157 0.032258
70 157 0.032258
78 157 0.032258
84 157 0.032258
85 157 0.032258
87 157 0.032258
89 157 0.032258
91 157 0.032258
93 157 0.032258
108 157 0.032258
114 157 0.032258
115 157 0.032258
116 157 0.032258
117 157 0.032258
126 157 0.032258
131 157 0.032258
142 157 0.032258
152 157 0.032258
158 157 0.032258
164 157 0.032258
165 157 0.032258
167 157 0.032258
168 157 0.032258
171 157 0.032258
173 157 0.032258
3 163 0.041667
10 163 0.041667
13 163 0.041667
35 163 0.041667
39 163 0.041667
55 163 0.041667
57 163 0.041667
64 163 0.041667
66 163 0.041667
70 163 0.041667
71 163 0.041667
80 163 0.041667
84 163 0.041667
90 163 0.041667
94 163 0.041667
96 163 0.041667
105 163 0.041667
121 163 0.041667
126 163 0.041667
131 163 0.041667
138 163 0.041667
140 163 0.041667
173 163 0.041667
174 163 0.041667
3 167 0.041667
8 167 0.041667
17 167 0.041667
21 167 0.041667
24 167 0.041667
34 167 0.041667
35 167 0.041667
51 167 0.041667
65 167 0.041667
66 167 0.041667
92 167 0.041667
93 167 0.041667
107 167 0.041667
116 167 0.041667
118 167 0.041667
128 167 0.041667
130 167 0.041667
132 167 0.041667
135 167 0.041667
138 167 0.041667
151 167 0.041667
152 167 0.041667
156 167 0.041667
157 167 0.041667
4 18 0.04
7 18 0.04
10 18 0.04
13 18 0.04
19 18 0.04
20 18 0.04
21 18 0.04
25 18 0.04
37 18 0.04
45 18 0.04
61 18 0.04
65 18 0.04
66 18 0.04
102 18 0.04
109 18 0.04
110 18 0.04
112 18 0.04
114 18 0.04
119 18 0.04
121 18 0.04
135 18 0.04
138 18 0.04
158 18 0.04
162 18 0.04
171 18 0.04
4 25 0.045455
5 25 0.045455
16 25 0.045455
17 25 0.045455
18 25 0.045455
23 25 0.045455
39 25 0.045455
49 25 0.045455
50 25 0.045455
56 25 0.045455
64 25 0.045455
69 25 0.045455
80 25 0.045455
88 25 0.045455
89 25 0.045455
94 25 0.045455
111 25 0.045455
118 25 0.045455
131 25 0.045455
142 25 0.045455
148 25 0.045455
154 25 0.045455
4 27 0.041667
5 27 0.041667
11 27 0.041667
16 27 0.041667
22 27 0.041667
35 27 0.041667
52 27 0.041667
55 27 0.041667
64 27 0.041667
66 27 0.041667
74 27 0.041667
79 27 0.041667
90 27 0.041667
97 27 0.041667
99 27 0.041667
101 27 0.041667
109 27 0.041667
113 27 0.041667
122 27 0.041667
130 27 0.041667
145 27 0.041667
147 27 0.041667
161 27 0.041667
168 27 0.041667
4 39 0.035714
12 39 0.035714
25 39 0.035714
36 39 0.035714
41 39 0.035714
48 39 0.035714
52 39 0.035714
56 39 0.035714
59 39 0.035714
61 39 0.035714
68 39 0.035714
70 39 0.035714
88 39 0.035714
97 39 0.035714
106 39 0.035714
108 39 0.035714
111 39 0.035714
112 39 0.035714
113 39 0.035714
120 39 0.035714
134 39 0.035714
147 39 0.035714
152 39 0.035714
156 39 0.035714
157 39 0.035714
160 39 0.035714
163 39 0.035714
170 39 0.035714
4 57 0.041667
5 57 0.041667
7 57 0.041667
14 57 0.041667
15 57 0.041667
17 57 0.041667
24 57 0.041667
28 57 0.041667
50 57 0.041667
58 57 0.041667
67 57 0.041667
76 57 0.041667
94 57 0.041667
101 57 0.041667
121 57 0.041667
125 57 0.041667
129 57 0.041667
131 57 0.041667
141 57 0.041667
149 57 0.041667
156 57 0.041667
162 57 0.041667
163 57 0.041667
169 57 0.041667
4 63 0.04
14 63 0.04
34 63 0.04
37 63 0.04
41 63 0.04
46 63 0.04
49 63 0.04
52 63 0.04
53 63 0.04
59 63 0.04
67 63 0.04
73 63 0.04
88 63 0.04
90 63 0.04
102 63 0.04
105 63 0.04
106 63 0.04
111 63 0.04
116 63 0.04
125 63 0.04
127 63 0.04
130 63 0.04
134 63 0.04
158 63 0.04
159 63 0.04
4 74 0.035714
12 74 0.035714
15 74 0.035714
23 74 0.035714
27 74 0.035714
31 74 0.035714
45 74 0.035714
46 74 0.035714
56 74 0.035714
60 74 0.035714
66 74 0.035714
78 74 0.035714
86 74 0.035714
89 74 0.035714
102 74 0.035714
103 74 0.035714
116 74 0.035714
122 74 0.035714
124 74 0.035714
126 74 0.035714
127 74 0.035714
130 74 0.035714
136 74 0.035714
141 74 0.035714
147 74 0.035714
152 74 0.035714
166 74 0.035714
170 74 0.035714
4 75 0.043478
15 75 0.043478
23 75 0.043478
30 75 0.043478
51 75 0.043478
69 75 0.043478
71 75 0.043478
79 75 0.043478
87 75 0.043478
88 75 0.043478
102 75 0.043478
108 75 0.043478
111 75 0.043478
114 75 0.043478
116 75 0.043478
123 75 0.043478
125 75 0.043478
126 75 0.043478
148 75 0.043478
159 75 0.043478
160 75 0.043478
161 75 0.043478
169 75 0.043478
4 84 0.037037
12 84 0.037037
24 84 0.037037
28 84 0.037037
31 84 0.037037
32 84 0.037037
36 84 0.037037
37 84 0.037037
54 84 0.037037
66 84 0.037037
73 84 0.037037
79 84 0.037037
80 84 0.037037
98 84 0.037037
102 84 0.037037
104 84 0.037037
106 84 0.037037
116 84 0.037037
117 84 0.037037
125 84 0.037037
136 84 0.037037
141 84 0.037037
156 84 0.037037
157 84 0.037037
160 84 0.037037
163 84 0.037037
164 84 0.037037
4 98 0.066667
15 98 0.066667
29 98 0.066667
35 98 0.066667
43 98 0.066667
62 98 0.066667
72 98 0.066667
73 98 0.066667
84 98 0.066667
92 98 0.066667
99 98 0.066667
102 98 0.066667
110 98 0.066667
143 98 0.066667
151 98 0.066667
4 106 0.043478
7 106 0.043478
28 106 0.043478
31 106 0.043478
39 106 0.043478
41 106 0.043478
47 106 0.043478
53 106 0.043478
59 106 0.043478
63 106 0.043478
84 106 0.043478
87 106 0.043478
92 106 0.043478
93 106 0.043478
95 106 0.043478
122 106 0.043478
124 106 0.043478
125 106 0.043478
129 106 0.043478
144 106 0.043478
159 106 0.043478
161 106 0.043478
172 106 0.043478
4 127 0.04
7 127 0.04
10 127 0.04
13 127 0.04
32 127 0.04
36 127 0.04
46 127 0.04
47 127 0.04
56 127 0.04
63 127 0.04
74 127 0.04
77 127 0.04
92 127 0.04
109 127 0.04
110 127 0.04
118 127 0.04
128 127 0.04
134 127 0.04
135 127 0.04
136 127 0.04
149 127 0.04
151 127 0.04
154 127 0.04
155 127 0.04
159 127 0.04
4 142 0.033333
13 142 0.033333
16 142 0.033333
23 142 0.033333
25 142 0.033333
26 142 0.033333
29 142 0.033333
32 142 0.033333
35 142 0.033333
36 142 0.033333
77 142 0.033333
78 142 0.033333
87 142 0.033333
90 142 0.033333
93 142 0.033333
94 142 0.033333
101 142 0.033333
105 142 0.033333
108 142 0.033333
109 142 0.033333
116 142 0.033333
118 142 0.033333
125 142 0.033333
129 142 0.033333
141 142 0.033333
150 142 0.033333
153 142 0.033333
156 142 0.033333
157 142 0.033333
170 142 0.033333
4 156 0.037037
26 156 0.037037
39 156 0.037037
45 156 0.037037
57 156 0.037037
69 156 0.037037
71 156 0.037037
73 156 0.037037
77 156 0.037037
79 156 0.037037
84 156 0.037037
90 156 0.037037
92 156 0.037037
100 156 0.037037
101 156 0.037037
102 156 0.037037
103 156 0.037037
131 156 0.037037
135 156 0.037037
137 156 0.037037
140 156 0.037037
142 156 0.037037
152 156 0.037037
154 156 0.037037
158 156 0.037037
159 156 0.037037
167 156 0.037037
4 168 0.045455
6 168 0.045455
7 168 0.045455
16 168 0.045455
20 168 0.045455
26 168 0.045455
27 168 0.045455
30 168 0.045455
31 168 0.045455
56 168 0.045455
105 168 0.045455
109 168 0.045455
111 168 0.045455
119 168 0.045455
122 168 0.045455
123 168 0.045455
132 168 0.045455
135 168 0.045455
137 168 0.045455
157 168 0.045455
159 168 0.045455
164 168 0.045455
5 10 0.04
18 10 0.04
22 10 0.04
26 10 0.04
41 10 0.04
48 10 0.04
51 10 0.04
58 10 0.04
69 10 0.04
80 10 0.04
96 10 0.04
102 10 0.04
114 10 0.04
124 10 0.04
127 10 0.04
129 10 0.04
130 10 0.04
131 10 0.04
132 10 0.04
138 10 0.04
146 10 0.04
157 10 0.04
163 10 0.04
172 10 0.04
174 10 0.04
5 17 0.038462
6 17 0.038462
7 17 0.038462
13 17 0.038462
23 17 0.038462
25 17 0.038462
42 17 0.038462
52 17 0.038462
57 17 0.038462
60 17 0.038462
64 17 0.038462
71 17 0.038462
72 17 0.038462
73 17 0.038462
81 17 0.038462
93 17 0.038462
107 17 0.038462
112 17 0.038462
133 17 0.038462
136 17 0.038462
152 17 0.038462
159 17 0.038462
160 17 0.038462
167 17 0.038462
169 17 0.038462
173 17 0.038462
5 68 0.043478
7 68 0.043478
23 68 0.043478
26 68 0.043478
29 68 0.043478
33 68 0.043478
35 68 0.043478
39 68 0.043478
48 68 0.043478
58 68 0.043478
61 68 0.043478
72 68 0.043478
79 68 0.043478
101 68 0.043478
104 68 0.043478
105 68 0.043478
141 68 0.043478
149 68 0.043478
155 68 0.043478
159 68 0.043478
165 68 0.043478
170 68 0.043478
174 68 0.043478
5 81 0.045455
6 81 0.045455
17 81 0.045455
26 81 0.045455
37 81 0.045455
43 81 0.045455
47 81 0.045455
48 81 0.045455
62 81 0.045455
64 81 0.045455
73 81 0.045455
77 81 0.045455
79 81 0.045455
105 81 0.045455
111 81 0.045455
116 81 0.045455
117 81 0.045455
141 81 0.045455
145 81 0.045455
146 81 0.045455
171 81 0.045455
174 81 0.045455
5 87 0.037037
11 87 0.037037
22 87 0.037037
26 87 0.037037
28 87 0.037037
46 87 0.037037
56 87 0.037037
66 87 0.037037
67 87 0.037037
70 87 0.037037
75 87 0.037037
83 87 0.037037
89 87 0.037037
99 87 0.037037
103 87 0.037037
104 87 0.037037
106 87 0.037037
111 87 0.037037
112 87 0.037037
136 87 0.037037
138 87 0.037037
142 87 0.037037
154 87 0.037037
157 87 0.037037
164 87 0.037037
171 87 0.037037
174 87 0.037037
5 113 0.037037
9 113 0.037037
14 113 0.037037
20 113 0.037037
26 113 0.037037
27 113 0.037037
30 113 0.037037
34 113 0.037037
35 113 0.037037
39 113 0.037037
40 113 0.037037
61 113 0.037037
65 113 0.037037
71 113 0.037037
72 113 0.037037
83 113 0.037037
85 113 0.037037
86 113 0.037037
89 113 0.037037
92 113 0.037037
95 113 0.037037
100 113 0.037037
130 113 0.037037
146 113 0.037037
153 113 0.037037
158 113 0.037037
174 113 0.037037
5 154 0.03125
23 154 0.03125
25 154 0.03125
26 154 0.03125
29 154 0.03125
33 154 0.03125
36 154 0.03125
38 154 0.03125
43 154 0.03125
47 154 0.03125
59 154 0.03125
60 154 0.03125
78 154 0.03125
87 154 0.03125
93 154 0.03125
99 154 0.03125
101 154 0.03125
107 154 0.03125
109 154 0.03125
110 154 0.03125
117 154 0.03125
119 154 0.03125
123 154 0.03125
125 154 0.03125
127 154 0.03125
144 154 0.03125
145 154 0.03125
146 154 0.03125
151 154 0.03125
156 154 0.03125
162 154 0.03125
169 154 0.03125
5 172 0.038462
10 172 0.038462
14 172 0.038462
15 172 0.038462
16 172 0.038462
24 172 0.038462
51 172 0.038462
59 172 0.038462
64 172 0.038462
71 172 0.038462
78 172 0.038462
95 172 0.038462
96 172 0.038462
99 172 0.038462
101 172 0.038462
105 172 0.038462
106 172 0.038462
118 172 0.038462
123 172 0.038462
132 172 0.038462
138 172 0.038462
153 172 0.038462
159 172 0.038462
170 172 0.038462
171 172 0.038462
174 172 0.038462
6 31 0.033333
9 31 0.033333
19 31 0.033333
33 31 0.033333
34 31 0.033333
38 31 0.033333
44 31 0.033333
45 31 0.033333
52 31 0.033333
56 31 0.033333
65 31 0.033333
74 31 0.033333
84 31 0.033333
90 31 0.033333
91 31 0.033333
92 31 0.033333
101 31 0.033333
106 31 0.033333
107 31 0.033333
110 31 0.033333
111 31 0.033333
114 31 0.033333
115 31 0.033333
129 31 0.033333
139 31 0.033333
146 31 0.033333
147 31 0.033333
151 31 0.033333
159 31 0.033333
168 31 0.033333
6 32 0.037037
11 32 0.037037
13 32 0.037037
20 32 0.037037
33 32 0.037037
34 32 0.037037
40 32 0.037037
48 32 0.037037
51 32 0.037037
53 32 0.037037
69 32 0.037037
76 32 0.037037
84 32 0.037037
88 32 0.037037
95 32 0.037037
97 32 0.037037
104 32 0.037037
115 32 0.037037
119 32 0.037037
127 32 0.037037
129 32 0.037037
131 32 0.037037
140 32 0.037037
142 32 0.037037
159 32 0.037037
173 32 0.037037
174 32 0.037037
6 37 0.05
18 37 0.05
29 37 0.05
38 37 0.05
45 37 0.05
51 37 0.05
56 37 0.05
61 37 0.05
63 37 0.05
66 37 0.05
72 37 0.05
81 37 0.05
84 37 0.05
85 37 0.05
109 37 0.05
117 37 0.05
130 37 0.05
132 37 0.05
147 37 0.05
159 37 0.05
6 82 0.035714
7 82 0.035714
22 82 0.035714
23 82 0.035714
44 82 0.035714
52 82 0.035714
61 82 0.035714
66 82 0.035714
73 82 0.035714
77 82 0.035714
80 82 0.035714
89 82 0.035714
90 82 0.035714
95 82 0.035714
97 82 0.035714
99 82 0.035714
102 82 0.035714
105 82 0.035714
111 82 0.035714
114 82 0.035714
126 82 0.035714
128 82 0.035714
137 82 0.035714
138 82 0.035714
146 82 0.035714
147 82 0.035714
155 82 0.035714
159 82 0.035714
6 85 0.04
14 85 0.04
24 85 0.04
37 85 0.04
48 85 0.04
53 85 0.04
54 85 0.04
60 85 0.04
71 85 0.04
77 85 0.04
80 85 0.04
83 85 0.04
92 85 0.04
93 85 0.04
110 85 0.04
113 85 0.04
120 85 0.04
128 85 0.04
131 85 0.04
139 85 0.04
146 85 0.04
151 85 0.04
157 85 0.04
165 85 0.04
171 85 0.04
6 99 0.035714
8 99 0.035714
9 99 0.035714
11 99 0.035714
27 99 0.035714
29 99 0.035714
44 99 0.035714
45 99 0.035714
52 99 0.035714
70 99 0.035714
72 99 0.035714
80 99 0.035714
82 99 0.035714
87 99 0.035714
89 99 0.035714
92 99 0.035714
98 99 0.035714
117 99 0.035714
149 99 0.035714
152 99 0.035714
154 99 0.035714
155 99 0.035714
161 99 0.035714
164 99 0.035714
165 99 0.035714
169 99 0.035714
170 99 0.035714
172 99 0.035714
6 115 0.041667
8 115 0.041667
24 115 0.041667
28 115 0.041667
31 115 0.041667
32 115 0.041667
34 115 0.041667
54 115 0.041667
58 115 0.041667
59 115 0.041667
71 115 0.041667
76 115 0.041667
79 115 0.041667
91 115 0.041667
93 115 0.041667
103 115 0.041667
105 115 0.041667
114 115 0.041667
118 115 0.041667
141 115 0.041667
148 115 0.041667
157 115 0.041667
160 115 0.041667
174 115 0.041667
6 117 0.032258
16 117 0.032258
33 117 0.032258
37 117 0.032258
44 117 0.032258
51 117 0.032258
53 117 0.032258
64 117 0.032258
81 117 0.032258
84 117 0.032258
89 117 0.032258
95 117 0.032258
99 117 0.032258
105 117 0.032258
110 117 0.032258
119 117 0.032258
123 117 0.032258
131 117 0.032258
134 117 0.032258
136 117 0.032258
140 117 0.032258
141 117 0.032258
147 117 0.032258
148 117 0.032258
149 117 0.032258
152 117 0.032258
154 117 0.032258
157 117 0.032258
162 117 0.032258
169 117 0.032258
174 117 0.032258
6 166 0.045455
23 166 0.045455
44 166 0.045455
52 166 0.045455
64 166 0.045455
74 166 0.045455
76 166 0.045455
78 166 0.045455
79 166 0.045455
86 166 0.045455
91 166 0.045455
92 166 0.045455
104 166 0.045455
119 166 0.045455
130 166 0.045455
131 166 0.045455
137 166 0.045455
150 166 0.045455
155 166 0.045455
164 166 0.045455
173 166 0.045455
174 166 0.045455
7 46 0.043478
24 46 0.043478
50 46 0.043478
58 46 0.043478
63 46 0.043478
70 46 0.043478
73 46 0.043478
74 46 0.043478
83 46 0.043478
87 46 0.043478
89 46 0.043478
93 46 0.043478
95 46 0.043478
127 46 0.043478
129 46 0.043478
132 46 0.043478
134 46 0.043478
135 46 0.043478
148 46 0.043478
150 46 0.043478
151 46 0.043478
158 46 0.043478
174 46 0.043478
7 52 0.032258
17 52 0.032258
19 52 0.032258
21 52 0.032258
22 52 0.032258
26 52 0.032258
27 52 0.032258
28 52 0.032258
31 52 0.032258
33 52 0.032258
39 52 0.032258
42 52 0.032258
50 52 0.032258
51 52 0.032258
54 52 0.032258
63 52 0.032258
78 52 0.032258
80 52 0.032258
82 52 0.032258
88 52 0.032258
91 52 0.032258
92 52 0.032258
99 52 0.032258
105 52 0.032258
107 52 0.032258
124 52 0.032258
131 52 0.032258
136 52 0.032258
144 52 0.032258
150 52 0.032258
166 52 0.032258
7 108 0.041667
15 108 0.041667
19 108 0.041667
21 108 0.041667
30 108 0.041667
39 108 0.041667
45 108 0.041667
48 108 0.041667
49 108 0.041667
70 108 0.041667
72 108 0.041667
75 108 0.041667
97 108 0.041667
111 108 0.041667
119 108 0.041667
138 108 0.041667
139 108 0.041667
142 108 0.041667
152 108 0.041667
157 108 0.041667
158 108 0.041667
170 108 0.041667
171 108 0.041667
173 108 0.041667
7 112 0.041667
17 112 0.041667
18 112 0.041667
30 112 0.041667
39 112 0.041667
40 112 0.041667
42 112 0.041667
44 112 0.041667
49 112 0.041667
62 112 0.041667
72 112 0.041667
87 112 0.041667
89 112 0.041667
91 112 0.041667
94 112 0.041667
102 112 0.041667
107 112 0.041667
111 112 0.041667
123 112 0.041667
124 112 0.041667
139 112 0.041667
162 112 0.041667
165 112 0.041667
174 112 0.041667
7 129 0.045455
10 129 0.045455
31 129 0.045455
32 129 0.045455
43 129 0.045455
44 129 0.045455
45 129 0.045455
46 129 0.045455
49 129 0.045455
57 129 0.045455
65 129 0.045455
93 129 0.045455
94 129 0.045455
106 129 0.045455
126 129 0.045455
137 129 0.045455
142 129 0.045455
143 129 0.045455
153 129 0.045455
160 129 0.045455
162 129 0.045455
165 129 0.045455
7 135 0.047619
18 135 0.047619
21 135 0.047619
23 135 0.047619
33 135 0.047619
45 135 0.047619
46 135 0.047619
50 135 0.047619
61 135 0.047619
93 135 0.047619
101 135 0.047619
126 135 0.047619
127 135 0.047619
134 135 0.047619
147 135 0.047619
151 135 0.047619
156 135 0.047619
159 135 0.047619
167 135 0.047619
168 135 0.047619
170 135 0.047619
7 162 0.032258
12 162 0.032258
14 162 0.032258
16 162 0.032258
18 162 0.032258
24 162 0.032258
26 162 0.032258
49 162 0.032258
53 162 0.032258
57 162 0.032258
62 162 0.032258
64 162 0.032258
89 162 0.032258
92 162 0.032258
95 162 0.032258
102 162 0.032258
110 162 0.032258
111 162 0.032258
112 162 0.032258
117 162 0.032258
129 162 0.032258
133 162 0.032258
138 162 0.032258
140 162 0.032258
141 162 0.032258
144 162 0.032258
147 162 0.032258
153 162 0.032258
154 162 0.032258
161 162 0.032258
171 162 0.032258
8 14 0.035714
9 14 0.035714
24 14 0.035714
30 14 0.035714
34 14 0.035714
44 14 0.035714
54 14 0.035714
57 14 0.035714
58 14 0.035714
62 14 0.035714
63 14 0.035714
64 14 0.035714
70 14 0.035714
85 14 0.035714
113 14 0.035714
120 14 0.035714
130 14 0.035714
132 14 0.035714
136 14 0.035714
140 14 0.035714
141 14 0.035714
144 14 0.035714
145 14 0.035714
146 14 0.035714
155 14 0.035714
162 14 0.035714
172 14 0.035714
173 14 0.035714
8 66 0.05
18 66 0.05
27 66 0.05
37 66 0.05
41 66 0.05
67 66 0.05
74 66 0.05
82 66 0.05
84 66 0.05
87 66 0.05
94 66 0.05
100 66 0.05
110 66 0.05
111 66 0.05
124 66 0.05
130 66 0.05
134 66 0.05
144 66 0.05
163 66 0.05
167 66 0.05
8 111 0.027027
20 111 0.027027
21 111 0.027027
23 111 0.027027
25 111 0.027027
31 111 0.027027
33 111 0.027027
34 111 0.027027
39 111 0.027027
49 111 0.027027
59 111 0.027027
63 111 0.027027
66 111 0.027027
69 111 0.027027
71 111 0.027027
75 111 0.027027
79 111 0.027027
81 111 0.027027
82 111 0.027027
83 111 0.027027
86 111 0.027027
87 111 0.027027
90 111 0.027027
101 111 0.027027
105 111 0.027027
108 111 0.027027
112 111 0.027027
116 111 0.027027
126 111 0.027027
131 111 0.027027
146 111 0.027027
151 111 0.027027
155 111 0.027027
162 111 0.027027
168 111 0.027027
169 111 0.027027
171 111 0.027027
8 116 0.038462
13 116 0.038462
34 116 0.038462
40 116 0.038462
55 116 0.038462
63 116 0.038462
67 116 0.038462
71 116 0.038462
74 116 0.038462
75 116 0.038462
81 116 0.038462
84 116 0.038462
95 116 0.038462
105 116 0.038462
111 116 0.038462
118 116 0.038462
121 116 0.038462
142 116 0.038462
143 116 0.038462
146 116 0.038462
149 116 0.038462
157 116 0.038462
158 116 0.038462
165 116 0.038462
167 116 0.038462
169 116 0.038462
8 118 0.038462
9 118 0.038462
16 118 0.038462
25 118 0.038462
33 118 0.038462
36 118 0.038462
38 118 0.038462
49 118 0.038462
53 118 0.038462
61 118 0.038462
62 118 0.038462
91 118 0.038462
92 118 0.038462
93 118 0.038462
100 118 0.038462
109 118 0.038462
115 118 0.038462
116 118 0.038462
127 118 0.038462
140 118 0.038462
142 118 0.038462
159 118 0.038462
165 118 0.038462
167 118 0.038462
172 118 0.038462
174 118 0.038462
8 134 0.032258
19 134 0.032258
20 134 0.032258
22 134 0.032258
23 134 0.032258
38 134 0.032258
39 134 0.032258
41 134 0.032258
44 134 0.032258
46 134 0.032258
63 134 0.032258
65 134 0.032258
66 134 0.032258
79 134 0.032258
94 134 0.032258
95 134 0.032258
97 134 0.032258
100 134 0.032258
105 134 0.032258
110 134 0.032258
117 134 0.032258
125 134 0.032258
127 134 0.032258
135 134 0.032258
136 134 0.032258
145 134 0.032258
146 134 0.032258
155 134 0.032258
158 134 0.032258
160 134 0.032258
171 134 0.032258
8 144 0.047619
14 144 0.047619
16 144 0.047619
21 144 0.047619
33 144 0.047619
50 144 0.047619
52 144 0.047619
53 144 0.047619
64 144 0.047619
66 144 0.047619
71 144 0.047619
86 144 0.047619
91 144 0.047619
103 144 0.047619
105 144 0.047619
106 144 0.047619
120 144 0.047619
154 144 0.047619
162 144 0.047619
165 144 0.047619
170 144 0.047619
8 155 0.037037
14 155 0.037037
36 155 0.037037
42 155 0.037037
43 155 0.037037
48 155 0.037037
64 155 0.037037
68 155 0.037037
70 155 0.037037
82 155 0.037037
90 155 0.037037
95 155 0.037037
97 155 0.037037
99 155 0.037037
100 155 0.037037
111 155 0.037037
125 155 0.037037
127 155 0.037037
134 155 0.037037
146 155 0.037037
148 155 0.037037
150 155 0.037037
159 155 0.037037
164 155 0.037037
166 155 0.037037
173 155 0.037037
174 155 0.037037
9 19 0.037037
15 19 0.037037
18 19 0.037037
21 19 0.037037
22 19 0.037037
26 19 0.037037
31 19 0.037037
33 19 0.037037
36 19 0.037037
40 19 0.037037
52 19 0.037037
54 19 0.037037
61 19 0.037037
78 19 0.037037
89 19 0.037037
96 19 0.037037
97 19 0.037037
108 19 0.037037
119 19 0.037037
125 19 0.037037
128 19 0.037037
133 19 0.037037
134 19 0.037037
148 19 0.037037
151 19 0.037037
159 19 0.037037
161 19 0.037037
9 42 0.038462
12 42 0.038462
17 42 0.038462
24 42 0.038462
35 42 0.038462
36 42 0.038462
47 42 0.038462
49 42 0.038462
52 42 0.038462
54 42 0.038462
60 42 0.038462
61 42 0.038462
69 42 0.038462
73 42 0.038462
90 42 0.038462
96 42 0.038462
112 42 0.038462
119 42 0.038462
126 42 0.038462
136 42 0.038462
139 42 0.038462
149 42 0.038462
152 42 0.038462
155 42 0.038462
158 42 0.038462
170 42 0.038462
9 44 0.043478
14 44 0.043478
20 44 0.043478
31 44 0.043478
34 44 0.043478
35 44 0.043478
43 44 0.043478
51 44 0.043478
71 44 0.043478
80 44 0.043478
82 44 0.043478
97 44 0.043478
99 44 0.043478
102 44 0.043478
107 44 0.043478
112 44 0.043478
117 44 0.043478
129 44 0.043478
134 44 0.043478
138 44 0.043478
139 44 0.043478
160 44 0.043478
166 44 0.043478
9 61 0.037037
13 61 0.037037
18 61 0.037037
19 61 0.037037
20 61 0.037037
24 61 0.037037
28 61 0.037037
34 61 0.037037
37 61 0.037037
39 61 0.037037
40 61 0.037037
42 61 0.037037
62 61 0.037037
65 61 0.037037
67 61 0.037037
68 61 0.037037
82 61 0.037037
107 61 0.037037
113 61 0.037037
118 61 0.037037
119 61 0.037037
135 61 0.037037
137 61 0.037037
141 61 0.037037
170 61 0.037037
173 61 0.037037
174 61 0.037037
9 62 0.03125
13 62 0.03125
14 62 0.03125
24 62 0.03125
28 62 0.03125
45 62 0.03125
50 62 0.03125
61 62 0.03125
79 62 0.03125
81 62 0.03125
89 62 0.03125
90 62 0.03125
91 62 0.03125
95 62 0.03125
96 62 0.03125
97 62 0.03125
98 62 0.03125
102 62 0.03125
104 62 0.03125
112 62 0.03125
118 62 0.03125
119 62 0.03125
120 62 0.03125
121 62 0.03125
125 62 0.03125
137 62 0.03125
139 62 0.03125
149 62 0.03125
152 62 0.03125
162 62 0.03125
170 62 0.03125
171 62 0.03125
9 76 0.052632
11 76 0.052632
13 76 0.052632
26 76 0.052632
32 76 0.052632
45 76 0.052632
47 76 0.052632
51 76 0.052632
57 76 0.052632
58 76 0.052632
65 76 0.052632
71 76 0.052632
115 76 0.052632
138 76 0.052632
139 76 0.052632
151 76 0.052632
164 76 0.052632
165 76 0.052632
166 76 0.052632
9 107 0.05
17 107 0.05
20 107 0.05
31 107 0.05
44 107 0.05
49 107 0.05
50 107 0.05
52 107 0.05
61 107 0.05
65 107 0.05
73 107 0.05
83 107 0.05
110 107 0.05
112 107 0.05
124 107 0.05
125 107 0.05
149 107 0.05
154 107 0.05
164 107 0.05
167 107 0.05
9 153 0.045455
21 153 0.045455
22 153 0.045455
33 153 0.045455
70 153 0.045455
71 153 0.045455
92 153 0.045455
96 153 0.045455
113 153 0.045455
119 153 0.045455
125 153 0.045455
128 153 0.045455
129 153 0.045455
141 153 0.045455
142 153 0.045455
145 153 0.045455
151 153 0.045455
159 153 0.045455
162 153 0.045455
165 153 0.045455
171 153 0.045455
172 153 0.045455
10 69 0.043478
12 69 0.043478
16 69 0.043478
25 69 0.043478
29 69 0.043478
30 69 0.043478
32 69 0.043478
42 69 0.043478
51 69 0.043478
54 69 0.043478
60 69 0.043478
72 69 0.043478
75 69 0.043478
77 69 0.043478
91 69 0.043478
94 69 0.043478
104 69 0.043478
111 69 0.043478
120 69 0.043478
122 69 0.043478
156 69 0.043478
160 69 0.043478
169 69 0.043478
10 96 0.04
11 96 0.04
16 96 0.04
19 96 0.04
36 96 0.04
42 96 0.04
62 96 0.04
72 96 0.04
86 96 0.04
90 96 0.04
92 96 0.04
93 96 0.04
101 96 0.04
104 96 0.04
110 96 0.04
124 96 0.04
131 96 0.04
149 96 0.04
150 96 0.04
153 96 0.04
159 96 0.04
160 96 0.04
163 96 0.04
171 96 0.04
172 96 0.04
10 114 0.047619
18 114 0.047619
22 114 0.047619
28 114 0.047619
31 114 0.047619
34 114 0.047619
43 114 0.047619
49 114 0.047619
70 114 0.047619
75 114 0.047619
79 114 0.047619
82 114 0.047619
90 114 0.047619
104 114 0.047619
110 114 0.047619
115 114 0.047619
133 114 0.047619
143 114 0.047619
157 114 0.047619
158 114 0.047619
165 114 0.047619
10 131 0.037037
20 131 0.037037
25 131 0.037037
26 131 0.037037
32 131 0.037037
51 131 0.037037
52 131 0.037037
57 131 0.037037
64 131 0.037037
67 131 0.037037
71 131 0.037037
73 131 0.037037
85 131 0.037037
90 131 0.037037
92 131 0.037037
96 131 0.037037
111 131 0.037037
117 131 0.037037
128 131 0.037037
132 131 0.037037
146 131 0.037037
148 131 0.037037
156 131 0.037037
157 131 0.037037
163 131 0.037037
164 131 0.037037
166 131 0.037037
11 43 0.045455
23 43 0.045455
24 43 0.045455
38 43 0.045455
40 43 0.045455
44 43 0.045455
47 43 0.045455
54 43 0.045455
71 43 0.045455
81 43 0.045455
88 43 0.045455
93 43 0.045455
98 43 0.045455
114 43 0.045455
129 43 0.045455
138 43 0.045455
140 43 0.045455
146 43 0.045455
147 43 0.045455
154 43 0.045455
155 43 0.045455
157 43 0.045455
11 105 0.033333
15 105 0.033333
30 105 0.033333
35 105 0.033333
52 105 0.033333
53 105 0.033333
63 105 0.033333
68 105 0.033333
73 105 0.033333
78 105 0.033333
81 105 0.033333
82 105 0.033333
94 105 0.033333
95 105 0.033333
111 105 0.033333
115 105 0.033333
116 105 0.033333
117 105 0.033333
122 105 0.033333
134 105 0.033333
142 105 0.033333
143 105 0.033333
144 105 0.033333
147 105 0.033333
159 105 0.033333
163 105 0.033333
164 105 0.033333
165 105 0.033333
168 105 0.033333
172 105 0.033333
11 150 0.043478
33 150 0.043478
36 150 0.043478
46 150 0.043478
51 150 0.043478
52 150 0.043478
55 150 0.043478
70 150 0.043478
77 150 0.043478
96 150 0.043478
100 150 0.043478
110 150 0.043478
124 150 0.043478
128 150 0.043478
139 150 0.043478
142 150 0.043478
148 150 0.043478
149 150 0.043478
155 150 0.043478
158 150 0.043478
159 150 0.043478
166 150 0.043478
170 150 0.043478
11 165 0.033333
21 165 0.033333
26 165 0.033333
29 165 0.033333
45 165 0.033333
48 165 0.033333
68 165 0.033333
76 165 0.033333
77 165 0.033333
78 165 0.033333
80 165 0.033333
85 165 0.033333
89 165 0.033333
92 165 0.033333
99 165 0.033333
105 165 0.033333
112 165 0.033333
114 165 0.033333
116 165 0.033333
118 165 0.033333
129 165 0.033333
133 165 0.033333
144 165 0.033333
152 165 0.033333
153 165 0.033333
157 165 0.033333
158 165 0.033333
159 165 0.033333
170 165 0.033333
173 165 0.033333
12 24 0.032258
14 24 0.032258
20 24 0.032258
22 24 0.032258
42 24 0.032258
43 24 0.032258
46 24 0.032258
48 24 0.032258
54 24 0.032258
57 24 0.032258
58 24 0.032258
61 24 0.032258
62 24 0.032258
64 24 0.032258
78 24 0.032258
84 24 0.032258
85 24 0.032258
90 24 0.032258
100 24 0.032258
115 24 0.032258
122 24 0.032258
125 24 0.032258
130 24 0.032258
140 24 0.032258
143 24 0.032258
151 24 0.032258
162 24 0.032258
167 24 0.032258
172 24 0.032258
173 24 0.032258
174 24 0.032258
12 36 0.045455
15 36 0.045455
19 36 0.045455
39 36 0.045455
42 36 0.045455
45 36 0.045455
56 36 0.045455
84 36 0.045455
91 36 0.045455
92 36 0.045455
96 36 0.045455
100 36 0.045455
103 36 0.045455
118 36 0.045455
120 36 0.045455
127 36 0.045455
136 36 0.045455
140 36 0.045455
142 36 0.045455
150 36 0.045455
154 36 0.045455
155 36 0.045455
12 92 0.026316
16 92 0.026316
22 92 0.026316
31 92 0.026316
36 92 0.026316
51 92 0.026316
52 92 0.026316
58 92 0.026316
59 92 0.026316
60 92 0.026316
65 92 0.026316
70 92 0.026316
78 92 0.026316
85 92 0.026316
91 92 0.026316
96 92 0.026316
97 92 0.026316
98 92 0.026316
99 92 0.026316
101 92 0.026316
106 92 0.026316
113 92 0.026316
118 92 0.026316
124 92 0.026316
127 92 0.026316
128 92 0.026316
131 92 0.026316
136 92 0.026316
139 92 0.026316
148 92 0.026316
151 92 0.026316
153 92 0.026316
156 92 0.026316
161 92 0.026316
162 92 0.026316
165 92 0.026316
166 92 0.026316
167 92 0.026316
12 123 0.04
16 123 0.04
30 123 0.04
33 123 0.04
38 123 0.04
40 123 0.04
48 123 0.04
49 123 0.04
56 123 0.04
58 123 0.04
60 123 0.04
75 123 0.04
95 123 0.04
112 123 0.04
117 123 0.04
121 123 0.04
128 123 0.04
130 123 0.04
136 123 0.04
140 123 0.04
154 123 0.04
161 123 0.04
168 123 0.04
171 123 0.04
172 123 0.04
12 125 0.033333
16 125 0.033333
19 125 0.033333
24 125 0.033333
34 125 0.033333
40 125 0.033333
49 125 0.033333
57 125 0.033333
59 125 0.033333
62 125 0.033333
63 125 0.033333
75 125 0.033333
78 125 0.033333
80 125 0.033333
84 125 0.033333
97 125 0.033333
103 125 0.033333
106 125 0.033333
107 125 0.033333
110 125 0.033333
124 125 0.033333
134 125 0.033333
136 125 0.033333
142 125 0.033333
143 125 0.033333
152 125 0.033333
153 125 0.033333
154 125 0.033333
155 125 0.033333
159 125 0.033333
12 164 0.034483
15 164 0.034483
21 164 0.034483
23 164 0.034483
29 164 0.034483
45 164 0.034483
56 164 0.034483
60 164 0.034483
67 164 0.034483
76 164 0.034483
79 164 0.034483
84 164 0.034483
87 164 0.034483
93 164 0.034483
99 164 0.034483
101 164 0.034483
103 164 0.034483
105 164 0.034483
107 164 0.034483
131 164 0.034483
132 164 0.034483
138 164 0.034483
155 164 0.034483
157 164 0.034483
160 164 0.034483
166 164 0.034483
168 164 0.034483
173 164 0.034483
174 164 0.034483
12 169 0.034483
17 169 0.034483
28 169 0.034483
35 169 0.034483
38 169 0.034483
40 169 0.034483
48 169 0.034483
57 169 0.034483
60 169 0.034483
65 169 0.034483
69 169 0.034483
73 169 0.034483
75 169 0.034483
89 169 0.034483
93 169 0.034483
95 169 0.034483
99 169 0.034483
111 169 0.034483
116 169 0.034483
117 169 0.034483
130 169 0.034483
132 169 0.034483
136 169 0.034483
149 169 0.034483
151 169 0.034483
154 169 0.034483
160 169 0.034483
170 169 0.034483
173 169 0.034483
12 171 0.03125
13 171 0.03125
16 171 0.03125
18 171 0.03125
22 171 0.03125
29 171 0.03125
38 171 0.03125
58 171 0.03125
62 171 0.03125
64 171 0.03125
70 171 0.03125
73 171 0.03125
81 171 0.03125
85 171 0.03125
87 171 0.03125
96 171 0.03125
100 171 0.03125
101 171 0.03125
102 171 0.03125
108 171 0.03125
111 171 0.03125
123 171 0.03125
128 171 0.03125
134 171 0.03125
146 171 0.03125
153 171 0.03125
157 171 0.03125
160 171 0.03125
161 171 0.03125
162 171 0.03125
172 171 0.03125
173 171 0.03125
13 29 0.043478
21 29 0.043478
37 29 0.043478
38 29 0.043478
45 29 0.043478
47 29 0.043478
48 29 0.043478
67 29 0.043478
68 29 0.043478
69 29 0.043478
70 29 0.043478
98 29 0.043478
99 29 0.043478
119 29 0.043478
121 29 0.043478
138 29 0.043478
139 29 0.043478
142 29 0.043478
143 29 0.043478
154 29 0.043478
164 29 0.043478
165 29 0.043478
171 29 0.043478
13 55 0.090909
27 55 0.090909
70 55 0.090909
101 55 0.090909
102 55 0.090909
116 55 0.090909
130 55 0.090909
146 55 0.090909
150 55 0.090909
152 55 0.090909
163 55 0.090909
13 140 0.038462
14 140 0.038462
22 140 0.038462
24 140 0.038462
32 140 0.038462
36 140 0.038462
43 140 0.038462
67 140 0.038462
71 140 0.038462
78 140 0.038462
86 140 0.038462
88 140 0.038462
97 140 0.038462
103 140 0.038462
117 140 0.038462
118 140 0.038462
123 140 0.038462
124 140 0.038462
130 140 0.038462
145 140 0.038462
156 140 0.038462
161 140 0.038462
162 140 0.038462
163 140 0.038462
173 140 0.038462
174 140 0.038462
13 141 0.043478
14 141 0.043478
41 141 0.043478
57 141 0.043478
61 141 0.043478
68 141 0.043478
72 141 0.043478
73 141 0.043478
74 141 0.043478
78 141 0.043478
80 141 0.043478
81 141 0.043478
84 141 0.043478
88 141 0.043478
89 141 0.043478
115 141 0.043478
117 141 0.043478
124 141 0.043478
142 141 0.043478
153 141 0.043478
161 141 0.043478
162 141 0.043478
174 141 0.043478
14 34 0.041667
21 34 0.041667
23 34 0.041667
31 34 0.041667
32 34 0.041667
44 34 0.041667
49 34 0.041667
59 34 0.041667
61 34 0.041667
63 34 0.041667
67 34 0.041667
101 34 0.041667
104 34 0.041667
111 34 0.041667
113 34 0.041667
114 34 0.041667
115 34 0.041667
116 34 0.041667
119 34 0.041667
125 34 0.041667
128 34 0.041667
137 34 0.041667
152 34 0.041667
167 34 0.041667
14 120 0.058824
36 120 0.058824
39 120 0.058824
51 120 0.058824
62 120 0.058824
69 120 0.058824
85 120 0.058824
88 120 0.058824
94 120 0.058824
102 120 0.058824
103 120 0.058824
121 120 0.058824
133 120 0.058824
144 120 0.058824
147 120 0.058824
161 120 0.058824
173 120 0.058824
15 28 0.045455
16 28 0.045455
52 28 0.045455
57 28 0.045455
58 28 0.045455
61 28 0.045455
62 28 0.045455
84 28 0.045455
87 28 0.045455
89 28 0.045455
91 28 0.045455
93 28 0.045455
106 28 0.045455
114 28 0.045455
115 28 0.045455
124 28 0.045455
138 28 0.045455
146 28 0.045455
149 28 0.045455
159 28 0.045455
169 28 0.045455
170 28 0.045455
15 60 0.04
17 60 0.04
42 60 0.04
51 60 0.04
64 60 0.04
67 60 0.04
69 60 0.04
71 60 0.04
74 60 0.04
85 60 0.04
86 60 0.04
88 60 0.04
89 60 0.04
92 60 0.04
121 60 0.04
123 60 0.04
132 60 0.04
152 60 0.04
154 60 0.04
160 60 0.04
161 60 0.04
164 60 0.04
169 60 0.04
170 60 0.04
173 60 0.04
15 72 0.04
16 72 0.04
17 72 0.04
33 72 0.04
37 72 0.04
41 72 0.04
58 72 0.04
59 72 0.04
65 72 0.04
68 72 0.04
69 72 0.04
78 72 0.04
80 72 0.04
88 72 0.04
94 72 0.04
96 72 0.04
98 72 0.04
99 72 0.04
108 72 0.04
109 72 0.04
112 72 0.04
113 72 0.04
119 72 0.04
141 72 0.04
143 72 0.04
15 119 0.035714
18 119 0.035714
19 119 0.035714
29 119 0.035714
32 119 0.035714
34 119 0.035714
42 119 0.035714
47 119 0.035714
56 119 0.035714
59 119 0.035714
61 119 0.035714
62 119 0.035714
64 119 0.035714
72 119 0.035714
73 119 0.035714
79 119 0.035714
86 119 0.035714
89 119 0.035714
108 119 0.035714
109 119 0.035714
117 119 0.035714
128 119 0.035714
147 119 0.035714
153 119 0.035714
154 119 0.035714
166 119 0.035714
168 119 0.035714
170 119 0.035714
16 53 0.045455
26 53 0.045455
32 53 0.045455
35 53 0.045455
41 53 0.045455
47 53 0.045455
49 53 0.045455
56 53 0.045455
63 53 0.045455
71 53 0.045455
85 53 0.045455
94 53 0.045455
105 53 0.045455
106 53 0.045455
109 53 0.045455
117 53 0.045455
118 53 0.045455
138 53 0.045455
143 53 0.045455
144 53 0.045455
160 53 0.045455
162 53 0.045455
16 137 0.0625
34 137 0.0625
45 137 0.0625
51 137 0.0625
59 137 0.0625
61 137 0.0625
62 137 0.0625
67 137 0.0625
82 137 0.0625
129 137 0.0625
151 137 0.0625
152 137 0.0625
156 137 0.0625
166 137 0.0625
168 137 0.0625
173 137 0.0625
18 110 0.043478
30 110 0.043478
31 110 0.043478
50 110 0.043478
66 110 0.043478
71 110 0.043478
85 110 0.043478
94 110 0.043478
96 110 0.043478
98 110 0.043478
100 110 0.043478
107 110 0.043478
114 110 0.043478
117 110 0.043478
125 110 0.043478
127 110 0.043478
128 110 0.043478
133 110 0.043478
134 110 0.043478
148 110 0.043478
150 110 0.043478
154 110 0.043478
162 110 0.043478
18 121 0.05
21 121 0.05
22 121 0.05
29 121 0.05
33 121 0.05
45 121 0.05
56 121 0.05
57 121 0.05
59 121 0.05
60 121 0.05
62 121 0.05
73 121 0.05
95 121 0.05
103 121 0.05
116 121 0.05
120 121 0.05
123 121 0.05
124 121 0.05
132 121 0.05
163 121 0.05
25 56 0.045455
31 56 0.045455
35 56 0.045455
36 56 0.045455
37 56 0.045455
38 56 0.045455
39 56 0.045455
48 56 0.045455
50 56 0.045455
53 56 0.045455
54 56 0.045455
74 56 0.045455
86 56 0.045455
87 56 0.045455
119 56 0.045455
121 56 0.045455
123 56 0.045455
127 56 0.045455
164 56 0.045455
168 56 0.045455
173 56 0.045455
174 56 0.045455
28 91 0.041667
31 91 0.041667
36 91 0.041667
41 91 0.041667
49 91 0.041667
52 91 0.041667
62 91 0.041667
69 91 0.041667
71 91 0.041667
78 91 0.041667
79 91 0.041667
92 91 0.041667
95 91 0.041667
104 91 0.041667
112 91 0.041667
115 91 0.041667
118 91 0.041667
132 91 0.041667
138 91 0.041667
144 91 0.041667
146 91 0.041667
151 91 0.041667
157 91 0.041667
166 91 0.041667
29 38 0.047619
31 38 0.047619
35 38 0.047619
37 38 0.047619
43 38 0.047619
56 38 0.047619
78 38 0.047619
89 38 0.047619
93 38 0.047619
101 38 0.047619
118 38 0.047619
123 38 0.047619
133 38 0.047619
134 38 0.047619
136 38 0.047619
152 38 0.047619
154 38 0.047619
169 38 0.047619
171 38 0.047619
173 38 0.047619
174 38 0.047619
46 83 0.066667
85 83 0.066667
87 83 0.066667
88 83 0.066667
93 83 0.066667
94 83 0.066667
107 83 0.066667
111 83 0.066667
113 83 0.066667
128 83 0.066667
130 83 0.066667
149 83 0.066667
161 83 0.066667
170 83 0.066667
173 83 0.066667
51 86 0.052632
56 86 0.052632
60 86 0.052632
74 86 0.052632
80 86 0.052632
96 86 0.052632
103 86 0.052632
111 86 0.052632
113 86 0.052632
119 86 0.052632
124 86 0.052632
132 86 0.052632
133 86 0.052632
140 86 0.052632
144 86 0.052632
147 86 0.052632
149 86 0.052632
166 86 0.052632
173 86 0.052632
13 0 0.041667
15 0 0.041667
30 0 0.041667
40 0 0.041667
41 0 0.041667
51 0 0.041667
70 0 0.041667
71 0 0.041667
77 0 0.041667
78 0 0.041667
88 0 0.041667
89 0 0.041667
94 0 0.041667
95 0 0.041667
100 0 0.041667
128 0 0.041667
145 0 0.041667
146 0 0.041667
149 0 0.041667
152 0 0.041667
158 0 0.041667
159 0 0.041667
161 0 0.041667
174 0 0.041667
7 1 0.047619
8 1 0.047619
15 1 0.047619
30 1 0.047619
33 1 0.047619
47 1 0.047619
54 1 0.047619
59 1 0.047619
67 1 0.047619
79 1 0.047619
94 1 0.047619
97 1 0.047619
100 1 0.047619
101 1 0.047619
104 1 0.047619
109 1 0.047619
130 1 0.047619
138 1 0.047619
149 1 0.047619
151 1 0.047619
173 1 0.047619
3 2 0.045455
9 2 0.045455
16 2 0.045455
20 2 0.045455
23 2 0.045455
30 2 0.045455
40 2 0.045455
41 2 0.045455
45 2 0.045455
51 2 0.045455
58 2 0.045455
59 2 0.045455
65 2 0.045455
80 2 0.045455
90 2 0.045455
102 2 0.045455
103 2 0.045455
126 2 0.045455
139 2 0.045455
148 2 0.045455
160 2 0.045455
170 2 0.045455
18 4 0.04
23 4 0.04
25 4 0.04
27 4 0.04
39 4 0.04
57 4 0.04
63 4 0.04
64 4 0.04
65 4 0.04
74 4 0.04
75 4 0.04
78 4 0.04
79 4 0.04
84 4 0.04
98 4 0.04
100 4 0.04
106 4 0.04
109 4 0.04
127 4 0.04
142 4 0.04
143 4 0.04
156 4 0.04
158 4 0.04
168 4 0.04
170 4 0.04
10 5 0.045455
13 5 0.045455
17 5 0.045455
25 5 0.045455
27 5 0.045455
30 5 0.045455
45 5 0.045455
54 5 0.045455
57 5 0.045455
58 5 0.045455
68 5 0.045455
81 5 0.045455
87 5 0.045455
95 5 0.045455
100 5 0.045455
113 5 0.045455
122 5 0.045455
136 5 0.045455
139 5 0.045455
143 5 0.045455
154 5 0.045455
172 5 0.045455
15 6 0.055556
17 6 0.055556
31 6 0.055556
32 6 0.055556
33 6 0.055556
37 6 0.055556
50 6 0.055556
54 6 0.055556
64 6 0.055556
65 6 0.055556
81 6 0.055556
82 6 0.055556
85 6 0.055556
99 6 0.055556
115 6 0.055556
117 6 0.055556
166 6 0.055556
168 6 0.055556
21 11 0.045455
26 11 0.045455
27 11 0.045455
32 11 0.045455
43 11 0.045455
54 11 0.045455
71 11 0.045455
76 11 0.045455
77 11 0.045455
78 11 0.045455
87 11 0.045455
94 11 0.045455
96 11 0.045455
97 11 0.045455
99 11 0.045455
105 11 0.045455
124 11 0.045455
132 11 0.045455
139 11 0.045455
149 11 0.045455
150 11 0.045455
165 11 0.045455
24 12 0.043478
35 12 0.043478
36 12 0.043478
39 12 0.043478
42 12 0.043478
47 12 0.043478
54 12 0.043478
69 12 0.043478
74 12 0.043478
84 12 0.043478
90 12 0.043478
92 12 0.043478
94 12 0.043478
100 12 0.043478
123 12 0.043478
125 12 0.043478
130 12 0.043478
138 12 0.043478
151 12 0.043478
162 12 0.043478
164 12 0.043478
169 12 0.043478
171 12 0.043478
