0 1 0.125
2 1 0.125
3 1 0.125
145 1 0.125
144 1 0.125
5 1 0.125
143 1 0.125
98 1 0.125
0 145 0.125
1 145 0.125
2 145 0.125
3 145 0.125
141 145 0.125
142 145 0.125
143 145 0.125
144 145 0.125
0 2 0.125
1 2 0.125
3 2 0.125
5 2 0.125
145 2 0.125
6 2 0.125
144 2 0.125
13 2 0.125
0 144 0.166667
1 144 0.166667
2 144 0.166667
141 144 0.166667
142 144 0.166667
145 144 0.166667
0 3 0.111111
1 3 0.111111
2 3 0.111111
4 3 0.111111
5 3 0.111111
6 3 0.111111
7 3 0.111111
145 3 0.111111
131 3 0.111111
0 143 0.142857
1 143 0.142857
136 143 0.142857
139 143 0.142857
141 143 0.142857
142 143 0.142857
145 143 0.142857
0 4 0.166667
3 4 0.166667
5 4 0.166667
6 4 0.166667
7 4 0.166667
8 4 0.166667
0 134 0.1
23 134 0.1
116 134 0.1
130 134 0.1
131 134 0.1
132 134 0.1
133 134 0.1
136 134 0.1
137 134 0.1
138 134 0.1
1 5 0.125
2 5 0.125
3 5 0.125
4 5 0.125
6 5 0.125
7 5 0.125
8 5 0.125
9 5 0.125
1 98 0.142857
89 98 0.142857
95 98 0.142857
99 98 0.142857
100 98 0.142857
102 98 0.142857
142 98 0.142857
2 6 0.125
3 6 0.125
4 6 0.125
5 6 0.125
7 6 0.125
8 6 0.125
10 6 0.125
124 6 0.125
2 13 0.111111
9 13 0.111111
10 13 0.111111
11 13 0.111111
12 13 0.111111
14 13 0.111111
15 13 0.111111
16 13 0.111111
17 13 0.111111
3 7 0.125
4 7 0.125
5 7 0.125
6 7 0.125
8 7 0.125
9 7 0.125
10 7 0.125
11 7 0.125
3 131 0.111111
75 131 0.111111
127 131 0.111111
128 131 0.111111
129 131 0.111111
130 131 0.111111
132 131 0.111111
133 131 0.111111
134 131 0.111111
4 8 0.125
5 8 0.125
6 8 0.125
7 8 0.125
9 8 0.125
10 8 0.125
11 8 0.125
12 8 0.125
5 9 0.142857
7 9 0.142857
8 9 0.142857
10 9 0.142857
11 9 0.142857
12 9 0.142857
13 9 0.142857
6 10 0.111111
7 10 0.111111
8 10 0.111111
9 10 0.111111
11 10 0.111111
12 10 0.111111
13 10 0.111111
14 10 0.111111
55 10 0.111111
6 124 0.125
64 124 0.125
121 124 0.125
122 124 0.125
123 124 0.125
126 124 0.125
127 124 0.125
128 124 0.125
7 11 0.125
8 11 0.125
9 11 0.125
10 11 0.125
12 11 0.125
13 11 0.125
14 11 0.125
15 11 0.125
8 12 0.083333
9 12 0.083333
10 12 0.083333
11 12 0.083333
13 12 0.083333
14 12 0.083333
15 12 0.083333
16 12 0.083333
39 12 0.083333
107 12 0.083333
136 12 0.083333
142 12 0.083333
10 14 0.125
11 14 0.125
12 14 0.125
13 14 0.125
15 14 0.125
16 14 0.125
17 14 0.125
18 14 0.125
10 55 0.125
51 55 0.125
52 55 0.125
53 55 0.125
54 55 0.125
56 55 0.125
57 55 0.125
58 55 0.125
11 15 0.111111
12 15 0.111111
13 15 0.111111
14 15 0.111111
16 15 0.111111
17 15 0.111111
18 15 0.111111
19 15 0.111111
140 15 0.111111
12 16 0.125
13 16 0.125
14 16 0.125
15 16 0.125
18 16 0.125
19 16 0.125
20 16 0.125
37 16 0.125
12 39 0.125
35 39 0.125
36 39 0.125
37 39 0.125
38 39 0.125
41 39 0.125
42 39 0.125
43 39 0.125
12 107 0.125
103 107 0.125
104 107 0.125
105 107 0.125
106 107 0.125
108 107 0.125
109 107 0.125
111 107 0.125
12 136 0.111111
132 136 0.111111
133 136 0.111111
134 136 0.111111
135 136 0.111111
137 136 0.111111
138 136 0.111111
140 136 0.111111
143 136 0.111111
12 142 0.1
98 142 0.1
116 142 0.1
138 142 0.1
139 142 0.1
140 142 0.1
141 142 0.1
143 142 0.1
144 142 0.1
145 142 0.1
13 17 0.142857
14 17 0.142857
15 17 0.142857
18 17 0.142857
19 17 0.142857
20 17 0.142857
21 17 0.142857
14 18 0.125
15 18 0.125
16 18 0.125
17 18 0.125
20 18 0.125
21 18 0.125
22 18 0.125
96 18 0.125
15 19 0.142857
16 19 0.142857
17 19 0.142857
20 19 0.142857
21 19 0.142857
22 19 0.142857
23 19 0.142857
15 140 0.125
67 140 0.125
136 140 0.125
137 140 0.125
138 140 0.125
139 140 0.125
141 140 0.125
142 140 0.125
16 20 0.125
17 20 0.125
18 20 0.125
19 20 0.125
21 20 0.125
22 20 0.125
23 20 0.125
24 20 0.125
16 37 0.125
34 37 0.125
35 37 0.125
36 37 0.125
38 37 0.125
39 37 0.125
40 37 0.125
41 37 0.125
17 21 0.125
18 21 0.125
19 21 0.125
20 21 0.125
22 21 0.125
23 21 0.125
24 21 0.125
25 21 0.125
18 22 0.111111
19 22 0.111111
20 22 0.111111
21 22 0.111111
23 22 0.111111
24 22 0.111111
26 22 0.111111
56 22 0.111111
117 22 0.111111
18 96 0.111111
36 96 0.111111
92 96 0.111111
93 96 0.111111
94 96 0.111111
95 96 0.111111
97 96 0.111111
99 96 0.111111
100 96 0.111111
19 23 0.111111
20 23 0.111111
21 23 0.111111
22 23 0.111111
25 23 0.111111
26 23 0.111111
117 23 0.111111
134 23 0.111111
108 23 0.111111
20 24 0.142857
21 24 0.142857
22 24 0.142857
25 24 0.142857
26 24 0.142857
27 24 0.142857
28 24 0.142857
21 25 0.142857
23 25 0.142857
24 25 0.142857
26 25 0.142857
27 25 0.142857
28 25 0.142857
29 25 0.142857
22 26 0.125
23 26 0.125
24 26 0.125
25 26 0.125
27 26 0.125
28 26 0.125
29 26 0.125
30 26 0.125
22 56 0.125
52 56 0.125
53 56 0.125
54 56 0.125
55 56 0.125
58 56 0.125
59 56 0.125
60 56 0.125
22 117 0.090909
23 117 0.090909
102 117 0.090909
113 117 0.090909
114 117 0.090909
115 117 0.090909
116 117 0.090909
118 117 0.090909
119 117 0.090909
120 117 0.090909
121 117 0.090909
23 108 0.125
99 108 0.125
104 108 0.125
105 108 0.125
106 108 0.125
107 108 0.125
110 108 0.125
111 108 0.125
24 27 0.142857
25 27 0.142857
26 27 0.142857
29 27 0.142857
30 27 0.142857
31 27 0.142857
76 27 0.142857
24 28 0.142857
25 28 0.142857
26 28 0.142857
29 28 0.142857
30 28 0.142857
31 28 0.142857
32 28 0.142857
25 29 0.125
26 29 0.125
27 29 0.125
28 29 0.125
30 29 0.125
33 29 0.125
53 29 0.125
62 29 0.125
26 30 0.125
27 30 0.125
28 30 0.125
29 30 0.125
31 30 0.125
32 30 0.125
33 30 0.125
34 30 0.125
27 31 0.142857
28 31 0.142857
30 31 0.142857
32 31 0.142857
33 31 0.142857
34 31 0.142857
35 31 0.142857
27 76 0.111111
72 76 0.111111
73 76 0.111111
74 76 0.111111
75 76 0.111111
77 76 0.111111
78 76 0.111111
80 76 0.111111
109 76 0.111111
28 32 0.142857
30 32 0.142857
31 32 0.142857
33 32 0.142857
34 32 0.142857
35 32 0.142857
36 32 0.142857
29 33 0.125
30 33 0.125
31 33 0.125
32 33 0.125
34 33 0.125
35 33 0.125
132 33 0.125
133 33 0.125
29 53 0.111111
49 53 0.111111
50 53 0.111111
51 53 0.111111
52 53 0.111111
54 53 0.111111
55 53 0.111111
56 53 0.111111
57 53 0.111111
29 62 0.090909
44 62 0.090909
58 62 0.090909
59 62 0.090909
60 62 0.090909
61 62 0.090909
63 62 0.090909
65 62 0.090909
66 62 0.090909
77 62 0.090909
88 62 0.090909
30 34 0.125
31 34 0.125
32 34 0.125
33 34 0.125
35 34 0.125
36 34 0.125
37 34 0.125
38 34 0.125
31 35 0.125
32 35 0.125
33 35 0.125
34 35 0.125
36 35 0.125
37 35 0.125
38 35 0.125
39 35 0.125
32 36 0.125
34 36 0.125
35 36 0.125
37 36 0.125
38 36 0.125
39 36 0.125
40 36 0.125
96 36 0.125
33 132 0.111111
128 132 0.111111
129 132 0.111111
130 132 0.111111
131 132 0.111111
133 132 0.111111
134 132 0.111111
135 132 0.111111
136 132 0.111111
33 133 0.1
106 133 0.1
129 133 0.1
130 133 0.1
131 133 0.1
132 133 0.1
134 133 0.1
135 133 0.1
136 133 0.1
137 133 0.1
34 38 0.1
35 38 0.1
36 38 0.1
37 38 0.1
39 38 0.1
40 38 0.1
41 38 0.1
42 38 0.1
43 38 0.1
67 38 0.1
36 40 0.142857
37 40 0.142857
38 40 0.142857
41 40 0.142857
42 40 0.142857
43 40 0.142857
44 40 0.142857
37 41 0.125
38 41 0.125
39 41 0.125
40 41 0.125
42 41 0.125
43 41 0.125
44 41 0.125
45 41 0.125
38 42 0.111111
39 42 0.111111
40 42 0.111111
41 42 0.111111
45 42 0.111111
46 42 0.111111
121 42 0.111111
127 42 0.111111
78 42 0.111111
38 43 0.142857
39 43 0.142857
40 43 0.142857
41 43 0.142857
44 43 0.142857
46 43 0.142857
47 43 0.142857
38 67 0.111111
63 67 0.111111
64 67 0.111111
65 67 0.111111
66 67 0.111111
68 67 0.111111
69 67 0.111111
71 67 0.111111
140 67 0.111111
40 44 0.142857
41 44 0.142857
43 44 0.142857
45 44 0.142857
46 44 0.142857
47 44 0.142857
62 44 0.142857
41 45 0.142857
42 45 0.142857
44 45 0.142857
46 45 0.142857
47 45 0.142857
48 45 0.142857
49 45 0.142857
42 46 0.125
43 46 0.125
44 46 0.125
45 46 0.125
47 46 0.125
48 46 0.125
49 46 0.125
50 46 0.125
42 121 0.1
80 121 0.1
117 121 0.1
118 121 0.1
119 121 0.1
120 121 0.1
122 121 0.1
123 121 0.1
124 121 0.1
125 121 0.1
42 127 0.1
94 127 0.1
114 127 0.1
123 127 0.1
124 127 0.1
125 127 0.1
126 127 0.1
129 127 0.1
130 127 0.1
131 127 0.1
42 78 0.142857
74 78 0.142857
76 78 0.142857
77 78 0.142857
79 78 0.142857
82 78 0.142857
113 78 0.142857
43 47 0.125
44 47 0.125
45 47 0.125
46 47 0.125
48 47 0.125
49 47 0.125
50 47 0.125
51 47 0.125
45 48 0.142857
46 48 0.142857
47 48 0.142857
49 48 0.142857
50 48 0.142857
51 48 0.142857
52 48 0.142857
45 49 0.125
46 49 0.125
47 49 0.125
48 49 0.125
50 49 0.125
51 49 0.125
52 49 0.125
53 49 0.125
46 50 0.125
47 50 0.125
48 50 0.125
49 50 0.125
51 50 0.125
52 50 0.125
53 50 0.125
54 50 0.125
47 51 0.125
48 51 0.125
49 51 0.125
50 51 0.125
52 51 0.125
53 51 0.125
54 51 0.125
55 51 0.125
48 52 0.125
49 52 0.125
50 52 0.125
51 52 0.125
53 52 0.125
54 52 0.125
55 52 0.125
56 52 0.125
50 54 0.125
51 54 0.125
52 54 0.125
53 54 0.125
55 54 0.125
56 54 0.125
57 54 0.125
58 54 0.125
53 57 0.142857
54 57 0.142857
55 57 0.142857
58 57 0.142857
59 57 0.142857
60 57 0.142857
61 57 0.142857
54 58 0.125
55 58 0.125
56 58 0.125
57 58 0.125
59 58 0.125
60 58 0.125
61 58 0.125
62 58 0.125
56 59 0.142857
57 59 0.142857
58 59 0.142857
60 59 0.142857
61 59 0.142857
62 59 0.142857
63 59 0.142857
56 60 0.125
57 60 0.125
58 60 0.125
59 60 0.125
61 60 0.125
62 60 0.125
63 60 0.125
135 60 0.125
57 61 0.125
58 61 0.125
59 61 0.125
60 61 0.125
62 61 0.125
63 61 0.125
64 61 0.125
65 61 0.125
59 63 0.125
60 63 0.125
61 63 0.125
62 63 0.125
64 63 0.125
65 63 0.125
66 63 0.125
67 63 0.125
60 135 0.142857
132 135 0.142857
133 135 0.142857
136 135 0.142857
137 135 0.142857
138 135 0.142857
139 135 0.142857
61 64 0.142857
63 64 0.142857
65 64 0.142857
66 64 0.142857
67 64 0.142857
68 64 0.142857
124 64 0.142857
61 65 0.125
62 65 0.125
63 65 0.125
64 65 0.125
66 65 0.125
67 65 0.125
68 65 0.125
69 65 0.125
62 66 0.125
63 66 0.125
64 66 0.125
65 66 0.125
67 66 0.125
68 66 0.125
69 66 0.125
70 66 0.125
62 77 0.125
73 77 0.125
74 77 0.125
76 77 0.125
78 77 0.125
79 77 0.125
80 77 0.125
81 77 0.125
62 88 0.142857
84 88 0.142857
85 88 0.142857
86 88 0.142857
89 88 0.142857
90 88 0.142857
91 88 0.142857
64 68 0.125
65 68 0.125
66 68 0.125
67 68 0.125
69 68 0.125
70 68 0.125
71 68 0.125
72 68 0.125
65 69 0.111111
66 69 0.111111
67 69 0.111111
68 69 0.111111
70 69 0.111111
71 69 0.111111
72 69 0.111111
73 69 0.111111
97 69 0.111111
66 70 0.125
68 70 0.125
69 70 0.125
71 70 0.125
72 70 0.125
73 70 0.125
74 70 0.125
126 70 0.125
67 71 0.125
68 71 0.125
69 71 0.125
70 71 0.125
72 71 0.125
73 71 0.125
74 71 0.125
75 71 0.125
68 72 0.125
69 72 0.125
70 72 0.125
71 72 0.125
73 72 0.125
74 72 0.125
75 72 0.125
76 72 0.125
69 73 0.111111
70 73 0.111111
71 73 0.111111
72 73 0.111111
74 73 0.111111
75 73 0.111111
76 73 0.111111
77 73 0.111111
114 73 0.111111
69 97 0.125
93 97 0.125
94 97 0.125
95 97 0.125
96 97 0.125
99 97 0.125
100 97 0.125
101 97 0.125
70 74 0.125
71 74 0.125
72 74 0.125
73 74 0.125
75 74 0.125
76 74 0.125
77 74 0.125
78 74 0.125
70 126 0.125
122 126 0.125
123 126 0.125
124 126 0.125
125 126 0.125
127 126 0.125
128 126 0.125
130 126 0.125
71 75 0.125
72 75 0.125
73 75 0.125
74 75 0.125
76 75 0.125
79 75 0.125
131 75 0.125
115 75 0.125
73 114 0.111111
110 114 0.111111
111 114 0.111111
112 114 0.111111
113 114 0.111111
116 114 0.111111
117 114 0.111111
118 114 0.111111
127 114 0.111111
75 79 0.142857
77 79 0.142857
78 79 0.142857
80 79 0.142857
81 79 0.142857
82 79 0.142857
83 79 0.142857
75 115 0.125
111 115 0.125
112 115 0.125
113 115 0.125
116 115 0.125
117 115 0.125
118 115 0.125
119 115 0.125
76 80 0.142857
77 80 0.142857
79 80 0.142857
81 80 0.142857
83 80 0.142857
84 80 0.142857
121 80 0.142857
76 109 0.125
87 109 0.125
105 109 0.125
107 109 0.125
110 109 0.125
111 109 0.125
112 109 0.125
113 109 0.125
77 81 0.142857
79 81 0.142857
80 81 0.142857
82 81 0.142857
83 81 0.142857
84 81 0.142857
85 81 0.142857
78 82 0.142857
79 82 0.142857
81 82 0.142857
83 82 0.142857
84 82 0.142857
85 82 0.142857
86 82 0.142857
78 113 0.111111
109 113 0.111111
110 113 0.111111
111 113 0.111111
112 113 0.111111
114 113 0.111111
115 113 0.111111
116 113 0.111111
117 113 0.111111
79 83 0.125
80 83 0.125
81 83 0.125
82 83 0.125
84 83 0.125
85 83 0.125
86 83 0.125
87 83 0.125
80 84 0.125
81 84 0.125
82 84 0.125
83 84 0.125
85 84 0.125
86 84 0.125
87 84 0.125
88 84 0.125
81 85 0.125
82 85 0.125
83 85 0.125
84 85 0.125
86 85 0.125
87 85 0.125
88 85 0.125
89 85 0.125
82 86 0.125
83 86 0.125
84 86 0.125
85 86 0.125
87 86 0.125
88 86 0.125
89 86 0.125
90 86 0.125
83 87 0.125
84 87 0.125
85 87 0.125
86 87 0.125
89 87 0.125
90 87 0.125
91 87 0.125
109 87 0.125
85 89 0.125
86 89 0.125
87 89 0.125
88 89 0.125
91 89 0.125
92 89 0.125
93 89 0.125
98 89 0.125
86 90 0.142857
87 90 0.142857
88 90 0.142857
91 90 0.142857
92 90 0.142857
93 90 0.142857
94 90 0.142857
87 91 0.125
88 91 0.125
89 91 0.125
90 91 0.125
92 91 0.125
93 91 0.125
94 91 0.125
95 91 0.125
89 92 0.142857
90 92 0.142857
91 92 0.142857
93 92 0.142857
94 92 0.142857
95 92 0.142857
96 92 0.142857
89 93 0.125
90 93 0.125
91 93 0.125
92 93 0.125
94 93 0.125
95 93 0.125
96 93 0.125
97 93 0.125
90 94 0.125
91 94 0.125
92 94 0.125
93 94 0.125
95 94 0.125
96 94 0.125
97 94 0.125
127 94 0.125
91 95 0.125
92 95 0.125
93 95 0.125
94 95 0.125
96 95 0.125
97 95 0.125
98 95 0.125
99 95 0.125
95 99 0.111111
96 99 0.111111
97 99 0.111111
98 99 0.111111
100 99 0.111111
101 99 0.111111
102 99 0.111111
103 99 0.111111
108 99 0.111111
96 100 0.125
97 100 0.125
98 100 0.125
99 100 0.125
101 100 0.125
102 100 0.125
103 100 0.125
104 100 0.125
97 101 0.142857
99 101 0.142857
100 101 0.142857
102 101 0.142857
103 101 0.142857
104 101 0.142857
105 101 0.142857
98 102 0.125
99 102 0.125
100 102 0.125
101 102 0.125
103 102 0.125
104 102 0.125
106 102 0.125
117 102 0.125
99 103 0.125
100 103 0.125
101 103 0.125
102 103 0.125
104 103 0.125
105 103 0.125
106 103 0.125
107 103 0.125
100 104 0.125
101 104 0.125
102 104 0.125
103 104 0.125
105 104 0.125
106 104 0.125
107 104 0.125
108 104 0.125
101 105 0.142857
103 105 0.142857
104 105 0.142857
106 105 0.142857
107 105 0.142857
108 105 0.142857
109 105 0.142857
102 106 0.125
103 106 0.125
104 106 0.125
105 106 0.125
107 106 0.125
108 106 0.125
110 106 0.125
133 106 0.125
106 110 0.125
108 110 0.125
109 110 0.125
111 110 0.125
112 110 0.125
113 110 0.125
114 110 0.125
120 110 0.125
107 111 0.125
108 111 0.125
109 111 0.125
110 111 0.125
112 111 0.125
113 111 0.125
114 111 0.125
115 111 0.125
109 112 0.142857
110 112 0.142857
111 112 0.142857
113 112 0.142857
114 112 0.142857
115 112 0.142857
116 112 0.142857
110 120 0.142857
117 120 0.142857
118 120 0.142857
119 120 0.142857
121 120 0.142857
122 120 0.142857
123 120 0.142857
112 116 0.125
113 116 0.125
114 116 0.125
115 116 0.125
117 116 0.125
119 116 0.125
142 116 0.125
134 116 0.125
114 118 0.142857
115 118 0.142857
117 118 0.142857
119 118 0.142857
120 118 0.142857
121 118 0.142857
122 118 0.142857
115 119 0.125
116 119 0.125
117 119 0.125
118 119 0.125
120 119 0.125
121 119 0.125
122 119 0.125
123 119 0.125
118 122 0.125
119 122 0.125
120 122 0.125
121 122 0.125
123 122 0.125
124 122 0.125
125 122 0.125
126 122 0.125
119 123 0.125
120 123 0.125
121 123 0.125
122 123 0.125
124 123 0.125
125 123 0.125
126 123 0.125
127 123 0.125
121 125 0.142857
122 125 0.142857
123 125 0.142857
126 125 0.142857
127 125 0.142857
128 125 0.142857
129 125 0.142857
124 128 0.142857
125 128 0.142857
126 128 0.142857
129 128 0.142857
130 128 0.142857
131 128 0.142857
132 128 0.142857
125 129 0.142857
127 129 0.142857
128 129 0.142857
130 129 0.142857
131 129 0.142857
132 129 0.142857
133 129 0.142857
126 130 0.125
127 130 0.125
128 130 0.125
129 130 0.125
131 130 0.125
132 130 0.125
133 130 0.125
134 130 0.125
133 137 0.125
134 137 0.125
135 137 0.125
136 137 0.125
138 137 0.125
139 137 0.125
140 137 0.125
141 137 0.125
134 138 0.125
135 138 0.125
136 138 0.125
137 138 0.125
139 138 0.125
140 138 0.125
141 138 0.125
142 138 0.125
135 139 0.142857
137 139 0.142857
138 139 0.142857
140 139 0.142857
141 139 0.142857
142 139 0.142857
143 139 0.142857
137 141 0.125
138 141 0.125
139 141 0.125
140 141 0.125
142 141 0.125
143 141 0.125
144 141 0.125
145 141 0.125
1 0 0.125
145 0 0.125
2 0 0.125
144 0 0.125
3 0 0.125
143 0 0.125
4 0 0.125
134 0 0.125
