0 1 0.125
2 1 0.125
190 1 0.125
4 1 0.125
189 1 0.125
5 1 0.125
188 1 0.125
48 1 0.125
0 190 0.142857
1 190 0.142857
2 190 0.142857
3 190 0.142857
177 190 0.142857
186 190 0.142857
188 190 0.142857
0 2 0.125
1 2 0.125
3 2 0.125
4 2 0.125
5 2 0.125
190 2 0.125
6 2 0.125
189 2 0.125
0 189 0.142857
1 189 0.142857
2 189 0.142857
46 189 0.142857
185 189 0.142857
187 189 0.142857
188 189 0.142857
0 3 0.125
2 3 0.125
5 3 0.125
6 3 0.125
7 3 0.125
190 3 0.125
23 3 0.125
163 3 0.125
0 188 0.125
1 188 0.125
184 188 0.125
185 188 0.125
186 188 0.125
187 188 0.125
189 188 0.125
190 188 0.125
0 4 0.142857
1 4 0.142857
2 4 0.142857
5 4 0.142857
6 4 0.142857
7 4 0.142857
8 4 0.142857
0 187 0.111111
51 187 0.111111
175 187 0.111111
183 187 0.111111
184 187 0.111111
185 187 0.111111
186 187 0.111111
188 187 0.111111
189 187 0.111111
0 171 0.111111
68 171 0.111111
167 171 0.111111
168 171 0.111111
169 171 0.111111
170 171 0.111111
172 171 0.111111
174 171 0.111111
175 171 0.111111
1 5 0.125
2 5 0.125
3 5 0.125
4 5 0.125
6 5 0.125
7 5 0.125
8 5 0.125
9 5 0.125
1 48 0.1
25 48 0.1
36 48 0.1
44 48 0.1
45 48 0.1
46 48 0.1
49 48 0.1
50 48 0.1
52 48 0.1
110 48 0.1
2 6 0.111111
3 6 0.111111
4 6 0.111111
5 6 0.111111
7 6 0.111111
8 6 0.111111
9 6 0.111111
55 6 0.111111
167 6 0.111111
3 7 0.111111
4 7 0.111111
5 7 0.111111
6 7 0.111111
8 7 0.111111
9 7 0.111111
11 7 0.111111
104 7 0.111111
32 7 0.111111
3 23 0.1
19 23 0.1
20 23 0.1
21 23 0.1
22 23 0.1
25 23 0.1
26 23 0.1
27 23 0.1
67 23 0.1
161 23 0.1
3 163 0.166667
160 163 0.166667
161 163 0.166667
164 163 0.166667
166 163 0.166667
167 163 0.166667
4 8 0.125
5 8 0.125
6 8 0.125
7 8 0.125
9 8 0.125
10 8 0.125
11 8 0.125
12 8 0.125
5 9 0.111111
6 9 0.111111
7 9 0.111111
8 9 0.111111
11 9 0.111111
12 9 0.111111
13 9 0.111111
131 9 0.111111
109 9 0.111111
6 55 0.142857
53 55 0.142857
54 55 0.142857
57 55 0.142857
58 55 0.142857
59 55 0.142857
162 55 0.142857
6 167 0.1
124 167 0.1
163 167 0.1
164 167 0.1
165 167 0.1
166 167 0.1
168 167 0.1
169 167 0.1
170 167 0.1
171 167 0.1
7 11 0.142857
8 11 0.142857
9 11 0.142857
12 11 0.142857
13 11 0.142857
14 11 0.142857
15 11 0.142857
7 104 0.125
100 104 0.125
101 104 0.125
102 104 0.125
103 104 0.125
106 104 0.125
107 104 0.125
108 104 0.125
7 32 0.111111
28 32 0.111111
30 32 0.111111
31 32 0.111111
33 32 0.111111
34 32 0.111111
35 32 0.111111
36 32 0.111111
151 32 0.111111
8 10 0.2
12 10 0.2
13 10 0.2
14 10 0.2
147 10 0.2
8 12 0.125
9 12 0.125
10 12 0.125
11 12 0.125
13 12 0.125
14 12 0.125
15 12 0.125
16 12 0.125
9 13 0.1
10 13 0.1
11 13 0.1
12 13 0.1
15 13 0.1
16 13 0.1
17 13 0.1
127 13 0.1
155 13 0.1
79 13 0.1
9 131 0.111111
127 131 0.111111
128 131 0.111111
129 131 0.111111
130 131 0.111111
132 131 0.111111
133 131 0.111111
134 131 0.111111
135 131 0.111111
9 109 0.111111
90 109 0.111111
105 109 0.111111
106 109 0.111111
107 109 0.111111
108 109 0.111111
111 109 0.111111
112 109 0.111111
113 109 0.111111
10 14 0.125
11 14 0.125
12 14 0.125
15 14 0.125
16 14 0.125
17 14 0.125
18 14 0.125
172 14 0.125
10 147 0.111111
143 147 0.111111
144 147 0.111111
145 147 0.111111
146 147 0.111111
148 147 0.111111
149 147 0.111111
150 147 0.111111
151 147 0.111111
11 15 0.111111
12 15 0.111111
13 15 0.111111
14 15 0.111111
16 15 0.111111
18 15 0.111111
19 15 0.111111
174 15 0.111111
63 15 0.111111
12 16 0.125
13 16 0.125
14 16 0.125
15 16 0.125
17 16 0.125
18 16 0.125
19 16 0.125
20 16 0.125
13 17 0.142857
14 17 0.142857
16 17 0.142857
18 17 0.142857
19 17 0.142857
21 17 0.142857
105 17 0.142857
13 127 0.111111
24 127 0.111111
123 127 0.111111
124 127 0.111111
125 127 0.111111
126 127 0.111111
129 127 0.111111
130 127 0.111111
131 127 0.111111
13 155 0.125
78 155 0.125
151 155 0.125
152 155 0.125
153 155 0.125
154 155 0.125
156 155 0.125
159 155 0.125
13 79 0.111111
75 79 0.111111
76 79 0.111111
77 79 0.111111
78 79 0.111111
80 79 0.111111
81 79 0.111111
82 79 0.111111
114 79 0.111111
14 18 0.125
15 18 0.125
16 18 0.125
17 18 0.125
19 18 0.125
20 18 0.125
21 18 0.125
22 18 0.125
14 172 0.125
158 172 0.125
168 172 0.125
169 172 0.125
170 172 0.125
171 172 0.125
173 172 0.125
175 172 0.125
15 19 0.111111
16 19 0.111111
17 19 0.111111
18 19 0.111111
20 19 0.111111
21 19 0.111111
22 19 0.111111
23 19 0.111111
176 19 0.111111
15 174 0.142857
170 174 0.142857
171 174 0.142857
173 174 0.142857
176 174 0.142857
177 174 0.142857
178 174 0.142857
15 63 0.1
59 63 0.1
60 63 0.1
61 63 0.1
62 63 0.1
64 63 0.1
65 63 0.1
66 63 0.1
67 63 0.1
111 63 0.1
16 20 0.142857
18 20 0.142857
19 20 0.142857
21 20 0.142857
22 20 0.142857
23 20 0.142857
24 20 0.142857
17 21 0.125
18 21 0.125
19 21 0.125
20 21 0.125
22 21 0.125
23 21 0.125
24 21 0.125
25 21 0.125
17 105 0.125
101 105 0.125
102 105 0.125
103 105 0.125
106 105 0.125
107 105 0.125
108 105 0.125
109 105 0.125
18 22 0.125
19 22 0.125
20 22 0.125
21 22 0.125
23 22 0.125
24 22 0.125
25 22 0.125
26 22 0.125
19 176 0.142857
33 176 0.142857
173 176 0.142857
174 176 0.142857
175 176 0.142857
177 176 0.142857
179 176 0.142857
20 24 0.125
21 24 0.125
22 24 0.125
25 24 0.125
26 24 0.125
27 24 0.125
28 24 0.125
127 24 0.125
21 25 0.111111
22 25 0.111111
23 25 0.111111
24 25 0.111111
26 25 0.111111
27 25 0.111111
28 25 0.111111
29 25 0.111111
48 25 0.111111
22 26 0.125
23 26 0.125
24 26 0.125
25 26 0.125
27 26 0.125
28 26 0.125
29 26 0.125
30 26 0.125
23 27 0.1
24 27 0.1
25 27 0.1
26 27 0.1
28 27 0.1
29 27 0.1
30 27 0.1
47 27 0.1
135 27 0.1
53 27 0.1
23 67 0.111111
63 67 0.111111
64 67 0.111111
65 67 0.111111
66 67 0.111111
69 67 0.111111
70 67 0.111111
71 67 0.111111
98 67 0.111111
23 161 0.125
157 161 0.125
158 161 0.125
159 161 0.125
160 161 0.125
162 161 0.125
163 161 0.125
164 161 0.125
24 28 0.125
25 28 0.125
26 28 0.125
27 28 0.125
29 28 0.125
30 28 0.125
31 28 0.125
32 28 0.125
25 29 0.111111
26 29 0.111111
27 29 0.111111
28 29 0.111111
30 29 0.111111
31 29 0.111111
33 29 0.111111
143 29 0.111111
86 29 0.111111
26 30 0.125
27 30 0.125
28 30 0.125
29 30 0.125
31 30 0.125
32 30 0.125
33 30 0.125
34 30 0.125
27 47 0.125
43 47 0.125
44 47 0.125
45 47 0.125
46 47 0.125
49 47 0.125
50 47 0.125
51 47 0.125
27 135 0.111111
42 135 0.111111
131 135 0.111111
132 135 0.111111
133 135 0.111111
134 135 0.111111
136 135 0.111111
137 135 0.111111
138 135 0.111111
27 53 0.125
49 53 0.125
50 53 0.125
51 53 0.125
52 53 0.125
54 53 0.125
55 53 0.125
56 53 0.125
28 31 0.142857
29 31 0.142857
30 31 0.142857
32 31 0.142857
33 31 0.142857
34 31 0.142857
35 31 0.142857
29 33 0.111111
30 33 0.111111
31 33 0.111111
32 33 0.111111
34 33 0.111111
35 33 0.111111
36 33 0.111111
37 33 0.111111
176 33 0.111111
29 143 0.111111
140 143 0.111111
141 143 0.111111
142 143 0.111111
144 143 0.111111
145 143 0.111111
146 143 0.111111
147 143 0.111111
182 143 0.111111
29 86 0.125
82 86 0.125
83 86 0.125
84 86 0.125
85 86 0.125
87 86 0.125
88 86 0.125
90 86 0.125
30 34 0.125
31 34 0.125
32 34 0.125
33 34 0.125
35 34 0.125
36 34 0.125
37 34 0.125
38 34 0.125
31 35 0.111111
32 35 0.111111
33 35 0.111111
34 35 0.111111
37 35 0.111111
38 35 0.111111
122 35 0.111111
87 35 0.111111
142 35 0.111111
32 36 0.142857
33 36 0.142857
34 36 0.142857
38 36 0.142857
39 36 0.142857
40 36 0.142857
48 36 0.142857
32 151 0.142857
147 151 0.142857
148 151 0.142857
149 151 0.142857
152 151 0.142857
154 151 0.142857
155 151 0.142857
33 37 0.142857
34 37 0.142857
35 37 0.142857
38 37 0.142857
39 37 0.142857
40 37 0.142857
41 37 0.142857
34 38 0.125
35 38 0.125
36 38 0.125
37 38 0.125
39 38 0.125
41 38 0.125
42 38 0.125
96 38 0.125
35 122 0.111111
118 122 0.111111
119 122 0.111111
120 122 0.111111
121 122 0.111111
124 122 0.111111
125 122 0.111111
126 122 0.111111
132 122 0.111111
35 87 0.1
78 87 0.1
83 87 0.1
84 87 0.1
85 87 0.1
86 87 0.1
88 87 0.1
89 87 0.1
90 87 0.1
91 87 0.1
35 142 0.125
138 142 0.125
139 142 0.125
140 142 0.125
141 142 0.125
143 142 0.125
144 142 0.125
145 142 0.125
36 39 0.142857
37 39 0.142857
38 39 0.142857
40 39 0.142857
41 39 0.142857
42 39 0.142857
43 39 0.142857
36 40 0.142857
37 40 0.142857
39 40 0.142857
41 40 0.142857
43 40 0.142857
44 40 0.142857
66 40 0.142857
37 41 0.125
38 41 0.125
39 41 0.125
40 41 0.125
42 41 0.125
43 41 0.125
44 41 0.125
45 41 0.125
38 42 0.125
39 42 0.125
41 42 0.125
43 42 0.125
44 42 0.125
45 42 0.125
46 42 0.125
135 42 0.125
38 96 0.111111
62 96 0.111111
92 96 0.111111
93 96 0.111111
94 96 0.111111
95 96 0.111111
98 96 0.111111
99 96 0.111111
100 96 0.111111
39 43 0.125
40 43 0.125
41 43 0.125
42 43 0.125
44 43 0.125
45 43 0.125
46 43 0.125
47 43 0.125
40 44 0.111111
41 44 0.111111
42 44 0.111111
43 44 0.111111
45 44 0.111111
46 44 0.111111
47 44 0.111111
48 44 0.111111
164 44 0.111111
40 66 0.111111
62 66 0.111111
63 66 0.111111
64 66 0.111111
65 66 0.111111
67 66 0.111111
68 66 0.111111
69 66 0.111111
70 66 0.111111
41 45 0.125
42 45 0.125
43 45 0.125
44 45 0.125
46 45 0.125
47 45 0.125
48 45 0.125
49 45 0.125
42 46 0.111111
43 46 0.111111
44 46 0.111111
45 46 0.111111
47 46 0.111111
48 46 0.111111
49 46 0.111111
50 46 0.111111
189 46 0.111111
44 164 0.142857
160 164 0.142857
161 164 0.142857
163 164 0.142857
166 164 0.142857
167 164 0.142857
168 164 0.142857
45 49 0.125
46 49 0.125
47 49 0.125
48 49 0.125
51 49 0.125
52 49 0.125
53 49 0.125
150 49 0.125
46 50 0.142857
47 50 0.142857
48 50 0.142857
51 50 0.142857
52 50 0.142857
53 50 0.142857
54 50 0.142857
47 51 0.125
49 51 0.125
50 51 0.125
52 51 0.125
53 51 0.125
121 51 0.125
187 51 0.125
102 51 0.125
48 52 0.111111
49 52 0.111111
50 52 0.111111
51 52 0.111111
53 52 0.111111
56 52 0.111111
150 52 0.111111
166 52 0.111111
177 52 0.111111
48 110 0.142857
106 110 0.142857
107 110 0.142857
108 110 0.142857
112 110 0.142857
113 110 0.142857
114 110 0.142857
49 150 0.1
52 150 0.1
114 150 0.1
146 150 0.1
147 150 0.1
148 150 0.1
149 150 0.1
152 150 0.1
153 150 0.1
154 150 0.1
50 54 0.166667
53 54 0.166667
55 54 0.166667
56 54 0.166667
57 54 0.166667
58 54 0.166667
51 121 0.142857
117 121 0.142857
119 121 0.142857
120 121 0.142857
122 121 0.142857
124 121 0.142857
125 121 0.142857
51 102 0.111111
98 102 0.111111
99 102 0.111111
100 102 0.111111
101 102 0.111111
103 102 0.111111
104 102 0.111111
105 102 0.111111
148 102 0.111111
52 56 0.142857
53 56 0.142857
54 56 0.142857
57 56 0.142857
58 56 0.142857
59 56 0.142857
60 56 0.142857
52 166 0.111111
89 166 0.111111
162 166 0.111111
163 166 0.111111
164 166 0.111111
165 166 0.111111
167 166 0.111111
168 166 0.111111
169 166 0.111111
52 177 0.111111
173 177 0.111111
174 177 0.111111
175 177 0.111111
176 177 0.111111
178 177 0.111111
179 177 0.111111
181 177 0.111111
190 177 0.111111
54 57 0.125
55 57 0.125
56 57 0.125
58 57 0.125
59 57 0.125
60 57 0.125
61 57 0.125
186 57 0.125
54 58 0.125
55 58 0.125
56 58 0.125
57 58 0.125
59 58 0.125
60 58 0.125
61 58 0.125
62 58 0.125
55 59 0.111111
56 59 0.111111
57 59 0.111111
58 59 0.111111
60 59 0.111111
61 59 0.111111
62 59 0.111111
63 59 0.111111
73 59 0.111111
55 162 0.125
111 162 0.125
158 162 0.125
159 162 0.125
160 162 0.125
161 162 0.125
165 162 0.125
166 162 0.125
56 60 0.125
57 60 0.125
58 60 0.125
59 60 0.125
61 60 0.125
62 60 0.125
63 60 0.125
89 60 0.125
57 61 0.125
58 61 0.125
59 61 0.125
60 61 0.125
62 61 0.125
63 61 0.125
64 61 0.125
65 61 0.125
57 186 0.125
182 186 0.125
183 186 0.125
184 186 0.125
185 186 0.125
187 186 0.125
188 186 0.125
190 186 0.125
58 62 0.111111
59 62 0.111111
60 62 0.111111
61 62 0.111111
63 62 0.111111
64 62 0.111111
65 62 0.111111
66 62 0.111111
96 62 0.111111
59 73 0.125
69 73 0.125
70 73 0.125
71 73 0.125
72 73 0.125
75 73 0.125
76 73 0.125
77 73 0.125
60 89 0.111111
85 89 0.111111
87 89 0.111111
88 89 0.111111
90 89 0.111111
91 89 0.111111
92 89 0.111111
93 89 0.111111
166 89 0.111111
61 64 0.142857
62 64 0.142857
63 64 0.142857
65 64 0.142857
66 64 0.142857
67 64 0.142857
68 64 0.142857
61 65 0.125
62 65 0.125
63 65 0.125
64 65 0.125
66 65 0.125
67 65 0.125
68 65 0.125
74 65 0.125
63 111 0.125
107 111 0.125
108 111 0.125
109 111 0.125
112 111 0.125
113 111 0.125
115 111 0.125
162 111 0.125
64 68 0.142857
65 68 0.142857
66 68 0.142857
70 68 0.142857
71 68 0.142857
72 68 0.142857
171 68 0.142857
65 74 0.125
70 74 0.125
71 74 0.125
72 74 0.125
75 74 0.125
76 74 0.125
77 74 0.125
78 74 0.125
66 69 0.166667
67 69 0.166667
70 69 0.166667
71 69 0.166667
72 69 0.166667
73 69 0.166667
66 70 0.111111
67 70 0.111111
68 70 0.111111
69 70 0.111111
71 70 0.111111
72 70 0.111111
73 70 0.111111
74 70 0.111111
134 70 0.111111
67 71 0.125
68 71 0.125
69 71 0.125
70 71 0.125
72 71 0.125
73 71 0.125
74 71 0.125
75 71 0.125
67 98 0.111111
94 98 0.111111
95 98 0.111111
96 98 0.111111
97 98 0.111111
99 98 0.111111
100 98 0.111111
101 98 0.111111
102 98 0.111111
68 72 0.111111
69 72 0.111111
70 72 0.111111
71 72 0.111111
73 72 0.111111
74 72 0.111111
75 72 0.111111
76 72 0.111111
139 72 0.111111
70 134 0.125
130 134 0.125
131 134 0.125
132 134 0.125
133 134 0.125
135 134 0.125
137 134 0.125
138 134 0.125
71 75 0.125
72 75 0.125
73 75 0.125
74 75 0.125
76 75 0.125
77 75 0.125
78 75 0.125
79 75 0.125
72 76 0.125
73 76 0.125
74 76 0.125
75 76 0.125
77 76 0.125
79 76 0.125
80 76 0.125
132 76 0.125
72 139 0.142857
136 139 0.142857
137 139 0.142857
138 139 0.142857
140 139 0.142857
141 139 0.142857
142 139 0.142857
73 77 0.125
74 77 0.125
75 77 0.125
76 77 0.125
78 77 0.125
79 77 0.125
80 77 0.125
81 77 0.125
74 78 0.125
75 78 0.125
77 78 0.125
79 78 0.125
81 78 0.125
82 78 0.125
87 78 0.125
155 78 0.125
76 80 0.142857
77 80 0.142857
79 80 0.142857
81 80 0.142857
82 80 0.142857
83 80 0.142857
84 80 0.142857
76 132 0.1
122 132 0.1
128 132 0.1
129 132 0.1
130 132 0.1
131 132 0.1
133 132 0.1
134 132 0.1
135 132 0.1
136 132 0.1
77 81 0.125
78 81 0.125
79 81 0.125
80 81 0.125
82 81 0.125
83 81 0.125
84 81 0.125
85 81 0.125
78 82 0.125
79 82 0.125
80 82 0.125
81 82 0.125
83 82 0.125
84 82 0.125
85 82 0.125
86 82 0.125
79 114 0.142857
110 114 0.142857
112 114 0.142857
113 114 0.142857
116 114 0.142857
117 114 0.142857
150 114 0.142857
80 83 0.142857
81 83 0.142857
82 83 0.142857
84 83 0.142857
85 83 0.142857
86 83 0.142857
87 83 0.142857
80 84 0.125
81 84 0.125
82 84 0.125
83 84 0.125
85 84 0.125
86 84 0.125
87 84 0.125
88 84 0.125
81 85 0.111111
82 85 0.111111
83 85 0.111111
84 85 0.111111
86 85 0.111111
87 85 0.111111
88 85 0.111111
89 85 0.111111
159 85 0.111111
84 88 0.125
85 88 0.125
86 88 0.125
87 88 0.125
89 88 0.125
90 88 0.125
91 88 0.125
92 88 0.125
85 159 0.125
155 159 0.125
156 159 0.125
157 159 0.125
158 159 0.125
160 159 0.125
161 159 0.125
162 159 0.125
86 90 0.125
87 90 0.125
88 90 0.125
89 90 0.125
93 90 0.125
94 90 0.125
181 90 0.125
109 90 0.125
87 91 0.142857
88 91 0.142857
89 91 0.142857
92 91 0.142857
93 91 0.142857
94 91 0.142857
95 91 0.142857
88 92 0.142857
89 92 0.142857
91 92 0.142857
93 92 0.142857
94 92 0.142857
95 92 0.142857
96 92 0.142857
89 93 0.125
90 93 0.125
91 93 0.125
92 93 0.125
94 93 0.125
95 93 0.125
96 93 0.125
97 93 0.125
90 94 0.125
91 94 0.125
92 94 0.125
93 94 0.125
95 94 0.125
96 94 0.125
97 94 0.125
98 94 0.125
90 181 0.111111
177 181 0.111111
178 181 0.111111
179 181 0.111111
180 181 0.111111
182 181 0.111111
183 181 0.111111
184 181 0.111111
185 181 0.111111
91 95 0.125
92 95 0.125
93 95 0.125
94 95 0.125
96 95 0.125
97 95 0.125
98 95 0.125
99 95 0.125
93 97 0.142857
94 97 0.142857
95 97 0.142857
98 97 0.142857
99 97 0.142857
100 97 0.142857
101 97 0.142857
95 99 0.125
96 99 0.125
97 99 0.125
98 99 0.125
100 99 0.125
101 99 0.125
102 99 0.125
103 99 0.125
96 100 0.125
97 100 0.125
98 100 0.125
99 100 0.125
101 100 0.125
102 100 0.125
103 100 0.125
104 100 0.125
97 101 0.125
98 101 0.125
99 101 0.125
100 101 0.125
102 101 0.125
103 101 0.125
104 101 0.125
105 101 0.125
99 103 0.125
100 103 0.125
101 103 0.125
102 103 0.125
104 103 0.125
105 103 0.125
106 103 0.125
107 103 0.125
102 148 0.111111
144 148 0.111111
145 148 0.111111
146 148 0.111111
147 148 0.111111
149 148 0.111111
150 148 0.111111
151 148 0.111111
152 148 0.111111
103 106 0.142857
104 106 0.142857
105 106 0.142857
107 106 0.142857
108 106 0.142857
109 106 0.142857
110 106 0.142857
103 107 0.125
104 107 0.125
105 107 0.125
106 107 0.125
108 107 0.125
109 107 0.125
110 107 0.125
111 107 0.125
104 108 0.125
105 108 0.125
106 108 0.125
107 108 0.125
109 108 0.125
110 108 0.125
111 108 0.125
112 108 0.125
108 112 0.125
109 112 0.125
110 112 0.125
111 112 0.125
113 112 0.125
114 112 0.125
115 112 0.125
116 112 0.125
109 113 0.125
110 113 0.125
111 113 0.125
112 113 0.125
114 113 0.125
115 113 0.125
116 113 0.125
117 113 0.125
111 115 0.142857
112 115 0.142857
113 115 0.142857
116 115 0.142857
117 115 0.142857
118 115 0.142857
119 115 0.142857
112 116 0.125
113 116 0.125
114 116 0.125
115 116 0.125
117 116 0.125
118 116 0.125
119 116 0.125
120 116 0.125
113 117 0.125
114 117 0.125
115 117 0.125
116 117 0.125
118 117 0.125
119 117 0.125
120 117 0.125
121 117 0.125
115 118 0.142857
116 118 0.142857
117 118 0.142857
119 118 0.142857
120 118 0.142857
122 118 0.142857
144 118 0.142857
115 119 0.125
116 119 0.125
117 119 0.125
118 119 0.125
120 119 0.125
121 119 0.125
122 119 0.125
123 119 0.125
116 120 0.125
117 120 0.125
118 120 0.125
119 120 0.125
121 120 0.125
122 120 0.125
123 120 0.125
124 120 0.125
118 144 0.111111
140 144 0.111111
141 144 0.111111
142 144 0.111111
143 144 0.111111
145 144 0.111111
146 144 0.111111
147 144 0.111111
148 144 0.111111
119 123 0.166667
120 123 0.166667
124 123 0.166667
125 123 0.166667
126 123 0.166667
127 123 0.166667
120 124 0.111111
121 124 0.111111
122 124 0.111111
123 124 0.111111
126 124 0.111111
127 124 0.111111
128 124 0.111111
167 124 0.111111
179 124 0.111111
121 125 0.142857
122 125 0.142857
123 125 0.142857
126 125 0.142857
127 125 0.142857
128 125 0.142857
129 125 0.142857
122 126 0.125
123 126 0.125
124 126 0.125
125 126 0.125
127 126 0.125
128 126 0.125
129 126 0.125
130 126 0.125
124 128 0.142857
125 128 0.142857
126 128 0.142857
129 128 0.142857
130 128 0.142857
131 128 0.142857
132 128 0.142857
124 179 0.125
175 179 0.125
176 179 0.125
177 179 0.125
178 179 0.125
180 179 0.125
181 179 0.125
182 179 0.125
125 129 0.125
126 129 0.125
127 129 0.125
128 129 0.125
130 129 0.125
131 129 0.125
132 129 0.125
133 129 0.125
126 130 0.125
127 130 0.125
128 130 0.125
129 130 0.125
131 130 0.125
132 130 0.125
133 130 0.125
134 130 0.125
129 133 0.125
130 133 0.125
131 133 0.125
132 133 0.125
134 133 0.125
135 133 0.125
136 133 0.125
137 133 0.125
132 136 0.142857
133 136 0.142857
135 136 0.142857
137 136 0.142857
138 136 0.142857
139 136 0.142857
140 136 0.142857
133 137 0.125
134 137 0.125
135 137 0.125
136 137 0.125
138 137 0.125
139 137 0.125
140 137 0.125
141 137 0.125
134 138 0.125
135 138 0.125
136 138 0.125
137 138 0.125
139 138 0.125
140 138 0.125
141 138 0.125
142 138 0.125
136 140 0.125
137 140 0.125
138 140 0.125
139 140 0.125
141 140 0.125
142 140 0.125
143 140 0.125
144 140 0.125
137 141 0.125
138 141 0.125
139 141 0.125
140 141 0.125
142 141 0.125
143 141 0.125
144 141 0.125
145 141 0.125
141 145 0.125
142 145 0.125
143 145 0.125
144 145 0.125
146 145 0.125
147 145 0.125
148 145 0.125
149 145 0.125
143 146 0.142857
144 146 0.142857
145 146 0.142857
147 146 0.142857
148 146 0.142857
149 146 0.142857
150 146 0.142857
143 182 0.125
178 182 0.125
179 182 0.125
180 182 0.125
181 182 0.125
183 182 0.125
184 182 0.125
186 182 0.125
145 149 0.125
146 149 0.125
147 149 0.125
148 149 0.125
150 149 0.125
151 149 0.125
152 149 0.125
153 149 0.125
148 152 0.125
149 152 0.125
150 152 0.125
151 152 0.125
153 152 0.125
154 152 0.125
155 152 0.125
156 152 0.125
149 153 0.142857
150 153 0.142857
152 153 0.142857
154 153 0.142857
155 153 0.142857
156 153 0.142857
157 153 0.142857
150 154 0.125
151 154 0.125
152 154 0.125
153 154 0.125
155 154 0.125
156 154 0.125
157 154 0.125
158 154 0.125
152 156 0.125
153 156 0.125
154 156 0.125
155 156 0.125
157 156 0.125
158 156 0.125
159 156 0.125
160 156 0.125
153 157 0.142857
154 157 0.142857
156 157 0.142857
158 157 0.142857
159 157 0.142857
160 157 0.142857
161 157 0.142857
154 158 0.125
156 158 0.125
157 158 0.125
159 158 0.125
160 158 0.125
161 158 0.125
162 158 0.125
172 158 0.125
156 160 0.125
157 160 0.125
158 160 0.125
159 160 0.125
161 160 0.125
162 160 0.125
163 160 0.125
164 160 0.125
162 165 0.2
166 165 0.2
167 165 0.2
168 165 0.2
169 165 0.2
164 168 0.125
165 168 0.125
166 168 0.125
167 168 0.125
169 168 0.125
171 168 0.125
172 168 0.125
175 168 0.125
165 169 0.125
166 169 0.125
167 169 0.125
168 169 0.125
170 169 0.125
171 169 0.125
172 169 0.125
173 169 0.125
167 170 0.166667
169 170 0.166667
171 170 0.166667
172 170 0.166667
173 170 0.166667
174 170 0.166667
168 175 0.111111
171 175 0.111111
172 175 0.111111
173 175 0.111111
176 175 0.111111
177 175 0.111111
178 175 0.111111
179 175 0.111111
187 175 0.111111
169 173 0.142857
170 173 0.142857
172 173 0.142857
174 173 0.142857
175 173 0.142857
176 173 0.142857
177 173 0.142857
174 178 0.142857
175 178 0.142857
177 178 0.142857
179 178 0.142857
180 178 0.142857
181 178 0.142857
182 178 0.142857
178 180 0.166667
179 180 0.166667
181 180 0.166667
182 180 0.166667
183 180 0.166667
184 180 0.166667
180 183 0.142857
181 183 0.142857
182 183 0.142857
184 183 0.142857
185 183 0.142857
186 183 0.142857
187 183 0.142857
180 184 0.125
181 184 0.125
182 184 0.125
183 184 0.125
185 184 0.125
186 184 0.125
187 184 0.125
188 184 0.125
181 185 0.142857
183 185 0.142857
184 185 0.142857
186 185 0.142857
187 185 0.142857
188 185 0.142857
189 185 0.142857
1 0 0.111111
190 0 0.111111
2 0 0.111111
189 0 0.111111
3 0 0.111111
188 0 0.111111
4 0 0.111111
187 0 0.111111
171 0 0.111111
