0 1 0.125
2 1 0.125
3 1 0.125
153 1 0.125
152 1 0.125
5 1 0.125
151 1 0.125
89 1 0.125
0 153 0.111111
1 153 0.111111
2 153 0.111111
3 153 0.111111
8 153 0.111111
149 153 0.111111
150 153 0.111111
151 153 0.111111
152 153 0.111111
0 2 0.125
1 2 0.125
3 2 0.125
4 2 0.125
5 2 0.125
153 2 0.125
6 2 0.125
152 2 0.125
0 152 0.125
1 152 0.125
2 152 0.125
95 152 0.125
118 152 0.125
149 152 0.125
150 152 0.125
153 152 0.125
0 151 0.125
1 151 0.125
62 151 0.125
147 151 0.125
148 151 0.125
149 151 0.125
150 151 0.125
153 151 0.125
0 4 0.166667
2 4 0.166667
5 4 0.166667
6 4 0.166667
7 4 0.166667
8 4 0.166667
0 150 0.111111
29 150 0.111111
146 150 0.111111
147 150 0.111111
148 150 0.111111
149 150 0.111111
151 150 0.111111
152 150 0.111111
153 150 0.111111
0 17 0.125
14 17 0.125
15 17 0.125
16 17 0.125
20 17 0.125
76 17 0.125
109 17 0.125
119 17 0.125
0 66 0.090909
5 66 0.090909
27 66 0.090909
63 66 0.090909
64 66 0.090909
65 66 0.090909
67 66 0.090909
68 66 0.090909
69 66 0.090909
70 66 0.090909
95 66 0.090909
1 3 0.142857
2 3 0.142857
5 3 0.142857
6 3 0.142857
7 3 0.142857
153 3 0.142857
93 3 0.142857
1 5 0.111111
2 5 0.111111
3 5 0.111111
4 5 0.111111
7 5 0.111111
8 5 0.111111
9 5 0.111111
66 5 0.111111
73 5 0.111111
1 89 0.125
85 89 0.125
86 89 0.125
87 89 0.125
90 89 0.125
91 89 0.125
92 89 0.125
106 89 0.125
2 6 0.142857
3 6 0.142857
4 6 0.142857
7 6 0.142857
8 6 0.142857
9 6 0.142857
10 6 0.142857
3 7 0.125
4 7 0.125
5 7 0.125
6 7 0.125
8 7 0.125
9 7 0.125
10 7 0.125
11 7 0.125
3 93 0.142857
90 93 0.142857
92 93 0.142857
94 93 0.142857
95 93 0.142857
96 93 0.142857
97 93 0.142857
4 8 0.1
5 8 0.1
6 8 0.1
7 8 0.1
10 8 0.1
11 8 0.1
12 8 0.1
153 8 0.1
25 8 0.1
62 8 0.1
5 9 0.125
6 9 0.125
7 9 0.125
10 9 0.125
11 9 0.125
13 9 0.125
31 9 0.125
16 9 0.125
5 73 0.125
69 73 0.125
70 73 0.125
71 73 0.125
72 73 0.125
74 73 0.125
75 73 0.125
77 73 0.125
6 10 0.125
7 10 0.125
8 10 0.125
9 10 0.125
11 10 0.125
12 10 0.125
14 10 0.125
52 10 0.125
7 11 0.125
8 11 0.125
9 11 0.125
10 11 0.125
12 11 0.125
13 11 0.125
14 11 0.125
15 11 0.125
8 12 0.142857
10 12 0.142857
11 12 0.142857
13 12 0.142857
14 12 0.142857
15 12 0.142857
16 12 0.142857
8 25 0.125
21 25 0.125
22 25 0.125
23 25 0.125
24 25 0.125
26 25 0.125
27 25 0.125
29 25 0.125
8 62 0.1
58 62 0.1
59 62 0.1
60 62 0.1
61 62 0.1
63 62 0.1
64 62 0.1
65 62 0.1
151 62 0.1
102 62 0.1
9 13 0.142857
11 13 0.142857
12 13 0.142857
14 13 0.142857
15 13 0.142857
16 13 0.142857
139 13 0.142857
9 31 0.111111
22 31 0.111111
27 31 0.111111
28 31 0.111111
29 31 0.111111
30 31 0.111111
32 31 0.111111
33 31 0.111111
34 31 0.111111
9 16 0.142857
12 16 0.142857
13 16 0.142857
14 16 0.142857
17 16 0.142857
18 16 0.142857
128 16 0.142857
10 14 0.1
11 14 0.1
12 14 0.1
13 14 0.1
15 14 0.1
16 14 0.1
17 14 0.1
18 14 0.1
142 14 0.1
112 14 0.1
10 52 0.111111
48 52 0.111111
49 52 0.111111
50 52 0.111111
51 52 0.111111
54 52 0.111111
55 52 0.111111
56 52 0.111111
128 52 0.111111
11 15 0.125
12 15 0.125
13 15 0.125
14 15 0.125
17 15 0.125
18 15 0.125
19 15 0.125
78 15 0.125
13 139 0.111111
135 139 0.111111
136 139 0.111111
137 139 0.111111
138 139 0.111111
140 139 0.111111
141 139 0.111111
142 139 0.111111
143 139 0.111111
14 18 0.142857
15 18 0.142857
16 18 0.142857
19 18 0.142857
20 18 0.142857
21 18 0.142857
22 18 0.142857
14 142 0.125
63 142 0.125
138 142 0.125
139 142 0.125
140 142 0.125
141 142 0.125
144 142 0.125
145 142 0.125
14 112 0.142857
108 112 0.142857
110 112 0.142857
111 112 0.142857
113 112 0.142857
114 112 0.142857
115 112 0.142857
15 19 0.166667
18 19 0.166667
20 19 0.166667
21 19 0.166667
22 19 0.166667
23 19 0.166667
15 78 0.111111
74 78 0.111111
75 78 0.111111
76 78 0.111111
77 78 0.111111
79 78 0.111111
80 78 0.111111
81 78 0.111111
82 78 0.111111
16 128 0.1
52 128 0.1
124 128 0.1
125 128 0.1
126 128 0.1
127 128 0.1
129 128 0.1
130 128 0.1
131 128 0.1
132 128 0.1
17 20 0.142857
18 20 0.142857
19 20 0.142857
21 20 0.142857
22 20 0.142857
23 20 0.142857
24 20 0.142857
17 76 0.125
72 76 0.125
74 76 0.125
75 76 0.125
77 76 0.125
78 76 0.125
80 76 0.125
98 76 0.125
17 109 0.142857
105 109 0.142857
106 109 0.142857
107 109 0.142857
110 109 0.142857
111 109 0.142857
113 109 0.142857
17 119 0.111111
115 119 0.111111
116 119 0.111111
117 119 0.111111
118 119 0.111111
120 119 0.111111
121 119 0.111111
122 119 0.111111
123 119 0.111111
18 21 0.125
19 21 0.125
20 21 0.125
22 21 0.125
23 21 0.125
24 21 0.125
25 21 0.125
64 21 0.125
18 22 0.1
19 22 0.1
20 22 0.1
21 22 0.1
23 22 0.1
24 22 0.1
25 22 0.1
26 22 0.1
31 22 0.1
148 22 0.1
19 23 0.125
20 23 0.125
21 23 0.125
22 23 0.125
24 23 0.125
25 23 0.125
26 23 0.125
27 23 0.125
20 24 0.125
21 24 0.125
22 24 0.125
23 24 0.125
25 24 0.125
26 24 0.125
27 24 0.125
28 24 0.125
21 64 0.125
60 64 0.125
61 64 0.125
62 64 0.125
63 64 0.125
65 64 0.125
66 64 0.125
67 64 0.125
22 26 0.125
23 26 0.125
24 26 0.125
25 26 0.125
27 26 0.125
28 26 0.125
29 26 0.125
30 26 0.125
22 148 0.142857
144 148 0.142857
145 148 0.142857
146 148 0.142857
149 148 0.142857
150 148 0.142857
151 148 0.142857
23 27 0.125
24 27 0.125
25 27 0.125
26 27 0.125
28 27 0.125
31 27 0.125
87 27 0.125
66 27 0.125
24 28 0.125
26 28 0.125
27 28 0.125
29 28 0.125
30 28 0.125
31 28 0.125
75 28 0.125
133 28 0.125
25 29 0.142857
26 29 0.142857
28 29 0.142857
30 29 0.142857
31 29 0.142857
33 29 0.142857
150 29 0.142857
26 30 0.142857
28 30 0.142857
29 30 0.142857
31 30 0.142857
32 30 0.142857
33 30 0.142857
34 30 0.142857
27 87 0.111111
83 87 0.111111
84 87 0.111111
85 87 0.111111
86 87 0.111111
88 87 0.111111
89 87 0.111111
91 87 0.111111
113 87 0.111111
28 75 0.125
71 75 0.125
72 75 0.125
73 75 0.125
74 75 0.125
76 75 0.125
78 75 0.125
79 75 0.125
28 133 0.111111
129 133 0.111111
130 133 0.111111
131 133 0.111111
132 133 0.111111
134 133 0.111111
135 133 0.111111
136 133 0.111111
137 133 0.111111
29 33 0.125
30 33 0.125
31 33 0.125
32 33 0.125
34 33 0.125
35 33 0.125
36 33 0.125
37 33 0.125
30 32 0.142857
31 32 0.142857
33 32 0.142857
35 32 0.142857
36 32 0.142857
60 32 0.142857
42 32 0.142857
30 34 0.142857
31 34 0.142857
33 34 0.142857
35 34 0.142857
36 34 0.142857
37 34 0.142857
38 34 0.142857
32 35 0.142857
33 35 0.142857
34 35 0.142857
38 35 0.142857
39 35 0.142857
105 35 0.142857
71 35 0.142857
32 36 0.142857
33 36 0.142857
34 36 0.142857
37 36 0.142857
38 36 0.142857
39 36 0.142857
40 36 0.142857
32 60 0.125
56 60 0.125
58 60 0.125
59 60 0.125
61 60 0.125
62 60 0.125
64 60 0.125
143 60 0.125
32 42 0.125
38 42 0.125
39 42 0.125
40 42 0.125
41 42 0.125
43 42 0.125
45 42 0.125
46 42 0.125
33 37 0.142857
34 37 0.142857
36 37 0.142857
38 37 0.142857
39 37 0.142857
40 37 0.142857
41 37 0.142857
34 38 0.125
35 38 0.125
36 38 0.125
37 38 0.125
39 38 0.125
40 38 0.125
41 38 0.125
42 38 0.125
35 39 0.125
36 39 0.125
37 39 0.125
38 39 0.125
40 39 0.125
41 39 0.125
42 39 0.125
43 39 0.125
35 105 0.111111
101 105 0.111111
102 105 0.111111
103 105 0.111111
104 105 0.111111
106 105 0.111111
107 105 0.111111
109 105 0.111111
121 105 0.111111
35 71 0.111111
67 71 0.111111
68 71 0.111111
69 71 0.111111
70 71 0.111111
72 71 0.111111
73 71 0.111111
74 71 0.111111
75 71 0.111111
36 40 0.125
37 40 0.125
38 40 0.125
39 40 0.125
41 40 0.125
42 40 0.125
43 40 0.125
44 40 0.125
37 41 0.111111
38 41 0.111111
39 41 0.111111
40 41 0.111111
42 41 0.111111
43 41 0.111111
44 41 0.111111
45 41 0.111111
98 41 0.111111
39 43 0.125
40 43 0.125
41 43 0.125
42 43 0.125
44 43 0.125
45 43 0.125
46 43 0.125
47 43 0.125
40 44 0.125
41 44 0.125
43 44 0.125
45 44 0.125
46 44 0.125
47 44 0.125
48 44 0.125
57 44 0.125
41 45 0.111111
42 45 0.111111
43 45 0.111111
44 45 0.111111
46 45 0.111111
47 45 0.111111
48 45 0.111111
49 45 0.111111
130 45 0.111111
41 98 0.125
76 98 0.125
94 98 0.125
96 98 0.125
97 98 0.125
100 98 0.125
101 98 0.125
102 98 0.125
42 46 0.125
43 46 0.125
44 46 0.125
45 46 0.125
47 46 0.125
49 46 0.125
50 46 0.125
107 46 0.125
43 47 0.125
44 47 0.125
45 47 0.125
46 47 0.125
48 47 0.125
49 47 0.125
50 47 0.125
51 47 0.125
44 48 0.142857
45 48 0.142857
47 48 0.142857
49 48 0.142857
50 48 0.142857
51 48 0.142857
52 48 0.142857
44 57 0.125
53 57 0.125
54 57 0.125
55 57 0.125
56 57 0.125
58 57 0.125
59 57 0.125
61 57 0.125
45 49 0.125
46 49 0.125
47 49 0.125
48 49 0.125
50 49 0.125
51 49 0.125
52 49 0.125
53 49 0.125
45 130 0.125
126 130 0.125
127 130 0.125
128 130 0.125
129 130 0.125
131 130 0.125
132 130 0.125
133 130 0.125
46 50 0.125
47 50 0.125
48 50 0.125
49 50 0.125
51 50 0.125
52 50 0.125
53 50 0.125
54 50 0.125
46 107 0.111111
103 107 0.111111
104 107 0.111111
105 107 0.111111
106 107 0.111111
108 107 0.111111
109 107 0.111111
110 107 0.111111
111 107 0.111111
47 51 0.125
48 51 0.125
49 51 0.125
50 51 0.125
52 51 0.125
53 51 0.125
54 51 0.125
55 51 0.125
49 53 0.142857
50 53 0.142857
51 53 0.142857
54 53 0.142857
55 53 0.142857
56 53 0.142857
57 53 0.142857
50 54 0.125
51 54 0.125
52 54 0.125
53 54 0.125
55 54 0.125
56 54 0.125
57 54 0.125
58 54 0.125
51 55 0.125
52 55 0.125
53 55 0.125
54 55 0.125
56 55 0.125
57 55 0.125
58 55 0.125
82 55 0.125
52 56 0.111111
53 56 0.111111
54 56 0.111111
55 56 0.111111
57 56 0.111111
58 56 0.111111
59 56 0.111111
60 56 0.111111
147 56 0.111111
54 58 0.111111
55 58 0.111111
56 58 0.111111
57 58 0.111111
59 58 0.111111
60 58 0.111111
61 58 0.111111
62 58 0.111111
99 58 0.111111
55 82 0.111111
78 82 0.111111
79 82 0.111111
80 82 0.111111
81 82 0.111111
83 82 0.111111
84 82 0.111111
115 82 0.111111
146 82 0.111111
56 59 0.142857
57 59 0.142857
58 59 0.142857
60 59 0.142857
61 59 0.142857
62 59 0.142857
63 59 0.142857
56 147 0.125
143 147 0.125
144 147 0.125
145 147 0.125
146 147 0.125
149 147 0.125
150 147 0.125
151 147 0.125
57 61 0.125
58 61 0.125
59 61 0.125
60 61 0.125
62 61 0.125
64 61 0.125
65 61 0.125
86 61 0.125
58 99 0.142857
95 99 0.142857
96 99 0.142857
97 99 0.142857
100 99 0.142857
101 99 0.142857
102 99 0.142857
59 63 0.142857
62 63 0.142857
64 63 0.142857
65 63 0.142857
66 63 0.142857
67 63 0.142857
142 63 0.142857
60 143 0.125
139 143 0.125
140 143 0.125
141 143 0.125
144 143 0.125
145 143 0.125
146 143 0.125
147 143 0.125
61 65 0.111111
62 65 0.111111
63 65 0.111111
64 65 0.111111
66 65 0.111111
67 65 0.111111
68 65 0.111111
69 65 0.111111
91 65 0.111111
61 86 0.125
83 86 0.125
84 86 0.125
85 86 0.125
87 86 0.125
88 86 0.125
89 86 0.125
90 86 0.125
62 102 0.125
98 102 0.125
99 102 0.125
100 102 0.125
101 102 0.125
103 102 0.125
104 102 0.125
105 102 0.125
63 67 0.125
64 67 0.125
65 67 0.125
66 67 0.125
68 67 0.125
69 67 0.125
70 67 0.125
71 67 0.125
65 68 0.142857
66 68 0.142857
67 68 0.142857
69 68 0.142857
70 68 0.142857
71 68 0.142857
72 68 0.142857
65 69 0.125
66 69 0.125
67 69 0.125
68 69 0.125
71 69 0.125
72 69 0.125
73 69 0.125
100 69 0.125
65 91 0.125
87 91 0.125
88 91 0.125
89 91 0.125
90 91 0.125
92 91 0.125
94 91 0.125
95 91 0.125
66 70 0.142857
67 70 0.142857
68 70 0.142857
71 70 0.142857
72 70 0.142857
73 70 0.142857
74 70 0.142857
66 95 0.125
91 95 0.125
92 95 0.125
93 95 0.125
94 95 0.125
96 95 0.125
99 95 0.125
152 95 0.125
68 72 0.125
69 72 0.125
70 72 0.125
71 72 0.125
73 72 0.125
74 72 0.125
75 72 0.125
76 72 0.125
69 100 0.111111
96 100 0.111111
97 100 0.111111
98 100 0.111111
99 100 0.111111
101 100 0.111111
102 100 0.111111
103 100 0.111111
104 100 0.111111
70 74 0.125
71 74 0.125
72 74 0.125
73 74 0.125
75 74 0.125
76 74 0.125
77 74 0.125
78 74 0.125
73 77 0.142857
74 77 0.142857
76 77 0.142857
78 77 0.142857
79 77 0.142857
80 77 0.142857
81 77 0.142857
75 79 0.142857
77 79 0.142857
78 79 0.142857
80 79 0.142857
81 79 0.142857
82 79 0.142857
83 79 0.142857
76 80 0.125
77 80 0.125
78 80 0.125
79 80 0.125
81 80 0.125
82 80 0.125
83 80 0.125
84 80 0.125
77 81 0.125
78 81 0.125
79 81 0.125
80 81 0.125
82 81 0.125
84 81 0.125
85 81 0.125
92 81 0.125
79 83 0.142857
80 83 0.142857
82 83 0.142857
84 83 0.142857
85 83 0.142857
86 83 0.142857
87 83 0.142857
80 84 0.125
81 84 0.125
82 84 0.125
83 84 0.125
85 84 0.125
86 84 0.125
87 84 0.125
88 84 0.125
81 85 0.142857
83 85 0.142857
84 85 0.142857
86 85 0.142857
87 85 0.142857
88 85 0.142857
89 85 0.142857
81 92 0.111111
88 92 0.111111
89 92 0.111111
90 92 0.111111
91 92 0.111111
93 92 0.111111
94 92 0.111111
95 92 0.111111
96 92 0.111111
82 115 0.111111
111 115 0.111111
112 115 0.111111
113 115 0.111111
114 115 0.111111
116 115 0.111111
117 115 0.111111
118 115 0.111111
119 115 0.111111
82 146 0.125
143 146 0.125
144 146 0.125
145 146 0.125
147 146 0.125
148 146 0.125
149 146 0.125
150 146 0.125
84 88 0.111111
85 88 0.111111
86 88 0.111111
87 88 0.111111
90 88 0.111111
91 88 0.111111
92 88 0.111111
96 88 0.111111
108 88 0.111111
86 90 0.142857
88 90 0.142857
89 90 0.142857
91 90 0.142857
92 90 0.142857
93 90 0.142857
94 90 0.142857
87 113 0.111111
109 113 0.111111
110 113 0.111111
111 113 0.111111
112 113 0.111111
114 113 0.111111
115 113 0.111111
116 113 0.111111
117 113 0.111111
88 96 0.111111
92 96 0.111111
93 96 0.111111
94 96 0.111111
95 96 0.111111
97 96 0.111111
98 96 0.111111
99 96 0.111111
100 96 0.111111
88 108 0.142857
104 108 0.142857
106 108 0.142857
107 108 0.142857
110 108 0.142857
111 108 0.142857
112 108 0.142857
89 106 0.125
103 106 0.125
104 106 0.125
105 106 0.125
107 106 0.125
108 106 0.125
109 106 0.125
110 106 0.125
90 94 0.125
91 94 0.125
92 94 0.125
93 94 0.125
95 94 0.125
96 94 0.125
97 94 0.125
98 94 0.125
93 97 0.142857
94 97 0.142857
96 97 0.142857
98 97 0.142857
99 97 0.142857
100 97 0.142857
101 97 0.142857
97 101 0.125
98 101 0.125
99 101 0.125
100 101 0.125
102 101 0.125
103 101 0.125
104 101 0.125
105 101 0.125
100 103 0.142857
101 103 0.142857
102 103 0.142857
104 103 0.142857
105 103 0.142857
106 103 0.142857
107 103 0.142857
100 104 0.125
101 104 0.125
102 104 0.125
103 104 0.125
105 104 0.125
106 104 0.125
107 104 0.125
108 104 0.125
105 121 0.111111
117 121 0.111111
118 121 0.111111
119 121 0.111111
120 121 0.111111
122 121 0.111111
123 121 0.111111
124 121 0.111111
125 121 0.111111
106 110 0.125
107 110 0.125
108 110 0.125
109 110 0.125
111 110 0.125
112 110 0.125
113 110 0.125
114 110 0.125
107 111 0.125
108 111 0.125
109 111 0.125
110 111 0.125
112 111 0.125
113 111 0.125
114 111 0.125
115 111 0.125
110 114 0.125
111 114 0.125
112 114 0.125
113 114 0.125
115 114 0.125
116 114 0.125
117 114 0.125
118 114 0.125
113 116 0.142857
114 116 0.142857
115 116 0.142857
117 116 0.142857
118 116 0.142857
119 116 0.142857
120 116 0.142857
113 117 0.125
114 117 0.125
115 117 0.125
116 117 0.125
118 117 0.125
119 117 0.125
120 117 0.125
121 117 0.125
114 118 0.125
115 118 0.125
116 118 0.125
117 118 0.125
119 118 0.125
120 118 0.125
121 118 0.125
152 118 0.125
116 120 0.125
117 120 0.125
118 120 0.125
119 120 0.125
121 120 0.125
122 120 0.125
123 120 0.125
124 120 0.125
119 122 0.142857
120 122 0.142857
121 122 0.142857
123 122 0.142857
124 122 0.142857
125 122 0.142857
126 122 0.142857
119 123 0.125
120 123 0.125
121 123 0.125
122 123 0.125
124 123 0.125
125 123 0.125
126 123 0.125
127 123 0.125
120 124 0.125
121 124 0.125
122 124 0.125
123 124 0.125
125 124 0.125
126 124 0.125
127 124 0.125
128 124 0.125
121 125 0.125
122 125 0.125
123 125 0.125
124 125 0.125
126 125 0.125
127 125 0.125
128 125 0.125
129 125 0.125
122 126 0.125
123 126 0.125
124 126 0.125
125 126 0.125
127 126 0.125
128 126 0.125
129 126 0.125
130 126 0.125
123 127 0.125
124 127 0.125
125 127 0.125
126 127 0.125
128 127 0.125
129 127 0.125
130 127 0.125
131 127 0.125
125 129 0.125
126 129 0.125
127 129 0.125
128 129 0.125
130 129 0.125
131 129 0.125
132 129 0.125
133 129 0.125
127 131 0.125
128 131 0.125
129 131 0.125
130 131 0.125
132 131 0.125
133 131 0.125
134 131 0.125
135 131 0.125
128 132 0.125
129 132 0.125
130 132 0.125
131 132 0.125
133 132 0.125
135 132 0.125
136 132 0.125
137 132 0.125
131 134 0.166667
133 134 0.166667
135 134 0.166667
136 134 0.166667
137 134 0.166667
138 134 0.166667
131 135 0.125
132 135 0.125
133 135 0.125
134 135 0.125
136 135 0.125
137 135 0.125
138 135 0.125
139 135 0.125
132 136 0.125
133 136 0.125
134 136 0.125
135 136 0.125
137 136 0.125
138 136 0.125
139 136 0.125
140 136 0.125
132 137 0.111111
133 137 0.111111
134 137 0.111111
135 137 0.111111
136 137 0.111111
138 137 0.111111
139 137 0.111111
140 137 0.111111
141 137 0.111111
134 138 0.125
135 138 0.125
136 138 0.125
137 138 0.125
139 138 0.125
140 138 0.125
141 138 0.125
142 138 0.125
136 140 0.125
137 140 0.125
138 140 0.125
139 140 0.125
141 140 0.125
142 140 0.125
143 140 0.125
144 140 0.125
137 141 0.125
138 141 0.125
139 141 0.125
140 141 0.125
142 141 0.125
143 141 0.125
144 141 0.125
145 141 0.125
140 144 0.125
141 144 0.125
142 144 0.125
143 144 0.125
145 144 0.125
146 144 0.125
147 144 0.125
148 144 0.125
141 145 0.125
142 145 0.125
143 145 0.125
144 145 0.125
146 145 0.125
147 145 0.125
148 145 0.125
149 145 0.125
145 149 0.125
146 149 0.125
147 149 0.125
148 149 0.125
150 149 0.125
151 149 0.125
152 149 0.125
153 149 0.125
1 0 0.111111
153 0 0.111111
2 0 0.111111
152 0 0.111111
151 0 0.111111
4 0 0.111111
150 0 0.111111
17 0 0.111111
66 0 0.111111
