0 1 0.125
2 1 0.125
3 1 0.125
176 1 0.125
4 1 0.125
175 1 0.125
5 1 0.125
174 1 0.125
0 176 0.1
1 176 0.1
2 176 0.1
3 176 0.1
28 176 0.1
83 176 0.1
172 176 0.1
173 176 0.1
174 176 0.1
175 176 0.1
0 2 0.1
1 2 0.1
3 2 0.1
4 2 0.1
5 2 0.1
176 2 0.1
6 2 0.1
175 2 0.1
63 2 0.1
153 2 0.1
0 175 0.125
1 175 0.125
2 175 0.125
171 175 0.125
172 175 0.125
173 175 0.125
174 175 0.125
176 175 0.125
0 3 0.125
1 3 0.125
2 3 0.125
4 3 0.125
5 3 0.125
6 3 0.125
7 3 0.125
176 3 0.125
0 4 0.1
1 4 0.1
2 4 0.1
3 4 0.1
5 4 0.1
6 4 0.1
7 4 0.1
135 4 0.1
85 4 0.1
151 4 0.1
0 173 0.111111
75 173 0.111111
154 173 0.111111
163 173 0.111111
171 173 0.111111
172 173 0.111111
174 173 0.111111
175 173 0.111111
176 173 0.111111
0 147 0.111111
71 147 0.111111
140 147 0.111111
143 147 0.111111
144 147 0.111111
145 147 0.111111
146 147 0.111111
148 147 0.111111
149 147 0.111111
0 106 0.111111
43 106 0.111111
102 106 0.111111
103 106 0.111111
104 106 0.111111
105 106 0.111111
107 106 0.111111
108 106 0.111111
109 106 0.111111
1 5 0.111111
2 5 0.111111
3 5 0.111111
4 5 0.111111
9 5 0.111111
164 5 0.111111
117 5 0.111111
87 5 0.111111
34 5 0.111111
1 174 0.142857
37 174 0.142857
170 174 0.142857
172 174 0.142857
173 174 0.142857
175 174 0.142857
176 174 0.142857
2 6 0.142857
3 6 0.142857
4 6 0.142857
7 6 0.142857
9 6 0.142857
10 6 0.142857
154 6 0.142857
2 63 0.125
59 63 0.125
61 63 0.125
62 63 0.125
64 63 0.125
65 63 0.125
67 63 0.125
79 63 0.125
2 153 0.111111
12 153 0.111111
149 153 0.111111
150 153 0.111111
151 153 0.111111
152 153 0.111111
154 153 0.111111
155 153 0.111111
156 153 0.111111
3 7 0.125
4 7 0.125
6 7 0.125
8 7 0.125
9 7 0.125
11 7 0.125
130 7 0.125
169 7 0.125
4 135 0.111111
128 135 0.111111
131 135 0.111111
132 135 0.111111
133 135 0.111111
134 135 0.111111
137 135 0.111111
138 135 0.111111
139 135 0.111111
4 85 0.142857
81 85 0.142857
82 85 0.142857
84 85 0.142857
86 85 0.142857
89 85 0.142857
133 85 0.142857
4 151 0.1
118 151 0.1
148 151 0.1
149 151 0.1
150 151 0.1
152 151 0.1
153 151 0.1
154 151 0.1
155 151 0.1
170 151 0.1
5 9 0.125
6 9 0.125
7 9 0.125
8 9 0.125
10 9 0.125
11 9 0.125
12 9 0.125
13 9 0.125
5 164 0.111111
160 164 0.111111
161 164 0.111111
162 164 0.111111
163 164 0.111111
165 164 0.111111
166 164 0.111111
167 164 0.111111
168 164 0.111111
5 117 0.111111
113 117 0.111111
114 117 0.111111
115 117 0.111111
116 117 0.111111
118 117 0.111111
119 117 0.111111
120 117 0.111111
121 117 0.111111
5 87 0.142857
24 87 0.142857
55 87 0.142857
83 87 0.142857
84 87 0.142857
86 87 0.142857
91 87 0.142857
5 34 0.111111
30 34 0.111111
31 34 0.111111
32 34 0.111111
33 34 0.111111
35 34 0.111111
36 34 0.111111
37 34 0.111111
38 34 0.111111
6 10 0.142857
8 10 0.142857
9 10 0.142857
11 10 0.142857
12 10 0.142857
14 10 0.142857
93 10 0.142857
6 154 0.1
150 154 0.1
151 154 0.1
152 154 0.1
153 154 0.1
156 154 0.1
157 154 0.1
158 154 0.1
173 154 0.1
171 154 0.1
7 8 0.2
9 8 0.2
10 8 0.2
11 8 0.2
12 8 0.2
7 11 0.125
8 11 0.125
9 11 0.125
10 11 0.125
12 11 0.125
13 11 0.125
14 11 0.125
15 11 0.125
7 130 0.142857
92 130 0.142857
126 130 0.142857
128 130 0.142857
131 130 0.142857
132 130 0.142857
134 130 0.142857
7 169 0.125
165 169 0.125
166 169 0.125
167 169 0.125
168 169 0.125
170 169 0.125
171 169 0.125
172 169 0.125
8 12 0.125
9 12 0.125
10 12 0.125
11 12 0.125
13 12 0.125
14 12 0.125
15 12 0.125
153 12 0.125
9 13 0.142857
11 13 0.142857
12 13 0.142857
14 13 0.142857
15 13 0.142857
16 13 0.142857
17 13 0.142857
10 14 0.125
11 14 0.125
12 14 0.125
13 14 0.125
16 14 0.125
17 14 0.125
18 14 0.125
156 14 0.125
10 93 0.111111
89 93 0.111111
90 93 0.111111
91 93 0.111111
92 93 0.111111
94 93 0.111111
95 93 0.111111
96 93 0.111111
97 93 0.111111
11 15 0.111111
12 15 0.111111
13 15 0.111111
16 15 0.111111
17 15 0.111111
18 15 0.111111
19 15 0.111111
127 15 0.111111
60 15 0.111111
13 16 0.125
14 16 0.125
15 16 0.125
17 16 0.125
18 16 0.125
19 16 0.125
20 16 0.125
27 16 0.125
13 17 0.111111
14 17 0.111111
15 17 0.111111
16 17 0.111111
18 17 0.111111
19 17 0.111111
20 17 0.111111
21 17 0.111111
167 17 0.111111
14 18 0.125
15 18 0.125
16 18 0.125
17 18 0.125
19 18 0.125
20 18 0.125
21 18 0.125
22 18 0.125
14 156 0.1
19 156 0.1
152 156 0.1
153 156 0.1
154 156 0.1
155 156 0.1
157 156 0.1
158 156 0.1
159 156 0.1
165 156 0.1
15 19 0.125
16 19 0.125
17 19 0.125
18 19 0.125
20 19 0.125
23 19 0.125
156 19 0.125
103 19 0.125
15 127 0.142857
123 127 0.142857
124 127 0.142857
126 127 0.142857
129 127 0.142857
131 127 0.142857
157 127 0.142857
15 60 0.125
56 60 0.125
57 60 0.125
58 60 0.125
59 60 0.125
61 60 0.125
62 60 0.125
172 60 0.125
16 20 0.125
17 20 0.125
18 20 0.125
19 20 0.125
21 20 0.125
22 20 0.125
23 20 0.125
76 20 0.125
16 27 0.125
23 27 0.125
24 27 0.125
26 27 0.125
28 27 0.125
30 27 0.125
31 27 0.125
69 27 0.125
17 21 0.142857
18 21 0.142857
20 21 0.142857
22 21 0.142857
24 21 0.142857
25 21 0.142857
39 21 0.142857
17 167 0.125
105 167 0.125
164 167 0.125
165 167 0.125
166 167 0.125
168 167 0.125
169 167 0.125
170 167 0.125
18 22 0.142857
20 22 0.142857
21 22 0.142857
23 22 0.142857
24 22 0.142857
25 22 0.142857
26 22 0.142857
19 23 0.142857
20 23 0.142857
22 23 0.142857
24 23 0.142857
25 23 0.142857
26 23 0.142857
27 23 0.142857
19 103 0.125
99 103 0.125
101 103 0.125
102 103 0.125
104 103 0.125
105 103 0.125
106 103 0.125
107 103 0.125
20 76 0.125
72 76 0.125
73 76 0.125
74 76 0.125
77 76 0.125
78 76 0.125
79 76 0.125
80 76 0.125
21 24 0.125
22 24 0.125
23 24 0.125
25 24 0.125
26 24 0.125
27 24 0.125
28 24 0.125
87 24 0.125
21 25 0.125
22 25 0.125
23 25 0.125
24 25 0.125
26 25 0.125
28 25 0.125
29 25 0.125
133 25 0.125
21 39 0.111111
35 39 0.111111
36 39 0.111111
37 39 0.111111
38 39 0.111111
40 39 0.111111
41 39 0.111111
42 39 0.111111
43 39 0.111111
22 26 0.125
23 26 0.125
24 26 0.125
25 26 0.125
27 26 0.125
28 26 0.125
29 26 0.125
30 26 0.125
24 28 0.111111
25 28 0.111111
26 28 0.111111
27 28 0.111111
29 28 0.111111
31 28 0.111111
32 28 0.111111
129 28 0.111111
176 28 0.111111
25 29 0.142857
26 29 0.142857
28 29 0.142857
30 29 0.142857
31 29 0.142857
32 29 0.142857
33 29 0.142857
25 133 0.111111
85 133 0.111111
126 133 0.111111
129 133 0.111111
131 133 0.111111
132 133 0.111111
134 133 0.111111
135 133 0.111111
137 133 0.111111
26 30 0.142857
27 30 0.142857
29 30 0.142857
31 30 0.142857
32 30 0.142857
33 30 0.142857
34 30 0.142857
27 31 0.125
28 31 0.125
29 31 0.125
30 31 0.125
32 31 0.125
33 31 0.125
34 31 0.125
35 31 0.125
27 69 0.125
65 69 0.125
66 69 0.125
67 69 0.125
68 69 0.125
70 69 0.125
72 69 0.125
73 69 0.125
28 32 0.125
29 32 0.125
30 32 0.125
31 32 0.125
33 32 0.125
34 32 0.125
35 32 0.125
36 32 0.125
28 129 0.142857
125 129 0.142857
126 129 0.142857
127 129 0.142857
131 129 0.142857
132 129 0.142857
133 129 0.142857
29 33 0.125
30 33 0.125
31 33 0.125
32 33 0.125
34 33 0.125
35 33 0.125
36 33 0.125
37 33 0.125
31 35 0.125
32 35 0.125
33 35 0.125
34 35 0.125
36 35 0.125
37 35 0.125
38 35 0.125
39 35 0.125
32 36 0.125
33 36 0.125
34 36 0.125
35 36 0.125
37 36 0.125
38 36 0.125
39 36 0.125
40 36 0.125
33 37 0.1
34 37 0.1
35 37 0.1
36 37 0.1
38 37 0.1
39 37 0.1
40 37 0.1
41 37 0.1
94 37 0.1
174 37 0.1
34 38 0.111111
35 38 0.111111
36 38 0.111111
37 38 0.111111
39 38 0.111111
40 38 0.111111
41 38 0.111111
42 38 0.111111
65 38 0.111111
36 40 0.111111
37 40 0.111111
38 40 0.111111
39 40 0.111111
41 40 0.111111
42 40 0.111111
43 40 0.111111
44 40 0.111111
126 40 0.111111
37 41 0.125
38 41 0.125
39 41 0.125
40 41 0.125
42 41 0.125
43 41 0.125
44 41 0.125
45 41 0.125
37 94 0.125
90 94 0.125
91 94 0.125
92 94 0.125
93 94 0.125
95 94 0.125
96 94 0.125
98 94 0.125
38 42 0.111111
39 42 0.111111
40 42 0.111111
41 42 0.111111
43 42 0.111111
44 42 0.111111
45 42 0.111111
46 42 0.111111
120 42 0.111111
38 65 0.142857
61 65 0.142857
63 65 0.142857
64 65 0.142857
66 65 0.142857
67 65 0.142857
69 65 0.142857
39 43 0.111111
40 43 0.111111
41 43 0.111111
42 43 0.111111
44 43 0.111111
46 43 0.111111
47 43 0.111111
106 43 0.111111
99 43 0.111111
40 44 0.125
41 44 0.125
42 44 0.125
43 44 0.125
45 44 0.125
46 44 0.125
47 44 0.125
48 44 0.125
40 126 0.111111
122 126 0.111111
123 126 0.111111
124 126 0.111111
125 126 0.111111
127 126 0.111111
129 126 0.111111
130 126 0.111111
133 126 0.111111
41 45 0.142857
42 45 0.142857
44 45 0.142857
46 45 0.142857
47 45 0.142857
48 45 0.142857
49 45 0.142857
42 46 0.1
43 46 0.1
44 46 0.1
45 46 0.1
47 46 0.1
48 46 0.1
49 46 0.1
50 46 0.1
75 46 0.1
168 46 0.1
42 120 0.125
116 120 0.125
117 120 0.125
118 120 0.125
119 120 0.125
122 120 0.125
123 120 0.125
124 120 0.125
43 47 0.125
44 47 0.125
45 47 0.125
46 47 0.125
48 47 0.125
49 47 0.125
50 47 0.125
161 47 0.125
43 99 0.142857
95 99 0.142857
96 99 0.142857
97 99 0.142857
100 99 0.142857
102 99 0.142857
103 99 0.142857
44 48 0.125
45 48 0.125
46 48 0.125
47 48 0.125
49 48 0.125
50 48 0.125
51 48 0.125
52 48 0.125
45 49 0.125
46 49 0.125
47 49 0.125
48 49 0.125
50 49 0.125
51 49 0.125
52 49 0.125
53 49 0.125
46 50 0.125
47 50 0.125
48 50 0.125
49 50 0.125
51 50 0.125
52 50 0.125
53 50 0.125
54 50 0.125
46 75 0.125
71 75 0.125
72 75 0.125
73 75 0.125
74 75 0.125
78 75 0.125
79 75 0.125
173 75 0.125
46 168 0.125
105 168 0.125
164 168 0.125
165 168 0.125
166 168 0.125
167 168 0.125
169 168 0.125
171 168 0.125
47 161 0.111111
157 161 0.111111
158 161 0.111111
159 161 0.111111
160 161 0.111111
162 161 0.111111
163 161 0.111111
164 161 0.111111
165 161 0.111111
48 51 0.142857
49 51 0.142857
50 51 0.142857
52 51 0.142857
53 51 0.142857
54 51 0.142857
55 51 0.142857
48 52 0.125
49 52 0.125
50 52 0.125
51 52 0.125
53 52 0.125
54 52 0.125
55 52 0.125
56 52 0.125
49 53 0.1
50 53 0.1
51 53 0.1
52 53 0.1
54 53 0.1
55 53 0.1
56 53 0.1
57 53 0.1
104 53 0.1
141 53 0.1
50 54 0.125
51 54 0.125
52 54 0.125
53 54 0.125
55 54 0.125
56 54 0.125
57 54 0.125
58 54 0.125
51 55 0.111111
52 55 0.111111
53 55 0.111111
54 55 0.111111
56 55 0.111111
57 55 0.111111
58 55 0.111111
59 55 0.111111
87 55 0.111111
52 56 0.125
53 56 0.125
54 56 0.125
55 56 0.125
57 56 0.125
58 56 0.125
59 56 0.125
60 56 0.125
53 57 0.125
54 57 0.125
55 57 0.125
56 57 0.125
58 57 0.125
59 57 0.125
60 57 0.125
61 57 0.125
53 104 0.111111
100 104 0.111111
101 104 0.111111
102 104 0.111111
103 104 0.111111
106 104 0.111111
107 104 0.111111
108 104 0.111111
125 104 0.111111
53 141 0.125
137 141 0.125
138 141 0.125
139 141 0.125
140 141 0.125
142 141 0.125
143 141 0.125
145 141 0.125
54 58 0.125
55 58 0.125
56 58 0.125
57 58 0.125
59 58 0.125
60 58 0.125
61 58 0.125
62 58 0.125
55 59 0.125
56 59 0.125
57 59 0.125
58 59 0.125
60 59 0.125
61 59 0.125
63 59 0.125
72 59 0.125
57 61 0.125
58 61 0.125
59 61 0.125
60 61 0.125
62 61 0.125
63 61 0.125
64 61 0.125
65 61 0.125
58 62 0.142857
60 62 0.142857
61 62 0.142857
63 62 0.142857
64 62 0.142857
66 62 0.142857
78 62 0.142857
59 72 0.111111
68 72 0.111111
69 72 0.111111
70 72 0.111111
71 72 0.111111
73 72 0.111111
74 72 0.111111
75 72 0.111111
76 72 0.111111
60 172 0.111111
64 172 0.111111
169 172 0.111111
170 172 0.111111
171 172 0.111111
173 172 0.111111
174 172 0.111111
175 172 0.111111
176 172 0.111111
61 64 0.142857
62 64 0.142857
63 64 0.142857
65 64 0.142857
66 64 0.142857
67 64 0.142857
172 64 0.142857
62 66 0.142857
64 66 0.142857
65 66 0.142857
67 66 0.142857
68 66 0.142857
69 66 0.142857
70 66 0.142857
62 78 0.1
74 78 0.1
75 78 0.1
76 78 0.1
77 78 0.1
79 78 0.1
80 78 0.1
81 78 0.1
82 78 0.1
160 78 0.1
63 67 0.111111
64 67 0.111111
65 67 0.111111
66 67 0.111111
68 67 0.111111
69 67 0.111111
70 67 0.111111
155 67 0.111111
145 67 0.111111
63 79 0.125
75 79 0.125
76 79 0.125
77 79 0.125
78 79 0.125
80 79 0.125
81 79 0.125
83 79 0.125
66 68 0.166667
67 68 0.166667
69 68 0.166667
70 68 0.166667
71 68 0.166667
72 68 0.166667
66 70 0.125
67 70 0.125
68 70 0.125
69 70 0.125
71 70 0.125
72 70 0.125
73 70 0.125
74 70 0.125
67 155 0.125
151 155 0.125
152 155 0.125
153 155 0.125
156 155 0.125
157 155 0.125
158 155 0.125
159 155 0.125
67 145 0.125
137 145 0.125
141 145 0.125
142 145 0.125
143 145 0.125
144 145 0.125
147 145 0.125
148 145 0.125
68 71 0.142857
70 71 0.142857
72 71 0.142857
73 71 0.142857
74 71 0.142857
75 71 0.142857
147 71 0.142857
69 73 0.125
70 73 0.125
71 73 0.125
72 73 0.125
74 73 0.125
75 73 0.125
76 73 0.125
77 73 0.125
70 74 0.125
71 74 0.125
72 74 0.125
73 74 0.125
75 74 0.125
76 74 0.125
77 74 0.125
78 74 0.125
73 77 0.142857
74 77 0.142857
76 77 0.142857
78 77 0.142857
79 77 0.142857
80 77 0.142857
81 77 0.142857
76 80 0.125
77 80 0.125
78 80 0.125
79 80 0.125
81 80 0.125
82 80 0.125
83 80 0.125
84 80 0.125
77 81 0.125
78 81 0.125
79 81 0.125
80 81 0.125
82 81 0.125
83 81 0.125
84 81 0.125
85 81 0.125
78 82 0.142857
80 82 0.142857
81 82 0.142857
83 82 0.142857
84 82 0.142857
85 82 0.142857
86 82 0.142857
78 160 0.142857
157 160 0.142857
158 160 0.142857
159 160 0.142857
161 160 0.142857
162 160 0.142857
164 160 0.142857
79 83 0.125
80 83 0.125
81 83 0.125
82 83 0.125
84 83 0.125
86 83 0.125
87 83 0.125
176 83 0.125
80 84 0.125
81 84 0.125
82 84 0.125
83 84 0.125
85 84 0.125
86 84 0.125
87 84 0.125
88 84 0.125
82 86 0.125
83 86 0.125
84 86 0.125
85 86 0.125
87 86 0.125
88 86 0.125
89 86 0.125
90 86 0.125
84 88 0.166667
86 88 0.166667
89 88 0.166667
90 88 0.166667
91 88 0.166667
92 88 0.166667
85 89 0.142857
86 89 0.142857
88 89 0.142857
90 89 0.142857
91 89 0.142857
92 89 0.142857
93 89 0.142857
86 90 0.142857
88 90 0.142857
89 90 0.142857
91 90 0.142857
92 90 0.142857
93 90 0.142857
94 90 0.142857
87 91 0.125
88 91 0.125
89 91 0.125
90 91 0.125
92 91 0.125
93 91 0.125
94 91 0.125
95 91 0.125
88 92 0.111111
89 92 0.111111
90 92 0.111111
91 92 0.111111
93 92 0.111111
94 92 0.111111
95 92 0.111111
96 92 0.111111
130 92 0.111111
91 95 0.125
92 95 0.125
93 95 0.125
94 95 0.125
96 95 0.125
97 95 0.125
98 95 0.125
99 95 0.125
92 96 0.125
93 96 0.125
94 96 0.125
95 96 0.125
97 96 0.125
98 96 0.125
99 96 0.125
100 96 0.125
93 97 0.125
95 97 0.125
96 97 0.125
98 97 0.125
99 97 0.125
100 97 0.125
101 97 0.125
146 97 0.125
94 98 0.111111
95 98 0.111111
96 98 0.111111
97 98 0.111111
100 98 0.111111
101 98 0.111111
102 98 0.111111
119 98 0.111111
111 98 0.111111
96 100 0.125
97 100 0.125
98 100 0.125
99 100 0.125
101 100 0.125
102 100 0.125
104 100 0.125
146 100 0.125
97 101 0.142857
98 101 0.142857
100 101 0.142857
102 101 0.142857
103 101 0.142857
104 101 0.142857
105 101 0.142857
97 146 0.125
100 146 0.125
142 146 0.125
143 146 0.125
144 146 0.125
147 146 0.125
149 146 0.125
150 146 0.125
98 102 0.125
99 102 0.125
100 102 0.125
101 102 0.125
103 102 0.125
104 102 0.125
105 102 0.125
106 102 0.125
98 119 0.125
115 119 0.125
116 119 0.125
117 119 0.125
120 119 0.125
121 119 0.125
122 119 0.125
123 119 0.125
98 111 0.125
107 111 0.125
108 111 0.125
109 111 0.125
110 111 0.125
112 111 0.125
113 111 0.125
114 111 0.125
101 105 0.125
102 105 0.125
103 105 0.125
106 105 0.125
107 105 0.125
109 105 0.125
168 105 0.125
167 105 0.125
103 107 0.125
104 107 0.125
105 107 0.125
106 107 0.125
108 107 0.125
109 107 0.125
110 107 0.125
111 107 0.125
104 108 0.142857
106 108 0.142857
107 108 0.142857
109 108 0.142857
110 108 0.142857
111 108 0.142857
112 108 0.142857
104 125 0.125
121 125 0.125
122 125 0.125
123 125 0.125
124 125 0.125
126 125 0.125
128 125 0.125
129 125 0.125
105 109 0.111111
106 109 0.111111
107 109 0.111111
108 109 0.111111
110 109 0.111111
111 109 0.111111
112 109 0.111111
113 109 0.111111
137 109 0.111111
107 110 0.142857
108 110 0.142857
109 110 0.142857
111 110 0.142857
112 110 0.142857
113 110 0.142857
114 110 0.142857
108 112 0.111111
109 112 0.111111
110 112 0.111111
111 112 0.111111
113 112 0.111111
114 112 0.111111
115 112 0.111111
116 112 0.111111
162 112 0.111111
109 113 0.125
110 113 0.125
111 113 0.125
112 113 0.125
115 113 0.125
116 113 0.125
117 113 0.125
150 113 0.125
109 137 0.111111
133 137 0.111111
134 137 0.111111
135 137 0.111111
136 137 0.111111
139 137 0.111111
140 137 0.111111
141 137 0.111111
145 137 0.111111
110 114 0.142857
111 114 0.142857
112 114 0.142857
115 114 0.142857
116 114 0.142857
117 114 0.142857
118 114 0.142857
112 115 0.142857
113 115 0.142857
114 115 0.142857
116 115 0.142857
117 115 0.142857
118 115 0.142857
119 115 0.142857
112 116 0.125
113 116 0.125
114 116 0.125
115 116 0.125
117 116 0.125
118 116 0.125
119 116 0.125
120 116 0.125
112 162 0.125
158 162 0.125
159 162 0.125
160 162 0.125
161 162 0.125
164 162 0.125
165 162 0.125
166 162 0.125
113 150 0.125
146 150 0.125
148 150 0.125
149 150 0.125
151 150 0.125
152 150 0.125
153 150 0.125
154 150 0.125
114 118 0.125
115 118 0.125
116 118 0.125
117 118 0.125
120 118 0.125
121 118 0.125
122 118 0.125
151 118 0.125
117 121 0.142857
118 121 0.142857
119 121 0.142857
122 121 0.142857
123 121 0.142857
124 121 0.142857
125 121 0.142857
118 122 0.125
119 122 0.125
120 122 0.125
121 122 0.125
123 122 0.125
124 122 0.125
125 122 0.125
126 122 0.125
119 123 0.125
120 123 0.125
121 123 0.125
122 123 0.125
124 123 0.125
125 123 0.125
126 123 0.125
127 123 0.125
120 124 0.125
121 124 0.125
122 124 0.125
123 124 0.125
125 124 0.125
126 124 0.125
127 124 0.125
128 124 0.125
124 128 0.166667
125 128 0.166667
130 128 0.166667
131 128 0.166667
132 128 0.166667
135 128 0.166667
127 131 0.125
128 131 0.125
129 131 0.125
130 131 0.125
132 131 0.125
133 131 0.125
134 131 0.125
135 131 0.125
127 157 0.125
154 157 0.125
155 157 0.125
156 157 0.125
158 157 0.125
159 157 0.125
160 157 0.125
161 157 0.125
128 132 0.125
129 132 0.125
130 132 0.125
131 132 0.125
133 132 0.125
134 132 0.125
135 132 0.125
136 132 0.125
130 134 0.125
131 134 0.125
132 134 0.125
133 134 0.125
135 134 0.125
136 134 0.125
137 134 0.125
138 134 0.125
132 136 0.166667
134 136 0.166667
137 136 0.166667
138 136 0.166667
139 136 0.166667
140 136 0.166667
134 138 0.142857
135 138 0.142857
136 138 0.142857
139 138 0.142857
140 138 0.142857
141 138 0.142857
142 138 0.142857
135 139 0.125
136 139 0.125
137 139 0.125
138 139 0.125
140 139 0.125
141 139 0.125
142 139 0.125
143 139 0.125
136 140 0.125
137 140 0.125
138 140 0.125
139 140 0.125
141 140 0.125
143 140 0.125
144 140 0.125
147 140 0.125
138 142 0.142857
139 142 0.142857
141 142 0.142857
143 142 0.142857
144 142 0.142857
145 142 0.142857
146 142 0.142857
139 143 0.125
140 143 0.125
141 143 0.125
142 143 0.125
144 143 0.125
145 143 0.125
146 143 0.125
147 143 0.125
140 144 0.142857
142 144 0.142857
143 144 0.142857
145 144 0.142857
146 144 0.142857
147 144 0.142857
148 144 0.142857
144 148 0.142857
145 148 0.142857
147 148 0.142857
149 148 0.142857
150 148 0.142857
151 148 0.142857
152 148 0.142857
146 149 0.142857
147 149 0.142857
148 149 0.142857
150 149 0.142857
151 149 0.142857
152 149 0.142857
153 149 0.142857
148 152 0.125
149 152 0.125
150 152 0.125
151 152 0.125
153 152 0.125
154 152 0.125
155 152 0.125
156 152 0.125
151 170 0.142857
166 170 0.142857
167 170 0.142857
169 170 0.142857
171 170 0.142857
172 170 0.142857
174 170 0.142857
154 158 0.125
155 158 0.125
156 158 0.125
157 158 0.125
159 158 0.125
160 158 0.125
161 158 0.125
162 158 0.125
154 171 0.142857
168 171 0.142857
169 171 0.142857
170 171 0.142857
172 171 0.142857
173 171 0.142857
175 171 0.142857
155 159 0.125
156 159 0.125
157 159 0.125
158 159 0.125
160 159 0.125
161 159 0.125
162 159 0.125
163 159 0.125
156 165 0.111111
161 165 0.111111
162 165 0.111111
163 165 0.111111
164 165 0.111111
166 165 0.111111
167 165 0.111111
168 165 0.111111
169 165 0.111111
159 163 0.166667
161 163 0.166667
164 163 0.166667
165 163 0.166667
166 163 0.166667
173 163 0.166667
162 166 0.125
163 166 0.125
164 166 0.125
165 166 0.125
167 166 0.125
168 166 0.125
169 166 0.125
170 166 0.125
1 0 0.111111
176 0 0.111111
2 0 0.111111
175 0 0.111111
3 0 0.111111
4 0 0.111111
173 0 0.111111
147 0 0.111111
106 0 0.111111
