0 1 0.111111
2 1 0.111111
3 1 0.111111
145 1 0.111111
4 1 0.111111
144 1 0.111111
5 1 0.111111
143 1 0.111111
85 1 0.111111
0 145 0.142857
1 145 0.142857
2 145 0.142857
132 145 0.142857
141 145 0.142857
142 145 0.142857
143 145 0.142857
0 2 0.125
1 2 0.125
3 2 0.125
4 2 0.125
5 2 0.125
145 2 0.125
6 2 0.125
144 2 0.125
0 144 0.125
1 144 0.125
2 144 0.125
106 144 0.125
140 144 0.125
141 144 0.125
142 144 0.125
143 144 0.125
0 3 0.125
1 3 0.125
2 3 0.125
4 3 0.125
6 3 0.125
7 3 0.125
139 3 0.125
93 3 0.125
0 143 0.142857
1 143 0.142857
140 143 0.142857
141 143 0.142857
142 143 0.142857
144 143 0.142857
145 143 0.142857
0 4 0.111111
1 4 0.111111
2 4 0.111111
3 4 0.111111
5 4 0.111111
6 4 0.111111
7 4 0.111111
8 4 0.111111
94 4 0.111111
0 142 0.142857
139 142 0.142857
140 142 0.142857
141 142 0.142857
143 142 0.142857
144 142 0.142857
145 142 0.142857
0 8 0.125
4 8 0.125
5 8 0.125
6 8 0.125
7 8 0.125
9 8 0.125
10 8 0.125
12 8 0.125
1 5 0.125
2 5 0.125
4 5 0.125
6 5 0.125
7 5 0.125
8 5 0.125
9 5 0.125
134 5 0.125
1 85 0.125
81 85 0.125
82 85 0.125
83 85 0.125
84 85 0.125
86 85 0.125
87 85 0.125
88 85 0.125
2 6 0.125
3 6 0.125
4 6 0.125
5 6 0.125
7 6 0.125
8 6 0.125
9 6 0.125
10 6 0.125
3 7 0.125
4 7 0.125
5 7 0.125
6 7 0.125
8 7 0.125
10 7 0.125
11 7 0.125
18 7 0.125
3 139 0.111111
33 139 0.111111
47 139 0.111111
135 139 0.111111
136 139 0.111111
138 139 0.111111
140 139 0.111111
141 139 0.111111
142 139 0.111111
3 93 0.111111
15 93 0.111111
22 93 0.111111
89 93 0.111111
90 93 0.111111
91 93 0.111111
92 93 0.111111
95 93 0.111111
96 93 0.111111
4 94 0.142857
90 94 0.142857
91 94 0.142857
92 94 0.142857
95 94 0.142857
96 94 0.142857
98 94 0.142857
5 9 0.125
6 9 0.125
8 9 0.125
10 9 0.125
11 9 0.125
12 9 0.125
13 9 0.125
74 9 0.125
5 134 0.2
132 134 0.2
133 134 0.2
135 134 0.2
136 134 0.2
6 10 0.125
7 10 0.125
8 10 0.125
9 10 0.125
11 10 0.125
12 10 0.125
13 10 0.125
14 10 0.125
7 11 0.142857
9 11 0.142857
10 11 0.142857
12 11 0.142857
13 11 0.142857
14 11 0.142857
15 11 0.142857
7 18 0.111111
14 18 0.111111
15 18 0.111111
16 18 0.111111
17 18 0.111111
19 18 0.111111
20 18 0.111111
21 18 0.111111
22 18 0.111111
8 12 0.111111
9 12 0.111111
10 12 0.111111
11 12 0.111111
13 12 0.111111
14 12 0.111111
15 12 0.111111
16 12 0.111111
105 12 0.111111
9 13 0.125
10 13 0.125
11 13 0.125
12 13 0.125
15 13 0.125
16 13 0.125
17 13 0.125
39 13 0.125
9 74 0.111111
70 74 0.111111
71 74 0.111111
72 74 0.111111
73 74 0.111111
75 74 0.111111
76 74 0.111111
77 74 0.111111
123 74 0.111111
10 14 0.125
11 14 0.125
12 14 0.125
15 14 0.125
16 14 0.125
17 14 0.125
18 14 0.125
110 14 0.125
11 15 0.125
12 15 0.125
13 15 0.125
14 15 0.125
16 15 0.125
18 15 0.125
19 15 0.125
93 15 0.125
12 16 0.125
13 16 0.125
14 16 0.125
15 16 0.125
17 16 0.125
18 16 0.125
19 16 0.125
20 16 0.125
12 105 0.125
101 105 0.125
102 105 0.125
103 105 0.125
104 105 0.125
106 105 0.125
108 105 0.125
109 105 0.125
13 17 0.142857
14 17 0.142857
16 17 0.142857
18 17 0.142857
19 17 0.142857
20 17 0.142857
21 17 0.142857
13 39 0.111111
35 39 0.111111
36 39 0.111111
37 39 0.111111
38 39 0.111111
40 39 0.111111
41 39 0.111111
42 39 0.111111
43 39 0.111111
14 110 0.125
106 110 0.125
107 110 0.125
108 110 0.125
109 110 0.125
111 110 0.125
113 110 0.125
114 110 0.125
15 19 0.111111
16 19 0.111111
17 19 0.111111
18 19 0.111111
20 19 0.111111
21 19 0.111111
22 19 0.111111
23 19 0.111111
135 19 0.111111
16 20 0.125
17 20 0.125
18 20 0.125
19 20 0.125
21 20 0.125
22 20 0.125
23 20 0.125
24 20 0.125
17 21 0.111111
18 21 0.111111
19 21 0.111111
20 21 0.111111
22 21 0.111111
23 21 0.111111
24 21 0.111111
25 21 0.111111
73 21 0.111111
18 22 0.1
19 22 0.1
20 22 0.1
21 22 0.1
23 22 0.1
24 22 0.1
25 22 0.1
26 22 0.1
93 22 0.1
131 22 0.1
19 23 0.111111
20 23 0.111111
21 23 0.111111
22 23 0.111111
24 23 0.111111
25 23 0.111111
26 23 0.111111
27 23 0.111111
82 23 0.111111
19 135 0.125
131 135 0.125
132 135 0.125
133 135 0.125
134 135 0.125
136 135 0.125
138 135 0.125
139 135 0.125
20 24 0.125
21 24 0.125
22 24 0.125
23 24 0.125
25 24 0.125
26 24 0.125
27 24 0.125
28 24 0.125
21 25 0.125
22 25 0.125
23 25 0.125
24 25 0.125
26 25 0.125
27 25 0.125
29 25 0.125
114 25 0.125
21 73 0.142857
69 73 0.142857
71 73 0.142857
72 73 0.142857
74 73 0.142857
75 73 0.142857
77 73 0.142857
22 26 0.111111
23 26 0.111111
24 26 0.111111
25 26 0.111111
27 26 0.111111
29 26 0.111111
30 26 0.111111
101 26 0.111111
32 26 0.111111
22 131 0.125
127 131 0.125
128 131 0.125
129 131 0.125
130 131 0.125
132 131 0.125
133 131 0.125
135 131 0.125
23 27 0.125
24 27 0.125
25 27 0.125
26 27 0.125
28 27 0.125
29 27 0.125
31 27 0.125
61 27 0.125
23 82 0.125
78 82 0.125
79 82 0.125
80 82 0.125
81 82 0.125
84 82 0.125
85 82 0.125
86 82 0.125
24 28 0.166667
27 28 0.166667
29 28 0.166667
30 28 0.166667
31 28 0.166667
32 28 0.166667
25 29 0.125
26 29 0.125
27 29 0.125
28 29 0.125
30 29 0.125
31 29 0.125
32 29 0.125
33 29 0.125
25 114 0.111111
110 114 0.111111
111 114 0.111111
112 114 0.111111
113 114 0.111111
115 114 0.111111
116 114 0.111111
117 114 0.111111
118 114 0.111111
26 30 0.125
28 30 0.125
29 30 0.125
31 30 0.125
32 30 0.125
33 30 0.125
34 30 0.125
119 30 0.125
26 101 0.1
70 101 0.1
97 101 0.1
98 101 0.1
99 101 0.1
100 101 0.1
102 101 0.1
103 101 0.1
104 101 0.1
105 101 0.1
26 32 0.125
28 32 0.125
29 32 0.125
30 32 0.125
31 32 0.125
33 32 0.125
34 32 0.125
35 32 0.125
27 31 0.125
28 31 0.125
29 31 0.125
30 31 0.125
32 31 0.125
33 31 0.125
34 31 0.125
35 31 0.125
27 61 0.111111
57 61 0.111111
58 61 0.111111
59 61 0.111111
60 61 0.111111
62 61 0.111111
63 61 0.111111
64 61 0.111111
124 61 0.111111
29 33 0.111111
30 33 0.111111
31 33 0.111111
32 33 0.111111
34 33 0.111111
36 33 0.111111
37 33 0.111111
44 33 0.111111
139 33 0.111111
30 34 0.1
31 34 0.1
32 34 0.1
33 34 0.1
35 34 0.1
36 34 0.1
37 34 0.1
38 34 0.1
127 34 0.1
130 34 0.1
30 119 0.111111
59 119 0.111111
115 119 0.111111
116 119 0.111111
117 119 0.111111
118 119 0.111111
120 119 0.111111
121 119 0.111111
123 119 0.111111
31 35 0.142857
32 35 0.142857
34 35 0.142857
36 35 0.142857
37 35 0.142857
38 35 0.142857
39 35 0.142857
33 36 0.142857
34 36 0.142857
35 36 0.142857
37 36 0.142857
38 36 0.142857
39 36 0.142857
40 36 0.142857
33 37 0.125
34 37 0.125
35 37 0.125
36 37 0.125
38 37 0.125
39 37 0.125
40 37 0.125
41 37 0.125
33 44 0.111111
40 44 0.111111
41 44 0.111111
42 44 0.111111
43 44 0.111111
45 44 0.111111
46 44 0.111111
47 44 0.111111
48 44 0.111111
34 38 0.125
35 38 0.125
36 38 0.125
37 38 0.125
39 38 0.125
40 38 0.125
41 38 0.125
42 38 0.125
34 127 0.125
124 127 0.125
125 127 0.125
126 127 0.125
128 127 0.125
129 127 0.125
131 127 0.125
132 127 0.125
34 130 0.142857
126 130 0.142857
128 130 0.142857
129 130 0.142857
131 130 0.142857
132 130 0.142857
133 130 0.142857
36 40 0.125
37 40 0.125
38 40 0.125
39 40 0.125
41 40 0.125
42 40 0.125
43 40 0.125
44 40 0.125
37 41 0.125
38 41 0.125
39 41 0.125
40 41 0.125
42 41 0.125
43 41 0.125
44 41 0.125
45 41 0.125
38 42 0.125
39 42 0.125
40 42 0.125
41 42 0.125
43 42 0.125
44 42 0.125
45 42 0.125
46 42 0.125
39 43 0.125
40 43 0.125
41 43 0.125
42 43 0.125
44 43 0.125
45 43 0.125
46 43 0.125
47 43 0.125
41 45 0.111111
42 45 0.111111
43 45 0.111111
44 45 0.111111
46 45 0.111111
47 45 0.111111
48 45 0.111111
49 45 0.111111
115 45 0.111111
42 46 0.125
43 46 0.125
44 46 0.125
45 46 0.125
47 46 0.125
48 46 0.125
49 46 0.125
50 46 0.125
43 47 0.125
44 47 0.125
45 47 0.125
46 47 0.125
48 47 0.125
49 47 0.125
51 47 0.125
139 47 0.125
44 48 0.125
45 48 0.125
46 48 0.125
47 48 0.125
49 48 0.125
50 48 0.125
51 48 0.125
52 48 0.125
45 49 0.111111
46 49 0.111111
47 49 0.111111
48 49 0.111111
50 49 0.111111
51 49 0.111111
52 49 0.111111
53 49 0.111111
137 49 0.111111
45 115 0.142857
111 115 0.142857
113 115 0.142857
114 115 0.142857
116 115 0.142857
117 115 0.142857
119 115 0.142857
46 50 0.142857
48 50 0.142857
49 50 0.142857
51 50 0.142857
52 50 0.142857
53 50 0.142857
54 50 0.142857
47 51 0.125
48 51 0.125
49 51 0.125
50 51 0.125
52 51 0.125
53 51 0.125
54 51 0.125
55 51 0.125
48 52 0.125
49 52 0.125
50 52 0.125
51 52 0.125
53 52 0.125
54 52 0.125
55 52 0.125
56 52 0.125
49 53 0.125
50 53 0.125
51 53 0.125
52 53 0.125
54 53 0.125
55 53 0.125
56 53 0.125
57 53 0.125
49 137 0.166667
133 137 0.166667
136 137 0.166667
138 137 0.166667
140 137 0.166667
141 137 0.166667
50 54 0.111111
51 54 0.111111
52 54 0.111111
53 54 0.111111
55 54 0.111111
56 54 0.111111
57 54 0.111111
58 54 0.111111
112 54 0.111111
51 55 0.125
52 55 0.125
53 55 0.125
54 55 0.125
56 55 0.125
57 55 0.125
58 55 0.125
59 55 0.125
52 56 0.125
53 56 0.125
54 56 0.125
55 56 0.125
57 56 0.125
58 56 0.125
59 56 0.125
60 56 0.125
53 57 0.125
54 57 0.125
55 57 0.125
56 57 0.125
58 57 0.125
59 57 0.125
60 57 0.125
61 57 0.125
54 58 0.125
55 58 0.125
56 58 0.125
57 58 0.125
59 58 0.125
60 58 0.125
61 58 0.125
62 58 0.125
54 112 0.142857
108 112 0.142857
109 112 0.142857
111 112 0.142857
113 112 0.142857
114 112 0.142857
116 112 0.142857
55 59 0.125
56 59 0.125
57 59 0.125
58 59 0.125
60 59 0.125
61 59 0.125
62 59 0.125
119 59 0.125
56 60 0.125
57 60 0.125
58 60 0.125
59 60 0.125
61 60 0.125
62 60 0.125
63 60 0.125
64 60 0.125
58 62 0.125
59 62 0.125
60 62 0.125
61 62 0.125
63 62 0.125
64 62 0.125
65 62 0.125
66 62 0.125
60 63 0.142857
61 63 0.142857
62 63 0.142857
64 63 0.142857
65 63 0.142857
66 63 0.142857
67 63 0.142857
60 64 0.125
61 64 0.125
62 64 0.125
63 64 0.125
65 64 0.125
66 64 0.125
67 64 0.125
68 64 0.125
61 124 0.125
92 124 0.125
120 124 0.125
121 124 0.125
122 124 0.125
125 124 0.125
126 124 0.125
127 124 0.125
62 65 0.142857
63 65 0.142857
64 65 0.142857
66 65 0.142857
67 65 0.142857
68 65 0.142857
69 65 0.142857
62 66 0.125
63 66 0.125
64 66 0.125
65 66 0.125
67 66 0.125
68 66 0.125
70 66 0.125
111 66 0.125
63 67 0.125
64 67 0.125
65 67 0.125
66 67 0.125
68 67 0.125
69 67 0.125
70 67 0.125
71 67 0.125
64 68 0.125
65 68 0.125
66 68 0.125
67 68 0.125
69 68 0.125
70 68 0.125
71 68 0.125
72 68 0.125
65 69 0.142857
67 69 0.142857
68 69 0.142857
70 69 0.142857
71 69 0.142857
72 69 0.142857
73 69 0.142857
66 70 0.125
67 70 0.125
68 70 0.125
69 70 0.125
71 70 0.125
72 70 0.125
74 70 0.125
101 70 0.125
66 111 0.111111
107 111 0.111111
108 111 0.111111
109 111 0.111111
110 111 0.111111
112 111 0.111111
113 111 0.111111
114 111 0.111111
115 111 0.111111
67 71 0.125
68 71 0.125
69 71 0.125
70 71 0.125
72 71 0.125
73 71 0.125
74 71 0.125
75 71 0.125
68 72 0.125
69 72 0.125
70 72 0.125
71 72 0.125
73 72 0.125
74 72 0.125
75 72 0.125
76 72 0.125
71 75 0.125
72 75 0.125
73 75 0.125
74 75 0.125
76 75 0.125
77 75 0.125
78 75 0.125
79 75 0.125
72 76 0.125
74 76 0.125
75 76 0.125
77 76 0.125
78 76 0.125
79 76 0.125
80 76 0.125
122 76 0.125
73 77 0.125
74 77 0.125
75 77 0.125
76 77 0.125
78 77 0.125
79 77 0.125
80 77 0.125
81 77 0.125
74 123 0.125
99 123 0.125
119 123 0.125
120 123 0.125
121 123 0.125
122 123 0.125
125 123 0.125
126 123 0.125
75 78 0.142857
76 78 0.142857
77 78 0.142857
79 78 0.142857
80 78 0.142857
81 78 0.142857
82 78 0.142857
75 79 0.125
76 79 0.125
77 79 0.125
78 79 0.125
80 79 0.125
82 79 0.125
83 79 0.125
91 79 0.125
76 80 0.125
77 80 0.125
78 80 0.125
79 80 0.125
81 80 0.125
82 80 0.125
83 80 0.125
84 80 0.125
76 122 0.142857
118 122 0.142857
120 122 0.142857
121 122 0.142857
123 122 0.142857
124 122 0.142857
125 122 0.142857
77 81 0.142857
78 81 0.142857
80 81 0.142857
82 81 0.142857
83 81 0.142857
84 81 0.142857
85 81 0.142857
79 83 0.125
80 83 0.125
81 83 0.125
84 83 0.125
85 83 0.125
86 83 0.125
87 83 0.125
118 83 0.125
79 91 0.111111
87 91 0.111111
88 91 0.111111
89 91 0.111111
90 91 0.111111
92 91 0.111111
93 91 0.111111
94 91 0.111111
95 91 0.111111
80 84 0.125
81 84 0.125
82 84 0.125
83 84 0.125
85 84 0.125
86 84 0.125
87 84 0.125
88 84 0.125
82 86 0.111111
83 86 0.111111
84 86 0.111111
85 86 0.111111
87 86 0.111111
88 86 0.111111
89 86 0.111111
90 86 0.111111
136 86 0.111111
83 87 0.125
84 87 0.125
85 87 0.125
86 87 0.125
88 87 0.125
89 87 0.125
90 87 0.125
91 87 0.125
83 118 0.142857
114 118 0.142857
116 118 0.142857
117 118 0.142857
119 118 0.142857
120 118 0.142857
122 118 0.142857
84 88 0.125
85 88 0.125
86 88 0.125
87 88 0.125
89 88 0.125
90 88 0.125
91 88 0.125
92 88 0.125
86 89 0.142857
87 89 0.142857
88 89 0.142857
90 89 0.142857
91 89 0.142857
92 89 0.142857
93 89 0.142857
86 90 0.125
87 90 0.125
88 90 0.125
89 90 0.125
91 90 0.125
92 90 0.125
93 90 0.125
94 90 0.125
86 136 0.125
132 136 0.125
133 136 0.125
134 136 0.125
135 136 0.125
137 136 0.125
138 136 0.125
139 136 0.125
88 92 0.111111
89 92 0.111111
90 92 0.111111
91 92 0.111111
93 92 0.111111
94 92 0.111111
95 92 0.111111
96 92 0.111111
124 92 0.111111
91 95 0.125
92 95 0.125
93 95 0.125
94 95 0.125
96 95 0.125
97 95 0.125
98 95 0.125
99 95 0.125
92 96 0.125
93 96 0.125
94 96 0.125
95 96 0.125
97 96 0.125
98 96 0.125
99 96 0.125
100 96 0.125
94 98 0.125
95 98 0.125
96 98 0.125
97 98 0.125
99 98 0.125
100 98 0.125
101 98 0.125
102 98 0.125
95 97 0.166667
96 97 0.166667
98 97 0.166667
99 97 0.166667
100 97 0.166667
101 97 0.166667
95 99 0.111111
96 99 0.111111
97 99 0.111111
98 99 0.111111
100 99 0.111111
101 99 0.111111
102 99 0.111111
103 99 0.111111
123 99 0.111111
96 100 0.125
97 100 0.125
98 100 0.125
99 100 0.125
101 100 0.125
102 100 0.125
103 100 0.125
104 100 0.125
98 102 0.125
99 102 0.125
100 102 0.125
101 102 0.125
103 102 0.125
104 102 0.125
105 102 0.125
106 102 0.125
99 103 0.125
100 103 0.125
101 103 0.125
102 103 0.125
104 103 0.125
105 103 0.125
106 103 0.125
107 103 0.125
100 104 0.125
101 104 0.125
102 104 0.125
103 104 0.125
105 104 0.125
106 104 0.125
107 104 0.125
108 104 0.125
102 106 0.1
103 106 0.1
104 106 0.1
105 106 0.1
107 106 0.1
108 106 0.1
109 106 0.1
110 106 0.1
144 106 0.1
138 106 0.1
103 107 0.142857
104 107 0.142857
106 107 0.142857
108 107 0.142857
109 107 0.142857
110 107 0.142857
111 107 0.142857
104 108 0.125
105 108 0.125
106 108 0.125
107 108 0.125
109 108 0.125
110 108 0.125
111 108 0.125
112 108 0.125
105 109 0.125
106 109 0.125
107 109 0.125
108 109 0.125
110 109 0.125
111 109 0.125
112 109 0.125
113 109 0.125
106 138 0.142857
135 138 0.142857
136 138 0.142857
137 138 0.142857
139 138 0.142857
140 138 0.142857
141 138 0.142857
109 113 0.125
110 113 0.125
111 113 0.125
112 113 0.125
114 113 0.125
115 113 0.125
116 113 0.125
117 113 0.125
112 116 0.125
113 116 0.125
114 116 0.125
115 116 0.125
117 116 0.125
118 116 0.125
119 116 0.125
120 116 0.125
113 117 0.125
114 117 0.125
115 117 0.125
116 117 0.125
118 117 0.125
119 117 0.125
120 117 0.125
121 117 0.125
116 120 0.125
117 120 0.125
118 120 0.125
119 120 0.125
121 120 0.125
122 120 0.125
123 120 0.125
124 120 0.125
117 121 0.142857
119 121 0.142857
120 121 0.142857
122 121 0.142857
123 121 0.142857
124 121 0.142857
125 121 0.142857
121 125 0.125
122 125 0.125
123 125 0.125
124 125 0.125
126 125 0.125
127 125 0.125
128 125 0.125
129 125 0.125
123 126 0.142857
124 126 0.142857
125 126 0.142857
127 126 0.142857
128 126 0.142857
129 126 0.142857
130 126 0.142857
125 128 0.142857
126 128 0.142857
127 128 0.142857
129 128 0.142857
130 128 0.142857
131 128 0.142857
132 128 0.142857
125 129 0.125
126 129 0.125
127 129 0.125
128 129 0.125
130 129 0.125
131 129 0.125
132 129 0.125
133 129 0.125
127 132 0.1
128 132 0.1
129 132 0.1
130 132 0.1
131 132 0.1
133 132 0.1
135 132 0.1
136 132 0.1
134 132 0.1
145 132 0.1
129 133 0.125
130 133 0.125
131 133 0.125
132 133 0.125
134 133 0.125
135 133 0.125
136 133 0.125
137 133 0.125
137 140 0.142857
138 140 0.142857
139 140 0.142857
141 140 0.142857
142 140 0.142857
143 140 0.142857
144 140 0.142857
137 141 0.125
138 141 0.125
139 141 0.125
140 141 0.125
142 141 0.125
143 141 0.125
144 141 0.125
145 141 0.125
1 0 0.111111
145 0 0.111111
2 0 0.111111
144 0 0.111111
3 0 0.111111
143 0 0.111111
4 0 0.111111
142 0 0.111111
8 0 0.111111
