0 8 0.058824
6 8 0.058824
11 8 0.058824
14 8 0.058824
37 8 0.058824
41 8 0.058824
46 8 0.058824
51 8 0.058824
76 8 0.058824
79 8 0.058824
104 8 0.058824
106 8 0.058824
109 8 0.058824
111 8 0.058824
114 8 0.058824
131 8 0.058824
141 8 0.058824
0 23 0.035714
14 23 0.035714
17 23 0.035714
24 23 0.035714
34 23 0.035714
36 23 0.035714
48 23 0.035714
54 23 0.035714
61 23 0.035714
65 23 0.035714
66 23 0.035714
67 23 0.035714
71 23 0.035714
76 23 0.035714
79 23 0.035714
80 23 0.035714
85 23 0.035714
89 23 0.035714
94 23 0.035714
100 23 0.035714
106 23 0.035714
110 23 0.035714
111 23 0.035714
114 23 0.035714
118 23 0.035714
119 23 0.035714
121 23 0.035714
132 23 0.035714
0 26 0.04
2 26 0.04
3 26 0.04
4 26 0.04
7 26 0.04
20 26 0.04
21 26 0.04
29 26 0.04
32 26 0.04
42 26 0.04
43 26 0.04
45 26 0.04
49 26 0.04
50 26 0.04
51 26 0.04
64 26 0.04
72 26 0.04
94 26 0.04
111 26 0.04
117 26 0.04
122 26 0.04
123 26 0.04
129 26 0.04
139 26 0.04
140 26 0.04
0 27 0.04
1 27 0.04
10 27 0.04
14 27 0.04
24 27 0.04
32 27 0.04
33 27 0.04
39 27 0.04
43 27 0.04
48 27 0.04
51 27 0.04
52 27 0.04
64 27 0.04
66 27 0.04
88 27 0.04
96 27 0.04
100 27 0.04
102 27 0.04
104 27 0.04
105 27 0.04
107 27 0.04
108 27 0.04
117 27 0.04
130 27 0.04
139 27 0.04
0 30 0.043478
9 30 0.043478
21 30 0.043478
31 30 0.043478
32 30 0.043478
46 30 0.043478
50 30 0.043478
62 30 0.043478
66 30 0.043478
68 30 0.043478
72 30 0.043478
73 30 0.043478
74 30 0.043478
75 30 0.043478
83 30 0.043478
90 30 0.043478
93 30 0.043478
96 30 0.043478
115 30 0.043478
123 30 0.043478
124 30 0.043478
143 30 0.043478
145 30 0.043478
0 33 0.04
11 33 0.04
16 33 0.04
18 33 0.04
24 33 0.04
27 33 0.04
31 33 0.04
37 33 0.04
40 33 0.04
48 33 0.04
56 33 0.04
68 33 0.04
73 33 0.04
75 33 0.04
76 33 0.04
78 33 0.04
81 33 0.04
87 33 0.04
93 33 0.04
94 33 0.04
103 33 0.04
108 33 0.04
110 33 0.04
119 33 0.04
141 33 0.04
0 39 0.047619
5 39 0.047619
25 39 0.047619
27 39 0.047619
35 39 0.047619
41 39 0.047619
42 39 0.047619
53 39 0.047619
57 39 0.047619
64 39 0.047619
66 39 0.047619
85 39 0.047619
90 39 0.047619
100 39 0.047619
106 39 0.047619
111 39 0.047619
115 39 0.047619
127 39 0.047619
129 39 0.047619
134 39 0.047619
136 39 0.047619
0 42 0.032258
6 42 0.032258
7 42 0.032258
9 42 0.032258
18 42 0.032258
21 42 0.032258
26 42 0.032258
36 42 0.032258
39 42 0.032258
48 42 0.032258
49 42 0.032258
52 42 0.032258
55 42 0.032258
63 42 0.032258
64 42 0.032258
65 42 0.032258
66 42 0.032258
72 42 0.032258
74 42 0.032258
83 42 0.032258
84 42 0.032258
87 42 0.032258
90 42 0.032258
102 42 0.032258
108 42 0.032258
109 42 0.032258
113 42 0.032258
114 42 0.032258
127 42 0.032258
131 42 0.032258
146 42 0.032258
0 51 0.03125
3 51 0.03125
8 51 0.03125
11 51 0.03125
17 51 0.03125
18 51 0.03125
19 51 0.03125
26 51 0.03125
27 51 0.03125
35 51 0.03125
37 51 0.03125
40 51 0.03125
47 51 0.03125
54 51 0.03125
55 51 0.03125
57 51 0.03125
66 51 0.03125
67 51 0.03125
79 51 0.03125
93 51 0.03125
96 51 0.03125
97 51 0.03125
99 51 0.03125
100 51 0.03125
106 51 0.03125
111 51 0.03125
116 51 0.03125
120 51 0.03125
121 51 0.03125
125 51 0.03125
132 51 0.03125
146 51 0.03125
0 58 0.043478
2 58 0.043478
4 58 0.043478
5 58 0.043478
7 58 0.043478
28 58 0.043478
50 58 0.043478
56 58 0.043478
60 58 0.043478
67 58 0.043478
78 58 0.043478
81 58 0.043478
87 58 0.043478
90 58 0.043478
99 58 0.043478
105 58 0.043478
113 58 0.043478
115 58 0.043478
119 58 0.043478
126 58 0.043478
132 58 0.043478
134 58 0.043478
145 58 0.043478
0 62 0.043478
3 62 0.043478
4 62 0.043478
6 62 0.043478
30 62 0.043478
37 62 0.043478
41 62 0.043478
45 62 0.043478
48 62 0.043478
54 62 0.043478
61 62 0.043478
75 62 0.043478
82 62 0.043478
83 62 0.043478
86 62 0.043478
96 62 0.043478
98 62 0.043478
101 62 0.043478
114 62 0.043478
124 62 0.043478
128 62 0.043478
131 62 0.043478
137 62 0.043478
0 63 0.045455
1 63 0.045455
5 63 0.045455
10 63 0.045455
12 63 0.045455
15 63 0.045455
22 63 0.045455
42 63 0.045455
44 63 0.045455
75 63 0.045455
79 63 0.045455
81 63 0.045455
83 63 0.045455
85 63 0.045455
87 63 0.045455
93 63 0.045455
96 63 0.045455
97 63 0.045455
98 63 0.045455
100 63 0.045455
104 63 0.045455
125 63 0.045455
0 76 0.045455
1 76 0.045455
4 76 0.045455
8 76 0.045455
23 76 0.045455
33 76 0.045455
37 76 0.045455
38 76 0.045455
43 76 0.045455
53 76 0.045455
54 76 0.045455
72 76 0.045455
78 76 0.045455
84 76 0.045455
86 76 0.045455
94 76 0.045455
103 76 0.045455
108 76 0.045455
110 76 0.045455
113 76 0.045455
126 76 0.045455
137 76 0.045455
0 77 0.041667
4 77 0.041667
5 77 0.041667
9 77 0.041667
10 77 0.041667
35 77 0.041667
45 77 0.041667
46 77 0.041667
53 77 0.041667
55 77 0.041667
64 77 0.041667
82 77 0.041667
91 77 0.041667
92 77 0.041667
93 77 0.041667
95 77 0.041667
98 77 0.041667
108 77 0.041667
109 77 0.041667
116 77 0.041667
117 77 0.041667
128 77 0.041667
136 77 0.041667
143 77 0.041667
0 81 0.041667
4 81 0.041667
10 81 0.041667
15 81 0.041667
18 81 0.041667
19 81 0.041667
24 81 0.041667
33 81 0.041667
44 81 0.041667
56 81 0.041667
58 81 0.041667
63 81 0.041667
78 81 0.041667
79 81 0.041667
87 81 0.041667
88 81 0.041667
106 81 0.041667
109 81 0.041667
117 81 0.041667
121 81 0.041667
122 81 0.041667
126 81 0.041667
138 81 0.041667
146 81 0.041667
0 82 0.05
3 82 0.05
4 82 0.05
9 82 0.05
28 82 0.05
35 82 0.05
38 82 0.05
40 82 0.05
54 82 0.05
60 82 0.05
62 82 0.05
77 82 0.05
78 82 0.05
86 82 0.05
88 82 0.05
93 82 0.05
97 82 0.05
105 82 0.05
123 82 0.05
137 82 0.05
0 86 0.045455
20 86 0.045455
22 86 0.045455
50 86 0.045455
52 86 0.045455
54 86 0.045455
56 86 0.045455
62 86 0.045455
74 86 0.045455
76 86 0.045455
82 86 0.045455
83 86 0.045455
93 86 0.045455
98 86 0.045455
101 86 0.045455
106 86 0.045455
112 86 0.045455
114 86 0.045455
118 86 0.045455
119 86 0.045455
123 86 0.045455
126 86 0.045455
0 94 0.05
7 94 0.05
18 94 0.05
23 94 0.05
26 94 0.05
31 94 0.05
32 94 0.05
33 94 0.05
60 94 0.05
66 94 0.05
72 94 0.05
76 94 0.05
85 94 0.05
89 94 0.05
97 94 0.05
101 94 0.05
108 94 0.05
122 94 0.05
127 94 0.05
138 94 0.05
0 96 0.033333
2 96 0.033333
12 96 0.033333
22 96 0.033333
25 96 0.033333
27 96 0.033333
30 96 0.033333
36 96 0.033333
41 96 0.033333
51 96 0.033333
53 96 0.033333
61 96 0.033333
62 96 0.033333
63 96 0.033333
65 96 0.033333
73 96 0.033333
78 96 0.033333
83 96 0.033333
88 96 0.033333
98 96 0.033333
102 96 0.033333
104 96 0.033333
116 96 0.033333
119 96 0.033333
121 96 0.033333
125 96 0.033333
126 96 0.033333
130 96 0.033333
135 96 0.033333
136 96 0.033333
0 98 0.041667
2 98 0.041667
19 98 0.041667
25 98 0.041667
31 98 0.041667
34 98 0.041667
37 98 0.041667
40 98 0.041667
46 98 0.041667
56 98 0.041667
57 98 0.041667
62 98 0.041667
63 98 0.041667
69 98 0.041667
72 98 0.041667
74 98 0.041667
77 98 0.041667
78 98 0.041667
86 98 0.041667
96 98 0.041667
122 98 0.041667
124 98 0.041667
142 98 0.041667
145 98 0.041667
0 103 0.041667
4 103 0.041667
7 103 0.041667
19 103 0.041667
22 103 0.041667
33 103 0.041667
34 103 0.041667
41 103 0.041667
45 103 0.041667
55 103 0.041667
61 103 0.041667
74 103 0.041667
76 103 0.041667
85 103 0.041667
87 103 0.041667
91 103 0.041667
95 103 0.041667
106 103 0.041667
107 103 0.041667
111 103 0.041667
118 103 0.041667
125 103 0.041667
136 103 0.041667
140 103 0.041667
0 104 0.041667
3 104 0.041667
5 104 0.041667
8 104 0.041667
18 104 0.041667
27 104 0.041667
38 104 0.041667
47 104 0.041667
48 104 0.041667
50 104 0.041667
60 104 0.041667
63 104 0.041667
72 104 0.041667
78 104 0.041667
79 104 0.041667
93 104 0.041667
96 104 0.041667
100 104 0.041667
111 104 0.041667
113 104 0.041667
116 104 0.041667
138 104 0.041667
143 104 0.041667
144 104 0.041667
0 113 0.058824
4 113 0.058824
20 113 0.058824
42 113 0.058824
43 113 0.058824
44 113 0.058824
47 113 0.058824
58 113 0.058824
70 113 0.058824
76 113 0.058824
89 113 0.058824
104 113 0.058824
124 113 0.058824
130 113 0.058824
133 113 0.058824
138 113 0.058824
140 113 0.058824
0 116 0.055556
12 116 0.055556
22 116 0.055556
31 116 0.055556
45 116 0.055556
51 116 0.055556
67 116 0.055556
77 116 0.055556
85 116 0.055556
88 116 0.055556
90 116 0.055556
92 116 0.055556
96 116 0.055556
97 116 0.055556
104 116 0.055556
135 116 0.055556
136 116 0.055556
144 116 0.055556
0 122 0.04
2 122 0.04
3 122 0.04
25 122 0.04
26 122 0.04
28 122 0.04
32 122 0.04
45 122 0.04
53 122 0.04
55 122 0.04
57 122 0.04
59 122 0.04
69 122 0.04
72 122 0.04
80 122 0.04
81 122 0.04
85 122 0.04
87 122 0.04
88 122 0.04
94 122 0.04
98 122 0.04
99 122 0.04
112 122 0.04
123 122 0.04
131 122 0.04
0 127 0.03125
9 127 0.03125
15 127 0.03125
18 127 0.03125
20 127 0.03125
25 127 0.03125
31 127 0.03125
34 127 0.03125
35 127 0.03125
37 127 0.03125
39 127 0.03125
42 127 0.03125
44 127 0.03125
56 127 0.03125
66 127 0.03125
69 127 0.03125
84 127 0.03125
85 127 0.03125
88 127 0.03125
90 127 0.03125
92 127 0.03125
94 127 0.03125
101 127 0.03125
118 127 0.03125
124 127 0.03125
129 127 0.03125
130 127 0.03125
132 127 0.03125
135 127 0.03125
142 127 0.03125
145 127 0.03125
146 127 0.03125
0 128 0.052632
13 128 0.052632
18 128 0.052632
19 128 0.052632
20 128 0.052632
24 128 0.052632
34 128 0.052632
61 128 0.052632
62 128 0.052632
65 128 0.052632
70 128 0.052632
77 128 0.052632
95 128 0.052632
124 128 0.052632
130 128 0.052632
133 128 0.052632
137 128 0.052632
145 128 0.052632
146 128 0.052632
0 129 0.04
2 129 0.04
12 129 0.04
17 129 0.04
26 129 0.04
31 129 0.04
39 129 0.04
46 129 0.04
49 129 0.04
50 129 0.04
65 129 0.04
71 129 0.04
75 129 0.04
80 129 0.04
89 129 0.04
100 129 0.04
108 129 0.04
111 129 0.04
118 129 0.04
123 129 0.04
127 129 0.04
133 129 0.04
142 129 0.04
144 129 0.04
146 129 0.04
0 134 0.05
5 134 0.05
7 134 0.05
17 134 0.05
18 134 0.05
19 134 0.05
21 134 0.05
39 134 0.05
45 134 0.05
47 134 0.05
49 134 0.05
58 134 0.05
60 134 0.05
67 134 0.05
69 134 0.05
78 134 0.05
80 134 0.05
93 134 0.05
95 134 0.05
101 134 0.05
0 141 0.058824
7 141 0.058824
8 141 0.058824
9 141 0.058824
16 141 0.058824
33 141 0.058824
45 141 0.058824
46 141 0.058824
68 141 0.058824
73 141 0.058824
84 141 0.058824
88 141 0.058824
91 141 0.058824
92 141 0.058824
102 141 0.058824
112 141 0.058824
114 141 0.058824
1 34 0.043478
11 34 0.043478
14 34 0.043478
23 34 0.043478
25 34 0.043478
54 34 0.043478
57 34 0.043478
67 34 0.043478
85 34 0.043478
91 34 0.043478
92 34 0.043478
98 34 0.043478
102 34 0.043478
103 34 0.043478
106 34 0.043478
107 34 0.043478
127 34 0.043478
128 34 0.043478
133 34 0.043478
135 34 0.043478
138 34 0.043478
140 34 0.043478
143 34 0.043478
1 64 0.037037
2 64 0.037037
6 64 0.037037
9 64 0.037037
13 64 0.037037
17 64 0.037037
19 64 0.037037
21 64 0.037037
22 64 0.037037
26 64 0.037037
27 64 0.037037
29 64 0.037037
39 64 0.037037
40 64 0.037037
42 64 0.037037
44 64 0.037037
52 64 0.037037
77 64 0.037037
90 64 0.037037
97 64 0.037037
100 64 0.037037
111 64 0.037037
118 64 0.037037
119 64 0.037037
126 64 0.037037
132 64 0.037037
135 64 0.037037
1 117 0.052632
16 117 0.052632
21 117 0.052632
26 117 0.052632
27 117 0.052632
35 117 0.052632
43 117 0.052632
48 117 0.052632
49 117 0.052632
67 117 0.052632
72 117 0.052632
77 117 0.052632
81 117 0.052632
87 117 0.052632
89 117 0.052632
101 117 0.052632
102 117 0.052632
120 117 0.052632
135 117 0.052632
1 119 0.032258
6 119 0.032258
9 119 0.032258
13 119 0.032258
20 119 0.032258
21 119 0.032258
22 119 0.032258
23 119 0.032258
28 119 0.032258
32 119 0.032258
33 119 0.032258
47 119 0.032258
58 119 0.032258
64 119 0.032258
68 119 0.032258
69 119 0.032258
73 119 0.032258
83 119 0.032258
85 119 0.032258
86 119 0.032258
87 119 0.032258
91 119 0.032258
96 119 0.032258
105 119 0.032258
110 119 0.032258
121 119 0.032258
126 119 0.032258
130 119 0.032258
131 119 0.032258
138 119 0.032258
139 119 0.032258
1 120 0.055556
11 120 0.055556
12 120 0.055556
21 120 0.055556
28 120 0.055556
32 120 0.055556
36 120 0.055556
38 120 0.055556
43 120 0.055556
50 120 0.055556
51 120 0.055556
52 120 0.055556
78 120 0.055556
87 120 0.055556
93 120 0.055556
99 120 0.055556
117 120 0.055556
140 120 0.055556
1 121 0.038462
16 121 0.038462
17 121 0.038462
18 121 0.038462
23 121 0.038462
45 121 0.038462
47 121 0.038462
51 121 0.038462
57 121 0.038462
59 121 0.038462
60 121 0.038462
70 121 0.038462
81 121 0.038462
83 121 0.038462
84 121 0.038462
88 121 0.038462
89 121 0.038462
96 121 0.038462
101 121 0.038462
119 121 0.038462
125 121 0.038462
135 121 0.038462
136 121 0.038462
139 121 0.038462
140 121 0.038462
145 121 0.038462
1 123 0.0625
20 123 0.0625
26 123 0.0625
30 123 0.0625
32 123 0.0625
41 123 0.0625
72 123 0.0625
82 123 0.0625
84 123 0.0625
86 123 0.0625
91 123 0.0625
93 123 0.0625
105 123 0.0625
122 123 0.0625
129 123 0.0625
138 123 0.0625
1 130 0.043478
11 130 0.043478
16 130 0.043478
20 130 0.043478
27 130 0.043478
29 130 0.043478
48 130 0.043478
50 130 0.043478
55 130 0.043478
75 130 0.043478
87 130 0.043478
89 130 0.043478
91 130 0.043478
96 130 0.043478
100 130 0.043478
113 130 0.043478
118 130 0.043478
119 130 0.043478
124 130 0.043478
127 130 0.043478
128 130 0.043478
135 130 0.043478
143 130 0.043478
1 135 0.035714
9 135 0.035714
13 135 0.035714
24 135 0.035714
34 135 0.035714
50 135 0.035714
53 135 0.035714
56 135 0.035714
61 135 0.035714
64 135 0.035714
66 135 0.035714
67 135 0.035714
72 135 0.035714
92 135 0.035714
96 135 0.035714
100 135 0.035714
105 135 0.035714
106 135 0.035714
107 135 0.035714
109 135 0.035714
110 135 0.035714
116 135 0.035714
117 135 0.035714
121 135 0.035714
127 135 0.035714
130 135 0.035714
132 135 0.035714
137 135 0.035714
1 142 0.045455
4 142 0.045455
6 142 0.045455
11 142 0.045455
12 142 0.045455
16 142 0.045455
47 142 0.045455
48 142 0.045455
69 142 0.045455
70 142 0.045455
80 142 0.045455
84 142 0.045455
89 142 0.045455
90 142 0.045455
98 142 0.045455
110 142 0.045455
127 142 0.045455
129 142 0.045455
136 142 0.045455
137 142 0.045455
140 142 0.045455
144 142 0.045455
2 15 0.043478
12 15 0.043478
14 15 0.043478
19 15 0.043478
20 15 0.043478
25 15 0.043478
32 15 0.043478
45 15 0.043478
47 15 0.043478
54 15 0.043478
56 15 0.043478
60 15 0.043478
63 15 0.043478
67 15 0.043478
75 15 0.043478
81 15 0.043478
84 15 0.043478
105 15 0.043478
124 15 0.043478
127 15 0.043478
131 15 0.043478
137 15 0.043478
146 15 0.043478
2 25 0.033333
6 25 0.033333
10 25 0.033333
15 25 0.033333
18 25 0.033333
29 25 0.033333
34 25 0.033333
38 25 0.033333
39 25 0.033333
44 25 0.033333
52 25 0.033333
54 25 0.033333
56 25 0.033333
66 25 0.033333
72 25 0.033333
73 25 0.033333
87 25 0.033333
96 25 0.033333
98 25 0.033333
100 25 0.033333
106 25 0.033333
108 25 0.033333
109 25 0.033333
112 25 0.033333
115 25 0.033333
122 25 0.033333
126 25 0.033333
127 25 0.033333
133 25 0.033333
140 25 0.033333
2 37 0.043478
5 37 0.043478
8 37 0.043478
17 37 0.043478
18 37 0.043478
29 37 0.043478
32 37 0.043478
33 37 0.043478
41 37 0.043478
48 37 0.043478
51 37 0.043478
56 37 0.043478
62 37 0.043478
76 37 0.043478
89 37 0.043478
98 37 0.043478
100 37 0.043478
101 37 0.043478
106 37 0.043478
111 37 0.043478
114 37 0.043478
115 37 0.043478
127 37 0.043478
2 45 0.055556
15 45 0.055556
26 45 0.055556
43 45 0.055556
49 45 0.055556
60 45 0.055556
62 45 0.055556
67 45 0.055556
77 45 0.055556
92 45 0.055556
103 45 0.055556
116 45 0.055556
121 45 0.055556
122 45 0.055556
134 45 0.055556
137 45 0.055556
139 45 0.055556
141 45 0.055556
2 52 0.066667
25 52 0.066667
27 52 0.066667
29 52 0.066667
42 52 0.066667
50 52 0.066667
57 52 0.066667
61 52 0.066667
64 52 0.066667
86 52 0.066667
87 52 0.066667
108 52 0.066667
111 52 0.066667
112 52 0.066667
120 52 0.066667
2 66 0.032258
6 66 0.032258
7 66 0.032258
10 66 0.032258
23 66 0.032258
25 66 0.032258
27 66 0.032258
30 66 0.032258
31 66 0.032258
32 66 0.032258
35 66 0.032258
36 66 0.032258
39 66 0.032258
40 66 0.032258
42 66 0.032258
48 66 0.032258
50 66 0.032258
51 66 0.032258
53 66 0.032258
56 66 0.032258
59 66 0.032258
71 66 0.032258
72 66 0.032258
79 66 0.032258
80 66 0.032258
94 66 0.032258
101 66 0.032258
118 66 0.032258
124 66 0.032258
127 66 0.032258
135 66 0.032258
2 73 0.033333
3 73 0.033333
5 73 0.033333
25 73 0.033333
30 73 0.033333
31 73 0.033333
33 73 0.033333
38 73 0.033333
40 73 0.033333
41 73 0.033333
43 73 0.033333
44 73 0.033333
50 73 0.033333
57 73 0.033333
69 73 0.033333
75 73 0.033333
83 73 0.033333
89 73 0.033333
90 73 0.033333
93 73 0.033333
96 73 0.033333
109 73 0.033333
112 73 0.033333
114 73 0.033333
119 73 0.033333
125 73 0.033333
140 73 0.033333
141 73 0.033333
143 73 0.033333
145 73 0.033333
2 79 0.038462
5 79 0.038462
8 79 0.038462
19 79 0.038462
21 79 0.038462
23 79 0.038462
36 79 0.038462
38 79 0.038462
51 79 0.038462
63 79 0.038462
66 79 0.038462
67 79 0.038462
72 79 0.038462
78 79 0.038462
81 79 0.038462
84 79 0.038462
85 79 0.038462
97 79 0.038462
100 79 0.038462
104 79 0.038462
107 79 0.038462
111 79 0.038462
115 79 0.038462
118 79 0.038462
126 79 0.038462
143 79 0.038462
2 93 0.04
5 93 0.04
20 93 0.04
22 93 0.04
24 93 0.04
28 93 0.04
30 93 0.04
33 93 0.04
35 93 0.04
47 93 0.04
51 93 0.04
63 93 0.04
72 93 0.04
73 93 0.04
77 93 0.04
78 93 0.04
82 93 0.04
86 93 0.04
99 93 0.04
104 93 0.04
120 93 0.04
123 93 0.04
134 93 0.04
140 93 0.04
145 93 0.04
2 100 0.035714
16 100 0.035714
18 100 0.035714
20 100 0.035714
23 100 0.035714
24 100 0.035714
25 100 0.035714
27 100 0.035714
37 100 0.035714
39 100 0.035714
43 100 0.035714
51 100 0.035714
63 100 0.035714
64 100 0.035714
70 100 0.035714
72 100 0.035714
75 100 0.035714
79 100 0.035714
85 100 0.035714
91 100 0.035714
104 100 0.035714
107 100 0.035714
109 100 0.035714
129 100 0.035714
130 100 0.035714
135 100 0.035714
140 100 0.035714
146 100 0.035714
2 102 0.047619
10 102 0.047619
17 102 0.047619
21 102 0.047619
27 102 0.047619
31 102 0.047619
34 102 0.047619
35 102 0.047619
40 102 0.047619
42 102 0.047619
49 102 0.047619
55 102 0.047619
71 102 0.047619
96 102 0.047619
107 102 0.047619
117 102 0.047619
126 102 0.047619
136 102 0.047619
140 102 0.047619
141 102 0.047619
146 102 0.047619
2 110 0.055556
23 110 0.055556
33 110 0.055556
36 110 0.055556
44 110 0.055556
59 110 0.055556
71 110 0.055556
75 110 0.055556
76 110 0.055556
78 110 0.055556
84 110 0.055556
105 110 0.055556
119 110 0.055556
132 110 0.055556
135 110 0.055556
139 110 0.055556
140 110 0.055556
142 110 0.055556
2 124 0.041667
4 124 0.041667
5 124 0.041667
12 124 0.041667
15 124 0.041667
16 124 0.041667
19 124 0.041667
30 124 0.041667
35 124 0.041667
46 124 0.041667
50 124 0.041667
54 124 0.041667
62 124 0.041667
66 124 0.041667
72 124 0.041667
90 124 0.041667
98 124 0.041667
107 124 0.041667
108 124 0.041667
113 124 0.041667
127 124 0.041667
128 124 0.041667
130 124 0.041667
139 124 0.041667
3 4 0.04
13 4 0.04
17 4 0.04
20 4 0.04
26 4 0.04
28 4 0.04
38 4 0.04
46 4 0.04
57 4 0.04
58 4 0.04
62 4 0.04
67 4 0.04
71 4 0.04
76 4 0.04
77 4 0.04
81 4 0.04
82 4 0.04
103 4 0.04
113 4 0.04
124 4 0.04
131 4 0.04
136 4 0.04
142 4 0.04
145 4 0.04
146 4 0.04
3 17 0.03125
4 17 0.03125
9 17 0.03125
14 17 0.03125
18 17 0.03125
22 17 0.03125
23 17 0.03125
24 17 0.03125
37 17 0.03125
44 17 0.03125
47 17 0.03125
51 17 0.03125
53 17 0.03125
57 17 0.03125
59 17 0.03125
64 17 0.03125
65 17 0.03125
69 17 0.03125
78 17 0.03125
85 17 0.03125
92 17 0.03125
102 17 0.03125
106 17 0.03125
109 17 0.03125
118 17 0.03125
121 17 0.03125
126 17 0.03125
129 17 0.03125
131 17 0.03125
134 17 0.03125
137 17 0.03125
144 17 0.03125
3 29 0.0625
13 29 0.0625
19 29 0.0625
24 29 0.0625
25 29 0.0625
26 29 0.0625
31 29 0.0625
37 29 0.0625
52 29 0.0625
64 29 0.0625
69 29 0.0625
90 29 0.0625
109 29 0.0625
111 29 0.0625
125 29 0.0625
130 29 0.0625
3 44 0.04
5 44 0.04
14 44 0.04
17 44 0.04
20 44 0.04
25 44 0.04
38 44 0.04
54 44 0.04
63 44 0.04
64 44 0.04
65 44 0.04
67 44 0.04
73 44 0.04
81 44 0.04
91 44 0.04
95 44 0.04
97 44 0.04
99 44 0.04
101 44 0.04
107 44 0.04
110 44 0.04
112 44 0.04
113 44 0.04
127 44 0.04
140 44 0.04
3 54 0.045455
12 54 0.045455
15 54 0.045455
19 54 0.045455
23 54 0.045455
25 54 0.045455
34 54 0.045455
44 54 0.045455
46 54 0.045455
48 54 0.045455
51 54 0.045455
62 54 0.045455
69 54 0.045455
76 54 0.045455
82 54 0.045455
86 54 0.045455
108 54 0.045455
111 54 0.045455
112 54 0.045455
124 54 0.045455
132 54 0.045455
133 54 0.045455
3 67 0.037037
4 67 0.037037
5 67 0.037037
15 67 0.037037
23 67 0.037037
31 67 0.037037
34 67 0.037037
36 67 0.037037
38 67 0.037037
44 67 0.037037
45 67 0.037037
51 67 0.037037
58 67 0.037037
72 67 0.037037
79 67 0.037037
90 67 0.037037
101 67 0.037037
108 67 0.037037
116 67 0.037037
117 67 0.037037
134 67 0.037037
135 67 0.037037
136 67 0.037037
137 67 0.037037
138 67 0.037037
143 67 0.037037
146 67 0.037037
3 78 0.037037
17 78 0.037037
20 78 0.037037
32 78 0.037037
33 78 0.037037
43 78 0.037037
56 78 0.037037
58 78 0.037037
65 78 0.037037
76 78 0.037037
79 78 0.037037
81 78 0.037037
82 78 0.037037
83 78 0.037037
91 78 0.037037
93 78 0.037037
96 78 0.037037
98 78 0.037037
104 78 0.037037
106 78 0.037037
110 78 0.037037
120 78 0.037037
125 78 0.037037
133 78 0.037037
134 78 0.037037
136 78 0.037037
139 78 0.037037
3 106 0.043478
8 106 0.043478
17 106 0.043478
23 106 0.043478
25 106 0.043478
34 106 0.043478
37 106 0.043478
39 106 0.043478
48 106 0.043478
51 106 0.043478
56 106 0.043478
59 106 0.043478
69 106 0.043478
71 106 0.043478
75 106 0.043478
78 106 0.043478
80 106 0.043478
81 106 0.043478
83 106 0.043478
86 106 0.043478
103 106 0.043478
132 106 0.043478
135 106 0.043478
3 108 0.052632
25 108 0.052632
27 108 0.052632
33 108 0.052632
36 108 0.052632
42 108 0.052632
43 108 0.052632
48 108 0.052632
52 108 0.052632
54 108 0.052632
67 108 0.052632
74 108 0.052632
76 108 0.052632
77 108 0.052632
94 108 0.052632
97 108 0.052632
101 108 0.052632
124 108 0.052632
129 108 0.052632
3 114 0.05
6 114 0.05
8 114 0.05
19 114 0.05
23 114 0.05
32 114 0.05
37 114 0.05
42 114 0.05
43 114 0.05
46 114 0.05
61 114 0.05
62 114 0.05
73 114 0.05
80 114 0.05
86 114 0.05
87 114 0.05
89 114 0.05
90 114 0.05
101 114 0.05
141 114 0.05
3 125 0.05
9 125 0.05
29 125 0.05
38 125 0.05
40 125 0.05
43 125 0.05
51 125 0.05
63 125 0.05
68 125 0.05
70 125 0.05
73 125 0.05
74 125 0.05
78 125 0.05
95 125 0.05
96 125 0.05
103 125 0.05
121 125 0.05
126 125 0.05
137 125 0.05
144 125 0.05
3 126 0.04
6 126 0.04
7 126 0.04
17 126 0.04
21 126 0.04
25 126 0.04
35 126 0.04
36 126 0.04
46 126 0.04
58 126 0.04
64 126 0.04
65 126 0.04
68 126 0.04
71 126 0.04
76 126 0.04
79 126 0.04
81 126 0.04
86 126 0.04
89 126 0.04
96 126 0.04
99 126 0.04
102 126 0.04
105 126 0.04
119 126 0.04
125 126 0.04
3 136 0.047619
4 136 0.047619
10 136 0.047619
13 136 0.047619
31 136 0.047619
39 136 0.047619
41 136 0.047619
47 136 0.047619
65 136 0.047619
67 136 0.047619
71 136 0.047619
77 136 0.047619
78 136 0.047619
91 136 0.047619
96 136 0.047619
101 136 0.047619
102 136 0.047619
103 136 0.047619
116 136 0.047619
121 136 0.047619
142 136 0.047619
3 139 0.045455
7 139 0.045455
10 139 0.045455
12 139 0.045455
26 139 0.045455
27 139 0.045455
40 139 0.045455
45 139 0.045455
48 139 0.045455
55 139 0.045455
61 139 0.045455
74 139 0.045455
78 139 0.045455
107 139 0.045455
110 139 0.045455
115 139 0.045455
119 139 0.045455
121 139 0.045455
124 139 0.045455
131 139 0.045455
132 139 0.045455
145 139 0.045455
4 13 0.052632
21 13 0.052632
29 13 0.052632
31 13 0.052632
41 13 0.052632
43 13 0.052632
49 13 0.052632
64 13 0.052632
69 13 0.052632
88 13 0.052632
97 13 0.052632
109 13 0.052632
119 13 0.052632
128 13 0.052632
131 13 0.052632
135 13 0.052632
136 13 0.052632
137 13 0.052632
140 13 0.052632
4 20 0.038462
11 20 0.038462
14 20 0.038462
15 20 0.038462
22 20 0.038462
24 20 0.038462
26 20 0.038462
28 20 0.038462
44 20 0.038462
47 20 0.038462
55 20 0.038462
78 20 0.038462
86 20 0.038462
87 20 0.038462
88 20 0.038462
93 20 0.038462
100 20 0.038462
113 20 0.038462
119 20 0.038462
123 20 0.038462
127 20 0.038462
128 20 0.038462
130 20 0.038462
131 20 0.038462
132 20 0.038462
140 20 0.038462
4 28 0.058824
16 28 0.058824
20 28 0.058824
35 28 0.058824
56 28 0.058824
58 28 0.058824
69 28 0.058824
82 28 0.058824
84 28 0.058824
90 28 0.058824
91 28 0.058824
93 28 0.058824
95 28 0.058824
119 28 0.058824
120 28 0.058824
122 28 0.058824
144 28 0.058824
4 38 0.058824
19 38 0.058824
25 38 0.058824
44 38 0.058824
59 38 0.058824
67 38 0.058824
68 38 0.058824
73 38 0.058824
76 38 0.058824
79 38 0.058824
82 38 0.058824
104 38 0.058824
109 38 0.058824
115 38 0.058824
120 38 0.058824
125 38 0.058824
131 38 0.058824
4 46 0.043478
8 46 0.043478
10 46 0.043478
14 46 0.043478
30 46 0.043478
43 46 0.043478
48 46 0.043478
53 46 0.043478
54 46 0.043478
56 46 0.043478
65 46 0.043478
70 46 0.043478
72 46 0.043478
77 46 0.043478
92 46 0.043478
98 46 0.043478
105 46 0.043478
114 46 0.043478
124 46 0.043478
126 46 0.043478
129 46 0.043478
141 46 0.043478
146 46 0.043478
4 57 0.055556
7 57 0.055556
14 57 0.055556
17 57 0.055556
19 57 0.055556
24 57 0.055556
32 57 0.055556
34 57 0.055556
39 57 0.055556
51 57 0.055556
52 57 0.055556
69 57 0.055556
70 57 0.055556
73 57 0.055556
88 57 0.055556
98 57 0.055556
121 57 0.055556
122 57 0.055556
4 71 0.038462
7 71 0.038462
12 71 0.038462
18 71 0.038462
19 71 0.038462
23 71 0.038462
24 71 0.038462
40 71 0.038462
66 71 0.038462
70 71 0.038462
80 71 0.038462
88 71 0.038462
89 71 0.038462
90 71 0.038462
101 71 0.038462
102 71 0.038462
105 71 0.038462
106 71 0.038462
110 71 0.038462
112 71 0.038462
115 71 0.038462
126 71 0.038462
129 71 0.038462
133 71 0.038462
136 71 0.038462
140 71 0.038462
4 131 0.052632
8 131 0.052632
13 131 0.052632
15 131 0.052632
17 131 0.052632
20 131 0.052632
38 131 0.052632
42 131 0.052632
62 131 0.052632
69 131 0.052632
72 131 0.052632
89 131 0.052632
92 131 0.052632
107 131 0.052632
119 131 0.052632
122 131 0.052632
138 131 0.052632
139 131 0.052632
146 131 0.052632
4 145 0.045455
7 145 0.045455
12 145 0.045455
19 145 0.045455
24 145 0.045455
30 145 0.045455
31 145 0.045455
35 145 0.045455
55 145 0.045455
58 145 0.045455
69 145 0.045455
73 145 0.045455
75 145 0.045455
83 145 0.045455
85 145 0.045455
93 145 0.045455
98 145 0.045455
111 145 0.045455
121 145 0.045455
127 145 0.045455
128 145 0.045455
139 145 0.045455
4 146 0.045455
15 146 0.045455
19 146 0.045455
36 146 0.045455
42 146 0.045455
46 146 0.045455
49 146 0.045455
51 146 0.045455
55 146 0.045455
59 146 0.045455
61 146 0.045455
67 146 0.045455
68 146 0.045455
81 146 0.045455
100 146 0.045455
101 146 0.045455
102 146 0.045455
127 146 0.045455
128 146 0.045455
129 146 0.045455
131 146 0.045455
137 146 0.045455
5 6 0.047619
8 6 0.047619
25 6 0.047619
31 6 0.047619
42 6 0.047619
43 6 0.047619
55 6 0.047619
62 6 0.047619
64 6 0.047619
66 6 0.047619
70 6 0.047619
74 6 0.047619
84 6 0.047619
88 6 0.047619
91 6 0.047619
97 6 0.047619
101 6 0.047619
114 6 0.047619
119 6 0.047619
126 6 0.047619
142 6 0.047619
5 36 0.052632
23 36 0.052632
41 36 0.052632
42 36 0.052632
48 36 0.052632
66 36 0.052632
67 36 0.052632
70 36 0.052632
75 36 0.052632
79 36 0.052632
84 36 0.052632
96 36 0.052632
99 36 0.052632
108 36 0.052632
110 36 0.052632
120 36 0.052632
126 36 0.052632
143 36 0.052632
146 36 0.052632
5 47 0.04
7 47 0.04
10 47 0.04
15 47 0.04
17 47 0.04
19 47 0.04
20 47 0.04
22 47 0.04
48 47 0.04
51 47 0.04
61 47 0.04
69 47 0.04
87 47 0.04
90 47 0.04
93 47 0.04
104 47 0.04
113 47 0.04
118 47 0.04
119 47 0.04
121 47 0.04
134 47 0.04
136 47 0.04
140 47 0.04
142 47 0.04
144 47 0.04
5 55 0.052632
6 55 0.052632
20 55 0.052632
42 55 0.052632
49 55 0.052632
51 55 0.052632
60 55 0.052632
74 55 0.052632
77 55 0.052632
83 55 0.052632
101 55 0.052632
102 55 0.052632
103 55 0.052632
122 55 0.052632
130 55 0.052632
139 55 0.052632
144 55 0.052632
145 55 0.052632
146 55 0.052632
5 56 0.041667
15 56 0.041667
25 56 0.041667
28 56 0.041667
33 56 0.041667
37 56 0.041667
43 56 0.041667
46 56 0.041667
49 56 0.041667
53 56 0.041667
58 56 0.041667
66 56 0.041667
72 56 0.041667
74 56 0.041667
78 56 0.041667
80 56 0.041667
81 56 0.041667
86 56 0.041667
88 56 0.041667
98 56 0.041667
106 56 0.041667
112 56 0.041667
127 56 0.041667
135 56 0.041667
5 59 0.047619
10 59 0.047619
14 59 0.047619
17 59 0.047619
31 59 0.047619
38 59 0.047619
65 59 0.047619
66 59 0.047619
74 59 0.047619
75 59 0.047619
80 59 0.047619
85 59 0.047619
88 59 0.047619
106 59 0.047619
110 59 0.047619
118 59 0.047619
121 59 0.047619
122 59 0.047619
140 59 0.047619
143 59 0.047619
146 59 0.047619
5 74 0.04
6 74 0.04
7 74 0.04
10 74 0.04
12 74 0.04
16 74 0.04
30 74 0.04
32 74 0.04
35 74 0.04
42 74 0.04
55 74 0.04
56 74 0.04
59 74 0.04
80 74 0.04
85 74 0.04
86 74 0.04
89 74 0.04
97 74 0.04
98 74 0.04
103 74 0.04
108 74 0.04
109 74 0.04
118 74 0.04
125 74 0.04
139 74 0.04
5 105 0.052632
11 105 0.052632
15 105 0.052632
16 105 0.052632
27 105 0.052632
41 105 0.052632
46 105 0.052632
58 105 0.052632
71 105 0.052632
75 105 0.052632
82 105 0.052632
84 105 0.052632
92 105 0.052632
99 105 0.052632
110 105 0.052632
119 105 0.052632
123 105 0.052632
126 105 0.052632
135 105 0.052632
5 138 0.058824
10 138 0.058824
11 138 0.058824
18 138 0.058824
19 138 0.058824
34 138 0.058824
67 138 0.058824
69 138 0.058824
81 138 0.058824
92 138 0.058824
94 138 0.058824
104 138 0.058824
112 138 0.058824
113 138 0.058824
119 138 0.058824
123 138 0.058824
131 138 0.058824
6 31 0.034483
7 31 0.034483
13 31 0.034483
14 31 0.034483
19 31 0.034483
29 31 0.034483
30 31 0.034483
33 31 0.034483
35 31 0.034483
48 31 0.034483
59 31 0.034483
61 31 0.034483
66 31 0.034483
67 31 0.034483
73 31 0.034483
90 31 0.034483
91 31 0.034483
94 31 0.034483
97 31 0.034483
98 31 0.034483
102 31 0.034483
111 31 0.034483
116 31 0.034483
127 31 0.034483
129 31 0.034483
133 31 0.034483
136 31 0.034483
144 31 0.034483
145 31 0.034483
6 43 0.043478
7 43 0.043478
13 43 0.043478
24 43 0.043478
26 43 0.043478
27 43 0.043478
45 43 0.043478
46 43 0.043478
56 43 0.043478
60 43 0.043478
73 43 0.043478
76 43 0.043478
78 43 0.043478
89 43 0.043478
100 43 0.043478
108 43 0.043478
112 43 0.043478
113 43 0.043478
114 43 0.043478
117 43 0.043478
120 43 0.043478
125 43 0.043478
140 43 0.043478
6 70 0.052632
11 70 0.052632
16 70 0.052632
19 70 0.052632
36 70 0.052632
46 70 0.052632
57 70 0.052632
71 70 0.052632
85 70 0.052632
92 70 0.052632
100 70 0.052632
107 70 0.052632
113 70 0.052632
118 70 0.052632
121 70 0.052632
125 70 0.052632
128 70 0.052632
142 70 0.052632
143 70 0.052632
6 84 0.043478
12 84 0.043478
15 84 0.043478
18 84 0.043478
21 84 0.043478
28 84 0.043478
36 84 0.043478
42 84 0.043478
50 84 0.043478
60 84 0.043478
76 84 0.043478
79 84 0.043478
83 84 0.043478
95 84 0.043478
101 84 0.043478
105 84 0.043478
110 84 0.043478
115 84 0.043478
121 84 0.043478
123 84 0.043478
127 84 0.043478
141 84 0.043478
142 84 0.043478
6 88 0.037037
11 88 0.037037
13 88 0.037037
20 88 0.037037
22 88 0.037037
27 88 0.037037
32 88 0.037037
35 88 0.037037
49 88 0.037037
56 88 0.037037
57 88 0.037037
59 88 0.037037
71 88 0.037037
75 88 0.037037
81 88 0.037037
82 88 0.037037
83 88 0.037037
85 88 0.037037
96 88 0.037037
116 88 0.037037
118 88 0.037037
121 88 0.037037
122 88 0.037037
127 88 0.037037
140 88 0.037037
141 88 0.037037
144 88 0.037037
6 91 0.05
28 91 0.05
31 91 0.05
34 91 0.05
41 91 0.05
44 91 0.05
68 91 0.05
77 91 0.05
78 91 0.05
100 91 0.05
103 91 0.05
111 91 0.05
115 91 0.05
119 91 0.05
123 91 0.05
130 91 0.05
136 91 0.05
137 91 0.05
141 91 0.05
144 91 0.05
6 97 0.066667
13 97 0.066667
31 97 0.066667
41 97 0.066667
44 97 0.066667
51 97 0.066667
63 97 0.066667
64 97 0.066667
74 97 0.066667
79 97 0.066667
82 97 0.066667
87 97 0.066667
94 97 0.066667
108 97 0.066667
116 97 0.066667
6 101 0.032258
12 101 0.032258
16 101 0.032258
37 101 0.032258
44 101 0.032258
48 101 0.032258
50 101 0.032258
55 101 0.032258
60 101 0.032258
62 101 0.032258
66 101 0.032258
67 101 0.032258
68 101 0.032258
69 101 0.032258
71 101 0.032258
75 101 0.032258
84 101 0.032258
86 101 0.032258
94 101 0.032258
108 101 0.032258
109 101 0.032258
112 101 0.032258
114 101 0.032258
117 101 0.032258
121 101 0.032258
127 101 0.032258
134 101 0.032258
136 101 0.032258
140 101 0.032258
144 101 0.032258
146 101 0.032258
7 12 0.041667
9 12 0.041667
11 12 0.041667
15 12 0.041667
41 12 0.041667
48 12 0.041667
54 12 0.041667
63 12 0.041667
71 12 0.041667
74 12 0.041667
75 12 0.041667
84 12 0.041667
85 12 0.041667
96 12 0.041667
101 12 0.041667
107 12 0.041667
116 12 0.041667
120 12 0.041667
124 12 0.041667
129 12 0.041667
133 12 0.041667
139 12 0.041667
142 12 0.041667
145 12 0.041667
7 22 0.058824
17 22 0.058824
20 22 0.058824
24 22 0.058824
47 22 0.058824
49 22 0.058824
63 22 0.058824
64 22 0.058824
86 22 0.058824
88 22 0.058824
93 22 0.058824
96 22 0.058824
103 22 0.058824
107 22 0.058824
116 22 0.058824
119 22 0.058824
137 22 0.058824
7 32 0.041667
15 32 0.041667
26 32 0.041667
27 32 0.041667
30 32 0.041667
37 32 0.041667
40 32 0.041667
57 32 0.041667
66 32 0.041667
68 32 0.041667
74 32 0.041667
78 32 0.041667
83 32 0.041667
85 32 0.041667
88 32 0.041667
90 32 0.041667
94 32 0.041667
112 32 0.041667
114 32 0.041667
119 32 0.041667
120 32 0.041667
122 32 0.041667
123 32 0.041667
133 32 0.041667
7 49 0.045455
10 49 0.045455
13 49 0.045455
22 49 0.045455
26 49 0.045455
42 49 0.045455
45 49 0.045455
55 49 0.045455
56 49 0.045455
68 49 0.045455
69 49 0.045455
72 49 0.045455
85 49 0.045455
88 49 0.045455
95 49 0.045455
99 49 0.045455
102 49 0.045455
117 49 0.045455
129 49 0.045455
134 49 0.045455
143 49 0.045455
146 49 0.045455
7 53 0.055556
17 53 0.055556
39 53 0.055556
46 53 0.055556
56 53 0.055556
60 53 0.055556
65 53 0.055556
66 53 0.055556
68 53 0.055556
76 53 0.055556
77 53 0.055556
95 53 0.055556
96 53 0.055556
112 53 0.055556
122 53 0.055556
135 53 0.055556
143 53 0.055556
144 53 0.055556
7 87 0.043478
9 87 0.043478
10 87 0.043478
20 87 0.043478
25 87 0.043478
33 87 0.043478
42 87 0.043478
47 87 0.043478
52 87 0.043478
58 87 0.043478
63 87 0.043478
80 87 0.043478
81 87 0.043478
92 87 0.043478
97 87 0.043478
103 87 0.043478
111 87 0.043478
114 87 0.043478
117 87 0.043478
119 87 0.043478
120 87 0.043478
122 87 0.043478
130 87 0.043478
8 11 0.055556
9 11 0.055556
12 11 0.055556
20 11 0.055556
33 11 0.055556
34 11 0.055556
40 11 0.055556
51 11 0.055556
70 11 0.055556
75 11 0.055556
88 11 0.055556
92 11 0.055556
105 11 0.055556
120 11 0.055556
130 11 0.055556
132 11 0.055556
138 11 0.055556
142 11 0.055556
8 14 0.05
15 14 0.05
17 14 0.05
20 14 0.05
23 14 0.05
27 14 0.05
31 14 0.05
34 14 0.05
35 14 0.05
44 14 0.05
46 14 0.05
57 14 0.05
59 14 0.05
68 14 0.05
72 14 0.05
89 14 0.05
111 14 0.05
115 14 0.05
133 14 0.05
137 14 0.05
8 41 0.047619
12 41 0.047619
13 41 0.047619
16 41 0.047619
24 41 0.047619
36 41 0.047619
37 41 0.047619
39 41 0.047619
50 41 0.047619
62 41 0.047619
73 41 0.047619
90 41 0.047619
91 41 0.047619
96 41 0.047619
97 41 0.047619
103 41 0.047619
105 41 0.047619
112 41 0.047619
123 41 0.047619
132 41 0.047619
136 41 0.047619
8 109 0.043478
10 109 0.043478
13 109 0.043478
16 109 0.043478
17 109 0.043478
21 109 0.043478
25 109 0.043478
29 109 0.043478
38 109 0.043478
42 109 0.043478
65 109 0.043478
69 109 0.043478
73 109 0.043478
74 109 0.043478
77 109 0.043478
80 109 0.043478
81 109 0.043478
100 109 0.043478
101 109 0.043478
111 109 0.043478
133 109 0.043478
135 109 0.043478
144 109 0.043478
8 111 0.045455
14 111 0.045455
18 111 0.045455
23 111 0.045455
26 111 0.045455
29 111 0.045455
31 111 0.045455
37 111 0.045455
39 111 0.045455
51 111 0.045455
52 111 0.045455
54 111 0.045455
64 111 0.045455
79 111 0.045455
87 111 0.045455
91 111 0.045455
103 111 0.045455
104 111 0.045455
109 111 0.045455
118 111 0.045455
129 111 0.045455
145 111 0.045455
9 19 0.041667
15 19 0.041667
29 19 0.041667
31 19 0.041667
38 19 0.041667
47 19 0.041667
51 19 0.041667
54 19 0.041667
57 19 0.041667
64 19 0.041667
70 19 0.041667
71 19 0.041667
79 19 0.041667
81 19 0.041667
98 19 0.041667
103 19 0.041667
114 19 0.041667
118 19 0.041667
124 19 0.041667
128 19 0.041667
134 19 0.041667
138 19 0.041667
145 19 0.041667
146 19 0.041667
9 48 0.035714
12 48 0.035714
23 48 0.035714
27 48 0.035714
31 48 0.035714
33 48 0.035714
36 48 0.035714
37 48 0.035714
42 48 0.035714
46 48 0.035714
47 48 0.035714
54 48 0.035714
62 48 0.035714
66 48 0.035714
83 48 0.035714
90 48 0.035714
92 48 0.035714
99 48 0.035714
101 48 0.035714
104 48 0.035714
106 48 0.035714
108 48 0.035714
117 48 0.035714
118 48 0.035714
130 48 0.035714
137 48 0.035714
139 48 0.035714
142 48 0.035714
9 90 0.037037
16 90 0.037037
24 90 0.037037
28 90 0.037037
29 90 0.037037
30 90 0.037037
31 90 0.037037
32 90 0.037037
39 90 0.037037
40 90 0.037037
41 90 0.037037
42 90 0.037037
47 90 0.037037
48 90 0.037037
58 90 0.037037
60 90 0.037037
64 90 0.037037
67 90 0.037037
71 90 0.037037
73 90 0.037037
107 90 0.037037
112 90 0.037037
114 90 0.037037
116 90 0.037037
124 90 0.037037
127 90 0.037037
142 90 0.037037
9 99 0.066667
36 99 0.066667
44 99 0.066667
48 99 0.066667
49 99 0.066667
51 99 0.066667
58 99 0.066667
89 99 0.066667
93 99 0.066667
95 99 0.066667
105 99 0.066667
120 99 0.066667
122 99 0.066667
126 99 0.066667
133 99 0.066667
9 132 0.045455
11 132 0.045455
20 132 0.045455
23 132 0.045455
40 132 0.045455
41 132 0.045455
51 132 0.045455
54 132 0.045455
58 132 0.045455
61 132 0.045455
64 132 0.045455
65 132 0.045455
69 132 0.045455
92 132 0.045455
106 132 0.045455
110 132 0.045455
118 132 0.045455
127 132 0.045455
133 132 0.045455
135 132 0.045455
139 132 0.045455
140 132 0.045455
9 137 0.043478
13 137 0.043478
14 137 0.043478
15 137 0.043478
16 137 0.043478
17 137 0.043478
22 137 0.043478
45 137 0.043478
48 137 0.043478
62 137 0.043478
67 137 0.043478
68 137 0.043478
72 137 0.043478
76 137 0.043478
82 137 0.043478
91 137 0.043478
115 137 0.043478
118 137 0.043478
125 137 0.043478
128 137 0.043478
135 137 0.043478
142 137 0.043478
146 137 0.043478
9 140 0.033333
10 140 0.033333
13 140 0.033333
20 140 0.033333
25 140 0.033333
26 140 0.033333
34 140 0.033333
43 140 0.033333
44 140 0.033333
47 140 0.033333
59 140 0.033333
60 140 0.033333
65 140 0.033333
68 140 0.033333
71 140 0.033333
73 140 0.033333
88 140 0.033333
93 140 0.033333
100 140 0.033333
101 140 0.033333
102 140 0.033333
103 140 0.033333
110 140 0.033333
112 140 0.033333
113 140 0.033333
115 140 0.033333
120 140 0.033333
121 140 0.033333
132 140 0.033333
142 140 0.033333
9 144 0.045455
17 144 0.045455
21 144 0.045455
28 144 0.045455
31 144 0.045455
47 144 0.045455
53 144 0.045455
55 144 0.045455
60 144 0.045455
85 144 0.045455
88 144 0.045455
89 144 0.045455
91 144 0.045455
95 144 0.045455
101 144 0.045455
104 144 0.045455
109 144 0.045455
112 144 0.045455
116 144 0.045455
125 144 0.045455
129 144 0.045455
142 144 0.045455
10 18 0.05
17 18 0.05
25 18 0.05
33 18 0.05
37 18 0.05
42 18 0.05
51 18 0.05
71 18 0.05
81 18 0.05
84 18 0.05
89 18 0.05
94 18 0.05
100 18 0.05
104 18 0.05
111 18 0.05
121 18 0.05
127 18 0.05
128 18 0.05
134 18 0.05
138 18 0.05
10 21 0.045455
13 21 0.045455
26 21 0.045455
30 21 0.045455
40 21 0.045455
42 21 0.045455
61 21 0.045455
64 21 0.045455
79 21 0.045455
80 21 0.045455
84 21 0.045455
89 21 0.045455
102 21 0.045455
109 21 0.045455
112 21 0.045455
115 21 0.045455
117 21 0.045455
119 21 0.045455
120 21 0.045455
126 21 0.045455
134 21 0.045455
144 21 0.045455
10 35 0.045455
14 35 0.045455
16 35 0.045455
28 35 0.045455
31 35 0.045455
39 35 0.045455
40 35 0.045455
50 35 0.045455
51 35 0.045455
66 35 0.045455
74 35 0.045455
77 35 0.045455
82 35 0.045455
88 35 0.045455
93 35 0.045455
102 35 0.045455
112 35 0.045455
117 35 0.045455
124 35 0.045455
126 35 0.045455
127 35 0.045455
145 35 0.045455
10 92 0.043478
11 92 0.043478
17 92 0.043478
34 92 0.043478
45 92 0.043478
46 92 0.043478
48 92 0.043478
50 92 0.043478
61 92 0.043478
65 92 0.043478
70 92 0.043478
77 92 0.043478
83 92 0.043478
87 92 0.043478
89 92 0.043478
105 92 0.043478
116 92 0.043478
127 92 0.043478
131 92 0.043478
132 92 0.043478
135 92 0.043478
138 92 0.043478
141 92 0.043478
11 40 0.047619
16 40 0.047619
21 40 0.047619
32 40 0.047619
33 40 0.047619
35 40 0.047619
51 40 0.047619
64 40 0.047619
65 40 0.047619
66 40 0.047619
71 40 0.047619
73 40 0.047619
75 40 0.047619
82 40 0.047619
90 40 0.047619
98 40 0.047619
102 40 0.047619
107 40 0.047619
125 40 0.047619
132 40 0.047619
139 40 0.047619
11 75 0.045455
12 75 0.045455
15 75 0.045455
30 75 0.045455
33 75 0.045455
36 75 0.045455
40 75 0.045455
59 75 0.045455
62 75 0.045455
63 75 0.045455
73 75 0.045455
80 75 0.045455
83 75 0.045455
88 75 0.045455
100 75 0.045455
101 75 0.045455
105 75 0.045455
106 75 0.045455
110 75 0.045455
129 75 0.045455
130 75 0.045455
145 75 0.045455
12 85 0.037037
17 85 0.037037
23 85 0.037037
32 85 0.037037
34 85 0.037037
39 85 0.037037
49 85 0.037037
59 85 0.037037
61 85 0.037037
63 85 0.037037
69 85 0.037037
70 85 0.037037
72 85 0.037037
74 85 0.037037
79 85 0.037037
80 85 0.037037
88 85 0.037037
94 85 0.037037
100 85 0.037037
103 85 0.037037
112 85 0.037037
116 85 0.037037
119 85 0.037037
122 85 0.037037
127 85 0.037037
144 85 0.037037
145 85 0.037037
12 107 0.058824
22 107 0.058824
27 107 0.058824
34 107 0.058824
40 107 0.058824
44 107 0.058824
50 107 0.058824
70 107 0.058824
79 107 0.058824
90 107 0.058824
100 107 0.058824
102 107 0.058824
103 107 0.058824
124 107 0.058824
131 107 0.058824
135 107 0.058824
139 107 0.058824
12 133 0.058824
14 133 0.058824
25 133 0.058824
31 133 0.058824
32 133 0.058824
34 133 0.058824
54 133 0.058824
71 133 0.058824
78 133 0.058824
80 133 0.058824
83 133 0.058824
99 133 0.058824
109 133 0.058824
113 133 0.058824
128 133 0.058824
129 133 0.058824
132 133 0.058824
13 69 0.04
17 69 0.04
28 69 0.04
29 69 0.04
47 69 0.04
49 69 0.04
54 69 0.04
57 69 0.04
68 69 0.04
73 69 0.04
80 69 0.04
85 69 0.04
98 69 0.04
101 69 0.04
106 69 0.04
109 69 0.04
119 69 0.04
122 69 0.04
127 69 0.04
131 69 0.04
132 69 0.04
134 69 0.04
138 69 0.04
142 69 0.04
145 69 0.04
14 68 0.052632
30 68 0.052632
32 68 0.052632
33 68 0.052632
38 68 0.052632
49 68 0.052632
53 68 0.052632
69 68 0.052632
91 68 0.052632
101 68 0.052632
112 68 0.052632
115 68 0.052632
119 68 0.052632
125 68 0.052632
126 68 0.052632
137 68 0.052632
140 68 0.052632
141 68 0.052632
146 68 0.052632
14 72 0.033333
16 72 0.033333
25 72 0.033333
26 72 0.033333
30 72 0.033333
42 72 0.033333
46 72 0.033333
49 72 0.033333
50 72 0.033333
56 72 0.033333
66 72 0.033333
67 72 0.033333
76 72 0.033333
79 72 0.033333
80 72 0.033333
85 72 0.033333
89 72 0.033333
93 72 0.033333
94 72 0.033333
98 72 0.033333
100 72 0.033333
104 72 0.033333
112 72 0.033333
117 72 0.033333
122 72 0.033333
123 72 0.033333
124 72 0.033333
131 72 0.033333
135 72 0.033333
137 72 0.033333
14 89 0.04
18 89 0.04
21 89 0.04
23 89 0.04
37 89 0.04
43 89 0.04
65 89 0.04
71 89 0.04
72 89 0.04
73 89 0.04
74 89 0.04
83 89 0.04
92 89 0.04
94 89 0.04
99 89 0.04
113 89 0.04
114 89 0.04
117 89 0.04
121 89 0.04
126 89 0.04
129 89 0.04
130 89 0.04
131 89 0.04
142 89 0.04
144 89 0.04
14 115 0.055556
21 115 0.055556
25 115 0.055556
30 115 0.055556
37 115 0.055556
38 115 0.055556
39 115 0.055556
58 115 0.055556
68 115 0.055556
71 115 0.055556
79 115 0.055556
84 115 0.055556
91 115 0.055556
95 115 0.055556
112 115 0.055556
137 115 0.055556
139 115 0.055556
140 115 0.055556
15 60 0.058824
43 60 0.058824
45 60 0.058824
53 60 0.058824
55 60 0.058824
58 60 0.058824
82 60 0.058824
84 60 0.058824
90 60 0.058824
94 60 0.058824
95 60 0.058824
101 60 0.058824
104 60 0.058824
121 60 0.058824
134 60 0.058824
140 60 0.058824
144 60 0.058824
16 95 0.058824
24 95 0.058824
28 95 0.058824
44 95 0.058824
49 95 0.058824
53 95 0.058824
60 95 0.058824
77 95 0.058824
84 95 0.058824
99 95 0.058824
103 95 0.058824
112 95 0.058824
115 95 0.058824
125 95 0.058824
128 95 0.058824
134 95 0.058824
144 95 0.058824
16 118 0.047619
17 118 0.047619
19 118 0.047619
23 118 0.047619
47 118 0.047619
48 118 0.047619
59 118 0.047619
64 118 0.047619
66 118 0.047619
70 118 0.047619
74 118 0.047619
79 118 0.047619
86 118 0.047619
88 118 0.047619
103 118 0.047619
111 118 0.047619
127 118 0.047619
129 118 0.047619
130 118 0.047619
132 118 0.047619
137 118 0.047619
17 24 0.05
20 24 0.05
22 24 0.05
23 24 0.05
27 24 0.05
29 24 0.05
33 24 0.05
41 24 0.05
43 24 0.05
57 24 0.05
71 24 0.05
81 24 0.05
90 24 0.05
93 24 0.05
95 24 0.05
100 24 0.05
112 24 0.05
128 24 0.05
135 24 0.05
145 24 0.05
17 65 0.05
23 65 0.05
40 65 0.05
42 65 0.05
44 65 0.05
46 65 0.05
53 65 0.05
59 65 0.05
78 65 0.05
89 65 0.05
92 65 0.05
96 65 0.05
109 65 0.05
126 65 0.05
128 65 0.05
129 65 0.05
132 65 0.05
136 65 0.05
140 65 0.05
143 65 0.05
21 61 0.0625
23 61 0.0625
31 61 0.0625
47 61 0.0625
52 61 0.0625
62 61 0.0625
85 61 0.0625
92 61 0.0625
96 61 0.0625
103 61 0.0625
114 61 0.0625
128 61 0.0625
132 61 0.0625
135 61 0.0625
139 61 0.0625
146 61 0.0625
21 80 0.05
23 80 0.05
56 80 0.05
59 80 0.05
66 80 0.05
69 80 0.05
71 80 0.05
72 80 0.05
74 80 0.05
75 80 0.05
85 80 0.05
87 80 0.05
106 80 0.05
109 80 0.05
114 80 0.05
122 80 0.05
129 80 0.05
133 80 0.05
134 80 0.05
142 80 0.05
21 112 0.037037
24 112 0.037037
25 112 0.037037
32 112 0.037037
35 112 0.037037
41 112 0.037037
43 112 0.037037
44 112 0.037037
52 112 0.037037
53 112 0.037037
54 112 0.037037
56 112 0.037037
68 112 0.037037
71 112 0.037037
72 112 0.037037
73 112 0.037037
85 112 0.037037
86 112 0.037037
90 112 0.037037
95 112 0.037037
101 112 0.037037
115 112 0.037037
122 112 0.037037
138 112 0.037037
140 112 0.037037
141 112 0.037037
144 112 0.037037
26 50 0.05
30 50 0.05
35 50 0.05
41 50 0.05
52 50 0.05
58 50 0.05
66 50 0.05
72 50 0.05
73 50 0.05
84 50 0.05
86 50 0.05
92 50 0.05
101 50 0.05
104 50 0.05
107 50 0.05
120 50 0.05
124 50 0.05
129 50 0.05
130 50 0.05
135 50 0.05
30 83 0.047619
32 83 0.047619
42 83 0.047619
48 83 0.047619
55 83 0.047619
62 83 0.047619
63 83 0.047619
73 83 0.047619
75 83 0.047619
78 83 0.047619
84 83 0.047619
86 83 0.047619
88 83 0.047619
89 83 0.047619
92 83 0.047619
96 83 0.047619
106 83 0.047619
119 83 0.047619
121 83 0.047619
133 83 0.047619
145 83 0.047619
30 143 0.071429
34 143 0.071429
36 143 0.071429
49 143 0.071429
53 143 0.071429
59 143 0.071429
65 143 0.071429
67 143 0.071429
70 143 0.071429
73 143 0.071429
77 143 0.071429
79 143 0.071429
104 143 0.071429
130 143 0.071429
8 0 0.033333
23 0 0.033333
26 0 0.033333
27 0 0.033333
30 0 0.033333
33 0 0.033333
39 0 0.033333
42 0 0.033333
51 0 0.033333
58 0 0.033333
62 0 0.033333
63 0 0.033333
76 0 0.033333
77 0 0.033333
81 0 0.033333
82 0 0.033333
86 0 0.033333
94 0 0.033333
96 0 0.033333
98 0 0.033333
103 0 0.033333
104 0 0.033333
113 0 0.033333
116 0 0.033333
122 0 0.033333
127 0 0.033333
128 0 0.033333
129 0 0.033333
134 0 0.033333
141 0 0.033333
27 1 0.076923
34 1 0.076923
63 1 0.076923
64 1 0.076923
76 1 0.076923
117 1 0.076923
119 1 0.076923
120 1 0.076923
121 1 0.076923
123 1 0.076923
130 1 0.076923
135 1 0.076923
142 1 0.076923
15 2 0.05
25 2 0.05
26 2 0.05
37 2 0.05
45 2 0.05
52 2 0.05
58 2 0.05
64 2 0.05
66 2 0.05
73 2 0.05
79 2 0.05
93 2 0.05
96 2 0.05
98 2 0.05
100 2 0.05
102 2 0.05
110 2 0.05
122 2 0.05
124 2 0.05
129 2 0.05
4 3 0.047619
17 3 0.047619
26 3 0.047619
29 3 0.047619
44 3 0.047619
51 3 0.047619
54 3 0.047619
62 3 0.047619
67 3 0.047619
73 3 0.047619
78 3 0.047619
82 3 0.047619
104 3 0.047619
106 3 0.047619
108 3 0.047619
114 3 0.047619
122 3 0.047619
125 3 0.047619
126 3 0.047619
136 3 0.047619
139 3 0.047619
6 5 0.045455
36 5 0.045455
37 5 0.045455
39 5 0.045455
44 5 0.045455
47 5 0.045455
55 5 0.045455
56 5 0.045455
58 5 0.045455
59 5 0.045455
63 5 0.045455
67 5 0.045455
73 5 0.045455
74 5 0.045455
77 5 0.045455
79 5 0.045455
93 5 0.045455
104 5 0.045455
105 5 0.045455
124 5 0.045455
134 5 0.045455
138 5 0.045455
12 7 0.043478
22 7 0.043478
26 7 0.043478
31 7 0.043478
32 7 0.043478
42 7 0.043478
43 7 0.043478
47 7 0.043478
49 7 0.043478
53 7 0.043478
57 7 0.043478
58 7 0.043478
66 7 0.043478
71 7 0.043478
74 7 0.043478
87 7 0.043478
94 7 0.043478
103 7 0.043478
126 7 0.043478
134 7 0.043478
139 7 0.043478
141 7 0.043478
145 7 0.043478
11 9 0.045455
12 9 0.045455
17 9 0.045455
19 9 0.045455
30 9 0.045455
42 9 0.045455
48 9 0.045455
64 9 0.045455
77 9 0.045455
82 9 0.045455
87 9 0.045455
90 9 0.045455
99 9 0.045455
119 9 0.045455
125 9 0.045455
127 9 0.045455
132 9 0.045455
135 9 0.045455
137 9 0.045455
140 9 0.045455
141 9 0.045455
144 9 0.045455
18 10 0.045455
21 10 0.045455
25 10 0.045455
27 10 0.045455
35 10 0.045455
46 10 0.045455
47 10 0.045455
49 10 0.045455
59 10 0.045455
63 10 0.045455
66 10 0.045455
74 10 0.045455
77 10 0.045455
81 10 0.045455
87 10 0.045455
92 10 0.045455
102 10 0.045455
109 10 0.045455
136 10 0.045455
138 10 0.045455
139 10 0.045455
140 10 0.045455
28 16 0.045455
33 16 0.045455
35 16 0.045455
40 16 0.045455
41 16 0.045455
70 16 0.045455
72 16 0.045455
74 16 0.045455
90 16 0.045455
95 16 0.045455
100 16 0.045455
101 16 0.045455
105 16 0.045455
109 16 0.045455
117 16 0.045455
118 16 0.045455
121 16 0.045455
124 16 0.045455
130 16 0.045455
137 16 0.045455
141 16 0.045455
142 16 0.045455
