0 1 0.083333
25 1 0.083333
28 1 0.083333
55 1 0.083333
73 1 0.083333
76 1 0.083333
77 1 0.083333
80 1 0.083333
83 1 0.083333
88 1 0.083333
89 1 0.083333
91 1 0.083333
0 2 0.090909
8 2 0.090909
31 2 0.090909
43 2 0.090909
58 2 0.090909
67 2 0.090909
69 2 0.090909
75 2 0.090909
88 2 0.090909
101 2 0.090909
106 2 0.090909
0 12 0.0625
4 12 0.0625
7 12 0.0625
9 12 0.0625
16 12 0.0625
43 12 0.0625
57 12 0.0625
60 12 0.0625
65 12 0.0625
74 12 0.0625
78 12 0.0625
80 12 0.0625
82 12 0.0625
85 12 0.0625
98 12 0.0625
100 12 0.0625
0 15 0.055556
39 15 0.055556
44 15 0.055556
55 15 0.055556
61 15 0.055556
65 15 0.055556
68 15 0.055556
69 15 0.055556
82 15 0.055556
88 15 0.055556
90 15 0.055556
91 15 0.055556
92 15 0.055556
97 15 0.055556
101 15 0.055556
104 15 0.055556
105 15 0.055556
109 15 0.055556
0 19 0.05
8 19 0.05
13 19 0.05
14 19 0.05
23 19 0.05
26 19 0.05
32 19 0.05
37 19 0.05
41 19 0.05
52 19 0.05
53 19 0.05
56 19 0.05
57 19 0.05
70 19 0.05
71 19 0.05
76 19 0.05
79 19 0.05
86 19 0.05
90 19 0.05
95 19 0.05
0 22 0.058824
10 22 0.058824
18 22 0.058824
31 22 0.058824
35 22 0.058824
37 22 0.058824
38 22 0.058824
40 22 0.058824
41 22 0.058824
46 22 0.058824
57 22 0.058824
61 22 0.058824
64 22 0.058824
71 22 0.058824
77 22 0.058824
78 22 0.058824
88 22 0.058824
0 27 0.043478
7 27 0.043478
8 27 0.043478
9 27 0.043478
16 27 0.043478
34 27 0.043478
36 27 0.043478
38 27 0.043478
41 27 0.043478
42 27 0.043478
43 27 0.043478
52 27 0.043478
58 27 0.043478
62 27 0.043478
64 27 0.043478
75 27 0.043478
76 27 0.043478
82 27 0.043478
91 27 0.043478
93 27 0.043478
94 27 0.043478
99 27 0.043478
105 27 0.043478
0 43 0.055556
2 43 0.055556
10 43 0.055556
12 43 0.055556
14 43 0.055556
18 43 0.055556
26 43 0.055556
27 43 0.055556
31 43 0.055556
34 43 0.055556
35 43 0.055556
39 43 0.055556
49 43 0.055556
54 43 0.055556
63 43 0.055556
89 43 0.055556
92 43 0.055556
94 43 0.055556
0 49 0.052632
20 49 0.052632
24 49 0.052632
31 49 0.052632
34 49 0.052632
42 49 0.052632
43 49 0.052632
44 49 0.052632
48 49 0.052632
51 49 0.052632
52 49 0.052632
53 49 0.052632
54 49 0.052632
58 49 0.052632
59 49 0.052632
71 49 0.052632
85 49 0.052632
96 49 0.052632
100 49 0.052632
0 56 0.058824
19 56 0.058824
20 56 0.058824
23 56 0.058824
35 56 0.058824
46 56 0.058824
48 56 0.058824
55 56 0.058824
68 56 0.058824
77 56 0.058824
83 56 0.058824
90 56 0.058824
92 56 0.058824
94 56 0.058824
97 56 0.058824
100 56 0.058824
102 56 0.058824
0 65 0.066667
12 65 0.066667
14 65 0.066667
15 65 0.066667
38 65 0.066667
48 65 0.066667
51 65 0.066667
53 65 0.066667
60 65 0.066667
62 65 0.066667
63 65 0.066667
71 65 0.066667
74 65 0.066667
81 65 0.066667
106 65 0.066667
0 73 0.090909
1 73 0.090909
5 73 0.090909
8 73 0.090909
18 73 0.090909
46 73 0.090909
59 73 0.090909
62 73 0.090909
105 73 0.090909
106 73 0.090909
108 73 0.090909
0 74 0.090909
10 74 0.090909
12 74 0.090909
13 74 0.090909
24 74 0.090909
30 74 0.090909
36 74 0.090909
57 74 0.090909
60 74 0.090909
65 74 0.090909
109 74 0.090909
0 92 0.055556
13 92 0.055556
15 92 0.055556
18 92 0.055556
31 92 0.055556
33 92 0.055556
43 92 0.055556
53 92 0.055556
56 92 0.055556
58 92 0.055556
60 92 0.055556
66 92 0.055556
69 92 0.055556
87 92 0.055556
91 92 0.055556
101 92 0.055556
107 92 0.055556
108 92 0.055556
1 25 0.083333
4 25 0.083333
10 25 0.083333
18 25 0.083333
23 25 0.083333
47 25 0.083333
79 25 0.083333
83 25 0.083333
93 25 0.083333
96 25 0.083333
97 25 0.083333
103 25 0.083333
1 28 0.090909
20 28 0.090909
29 28 0.090909
59 28 0.090909
69 28 0.090909
71 28 0.090909
77 28 0.090909
81 28 0.090909
93 28 0.090909
94 28 0.090909
96 28 0.090909
1 55 0.090909
15 55 0.090909
47 55 0.090909
56 55 0.090909
60 55 0.090909
67 55 0.090909
69 55 0.090909
72 55 0.090909
96 55 0.090909
100 55 0.090909
108 55 0.090909
1 76 0.066667
13 76 0.066667
19 76 0.066667
27 76 0.066667
31 76 0.066667
33 76 0.066667
37 76 0.066667
61 76 0.066667
67 76 0.066667
75 76 0.066667
77 76 0.066667
95 76 0.066667
100 76 0.066667
103 76 0.066667
107 76 0.066667
1 77 0.055556
4 77 0.055556
5 77 0.055556
22 77 0.055556
28 77 0.055556
29 77 0.055556
32 77 0.055556
42 77 0.055556
52 77 0.055556
56 77 0.055556
69 77 0.055556
76 77 0.055556
89 77 0.055556
91 77 0.055556
94 77 0.055556
96 77 0.055556
97 77 0.055556
99 77 0.055556
1 80 0.066667
4 80 0.066667
7 80 0.066667
8 80 0.066667
12 80 0.066667
16 80 0.066667
38 80 0.066667
57 80 0.066667
71 80 0.066667
86 80 0.066667
90 80 0.066667
94 80 0.066667
96 80 0.066667
97 80 0.066667
107 80 0.066667
1 83 0.052632
3 83 0.052632
7 83 0.052632
18 83 0.052632
25 83 0.052632
26 83 0.052632
30 83 0.052632
39 83 0.052632
42 83 0.052632
51 83 0.052632
56 83 0.052632
60 83 0.052632
62 83 0.052632
70 83 0.052632
86 83 0.052632
102 83 0.052632
104 83 0.052632
107 83 0.052632
108 83 0.052632
1 88 0.055556
2 88 0.055556
7 88 0.055556
8 88 0.055556
15 88 0.055556
22 88 0.055556
30 88 0.055556
34 88 0.055556
37 88 0.055556
41 88 0.055556
46 88 0.055556
78 88 0.055556
89 88 0.055556
98 88 0.055556
100 88 0.055556
101 88 0.055556
102 88 0.055556
104 88 0.055556
1 89 0.052632
6 89 0.052632
7 89 0.052632
13 89 0.052632
20 89 0.052632
26 89 0.052632
32 89 0.052632
38 89 0.052632
40 89 0.052632
41 89 0.052632
43 89 0.052632
54 89 0.052632
58 89 0.052632
77 89 0.052632
88 89 0.052632
91 89 0.052632
97 89 0.052632
100 89 0.052632
106 89 0.052632
1 91 0.071429
15 91 0.071429
27 91 0.071429
29 91 0.071429
30 91 0.071429
31 91 0.071429
35 91 0.071429
48 91 0.071429
60 91 0.071429
75 91 0.071429
77 91 0.071429
85 91 0.071429
89 91 0.071429
92 91 0.071429
2 8 0.055556
5 8 0.055556
19 8 0.055556
23 8 0.055556
27 8 0.055556
31 8 0.055556
46 8 0.055556
52 8 0.055556
61 8 0.055556
63 8 0.055556
66 8 0.055556
68 8 0.055556
73 8 0.055556
80 8 0.055556
88 8 0.055556
97 8 0.055556
99 8 0.055556
102 8 0.055556
2 31 0.055556
3 31 0.055556
7 31 0.055556
8 31 0.055556
14 31 0.055556
22 31 0.055556
32 31 0.055556
35 31 0.055556
43 31 0.055556
48 31 0.055556
49 31 0.055556
60 31 0.055556
67 31 0.055556
76 31 0.055556
78 31 0.055556
87 31 0.055556
91 31 0.055556
92 31 0.055556
2 58 0.055556
14 58 0.055556
16 58 0.055556
26 58 0.055556
27 58 0.055556
29 58 0.055556
34 58 0.055556
40 58 0.055556
44 58 0.055556
48 58 0.055556
49 58 0.055556
51 58 0.055556
61 58 0.055556
81 58 0.055556
85 58 0.055556
89 58 0.055556
92 58 0.055556
102 58 0.055556
2 67 0.1
7 67 0.1
31 67 0.1
53 67 0.1
55 67 0.1
66 67 0.1
76 67 0.1
84 67 0.1
86 67 0.1
100 67 0.1
2 69 0.052632
6 69 0.052632
9 69 0.052632
11 69 0.052632
13 69 0.052632
15 69 0.052632
18 69 0.052632
28 69 0.052632
36 69 0.052632
50 69 0.052632
51 69 0.052632
55 69 0.052632
77 69 0.052632
78 69 0.052632
81 69 0.052632
90 69 0.052632
92 69 0.052632
96 69 0.052632
106 69 0.052632
2 75 0.058824
3 75 0.058824
4 75 0.058824
5 75 0.058824
18 75 0.058824
27 75 0.058824
33 75 0.058824
37 75 0.058824
44 75 0.058824
46 75 0.058824
57 75 0.058824
76 75 0.058824
85 75 0.058824
91 75 0.058824
95 75 0.058824
99 75 0.058824
104 75 0.058824
2 101 0.055556
9 101 0.055556
10 101 0.055556
13 101 0.055556
15 101 0.055556
21 101 0.055556
23 101 0.055556
26 101 0.055556
33 101 0.055556
39 101 0.055556
41 101 0.055556
53 101 0.055556
57 101 0.055556
66 101 0.055556
70 101 0.055556
88 101 0.055556
92 101 0.055556
106 101 0.055556
2 106 0.043478
4 106 0.043478
13 106 0.043478
17 106 0.043478
23 106 0.043478
29 106 0.043478
38 106 0.043478
54 106 0.043478
59 106 0.043478
61 106 0.043478
64 106 0.043478
65 106 0.043478
69 106 0.043478
71 106 0.043478
73 106 0.043478
78 106 0.043478
82 106 0.043478
86 106 0.043478
89 106 0.043478
97 106 0.043478
101 106 0.043478
102 106 0.043478
103 106 0.043478
3 5 0.052632
8 5 0.052632
9 5 0.052632
10 5 0.052632
24 5 0.052632
36 5 0.052632
44 5 0.052632
46 5 0.052632
52 5 0.052632
54 5 0.052632
57 5 0.052632
59 5 0.052632
60 5 0.052632
66 5 0.052632
73 5 0.052632
75 5 0.052632
77 5 0.052632
82 5 0.052632
84 5 0.052632
3 9 0.055556
4 9 0.055556
5 9 0.055556
6 9 0.055556
11 9 0.055556
12 9 0.055556
27 9 0.055556
30 9 0.055556
39 9 0.055556
47 9 0.055556
52 9 0.055556
64 9 0.055556
69 9 0.055556
86 9 0.055556
93 9 0.055556
101 9 0.055556
105 9 0.055556
107 9 0.055556
3 13 0.045455
17 13 0.045455
19 13 0.045455
34 13 0.045455
35 13 0.045455
42 13 0.045455
45 13 0.045455
46 13 0.045455
47 13 0.045455
51 13 0.045455
54 13 0.045455
61 13 0.045455
62 13 0.045455
69 13 0.045455
74 13 0.045455
76 13 0.045455
84 13 0.045455
89 13 0.045455
92 13 0.045455
94 13 0.045455
101 13 0.045455
106 13 0.045455
3 16 0.066667
12 16 0.066667
21 16 0.066667
27 16 0.066667
37 16 0.066667
45 16 0.066667
48 16 0.066667
54 16 0.066667
58 16 0.066667
68 16 0.066667
80 16 0.066667
95 16 0.066667
98 16 0.066667
103 16 0.066667
108 16 0.066667
3 18 0.083333
22 18 0.083333
25 18 0.083333
37 18 0.083333
43 18 0.083333
69 18 0.083333
70 18 0.083333
73 18 0.083333
75 18 0.083333
83 18 0.083333
92 18 0.083333
103 18 0.083333
3 38 0.052632
14 38 0.052632
22 38 0.052632
27 38 0.052632
36 38 0.052632
42 38 0.052632
44 38 0.052632
51 38 0.052632
53 38 0.052632
57 38 0.052632
60 38 0.052632
64 38 0.052632
65 38 0.052632
70 38 0.052632
80 38 0.052632
89 38 0.052632
95 38 0.052632
106 38 0.052632
108 38 0.052632
3 39 0.052632
6 39 0.052632
7 39 0.052632
9 39 0.052632
14 39 0.052632
15 39 0.052632
17 39 0.052632
32 39 0.052632
42 39 0.052632
43 39 0.052632
44 39 0.052632
46 39 0.052632
47 39 0.052632
53 39 0.052632
64 39 0.052632
70 39 0.052632
83 39 0.052632
101 39 0.052632
107 39 0.052632
3 40 0.066667
22 40 0.066667
26 40 0.066667
34 40 0.066667
44 40 0.066667
46 40 0.066667
48 40 0.066667
58 40 0.066667
59 40 0.066667
81 40 0.066667
87 40 0.066667
89 40 0.066667
97 40 0.066667
99 40 0.066667
109 40 0.066667
3 42 0.090909
13 42 0.090909
27 42 0.090909
38 42 0.090909
39 42 0.090909
49 42 0.090909
53 42 0.090909
59 42 0.090909
77 42 0.090909
83 42 0.090909
94 42 0.090909
3 51 0.052632
4 51 0.052632
13 51 0.052632
20 51 0.052632
24 51 0.052632
34 51 0.052632
38 51 0.052632
44 51 0.052632
45 51 0.052632
49 51 0.052632
52 51 0.052632
58 51 0.052632
63 51 0.052632
65 51 0.052632
66 51 0.052632
69 51 0.052632
82 51 0.052632
83 51 0.052632
95 51 0.052632
3 57 0.045455
5 57 0.045455
7 57 0.045455
12 57 0.045455
14 57 0.045455
19 57 0.045455
21 57 0.045455
22 57 0.045455
24 57 0.045455
34 57 0.045455
38 57 0.045455
45 57 0.045455
53 57 0.045455
54 57 0.045455
64 57 0.045455
66 57 0.045455
74 57 0.045455
75 57 0.045455
79 57 0.045455
80 57 0.045455
95 57 0.045455
101 57 0.045455
3 62 0.0625
10 62 0.0625
13 62 0.0625
21 62 0.0625
26 62 0.0625
27 62 0.0625
30 62 0.0625
32 62 0.0625
36 62 0.0625
65 62 0.0625
66 62 0.0625
73 62 0.0625
83 62 0.0625
85 62 0.0625
93 62 0.0625
109 62 0.0625
3 64 0.058824
7 64 0.058824
9 64 0.058824
22 64 0.058824
26 64 0.058824
27 64 0.058824
38 64 0.058824
39 64 0.058824
45 64 0.058824
50 64 0.058824
57 64 0.058824
78 64 0.058824
84 64 0.058824
85 64 0.058824
94 64 0.058824
103 64 0.058824
106 64 0.058824
3 98 0.1
11 98 0.1
12 98 0.1
16 98 0.1
33 98 0.1
46 98 0.1
86 98 0.1
88 98 0.1
97 98 0.1
102 98 0.1
4 17 0.083333
7 17 0.083333
13 17 0.083333
35 17 0.083333
39 17 0.083333
54 17 0.083333
60 17 0.083333
61 17 0.083333
93 17 0.083333
96 17 0.083333
102 17 0.083333
106 17 0.083333
4 26 0.076923
19 26 0.076923
21 26 0.076923
40 26 0.076923
43 26 0.076923
46 26 0.076923
53 26 0.076923
58 26 0.076923
62 26 0.076923
64 26 0.076923
83 26 0.076923
89 26 0.076923
101 26 0.076923
4 29 0.066667
6 29 0.066667
11 29 0.066667
28 29 0.066667
52 29 0.066667
53 29 0.066667
58 29 0.066667
77 29 0.066667
81 29 0.066667
84 29 0.066667
87 29 0.066667
91 29 0.066667
93 29 0.066667
106 29 0.066667
107 29 0.066667
4 50 0.076923
21 50 0.076923
23 50 0.076923
30 50 0.076923
36 50 0.076923
41 50 0.076923
60 50 0.076923
61 50 0.076923
64 50 0.076923
69 50 0.076923
81 50 0.076923
86 50 0.076923
105 50 0.076923
4 61 0.076923
8 61 0.076923
13 61 0.076923
15 61 0.076923
17 61 0.076923
22 61 0.076923
30 61 0.076923
50 61 0.076923
58 61 0.076923
66 61 0.076923
76 61 0.076923
106 61 0.076923
109 61 0.076923
4 78 0.045455
6 78 0.045455
10 78 0.045455
12 78 0.045455
14 78 0.045455
22 78 0.045455
31 78 0.045455
37 78 0.045455
41 78 0.045455
47 78 0.045455
52 78 0.045455
53 78 0.045455
60 78 0.045455
64 78 0.045455
69 78 0.045455
72 78 0.045455
84 78 0.045455
86 78 0.045455
88 78 0.045455
102 78 0.045455
103 78 0.045455
106 78 0.045455
4 81 0.071429
28 81 0.071429
29 81 0.071429
37 81 0.071429
40 81 0.071429
44 81 0.071429
50 81 0.071429
58 81 0.071429
59 81 0.071429
65 81 0.071429
69 81 0.071429
85 81 0.071429
99 81 0.071429
104 81 0.071429
4 96 0.0625
17 96 0.0625
25 96 0.0625
28 96 0.0625
32 96 0.0625
44 96 0.0625
49 96 0.0625
55 96 0.0625
60 96 0.0625
68 96 0.0625
69 96 0.0625
77 96 0.0625
80 96 0.0625
87 96 0.0625
95 96 0.0625
108 96 0.0625
5 10 0.058824
21 10 0.058824
22 10 0.058824
25 10 0.058824
32 10 0.058824
43 10 0.058824
45 10 0.058824
52 10 0.058824
60 10 0.058824
62 10 0.058824
66 10 0.058824
74 10 0.058824
78 10 0.058824
94 10 0.058824
95 10 0.058824
101 10 0.058824
102 10 0.058824
5 24 0.058824
37 24 0.058824
44 24 0.058824
45 24 0.058824
46 24 0.058824
47 24 0.058824
49 24 0.058824
51 24 0.058824
52 24 0.058824
57 24 0.058824
71 24 0.058824
74 24 0.058824
85 24 0.058824
86 24 0.058824
93 24 0.058824
100 24 0.058824
107 24 0.058824
5 36 0.1
27 36 0.1
32 36 0.1
38 36 0.1
44 36 0.1
50 36 0.1
59 36 0.1
62 36 0.1
69 36 0.1
74 36 0.1
5 44 0.052632
6 44 0.052632
15 44 0.052632
24 44 0.052632
36 44 0.052632
38 44 0.052632
39 44 0.052632
40 44 0.052632
41 44 0.052632
49 44 0.052632
51 44 0.052632
58 44 0.052632
60 44 0.052632
75 44 0.052632
81 44 0.052632
85 44 0.052632
86 44 0.052632
90 44 0.052632
96 44 0.052632
5 46 0.052632
8 46 0.052632
13 46 0.052632
22 46 0.052632
24 46 0.052632
26 46 0.052632
35 46 0.052632
37 46 0.052632
39 46 0.052632
40 46 0.052632
54 46 0.052632
56 46 0.052632
60 46 0.052632
63 46 0.052632
71 46 0.052632
73 46 0.052632
75 46 0.052632
88 46 0.052632
98 46 0.052632
5 52 0.05
8 52 0.05
9 52 0.05
10 52 0.05
19 52 0.05
24 52 0.05
27 52 0.05
29 52 0.05
41 52 0.05
49 52 0.05
51 52 0.05
77 52 0.05
78 52 0.05
82 52 0.05
84 52 0.05
86 52 0.05
90 52 0.05
95 52 0.05
102 52 0.05
107 52 0.05
5 54 0.071429
13 54 0.071429
14 54 0.071429
16 54 0.071429
17 54 0.071429
43 54 0.071429
46 54 0.071429
49 54 0.071429
57 54 0.071429
59 54 0.071429
68 54 0.071429
89 54 0.071429
95 54 0.071429
106 54 0.071429
5 59 0.0625
28 59 0.0625
33 59 0.0625
36 59 0.0625
40 59 0.0625
42 59 0.0625
49 59 0.0625
54 59 0.0625
66 59 0.0625
70 59 0.0625
73 59 0.0625
79 59 0.0625
81 59 0.0625
102 59 0.0625
105 59 0.0625
106 59 0.0625
5 60 0.037037
10 60 0.037037
12 60 0.037037
17 60 0.037037
31 60 0.037037
32 60 0.037037
33 60 0.037037
38 60 0.037037
44 60 0.037037
46 60 0.037037
50 60 0.037037
55 60 0.037037
63 60 0.037037
65 60 0.037037
68 60 0.037037
71 60 0.037037
74 60 0.037037
78 60 0.037037
82 60 0.037037
83 60 0.037037
86 60 0.037037
91 60 0.037037
92 60 0.037037
96 60 0.037037
99 60 0.037037
107 60 0.037037
108 60 0.037037
5 66 0.055556
8 66 0.055556
10 66 0.055556
20 66 0.055556
37 66 0.055556
41 66 0.055556
51 66 0.055556
57 66 0.055556
59 66 0.055556
61 66 0.055556
62 66 0.055556
67 66 0.055556
70 66 0.055556
92 66 0.055556
97 66 0.055556
99 66 0.055556
100 66 0.055556
101 66 0.055556
5 82 0.090909
12 82 0.090909
15 82 0.090909
27 82 0.090909
51 82 0.090909
52 82 0.090909
60 82 0.090909
72 82 0.090909
93 82 0.090909
106 82 0.090909
108 82 0.090909
5 84 0.090909
11 84 0.090909
13 84 0.090909
14 84 0.090909
29 84 0.090909
41 84 0.090909
52 84 0.090909
64 84 0.090909
67 84 0.090909
71 84 0.090909
78 84 0.090909
6 14 0.05
19 14 0.05
30 14 0.05
31 14 0.05
33 14 0.05
37 14 0.05
38 14 0.05
39 14 0.05
43 14 0.05
54 14 0.05
57 14 0.05
58 14 0.05
65 14 0.05
68 14 0.05
78 14 0.05
84 14 0.05
94 14 0.05
95 14 0.05
102 14 0.05
104 14 0.05
6 21 0.076923
10 21 0.076923
16 21 0.076923
26 21 0.076923
37 21 0.076923
50 21 0.076923
57 21 0.076923
62 21 0.076923
101 21 0.076923
104 21 0.076923
105 21 0.076923
108 21 0.076923
109 21 0.076923
6 33 0.071429
14 33 0.071429
34 33 0.071429
45 33 0.071429
59 33 0.071429
60 33 0.071429
70 33 0.071429
75 33 0.071429
76 33 0.071429
92 33 0.071429
94 33 0.071429
98 33 0.071429
101 33 0.071429
104 33 0.071429
6 37 0.045455
14 37 0.045455
16 37 0.045455
18 37 0.045455
19 37 0.045455
21 37 0.045455
22 37 0.045455
24 37 0.045455
41 37 0.045455
46 37 0.045455
63 37 0.045455
66 37 0.045455
72 37 0.045455
75 37 0.045455
76 37 0.045455
78 37 0.045455
79 37 0.045455
81 37 0.045455
85 37 0.045455
88 37 0.045455
95 37 0.045455
104 37 0.045455
6 41 0.055556
19 41 0.055556
22 41 0.055556
23 41 0.055556
27 41 0.055556
34 41 0.055556
37 41 0.055556
44 41 0.055556
50 41 0.055556
52 41 0.055556
66 41 0.055556
78 41 0.055556
84 41 0.055556
88 41 0.055556
89 41 0.055556
101 41 0.055556
102 41 0.055556
109 41 0.055556
6 47 0.066667
7 47 0.066667
9 47 0.066667
13 47 0.066667
23 47 0.066667
24 47 0.066667
25 47 0.066667
39 47 0.066667
55 47 0.066667
71 47 0.066667
78 47 0.066667
87 47 0.066667
104 47 0.066667
105 47 0.066667
108 47 0.066667
6 95 0.052632
10 95 0.052632
14 95 0.052632
16 95 0.052632
19 95 0.052632
35 95 0.052632
37 95 0.052632
38 95 0.052632
45 95 0.052632
51 95 0.052632
52 95 0.052632
53 95 0.052632
54 95 0.052632
57 95 0.052632
63 95 0.052632
75 95 0.052632
76 95 0.052632
96 95 0.052632
103 95 0.052632
6 103 0.071429
16 103 0.071429
18 103 0.071429
25 103 0.071429
64 103 0.071429
68 103 0.071429
72 103 0.071429
76 103 0.071429
78 103 0.071429
95 103 0.071429
99 103 0.071429
106 103 0.071429
108 103 0.071429
109 103 0.071429
7 20 0.1
28 20 0.1
35 20 0.1
49 20 0.1
51 20 0.1
56 20 0.1
66 20 0.1
85 20 0.1
89 20 0.1
93 20 0.1
7 23 0.071429
8 23 0.071429
19 23 0.071429
25 23 0.071429
30 23 0.071429
41 23 0.071429
47 23 0.071429
50 23 0.071429
56 23 0.071429
100 23 0.071429
101 23 0.071429
104 23 0.071429
106 23 0.071429
108 23 0.071429
7 34 0.071429
13 34 0.071429
27 34 0.071429
33 34 0.071429
40 34 0.071429
41 34 0.071429
43 34 0.071429
49 34 0.071429
51 34 0.071429
53 34 0.071429
57 34 0.071429
58 34 0.071429
86 34 0.071429
88 34 0.071429
7 45 0.071429
10 45 0.071429
13 45 0.071429
16 45 0.071429
24 45 0.071429
33 45 0.071429
51 45 0.071429
57 45 0.071429
64 45 0.071429
79 45 0.071429
85 45 0.071429
86 45 0.071429
95 45 0.071429
105 45 0.071429
7 68 0.083333
8 68 0.083333
14 68 0.083333
15 68 0.083333
16 68 0.083333
54 68 0.083333
56 68 0.083333
60 68 0.083333
70 68 0.083333
96 68 0.083333
103 68 0.083333
109 68 0.083333
7 90 0.1
15 90 0.1
19 90 0.1
44 90 0.1
52 90 0.1
56 90 0.1
69 90 0.1
80 90 0.1
86 90 0.1
105 90 0.1
7 94 0.055556
10 94 0.055556
11 94 0.055556
13 94 0.055556
14 94 0.055556
27 94 0.055556
28 94 0.055556
30 94 0.055556
33 94 0.055556
42 94 0.055556
43 94 0.055556
56 94 0.055556
64 94 0.055556
77 94 0.055556
80 94 0.055556
86 94 0.055556
108 94 0.055556
109 94 0.055556
7 104 0.071429
14 104 0.071429
15 104 0.071429
21 104 0.071429
23 104 0.071429
33 104 0.071429
37 104 0.071429
47 104 0.071429
75 104 0.071429
81 104 0.071429
83 104 0.071429
88 104 0.071429
100 104 0.071429
109 104 0.071429
7 109 0.076923
15 109 0.076923
21 109 0.076923
40 109 0.076923
41 109 0.076923
61 109 0.076923
62 109 0.076923
68 109 0.076923
74 109 0.076923
94 109 0.076923
103 109 0.076923
104 109 0.076923
108 109 0.076923
8 63 0.090909
37 63 0.090909
43 63 0.090909
46 63 0.090909
51 63 0.090909
60 63 0.090909
65 63 0.090909
95 63 0.090909
97 63 0.090909
99 63 0.090909
100 63 0.090909
8 97 0.071429
15 97 0.071429
25 97 0.071429
40 97 0.071429
56 97 0.071429
63 97 0.071429
66 97 0.071429
77 97 0.071429
79 97 0.071429
80 97 0.071429
85 97 0.071429
89 97 0.071429
98 97 0.071429
106 97 0.071429
8 99 0.090909
27 99 0.090909
35 99 0.090909
40 99 0.090909
60 99 0.090909
63 99 0.090909
66 99 0.090909
75 99 0.090909
77 99 0.090909
81 99 0.090909
103 99 0.090909
8 102 0.0625
10 102 0.0625
14 102 0.0625
17 102 0.0625
41 102 0.0625
52 102 0.0625
56 102 0.0625
58 102 0.0625
59 102 0.0625
78 102 0.0625
83 102 0.0625
88 102 0.0625
98 102 0.0625
100 102 0.0625
106 102 0.0625
107 102 0.0625
9 11 0.111111
29 11 0.111111
48 11 0.111111
69 11 0.111111
70 11 0.111111
84 11 0.111111
86 11 0.111111
94 11 0.111111
98 11 0.111111
9 30 0.083333
14 30 0.083333
23 30 0.083333
50 30 0.083333
53 30 0.083333
61 30 0.083333
62 30 0.083333
74 30 0.083333
83 30 0.083333
88 30 0.083333
91 30 0.083333
94 30 0.083333
9 86 0.045455
11 86 0.045455
19 86 0.045455
24 86 0.045455
32 86 0.045455
34 86 0.045455
44 86 0.045455
45 86 0.045455
48 86 0.045455
50 86 0.045455
52 86 0.045455
60 86 0.045455
67 86 0.045455
78 86 0.045455
80 86 0.045455
83 86 0.045455
90 86 0.045455
94 86 0.045455
98 86 0.045455
105 86 0.045455
106 86 0.045455
108 86 0.045455
9 93 0.066667
17 93 0.066667
20 93 0.066667
24 93 0.066667
25 93 0.066667
27 93 0.066667
28 93 0.066667
29 93 0.066667
32 93 0.066667
62 93 0.066667
72 93 0.066667
82 93 0.066667
100 93 0.066667
105 93 0.066667
108 93 0.066667
9 105 0.066667
15 105 0.066667
21 105 0.066667
27 105 0.066667
32 105 0.066667
45 105 0.066667
47 105 0.066667
50 105 0.066667
59 105 0.066667
71 105 0.066667
73 105 0.066667
79 105 0.066667
86 105 0.066667
90 105 0.066667
93 105 0.066667
9 107 0.066667
24 107 0.066667
29 107 0.066667
35 107 0.066667
39 107 0.066667
48 107 0.066667
52 107 0.066667
60 107 0.066667
76 107 0.066667
80 107 0.066667
83 107 0.066667
85 107 0.066667
92 107 0.066667
102 107 0.066667
108 107 0.066667
10 32 0.076923
19 32 0.076923
31 32 0.076923
36 32 0.076923
39 32 0.076923
60 32 0.076923
62 32 0.076923
77 32 0.076923
86 32 0.076923
89 32 0.076923
93 32 0.076923
96 32 0.076923
105 32 0.076923
11 48 0.083333
16 48 0.083333
31 48 0.083333
40 48 0.083333
49 48 0.083333
56 48 0.083333
58 48 0.083333
65 48 0.083333
85 48 0.083333
86 48 0.083333
91 48 0.083333
107 48 0.083333
11 70 0.071429
18 70 0.071429
19 70 0.071429
33 70 0.071429
38 70 0.071429
39 70 0.071429
59 70 0.071429
66 70 0.071429
68 70 0.071429
79 70 0.071429
83 70 0.071429
87 70 0.071429
101 70 0.071429
108 70 0.071429
12 85 0.052632
20 85 0.052632
24 85 0.052632
37 85 0.052632
44 85 0.052632
45 85 0.052632
48 85 0.052632
49 85 0.052632
58 85 0.052632
62 85 0.052632
64 85 0.052632
72 85 0.052632
75 85 0.052632
79 85 0.052632
81 85 0.052632
91 85 0.052632
97 85 0.052632
107 85 0.052632
108 85 0.052632
12 100 0.066667
23 100 0.066667
24 100 0.066667
49 100 0.066667
55 100 0.066667
56 100 0.066667
63 100 0.066667
66 100 0.066667
67 100 0.066667
76 100 0.066667
88 100 0.066667
89 100 0.066667
93 100 0.066667
102 100 0.066667
104 100 0.066667
13 35 0.071429
17 35 0.071429
20 35 0.071429
22 35 0.071429
31 35 0.071429
43 35 0.071429
46 35 0.071429
56 35 0.071429
71 35 0.071429
87 35 0.071429
91 35 0.071429
95 35 0.071429
99 35 0.071429
107 35 0.071429
16 108 0.047619
21 108 0.047619
23 108 0.047619
38 108 0.047619
47 108 0.047619
55 108 0.047619
60 108 0.047619
70 108 0.047619
72 108 0.047619
73 108 0.047619
82 108 0.047619
83 108 0.047619
85 108 0.047619
86 108 0.047619
92 108 0.047619
93 108 0.047619
94 108 0.047619
96 108 0.047619
103 108 0.047619
107 108 0.047619
109 108 0.047619
19 53 0.058824
26 53 0.058824
29 53 0.058824
30 53 0.058824
34 53 0.058824
38 53 0.058824
39 53 0.058824
42 53 0.058824
49 53 0.058824
57 53 0.058824
65 53 0.058824
67 53 0.058824
72 53 0.058824
78 53 0.058824
92 53 0.058824
95 53 0.058824
101 53 0.058824
19 71 0.071429
22 71 0.071429
24 71 0.071429
28 71 0.071429
35 71 0.071429
46 71 0.071429
47 71 0.071429
49 71 0.071429
60 71 0.071429
65 71 0.071429
80 71 0.071429
84 71 0.071429
105 71 0.071429
106 71 0.071429
19 79 0.090909
25 79 0.090909
37 79 0.090909
45 79 0.090909
57 79 0.090909
59 79 0.090909
70 79 0.090909
85 79 0.090909
87 79 0.090909
97 79 0.090909
105 79 0.090909
29 87 0.111111
31 87 0.111111
35 87 0.111111
40 87 0.111111
47 87 0.111111
70 87 0.111111
79 87 0.111111
92 87 0.111111
96 87 0.111111
37 72 0.111111
53 72 0.111111
55 72 0.111111
78 72 0.111111
82 72 0.111111
85 72 0.111111
93 72 0.111111
103 72 0.111111
108 72 0.111111
1 0 0.071429
2 0 0.071429
12 0 0.071429
15 0 0.071429
19 0 0.071429
22 0 0.071429
27 0 0.071429
43 0 0.071429
49 0 0.071429
56 0 0.071429
65 0 0.071429
73 0 0.071429
74 0 0.071429
92 0 0.071429
5 3 0.058824
9 3 0.058824
13 3 0.058824
16 3 0.058824
18 3 0.058824
31 3 0.058824
38 3 0.058824
39 3 0.058824
40 3 0.058824
42 3 0.058824
51 3 0.058824
57 3 0.058824
62 3 0.058824
64 3 0.058824
75 3 0.058824
83 3 0.058824
98 3 0.058824
9 4 0.0625
12 4 0.0625
17 4 0.0625
25 4 0.0625
26 4 0.0625
29 4 0.0625
50 4 0.0625
51 4 0.0625
61 4 0.0625
75 4 0.0625
77 4 0.0625
78 4 0.0625
80 4 0.0625
81 4 0.0625
96 4 0.0625
106 4 0.0625
9 6 0.066667
14 6 0.066667
21 6 0.066667
29 6 0.066667
33 6 0.066667
37 6 0.066667
39 6 0.066667
41 6 0.066667
44 6 0.066667
47 6 0.066667
69 6 0.066667
78 6 0.066667
89 6 0.066667
95 6 0.066667
103 6 0.066667
12 7 0.045455
17 7 0.045455
20 7 0.045455
23 7 0.045455
27 7 0.045455
31 7 0.045455
34 7 0.045455
39 7 0.045455
45 7 0.045455
47 7 0.045455
57 7 0.045455
64 7 0.045455
67 7 0.045455
68 7 0.045455
80 7 0.045455
83 7 0.045455
88 7 0.045455
89 7 0.045455
90 7 0.045455
94 7 0.045455
104 7 0.045455
109 7 0.045455
