0 8 0.1
4 8 0.1
23 8 0.1
34 8 0.1
59 8 0.1
64 8 0.1
90 8 0.1
92 8 0.1
94 8 0.1
107 8 0.1
0 9 0.066667
4 9 0.066667
7 9 0.066667
13 9 0.066667
19 9 0.066667
25 9 0.066667
47 9 0.066667
48 9 0.066667
61 9 0.066667
74 9 0.066667
75 9 0.066667
76 9 0.066667
80 9 0.066667
89 9 0.066667
101 9 0.066667
0 11 0.0625
13 11 0.0625
22 11 0.0625
23 11 0.0625
26 11 0.0625
32 11 0.0625
49 11 0.0625
56 11 0.0625
59 11 0.0625
62 11 0.0625
66 11 0.0625
68 11 0.0625
70 11 0.0625
87 11 0.0625
94 11 0.0625
101 11 0.0625
0 22 0.0625
2 22 0.0625
7 22 0.0625
11 22 0.0625
21 22 0.0625
30 22 0.0625
48 22 0.0625
53 22 0.0625
66 22 0.0625
77 22 0.0625
79 22 0.0625
83 22 0.0625
90 22 0.0625
96 22 0.0625
100 22 0.0625
102 22 0.0625
0 34 0.076923
8 34 0.076923
40 34 0.076923
46 34 0.076923
54 34 0.076923
55 34 0.076923
73 34 0.076923
81 34 0.076923
82 34 0.076923
85 34 0.076923
96 34 0.076923
101 34 0.076923
107 34 0.076923
0 35 0.071429
7 35 0.071429
33 35 0.071429
37 35 0.071429
44 35 0.071429
54 35 0.071429
60 35 0.071429
65 35 0.071429
78 35 0.071429
79 35 0.071429
80 35 0.071429
81 35 0.071429
93 35 0.071429
105 35 0.071429
0 41 0.058824
5 41 0.058824
6 41 0.058824
14 41 0.058824
15 41 0.058824
23 41 0.058824
29 41 0.058824
36 41 0.058824
38 41 0.058824
56 41 0.058824
63 41 0.058824
70 41 0.058824
76 41 0.058824
84 41 0.058824
93 41 0.058824
99 41 0.058824
100 41 0.058824
0 43 0.111111
7 43 0.111111
10 43 0.111111
46 43 0.111111
64 43 0.111111
67 43 0.111111
71 43 0.111111
72 43 0.111111
96 43 0.111111
0 44 0.066667
16 44 0.066667
24 44 0.066667
35 44 0.066667
36 44 0.066667
47 44 0.066667
50 44 0.066667
55 44 0.066667
64 44 0.066667
67 44 0.066667
68 44 0.066667
73 44 0.066667
84 44 0.066667
87 44 0.066667
102 44 0.066667
0 45 0.090909
2 45 0.090909
12 45 0.090909
37 45 0.090909
49 45 0.090909
78 45 0.090909
79 45 0.090909
86 45 0.090909
88 45 0.090909
91 45 0.090909
94 45 0.090909
0 47 0.043478
7 47 0.043478
9 47 0.043478
20 47 0.043478
23 47 0.043478
25 47 0.043478
29 47 0.043478
40 47 0.043478
44 47 0.043478
46 47 0.043478
49 47 0.043478
53 47 0.043478
54 47 0.043478
62 47 0.043478
64 47 0.043478
71 47 0.043478
73 47 0.043478
78 47 0.043478
84 47 0.043478
90 47 0.043478
99 47 0.043478
102 47 0.043478
105 47 0.043478
0 58 0.055556
2 58 0.055556
5 58 0.055556
10 58 0.055556
15 58 0.055556
30 58 0.055556
37 58 0.055556
42 58 0.055556
52 58 0.055556
68 58 0.055556
69 58 0.055556
71 58 0.055556
73 58 0.055556
74 58 0.055556
76 58 0.055556
90 58 0.055556
98 58 0.055556
101 58 0.055556
0 63 0.058824
13 63 0.058824
15 63 0.058824
17 63 0.058824
24 63 0.058824
28 63 0.058824
32 63 0.058824
41 63 0.058824
42 63 0.058824
51 63 0.058824
54 63 0.058824
66 63 0.058824
74 63 0.058824
80 63 0.058824
96 63 0.058824
97 63 0.058824
105 63 0.058824
0 71 0.041667
1 71 0.041667
5 71 0.041667
6 71 0.041667
10 71 0.041667
13 71 0.041667
18 71 0.041667
26 71 0.041667
36 71 0.041667
38 71 0.041667
39 71 0.041667
42 71 0.041667
43 71 0.041667
46 71 0.041667
47 71 0.041667
56 71 0.041667
58 71 0.041667
60 71 0.041667
62 71 0.041667
70 71 0.041667
79 71 0.041667
86 71 0.041667
87 71 0.041667
104 71 0.041667
0 75 0.055556
2 75 0.055556
7 75 0.055556
9 75 0.055556
23 75 0.055556
27 75 0.055556
36 75 0.055556
49 75 0.055556
51 75 0.055556
66 75 0.055556
74 75 0.055556
78 75 0.055556
81 75 0.055556
83 75 0.055556
87 75 0.055556
88 75 0.055556
92 75 0.055556
99 75 0.055556
0 76 0.05
5 76 0.05
9 76 0.05
10 76 0.05
18 76 0.05
33 76 0.05
36 76 0.05
41 76 0.05
50 76 0.05
54 76 0.05
58 76 0.05
62 76 0.05
64 76 0.05
69 76 0.05
82 76 0.05
86 76 0.05
91 76 0.05
92 76 0.05
99 76 0.05
101 76 0.05
0 79 0.047619
22 79 0.047619
26 79 0.047619
29 79 0.047619
35 79 0.047619
45 79 0.047619
46 79 0.047619
50 79 0.047619
62 79 0.047619
68 79 0.047619
71 79 0.047619
80 79 0.047619
86 79 0.047619
91 79 0.047619
96 79 0.047619
97 79 0.047619
98 79 0.047619
100 79 0.047619
101 79 0.047619
102 79 0.047619
105 79 0.047619
0 86 0.071429
15 86 0.071429
37 86 0.071429
45 86 0.071429
53 86 0.071429
54 86 0.071429
70 86 0.071429
71 86 0.071429
76 86 0.071429
79 86 0.071429
81 86 0.071429
82 86 0.071429
93 86 0.071429
94 86 0.071429
0 89 0.0625
9 89 0.0625
27 89 0.0625
31 89 0.0625
37 89 0.0625
38 89 0.0625
42 89 0.0625
46 89 0.0625
48 89 0.0625
52 89 0.0625
61 89 0.0625
66 89 0.0625
67 89 0.0625
73 89 0.0625
81 89 0.0625
97 89 0.0625
0 92 0.045455
1 92 0.045455
8 92 0.045455
12 92 0.045455
25 92 0.045455
28 92 0.045455
32 92 0.045455
37 92 0.045455
50 92 0.045455
59 92 0.045455
64 92 0.045455
66 92 0.045455
75 92 0.045455
76 92 0.045455
85 92 0.045455
88 92 0.045455
90 92 0.045455
93 92 0.045455
97 92 0.045455
101 92 0.045455
104 92 0.045455
105 92 0.045455
0 93 0.05
1 93 0.05
5 93 0.05
29 93 0.05
31 93 0.05
33 93 0.05
35 93 0.05
36 93 0.05
37 93 0.05
40 93 0.05
41 93 0.05
46 93 0.05
56 93 0.05
73 93 0.05
86 93 0.05
87 93 0.05
92 93 0.05
94 93 0.05
99 93 0.05
100 93 0.05
1 7 0.071429
4 7 0.071429
9 7 0.071429
14 7 0.071429
21 7 0.071429
22 7 0.071429
35 7 0.071429
43 7 0.071429
46 7 0.071429
47 7 0.071429
60 7 0.071429
61 7 0.071429
75 7 0.071429
82 7 0.071429
1 12 0.043478
2 12 0.043478
4 12 0.043478
14 12 0.043478
15 12 0.043478
17 12 0.043478
19 12 0.043478
23 12 0.043478
45 12 0.043478
46 12 0.043478
51 12 0.043478
62 12 0.043478
65 12 0.043478
68 12 0.043478
69 12 0.043478
78 12 0.043478
83 12 0.043478
87 12 0.043478
90 12 0.043478
92 12 0.043478
96 12 0.043478
97 12 0.043478
100 12 0.043478
1 38 0.058824
5 38 0.058824
17 38 0.058824
29 38 0.058824
30 38 0.058824
40 38 0.058824
41 38 0.058824
51 38 0.058824
52 38 0.058824
53 38 0.058824
69 38 0.058824
71 38 0.058824
89 38 0.058824
96 38 0.058824
97 38 0.058824
101 38 0.058824
102 38 0.058824
1 39 0.076923
6 39 0.076923
17 39 0.076923
25 39 0.076923
30 39 0.076923
53 39 0.076923
60 39 0.076923
62 39 0.076923
64 39 0.076923
71 39 0.076923
85 39 0.076923
98 39 0.076923
107 39 0.076923
1 52 0.058824
19 52 0.058824
25 52 0.058824
26 52 0.058824
38 52 0.058824
48 52 0.058824
55 52 0.058824
57 52 0.058824
58 52 0.058824
66 52 0.058824
70 52 0.058824
78 52 0.058824
83 52 0.058824
88 52 0.058824
89 52 0.058824
94 52 0.058824
100 52 0.058824
1 53 0.055556
2 53 0.055556
13 53 0.055556
22 53 0.055556
28 53 0.055556
38 53 0.055556
39 53 0.055556
46 53 0.055556
47 53 0.055556
55 53 0.055556
57 53 0.055556
68 53 0.055556
77 53 0.055556
80 53 0.055556
84 53 0.055556
86 53 0.055556
102 53 0.055556
105 53 0.055556
1 54 0.041667
10 54 0.041667
14 54 0.041667
23 54 0.041667
25 54 0.041667
26 54 0.041667
29 54 0.041667
32 54 0.041667
33 54 0.041667
34 54 0.041667
35 54 0.041667
36 54 0.041667
47 54 0.041667
50 54 0.041667
60 54 0.041667
63 54 0.041667
68 54 0.041667
76 54 0.041667
78 54 0.041667
82 54 0.041667
84 54 0.041667
85 54 0.041667
86 54 0.041667
106 54 0.041667
1 62 0.052632
2 62 0.052632
11 62 0.052632
12 62 0.052632
14 62 0.052632
25 62 0.052632
29 62 0.052632
39 62 0.052632
42 62 0.052632
47 62 0.052632
59 62 0.052632
71 62 0.052632
76 62 0.052632
79 62 0.052632
85 62 0.052632
88 62 0.052632
90 62 0.052632
94 62 0.052632
99 62 0.052632
1 67 0.055556
16 67 0.055556
17 67 0.055556
18 67 0.055556
40 67 0.055556
43 67 0.055556
44 67 0.055556
46 67 0.055556
50 67 0.055556
69 67 0.055556
78 67 0.055556
83 67 0.055556
89 67 0.055556
91 67 0.055556
96 67 0.055556
100 67 0.055556
101 67 0.055556
106 67 0.055556
1 70 0.058824
5 70 0.058824
11 70 0.058824
16 70 0.058824
25 70 0.058824
26 70 0.058824
31 70 0.058824
36 70 0.058824
41 70 0.058824
52 70 0.058824
71 70 0.058824
80 70 0.058824
83 70 0.058824
86 70 0.058824
87 70 0.058824
97 70 0.058824
107 70 0.058824
1 73 0.052632
17 73 0.052632
18 73 0.052632
21 73 0.052632
30 73 0.052632
34 73 0.052632
40 73 0.052632
44 73 0.052632
47 73 0.052632
48 73 0.052632
58 73 0.052632
80 73 0.052632
81 73 0.052632
85 73 0.052632
89 73 0.052632
93 73 0.052632
94 73 0.052632
96 73 0.052632
99 73 0.052632
1 100 0.052632
12 100 0.052632
15 100 0.052632
21 100 0.052632
22 100 0.052632
28 100 0.052632
37 100 0.052632
41 100 0.052632
52 100 0.052632
61 100 0.052632
66 100 0.052632
67 100 0.052632
77 100 0.052632
79 100 0.052632
82 100 0.052632
83 100 0.052632
90 100 0.052632
93 100 0.052632
98 100 0.052632
2 4 0.0625
7 4 0.0625
8 4 0.0625
9 4 0.0625
12 4 0.0625
13 4 0.0625
14 4 0.0625
26 4 0.0625
30 4 0.0625
36 4 0.0625
48 4 0.0625
57 4 0.0625
69 4 0.0625
82 4 0.0625
85 4 0.0625
90 4 0.0625
2 19 0.058824
9 19 0.058824
12 19 0.058824
25 19 0.058824
49 19 0.058824
50 19 0.058824
52 19 0.058824
69 19 0.058824
72 19 0.058824
74 19 0.058824
77 19 0.058824
78 19 0.058824
80 19 0.058824
83 19 0.058824
90 19 0.058824
97 19 0.058824
98 19 0.058824
2 33 0.058824
13 33 0.058824
15 33 0.058824
35 33 0.058824
42 33 0.058824
54 33 0.058824
56 33 0.058824
61 33 0.058824
64 33 0.058824
74 33 0.058824
76 33 0.058824
81 33 0.058824
82 33 0.058824
85 33 0.058824
90 33 0.058824
93 33 0.058824
98 33 0.058824
2 50 0.052632
5 50 0.052632
19 50 0.052632
25 50 0.052632
27 50 0.052632
29 50 0.052632
32 50 0.052632
44 50 0.052632
48 50 0.052632
54 50 0.052632
55 50 0.052632
67 50 0.052632
76 50 0.052632
79 50 0.052632
85 50 0.052632
92 50 0.052632
94 50 0.052632
96 50 0.052632
104 50 0.052632
2 78 0.055556
5 78 0.055556
12 78 0.055556
15 78 0.055556
19 78 0.055556
35 78 0.055556
45 78 0.055556
47 78 0.055556
52 78 0.055556
54 78 0.055556
64 78 0.055556
66 78 0.055556
67 78 0.055556
75 78 0.055556
83 78 0.055556
95 78 0.055556
99 78 0.055556
105 78 0.055556
2 91 0.0625
13 91 0.0625
18 91 0.0625
21 91 0.0625
29 91 0.0625
30 91 0.0625
42 91 0.0625
45 91 0.0625
49 91 0.0625
51 91 0.0625
64 91 0.0625
67 91 0.0625
76 91 0.0625
77 91 0.0625
79 91 0.0625
98 91 0.0625
2 94 0.055556
8 94 0.055556
11 94 0.055556
13 94 0.055556
14 94 0.055556
27 94 0.055556
29 94 0.055556
45 94 0.055556
50 94 0.055556
52 94 0.055556
62 94 0.055556
65 94 0.055556
73 94 0.055556
82 94 0.055556
84 94 0.055556
86 94 0.055556
93 94 0.055556
97 94 0.055556
2 95 0.1
26 95 0.1
27 95 0.1
28 95 0.1
40 95 0.1
55 95 0.1
59 95 0.1
61 95 0.1
78 95 0.1
107 95 0.1
2 98 0.071429
19 98 0.071429
31 98 0.071429
33 98 0.071429
39 98 0.071429
46 98 0.071429
58 98 0.071429
68 98 0.071429
74 98 0.071429
79 98 0.071429
83 98 0.071429
91 98 0.071429
100 98 0.071429
102 98 0.071429
2 99 0.058824
17 99 0.058824
41 99 0.058824
42 99 0.058824
47 99 0.058824
49 99 0.058824
55 99 0.058824
62 99 0.058824
73 99 0.058824
74 99 0.058824
75 99 0.058824
76 99 0.058824
78 99 0.058824
80 99 0.058824
90 99 0.058824
93 99 0.058824
96 99 0.058824
2 101 0.052632
5 101 0.052632
9 101 0.052632
10 101 0.052632
11 101 0.052632
14 101 0.052632
34 101 0.052632
38 101 0.052632
55 101 0.052632
56 101 0.052632
58 101 0.052632
67 101 0.052632
74 101 0.052632
76 101 0.052632
79 101 0.052632
85 101 0.052632
92 101 0.052632
97 101 0.052632
107 101 0.052632
2 103 0.083333
18 103 0.083333
23 103 0.083333
25 103 0.083333
51 103 0.083333
55 103 0.083333
59 103 0.083333
66 103 0.083333
77 103 0.083333
82 103 0.083333
87 103 0.083333
107 103 0.083333
3 10 0.0625
15 10 0.0625
18 10 0.0625
27 10 0.0625
32 10 0.0625
43 10 0.0625
54 10 0.0625
58 10 0.0625
59 10 0.0625
64 10 0.0625
66 10 0.0625
71 10 0.0625
76 10 0.0625
81 10 0.0625
88 10 0.0625
101 10 0.0625
3 20 0.1
17 20 0.1
18 20 0.1
23 20 0.1
31 20 0.1
47 20 0.1
61 20 0.1
64 20 0.1
83 20 0.1
102 20 0.1
3 27 0.083333
10 27 0.083333
40 27 0.083333
50 27 0.083333
55 27 0.083333
72 27 0.083333
75 27 0.083333
80 27 0.083333
89 27 0.083333
94 27 0.083333
95 27 0.083333
107 27 0.083333
3 32 0.066667
10 32 0.066667
11 32 0.066667
28 32 0.066667
31 32 0.066667
36 32 0.066667
42 32 0.066667
50 32 0.066667
51 32 0.066667
54 32 0.066667
59 32 0.066667
63 32 0.066667
65 32 0.066667
92 32 0.066667
106 32 0.066667
3 59 0.0625
5 59 0.0625
8 59 0.0625
10 59 0.0625
11 59 0.0625
32 59 0.0625
40 59 0.0625
46 59 0.0625
55 59 0.0625
62 59 0.0625
66 59 0.0625
74 59 0.0625
92 59 0.0625
95 59 0.0625
96 59 0.0625
103 59 0.0625
3 60 0.071429
7 60 0.071429
23 60 0.071429
31 60 0.071429
35 60 0.071429
39 60 0.071429
42 60 0.071429
46 60 0.071429
51 60 0.071429
54 60 0.071429
65 60 0.071429
68 60 0.071429
71 60 0.071429
96 60 0.071429
3 65 0.090909
12 65 0.090909
25 65 0.090909
28 65 0.090909
32 65 0.090909
35 65 0.090909
48 65 0.090909
49 65 0.090909
60 65 0.090909
94 65 0.090909
96 65 0.090909
3 68 0.052632
11 68 0.052632
12 68 0.052632
17 68 0.052632
24 68 0.052632
25 68 0.052632
36 68 0.052632
44 68 0.052632
53 68 0.052632
54 68 0.052632
56 68 0.052632
58 68 0.052632
60 68 0.052632
79 68 0.052632
85 68 0.052632
96 68 0.052632
98 68 0.052632
102 68 0.052632
104 68 0.052632
3 74 0.052632
9 74 0.052632
15 74 0.052632
19 74 0.052632
25 74 0.052632
29 74 0.052632
33 74 0.052632
48 74 0.052632
49 74 0.052632
58 74 0.052632
59 74 0.052632
61 74 0.052632
63 74 0.052632
75 74 0.052632
80 74 0.052632
87 74 0.052632
98 74 0.052632
99 74 0.052632
101 74 0.052632
3 85 0.05
4 85 0.05
13 85 0.05
14 85 0.05
18 85 0.05
31 85 0.05
33 85 0.05
34 85 0.05
39 85 0.05
50 85 0.05
54 85 0.05
62 85 0.05
68 85 0.05
69 85 0.05
73 85 0.05
80 85 0.05
88 85 0.05
90 85 0.05
92 85 0.05
101 85 0.05
3 88 0.052632
10 88 0.052632
14 88 0.052632
17 88 0.052632
18 88 0.052632
21 88 0.052632
23 88 0.052632
45 88 0.052632
46 88 0.052632
51 88 0.052632
52 88 0.052632
62 88 0.052632
75 88 0.052632
80 88 0.052632
85 88 0.052632
87 88 0.052632
92 88 0.052632
102 88 0.052632
106 88 0.052632
3 97 0.066667
12 97 0.066667
19 97 0.066667
38 97 0.066667
46 97 0.066667
55 97 0.066667
57 97 0.066667
63 97 0.066667
66 97 0.066667
70 97 0.066667
79 97 0.066667
89 97 0.066667
92 97 0.066667
94 97 0.066667
101 97 0.066667
4 13 0.071429
9 13 0.071429
11 13 0.071429
18 13 0.071429
33 13 0.071429
53 13 0.071429
61 13 0.071429
63 13 0.071429
71 13 0.071429
85 13 0.071429
91 13 0.071429
94 13 0.071429
102 13 0.071429
105 13 0.071429
4 14 0.055556
7 14 0.055556
12 14 0.055556
16 14 0.055556
26 14 0.055556
28 14 0.055556
29 14 0.055556
37 14 0.055556
41 14 0.055556
42 14 0.055556
48 14 0.055556
54 14 0.055556
62 14 0.055556
84 14 0.055556
85 14 0.055556
88 14 0.055556
94 14 0.055556
101 14 0.055556
4 26 0.055556
11 26 0.055556
14 26 0.055556
24 26 0.055556
31 26 0.055556
36 26 0.055556
48 26 0.055556
51 26 0.055556
52 26 0.055556
54 26 0.055556
56 26 0.055556
70 26 0.055556
71 26 0.055556
77 26 0.055556
79 26 0.055556
83 26 0.055556
95 26 0.055556
107 26 0.055556
4 30 0.076923
21 30 0.076923
22 30 0.076923
29 30 0.076923
37 30 0.076923
38 30 0.076923
39 30 0.076923
58 30 0.076923
64 30 0.076923
66 30 0.076923
73 30 0.076923
91 30 0.076923
107 30 0.076923
4 36 0.0625
26 36 0.0625
32 36 0.0625
41 36 0.0625
44 36 0.0625
54 36 0.0625
57 36 0.0625
68 36 0.0625
69 36 0.0625
70 36 0.0625
71 36 0.0625
75 36 0.0625
76 36 0.0625
81 36 0.0625
93 36 0.0625
106 36 0.0625
4 48 0.058824
9 48 0.058824
14 48 0.058824
15 48 0.058824
22 48 0.058824
25 48 0.058824
26 48 0.058824
29 48 0.058824
50 48 0.058824
52 48 0.058824
64 48 0.058824
65 48 0.058824
73 48 0.058824
74 48 0.058824
82 48 0.058824
89 48 0.058824
107 48 0.058824
4 57 0.1
5 57 0.1
15 57 0.1
23 57 0.1
36 57 0.1
52 57 0.1
53 57 0.1
90 57 0.1
97 57 0.1
104 57 0.1
4 69 0.066667
6 69 0.066667
12 69 0.066667
18 69 0.066667
19 69 0.066667
23 69 0.066667
36 69 0.066667
38 69 0.066667
58 69 0.066667
67 69 0.066667
76 69 0.066667
85 69 0.066667
87 69 0.066667
90 69 0.066667
102 69 0.066667
4 82 0.0625
5 82 0.0625
7 82 0.0625
18 82 0.0625
33 82 0.0625
34 82 0.0625
48 82 0.0625
49 82 0.0625
54 82 0.0625
61 82 0.0625
76 82 0.0625
86 82 0.0625
94 82 0.0625
100 82 0.0625
103 82 0.0625
106 82 0.0625
4 90 0.055556
6 90 0.055556
8 90 0.055556
12 90 0.055556
19 90 0.055556
22 90 0.055556
33 90 0.055556
47 90 0.055556
57 90 0.055556
58 90 0.055556
62 90 0.055556
69 90 0.055556
80 90 0.055556
85 90 0.055556
92 90 0.055556
99 90 0.055556
100 90 0.055556
102 90 0.055556
5 17 0.071429
12 17 0.071429
20 17 0.071429
38 17 0.071429
39 17 0.071429
56 17 0.071429
63 17 0.071429
67 17 0.071429
68 17 0.071429
73 17 0.071429
84 17 0.071429
88 17 0.071429
99 17 0.071429
106 17 0.071429
5 18 0.05
10 18 0.05
13 18 0.05
16 18 0.05
20 18 0.05
29 18 0.05
49 18 0.05
61 18 0.05
66 18 0.05
67 18 0.05
69 18 0.05
71 18 0.05
73 18 0.05
76 18 0.05
82 18 0.05
83 18 0.05
85 18 0.05
88 18 0.05
91 18 0.05
103 18 0.05
5 24 0.142857
26 24 0.142857
40 24 0.142857
44 24 0.142857
63 24 0.142857
68 24 0.142857
77 24 0.142857
5 25 0.052632
9 25 0.052632
15 25 0.052632
19 25 0.052632
39 25 0.052632
47 25 0.052632
48 25 0.052632
50 25 0.052632
52 25 0.052632
54 25 0.052632
61 25 0.052632
62 25 0.052632
65 25 0.052632
68 25 0.052632
70 25 0.052632
74 25 0.052632
92 25 0.052632
102 25 0.052632
103 25 0.052632
5 37 0.0625
6 37 0.0625
14 37 0.0625
21 37 0.0625
28 37 0.0625
30 37 0.0625
35 37 0.0625
40 37 0.0625
45 37 0.0625
46 37 0.0625
58 37 0.0625
86 37 0.0625
89 37 0.0625
92 37 0.0625
93 37 0.0625
100 37 0.0625
5 42 0.071429
14 42 0.071429
32 42 0.071429
33 42 0.071429
55 42 0.071429
58 42 0.071429
60 42 0.071429
62 42 0.071429
63 42 0.071429
66 42 0.071429
71 42 0.071429
89 42 0.071429
91 42 0.071429
99 42 0.071429
5 46 0.047619
7 46 0.047619
12 46 0.047619
28 46 0.047619
34 46 0.047619
37 46 0.047619
43 46 0.047619
47 46 0.047619
53 46 0.047619
59 46 0.047619
60 46 0.047619
64 46 0.047619
67 46 0.047619
71 46 0.047619
79 46 0.047619
88 46 0.047619
89 46 0.047619
93 46 0.047619
97 46 0.047619
98 46 0.047619
102 46 0.047619
5 49 0.055556
11 49 0.055556
18 49 0.055556
19 49 0.055556
23 49 0.055556
29 49 0.055556
45 49 0.055556
47 49 0.055556
55 49 0.055556
61 49 0.055556
65 49 0.055556
74 49 0.055556
75 49 0.055556
77 49 0.055556
82 49 0.055556
84 49 0.055556
91 49 0.055556
99 49 0.055556
5 81 0.066667
6 81 0.066667
10 81 0.066667
29 81 0.066667
33 81 0.066667
34 81 0.066667
35 81 0.066667
36 81 0.066667
64 81 0.066667
73 81 0.066667
75 81 0.066667
86 81 0.066667
89 81 0.066667
96 81 0.066667
102 81 0.066667
5 96 0.058824
12 96 0.058824
22 96 0.058824
34 96 0.058824
38 96 0.058824
43 96 0.058824
50 96 0.058824
59 96 0.058824
60 96 0.058824
63 96 0.058824
65 96 0.058824
67 96 0.058824
68 96 0.058824
73 96 0.058824
79 96 0.058824
81 96 0.058824
99 96 0.058824
6 55 0.05
21 55 0.05
27 55 0.05
31 55 0.05
34 55 0.05
42 55 0.05
44 55 0.05
49 55 0.05
50 55 0.05
52 55 0.05
53 55 0.05
59 55 0.05
72 55 0.05
83 55 0.05
95 55 0.05
97 55 0.05
99 55 0.05
101 55 0.05
102 55 0.05
103 55 0.05
6 104 0.111111
16 104 0.111111
50 104 0.111111
57 104 0.111111
64 104 0.111111
68 104 0.111111
71 104 0.111111
84 104 0.111111
92 104 0.111111
6 105 0.083333
13 105 0.083333
35 105 0.083333
40 105 0.083333
47 105 0.083333
53 105 0.083333
56 105 0.083333
63 105 0.083333
77 105 0.083333
78 105 0.083333
79 105 0.083333
92 105 0.083333
6 106 0.083333
17 106 0.083333
29 106 0.083333
31 106 0.083333
32 106 0.083333
36 106 0.083333
51 106 0.083333
54 106 0.083333
56 106 0.083333
67 106 0.083333
82 106 0.083333
88 106 0.083333
6 107 0.071429
8 107 0.071429
26 107 0.071429
27 107 0.071429
30 107 0.071429
34 107 0.071429
39 107 0.071429
48 107 0.071429
70 107 0.071429
77 107 0.071429
87 107 0.071429
95 107 0.071429
101 107 0.071429
103 107 0.071429
7 21 0.1
22 21 0.1
30 21 0.1
37 21 0.1
55 21 0.1
73 21 0.1
80 21 0.1
88 21 0.1
91 21 0.1
100 21 0.1
7 61 0.066667
9 61 0.066667
13 61 0.066667
16 61 0.066667
18 61 0.066667
20 61 0.066667
25 61 0.066667
33 61 0.066667
49 61 0.066667
56 61 0.066667
74 61 0.066667
82 61 0.066667
89 61 0.066667
95 61 0.066667
100 61 0.066667
8 23 0.058824
11 23 0.058824
12 23 0.058824
20 23 0.058824
41 23 0.058824
47 23 0.058824
49 23 0.058824
54 23 0.058824
57 23 0.058824
60 23 0.058824
66 23 0.058824
69 23 0.058824
75 23 0.058824
83 23 0.058824
88 23 0.058824
102 23 0.058824
103 23 0.058824
8 64 0.055556
10 64 0.055556
20 64 0.055556
30 64 0.055556
33 64 0.055556
39 64 0.055556
43 64 0.055556
44 64 0.055556
46 64 0.055556
47 64 0.055556
48 64 0.055556
76 64 0.055556
78 64 0.055556
81 64 0.055556
83 64 0.055556
91 64 0.055556
92 64 0.055556
104 64 0.055556
9 80 0.0625
15 80 0.0625
19 80 0.0625
21 80 0.0625
27 80 0.0625
35 80 0.0625
53 80 0.0625
63 80 0.0625
70 80 0.0625
73 80 0.0625
74 80 0.0625
79 80 0.0625
85 80 0.0625
88 80 0.0625
90 80 0.0625
99 80 0.0625
10 15 0.071429
12 15 0.071429
25 15 0.071429
33 15 0.071429
41 15 0.071429
48 15 0.071429
57 15 0.071429
58 15 0.071429
63 15 0.071429
74 15 0.071429
78 15 0.071429
80 15 0.071429
86 15 0.071429
100 15 0.071429
10 66 0.055556
11 66 0.055556
18 66 0.055556
22 66 0.055556
23 66 0.055556
30 66 0.055556
42 66 0.055556
52 66 0.055556
59 66 0.055556
63 66 0.055556
75 66 0.055556
78 66 0.055556
89 66 0.055556
92 66 0.055556
97 66 0.055556
100 66 0.055556
102 66 0.055556
103 66 0.055556
11 56 0.071429
16 56 0.071429
17 56 0.071429
26 56 0.071429
33 56 0.071429
41 56 0.071429
61 56 0.071429
68 56 0.071429
71 56 0.071429
72 56 0.071429
93 56 0.071429
101 56 0.071429
105 56 0.071429
106 56 0.071429
11 87 0.076923
12 87 0.076923
31 87 0.076923
44 87 0.076923
69 87 0.076923
70 87 0.076923
71 87 0.076923
74 87 0.076923
75 87 0.076923
88 87 0.076923
93 87 0.076923
103 87 0.076923
107 87 0.076923
12 51 0.083333
26 51 0.083333
31 51 0.083333
32 51 0.083333
38 51 0.083333
60 51 0.083333
63 51 0.083333
75 51 0.083333
88 51 0.083333
91 51 0.083333
103 51 0.083333
106 51 0.083333
12 83 0.055556
18 83 0.055556
19 83 0.055556
20 83 0.055556
22 83 0.055556
23 83 0.055556
26 83 0.055556
31 83 0.055556
52 83 0.055556
55 83 0.055556
64 83 0.055556
67 83 0.055556
70 83 0.055556
75 83 0.055556
77 83 0.055556
78 83 0.055556
98 83 0.055556
100 83 0.055556
13 102 0.05
20 102 0.05
22 102 0.05
23 102 0.05
25 102 0.05
38 102 0.05
44 102 0.05
46 102 0.05
47 102 0.05
53 102 0.05
55 102 0.05
66 102 0.05
68 102 0.05
69 102 0.05
77 102 0.05
79 102 0.05
81 102 0.05
88 102 0.05
90 102 0.05
98 102 0.05
14 16 0.1
18 16 0.1
44 16 0.1
56 16 0.1
61 16 0.1
67 16 0.1
70 16 0.1
77 16 0.1
84 16 0.1
104 16 0.1
14 28 0.090909
32 28 0.090909
37 28 0.090909
40 28 0.090909
46 28 0.090909
53 28 0.090909
63 28 0.090909
65 28 0.090909
92 28 0.090909
95 28 0.090909
100 28 0.090909
14 29 0.055556
18 29 0.055556
30 29 0.055556
38 29 0.055556
41 29 0.055556
47 29 0.055556
48 29 0.055556
49 29 0.055556
50 29 0.055556
54 29 0.055556
62 29 0.055556
74 29 0.055556
79 29 0.055556
81 29 0.055556
91 29 0.055556
93 29 0.055556
94 29 0.055556
106 29 0.055556
14 84 0.090909
16 84 0.090909
17 84 0.090909
41 84 0.090909
44 84 0.090909
47 84 0.090909
49 84 0.090909
53 84 0.090909
54 84 0.090909
94 84 0.090909
104 84 0.090909
16 77 0.071429
19 77 0.071429
22 77 0.071429
24 77 0.071429
26 77 0.071429
49 77 0.071429
53 77 0.071429
83 77 0.071429
91 77 0.071429
100 77 0.071429
102 77 0.071429
103 77 0.071429
105 77 0.071429
107 77 0.071429
19 72 0.166667
27 72 0.166667
40 72 0.166667
43 72 0.166667
55 72 0.166667
56 72 0.166667
20 31 0.071429
26 31 0.071429
32 31 0.071429
51 31 0.071429
55 31 0.071429
60 31 0.071429
70 31 0.071429
83 31 0.071429
85 31 0.071429
87 31 0.071429
89 31 0.071429
93 31 0.071429
98 31 0.071429
106 31 0.071429
24 40 0.071429
27 40 0.071429
28 40 0.071429
34 40 0.071429
37 40 0.071429
38 40 0.071429
47 40 0.071429
59 40 0.071429
67 40 0.071429
72 40 0.071429
73 40 0.071429
93 40 0.071429
95 40 0.071429
105 40 0.071429
8 0 0.047619
9 0 0.047619
11 0 0.047619
22 0 0.047619
34 0 0.047619
35 0 0.047619
41 0 0.047619
43 0 0.047619
44 0 0.047619
45 0 0.047619
47 0 0.047619
58 0 0.047619
63 0 0.047619
71 0 0.047619
75 0 0.047619
76 0 0.047619
79 0 0.047619
86 0 0.047619
89 0 0.047619
92 0 0.047619
93 0 0.047619
7 1 0.066667
12 1 0.066667
38 1 0.066667
39 1 0.066667
52 1 0.066667
53 1 0.066667
54 1 0.066667
62 1 0.066667
67 1 0.066667
70 1 0.066667
71 1 0.066667
73 1 0.066667
92 1 0.066667
93 1 0.066667
100 1 0.066667
4 2 0.052632
12 2 0.052632
19 2 0.052632
22 2 0.052632
33 2 0.052632
45 2 0.052632
50 2 0.052632
53 2 0.052632
58 2 0.052632
62 2 0.052632
75 2 0.052632
78 2 0.052632
91 2 0.052632
94 2 0.052632
95 2 0.052632
98 2 0.052632
99 2 0.052632
101 2 0.052632
103 2 0.052632
10 3 0.083333
20 3 0.083333
27 3 0.083333
32 3 0.083333
59 3 0.083333
60 3 0.083333
65 3 0.083333
68 3 0.083333
74 3 0.083333
85 3 0.083333
88 3 0.083333
97 3 0.083333
17 5 0.043478
18 5 0.043478
24 5 0.043478
25 5 0.043478
37 5 0.043478
38 5 0.043478
41 5 0.043478
42 5 0.043478
46 5 0.043478
49 5 0.043478
50 5 0.043478
57 5 0.043478
58 5 0.043478
59 5 0.043478
70 5 0.043478
71 5 0.043478
76 5 0.043478
78 5 0.043478
81 5 0.043478
82 5 0.043478
93 5 0.043478
96 5 0.043478
101 5 0.043478
37 6 0.083333
39 6 0.083333
41 6 0.083333
55 6 0.083333
69 6 0.083333
71 6 0.083333
81 6 0.083333
90 6 0.083333
104 6 0.083333
105 6 0.083333
106 6 0.083333
107 6 0.083333
