0 9 0.058824
6 9 0.058824
7 9 0.058824
16 9 0.058824
33 9 0.058824
39 9 0.058824
51 9 0.058824
52 9 0.058824
67 9 0.058824
70 9 0.058824
80 9 0.058824
94 9 0.058824
97 9 0.058824
102 9 0.058824
108 9 0.058824
118 9 0.058824
120 9 0.058824
0 20 0.047619
2 20 0.047619
5 20 0.047619
6 20 0.047619
17 20 0.047619
22 20 0.047619
25 20 0.047619
29 20 0.047619
39 20 0.047619
43 20 0.047619
52 20 0.047619
53 20 0.047619
61 20 0.047619
68 20 0.047619
79 20 0.047619
85 20 0.047619
89 20 0.047619
102 20 0.047619
103 20 0.047619
106 20 0.047619
116 20 0.047619
0 27 0.04
1 27 0.04
2 27 0.04
8 27 0.04
15 27 0.04
29 27 0.04
34 27 0.04
35 27 0.04
40 27 0.04
52 27 0.04
61 27 0.04
69 27 0.04
74 27 0.04
75 27 0.04
76 27 0.04
77 27 0.04
82 27 0.04
84 27 0.04
95 27 0.04
97 27 0.04
99 27 0.04
105 27 0.04
107 27 0.04
114 27 0.04
116 27 0.04
0 31 0.052632
5 31 0.052632
6 31 0.052632
11 31 0.052632
13 31 0.052632
15 31 0.052632
29 31 0.052632
40 31 0.052632
56 31 0.052632
57 31 0.052632
58 31 0.052632
64 31 0.052632
69 31 0.052632
76 31 0.052632
83 31 0.052632
92 31 0.052632
98 31 0.052632
101 31 0.052632
104 31 0.052632
0 32 0.052632
10 32 0.052632
17 32 0.052632
22 32 0.052632
23 32 0.052632
33 32 0.052632
34 32 0.052632
39 32 0.052632
45 32 0.052632
57 32 0.052632
65 32 0.052632
69 32 0.052632
81 32 0.052632
82 32 0.052632
91 32 0.052632
92 32 0.052632
107 32 0.052632
112 32 0.052632
115 32 0.052632
0 37 0.052632
2 37 0.052632
5 37 0.052632
12 37 0.052632
16 37 0.052632
26 37 0.052632
34 37 0.052632
49 37 0.052632
64 37 0.052632
66 37 0.052632
69 37 0.052632
78 37 0.052632
87 37 0.052632
88 37 0.052632
93 37 0.052632
95 37 0.052632
97 37 0.052632
101 37 0.052632
116 37 0.052632
0 45 0.037037
1 45 0.037037
12 45 0.037037
13 45 0.037037
22 45 0.037037
25 45 0.037037
30 45 0.037037
32 45 0.037037
34 45 0.037037
39 45 0.037037
40 45 0.037037
44 45 0.037037
46 45 0.037037
55 45 0.037037
63 45 0.037037
66 45 0.037037
70 45 0.037037
76 45 0.037037
79 45 0.037037
85 45 0.037037
89 45 0.037037
93 45 0.037037
99 45 0.037037
102 45 0.037037
109 45 0.037037
117 45 0.037037
120 45 0.037037
0 49 0.058824
1 49 0.058824
12 49 0.058824
14 49 0.058824
18 49 0.058824
28 49 0.058824
36 49 0.058824
37 49 0.058824
44 49 0.058824
63 49 0.058824
67 49 0.058824
84 49 0.058824
87 49 0.058824
92 49 0.058824
93 49 0.058824
94 49 0.058824
113 49 0.058824
0 73 0.058824
6 73 0.058824
13 73 0.058824
18 73 0.058824
24 73 0.058824
39 73 0.058824
41 73 0.058824
43 73 0.058824
46 73 0.058824
50 73 0.058824
51 73 0.058824
56 73 0.058824
62 73 0.058824
83 73 0.058824
94 73 0.058824
98 73 0.058824
121 73 0.058824
0 77 0.05
5 77 0.05
22 77 0.05
24 77 0.05
26 77 0.05
27 77 0.05
39 77 0.05
41 77 0.05
43 77 0.05
74 77 0.05
79 77 0.05
90 77 0.05
91 77 0.05
107 77 0.05
109 77 0.05
111 77 0.05
116 77 0.05
117 77 0.05
119 77 0.05
121 77 0.05
0 91 0.0625
2 91 0.0625
10 91 0.0625
15 91 0.0625
18 91 0.0625
26 91 0.0625
29 91 0.0625
30 91 0.0625
32 91 0.0625
44 91 0.0625
47 91 0.0625
61 91 0.0625
77 91 0.0625
82 91 0.0625
118 91 0.0625
119 91 0.0625
0 97 0.055556
2 97 0.055556
7 97 0.055556
9 97 0.055556
10 97 0.055556
22 97 0.055556
27 97 0.055556
35 97 0.055556
36 97 0.055556
37 97 0.055556
53 97 0.055556
55 97 0.055556
83 97 0.055556
100 97 0.055556
105 97 0.055556
112 97 0.055556
113 97 0.055556
115 97 0.055556
0 109 0.058824
5 109 0.058824
22 109 0.058824
33 109 0.058824
38 109 0.058824
45 109 0.058824
59 109 0.058824
63 109 0.058824
69 109 0.058824
72 109 0.058824
74 109 0.058824
77 109 0.058824
90 109 0.058824
95 109 0.058824
102 109 0.058824
110 109 0.058824
113 109 0.058824
0 111 0.05
1 111 0.05
5 111 0.05
21 111 0.05
24 111 0.05
34 111 0.05
40 111 0.05
53 111 0.05
61 111 0.05
68 111 0.05
75 111 0.05
77 111 0.05
95 111 0.05
99 111 0.05
104 111 0.05
105 111 0.05
106 111 0.05
115 111 0.05
117 111 0.05
121 111 0.05
0 117 0.058824
2 117 0.058824
25 117 0.058824
45 117 0.058824
51 117 0.058824
55 117 0.058824
56 117 0.058824
71 117 0.058824
77 117 0.058824
79 117 0.058824
88 117 0.058824
99 117 0.058824
106 117 0.058824
110 117 0.058824
111 117 0.058824
115 117 0.058824
119 117 0.058824
0 120 0.076923
1 120 0.076923
2 120 0.076923
9 120 0.076923
28 120 0.076923
42 120 0.076923
44 120 0.076923
45 120 0.076923
48 120 0.076923
53 120 0.076923
84 120 0.076923
100 120 0.076923
102 120 0.076923
1 4 0.071429
12 4 0.071429
15 4 0.071429
25 4 0.071429
26 4 0.071429
46 4 0.071429
56 4 0.071429
57 4 0.071429
59 4 0.071429
68 4 0.071429
76 4 0.071429
89 4 0.071429
90 4 0.071429
96 4 0.071429
1 5 0.045455
2 5 0.045455
20 5 0.045455
21 5 0.045455
31 5 0.045455
37 5 0.045455
40 5 0.045455
46 5 0.045455
47 5 0.045455
63 5 0.045455
71 5 0.045455
77 5 0.045455
103 5 0.045455
104 5 0.045455
106 5 0.045455
108 5 0.045455
109 5 0.045455
110 5 0.045455
111 5 0.045455
114 5 0.045455
116 5 0.045455
118 5 0.045455
1 17 0.066667
12 17 0.066667
19 17 0.066667
20 17 0.066667
22 17 0.066667
32 17 0.066667
58 17 0.066667
59 17 0.066667
68 17 0.066667
78 17 0.066667
81 17 0.066667
87 17 0.066667
100 17 0.066667
110 17 0.066667
112 17 0.066667
1 26 0.047619
4 26 0.047619
13 26 0.047619
23 26 0.047619
30 26 0.047619
37 26 0.047619
47 26 0.047619
50 26 0.047619
64 26 0.047619
70 26 0.047619
71 26 0.047619
75 26 0.047619
76 26 0.047619
77 26 0.047619
85 26 0.047619
91 26 0.047619
108 26 0.047619
112 26 0.047619
113 26 0.047619
119 26 0.047619
121 26 0.047619
1 47 0.043478
5 47 0.043478
6 47 0.043478
8 47 0.043478
19 47 0.043478
21 47 0.043478
26 47 0.043478
33 47 0.043478
38 47 0.043478
41 47 0.043478
48 47 0.043478
51 47 0.043478
62 47 0.043478
71 47 0.043478
75 47 0.043478
78 47 0.043478
86 47 0.043478
91 47 0.043478
92 47 0.043478
101 47 0.043478
102 47 0.043478
110 47 0.043478
118 47 0.043478
1 64 0.052632
8 64 0.052632
15 64 0.052632
26 64 0.052632
31 64 0.052632
33 64 0.052632
36 64 0.052632
37 64 0.052632
41 64 0.052632
66 64 0.052632
71 64 0.052632
78 64 0.052632
84 64 0.052632
85 64 0.052632
87 64 0.052632
103 64 0.052632
107 64 0.052632
110 64 0.052632
118 64 0.052632
1 81 0.071429
7 81 0.071429
10 81 0.071429
17 81 0.071429
29 81 0.071429
32 81 0.071429
33 81 0.071429
39 81 0.071429
42 81 0.071429
51 81 0.071429
57 81 0.071429
78 81 0.071429
101 81 0.071429
119 81 0.071429
1 93 0.058824
8 93 0.058824
13 93 0.058824
14 93 0.058824
35 93 0.058824
37 93 0.058824
42 93 0.058824
45 93 0.058824
49 93 0.058824
52 93 0.058824
67 93 0.058824
71 93 0.058824
78 93 0.058824
84 93 0.058824
85 93 0.058824
86 93 0.058824
96 93 0.058824
1 116 0.047619
3 116 0.047619
5 116 0.047619
8 116 0.047619
20 116 0.047619
24 116 0.047619
27 116 0.047619
37 116 0.047619
58 116 0.047619
61 116 0.047619
65 116 0.047619
68 116 0.047619
76 116 0.047619
77 116 0.047619
85 116 0.047619
88 116 0.047619
98 116 0.047619
99 116 0.047619
104 116 0.047619
108 116 0.047619
115 116 0.047619
1 121 0.052632
3 121 0.052632
11 121 0.052632
15 121 0.052632
19 121 0.052632
26 121 0.052632
29 121 0.052632
53 121 0.052632
61 121 0.052632
62 121 0.052632
73 121 0.052632
77 121 0.052632
79 121 0.052632
83 121 0.052632
87 121 0.052632
90 121 0.052632
105 121 0.052632
108 121 0.052632
111 121 0.052632
2 6 0.066667
9 6 0.066667
19 6 0.066667
20 6 0.066667
25 6 0.066667
31 6 0.066667
38 6 0.066667
47 6 0.066667
48 6 0.066667
52 6 0.066667
68 6 0.066667
73 6 0.066667
96 6 0.066667
101 6 0.066667
103 6 0.066667
2 10 0.071429
8 10 0.071429
32 10 0.071429
36 10 0.071429
46 10 0.071429
50 10 0.071429
53 10 0.071429
68 10 0.071429
81 10 0.071429
86 10 0.071429
91 10 0.071429
96 10 0.071429
97 10 0.071429
101 10 0.071429
2 25 0.066667
4 25 0.066667
6 25 0.066667
16 25 0.066667
19 25 0.066667
20 25 0.066667
28 25 0.066667
42 25 0.066667
45 25 0.066667
56 25 0.066667
67 25 0.066667
70 25 0.066667
75 25 0.066667
79 25 0.066667
117 25 0.066667
2 39 0.0625
9 39 0.0625
14 39 0.0625
20 39 0.0625
23 39 0.0625
29 39 0.0625
32 39 0.0625
41 39 0.0625
45 39 0.0625
46 39 0.0625
73 39 0.0625
77 39 0.0625
81 39 0.0625
99 39 0.0625
107 39 0.0625
115 39 0.0625
2 54 0.111111
22 54 0.111111
35 54 0.111111
48 54 0.111111
66 54 0.111111
70 54 0.111111
76 54 0.111111
107 54 0.111111
119 54 0.111111
2 58 0.047619
13 58 0.047619
17 58 0.047619
21 58 0.047619
28 58 0.047619
31 58 0.047619
33 58 0.047619
35 58 0.047619
62 58 0.047619
68 58 0.047619
70 58 0.047619
84 58 0.047619
89 58 0.047619
94 58 0.047619
99 58 0.047619
101 58 0.047619
103 58 0.047619
105 58 0.047619
106 58 0.047619
116 58 0.047619
119 58 0.047619
2 62 0.0625
15 62 0.0625
18 62 0.0625
22 62 0.0625
30 62 0.0625
43 62 0.0625
46 62 0.0625
47 62 0.0625
58 62 0.0625
70 62 0.0625
73 62 0.0625
83 62 0.0625
85 62 0.0625
86 62 0.0625
106 62 0.0625
121 62 0.0625
2 67 0.0625
9 67 0.0625
16 67 0.0625
25 67 0.0625
29 67 0.0625
35 67 0.0625
43 67 0.0625
46 67 0.0625
49 67 0.0625
53 67 0.0625
78 67 0.0625
92 67 0.0625
93 67 0.0625
95 67 0.0625
103 67 0.0625
119 67 0.0625
2 87 0.04
3 87 0.04
7 87 0.04
11 87 0.04
17 87 0.04
18 87 0.04
21 87 0.04
22 87 0.04
23 87 0.04
29 87 0.04
37 87 0.04
41 87 0.04
42 87 0.04
49 87 0.04
52 87 0.04
55 87 0.04
64 87 0.04
69 87 0.04
72 87 0.04
89 87 0.04
98 87 0.04
106 87 0.04
108 87 0.04
112 87 0.04
121 87 0.04
2 92 0.043478
8 92 0.043478
15 92 0.043478
19 92 0.043478
31 92 0.043478
32 92 0.043478
40 92 0.043478
43 92 0.043478
46 92 0.043478
47 92 0.043478
49 92 0.043478
52 92 0.043478
53 92 0.043478
67 92 0.043478
72 92 0.043478
74 92 0.043478
76 92 0.043478
83 92 0.043478
94 92 0.043478
103 92 0.043478
107 92 0.043478
113 92 0.043478
119 92 0.043478
2 94 0.055556
7 94 0.055556
8 94 0.055556
9 94 0.055556
11 94 0.055556
12 94 0.055556
49 94 0.055556
58 94 0.055556
69 94 0.055556
73 94 0.055556
85 94 0.055556
89 94 0.055556
90 94 0.055556
92 94 0.055556
104 94 0.055556
105 94 0.055556
115 94 0.055556
118 94 0.055556
3 14 0.076923
39 14 0.076923
44 14 0.076923
49 14 0.076923
51 14 0.076923
52 14 0.076923
59 14 0.076923
66 14 0.076923
70 14 0.076923
93 14 0.076923
103 14 0.076923
106 14 0.076923
119 14 0.076923
3 22 0.055556
12 22 0.055556
17 22 0.055556
20 22 0.055556
32 22 0.055556
41 22 0.055556
45 22 0.055556
54 22 0.055556
61 22 0.055556
62 22 0.055556
77 22 0.055556
79 22 0.055556
87 22 0.055556
97 22 0.055556
98 22 0.055556
109 22 0.055556
118 22 0.055556
119 22 0.055556
3 30 0.0625
12 30 0.0625
15 30 0.0625
23 30 0.0625
26 30 0.0625
41 30 0.0625
42 30 0.0625
45 30 0.0625
62 30 0.0625
66 30 0.0625
82 30 0.0625
83 30 0.0625
91 30 0.0625
96 30 0.0625
98 30 0.0625
103 30 0.0625
3 34 0.0625
16 34 0.0625
27 34 0.0625
32 34 0.0625
37 34 0.0625
41 34 0.0625
43 34 0.0625
45 34 0.0625
52 34 0.0625
60 34 0.0625
69 34 0.0625
75 34 0.0625
84 34 0.0625
89 34 0.0625
106 34 0.0625
111 34 0.0625
3 36 0.052632
10 36 0.052632
43 36 0.052632
44 36 0.052632
46 36 0.052632
49 36 0.052632
51 36 0.052632
53 36 0.052632
64 36 0.052632
68 36 0.052632
71 36 0.052632
79 36 0.052632
85 36 0.052632
97 36 0.052632
98 36 0.052632
99 36 0.052632
100 36 0.052632
112 36 0.052632
115 36 0.052632
3 41 0.052632
13 41 0.052632
16 41 0.052632
22 41 0.052632
30 41 0.052632
34 41 0.052632
39 41 0.052632
43 41 0.052632
47 41 0.052632
64 41 0.052632
73 41 0.052632
76 41 0.052632
77 41 0.052632
79 41 0.052632
85 41 0.052632
87 41 0.052632
90 41 0.052632
96 41 0.052632
110 41 0.052632
3 56 0.058824
4 56 0.058824
11 56 0.058824
12 56 0.058824
15 56 0.058824
25 56 0.058824
31 56 0.058824
42 56 0.058824
61 56 0.058824
71 56 0.058824
73 56 0.058824
75 56 0.058824
86 56 0.058824
104 56 0.058824
113 56 0.058824
117 56 0.058824
118 56 0.058824
3 90 0.052632
4 90 0.052632
8 90 0.052632
24 90 0.052632
35 90 0.052632
41 90 0.052632
43 90 0.052632
57 90 0.052632
66 90 0.052632
75 90 0.052632
77 90 0.052632
83 90 0.052632
94 90 0.052632
99 90 0.052632
104 90 0.052632
109 90 0.052632
115 90 0.052632
119 90 0.052632
121 90 0.052632
3 95 0.0625
15 95 0.0625
27 95 0.0625
37 95 0.0625
50 95 0.0625
59 95 0.0625
67 95 0.0625
78 95 0.0625
96 95 0.0625
98 95 0.0625
103 95 0.0625
104 95 0.0625
109 95 0.0625
111 95 0.0625
113 95 0.0625
118 95 0.0625
3 100 0.058824
8 100 0.058824
16 100 0.058824
17 100 0.058824
23 100 0.058824
36 100 0.058824
71 100 0.058824
72 100 0.058824
74 100 0.058824
82 100 0.058824
83 100 0.058824
85 100 0.058824
96 100 0.058824
97 100 0.058824
105 100 0.058824
112 100 0.058824
120 100 0.058824
3 107 0.052632
8 107 0.052632
27 107 0.052632
32 107 0.052632
39 107 0.052632
54 107 0.052632
55 107 0.052632
64 107 0.052632
66 107 0.052632
72 107 0.052632
77 107 0.052632
78 107 0.052632
84 107 0.052632
89 107 0.052632
92 107 0.052632
108 107 0.052632
112 107 0.052632
114 107 0.052632
118 107 0.052632
3 118 0.055556
5 118 0.055556
7 118 0.055556
8 118 0.055556
9 118 0.055556
21 118 0.055556
22 118 0.055556
47 118 0.055556
56 118 0.055556
64 118 0.055556
80 118 0.055556
91 118 0.055556
94 118 0.055556
95 118 0.055556
96 118 0.055556
103 118 0.055556
107 118 0.055556
119 118 0.055556
4 12 0.04
17 12 0.04
21 12 0.04
22 12 0.04
23 12 0.04
24 12 0.04
30 12 0.04
33 12 0.04
37 12 0.04
42 12 0.04
43 12 0.04
45 12 0.04
46 12 0.04
49 12 0.04
50 12 0.04
56 12 0.04
65 12 0.04
66 12 0.04
78 12 0.04
83 12 0.04
84 12 0.04
94 12 0.04
102 12 0.04
104 12 0.04
108 12 0.04
4 15 0.043478
8 15 0.043478
21 15 0.043478
27 15 0.043478
30 15 0.043478
31 15 0.043478
35 15 0.043478
42 15 0.043478
53 15 0.043478
56 15 0.043478
57 15 0.043478
62 15 0.043478
64 15 0.043478
72 15 0.043478
82 15 0.043478
86 15 0.043478
89 15 0.043478
91 15 0.043478
92 15 0.043478
95 15 0.043478
106 15 0.043478
115 15 0.043478
121 15 0.043478
4 46 0.041667
5 46 0.041667
10 46 0.041667
12 46 0.041667
24 46 0.041667
36 46 0.041667
39 46 0.041667
42 46 0.041667
45 46 0.041667
48 46 0.041667
60 46 0.041667
62 46 0.041667
66 46 0.041667
67 46 0.041667
69 46 0.041667
71 46 0.041667
73 46 0.041667
78 46 0.041667
86 46 0.041667
88 46 0.041667
92 46 0.041667
102 46 0.041667
103 46 0.041667
119 46 0.041667
4 57 0.076923
8 57 0.076923
15 57 0.076923
16 57 0.076923
31 57 0.076923
32 57 0.076923
35 57 0.076923
60 57 0.076923
75 57 0.076923
78 57 0.076923
81 57 0.076923
90 57 0.076923
115 57 0.076923
4 59 0.076923
8 59 0.076923
11 59 0.076923
14 59 0.076923
17 59 0.076923
42 59 0.076923
48 59 0.076923
85 59 0.076923
89 59 0.076923
95 59 0.076923
109 59 0.076923
114 59 0.076923
115 59 0.076923
4 68 0.052632
6 68 0.052632
10 68 0.052632
17 68 0.052632
20 68 0.052632
36 68 0.052632
43 68 0.052632
44 68 0.052632
52 68 0.052632
58 68 0.052632
66 68 0.052632
72 68 0.052632
79 68 0.052632
85 68 0.052632
111 68 0.052632
114 68 0.052632
115 68 0.052632
116 68 0.052632
119 68 0.052632
4 76 0.055556
21 76 0.055556
26 76 0.055556
27 76 0.055556
31 76 0.055556
41 76 0.055556
45 76 0.055556
51 76 0.055556
54 76 0.055556
55 76 0.055556
66 76 0.055556
78 76 0.055556
79 76 0.055556
80 76 0.055556
89 76 0.055556
92 76 0.055556
108 76 0.055556
116 76 0.055556
4 89 0.045455
15 89 0.045455
19 89 0.045455
20 89 0.045455
34 89 0.045455
35 89 0.045455
38 89 0.045455
40 89 0.045455
45 89 0.045455
48 89 0.045455
58 89 0.045455
59 89 0.045455
76 89 0.045455
78 89 0.045455
79 89 0.045455
86 89 0.045455
87 89 0.045455
94 89 0.045455
99 89 0.045455
104 89 0.045455
107 89 0.045455
114 89 0.045455
4 96 0.052632
6 96 0.052632
10 96 0.052632
30 96 0.052632
38 96 0.052632
40 96 0.052632
41 96 0.052632
50 96 0.052632
51 96 0.052632
63 96 0.052632
83 96 0.052632
86 96 0.052632
93 96 0.052632
95 96 0.052632
100 96 0.052632
101 96 0.052632
103 96 0.052632
115 96 0.052632
118 96 0.052632
5 21 0.0625
12 21 0.0625
15 21 0.0625
33 21 0.0625
47 21 0.0625
48 21 0.0625
58 21 0.0625
60 21 0.0625
61 21 0.0625
63 21 0.0625
76 21 0.0625
80 21 0.0625
87 21 0.0625
111 21 0.0625
115 21 0.0625
118 21 0.0625
5 40 0.052632
23 40 0.052632
27 40 0.052632
31 40 0.052632
35 40 0.052632
45 40 0.052632
48 40 0.052632
70 40 0.052632
78 40 0.052632
84 40 0.052632
89 40 0.052632
92 40 0.052632
96 40 0.052632
99 40 0.052632
101 40 0.052632
103 40 0.052632
110 40 0.052632
111 40 0.052632
115 40 0.052632
5 63 0.0625
8 63 0.0625
11 63 0.0625
21 63 0.0625
23 63 0.0625
29 63 0.0625
42 63 0.0625
43 63 0.0625
44 63 0.0625
45 63 0.0625
49 63 0.0625
71 63 0.0625
88 63 0.0625
96 63 0.0625
101 63 0.0625
109 63 0.0625
5 71 0.052632
26 71 0.052632
28 71 0.052632
36 71 0.052632
46 71 0.052632
47 71 0.052632
51 71 0.052632
52 71 0.052632
56 71 0.052632
63 71 0.052632
64 71 0.052632
78 71 0.052632
82 71 0.052632
84 71 0.052632
93 71 0.052632
99 71 0.052632
100 71 0.052632
102 71 0.052632
117 71 0.052632
5 103 0.035714
6 103 0.035714
14 103 0.035714
20 103 0.035714
24 103 0.035714
30 103 0.035714
35 103 0.035714
40 103 0.035714
46 103 0.035714
48 103 0.035714
58 103 0.035714
64 103 0.035714
66 103 0.035714
67 103 0.035714
69 103 0.035714
74 103 0.035714
79 103 0.035714
92 103 0.035714
95 103 0.035714
96 103 0.035714
99 103 0.035714
101 103 0.035714
105 103 0.035714
108 103 0.035714
110 103 0.035714
113 103 0.035714
115 103 0.035714
118 103 0.035714
5 104 0.05
8 104 0.05
12 104 0.05
18 104 0.05
29 104 0.05
31 104 0.05
48 104 0.05
53 104 0.05
56 104 0.05
72 104 0.05
79 104 0.05
83 104 0.05
89 104 0.05
90 104 0.05
94 104 0.05
95 104 0.05
101 104 0.05
111 104 0.05
113 104 0.05
116 104 0.05
5 106 0.076923
14 106 0.076923
15 106 0.076923
20 106 0.076923
34 106 0.076923
58 106 0.076923
62 106 0.076923
70 106 0.076923
87 106 0.076923
88 106 0.076923
111 106 0.076923
115 106 0.076923
117 106 0.076923
5 108 0.052632
9 108 0.052632
11 108 0.052632
12 108 0.052632
23 108 0.052632
26 108 0.052632
35 108 0.052632
44 108 0.052632
55 108 0.052632
75 108 0.052632
76 108 0.052632
86 108 0.052632
87 108 0.052632
98 108 0.052632
99 108 0.052632
103 108 0.052632
107 108 0.052632
116 108 0.052632
121 108 0.052632
5 110 0.055556
17 110 0.055556
18 110 0.055556
23 110 0.055556
40 110 0.055556
41 110 0.055556
44 110 0.055556
47 110 0.055556
53 110 0.055556
55 110 0.055556
64 110 0.055556
70 110 0.055556
86 110 0.055556
101 110 0.055556
103 110 0.055556
109 110 0.055556
115 110 0.055556
117 110 0.055556
5 114 0.083333
19 114 0.083333
23 114 0.083333
27 114 0.083333
50 114 0.083333
59 114 0.083333
68 114 0.083333
72 114 0.083333
80 114 0.083333
89 114 0.083333
107 114 0.083333
115 114 0.083333
6 19 0.055556
7 19 0.055556
11 19 0.055556
17 19 0.055556
18 19 0.055556
25 19 0.055556
47 19 0.055556
50 19 0.055556
74 19 0.055556
82 19 0.055556
83 19 0.055556
84 19 0.055556
89 19 0.055556
92 19 0.055556
101 19 0.055556
113 19 0.055556
114 19 0.055556
121 19 0.055556
6 38 0.076923
7 38 0.076923
28 38 0.076923
29 38 0.076923
44 38 0.076923
47 38 0.076923
53 38 0.076923
66 38 0.076923
85 38 0.076923
88 38 0.076923
89 38 0.076923
96 38 0.076923
109 38 0.076923
6 48 0.043478
11 48 0.043478
16 48 0.043478
18 48 0.043478
21 48 0.043478
40 48 0.043478
46 48 0.043478
47 48 0.043478
51 48 0.043478
53 48 0.043478
54 48 0.043478
59 48 0.043478
60 48 0.043478
65 48 0.043478
82 48 0.043478
86 48 0.043478
89 48 0.043478
98 48 0.043478
103 48 0.043478
104 48 0.043478
113 48 0.043478
115 48 0.043478
120 48 0.043478
6 52 0.055556
7 52 0.055556
9 52 0.055556
14 52 0.055556
20 52 0.055556
23 52 0.055556
27 52 0.055556
34 52 0.055556
60 52 0.055556
66 52 0.055556
68 52 0.055556
69 52 0.055556
71 52 0.055556
72 52 0.055556
82 52 0.055556
87 52 0.055556
92 52 0.055556
93 52 0.055556
6 101 0.05
10 101 0.05
13 101 0.05
19 101 0.05
31 101 0.05
37 101 0.05
40 101 0.05
43 101 0.05
47 101 0.05
53 101 0.05
58 101 0.05
63 101 0.05
81 101 0.05
84 101 0.05
96 101 0.05
103 101 0.05
104 101 0.05
105 101 0.05
110 101 0.05
113 101 0.05
7 8 0.037037
10 8 0.037037
11 8 0.037037
15 8 0.037037
27 8 0.037037
35 8 0.037037
43 8 0.037037
47 8 0.037037
53 8 0.037037
57 8 0.037037
59 8 0.037037
60 8 0.037037
63 8 0.037037
64 8 0.037037
79 8 0.037037
83 8 0.037037
84 8 0.037037
90 8 0.037037
92 8 0.037037
93 8 0.037037
94 8 0.037037
99 8 0.037037
100 8 0.037037
104 8 0.037037
107 8 0.037037
116 8 0.037037
118 8 0.037037
7 16 0.058824
9 16 0.058824
23 16 0.058824
25 16 0.058824
34 16 0.058824
37 16 0.058824
41 16 0.058824
44 16 0.058824
48 16 0.058824
57 16 0.058824
65 16 0.058824
67 16 0.058824
72 16 0.058824
79 16 0.058824
99 16 0.058824
100 16 0.058824
112 16 0.058824
7 28 0.071429
25 28 0.071429
33 28 0.071429
38 28 0.071429
49 28 0.071429
58 28 0.071429
70 28 0.071429
71 28 0.071429
74 28 0.071429
79 28 0.071429
83 28 0.071429
105 28 0.071429
119 28 0.071429
120 28 0.071429
7 35 0.047619
8 35 0.047619
15 35 0.047619
27 35 0.047619
40 35 0.047619
43 35 0.047619
53 35 0.047619
54 35 0.047619
57 35 0.047619
58 35 0.047619
67 35 0.047619
80 35 0.047619
82 35 0.047619
89 35 0.047619
90 35 0.047619
93 35 0.047619
97 35 0.047619
103 35 0.047619
108 35 0.047619
112 35 0.047619
115 35 0.047619
7 43 0.037037
8 43 0.037037
12 43 0.037037
13 43 0.037037
20 43 0.037037
34 43 0.037037
35 43 0.037037
36 43 0.037037
41 43 0.037037
50 43 0.037037
55 43 0.037037
62 43 0.037037
63 43 0.037037
65 43 0.037037
66 43 0.037037
67 43 0.037037
68 43 0.037037
69 43 0.037037
73 43 0.037037
74 43 0.037037
77 43 0.037037
78 43 0.037037
88 43 0.037037
90 43 0.037037
92 43 0.037037
99 43 0.037037
101 43 0.037037
7 74 0.076923
19 74 0.076923
27 74 0.076923
28 74 0.076923
33 74 0.076923
43 74 0.076923
77 74 0.076923
80 74 0.076923
92 74 0.076923
98 74 0.076923
100 74 0.076923
103 74 0.076923
109 74 0.076923
7 88 0.083333
18 88 0.083333
37 88 0.083333
38 88 0.083333
43 88 0.083333
46 88 0.083333
63 88 0.083333
65 88 0.083333
78 88 0.083333
106 88 0.083333
116 88 0.083333
117 88 0.083333
7 98 0.055556
22 98 0.055556
30 98 0.055556
31 98 0.055556
36 98 0.055556
48 98 0.055556
73 98 0.055556
74 98 0.055556
78 98 0.055556
79 98 0.055556
83 98 0.055556
84 98 0.055556
87 98 0.055556
95 98 0.055556
99 98 0.055556
108 98 0.055556
112 98 0.055556
116 98 0.055556
7 105 0.0625
27 105 0.0625
28 105 0.0625
29 105 0.0625
58 105 0.0625
61 105 0.0625
83 105 0.0625
85 105 0.0625
94 105 0.0625
97 105 0.0625
100 105 0.0625
101 105 0.0625
103 105 0.0625
111 105 0.0625
112 105 0.0625
121 105 0.0625
8 11 0.0625
19 11 0.0625
24 11 0.0625
31 11 0.0625
48 11 0.0625
55 11 0.0625
56 11 0.0625
59 11 0.0625
61 11 0.0625
63 11 0.0625
69 11 0.0625
75 11 0.0625
87 11 0.0625
94 11 0.0625
108 11 0.0625
121 11 0.0625
8 53 0.04
10 53 0.04
13 53 0.04
15 53 0.04
20 53 0.04
23 53 0.04
24 53 0.04
35 53 0.04
36 53 0.04
38 53 0.04
48 53 0.04
67 53 0.04
70 53 0.04
72 53 0.04
78 53 0.04
80 53 0.04
92 53 0.04
97 53 0.04
101 53 0.04
104 53 0.04
110 53 0.04
111 53 0.04
112 53 0.04
120 53 0.04
121 53 0.04
8 60 0.076923
21 60 0.076923
23 60 0.076923
29 60 0.076923
34 60 0.076923
46 60 0.076923
48 60 0.076923
50 60 0.076923
52 60 0.076923
55 60 0.076923
57 60 0.076923
66 60 0.076923
78 60 0.076923
8 79 0.045455
16 79 0.045455
20 79 0.045455
22 79 0.045455
25 79 0.045455
28 79 0.045455
36 79 0.045455
41 79 0.045455
45 79 0.045455
68 79 0.045455
70 79 0.045455
75 79 0.045455
76 79 0.045455
77 79 0.045455
80 79 0.045455
89 79 0.045455
98 79 0.045455
103 79 0.045455
104 79 0.045455
117 79 0.045455
119 79 0.045455
121 79 0.045455
8 83 0.052632
12 83 0.052632
19 83 0.052632
28 83 0.052632
30 83 0.052632
31 83 0.052632
62 83 0.052632
69 83 0.052632
73 83 0.052632
80 83 0.052632
90 83 0.052632
92 83 0.052632
96 83 0.052632
97 83 0.052632
98 83 0.052632
100 83 0.052632
104 83 0.052632
105 83 0.052632
121 83 0.052632
8 84 0.052632
12 84 0.052632
13 84 0.052632
19 84 0.052632
27 84 0.052632
34 84 0.052632
40 84 0.052632
49 84 0.052632
58 84 0.052632
64 84 0.052632
71 84 0.052632
75 84 0.052632
78 84 0.052632
86 84 0.052632
93 84 0.052632
98 84 0.052632
101 84 0.052632
107 84 0.052632
120 84 0.052632
8 99 0.05
16 99 0.05
27 99 0.05
36 99 0.05
39 99 0.05
40 99 0.05
43 99 0.05
45 99 0.05
51 99 0.05
58 99 0.05
71 99 0.05
89 99 0.05
90 99 0.05
98 99 0.05
103 99 0.05
108 99 0.05
111 99 0.05
112 99 0.05
116 99 0.05
117 99 0.05
9 33 0.071429
12 33 0.071429
21 33 0.071429
28 33 0.071429
32 33 0.071429
47 33 0.071429
58 33 0.071429
64 33 0.071429
70 33 0.071429
74 33 0.071429
75 33 0.071429
81 33 0.071429
86 33 0.071429
109 33 0.071429
9 51 0.058824
14 51 0.058824
36 51 0.058824
42 51 0.058824
44 51 0.058824
47 51 0.058824
48 51 0.058824
55 51 0.058824
65 51 0.058824
71 51 0.058824
73 51 0.058824
76 51 0.058824
81 51 0.058824
96 51 0.058824
99 51 0.058824
102 51 0.058824
117 51 0.058824
9 70 0.052632
14 70 0.052632
18 70 0.052632
25 70 0.052632
26 70 0.052632
28 70 0.052632
33 70 0.052632
40 70 0.052632
44 70 0.052632
45 70 0.052632
53 70 0.052632
54 70 0.052632
58 70 0.052632
61 70 0.052632
62 70 0.052632
79 70 0.052632
82 70 0.052632
106 70 0.052632
110 70 0.052632
9 80 0.076923
21 80 0.076923
35 80 0.076923
53 80 0.076923
74 80 0.076923
75 80 0.076923
76 80 0.076923
79 80 0.076923
83 80 0.076923
102 80 0.076923
113 80 0.076923
114 80 0.076923
118 80 0.076923
9 102 0.058824
12 102 0.058824
18 102 0.058824
20 102 0.058824
23 102 0.058824
45 102 0.058824
46 102 0.058824
47 102 0.058824
51 102 0.058824
66 102 0.058824
71 102 0.058824
78 102 0.058824
80 102 0.058824
82 102 0.058824
109 102 0.058824
112 102 0.058824
120 102 0.058824
10 50 0.083333
12 50 0.083333
19 50 0.083333
26 50 0.083333
42 50 0.083333
43 50 0.083333
60 50 0.083333
73 50 0.083333
75 50 0.083333
95 50 0.083333
96 50 0.083333
114 50 0.083333
10 86 0.066667
15 86 0.066667
33 86 0.066667
46 86 0.066667
47 86 0.066667
48 86 0.066667
56 86 0.066667
62 86 0.066667
65 86 0.066667
84 86 0.066667
89 86 0.066667
93 86 0.066667
96 86 0.066667
108 86 0.066667
110 86 0.066667
11 24 0.090909
12 24 0.090909
46 24 0.090909
53 24 0.090909
73 24 0.090909
77 24 0.090909
90 24 0.090909
103 24 0.090909
111 24 0.090909
115 24 0.090909
116 24 0.090909
11 55 0.0625
18 55 0.0625
43 55 0.0625
44 55 0.0625
45 55 0.0625
51 55 0.0625
60 55 0.0625
76 55 0.0625
82 55 0.0625
87 55 0.0625
97 55 0.0625
107 55 0.0625
108 55 0.0625
110 55 0.0625
113 55 0.0625
117 55 0.0625
11 61 0.071429
20 61 0.071429
21 61 0.071429
22 61 0.071429
27 61 0.071429
56 61 0.071429
70 61 0.071429
82 61 0.071429
91 61 0.071429
105 61 0.071429
111 61 0.071429
112 61 0.071429
116 61 0.071429
121 61 0.071429
11 69 0.058824
13 69 0.058824
27 69 0.058824
31 69 0.058824
32 69 0.058824
34 69 0.058824
37 69 0.058824
43 69 0.058824
44 69 0.058824
46 69 0.058824
52 69 0.058824
78 69 0.058824
83 69 0.058824
87 69 0.058824
94 69 0.058824
103 69 0.058824
109 69 0.058824
11 75 0.052632
25 75 0.052632
26 75 0.052632
27 75 0.052632
33 75 0.052632
34 75 0.052632
47 75 0.052632
50 75 0.052632
56 75 0.052632
57 75 0.052632
66 75 0.052632
72 75 0.052632
79 75 0.052632
80 75 0.052632
84 75 0.052632
90 75 0.052632
108 75 0.052632
111 75 0.052632
112 75 0.052632
12 23 0.052632
16 23 0.052632
26 23 0.052632
30 23 0.052632
32 23 0.052632
39 23 0.052632
40 23 0.052632
52 23 0.052632
53 23 0.052632
60 23 0.052632
63 23 0.052632
65 23 0.052632
85 23 0.052632
87 23 0.052632
100 23 0.052632
102 23 0.052632
108 23 0.052632
110 23 0.052632
114 23 0.052632
12 42 0.0625
15 42 0.0625
18 42 0.0625
25 42 0.0625
30 42 0.0625
46 42 0.0625
50 42 0.0625
51 42 0.0625
56 42 0.0625
59 42 0.0625
63 42 0.0625
66 42 0.0625
81 42 0.0625
87 42 0.0625
93 42 0.0625
120 42 0.0625
12 65 0.090909
16 65 0.090909
23 65 0.090909
32 65 0.090909
43 65 0.090909
48 65 0.090909
51 65 0.090909
72 65 0.090909
86 65 0.090909
88 65 0.090909
116 65 0.090909
12 66 0.045455
14 66 0.045455
30 66 0.045455
37 66 0.045455
38 66 0.045455
42 66 0.045455
43 66 0.045455
45 66 0.045455
46 66 0.045455
52 66 0.045455
54 66 0.045455
60 66 0.045455
64 66 0.045455
68 66 0.045455
72 66 0.045455
75 66 0.045455
76 66 0.045455
85 66 0.045455
90 66 0.045455
102 66 0.045455
103 66 0.045455
107 66 0.045455
12 78 0.038462
17 78 0.038462
37 78 0.038462
40 78 0.038462
43 78 0.038462
46 78 0.038462
47 78 0.038462
53 78 0.038462
57 78 0.038462
60 78 0.038462
64 78 0.038462
67 78 0.038462
69 78 0.038462
71 78 0.038462
72 78 0.038462
76 78 0.038462
81 78 0.038462
84 78 0.038462
88 78 0.038462
89 78 0.038462
93 78 0.038462
95 78 0.038462
98 78 0.038462
102 78 0.038462
107 78 0.038462
113 78 0.038462
13 18 0.058824
19 18 0.058824
42 18 0.058824
48 18 0.058824
49 18 0.058824
55 18 0.058824
62 18 0.058824
70 18 0.058824
73 18 0.058824
87 18 0.058824
88 18 0.058824
91 18 0.058824
102 18 0.058824
104 18 0.058824
110 18 0.058824
115 18 0.058824
119 18 0.058824
14 44 0.055556
16 44 0.055556
29 44 0.055556
36 44 0.055556
38 44 0.055556
45 44 0.055556
49 44 0.055556
51 44 0.055556
55 44 0.055556
63 44 0.055556
68 44 0.055556
69 44 0.055556
70 44 0.055556
91 44 0.055556
108 44 0.055556
110 44 0.055556
112 44 0.055556
120 44 0.055556
14 119 0.05
18 119 0.05
22 119 0.05
26 119 0.05
28 119 0.05
46 119 0.05
54 119 0.05
58 119 0.05
67 119 0.05
68 119 0.05
77 119 0.05
79 119 0.05
81 119 0.05
90 119 0.05
91 119 0.05
92 119 0.05
112 119 0.05
115 119 0.05
117 119 0.05
118 119 0.05
15 72 0.052632
16 72 0.052632
52 72 0.052632
53 72 0.052632
65 72 0.052632
66 72 0.052632
68 72 0.052632
75 72 0.052632
78 72 0.052632
85 72 0.052632
87 72 0.052632
92 72 0.052632
100 72 0.052632
104 72 0.052632
107 72 0.052632
109 72 0.052632
112 72 0.052632
113 72 0.052632
114 72 0.052632
15 82 0.058824
19 82 0.058824
27 82 0.058824
30 82 0.058824
32 82 0.058824
35 82 0.058824
48 82 0.058824
52 82 0.058824
55 82 0.058824
61 82 0.058824
70 82 0.058824
71 82 0.058824
91 82 0.058824
100 82 0.058824
102 82 0.058824
113 82 0.058824
115 82 0.058824
15 115 0.038462
18 115 0.038462
21 115 0.038462
24 115 0.038462
32 115 0.038462
35 115 0.038462
36 115 0.038462
39 115 0.038462
40 115 0.038462
48 115 0.038462
57 115 0.038462
59 115 0.038462
68 115 0.038462
82 115 0.038462
90 115 0.038462
94 115 0.038462
96 115 0.038462
97 115 0.038462
103 115 0.038462
106 115 0.038462
110 115 0.038462
111 115 0.038462
114 115 0.038462
116 115 0.038462
117 115 0.038462
119 115 0.038462
16 112 0.05
17 112 0.05
26 112 0.05
32 112 0.05
35 112 0.05
36 112 0.05
44 112 0.05
53 112 0.05
61 112 0.05
72 112 0.05
75 112 0.05
87 112 0.05
97 112 0.05
98 112 0.05
99 112 0.05
100 112 0.05
102 112 0.05
105 112 0.05
107 112 0.05
119 112 0.05
19 113 0.058824
26 113 0.058824
48 113 0.058824
49 113 0.058824
55 113 0.058824
56 113 0.058824
72 113 0.058824
78 113 0.058824
80 113 0.058824
82 113 0.058824
92 113 0.058824
95 113 0.058824
97 113 0.058824
101 113 0.058824
103 113 0.058824
104 113 0.058824
109 113 0.058824
20 29 0.066667
27 29 0.066667
31 29 0.066667
38 29 0.066667
39 29 0.066667
44 29 0.066667
60 29 0.066667
63 29 0.066667
67 29 0.066667
81 29 0.066667
87 29 0.066667
91 29 0.066667
104 29 0.066667
105 29 0.066667
121 29 0.066667
20 85 0.055556
23 85 0.055556
26 85 0.055556
36 85 0.055556
38 85 0.055556
41 85 0.055556
45 85 0.055556
59 85 0.055556
62 85 0.055556
64 85 0.055556
66 85 0.055556
68 85 0.055556
72 85 0.055556
93 85 0.055556
94 85 0.055556
100 85 0.055556
105 85 0.055556
116 85 0.055556
9 0 0.0625
20 0 0.0625
27 0 0.0625
31 0 0.0625
32 0 0.0625
37 0 0.0625
45 0 0.0625
49 0 0.0625
73 0 0.0625
77 0 0.0625
91 0 0.0625
97 0 0.0625
109 0 0.0625
111 0 0.0625
117 0 0.0625
120 0 0.0625
4 1 0.066667
5 1 0.066667
17 1 0.066667
26 1 0.066667
27 1 0.066667
45 1 0.066667
47 1 0.066667
49 1 0.066667
64 1 0.066667
81 1 0.066667
93 1 0.066667
111 1 0.066667
116 1 0.066667
120 1 0.066667
121 1 0.066667
5 2 0.052632
6 2 0.052632
10 2 0.052632
20 2 0.052632
25 2 0.052632
27 2 0.052632
37 2 0.052632
39 2 0.052632
54 2 0.052632
58 2 0.052632
62 2 0.052632
67 2 0.052632
87 2 0.052632
91 2 0.052632
92 2 0.052632
94 2 0.052632
97 2 0.052632
117 2 0.052632
120 2 0.052632
14 3 0.066667
22 3 0.066667
30 3 0.066667
34 3 0.066667
36 3 0.066667
41 3 0.066667
56 3 0.066667
87 3 0.066667
90 3 0.066667
95 3 0.066667
100 3 0.066667
107 3 0.066667
116 3 0.066667
118 3 0.066667
121 3 0.066667
8 7 0.055556
9 7 0.055556
16 7 0.055556
19 7 0.055556
28 7 0.055556
35 7 0.055556
38 7 0.055556
43 7 0.055556
52 7 0.055556
74 7 0.055556
81 7 0.055556
87 7 0.055556
88 7 0.055556
94 7 0.055556
97 7 0.055556
98 7 0.055556
105 7 0.055556
118 7 0.055556
18 13 0.076923
26 13 0.076923
31 13 0.076923
41 13 0.076923
43 13 0.076923
45 13 0.076923
53 13 0.076923
58 13 0.076923
69 13 0.076923
73 13 0.076923
84 13 0.076923
93 13 0.076923
101 13 0.076923
