0 3 0.04
1 3 0.04
4 3 0.04
11 3 0.04
14 3 0.04
15 3 0.04
18 3 0.04
25 3 0.04
28 3 0.04
29 3 0.04
52 3 0.04
59 3 0.04
73 3 0.04
75 3 0.04
81 3 0.04
84 3 0.04
86 3 0.04
87 3 0.04
95 3 0.04
120 3 0.04
122 3 0.04
130 3 0.04
134 3 0.04
135 3 0.04
138 3 0.04
0 17 0.043478
1 17 0.043478
4 17 0.043478
7 17 0.043478
15 17 0.043478
25 17 0.043478
30 17 0.043478
35 17 0.043478
37 17 0.043478
40 17 0.043478
62 17 0.043478
79 17 0.043478
81 17 0.043478
84 17 0.043478
91 17 0.043478
93 17 0.043478
97 17 0.043478
102 17 0.043478
115 17 0.043478
117 17 0.043478
122 17 0.043478
124 17 0.043478
148 17 0.043478
0 18 0.032258
3 18 0.032258
12 18 0.032258
14 18 0.032258
16 18 0.032258
22 18 0.032258
36 18 0.032258
37 18 0.032258
41 18 0.032258
43 18 0.032258
52 18 0.032258
53 18 0.032258
71 18 0.032258
79 18 0.032258
81 18 0.032258
86 18 0.032258
90 18 0.032258
95 18 0.032258
97 18 0.032258
101 18 0.032258
103 18 0.032258
111 18 0.032258
113 18 0.032258
116 18 0.032258
117 18 0.032258
126 18 0.032258
127 18 0.032258
128 18 0.032258
144 18 0.032258
145 18 0.032258
146 18 0.032258
0 31 0.043478
7 31 0.043478
14 31 0.043478
15 31 0.043478
20 31 0.043478
27 31 0.043478
37 31 0.043478
43 31 0.043478
45 31 0.043478
47 31 0.043478
50 31 0.043478
60 31 0.043478
64 31 0.043478
82 31 0.043478
86 31 0.043478
90 31 0.043478
93 31 0.043478
98 31 0.043478
109 31 0.043478
122 31 0.043478
139 31 0.043478
145 31 0.043478
148 31 0.043478
0 32 0.041667
1 32 0.041667
6 32 0.041667
13 32 0.041667
16 32 0.041667
22 32 0.041667
28 32 0.041667
29 32 0.041667
33 32 0.041667
35 32 0.041667
36 32 0.041667
43 32 0.041667
46 32 0.041667
47 32 0.041667
58 32 0.041667
64 32 0.041667
74 32 0.041667
85 32 0.041667
108 32 0.041667
110 32 0.041667
111 32 0.041667
122 32 0.041667
136 32 0.041667
146 32 0.041667
0 36 0.034483
4 36 0.034483
6 36 0.034483
7 36 0.034483
13 36 0.034483
18 36 0.034483
20 36 0.034483
21 36 0.034483
32 36 0.034483
34 36 0.034483
38 36 0.034483
40 36 0.034483
42 36 0.034483
44 36 0.034483
46 36 0.034483
60 36 0.034483
71 36 0.034483
83 36 0.034483
86 36 0.034483
87 36 0.034483
90 36 0.034483
97 36 0.034483
99 36 0.034483
105 36 0.034483
108 36 0.034483
111 36 0.034483
112 36 0.034483
119 36 0.034483
120 36 0.034483
0 38 0.043478
4 38 0.043478
5 38 0.043478
6 38 0.043478
12 38 0.043478
26 38 0.043478
27 38 0.043478
36 38 0.043478
46 38 0.043478
54 38 0.043478
69 38 0.043478
71 38 0.043478
88 38 0.043478
97 38 0.043478
106 38 0.043478
111 38 0.043478
117 38 0.043478
118 38 0.043478
122 38 0.043478
127 38 0.043478
129 38 0.043478
140 38 0.043478
142 38 0.043478
0 44 0.05
14 44 0.05
22 44 0.05
34 44 0.05
36 44 0.05
42 44 0.05
45 44 0.05
50 44 0.05
61 44 0.05
64 44 0.05
72 44 0.05
84 44 0.05
114 44 0.05
117 44 0.05
120 44 0.05
123 44 0.05
125 44 0.05
128 44 0.05
130 44 0.05
133 44 0.05
0 45 0.04
6 45 0.04
9 45 0.04
14 45 0.04
25 45 0.04
29 45 0.04
31 45 0.04
43 45 0.04
44 45 0.04
46 45 0.04
48 45 0.04
54 45 0.04
55 45 0.04
62 45 0.04
63 45 0.04
64 45 0.04
70 45 0.04
82 45 0.04
84 45 0.04
88 45 0.04
91 45 0.04
110 45 0.04
118 45 0.04
127 45 0.04
128 45 0.04
0 49 0.038462
4 49 0.038462
7 49 0.038462
9 49 0.038462
15 49 0.038462
19 49 0.038462
20 49 0.038462
21 49 0.038462
27 49 0.038462
37 49 0.038462
47 49 0.038462
48 49 0.038462
60 49 0.038462
66 49 0.038462
67 49 0.038462
70 49 0.038462
72 49 0.038462
76 49 0.038462
77 49 0.038462
82 49 0.038462
86 49 0.038462
109 49 0.038462
113 49 0.038462
118 49 0.038462
136 49 0.038462
145 49 0.038462
0 67 0.041667
20 67 0.041667
28 67 0.041667
35 67 0.041667
39 67 0.041667
49 67 0.041667
60 67 0.041667
62 67 0.041667
65 67 0.041667
69 67 0.041667
79 67 0.041667
82 67 0.041667
84 67 0.041667
88 67 0.041667
92 67 0.041667
95 67 0.041667
98 67 0.041667
100 67 0.041667
110 67 0.041667
119 67 0.041667
125 67 0.041667
127 67 0.041667
128 67 0.041667
148 67 0.041667
0 70 0.047619
23 70 0.047619
33 70 0.047619
39 70 0.047619
45 70 0.047619
48 70 0.047619
49 70 0.047619
62 70 0.047619
63 70 0.047619
66 70 0.047619
79 70 0.047619
87 70 0.047619
94 70 0.047619
99 70 0.047619
100 70 0.047619
101 70 0.047619
103 70 0.047619
112 70 0.047619
119 70 0.047619
139 70 0.047619
148 70 0.047619
0 71 0.05
1 71 0.05
18 71 0.05
23 71 0.05
25 71 0.05
26 71 0.05
36 71 0.05
38 71 0.05
64 71 0.05
85 71 0.05
88 71 0.05
94 71 0.05
95 71 0.05
106 71 0.05
107 71 0.05
111 71 0.05
127 71 0.05
140 71 0.05
142 71 0.05
145 71 0.05
0 74 0.047619
9 74 0.047619
23 74 0.047619
32 74 0.047619
34 74 0.047619
35 74 0.047619
37 74 0.047619
41 74 0.047619
51 74 0.047619
72 74 0.047619
75 74 0.047619
95 74 0.047619
100 74 0.047619
107 74 0.047619
112 74 0.047619
113 74 0.047619
116 74 0.047619
124 74 0.047619
129 74 0.047619
145 74 0.047619
148 74 0.047619
0 79 0.047619
2 79 0.047619
17 79 0.047619
18 79 0.047619
27 79 0.047619
30 79 0.047619
54 79 0.047619
56 79 0.047619
62 79 0.047619
67 79 0.047619
70 79 0.047619
77 79 0.047619
82 79 0.047619
95 79 0.047619
105 79 0.047619
110 79 0.047619
111 79 0.047619
123 79 0.047619
126 79 0.047619
131 79 0.047619
144 79 0.047619
0 84 0.041667
2 84 0.041667
3 84 0.041667
8 84 0.041667
11 84 0.041667
12 84 0.041667
17 84 0.041667
22 84 0.041667
25 84 0.041667
33 84 0.041667
34 84 0.041667
40 84 0.041667
44 84 0.041667
45 84 0.041667
48 84 0.041667
67 84 0.041667
68 84 0.041667
72 84 0.041667
98 84 0.041667
110 84 0.041667
122 84 0.041667
125 84 0.041667
130 84 0.041667
132 84 0.041667
0 85 0.047619
2 85 0.047619
20 85 0.047619
22 85 0.047619
23 85 0.047619
32 85 0.047619
37 85 0.047619
39 85 0.047619
43 85 0.047619
47 85 0.047619
71 85 0.047619
82 85 0.047619
94 85 0.047619
96 85 0.047619
104 85 0.047619
106 85 0.047619
111 85 0.047619
118 85 0.047619
121 85 0.047619
129 85 0.047619
142 85 0.047619
0 91 0.043478
4 91 0.043478
16 91 0.043478
17 91 0.043478
23 91 0.043478
28 91 0.043478
37 91 0.043478
43 91 0.043478
45 91 0.043478
55 91 0.043478
63 91 0.043478
65 91 0.043478
69 91 0.043478
72 91 0.043478
73 91 0.043478
83 91 0.043478
123 91 0.043478
129 91 0.043478
130 91 0.043478
132 91 0.043478
139 91 0.043478
143 91 0.043478
148 91 0.043478
0 103 0.041667
2 103 0.041667
9 103 0.041667
10 103 0.041667
18 103 0.041667
20 103 0.041667
29 103 0.041667
43 103 0.041667
59 103 0.041667
61 103 0.041667
62 103 0.041667
63 103 0.041667
65 103 0.041667
70 103 0.041667
81 103 0.041667
87 103 0.041667
97 103 0.041667
106 103 0.041667
107 103 0.041667
113 103 0.041667
118 103 0.041667
126 103 0.041667
133 103 0.041667
144 103 0.041667
0 107 0.047619
1 107 0.047619
8 107 0.047619
12 107 0.047619
23 107 0.047619
26 107 0.047619
65 107 0.047619
66 107 0.047619
71 107 0.047619
74 107 0.047619
76 107 0.047619
80 107 0.047619
103 107 0.047619
105 107 0.047619
112 107 0.047619
114 107 0.047619
127 107 0.047619
128 107 0.047619
130 107 0.047619
137 107 0.047619
143 107 0.047619
0 112 0.043478
5 112 0.043478
8 112 0.043478
13 112 0.043478
22 112 0.043478
24 112 0.043478
36 112 0.043478
47 112 0.043478
50 112 0.043478
54 112 0.043478
60 112 0.043478
64 112 0.043478
68 112 0.043478
70 112 0.043478
74 112 0.043478
82 112 0.043478
87 112 0.043478
93 112 0.043478
100 112 0.043478
107 112 0.043478
129 112 0.043478
140 112 0.043478
148 112 0.043478
0 119 0.058824
21 119 0.058824
22 119 0.058824
36 119 0.058824
46 119 0.058824
52 119 0.058824
63 119 0.058824
65 119 0.058824
67 119 0.058824
70 119 0.058824
78 119 0.058824
116 119 0.058824
122 119 0.058824
130 119 0.058824
140 119 0.058824
146 119 0.058824
148 119 0.058824
0 120 0.033333
3 120 0.033333
6 120 0.033333
13 120 0.033333
16 120 0.033333
27 120 0.033333
36 120 0.033333
43 120 0.033333
44 120 0.033333
52 120 0.033333
55 120 0.033333
56 120 0.033333
57 120 0.033333
61 120 0.033333
73 120 0.033333
80 120 0.033333
90 120 0.033333
93 120 0.033333
97 120 0.033333
101 120 0.033333
102 120 0.033333
108 120 0.033333
109 120 0.033333
110 120 0.033333
111 120 0.033333
113 120 0.033333
118 120 0.033333
129 120 0.033333
131 120 0.033333
147 120 0.033333
0 121 0.04
9 121 0.04
10 121 0.04
12 121 0.04
16 121 0.04
21 121 0.04
26 121 0.04
37 121 0.04
50 121 0.04
51 121 0.04
55 121 0.04
66 121 0.04
73 121 0.04
76 121 0.04
78 121 0.04
85 121 0.04
92 121 0.04
97 121 0.04
99 121 0.04
124 121 0.04
127 121 0.04
129 121 0.04
133 121 0.04
141 121 0.04
144 121 0.04
0 140 0.041667
1 140 0.041667
4 140 0.041667
8 140 0.041667
23 140 0.041667
25 140 0.041667
38 140 0.041667
47 140 0.041667
53 140 0.041667
57 140 0.041667
62 140 0.041667
71 140 0.041667
76 140 0.041667
96 140 0.041667
102 140 0.041667
109 140 0.041667
110 140 0.041667
112 140 0.041667
114 140 0.041667
119 140 0.041667
123 140 0.041667
126 140 0.041667
128 140 0.041667
132 140 0.041667
0 144 0.05
1 144 0.05
9 144 0.05
15 144 0.05
18 144 0.05
21 144 0.05
24 144 0.05
28 144 0.05
35 144 0.05
39 144 0.05
79 144 0.05
89 144 0.05
90 144 0.05
103 144 0.05
104 144 0.05
106 144 0.05
121 144 0.05
131 144 0.05
137 144 0.05
147 144 0.05
0 146 0.04
6 146 0.04
7 146 0.04
9 146 0.04
11 146 0.04
14 146 0.04
18 146 0.04
25 146 0.04
32 146 0.04
34 146 0.04
41 146 0.04
46 146 0.04
60 146 0.04
72 146 0.04
82 146 0.04
93 146 0.04
95 146 0.04
101 146 0.04
106 146 0.04
109 146 0.04
118 146 0.04
119 146 0.04
125 146 0.04
128 146 0.04
142 146 0.04
1 2 0.032258
7 2 0.032258
8 2 0.032258
10 2 0.032258
13 2 0.032258
14 2 0.032258
21 2 0.032258
25 2 0.032258
40 2 0.032258
46 2 0.032258
48 2 0.032258
61 2 0.032258
65 2 0.032258
78 2 0.032258
79 2 0.032258
84 2 0.032258
85 2 0.032258
88 2 0.032258
89 2 0.032258
93 2 0.032258
95 2 0.032258
96 2 0.032258
103 2 0.032258
104 2 0.032258
106 2 0.032258
111 2 0.032258
123 2 0.032258
128 2 0.032258
135 2 0.032258
138 2 0.032258
139 2 0.032258
1 9 0.030303
5 9 0.030303
6 9 0.030303
20 9 0.030303
24 9 0.030303
30 9 0.030303
34 9 0.030303
41 9 0.030303
42 9 0.030303
45 9 0.030303
47 9 0.030303
49 9 0.030303
58 9 0.030303
69 9 0.030303
72 9 0.030303
74 9 0.030303
76 9 0.030303
83 9 0.030303
87 9 0.030303
92 9 0.030303
100 9 0.030303
103 9 0.030303
108 9 0.030303
110 9 0.030303
111 9 0.030303
121 9 0.030303
129 9 0.030303
130 9 0.030303
135 9 0.030303
138 9 0.030303
141 9 0.030303
144 9 0.030303
146 9 0.030303
1 20 0.037037
5 20 0.037037
9 20 0.037037
15 20 0.037037
19 20 0.037037
31 20 0.037037
36 20 0.037037
49 20 0.037037
51 20 0.037037
55 20 0.037037
58 20 0.037037
61 20 0.037037
65 20 0.037037
67 20 0.037037
73 20 0.037037
77 20 0.037037
83 20 0.037037
85 20 0.037037
93 20 0.037037
94 20 0.037037
98 20 0.037037
102 20 0.037037
103 20 0.037037
115 20 0.037037
129 20 0.037037
136 20 0.037037
142 20 0.037037
1 48 0.035714
2 48 0.035714
15 48 0.035714
22 48 0.035714
23 48 0.035714
35 48 0.035714
37 48 0.035714
39 48 0.035714
40 48 0.035714
43 48 0.035714
45 48 0.035714
49 48 0.035714
56 48 0.035714
61 48 0.035714
64 48 0.035714
70 48 0.035714
80 48 0.035714
83 48 0.035714
84 48 0.035714
100 48 0.035714
109 48 0.035714
117 48 0.035714
123 48 0.035714
133 48 0.035714
135 48 0.035714
137 48 0.035714
143 48 0.035714
145 48 0.035714
1 62 0.04
14 62 0.04
16 62 0.04
17 62 0.04
19 62 0.04
22 62 0.04
40 62 0.04
45 62 0.04
46 62 0.04
54 62 0.04
57 62 0.04
65 62 0.04
66 62 0.04
67 62 0.04
70 62 0.04
79 62 0.04
88 62 0.04
92 62 0.04
99 62 0.04
103 62 0.04
123 62 0.04
125 62 0.04
128 62 0.04
135 62 0.04
140 62 0.04
1 65 0.047619
2 65 0.047619
20 65 0.047619
28 65 0.047619
52 65 0.047619
57 65 0.047619
62 65 0.047619
67 65 0.047619
72 65 0.047619
77 65 0.047619
91 65 0.047619
92 65 0.047619
93 65 0.047619
95 65 0.047619
98 65 0.047619
103 65 0.047619
107 65 0.047619
116 65 0.047619
117 65 0.047619
119 65 0.047619
129 65 0.047619
1 73 0.04
3 73 0.04
7 73 0.04
15 73 0.04
16 73 0.04
20 73 0.04
27 73 0.04
28 73 0.04
30 73 0.04
39 73 0.04
41 73 0.04
47 73 0.04
53 73 0.04
61 73 0.04
75 73 0.04
76 73 0.04
81 73 0.04
82 73 0.04
91 73 0.04
99 73 0.04
116 73 0.04
120 73 0.04
121 73 0.04
132 73 0.04
138 73 0.04
1 76 0.027778
9 76 0.027778
11 76 0.027778
21 76 0.027778
23 76 0.027778
27 76 0.027778
28 76 0.027778
39 76 0.027778
41 76 0.027778
46 76 0.027778
47 76 0.027778
49 76 0.027778
50 76 0.027778
51 76 0.027778
53 76 0.027778
59 76 0.027778
64 76 0.027778
72 76 0.027778
73 76 0.027778
77 76 0.027778
80 76 0.027778
94 76 0.027778
97 76 0.027778
98 76 0.027778
107 76 0.027778
109 76 0.027778
110 76 0.027778
117 76 0.027778
118 76 0.027778
121 76 0.027778
124 76 0.027778
129 76 0.027778
132 76 0.027778
134 76 0.027778
140 76 0.027778
148 76 0.027778
1 77 0.045455
7 77 0.045455
8 77 0.045455
20 77 0.045455
43 77 0.045455
49 77 0.045455
57 77 0.045455
60 77 0.045455
65 77 0.045455
68 77 0.045455
76 77 0.045455
79 77 0.045455
89 77 0.045455
94 77 0.045455
99 77 0.045455
102 77 0.045455
108 77 0.045455
116 77 0.045455
123 77 0.045455
127 77 0.045455
129 77 0.045455
131 77 0.045455
1 96 0.047619
2 96 0.047619
7 96 0.047619
14 96 0.047619
26 96 0.047619
29 96 0.047619
39 96 0.047619
43 96 0.047619
50 96 0.047619
53 96 0.047619
59 96 0.047619
68 96 0.047619
75 96 0.047619
85 96 0.047619
86 96 0.047619
90 96 0.047619
99 96 0.047619
104 96 0.047619
118 96 0.047619
140 96 0.047619
142 96 0.047619
1 104 0.034483
2 104 0.034483
10 104 0.034483
14 104 0.034483
29 104 0.034483
30 104 0.034483
34 104 0.034483
39 104 0.034483
41 104 0.034483
47 104 0.034483
51 104 0.034483
56 104 0.034483
72 104 0.034483
80 104 0.034483
85 104 0.034483
90 104 0.034483
96 104 0.034483
99 104 0.034483
100 104 0.034483
102 104 0.034483
109 104 0.034483
110 104 0.034483
113 104 0.034483
126 104 0.034483
129 104 0.034483
130 104 0.034483
141 104 0.034483
142 104 0.034483
144 104 0.034483
1 111 0.033333
2 111 0.033333
7 111 0.033333
9 111 0.033333
18 111 0.033333
21 111 0.033333
22 111 0.033333
32 111 0.033333
36 111 0.033333
38 111 0.033333
39 111 0.033333
42 111 0.033333
53 111 0.033333
59 111 0.033333
71 111 0.033333
79 111 0.033333
81 111 0.033333
85 111 0.033333
86 111 0.033333
87 111 0.033333
90 111 0.033333
105 111 0.033333
108 111 0.033333
110 111 0.033333
116 111 0.033333
120 111 0.033333
131 111 0.033333
136 111 0.033333
138 111 0.033333
148 111 0.033333
1 118 0.045455
14 118 0.045455
38 118 0.045455
45 118 0.045455
46 118 0.045455
49 118 0.045455
69 118 0.045455
72 118 0.045455
76 118 0.045455
85 118 0.045455
87 118 0.045455
96 118 0.045455
97 118 0.045455
98 118 0.045455
99 118 0.045455
103 118 0.045455
114 118 0.045455
120 118 0.045455
128 118 0.045455
138 118 0.045455
146 118 0.045455
147 118 0.045455
1 122 0.038462
3 122 0.038462
7 122 0.038462
8 122 0.038462
13 122 0.038462
17 122 0.038462
19 122 0.038462
29 122 0.038462
31 122 0.038462
32 122 0.038462
38 122 0.038462
51 122 0.038462
53 122 0.038462
78 122 0.038462
80 122 0.038462
83 122 0.038462
84 122 0.038462
89 122 0.038462
110 122 0.038462
115 122 0.038462
117 122 0.038462
119 122 0.038462
124 122 0.038462
125 122 0.038462
131 122 0.038462
147 122 0.038462
1 124 0.0625
8 124 0.0625
17 124 0.0625
25 124 0.0625
26 124 0.0625
34 124 0.0625
47 124 0.0625
53 124 0.0625
68 124 0.0625
74 124 0.0625
76 124 0.0625
82 124 0.0625
89 124 0.0625
121 124 0.0625
122 124 0.0625
125 124 0.0625
1 132 0.035714
11 132 0.035714
12 132 0.035714
30 132 0.035714
37 132 0.035714
43 132 0.035714
47 132 0.035714
53 132 0.035714
55 132 0.035714
63 132 0.035714
73 132 0.035714
76 132 0.035714
80 132 0.035714
81 132 0.035714
84 132 0.035714
91 132 0.035714
94 132 0.035714
100 132 0.035714
105 132 0.035714
109 132 0.035714
117 132 0.035714
126 132 0.035714
129 132 0.035714
137 132 0.035714
139 132 0.035714
140 132 0.035714
147 132 0.035714
148 132 0.035714
1 133 0.047619
5 133 0.047619
7 133 0.047619
11 133 0.047619
19 133 0.047619
25 133 0.047619
30 133 0.047619
44 133 0.047619
48 133 0.047619
55 133 0.047619
56 133 0.047619
61 133 0.047619
69 133 0.047619
81 133 0.047619
87 133 0.047619
95 133 0.047619
103 133 0.047619
106 133 0.047619
108 133 0.047619
121 133 0.047619
138 133 0.047619
1 143 0.041667
12 143 0.041667
14 143 0.041667
22 143 0.041667
26 143 0.041667
30 143 0.041667
39 143 0.041667
40 143 0.041667
43 143 0.041667
48 143 0.041667
60 143 0.041667
69 143 0.041667
82 143 0.041667
86 143 0.041667
91 143 0.041667
92 143 0.041667
100 143 0.041667
101 143 0.041667
107 143 0.041667
110 143 0.041667
115 143 0.041667
129 143 0.041667
137 143 0.041667
141 143 0.041667
1 145 0.04
6 145 0.04
18 145 0.04
23 145 0.04
26 145 0.04
31 145 0.04
34 145 0.04
35 145 0.04
40 145 0.04
46 145 0.04
48 145 0.04
49 145 0.04
57 145 0.04
68 145 0.04
71 145 0.04
74 145 0.04
75 145 0.04
80 145 0.04
90 145 0.04
105 145 0.04
108 145 0.04
128 145 0.04
129 145 0.04
141 145 0.04
142 145 0.04
2 7 0.041667
4 7 0.041667
13 7 0.041667
15 7 0.041667
17 7 0.041667
31 7 0.041667
33 7 0.041667
36 7 0.041667
49 7 0.041667
54 7 0.041667
59 7 0.041667
60 7 0.041667
73 7 0.041667
77 7 0.041667
87 7 0.041667
89 7 0.041667
96 7 0.041667
97 7 0.041667
111 7 0.041667
122 7 0.041667
126 7 0.041667
131 7 0.041667
133 7 0.041667
146 7 0.041667
2 8 0.05
4 8 0.05
6 8 0.05
19 8 0.05
46 8 0.05
57 8 0.05
77 8 0.05
82 8 0.05
84 8 0.05
87 8 0.05
95 8 0.05
97 8 0.05
107 8 0.05
112 8 0.05
122 8 0.05
124 8 0.05
136 8 0.05
138 8 0.05
139 8 0.05
140 8 0.05
2 10 0.058824
14 10 0.058824
16 10 0.058824
21 10 0.058824
22 10 0.058824
27 10 0.058824
51 10 0.058824
60 10 0.058824
97 10 0.058824
100 10 0.058824
101 10 0.058824
103 10 0.058824
104 10 0.058824
116 10 0.058824
121 10 0.058824
128 10 0.058824
134 10 0.058824
2 13 0.083333
7 13 0.083333
32 13 0.083333
36 13 0.083333
39 13 0.083333
47 13 0.083333
68 13 0.083333
75 13 0.083333
93 13 0.083333
112 13 0.083333
120 13 0.083333
122 13 0.083333
2 14 0.037037
3 14 0.037037
10 14 0.037037
15 14 0.037037
18 14 0.037037
21 14 0.037037
22 14 0.037037
29 14 0.037037
30 14 0.037037
31 14 0.037037
35 14 0.037037
43 14 0.037037
44 14 0.037037
45 14 0.037037
50 14 0.037037
54 14 0.037037
61 14 0.037037
62 14 0.037037
75 14 0.037037
96 14 0.037037
104 14 0.037037
115 14 0.037037
118 14 0.037037
135 14 0.037037
137 14 0.037037
143 14 0.037037
146 14 0.037037
2 21 0.045455
4 21 0.045455
10 21 0.045455
14 21 0.045455
23 21 0.045455
30 21 0.045455
36 21 0.045455
42 21 0.045455
49 21 0.045455
54 21 0.045455
59 21 0.045455
60 21 0.045455
76 21 0.045455
86 21 0.045455
93 21 0.045455
95 21 0.045455
99 21 0.045455
100 21 0.045455
111 21 0.045455
119 21 0.045455
121 21 0.045455
144 21 0.045455
2 25 0.047619
3 25 0.047619
17 25 0.047619
28 25 0.047619
33 25 0.047619
45 25 0.047619
50 25 0.047619
51 25 0.047619
59 25 0.047619
60 25 0.047619
64 25 0.047619
71 25 0.047619
84 25 0.047619
100 25 0.047619
113 25 0.047619
114 25 0.047619
116 25 0.047619
124 25 0.047619
133 25 0.047619
140 25 0.047619
146 25 0.047619
2 40 0.038462
17 40 0.038462
22 40 0.038462
24 40 0.038462
34 40 0.038462
36 40 0.038462
37 40 0.038462
47 40 0.038462
48 40 0.038462
55 40 0.038462
61 40 0.038462
62 40 0.038462
66 40 0.038462
68 40 0.038462
75 40 0.038462
84 40 0.038462
89 40 0.038462
90 40 0.038462
92 40 0.038462
115 40 0.038462
117 40 0.038462
131 40 0.038462
134 40 0.038462
143 40 0.038462
145 40 0.038462
148 40 0.038462
2 46 0.047619
8 46 0.047619
23 46 0.047619
32 46 0.047619
34 46 0.047619
36 46 0.047619
38 46 0.047619
45 46 0.047619
51 46 0.047619
62 46 0.047619
76 46 0.047619
93 46 0.047619
105 46 0.047619
106 46 0.047619
114 46 0.047619
118 46 0.047619
119 46 0.047619
126 46 0.047619
129 46 0.047619
145 46 0.047619
146 46 0.047619
2 61 0.033333
14 61 0.033333
19 61 0.033333
20 61 0.033333
26 61 0.033333
30 61 0.033333
35 61 0.033333
39 61 0.033333
40 61 0.033333
44 61 0.033333
48 61 0.033333
54 61 0.033333
59 61 0.033333
60 61 0.033333
63 61 0.033333
68 61 0.033333
73 61 0.033333
78 61 0.033333
81 61 0.033333
90 61 0.033333
92 61 0.033333
95 61 0.033333
100 61 0.033333
103 61 0.033333
120 61 0.033333
127 61 0.033333
131 61 0.033333
133 61 0.033333
137 61 0.033333
147 61 0.033333
2 78 0.071429
23 78 0.071429
24 78 0.071429
42 78 0.071429
54 78 0.071429
61 78 0.071429
72 78 0.071429
88 78 0.071429
110 78 0.071429
115 78 0.071429
119 78 0.071429
121 78 0.071429
122 78 0.071429
148 78 0.071429
2 88 0.05
5 88 0.05
22 88 0.05
28 88 0.05
38 88 0.05
43 88 0.05
45 88 0.05
54 88 0.05
55 88 0.05
62 88 0.05
67 88 0.05
71 88 0.05
78 88 0.05
99 88 0.05
108 88 0.05
117 88 0.05
123 88 0.05
131 88 0.05
141 88 0.05
148 88 0.05
2 89 0.05
5 89 0.05
7 89 0.05
11 89 0.05
15 89 0.05
22 89 0.05
24 89 0.05
29 89 0.05
33 89 0.05
34 89 0.05
40 89 0.05
72 89 0.05
77 89 0.05
81 89 0.05
101 89 0.05
114 89 0.05
122 89 0.05
124 89 0.05
125 89 0.05
144 89 0.05
2 93 0.043478
12 93 0.043478
13 93 0.043478
17 93 0.043478
20 93 0.043478
21 93 0.043478
24 93 0.043478
31 93 0.043478
34 93 0.043478
42 93 0.043478
46 93 0.043478
51 93 0.043478
65 93 0.043478
68 93 0.043478
101 93 0.043478
109 93 0.043478
112 93 0.043478
120 93 0.043478
127 93 0.043478
141 93 0.043478
142 93 0.043478
146 93 0.043478
147 93 0.043478
2 95 0.037037
3 95 0.037037
8 95 0.037037
18 95 0.037037
21 95 0.037037
23 95 0.037037
37 95 0.037037
54 95 0.037037
61 95 0.037037
65 95 0.037037
67 95 0.037037
71 95 0.037037
72 95 0.037037
74 95 0.037037
79 95 0.037037
80 95 0.037037
81 95 0.037037
82 95 0.037037
97 95 0.037037
113 95 0.037037
114 95 0.037037
117 95 0.037037
126 95 0.037037
133 95 0.037037
142 95 0.037037
146 95 0.037037
147 95 0.037037
2 106 0.052632
4 106 0.052632
16 106 0.052632
19 106 0.052632
23 106 0.052632
26 106 0.052632
38 106 0.052632
46 106 0.052632
50 106 0.052632
53 106 0.052632
59 106 0.052632
64 106 0.052632
71 106 0.052632
85 106 0.052632
92 106 0.052632
103 106 0.052632
133 106 0.052632
144 106 0.052632
146 106 0.052632
2 123 0.045455
19 123 0.045455
34 123 0.045455
35 123 0.045455
43 123 0.045455
44 123 0.045455
48 123 0.045455
56 123 0.045455
62 123 0.045455
63 123 0.045455
77 123 0.045455
79 123 0.045455
82 123 0.045455
87 123 0.045455
88 123 0.045455
91 123 0.045455
100 123 0.045455
102 123 0.045455
129 123 0.045455
134 123 0.045455
139 123 0.045455
140 123 0.045455
2 128 0.033333
10 128 0.033333
16 128 0.033333
18 128 0.033333
28 128 0.033333
39 128 0.033333
42 128 0.033333
43 128 0.033333
44 128 0.033333
45 128 0.033333
54 128 0.033333
55 128 0.033333
57 128 0.033333
58 128 0.033333
62 128 0.033333
67 128 0.033333
69 128 0.033333
75 128 0.033333
81 128 0.033333
94 128 0.033333
100 128 0.033333
107 128 0.033333
109 128 0.033333
118 128 0.033333
135 128 0.033333
137 128 0.033333
140 128 0.033333
141 128 0.033333
145 128 0.033333
146 128 0.033333
2 135 0.0625
3 135 0.0625
9 135 0.0625
14 135 0.0625
24 135 0.0625
39 135 0.0625
48 135 0.0625
50 135 0.0625
54 135 0.0625
62 135 0.0625
75 135 0.0625
92 135 0.0625
128 135 0.0625
130 135 0.0625
134 135 0.0625
139 135 0.0625
2 138 0.04
3 138 0.04
4 138 0.04
8 138 0.04
9 138 0.04
22 138 0.04
23 138 0.04
29 138 0.04
57 138 0.04
64 138 0.04
73 138 0.04
82 138 0.04
87 138 0.04
90 138 0.04
92 138 0.04
99 138 0.04
102 138 0.04
105 138 0.04
108 138 0.04
109 138 0.04
111 138 0.04
118 138 0.04
133 138 0.04
134 138 0.04
136 138 0.04
2 139 0.047619
4 139 0.047619
8 139 0.047619
16 139 0.047619
24 139 0.047619
31 139 0.047619
33 139 0.047619
35 139 0.047619
41 139 0.047619
51 139 0.047619
56 139 0.047619
70 139 0.047619
81 139 0.047619
86 139 0.047619
90 139 0.047619
91 139 0.047619
123 139 0.047619
132 139 0.047619
135 139 0.047619
136 139 0.047619
142 139 0.047619
3 4 0.04
7 4 0.04
8 4 0.04
15 4 0.04
17 4 0.04
21 4 0.04
22 4 0.04
33 4 0.04
36 4 0.04
38 4 0.04
43 4 0.04
49 4 0.04
55 4 0.04
60 4 0.04
63 4 0.04
68 4 0.04
83 4 0.04
91 4 0.04
106 4 0.04
137 4 0.04
138 4 0.04
139 4 0.04
140 4 0.04
142 4 0.04
148 4 0.04
3 11 0.055556
15 11 0.055556
22 11 0.055556
35 11 0.055556
47 11 0.055556
51 11 0.055556
54 11 0.055556
69 11 0.055556
76 11 0.055556
81 11 0.055556
84 11 0.055556
89 11 0.055556
102 11 0.055556
125 11 0.055556
132 11 0.055556
133 11 0.055556
134 11 0.055556
146 11 0.055556
3 15 0.047619
4 15 0.047619
7 15 0.047619
11 15 0.047619
12 15 0.047619
14 15 0.047619
17 15 0.047619
20 15 0.047619
27 15 0.047619
29 15 0.047619
31 15 0.047619
48 15 0.047619
49 15 0.047619
52 15 0.047619
54 15 0.047619
73 15 0.047619
89 15 0.047619
90 15 0.047619
101 15 0.047619
105 15 0.047619
144 15 0.047619
3 28 0.035714
12 28 0.035714
19 28 0.035714
25 28 0.035714
26 28 0.035714
29 28 0.035714
32 28 0.035714
34 28 0.035714
57 28 0.035714
58 28 0.035714
65 28 0.035714
67 28 0.035714
73 28 0.035714
76 28 0.035714
83 28 0.035714
86 28 0.035714
88 28 0.035714
90 28 0.035714
91 28 0.035714
97 28 0.035714
98 28 0.035714
99 28 0.035714
102 28 0.035714
105 28 0.035714
113 28 0.035714
128 28 0.035714
144 28 0.035714
147 28 0.035714
3 29 0.045455
14 29 0.045455
15 29 0.045455
28 29 0.045455
32 29 0.045455
34 29 0.045455
45 29 0.045455
55 29 0.045455
63 29 0.045455
66 29 0.045455
83 29 0.045455
89 29 0.045455
90 29 0.045455
96 29 0.045455
102 29 0.045455
103 29 0.045455
104 29 0.045455
113 29 0.045455
122 29 0.045455
126 29 0.045455
137 29 0.045455
138 29 0.045455
3 52 0.0625
15 52 0.0625
18 52 0.0625
37 52 0.0625
51 52 0.0625
57 52 0.0625
60 52 0.0625
65 52 0.0625
80 52 0.0625
90 52 0.0625
119 52 0.0625
120 52 0.0625
131 52 0.0625
134 52 0.0625
141 52 0.0625
142 52 0.0625
3 59 0.045455
5 59 0.045455
6 59 0.045455
7 59 0.045455
21 59 0.045455
22 59 0.045455
25 59 0.045455
27 59 0.045455
30 59 0.045455
58 59 0.045455
61 59 0.045455
64 59 0.045455
72 59 0.045455
75 59 0.045455
76 59 0.045455
96 59 0.045455
99 59 0.045455
101 59 0.045455
103 59 0.045455
106 59 0.045455
111 59 0.045455
130 59 0.045455
3 75 0.05
6 75 0.05
13 75 0.05
14 75 0.05
40 75 0.05
54 75 0.05
59 75 0.05
73 75 0.05
74 75 0.05
83 75 0.05
94 75 0.05
96 75 0.05
108 75 0.05
114 75 0.05
128 75 0.05
129 75 0.05
130 75 0.05
135 75 0.05
142 75 0.05
145 75 0.05
3 81 0.045455
11 81 0.045455
17 81 0.045455
18 81 0.045455
19 81 0.045455
41 81 0.045455
47 81 0.045455
51 81 0.045455
60 81 0.045455
61 81 0.045455
69 81 0.045455
73 81 0.045455
80 81 0.045455
89 81 0.045455
95 81 0.045455
98 81 0.045455
103 81 0.045455
111 81 0.045455
128 81 0.045455
132 81 0.045455
133 81 0.045455
139 81 0.045455
3 86 0.045455
12 86 0.045455
18 86 0.045455
21 86 0.045455
28 86 0.045455
31 86 0.045455
36 86 0.045455
43 86 0.045455
49 86 0.045455
64 86 0.045455
66 86 0.045455
82 86 0.045455
96 86 0.045455
102 86 0.045455
111 86 0.045455
113 86 0.045455
117 86 0.045455
125 86 0.045455
130 86 0.045455
136 86 0.045455
139 86 0.045455
143 86 0.045455
3 87 0.041667
7 87 0.041667
8 87 0.041667
9 87 0.041667
19 87 0.041667
26 87 0.041667
35 87 0.041667
36 87 0.041667
37 87 0.041667
60 87 0.041667
63 87 0.041667
70 87 0.041667
82 87 0.041667
97 87 0.041667
103 87 0.041667
111 87 0.041667
112 87 0.041667
113 87 0.041667
116 87 0.041667
118 87 0.041667
123 87 0.041667
126 87 0.041667
133 87 0.041667
138 87 0.041667
3 130 0.047619
5 130 0.047619
6 130 0.047619
9 130 0.047619
44 130 0.047619
59 130 0.047619
63 130 0.047619
75 130 0.047619
80 130 0.047619
82 130 0.047619
84 130 0.047619
86 130 0.047619
91 130 0.047619
92 130 0.047619
104 130 0.047619
107 130 0.047619
109 130 0.047619
119 130 0.047619
125 130 0.047619
135 130 0.047619
137 130 0.047619
3 134 0.05
10 134 0.05
11 134 0.05
27 134 0.05
40 134 0.05
52 134 0.05
56 134 0.05
57 134 0.05
76 134 0.05
92 134 0.05
97 134 0.05
101 134 0.05
102 134 0.05
108 134 0.05
109 134 0.05
114 134 0.05
116 134 0.05
123 134 0.05
135 134 0.05
138 134 0.05
4 22 0.035714
10 22 0.035714
11 22 0.035714
14 22 0.035714
18 22 0.035714
30 22 0.035714
32 22 0.035714
34 22 0.035714
40 22 0.035714
44 22 0.035714
47 22 0.035714
48 22 0.035714
59 22 0.035714
60 22 0.035714
62 22 0.035714
84 22 0.035714
85 22 0.035714
88 22 0.035714
89 22 0.035714
94 22 0.035714
105 22 0.035714
110 22 0.035714
111 22 0.035714
112 22 0.035714
116 22 0.035714
119 22 0.035714
138 22 0.035714
143 22 0.035714
4 33 0.041667
6 33 0.041667
7 33 0.041667
25 33 0.041667
30 33 0.041667
32 33 0.041667
37 33 0.041667
42 33 0.041667
50 33 0.041667
55 33 0.041667
69 33 0.041667
70 33 0.041667
83 33 0.041667
84 33 0.041667
89 33 0.041667
109 33 0.041667
110 33 0.041667
113 33 0.041667
114 33 0.041667
117 33 0.041667
126 33 0.041667
139 33 0.041667
142 33 0.041667
148 33 0.041667
4 43 0.035714
5 43 0.035714
12 43 0.035714
14 43 0.035714
18 43 0.035714
19 43 0.035714
31 43 0.035714
32 43 0.035714
34 43 0.035714
45 43 0.035714
48 43 0.035714
69 43 0.035714
77 43 0.035714
80 43 0.035714
85 43 0.035714
86 43 0.035714
88 43 0.035714
91 43 0.035714
96 43 0.035714
99 43 0.035714
103 43 0.035714
120 43 0.035714
123 43 0.035714
127 43 0.035714
128 43 0.035714
132 43 0.035714
143 43 0.035714
147 43 0.035714
4 55 0.047619
6 55 0.047619
20 55 0.047619
29 55 0.047619
30 55 0.047619
33 55 0.047619
40 55 0.047619
41 55 0.047619
45 55 0.047619
64 55 0.047619
83 55 0.047619
88 55 0.047619
91 55 0.047619
94 55 0.047619
110 55 0.047619
120 55 0.047619
121 55 0.047619
128 55 0.047619
131 55 0.047619
132 55 0.047619
133 55 0.047619
4 60 0.034483
7 60 0.034483
10 60 0.034483
16 60 0.034483
21 60 0.034483
22 60 0.034483
25 60 0.034483
27 60 0.034483
31 60 0.034483
36 60 0.034483
49 60 0.034483
52 60 0.034483
53 60 0.034483
61 60 0.034483
67 60 0.034483
77 60 0.034483
80 60 0.034483
81 60 0.034483
83 60 0.034483
87 60 0.034483
100 60 0.034483
102 60 0.034483
109 60 0.034483
112 60 0.034483
117 60 0.034483
126 60 0.034483
141 60 0.034483
143 60 0.034483
146 60 0.034483
4 63 0.058824
29 63 0.058824
30 63 0.058824
45 63 0.058824
58 63 0.058824
61 63 0.058824
70 63 0.058824
87 63 0.058824
91 63 0.058824
92 63 0.058824
103 63 0.058824
108 63 0.058824
119 63 0.058824
123 63 0.058824
126 63 0.058824
130 63 0.058824
132 63 0.058824
4 68 0.047619
13 68 0.047619
16 68 0.047619
23 68 0.047619
26 68 0.047619
34 68 0.047619
37 68 0.047619
40 68 0.047619
61 68 0.047619
64 68 0.047619
77 68 0.047619
80 68 0.047619
83 68 0.047619
84 68 0.047619
90 68 0.047619
93 68 0.047619
96 68 0.047619
110 68 0.047619
112 68 0.047619
124 68 0.047619
145 68 0.047619
4 83 0.052632
9 83 0.052632
12 83 0.052632
20 83 0.052632
28 83 0.052632
29 83 0.052632
33 83 0.052632
34 83 0.052632
36 83 0.052632
48 83 0.052632
53 83 0.052632
54 83 0.052632
55 83 0.052632
58 83 0.052632
60 83 0.052632
68 83 0.052632
75 83 0.052632
91 83 0.052632
122 83 0.052632
4 137 0.05
14 137 0.05
29 137 0.05
42 137 0.05
48 137 0.05
54 137 0.05
56 137 0.05
58 137 0.05
61 137 0.05
66 137 0.05
69 137 0.05
82 137 0.05
94 137 0.05
107 137 0.05
128 137 0.05
130 137 0.05
132 137 0.05
142 137 0.05
143 137 0.05
144 137 0.05
4 142 0.038462
12 142 0.038462
16 142 0.038462
20 142 0.038462
26 142 0.038462
33 142 0.038462
35 142 0.038462
38 142 0.038462
42 142 0.038462
47 142 0.038462
52 142 0.038462
57 142 0.038462
71 142 0.038462
75 142 0.038462
85 142 0.038462
92 142 0.038462
93 142 0.038462
95 142 0.038462
96 142 0.038462
99 142 0.038462
104 142 0.038462
127 142 0.038462
137 142 0.038462
139 142 0.038462
145 142 0.038462
146 142 0.038462
4 148 0.037037
12 148 0.037037
17 148 0.037037
19 148 0.037037
23 148 0.037037
31 148 0.037037
33 148 0.037037
34 148 0.037037
37 148 0.037037
40 148 0.037037
41 148 0.037037
47 148 0.037037
67 148 0.037037
70 148 0.037037
74 148 0.037037
76 148 0.037037
78 148 0.037037
88 148 0.037037
91 148 0.037037
100 148 0.037037
108 148 0.037037
111 148 0.037037
112 148 0.037037
119 148 0.037037
132 148 0.037037
136 148 0.037037
141 148 0.037037
5 51 0.047619
10 51 0.047619
11 51 0.047619
12 51 0.047619
20 51 0.047619
25 51 0.047619
34 51 0.047619
35 51 0.047619
46 51 0.047619
52 51 0.047619
58 51 0.047619
74 51 0.047619
76 51 0.047619
81 51 0.047619
93 51 0.047619
100 51 0.047619
104 51 0.047619
114 51 0.047619
121 51 0.047619
122 51 0.047619
139 51 0.047619
5 56 0.047619
12 56 0.047619
16 56 0.047619
26 56 0.047619
35 56 0.047619
47 56 0.047619
48 56 0.047619
53 56 0.047619
79 56 0.047619
94 56 0.047619
97 56 0.047619
98 56 0.047619
104 56 0.047619
109 56 0.047619
116 56 0.047619
120 56 0.047619
123 56 0.047619
133 56 0.047619
134 56 0.047619
137 56 0.047619
139 56 0.047619
5 99 0.037037
16 99 0.037037
21 99 0.037037
28 99 0.037037
35 99 0.037037
36 99 0.037037
41 99 0.037037
43 99 0.037037
58 99 0.037037
59 99 0.037037
62 99 0.037037
64 99 0.037037
70 99 0.037037
72 99 0.037037
73 99 0.037037
77 99 0.037037
88 99 0.037037
92 99 0.037037
96 99 0.037037
104 99 0.037037
105 99 0.037037
117 99 0.037037
118 99 0.037037
121 99 0.037037
125 99 0.037037
138 99 0.037037
142 99 0.037037
6 16 0.035714
10 16 0.035714
18 16 0.035714
23 16 0.035714
32 16 0.035714
50 16 0.035714
56 16 0.035714
60 16 0.035714
62 16 0.035714
64 16 0.035714
68 16 0.035714
73 16 0.035714
82 16 0.035714
90 16 0.035714
91 16 0.035714
99 16 0.035714
100 16 0.035714
105 16 0.035714
106 16 0.035714
114 16 0.035714
120 16 0.035714
121 16 0.035714
125 16 0.035714
127 16 0.035714
128 16 0.035714
129 16 0.035714
139 16 0.035714
142 16 0.035714
6 27 0.045455
10 27 0.045455
15 27 0.045455
23 27 0.045455
31 27 0.045455
34 27 0.045455
38 27 0.045455
49 27 0.045455
59 27 0.045455
60 27 0.045455
64 27 0.045455
69 27 0.045455
73 27 0.045455
76 27 0.045455
79 27 0.045455
101 27 0.045455
105 27 0.045455
108 27 0.045455
109 27 0.045455
120 27 0.045455
125 27 0.045455
134 27 0.045455
6 50 0.0625
14 50 0.0625
16 50 0.0625
25 50 0.0625
31 50 0.0625
33 50 0.0625
42 50 0.0625
44 50 0.0625
57 50 0.0625
76 50 0.0625
92 50 0.0625
96 50 0.0625
106 50 0.0625
112 50 0.0625
121 50 0.0625
135 50 0.0625
6 101 0.045455
10 101 0.045455
15 101 0.045455
18 101 0.045455
23 101 0.045455
27 101 0.045455
39 101 0.045455
47 101 0.045455
59 101 0.045455
66 101 0.045455
70 101 0.045455
89 101 0.045455
93 101 0.045455
108 101 0.045455
117 101 0.045455
120 101 0.045455
129 101 0.045455
131 101 0.045455
134 101 0.045455
143 101 0.045455
146 101 0.045455
147 101 0.045455
6 125 0.038462
11 125 0.038462
12 125 0.038462
16 125 0.038462
24 125 0.038462
27 125 0.038462
44 125 0.038462
58 125 0.038462
62 125 0.038462
67 125 0.038462
80 125 0.038462
84 125 0.038462
86 125 0.038462
89 125 0.038462
97 125 0.038462
99 125 0.038462
102 125 0.038462
105 125 0.038462
108 125 0.038462
113 125 0.038462
122 125 0.038462
124 125 0.038462
130 125 0.038462
141 125 0.038462
146 125 0.038462
147 125 0.038462
6 126 0.045455
7 126 0.045455
18 126 0.045455
24 126 0.045455
29 126 0.045455
30 126 0.045455
33 126 0.045455
37 126 0.045455
41 126 0.045455
46 126 0.045455
53 126 0.045455
60 126 0.045455
63 126 0.045455
79 126 0.045455
87 126 0.045455
95 126 0.045455
103 126 0.045455
104 126 0.045455
129 126 0.045455
132 126 0.045455
140 126 0.045455
147 126 0.045455
7 54 0.038462
11 54 0.038462
14 54 0.038462
15 54 0.038462
21 54 0.038462
23 54 0.038462
26 54 0.038462
35 54 0.038462
38 54 0.038462
42 54 0.038462
45 54 0.038462
57 54 0.038462
61 54 0.038462
62 54 0.038462
64 54 0.038462
75 54 0.038462
78 54 0.038462
79 54 0.038462
83 54 0.038462
88 54 0.038462
95 54 0.038462
105 54 0.038462
112 54 0.038462
128 54 0.038462
135 54 0.038462
137 54 0.038462
7 97 0.05
8 97 0.05
10 97 0.05
17 97 0.05
18 97 0.05
28 97 0.05
36 97 0.05
38 97 0.05
56 97 0.05
57 97 0.05
76 97 0.05
87 97 0.05
95 97 0.05
103 97 0.05
115 97 0.05
118 97 0.05
120 97 0.05
121 97 0.05
125 97 0.05
134 97 0.05
7 131 0.052632
35 131 0.052632
40 131 0.052632
42 131 0.052632
52 131 0.052632
55 131 0.052632
61 131 0.052632
69 131 0.052632
77 131 0.052632
79 131 0.052632
80 131 0.052632
88 131 0.052632
94 131 0.052632
101 131 0.052632
111 131 0.052632
120 131 0.052632
122 131 0.052632
129 131 0.052632
144 131 0.052632
8 19 0.055556
20 19 0.055556
28 19 0.055556
34 19 0.055556
39 19 0.055556
43 19 0.055556
49 19 0.055556
53 19 0.055556
61 19 0.055556
62 19 0.055556
81 19 0.055556
87 19 0.055556
106 19 0.055556
122 19 0.055556
123 19 0.055556
127 19 0.055556
133 19 0.055556
148 19 0.055556
8 57 0.04
28 57 0.04
30 57 0.04
37 57 0.04
41 57 0.04
50 57 0.04
52 57 0.04
54 57 0.04
62 57 0.04
65 57 0.04
77 57 0.04
90 57 0.04
97 57 0.04
105 57 0.04
108 57 0.04
114 57 0.04
120 57 0.04
128 57 0.04
134 57 0.04
136 57 0.04
138 57 0.04
140 57 0.04
142 57 0.04
145 57 0.04
147 57 0.04
8 82 0.035714
16 82 0.035714
23 82 0.035714
31 82 0.035714
41 82 0.035714
45 82 0.035714
49 82 0.035714
58 82 0.035714
66 82 0.035714
67 82 0.035714
73 82 0.035714
79 82 0.035714
85 82 0.035714
86 82 0.035714
87 82 0.035714
95 82 0.035714
98 82 0.035714
108 82 0.035714
110 82 0.035714
112 82 0.035714
123 82 0.035714
124 82 0.035714
130 82 0.035714
136 82 0.035714
137 82 0.035714
138 82 0.035714
143 82 0.035714
146 82 0.035714
8 136 0.066667
20 136 0.066667
32 136 0.066667
35 136 0.066667
49 136 0.066667
53 136 0.066667
57 136 0.066667
80 136 0.066667
82 136 0.066667
86 136 0.066667
111 136 0.066667
113 136 0.066667
138 136 0.066667
139 136 0.066667
148 136 0.066667
9 24 0.058824
37 24 0.058824
40 24 0.058824
41 24 0.058824
58 24 0.058824
78 24 0.058824
89 24 0.058824
92 24 0.058824
93 24 0.058824
98 24 0.058824
100 24 0.058824
112 24 0.058824
125 24 0.058824
126 24 0.058824
135 24 0.058824
139 24 0.058824
144 24 0.058824
9 30 0.045455
14 30 0.045455
17 30 0.045455
21 30 0.045455
22 30 0.045455
26 30 0.045455
33 30 0.045455
39 30 0.045455
55 30 0.045455
57 30 0.045455
58 30 0.045455
59 30 0.045455
61 30 0.045455
63 30 0.045455
73 30 0.045455
79 30 0.045455
104 30 0.045455
105 30 0.045455
126 30 0.045455
132 30 0.045455
133 30 0.045455
143 30 0.045455
9 34 0.037037
19 34 0.037037
22 34 0.037037
27 34 0.037037
28 34 0.037037
29 34 0.037037
36 34 0.037037
40 34 0.037037
43 34 0.037037
44 34 0.037037
46 34 0.037037
51 34 0.037037
66 34 0.037037
68 34 0.037037
69 34 0.037037
74 34 0.037037
83 34 0.037037
84 34 0.037037
89 34 0.037037
93 34 0.037037
104 34 0.037037
114 34 0.037037
123 34 0.037037
124 34 0.037037
145 34 0.037037
146 34 0.037037
148 34 0.037037
9 41 0.058824
18 41 0.058824
24 41 0.058824
55 41 0.058824
57 41 0.058824
58 41 0.058824
73 41 0.058824
74 41 0.058824
76 41 0.058824
81 41 0.058824
82 41 0.058824
99 41 0.058824
104 41 0.058824
126 41 0.058824
139 41 0.058824
146 41 0.058824
148 41 0.058824
9 42 0.052632
21 42 0.052632
33 42 0.052632
36 42 0.052632
37 42 0.052632
39 42 0.052632
44 42 0.052632
50 42 0.052632
54 42 0.052632
69 42 0.052632
72 42 0.052632
78 42 0.052632
93 42 0.052632
100 42 0.052632
111 42 0.052632
128 42 0.052632
131 42 0.052632
137 42 0.052632
142 42 0.052632
9 47 0.041667
11 47 0.041667
13 47 0.041667
22 47 0.041667
31 47 0.041667
32 47 0.041667
40 47 0.041667
49 47 0.041667
56 47 0.041667
73 47 0.041667
76 47 0.041667
81 47 0.041667
85 47 0.041667
92 47 0.041667
101 47 0.041667
104 47 0.041667
112 47 0.041667
124 47 0.041667
132 47 0.041667
140 47 0.041667
141 47 0.041667
142 47 0.041667
147 47 0.041667
148 47 0.041667
9 58 0.047619
20 58 0.047619
24 58 0.047619
28 58 0.047619
30 58 0.047619
32 58 0.047619
41 58 0.047619
51 58 0.047619
53 58 0.047619
59 58 0.047619
63 58 0.047619
66 58 0.047619
80 58 0.047619
82 58 0.047619
83 58 0.047619
99 58 0.047619
114 58 0.047619
125 58 0.047619
128 58 0.047619
129 58 0.047619
137 58 0.047619
9 69 0.043478
11 69 0.043478
27 69 0.043478
33 69 0.043478
34 69 0.043478
38 69 0.043478
39 69 0.043478
42 69 0.043478
43 69 0.043478
67 69 0.043478
81 69 0.043478
90 69 0.043478
91 69 0.043478
92 69 0.043478
94 69 0.043478
115 69 0.043478
116 69 0.043478
118 69 0.043478
128 69 0.043478
131 69 0.043478
133 69 0.043478
137 69 0.043478
143 69 0.043478
9 72 0.043478
39 72 0.043478
42 72 0.043478
44 72 0.043478
49 72 0.043478
53 72 0.043478
59 72 0.043478
64 72 0.043478
65 72 0.043478
66 72 0.043478
74 72 0.043478
76 72 0.043478
78 72 0.043478
84 72 0.043478
89 72 0.043478
91 72 0.043478
92 72 0.043478
95 72 0.043478
99 72 0.043478
100 72 0.043478
104 72 0.043478
118 72 0.043478
146 72 0.043478
9 92 0.035714
12 92 0.035714
24 92 0.035714
26 92 0.035714
37 92 0.035714
40 92 0.035714
47 92 0.035714
50 92 0.035714
61 92 0.035714
62 92 0.035714
63 92 0.035714
65 92 0.035714
67 92 0.035714
69 92 0.035714
72 92 0.035714
99 92 0.035714
100 92 0.035714
102 92 0.035714
106 92 0.035714
110 92 0.035714
115 92 0.035714
121 92 0.035714
130 92 0.035714
134 92 0.035714
135 92 0.035714
138 92 0.035714
142 92 0.035714
143 92 0.035714
9 100 0.038462
10 100 0.038462
16 100 0.038462
21 100 0.038462
24 100 0.038462
25 100 0.038462
42 100 0.038462
48 100 0.038462
51 100 0.038462
53 100 0.038462
60 100 0.038462
61 100 0.038462
67 100 0.038462
70 100 0.038462
72 100 0.038462
74 100 0.038462
92 100 0.038462
104 100 0.038462
109 100 0.038462
110 100 0.038462
112 100 0.038462
123 100 0.038462
128 100 0.038462
132 100 0.038462
143 100 0.038462
148 100 0.038462
9 108 0.05
27 108 0.05
32 108 0.05
36 108 0.05
57 108 0.05
63 108 0.05
75 108 0.05
77 108 0.05
80 108 0.05
82 108 0.05
88 108 0.05
101 108 0.05
111 108 0.05
120 108 0.05
125 108 0.05
133 108 0.05
134 108 0.05
138 108 0.05
145 108 0.05
148 108 0.05
9 110 0.038462
22 110 0.038462
32 110 0.038462
33 110 0.038462
45 110 0.038462
55 110 0.038462
67 110 0.038462
68 110 0.038462
76 110 0.038462
78 110 0.038462
79 110 0.038462
82 110 0.038462
84 110 0.038462
92 110 0.038462
98 110 0.038462
100 110 0.038462
102 110 0.038462
104 110 0.038462
109 110 0.038462
111 110 0.038462
115 110 0.038462
120 110 0.038462
122 110 0.038462
129 110 0.038462
140 110 0.038462
143 110 0.038462
9 129 0.035714
16 129 0.035714
20 129 0.035714
38 129 0.035714
46 129 0.035714
58 129 0.035714
64 129 0.035714
65 129 0.035714
66 129 0.035714
74 129 0.035714
75 129 0.035714
76 129 0.035714
77 129 0.035714
85 129 0.035714
91 129 0.035714
101 129 0.035714
104 129 0.035714
110 129 0.035714
112 129 0.035714
120 129 0.035714
121 129 0.035714
123 129 0.035714
126 129 0.035714
127 129 0.035714
131 129 0.035714
132 129 0.035714
143 129 0.035714
145 129 0.035714
9 141 0.071429
23 141 0.071429
47 141 0.071429
52 141 0.071429
60 141 0.071429
88 141 0.071429
93 141 0.071429
104 141 0.071429
121 141 0.071429
125 141 0.071429
128 141 0.071429
143 141 0.071429
145 141 0.071429
148 141 0.071429
10 116 0.058824
18 116 0.058824
22 116 0.058824
25 116 0.058824
56 116 0.058824
65 116 0.058824
69 116 0.058824
73 116 0.058824
74 116 0.058824
77 116 0.058824
87 116 0.058824
90 116 0.058824
105 116 0.058824
111 116 0.058824
114 116 0.058824
119 116 0.058824
134 116 0.058824
11 35 0.043478
12 35 0.043478
14 35 0.043478
17 35 0.043478
32 35 0.043478
48 35 0.043478
51 35 0.043478
54 35 0.043478
56 35 0.043478
61 35 0.043478
67 35 0.043478
74 35 0.043478
87 35 0.043478
98 35 0.043478
99 35 0.043478
114 35 0.043478
123 35 0.043478
131 35 0.043478
136 35 0.043478
139 35 0.043478
142 35 0.043478
144 35 0.043478
145 35 0.043478
11 102 0.055556
17 102 0.055556
20 102 0.055556
23 102 0.055556
28 102 0.055556
29 102 0.055556
60 102 0.055556
77 102 0.055556
86 102 0.055556
92 102 0.055556
104 102 0.055556
110 102 0.055556
120 102 0.055556
123 102 0.055556
125 102 0.055556
134 102 0.055556
138 102 0.055556
140 102 0.055556
12 53 0.043478
18 53 0.043478
19 53 0.043478
56 53 0.043478
58 53 0.043478
60 53 0.043478
72 53 0.043478
73 53 0.043478
76 53 0.043478
83 53 0.043478
94 53 0.043478
96 53 0.043478
100 53 0.043478
106 53 0.043478
111 53 0.043478
114 53 0.043478
115 53 0.043478
122 53 0.043478
124 53 0.043478
126 53 0.043478
132 53 0.043478
136 53 0.043478
140 53 0.043478
12 90 0.037037
15 90 0.037037
16 90 0.037037
18 90 0.037037
28 90 0.037037
29 90 0.037037
31 90 0.037037
36 90 0.037037
40 90 0.037037
52 90 0.037037
57 90 0.037037
61 90 0.037037
66 90 0.037037
68 90 0.037037
69 90 0.037037
94 90 0.037037
96 90 0.037037
104 90 0.037037
111 90 0.037037
116 90 0.037037
117 90 0.037037
120 90 0.037037
138 90 0.037037
139 90 0.037037
144 90 0.037037
145 90 0.037037
147 90 0.037037
12 105 0.045455
15 105 0.045455
16 105 0.045455
22 105 0.045455
27 105 0.045455
28 105 0.045455
30 105 0.045455
36 105 0.045455
37 105 0.045455
46 105 0.045455
54 105 0.045455
57 105 0.045455
79 105 0.045455
99 105 0.045455
107 105 0.045455
111 105 0.045455
116 105 0.045455
125 105 0.045455
132 105 0.045455
138 105 0.045455
145 105 0.045455
147 105 0.045455
12 117 0.047619
17 117 0.047619
18 117 0.047619
23 117 0.047619
33 117 0.047619
38 117 0.047619
40 117 0.047619
44 117 0.047619
48 117 0.047619
60 117 0.047619
65 117 0.047619
76 117 0.047619
86 117 0.047619
88 117 0.047619
90 117 0.047619
95 117 0.047619
99 117 0.047619
101 117 0.047619
122 117 0.047619
127 117 0.047619
132 117 0.047619
13 39 0.043478
19 39 0.043478
30 39 0.043478
42 39 0.043478
48 39 0.043478
61 39 0.043478
67 39 0.043478
69 39 0.043478
70 39 0.043478
72 39 0.043478
73 39 0.043478
76 39 0.043478
80 39 0.043478
85 39 0.043478
96 39 0.043478
101 39 0.043478
104 39 0.043478
111 39 0.043478
115 39 0.043478
128 39 0.043478
135 39 0.043478
143 39 0.043478
144 39 0.043478
14 115 0.076923
17 115 0.076923
20 115 0.076923
39 115 0.076923
40 115 0.076923
53 115 0.076923
69 115 0.076923
78 115 0.076923
92 115 0.076923
97 115 0.076923
110 115 0.076923
122 115 0.076923
143 115 0.076923
16 23 0.038462
21 23 0.038462
27 23 0.038462
46 23 0.038462
48 23 0.038462
54 23 0.038462
68 23 0.038462
70 23 0.038462
71 23 0.038462
74 23 0.038462
76 23 0.038462
78 23 0.038462
82 23 0.038462
85 23 0.038462
91 23 0.038462
95 23 0.038462
101 23 0.038462
102 23 0.038462
106 23 0.038462
107 23 0.038462
117 23 0.038462
138 23 0.038462
140 23 0.038462
141 23 0.038462
145 23 0.038462
148 23 0.038462
16 64 0.041667
25 64 0.041667
27 64 0.041667
31 64 0.041667
32 64 0.041667
44 64 0.041667
45 64 0.041667
48 64 0.041667
54 64 0.041667
55 64 0.041667
59 64 0.041667
66 64 0.041667
68 64 0.041667
71 64 0.041667
72 64 0.041667
76 64 0.041667
86 64 0.041667
99 64 0.041667
106 64 0.041667
109 64 0.041667
112 64 0.041667
127 64 0.041667
129 64 0.041667
138 64 0.041667
16 114 0.047619
25 114 0.047619
33 114 0.047619
34 114 0.047619
35 114 0.047619
44 114 0.047619
46 114 0.047619
51 114 0.047619
53 114 0.047619
57 114 0.047619
58 114 0.047619
75 114 0.047619
89 114 0.047619
95 114 0.047619
107 114 0.047619
109 114 0.047619
116 114 0.047619
118 114 0.047619
127 114 0.047619
134 114 0.047619
140 114 0.047619
16 127 0.052632
18 127 0.052632
19 127 0.052632
38 127 0.052632
43 127 0.052632
45 127 0.052632
61 127 0.052632
64 127 0.052632
66 127 0.052632
67 127 0.052632
71 127 0.052632
77 127 0.052632
93 127 0.052632
107 127 0.052632
114 127 0.052632
117 127 0.052632
121 127 0.052632
129 127 0.052632
142 127 0.052632
17 37 0.038462
18 37 0.038462
24 37 0.038462
31 37 0.038462
33 37 0.038462
40 37 0.038462
42 37 0.038462
48 37 0.038462
49 37 0.038462
52 37 0.038462
57 37 0.038462
66 37 0.038462
68 37 0.038462
74 37 0.038462
85 37 0.038462
87 37 0.038462
91 37 0.038462
92 37 0.038462
94 37 0.038462
95 37 0.038462
98 37 0.038462
105 37 0.038462
121 37 0.038462
126 37 0.038462
132 37 0.038462
148 37 0.038462
18 113 0.0625
25 113 0.0625
28 113 0.0625
29 113 0.0625
33 113 0.0625
49 113 0.0625
74 113 0.0625
86 113 0.0625
87 113 0.0625
95 113 0.0625
103 113 0.0625
104 113 0.0625
120 113 0.0625
125 113 0.0625
136 113 0.0625
147 113 0.0625
20 94 0.047619
22 94 0.047619
37 94 0.047619
53 94 0.047619
55 94 0.047619
56 94 0.047619
69 94 0.047619
70 94 0.047619
71 94 0.047619
75 94 0.047619
76 94 0.047619
77 94 0.047619
80 94 0.047619
85 94 0.047619
90 94 0.047619
98 94 0.047619
109 94 0.047619
128 94 0.047619
131 94 0.047619
132 94 0.047619
137 94 0.047619
20 98 0.058824
24 98 0.058824
28 98 0.058824
31 98 0.058824
35 98 0.058824
37 98 0.058824
56 98 0.058824
65 98 0.058824
66 98 0.058824
67 98 0.058824
76 98 0.058824
81 98 0.058824
82 98 0.058824
84 98 0.058824
94 98 0.058824
110 98 0.058824
118 98 0.058824
26 109 0.041667
27 109 0.041667
31 109 0.041667
33 109 0.041667
48 109 0.041667
49 109 0.041667
56 109 0.041667
60 109 0.041667
64 109 0.041667
76 109 0.041667
93 109 0.041667
94 109 0.041667
100 109 0.041667
104 109 0.041667
110 109 0.041667
114 109 0.041667
120 109 0.041667
128 109 0.041667
130 109 0.041667
132 109 0.041667
134 109 0.041667
138 109 0.041667
140 109 0.041667
146 109 0.041667
28 147 0.052632
43 147 0.052632
47 147 0.052632
57 147 0.052632
61 147 0.052632
80 147 0.052632
90 147 0.052632
93 147 0.052632
95 147 0.052632
101 147 0.052632
105 147 0.052632
113 147 0.052632
118 147 0.052632
120 147 0.052632
122 147 0.052632
125 147 0.052632
126 147 0.052632
132 147 0.052632
144 147 0.052632
29 66 0.05
34 66 0.05
37 66 0.05
40 66 0.05
49 66 0.05
58 66 0.05
62 66 0.05
64 66 0.05
70 66 0.05
72 66 0.05
82 66 0.05
86 66 0.05
90 66 0.05
98 66 0.05
101 66 0.05
107 66 0.05
121 66 0.05
127 66 0.05
129 66 0.05
137 66 0.05
39 80 0.043478
43 80 0.043478
48 80 0.043478
52 80 0.043478
58 80 0.043478
60 80 0.043478
68 80 0.043478
76 80 0.043478
81 80 0.043478
94 80 0.043478
95 80 0.043478
104 80 0.043478
107 80 0.043478
108 80 0.043478
120 80 0.043478
122 80 0.043478
125 80 0.043478
130 80 0.043478
131 80 0.043478
132 80 0.043478
136 80 0.043478
145 80 0.043478
147 80 0.043478
3 0 0.037037
17 0 0.037037
18 0 0.037037
31 0 0.037037
32 0 0.037037
36 0 0.037037
38 0 0.037037
44 0 0.037037
45 0 0.037037
49 0 0.037037
67 0 0.037037
70 0 0.037037
71 0 0.037037
74 0 0.037037
79 0 0.037037
84 0 0.037037
85 0 0.037037
91 0 0.037037
103 0 0.037037
107 0 0.037037
112 0 0.037037
119 0 0.037037
120 0 0.037037
121 0 0.037037
140 0 0.037037
144 0 0.037037
146 0 0.037037
2 1 0.038462
3 1 0.038462
9 1 0.038462
17 1 0.038462
20 1 0.038462
32 1 0.038462
48 1 0.038462
62 1 0.038462
65 1 0.038462
71 1 0.038462
73 1 0.038462
76 1 0.038462
77 1 0.038462
96 1 0.038462
104 1 0.038462
107 1 0.038462
111 1 0.038462
118 1 0.038462
122 1 0.038462
124 1 0.038462
132 1 0.038462
133 1 0.038462
140 1 0.038462
143 1 0.038462
144 1 0.038462
145 1 0.038462
9 5 0.076923
20 5 0.076923
38 5 0.076923
43 5 0.076923
51 5 0.076923
56 5 0.076923
59 5 0.076923
88 5 0.076923
89 5 0.076923
99 5 0.076923
112 5 0.076923
130 5 0.076923
133 5 0.076923
8 6 0.05
9 6 0.05
16 6 0.05
27 6 0.05
32 6 0.05
33 6 0.05
36 6 0.05
38 6 0.05
45 6 0.05
50 6 0.05
55 6 0.05
59 6 0.05
75 6 0.05
101 6 0.05
120 6 0.05
125 6 0.05
126 6 0.05
130 6 0.05
145 6 0.05
146 6 0.05
15 12 0.041667
18 12 0.041667
28 12 0.041667
35 12 0.041667
38 12 0.041667
43 12 0.041667
51 12 0.041667
53 12 0.041667
56 12 0.041667
83 12 0.041667
84 12 0.041667
86 12 0.041667
90 12 0.041667
92 12 0.041667
93 12 0.041667
105 12 0.041667
107 12 0.041667
117 12 0.041667
121 12 0.041667
125 12 0.041667
132 12 0.041667
142 12 0.041667
143 12 0.041667
148 12 0.041667
28 26 0.052632
30 26 0.052632
38 26 0.052632
54 26 0.052632
56 26 0.052632
61 26 0.052632
68 26 0.052632
71 26 0.052632
87 26 0.052632
92 26 0.052632
96 26 0.052632
106 26 0.052632
107 26 0.052632
109 26 0.052632
121 26 0.052632
124 26 0.052632
142 26 0.052632
143 26 0.052632
145 26 0.052632
