0 1 0.125
2 1 0.125
3 1 0.125
346 1 0.125
4 1 0.125
345 1 0.125
5 1 0.125
168 1 0.125
0 346 0.142857
1 346 0.142857
2 346 0.142857
200 346 0.142857
342 346 0.142857
343 346 0.142857
345 346 0.142857
0 2 0.125
1 2 0.125
3 2 0.125
4 2 0.125
346 2 0.125
345 2 0.125
312 2 0.125
62 2 0.125
0 345 0.090909
1 345 0.090909
2 345 0.090909
35 345 0.090909
57 345 0.090909
334 345 0.090909
341 345 0.090909
342 345 0.090909
343 345 0.090909
344 345 0.090909
346 345 0.090909
0 3 0.142857
1 3 0.142857
2 3 0.142857
4 3 0.142857
5 3 0.142857
6 3 0.142857
59 3 0.142857
0 4 0.111111
1 4 0.111111
2 4 0.111111
3 4 0.111111
6 4 0.111111
7 4 0.111111
8 4 0.111111
56 4 0.111111
5 4 0.111111
0 343 0.125
339 343 0.125
340 343 0.125
341 343 0.125
342 343 0.125
344 343 0.125
345 343 0.125
346 343 0.125
1 5 0.166667
3 5 0.166667
4 5 0.166667
7 5 0.166667
160 5 0.166667
55 5 0.166667
1 168 0.125
164 168 0.125
165 168 0.125
166 168 0.125
167 168 0.125
169 168 0.125
170 168 0.125
171 168 0.125
2 312 0.111111
308 312 0.111111
309 312 0.111111
310 312 0.111111
311 312 0.111111
313 312 0.111111
314 312 0.111111
315 312 0.111111
316 312 0.111111
2 62 0.111111
32 62 0.111111
58 62 0.111111
59 62 0.111111
60 62 0.111111
61 62 0.111111
63 62 0.111111
64 62 0.111111
65 62 0.111111
3 6 0.166667
4 6 0.166667
7 6 0.166667
8 6 0.166667
9 6 0.166667
10 6 0.166667
3 59 0.111111
55 59 0.111111
56 59 0.111111
57 59 0.111111
58 59 0.111111
60 59 0.111111
61 59 0.111111
62 59 0.111111
63 59 0.111111
4 7 0.142857
5 7 0.142857
6 7 0.142857
8 7 0.142857
9 7 0.142857
10 7 0.142857
11 7 0.142857
4 8 0.142857
6 8 0.142857
7 8 0.142857
9 8 0.142857
10 8 0.142857
11 8 0.142857
12 8 0.142857
4 56 0.111111
52 56 0.111111
53 56 0.111111
54 56 0.111111
55 56 0.111111
57 56 0.111111
58 56 0.111111
59 56 0.111111
60 56 0.111111
5 160 0.1
156 160 0.1
157 160 0.1
158 160 0.1
159 160 0.1
161 160 0.1
162 160 0.1
163 160 0.1
164 160 0.1
315 160 0.1
5 55 0.111111
51 55 0.111111
52 55 0.111111
53 55 0.111111
54 55 0.111111
56 55 0.111111
57 55 0.111111
58 55 0.111111
59 55 0.111111
6 9 0.125
7 9 0.125
8 9 0.125
10 9 0.125
11 9 0.125
12 9 0.125
13 9 0.125
85 9 0.125
6 10 0.125
7 10 0.125
8 10 0.125
9 10 0.125
12 10 0.125
13 10 0.125
14 10 0.125
94 10 0.125
7 11 0.125
8 11 0.125
9 11 0.125
12 11 0.125
13 11 0.125
15 11 0.125
67 11 0.125
131 11 0.125
8 12 0.111111
9 12 0.111111
10 12 0.111111
11 12 0.111111
13 12 0.111111
14 12 0.111111
15 12 0.111111
16 12 0.111111
316 12 0.111111
9 13 0.125
10 13 0.125
11 13 0.125
12 13 0.125
15 13 0.125
16 13 0.125
17 13 0.125
148 13 0.125
9 85 0.125
81 85 0.125
82 85 0.125
83 85 0.125
84 85 0.125
88 85 0.125
89 85 0.125
291 85 0.125
10 14 0.166667
12 14 0.166667
15 14 0.166667
17 14 0.166667
18 14 0.166667
140 14 0.166667
10 94 0.125
90 94 0.125
91 94 0.125
92 94 0.125
95 94 0.125
97 94 0.125
304 94 0.125
242 94 0.125
11 15 0.125
12 15 0.125
13 15 0.125
14 15 0.125
16 15 0.125
17 15 0.125
18 15 0.125
19 15 0.125
11 67 0.1
63 67 0.1
64 67 0.1
65 67 0.1
66 67 0.1
68 67 0.1
69 67 0.1
70 67 0.1
71 67 0.1
252 67 0.1
11 131 0.142857
127 131 0.142857
129 131 0.142857
130 131 0.142857
132 131 0.142857
135 131 0.142857
165 131 0.142857
12 16 0.142857
13 16 0.142857
15 16 0.142857
17 16 0.142857
18 16 0.142857
19 16 0.142857
20 16 0.142857
12 316 0.090909
81 316 0.090909
87 316 0.090909
163 316 0.090909
312 316 0.090909
313 316 0.090909
314 316 0.090909
315 316 0.090909
318 316 0.090909
319 316 0.090909
320 316 0.090909
13 17 0.125
14 17 0.125
15 17 0.125
16 17 0.125
18 17 0.125
19 17 0.125
21 17 0.125
235 17 0.125
13 148 0.125
144 148 0.125
146 148 0.125
147 148 0.125
149 148 0.125
150 148 0.125
151 148 0.125
152 148 0.125
14 18 0.111111
15 18 0.111111
16 18 0.111111
17 18 0.111111
19 18 0.111111
20 18 0.111111
21 18 0.111111
22 18 0.111111
324 18 0.111111
14 140 0.111111
137 140 0.111111
138 140 0.111111
139 140 0.111111
141 140 0.111111
142 140 0.111111
144 140 0.111111
165 140 0.111111
263 140 0.111111
15 19 0.125
16 19 0.125
17 19 0.125
18 19 0.125
20 19 0.125
21 19 0.125
23 19 0.125
187 19 0.125
16 20 0.125
18 20 0.125
19 20 0.125
21 20 0.125
23 20 0.125
71 20 0.125
38 20 0.125
101 20 0.125
17 21 0.111111
18 21 0.111111
19 21 0.111111
20 21 0.111111
24 21 0.111111
25 21 0.111111
71 21 0.111111
228 21 0.111111
64 21 0.111111
17 235 0.111111
231 235 0.111111
232 235 0.111111
233 235 0.111111
234 235 0.111111
236 235 0.111111
237 235 0.111111
238 235 0.111111
239 235 0.111111
18 22 0.142857
23 22 0.142857
26 22 0.142857
205 22 0.142857
253 22 0.142857
203 22 0.142857
289 22 0.142857
18 324 0.125
320 324 0.125
321 324 0.125
322 324 0.125
323 324 0.125
326 324 0.125
327 324 0.125
328 324 0.125
19 23 0.142857
20 23 0.142857
22 23 0.142857
24 23 0.142857
25 23 0.142857
26 23 0.142857
27 23 0.142857
19 187 0.090909
183 187 0.090909
184 187 0.090909
185 187 0.090909
186 187 0.090909
188 187 0.090909
189 187 0.090909
190 187 0.090909
191 187 0.090909
242 187 0.090909
204 187 0.090909
20 71 0.090909
21 71 0.090909
67 71 0.090909
68 71 0.090909
69 71 0.090909
70 71 0.090909
72 71 0.090909
73 71 0.090909
74 71 0.090909
75 71 0.090909
310 71 0.090909
20 38 0.090909
34 38 0.090909
36 38 0.090909
37 38 0.090909
39 38 0.090909
40 38 0.090909
41 38 0.090909
42 38 0.090909
98 38 0.090909
143 38 0.090909
288 38 0.090909
20 101 0.111111
98 101 0.111111
99 101 0.111111
100 101 0.111111
102 101 0.111111
103 101 0.111111
104 101 0.111111
134 101 0.111111
150 101 0.111111
21 24 0.166667
23 24 0.166667
25 24 0.166667
26 24 0.166667
28 24 0.166667
143 24 0.166667
21 25 0.125
23 25 0.125
24 25 0.125
26 25 0.125
28 25 0.125
29 25 0.125
301 25 0.125
260 25 0.125
21 228 0.111111
183 228 0.111111
224 228 0.111111
225 228 0.111111
226 228 0.111111
227 228 0.111111
229 228 0.111111
230 228 0.111111
232 228 0.111111
21 64 0.125
60 64 0.125
61 64 0.125
62 64 0.125
63 64 0.125
65 64 0.125
66 64 0.125
67 64 0.125
22 26 0.1
23 26 0.1
24 26 0.1
25 26 0.1
27 26 0.1
28 26 0.1
30 26 0.1
143 26 0.1
133 26 0.1
229 26 0.1
22 205 0.111111
199 205 0.111111
201 205 0.111111
202 205 0.111111
203 205 0.111111
204 205 0.111111
206 205 0.111111
207 205 0.111111
208 205 0.111111
22 253 0.111111
183 253 0.111111
249 253 0.111111
250 253 0.111111
251 253 0.111111
252 253 0.111111
255 253 0.111111
256 253 0.111111
257 253 0.111111
22 203 0.125
199 203 0.125
200 203 0.125
201 203 0.125
202 203 0.125
205 203 0.125
207 203 0.125
244 203 0.125
22 289 0.125
285 289 0.125
286 289 0.125
287 289 0.125
288 289 0.125
290 289 0.125
291 289 0.125
293 289 0.125
23 27 0.166667
26 27 0.166667
28 27 0.166667
29 27 0.166667
30 27 0.166667
31 27 0.166667
24 28 0.111111
25 28 0.111111
26 28 0.111111
27 28 0.111111
29 28 0.111111
30 28 0.111111
31 28 0.111111
32 28 0.111111
219 28 0.111111
24 143 0.111111
26 143 0.111111
31 143 0.111111
38 143 0.111111
139 143 0.111111
141 143 0.111111
142 143 0.111111
144 143 0.111111
145 143 0.111111
25 29 0.142857
27 29 0.142857
28 29 0.142857
30 29 0.142857
31 29 0.142857
32 29 0.142857
33 29 0.142857
25 301 0.111111
271 301 0.111111
298 301 0.111111
299 301 0.111111
300 301 0.111111
302 301 0.111111
303 301 0.111111
304 301 0.111111
305 301 0.111111
25 260 0.125
173 260 0.125
257 260 0.125
258 260 0.125
259 260 0.125
261 260 0.125
264 260 0.125
329 260 0.125
26 30 0.125
27 30 0.125
28 30 0.125
29 30 0.125
32 30 0.125
33 30 0.125
34 30 0.125
120 30 0.125
26 133 0.142857
129 133 0.142857
130 133 0.142857
132 133 0.142857
134 133 0.142857
135 133 0.142857
137 133 0.142857
26 229 0.125
225 229 0.125
226 229 0.125
227 229 0.125
228 229 0.125
230 229 0.125
231 229 0.125
233 229 0.125
27 31 0.1
28 31 0.1
29 31 0.1
32 31 0.1
33 31 0.1
206 31 0.1
84 31 0.1
143 31 0.1
315 31 0.1
126 31 0.1
28 32 0.111111
29 32 0.111111
30 32 0.111111
31 32 0.111111
33 32 0.111111
34 32 0.111111
35 32 0.111111
36 32 0.111111
62 32 0.111111
28 219 0.111111
48 219 0.111111
215 219 0.111111
216 219 0.111111
217 219 0.111111
218 219 0.111111
220 219 0.111111
222 219 0.111111
223 219 0.111111
29 33 0.125
30 33 0.125
31 33 0.125
32 33 0.125
34 33 0.125
35 33 0.125
36 33 0.125
37 33 0.125
30 34 0.142857
32 34 0.142857
33 34 0.142857
35 34 0.142857
37 34 0.142857
38 34 0.142857
334 34 0.142857
30 120 0.111111
116 120 0.111111
117 120 0.111111
118 120 0.111111
119 120 0.111111
121 120 0.111111
122 120 0.111111
123 120 0.111111
124 120 0.111111
31 206 0.166667
202 206 0.166667
205 206 0.166667
208 206 0.166667
209 206 0.166667
210 206 0.166667
31 84 0.111111
69 84 0.111111
80 84 0.111111
82 84 0.111111
83 84 0.111111
85 84 0.111111
86 84 0.111111
87 84 0.111111
88 84 0.111111
31 315 0.111111
160 315 0.111111
311 315 0.111111
312 315 0.111111
313 315 0.111111
314 315 0.111111
316 315 0.111111
318 315 0.111111
319 315 0.111111
31 126 0.166667
69 126 0.166667
122 126 0.166667
125 126 0.166667
127 126 0.166667
128 126 0.166667
32 35 0.125
33 35 0.125
34 35 0.125
36 35 0.125
39 35 0.125
220 35 0.125
345 35 0.125
210 35 0.125
32 36 0.125
33 36 0.125
35 36 0.125
37 36 0.125
38 36 0.125
39 36 0.125
40 36 0.125
121 36 0.125
33 37 0.142857
34 37 0.142857
36 37 0.142857
38 37 0.142857
39 37 0.142857
40 37 0.142857
41 37 0.142857
34 334 0.111111
281 334 0.111111
330 334 0.111111
331 334 0.111111
332 334 0.111111
335 334 0.111111
336 334 0.111111
338 334 0.111111
345 334 0.111111
35 39 0.1
36 39 0.1
37 39 0.1
38 39 0.1
40 39 0.1
41 39 0.1
42 39 0.1
43 39 0.1
152 39 0.1
178 39 0.1
35 220 0.125
216 220 0.125
217 220 0.125
218 220 0.125
219 220 0.125
222 220 0.125
223 220 0.125
224 220 0.125
35 210 0.1
206 210 0.1
207 210 0.1
208 210 0.1
209 210 0.1
211 210 0.1
212 210 0.1
213 210 0.1
214 210 0.1
294 210 0.1
36 40 0.125
37 40 0.125
38 40 0.125
39 40 0.125
41 40 0.125
42 40 0.125
43 40 0.125
44 40 0.125
36 121 0.125
117 121 0.125
118 121 0.125
119 121 0.125
120 121 0.125
122 121 0.125
124 121 0.125
125 121 0.125
37 41 0.125
38 41 0.125
39 41 0.125
40 41 0.125
42 41 0.125
43 41 0.125
44 41 0.125
45 41 0.125
38 42 0.111111
39 42 0.111111
40 42 0.111111
41 42 0.111111
43 42 0.111111
44 42 0.111111
45 42 0.111111
46 42 0.111111
76 42 0.111111
38 98 0.142857
95 98 0.142857
96 98 0.142857
97 98 0.142857
99 98 0.142857
100 98 0.142857
101 98 0.142857
38 288 0.142857
284 288 0.142857
285 288 0.142857
287 288 0.142857
289 288 0.142857
290 288 0.142857
291 288 0.142857
39 43 0.125
40 43 0.125
41 43 0.125
42 43 0.125
44 43 0.125
45 43 0.125
46 43 0.125
47 43 0.125
39 152 0.125
148 152 0.125
149 152 0.125
150 152 0.125
151 152 0.125
153 152 0.125
154 152 0.125
156 152 0.125
39 178 0.125
174 178 0.125
175 178 0.125
176 178 0.125
177 178 0.125
179 178 0.125
180 178 0.125
182 178 0.125
40 44 0.111111
41 44 0.111111
42 44 0.111111
43 44 0.111111
45 44 0.111111
46 44 0.111111
47 44 0.111111
48 44 0.111111
69 44 0.111111
41 45 0.111111
42 45 0.111111
43 45 0.111111
44 45 0.111111
46 45 0.111111
47 45 0.111111
49 45 0.111111
273 45 0.111111
154 45 0.111111
42 46 0.125
43 46 0.125
44 46 0.125
45 46 0.125
47 46 0.125
48 46 0.125
49 46 0.125
50 46 0.125
42 76 0.125
51 76 0.125
72 76 0.125
73 76 0.125
74 76 0.125
75 76 0.125
79 76 0.125
80 76 0.125
43 47 0.111111
44 47 0.111111
45 47 0.111111
46 47 0.111111
48 47 0.111111
49 47 0.111111
50 47 0.111111
51 47 0.111111
107 47 0.111111
44 48 0.142857
46 48 0.142857
47 48 0.142857
49 48 0.142857
50 48 0.142857
52 48 0.142857
219 48 0.142857
44 69 0.111111
65 69 0.111111
66 69 0.111111
67 69 0.111111
68 69 0.111111
71 69 0.111111
73 69 0.111111
84 69 0.111111
126 69 0.111111
45 49 0.125
46 49 0.125
47 49 0.125
48 49 0.125
50 49 0.125
51 49 0.125
52 49 0.125
53 49 0.125
45 273 0.125
269 273 0.125
270 273 0.125
271 273 0.125
272 273 0.125
275 273 0.125
276 273 0.125
277 273 0.125
45 154 0.111111
150 154 0.111111
151 154 0.111111
152 154 0.111111
153 154 0.111111
155 154 0.111111
156 154 0.111111
157 154 0.111111
158 154 0.111111
46 50 0.125
47 50 0.125
48 50 0.125
49 50 0.125
51 50 0.125
52 50 0.125
53 50 0.125
54 50 0.125
47 51 0.125
49 51 0.125
50 51 0.125
52 51 0.125
54 51 0.125
55 51 0.125
76 51 0.125
106 51 0.125
47 107 0.142857
104 107 0.142857
105 107 0.142857
106 107 0.142857
108 107 0.142857
109 107 0.142857
111 107 0.142857
48 52 0.125
49 52 0.125
50 52 0.125
51 52 0.125
53 52 0.125
54 52 0.125
55 52 0.125
56 52 0.125
49 53 0.125
50 53 0.125
52 53 0.125
54 53 0.125
55 53 0.125
56 53 0.125
57 53 0.125
330 53 0.125
50 54 0.111111
51 54 0.111111
52 54 0.111111
53 54 0.111111
55 54 0.111111
56 54 0.111111
58 54 0.111111
224 54 0.111111
259 54 0.111111
51 106 0.111111
102 106 0.111111
103 106 0.111111
104 106 0.111111
105 106 0.111111
107 106 0.111111
108 106 0.111111
109 106 0.111111
110 106 0.111111
53 57 0.142857
55 57 0.142857
56 57 0.142857
58 57 0.142857
59 57 0.142857
60 57 0.142857
345 57 0.142857
53 330 0.125
326 330 0.125
327 330 0.125
328 330 0.125
329 330 0.125
331 330 0.125
332 330 0.125
334 330 0.125
54 58 0.111111
55 58 0.111111
56 58 0.111111
57 58 0.111111
59 58 0.111111
60 58 0.111111
61 58 0.111111
62 58 0.111111
97 58 0.111111
54 224 0.125
220 224 0.125
221 224 0.125
222 224 0.125
223 224 0.125
226 224 0.125
227 224 0.125
228 224 0.125
54 259 0.111111
255 259 0.111111
256 259 0.111111
257 259 0.111111
258 259 0.111111
260 259 0.111111
261 259 0.111111
262 259 0.111111
263 259 0.111111
56 60 0.111111
57 60 0.111111
58 60 0.111111
59 60 0.111111
61 60 0.111111
62 60 0.111111
63 60 0.111111
64 60 0.111111
291 60 0.111111
58 61 0.142857
59 61 0.142857
60 61 0.142857
62 61 0.142857
64 61 0.142857
65 61 0.142857
296 61 0.142857
58 97 0.142857
93 97 0.142857
94 97 0.142857
95 97 0.142857
98 97 0.142857
99 97 0.142857
100 97 0.142857
59 63 0.142857
60 63 0.142857
62 63 0.142857
64 63 0.142857
65 63 0.142857
66 63 0.142857
67 63 0.142857
60 291 0.111111
85 291 0.111111
287 291 0.111111
288 291 0.111111
289 291 0.111111
290 291 0.111111
293 291 0.111111
294 291 0.111111
295 291 0.111111
61 65 0.125
62 65 0.125
63 65 0.125
64 65 0.125
66 65 0.125
67 65 0.125
68 65 0.125
69 65 0.125
61 296 0.142857
292 296 0.142857
297 296 0.142857
298 296 0.142857
299 296 0.142857
300 296 0.142857
344 296 0.142857
63 66 0.142857
64 66 0.142857
65 66 0.142857
67 66 0.142857
68 66 0.142857
69 66 0.142857
70 66 0.142857
65 68 0.142857
66 68 0.142857
67 68 0.142857
69 68 0.142857
70 68 0.142857
71 68 0.142857
72 68 0.142857
66 70 0.142857
67 70 0.142857
68 70 0.142857
71 70 0.142857
72 70 0.142857
73 70 0.142857
333 70 0.142857
67 252 0.125
248 252 0.125
249 252 0.125
250 252 0.125
251 252 0.125
253 252 0.125
254 252 0.125
255 252 0.125
68 72 0.142857
70 72 0.142857
71 72 0.142857
73 72 0.142857
74 72 0.142857
75 72 0.142857
76 72 0.142857
69 73 0.125
70 73 0.125
71 73 0.125
72 73 0.125
74 73 0.125
75 73 0.125
76 73 0.125
77 73 0.125
70 333 0.111111
103 333 0.111111
164 333 0.111111
329 333 0.111111
331 333 0.111111
332 333 0.111111
335 333 0.111111
336 333 0.111111
337 333 0.111111
71 74 0.111111
72 74 0.111111
73 74 0.111111
75 74 0.111111
76 74 0.111111
77 74 0.111111
78 74 0.111111
305 74 0.111111
189 74 0.111111
71 75 0.125
72 75 0.125
73 75 0.125
74 75 0.125
76 75 0.125
77 75 0.125
78 75 0.125
79 75 0.125
71 310 0.125
306 310 0.125
307 310 0.125
308 310 0.125
309 310 0.125
312 310 0.125
313 310 0.125
314 310 0.125
73 77 0.142857
74 77 0.142857
75 77 0.142857
79 77 0.142857
80 77 0.142857
262 77 0.142857
263 77 0.142857
74 78 0.166667
75 78 0.166667
79 78 0.166667
80 78 0.166667
81 78 0.166667
232 78 0.166667
74 305 0.125
301 305 0.125
302 305 0.125
303 305 0.125
304 305 0.125
306 305 0.125
307 305 0.125
309 305 0.125
74 189 0.125
185 189 0.125
186 189 0.125
187 189 0.125
188 189 0.125
191 189 0.125
192 189 0.125
320 189 0.125
75 79 0.125
76 79 0.125
77 79 0.125
78 79 0.125
80 79 0.125
81 79 0.125
82 79 0.125
83 79 0.125
76 80 0.125
77 80 0.125
78 80 0.125
79 80 0.125
81 80 0.125
82 80 0.125
83 80 0.125
84 80 0.125
77 262 0.125
257 262 0.125
258 262 0.125
259 262 0.125
261 262 0.125
263 262 0.125
264 262 0.125
266 262 0.125
77 263 0.111111
140 263 0.111111
259 263 0.111111
261 263 0.111111
262 263 0.111111
264 263 0.111111
265 263 0.111111
266 263 0.111111
267 263 0.111111
78 81 0.142857
79 81 0.142857
80 81 0.142857
82 81 0.142857
83 81 0.142857
85 81 0.142857
316 81 0.142857
78 232 0.125
228 232 0.125
230 232 0.125
231 232 0.125
233 232 0.125
234 232 0.125
235 232 0.125
236 232 0.125
79 82 0.125
80 82 0.125
81 82 0.125
83 82 0.125
84 82 0.125
85 82 0.125
123 82 0.125
164 82 0.125
79 83 0.125
80 83 0.125
81 83 0.125
82 83 0.125
84 83 0.125
85 83 0.125
86 83 0.125
87 83 0.125
82 123 0.125
93 123 0.125
119 123 0.125
120 123 0.125
122 123 0.125
124 123 0.125
125 123 0.125
127 123 0.125
82 164 0.111111
160 164 0.111111
161 164 0.111111
162 164 0.111111
165 164 0.111111
166 164 0.111111
167 164 0.111111
168 164 0.111111
333 164 0.111111
83 86 0.166667
84 86 0.166667
87 86 0.166667
88 86 0.166667
89 86 0.166667
90 86 0.166667
83 87 0.142857
84 87 0.142857
86 87 0.142857
89 87 0.142857
90 87 0.142857
91 87 0.142857
316 87 0.142857
84 88 0.142857
85 88 0.142857
86 88 0.142857
89 88 0.142857
90 88 0.142857
91 88 0.142857
92 88 0.142857
85 89 0.125
86 89 0.125
87 89 0.125
88 89 0.125
90 89 0.125
91 89 0.125
92 89 0.125
93 89 0.125
86 90 0.111111
87 90 0.111111
88 90 0.111111
89 90 0.111111
91 90 0.111111
92 90 0.111111
93 90 0.111111
94 90 0.111111
237 90 0.111111
87 91 0.125
88 91 0.125
89 91 0.125
90 91 0.125
92 91 0.125
93 91 0.125
94 91 0.125
95 91 0.125
88 92 0.111111
89 92 0.111111
90 92 0.111111
91 92 0.111111
93 92 0.111111
94 92 0.111111
95 92 0.111111
96 92 0.111111
286 92 0.111111
89 93 0.111111
90 93 0.111111
91 93 0.111111
92 93 0.111111
95 93 0.111111
96 93 0.111111
97 93 0.111111
123 93 0.111111
113 93 0.111111
90 237 0.125
233 237 0.125
234 237 0.125
235 237 0.125
236 237 0.125
238 237 0.125
239 237 0.125
240 237 0.125
91 95 0.125
92 95 0.125
93 95 0.125
94 95 0.125
96 95 0.125
97 95 0.125
98 95 0.125
99 95 0.125
92 96 0.142857
93 96 0.142857
95 96 0.142857
98 96 0.142857
99 96 0.142857
100 96 0.142857
113 96 0.142857
92 286 0.125
282 286 0.125
283 286 0.125
284 286 0.125
285 286 0.125
287 286 0.125
289 286 0.125
290 286 0.125
93 113 0.111111
96 113 0.111111
109 113 0.111111
110 113 0.111111
111 113 0.111111
112 113 0.111111
115 113 0.111111
116 113 0.111111
117 113 0.111111
94 304 0.111111
300 304 0.111111
301 304 0.111111
302 304 0.111111
303 304 0.111111
305 304 0.111111
306 304 0.111111
307 304 0.111111
308 304 0.111111
94 242 0.142857
187 242 0.142857
239 242 0.142857
240 242 0.142857
243 242 0.142857
245 242 0.142857
246 242 0.142857
95 99 0.125
96 99 0.125
97 99 0.125
98 99 0.125
100 99 0.125
101 99 0.125
102 99 0.125
103 99 0.125
96 100 0.125
97 100 0.125
98 100 0.125
99 100 0.125
101 100 0.125
102 100 0.125
103 100 0.125
104 100 0.125
99 102 0.142857
100 102 0.142857
101 102 0.142857
103 102 0.142857
104 102 0.142857
105 102 0.142857
106 102 0.142857
99 103 0.125
100 103 0.125
101 103 0.125
102 103 0.125
104 103 0.125
105 103 0.125
106 103 0.125
333 103 0.125
100 104 0.111111
101 104 0.111111
102 104 0.111111
103 104 0.111111
105 104 0.111111
106 104 0.111111
107 104 0.111111
108 104 0.111111
124 104 0.111111
101 134 0.142857
130 134 0.142857
132 134 0.142857
133 134 0.142857
136 134 0.142857
137 134 0.142857
157 134 0.142857
101 150 0.125
146 150 0.125
147 150 0.125
148 150 0.125
149 150 0.125
151 150 0.125
152 150 0.125
154 150 0.125
102 105 0.142857
103 105 0.142857
104 105 0.142857
106 105 0.142857
107 105 0.142857
108 105 0.142857
109 105 0.142857
104 108 0.125
105 108 0.125
106 108 0.125
107 108 0.125
109 108 0.125
110 108 0.125
111 108 0.125
112 108 0.125
104 124 0.125
120 124 0.125
121 124 0.125
122 124 0.125
123 124 0.125
125 124 0.125
128 124 0.125
192 124 0.125
105 109 0.125
106 109 0.125
107 109 0.125
108 109 0.125
110 109 0.125
111 109 0.125
112 109 0.125
113 109 0.125
106 110 0.142857
108 110 0.142857
109 110 0.142857
111 110 0.142857
112 110 0.142857
113 110 0.142857
114 110 0.142857
107 111 0.125
108 111 0.125
109 111 0.125
110 111 0.125
112 111 0.125
113 111 0.125
115 111 0.125
176 111 0.125
108 112 0.125
109 112 0.125
110 112 0.125
111 112 0.125
113 112 0.125
114 112 0.125
115 112 0.125
116 112 0.125
110 114 0.166667
112 114 0.166667
115 114 0.166667
116 114 0.166667
117 114 0.166667
118 114 0.166667
111 115 0.111111
112 115 0.111111
113 115 0.111111
114 115 0.111111
116 115 0.111111
117 115 0.111111
118 115 0.111111
119 115 0.111111
323 115 0.111111
111 176 0.090909
172 176 0.090909
173 176 0.090909
174 176 0.090909
175 176 0.090909
177 176 0.090909
178 176 0.090909
179 176 0.090909
180 176 0.090909
183 176 0.090909
326 176 0.090909
112 116 0.125
113 116 0.125
114 116 0.125
115 116 0.125
117 116 0.125
118 116 0.125
119 116 0.125
120 116 0.125
113 117 0.125
114 117 0.125
115 117 0.125
116 117 0.125
118 117 0.125
119 117 0.125
120 117 0.125
121 117 0.125
114 118 0.111111
115 118 0.111111
116 118 0.111111
117 118 0.111111
119 118 0.111111
120 118 0.111111
121 118 0.111111
122 118 0.111111
282 118 0.111111
115 119 0.111111
116 119 0.111111
117 119 0.111111
118 119 0.111111
120 119 0.111111
121 119 0.111111
122 119 0.111111
123 119 0.111111
179 119 0.111111
115 323 0.125
319 323 0.125
320 323 0.125
321 323 0.125
322 323 0.125
324 323 0.125
325 323 0.125
326 323 0.125
118 122 0.125
119 122 0.125
120 122 0.125
121 122 0.125
123 122 0.125
124 122 0.125
125 122 0.125
126 122 0.125
118 282 0.111111
271 282 0.111111
278 282 0.111111
279 282 0.111111
280 282 0.111111
281 282 0.111111
283 282 0.111111
284 282 0.111111
286 282 0.111111
119 179 0.125
175 179 0.125
176 179 0.125
177 179 0.125
178 179 0.125
181 179 0.125
182 179 0.125
183 179 0.125
121 125 0.125
122 125 0.125
123 125 0.125
124 125 0.125
126 125 0.125
129 125 0.125
138 125 0.125
276 125 0.125
123 127 0.166667
126 127 0.166667
128 127 0.166667
129 127 0.166667
130 127 0.166667
131 127 0.166667
124 128 0.125
126 128 0.125
127 128 0.125
129 128 0.125
130 128 0.125
132 128 0.125
155 128 0.125
294 128 0.125
124 192 0.1
188 192 0.1
189 192 0.1
190 192 0.1
191 192 0.1
193 192 0.1
194 192 0.1
195 192 0.1
196 192 0.1
272 192 0.1
125 129 0.142857
127 129 0.142857
128 129 0.142857
130 129 0.142857
131 129 0.142857
132 129 0.142857
133 129 0.142857
125 138 0.125
135 138 0.125
136 138 0.125
137 138 0.125
139 138 0.125
140 138 0.125
141 138 0.125
142 138 0.125
125 276 0.111111
223 276 0.111111
270 276 0.111111
273 276 0.111111
274 276 0.111111
275 276 0.111111
277 276 0.111111
278 276 0.111111
280 276 0.111111
127 130 0.125
128 130 0.125
129 130 0.125
131 130 0.125
132 130 0.125
133 130 0.125
134 130 0.125
267 130 0.125
128 132 0.1
129 132 0.1
130 132 0.1
131 132 0.1
133 132 0.1
134 132 0.1
135 132 0.1
136 132 0.1
295 132 0.1
297 132 0.1
128 155 0.125
151 155 0.125
153 155 0.125
154 155 0.125
156 155 0.125
157 155 0.125
158 155 0.125
159 155 0.125
128 294 0.125
210 294 0.125
245 294 0.125
290 294 0.125
291 294 0.125
292 294 0.125
293 294 0.125
295 294 0.125
130 267 0.125
263 267 0.125
264 267 0.125
265 267 0.125
266 267 0.125
268 267 0.125
270 267 0.125
271 267 0.125
131 135 0.142857
132 135 0.142857
133 135 0.142857
136 135 0.142857
137 135 0.142857
138 135 0.142857
139 135 0.142857
131 165 0.111111
140 165 0.111111
161 165 0.111111
162 165 0.111111
163 165 0.111111
164 165 0.111111
167 165 0.111111
168 165 0.111111
342 165 0.111111
132 136 0.142857
134 136 0.142857
135 136 0.142857
137 136 0.142857
138 136 0.142857
139 136 0.142857
195 136 0.142857
132 295 0.125
291 295 0.125
292 295 0.125
293 295 0.125
294 295 0.125
297 295 0.125
298 295 0.125
299 295 0.125
132 297 0.125
157 297 0.125
293 297 0.125
295 297 0.125
296 297 0.125
298 297 0.125
299 297 0.125
300 297 0.125
133 137 0.111111
134 137 0.111111
135 137 0.111111
136 137 0.111111
138 137 0.111111
139 137 0.111111
140 137 0.111111
141 137 0.111111
293 137 0.111111
134 157 0.125
154 157 0.125
155 157 0.125
156 157 0.125
158 157 0.125
159 157 0.125
160 157 0.125
297 157 0.125
135 139 0.111111
136 139 0.111111
137 139 0.111111
138 139 0.111111
140 139 0.111111
141 139 0.111111
142 139 0.111111
143 139 0.111111
338 139 0.111111
136 195 0.111111
191 195 0.111111
192 195 0.111111
193 195 0.111111
194 195 0.111111
196 195 0.111111
197 195 0.111111
198 195 0.111111
199 195 0.111111
137 141 0.125
138 141 0.125
139 141 0.125
140 141 0.125
142 141 0.125
143 141 0.125
144 141 0.125
145 141 0.125
137 293 0.125
289 293 0.125
290 293 0.125
291 293 0.125
292 293 0.125
294 293 0.125
295 293 0.125
297 293 0.125
138 142 0.125
139 142 0.125
140 142 0.125
141 142 0.125
143 142 0.125
144 142 0.125
145 142 0.125
146 142 0.125
139 338 0.125
153 338 0.125
334 338 0.125
335 338 0.125
336 338 0.125
337 338 0.125
339 338 0.125
342 338 0.125
140 144 0.125
141 144 0.125
142 144 0.125
143 144 0.125
145 144 0.125
146 144 0.125
147 144 0.125
148 144 0.125
141 145 0.125
142 145 0.125
143 145 0.125
144 145 0.125
146 145 0.125
147 145 0.125
149 145 0.125
240 145 0.125
142 146 0.142857
144 146 0.142857
145 146 0.142857
147 146 0.142857
148 146 0.142857
149 146 0.142857
150 146 0.142857
144 147 0.125
145 147 0.125
146 147 0.125
148 147 0.125
149 147 0.125
150 147 0.125
151 147 0.125
213 147 0.125
145 149 0.125
146 149 0.125
147 149 0.125
148 149 0.125
150 149 0.125
151 149 0.125
152 149 0.125
153 149 0.125
145 240 0.111111
236 240 0.111111
237 240 0.111111
238 240 0.111111
239 240 0.111111
241 240 0.111111
242 240 0.111111
243 240 0.111111
244 240 0.111111
147 151 0.111111
148 151 0.111111
149 151 0.111111
150 151 0.111111
152 151 0.111111
153 151 0.111111
154 151 0.111111
155 151 0.111111
328 151 0.111111
147 213 0.125
209 213 0.125
210 213 0.125
211 213 0.125
212 213 0.125
215 213 0.125
216 213 0.125
217 213 0.125
149 153 0.125
151 153 0.125
152 153 0.125
154 153 0.125
155 153 0.125
156 153 0.125
338 153 0.125
335 153 0.125
151 328 0.125
324 328 0.125
325 328 0.125
326 328 0.125
327 328 0.125
330 328 0.125
331 328 0.125
332 328 0.125
152 156 0.111111
153 156 0.111111
154 156 0.111111
155 156 0.111111
157 156 0.111111
158 156 0.111111
159 156 0.111111
160 156 0.111111
283 156 0.111111
153 335 0.111111
331 335 0.111111
332 335 0.111111
333 335 0.111111
334 335 0.111111
336 335 0.111111
337 335 0.111111
338 335 0.111111
339 335 0.111111
154 158 0.125
155 158 0.125
156 158 0.125
157 158 0.125
159 158 0.125
160 158 0.125
161 158 0.125
162 158 0.125
155 159 0.125
156 159 0.125
157 159 0.125
158 159 0.125
160 159 0.125
161 159 0.125
163 159 0.125
264 159 0.125
156 283 0.125
279 283 0.125
280 283 0.125
281 283 0.125
282 283 0.125
284 283 0.125
286 283 0.125
287 283 0.125
158 161 0.142857
159 161 0.142857
160 161 0.142857
162 161 0.142857
163 161 0.142857
164 161 0.142857
165 161 0.142857
158 162 0.142857
160 162 0.142857
161 162 0.142857
163 162 0.142857
164 162 0.142857
165 162 0.142857
166 162 0.142857
159 163 0.125
160 163 0.125
161 163 0.125
162 163 0.125
165 163 0.125
166 163 0.125
167 163 0.125
316 163 0.125
159 264 0.111111
260 264 0.111111
261 264 0.111111
262 264 0.111111
263 264 0.111111
265 264 0.111111
266 264 0.111111
267 264 0.111111
268 264 0.111111
162 166 0.142857
163 166 0.142857
164 166 0.142857
167 166 0.142857
168 166 0.142857
169 166 0.142857
170 166 0.142857
163 167 0.1
164 167 0.1
165 167 0.1
166 167 0.1
168 167 0.1
169 167 0.1
170 167 0.1
171 167 0.1
204 167 0.1
309 167 0.1
165 342 0.111111
180 342 0.111111
338 342 0.111111
339 342 0.111111
340 342 0.111111
341 342 0.111111
343 342 0.111111
345 342 0.111111
346 342 0.111111
166 169 0.142857
167 169 0.142857
168 169 0.142857
170 169 0.142857
171 169 0.142857
172 169 0.142857
173 169 0.142857
166 170 0.125
167 170 0.125
168 170 0.125
169 170 0.125
171 170 0.125
172 170 0.125
173 170 0.125
174 170 0.125
167 171 0.125
168 171 0.125
169 171 0.125
170 171 0.125
172 171 0.125
173 171 0.125
174 171 0.125
175 171 0.125
167 204 0.142857
187 204 0.142857
200 204 0.142857
201 204 0.142857
202 204 0.142857
205 204 0.142857
207 204 0.142857
167 309 0.125
305 309 0.125
306 309 0.125
307 309 0.125
308 309 0.125
310 309 0.125
311 309 0.125
312 309 0.125
169 172 0.142857
170 172 0.142857
171 172 0.142857
173 172 0.142857
174 172 0.142857
175 172 0.142857
176 172 0.142857
169 173 0.125
170 173 0.125
171 173 0.125
172 173 0.125
174 173 0.125
176 173 0.125
177 173 0.125
260 173 0.125
170 174 0.111111
171 174 0.111111
172 174 0.111111
173 174 0.111111
175 174 0.111111
176 174 0.111111
177 174 0.111111
178 174 0.111111
344 174 0.111111
171 175 0.142857
172 175 0.142857
174 175 0.142857
176 175 0.142857
177 175 0.142857
178 175 0.142857
179 175 0.142857
173 177 0.125
174 177 0.125
175 177 0.125
176 177 0.125
178 177 0.125
179 177 0.125
180 177 0.125
181 177 0.125
174 344 0.142857
183 344 0.142857
296 344 0.142857
340 344 0.142857
341 344 0.142857
343 344 0.142857
345 344 0.142857
176 180 0.125
177 180 0.125
178 180 0.125
181 180 0.125
182 180 0.125
183 180 0.125
184 180 0.125
342 180 0.125
176 183 0.090909
179 183 0.090909
180 183 0.090909
181 183 0.090909
182 183 0.090909
184 183 0.090909
185 183 0.090909
187 183 0.090909
253 183 0.090909
228 183 0.090909
344 183 0.090909
176 326 0.125
322 326 0.125
323 326 0.125
324 326 0.125
325 326 0.125
327 326 0.125
328 326 0.125
330 326 0.125
177 181 0.142857
179 181 0.142857
180 181 0.142857
182 181 0.142857
183 181 0.142857
184 181 0.142857
185 181 0.142857
178 182 0.125
179 182 0.125
180 182 0.125
181 182 0.125
183 182 0.125
184 182 0.125
185 182 0.125
186 182 0.125
180 184 0.125
181 184 0.125
182 184 0.125
183 184 0.125
185 184 0.125
186 184 0.125
187 184 0.125
188 184 0.125
181 185 0.125
182 185 0.125
183 185 0.125
184 185 0.125
186 185 0.125
187 185 0.125
188 185 0.125
189 185 0.125
182 186 0.142857
184 186 0.142857
185 186 0.142857
187 186 0.142857
188 186 0.142857
189 186 0.142857
190 186 0.142857
184 188 0.125
185 188 0.125
186 188 0.125
187 188 0.125
189 188 0.125
190 188 0.125
191 188 0.125
192 188 0.125
186 190 0.142857
187 190 0.142857
188 190 0.142857
191 190 0.142857
192 190 0.142857
193 190 0.142857
227 190 0.142857
187 191 0.125
188 191 0.125
189 191 0.125
190 191 0.125
192 191 0.125
193 191 0.125
194 191 0.125
195 191 0.125
189 320 0.111111
316 320 0.111111
317 320 0.111111
318 320 0.111111
319 320 0.111111
321 320 0.111111
322 320 0.111111
323 320 0.111111
324 320 0.111111
190 193 0.142857
191 193 0.142857
192 193 0.142857
194 193 0.142857
195 193 0.142857
196 193 0.142857
202 193 0.142857
190 227 0.111111
223 227 0.111111
224 227 0.111111
225 227 0.111111
226 227 0.111111
228 227 0.111111
229 227 0.111111
230 227 0.111111
243 227 0.111111
191 194 0.142857
192 194 0.142857
193 194 0.142857
195 194 0.142857
196 194 0.142857
197 194 0.142857
198 194 0.142857
192 196 0.125
193 196 0.125
194 196 0.125
195 196 0.125
197 196 0.125
198 196 0.125
199 196 0.125
200 196 0.125
192 272 0.166667
268 272 0.166667
269 272 0.166667
273 272 0.166667
274 272 0.166667
275 272 0.166667
193 202 0.111111
198 202 0.111111
199 202 0.111111
200 202 0.111111
201 202 0.111111
203 202 0.111111
204 202 0.111111
205 202 0.111111
206 202 0.111111
194 197 0.142857
195 197 0.142857
196 197 0.142857
198 197 0.142857
199 197 0.142857
200 197 0.142857
201 197 0.142857
194 198 0.125
195 198 0.125
196 198 0.125
197 198 0.125
199 198 0.125
200 198 0.125
202 198 0.125
307 198 0.125
195 199 0.111111
196 199 0.111111
197 199 0.111111
198 199 0.111111
200 199 0.111111
201 199 0.111111
202 199 0.111111
203 199 0.111111
205 199 0.111111
196 200 0.111111
197 200 0.111111
198 200 0.111111
199 200 0.111111
201 200 0.111111
202 200 0.111111
203 200 0.111111
204 200 0.111111
346 200 0.111111
197 201 0.142857
199 201 0.142857
200 201 0.142857
202 201 0.142857
203 201 0.142857
204 201 0.142857
205 201 0.142857
198 307 0.111111
303 307 0.111111
304 307 0.111111
305 307 0.111111
306 307 0.111111
308 307 0.111111
309 307 0.111111
310 307 0.111111
311 307 0.111111
203 207 0.142857
204 207 0.142857
205 207 0.142857
208 207 0.142857
209 207 0.142857
210 207 0.142857
211 207 0.142857
203 244 0.125
240 244 0.125
241 244 0.125
243 244 0.125
245 244 0.125
246 244 0.125
247 244 0.125
248 244 0.125
205 208 0.142857
206 208 0.142857
207 208 0.142857
209 208 0.142857
210 208 0.142857
211 208 0.142857
212 208 0.142857
206 209 0.125
207 209 0.125
208 209 0.125
210 209 0.125
211 209 0.125
212 209 0.125
213 209 0.125
241 209 0.125
207 211 0.125
208 211 0.125
209 211 0.125
210 211 0.125
212 211 0.125
213 211 0.125
214 211 0.125
215 211 0.125
208 212 0.125
209 212 0.125
210 212 0.125
211 212 0.125
213 212 0.125
214 212 0.125
215 212 0.125
216 212 0.125
209 241 0.142857
238 241 0.142857
239 241 0.142857
240 241 0.142857
243 241 0.142857
244 241 0.142857
245 241 0.142857
210 214 0.142857
211 214 0.142857
212 214 0.142857
215 214 0.142857
216 214 0.142857
217 214 0.142857
218 214 0.142857
211 215 0.125
212 215 0.125
213 215 0.125
214 215 0.125
216 215 0.125
217 215 0.125
218 215 0.125
219 215 0.125
212 216 0.125
213 216 0.125
214 216 0.125
215 216 0.125
217 216 0.125
218 216 0.125
219 216 0.125
220 216 0.125
213 217 0.125
214 217 0.125
215 217 0.125
216 217 0.125
218 217 0.125
219 217 0.125
220 217 0.125
221 217 0.125
214 218 0.125
215 218 0.125
216 218 0.125
217 218 0.125
219 218 0.125
220 218 0.125
221 218 0.125
222 218 0.125
217 221 0.166667
218 221 0.166667
223 221 0.166667
224 221 0.166667
225 221 0.166667
256 221 0.166667
218 222 0.125
219 222 0.125
220 222 0.125
223 222 0.125
224 222 0.125
225 222 0.125
226 222 0.125
256 222 0.125
219 223 0.111111
220 223 0.111111
221 223 0.111111
222 223 0.111111
224 223 0.111111
225 223 0.111111
226 223 0.111111
227 223 0.111111
276 223 0.111111
221 225 0.142857
222 225 0.142857
223 225 0.142857
226 225 0.142857
227 225 0.142857
228 225 0.142857
229 225 0.142857
221 256 0.125
222 256 0.125
243 256 0.125
253 256 0.125
255 256 0.125
257 256 0.125
258 256 0.125
259 256 0.125
222 226 0.125
223 226 0.125
224 226 0.125
225 226 0.125
227 226 0.125
228 226 0.125
229 226 0.125
230 226 0.125
226 230 0.125
227 230 0.125
228 230 0.125
229 230 0.125
231 230 0.125
232 230 0.125
233 230 0.125
234 230 0.125
227 243 0.111111
239 243 0.111111
240 243 0.111111
241 243 0.111111
242 243 0.111111
244 243 0.111111
246 243 0.111111
247 243 0.111111
256 243 0.111111
229 231 0.166667
230 231 0.166667
232 231 0.166667
233 231 0.166667
234 231 0.166667
235 231 0.166667
229 233 0.125
230 233 0.125
231 233 0.125
232 233 0.125
234 233 0.125
235 233 0.125
236 233 0.125
237 233 0.125
230 234 0.125
231 234 0.125
232 234 0.125
233 234 0.125
235 234 0.125
236 234 0.125
237 234 0.125
238 234 0.125
232 236 0.125
233 236 0.125
234 236 0.125
235 236 0.125
237 236 0.125
238 236 0.125
239 236 0.125
240 236 0.125
234 238 0.125
235 238 0.125
236 238 0.125
237 238 0.125
239 238 0.125
240 238 0.125
241 238 0.125
251 238 0.125
235 239 0.111111
236 239 0.111111
237 239 0.111111
238 239 0.111111
240 239 0.111111
241 239 0.111111
242 239 0.111111
243 239 0.111111
254 239 0.111111
238 251 0.111111
247 251 0.111111
248 251 0.111111
249 251 0.111111
250 251 0.111111
252 251 0.111111
253 251 0.111111
254 251 0.111111
255 251 0.111111
239 254 0.142857
250 254 0.142857
251 254 0.142857
252 254 0.142857
255 254 0.142857
257 254 0.142857
258 254 0.142857
241 245 0.125
242 245 0.125
244 245 0.125
246 245 0.125
247 245 0.125
248 245 0.125
249 245 0.125
294 245 0.125
242 246 0.125
243 246 0.125
244 246 0.125
245 246 0.125
247 246 0.125
248 246 0.125
249 246 0.125
250 246 0.125
243 247 0.125
244 247 0.125
245 247 0.125
246 247 0.125
248 247 0.125
249 247 0.125
250 247 0.125
251 247 0.125
244 248 0.125
245 248 0.125
246 248 0.125
247 248 0.125
249 248 0.125
250 248 0.125
251 248 0.125
252 248 0.125
245 249 0.125
246 249 0.125
247 249 0.125
248 249 0.125
250 249 0.125
251 249 0.125
252 249 0.125
253 249 0.125
246 250 0.125
247 250 0.125
248 250 0.125
249 250 0.125
251 250 0.125
252 250 0.125
253 250 0.125
254 250 0.125
251 255 0.125
252 255 0.125
253 255 0.125
254 255 0.125
256 255 0.125
257 255 0.125
258 255 0.125
259 255 0.125
253 257 0.111111
254 257 0.111111
255 257 0.111111
256 257 0.111111
258 257 0.111111
259 257 0.111111
260 257 0.111111
261 257 0.111111
262 257 0.111111
254 258 0.125
255 258 0.125
256 258 0.125
257 258 0.125
259 258 0.125
260 258 0.125
261 258 0.125
262 258 0.125
257 261 0.125
258 261 0.125
259 261 0.125
260 261 0.125
262 261 0.125
263 261 0.125
264 261 0.125
265 261 0.125
260 329 0.142857
325 329 0.142857
327 329 0.142857
330 329 0.142857
331 329 0.142857
332 329 0.142857
333 329 0.142857
261 265 0.142857
263 265 0.142857
264 265 0.142857
266 265 0.142857
267 265 0.142857
268 265 0.142857
269 265 0.142857
262 266 0.125
263 266 0.125
264 266 0.125
265 266 0.125
267 266 0.125
268 266 0.125
269 266 0.125
270 266 0.125
264 268 0.125
265 268 0.125
266 268 0.125
267 268 0.125
269 268 0.125
270 268 0.125
271 268 0.125
272 268 0.125
265 269 0.142857
266 269 0.142857
268 269 0.142857
270 269 0.142857
271 269 0.142857
272 269 0.142857
273 269 0.142857
266 270 0.125
267 270 0.125
268 270 0.125
269 270 0.125
271 270 0.125
273 270 0.125
274 270 0.125
276 270 0.125
267 271 0.125
268 271 0.125
269 271 0.125
270 271 0.125
273 271 0.125
274 271 0.125
301 271 0.125
282 271 0.125
270 274 0.142857
271 274 0.142857
272 274 0.142857
275 274 0.142857
276 274 0.142857
277 274 0.142857
278 274 0.142857
272 275 0.142857
273 275 0.142857
274 275 0.142857
276 275 0.142857
277 275 0.142857
278 275 0.142857
279 275 0.142857
273 277 0.125
274 277 0.125
275 277 0.125
276 277 0.125
278 277 0.125
279 277 0.125
280 277 0.125
281 277 0.125
274 278 0.125
275 278 0.125
276 278 0.125
277 278 0.125
279 278 0.125
281 278 0.125
282 278 0.125
340 278 0.125
275 279 0.142857
277 279 0.142857
278 279 0.142857
280 279 0.142857
281 279 0.142857
282 279 0.142857
283 279 0.142857
276 280 0.142857
277 280 0.142857
279 280 0.142857
281 280 0.142857
282 280 0.142857
283 280 0.142857
284 280 0.142857
277 281 0.125
278 281 0.125
279 281 0.125
280 281 0.125
282 281 0.125
283 281 0.125
285 281 0.125
334 281 0.125
278 340 0.125
336 340 0.125
337 340 0.125
339 340 0.125
341 340 0.125
342 340 0.125
343 340 0.125
344 340 0.125
280 284 0.142857
282 284 0.142857
283 284 0.142857
285 284 0.142857
286 284 0.142857
287 284 0.142857
288 284 0.142857
281 285 0.166667
284 285 0.166667
286 285 0.166667
287 285 0.166667
288 285 0.166667
289 285 0.166667
283 287 0.125
284 287 0.125
285 287 0.125
286 287 0.125
288 287 0.125
289 287 0.125
290 287 0.125
291 287 0.125
286 290 0.125
287 290 0.125
288 290 0.125
289 290 0.125
291 290 0.125
292 290 0.125
293 290 0.125
294 290 0.125
290 292 0.2
293 292 0.2
294 292 0.2
295 292 0.2
296 292 0.2
295 298 0.142857
296 298 0.142857
297 298 0.142857
299 298 0.142857
300 298 0.142857
301 298 0.142857
302 298 0.142857
295 299 0.125
296 299 0.125
297 299 0.125
298 299 0.125
300 299 0.125
301 299 0.125
302 299 0.125
303 299 0.125
296 300 0.111111
297 300 0.111111
298 300 0.111111
299 300 0.111111
301 300 0.111111
302 300 0.111111
303 300 0.111111
304 300 0.111111
306 300 0.111111
298 302 0.125
299 302 0.125
300 302 0.125
301 302 0.125
303 302 0.125
304 302 0.125
305 302 0.125
306 302 0.125
299 303 0.125
300 303 0.125
301 303 0.125
302 303 0.125
304 303 0.125
305 303 0.125
306 303 0.125
307 303 0.125
300 306 0.125
302 306 0.125
303 306 0.125
304 306 0.125
305 306 0.125
307 306 0.125
309 306 0.125
310 306 0.125
304 308 0.166667
307 308 0.166667
309 308 0.166667
310 308 0.166667
311 308 0.166667
312 308 0.166667
307 311 0.142857
308 311 0.142857
309 311 0.142857
312 311 0.142857
313 311 0.142857
314 311 0.142857
315 311 0.142857
310 313 0.142857
311 313 0.142857
312 313 0.142857
314 313 0.142857
315 313 0.142857
316 313 0.142857
317 313 0.142857
310 314 0.125
311 314 0.125
312 314 0.125
313 314 0.125
315 314 0.125
316 314 0.125
317 314 0.125
318 314 0.125
313 317 0.166667
314 317 0.166667
318 317 0.166667
319 317 0.166667
320 317 0.166667
321 317 0.166667
314 318 0.125
315 318 0.125
316 318 0.125
317 318 0.125
319 318 0.125
320 318 0.125
321 318 0.125
322 318 0.125
315 319 0.125
316 319 0.125
317 319 0.125
318 319 0.125
320 319 0.125
321 319 0.125
322 319 0.125
323 319 0.125
317 321 0.125
318 321 0.125
319 321 0.125
320 321 0.125
322 321 0.125
323 321 0.125
324 321 0.125
325 321 0.125
318 322 0.125
319 322 0.125
320 322 0.125
321 322 0.125
323 322 0.125
324 322 0.125
325 322 0.125
326 322 0.125
321 325 0.142857
322 325 0.142857
323 325 0.142857
326 325 0.142857
327 325 0.142857
328 325 0.142857
329 325 0.142857
324 327 0.142857
325 327 0.142857
326 327 0.142857
328 327 0.142857
329 327 0.142857
330 327 0.142857
331 327 0.142857
327 331 0.125
328 331 0.125
329 331 0.125
330 331 0.125
332 331 0.125
333 331 0.125
334 331 0.125
335 331 0.125
328 332 0.125
329 332 0.125
330 332 0.125
331 332 0.125
333 332 0.125
334 332 0.125
335 332 0.125
336 332 0.125
332 336 0.125
333 336 0.125
334 336 0.125
335 336 0.125
337 336 0.125
338 336 0.125
339 336 0.125
340 336 0.125
333 337 0.142857
335 337 0.142857
336 337 0.142857
338 337 0.142857
339 337 0.142857
340 337 0.142857
341 337 0.142857
335 339 0.125
336 339 0.125
337 339 0.125
338 339 0.125
340 339 0.125
341 339 0.125
342 339 0.125
343 339 0.125
337 341 0.142857
339 341 0.142857
340 341 0.142857
342 341 0.142857
343 341 0.142857
344 341 0.142857
345 341 0.142857
1 0 0.142857
346 0 0.142857
2 0 0.142857
345 0 0.142857
3 0 0.142857
4 0 0.142857
343 0 0.142857
