0 1 0.125
2 1 0.125
3 1 0.125
187 1 0.125
4 1 0.125
186 1 0.125
5 1 0.125
185 1 0.125
0 187 0.125
1 187 0.125
2 187 0.125
3 187 0.125
183 187 0.125
184 187 0.125
185 187 0.125
186 187 0.125
0 2 0.125
1 2 0.125
3 2 0.125
4 2 0.125
5 2 0.125
187 2 0.125
6 2 0.125
114 2 0.125
0 186 0.111111
1 186 0.111111
100 186 0.111111
102 186 0.111111
182 186 0.111111
183 186 0.111111
184 186 0.111111
185 186 0.111111
187 186 0.111111
0 3 0.125
1 3 0.125
2 3 0.125
4 3 0.125
6 3 0.125
7 3 0.125
187 3 0.125
94 3 0.125
0 185 0.142857
1 185 0.142857
181 185 0.142857
182 185 0.142857
184 185 0.142857
186 185 0.142857
187 185 0.142857
0 4 0.125
1 4 0.125
2 4 0.125
3 4 0.125
5 4 0.125
6 4 0.125
7 4 0.125
8 4 0.125
0 184 0.111111
139 184 0.111111
180 184 0.111111
181 184 0.111111
182 184 0.111111
183 184 0.111111
185 184 0.111111
186 184 0.111111
187 184 0.111111
1 5 0.142857
2 5 0.142857
4 5 0.142857
6 5 0.142857
7 5 0.142857
8 5 0.142857
146 5 0.142857
2 6 0.125
3 6 0.125
4 6 0.125
5 6 0.125
7 6 0.125
8 6 0.125
9 6 0.125
10 6 0.125
2 114 0.1
110 114 0.1
111 114 0.1
112 114 0.1
113 114 0.1
116 114 0.1
117 114 0.1
118 114 0.1
177 114 0.1
156 114 0.1
3 7 0.125
4 7 0.125
5 7 0.125
6 7 0.125
8 7 0.125
10 7 0.125
11 7 0.125
68 7 0.125
3 94 0.111111
60 94 0.111111
90 94 0.111111
92 94 0.111111
93 94 0.111111
95 94 0.111111
96 94 0.111111
97 94 0.111111
98 94 0.111111
4 8 0.125
5 8 0.125
6 8 0.125
7 8 0.125
9 8 0.125
10 8 0.125
11 8 0.125
12 8 0.125
5 146 0.111111
142 146 0.111111
143 146 0.111111
144 146 0.111111
145 146 0.111111
147 146 0.111111
148 146 0.111111
149 146 0.111111
150 146 0.111111
6 9 0.166667
8 9 0.166667
10 9 0.166667
11 9 0.166667
12 9 0.166667
13 9 0.166667
6 10 0.125
7 10 0.125
8 10 0.125
9 10 0.125
11 10 0.125
13 10 0.125
14 10 0.125
84 10 0.125
7 11 0.111111
8 11 0.111111
9 11 0.111111
10 11 0.111111
12 11 0.111111
14 11 0.111111
169 11 0.111111
108 11 0.111111
75 11 0.111111
7 68 0.111111
64 68 0.111111
65 68 0.111111
66 68 0.111111
67 68 0.111111
69 68 0.111111
70 68 0.111111
71 68 0.111111
72 68 0.111111
8 12 0.142857
9 12 0.142857
11 12 0.142857
13 12 0.142857
14 12 0.142857
15 12 0.142857
16 12 0.142857
9 13 0.125
10 13 0.125
12 13 0.125
14 13 0.125
15 13 0.125
16 13 0.125
142 13 0.125
98 13 0.125
10 14 0.125
11 14 0.125
12 14 0.125
13 14 0.125
15 14 0.125
16 14 0.125
18 14 0.125
41 14 0.125
10 84 0.111111
80 84 0.111111
81 84 0.111111
82 84 0.111111
83 84 0.111111
85 84 0.111111
87 84 0.111111
88 84 0.111111
109 84 0.111111
11 169 0.111111
50 169 0.111111
165 169 0.111111
166 169 0.111111
167 169 0.111111
168 169 0.111111
170 169 0.111111
171 169 0.111111
173 169 0.111111
11 108 0.1
46 108 0.1
104 108 0.1
105 108 0.1
106 108 0.1
107 108 0.1
109 108 0.1
110 108 0.1
112 108 0.1
181 108 0.1
11 75 0.111111
71 75 0.111111
72 75 0.111111
73 75 0.111111
74 75 0.111111
76 75 0.111111
78 75 0.111111
79 75 0.111111
174 75 0.111111
12 15 0.142857
13 15 0.142857
14 15 0.142857
17 15 0.142857
18 15 0.142857
19 15 0.142857
29 15 0.142857
12 16 0.125
13 16 0.125
14 16 0.125
17 16 0.125
18 16 0.125
19 16 0.125
20 16 0.125
91 16 0.125
13 142 0.125
138 142 0.125
139 142 0.125
140 142 0.125
141 142 0.125
143 142 0.125
144 142 0.125
146 142 0.125
13 98 0.111111
94 98 0.111111
95 98 0.111111
96 98 0.111111
97 98 0.111111
99 98 0.111111
100 98 0.111111
101 98 0.111111
102 98 0.111111
14 18 0.142857
15 18 0.142857
16 18 0.142857
19 18 0.142857
20 18 0.142857
21 18 0.142857
22 18 0.142857
14 41 0.1
31 41 0.1
38 41 0.1
39 41 0.1
42 41 0.1
43 41 0.1
44 41 0.1
45 41 0.1
125 41 0.1
128 41 0.1
15 17 0.166667
16 17 0.166667
19 17 0.166667
21 17 0.166667
133 17 0.166667
153 17 0.166667
15 19 0.125
16 19 0.125
17 19 0.125
18 19 0.125
20 19 0.125
22 19 0.125
103 19 0.125
123 19 0.125
15 29 0.1
25 29 0.1
26 29 0.1
27 29 0.1
28 29 0.1
30 29 0.1
33 29 0.1
121 29 0.1
56 29 0.1
49 29 0.1
16 20 0.142857
18 20 0.142857
19 20 0.142857
21 20 0.142857
23 20 0.142857
24 20 0.142857
80 20 0.142857
16 91 0.111111
45 91 0.111111
87 91 0.111111
89 91 0.111111
90 91 0.111111
92 91 0.111111
93 91 0.111111
180 91 0.111111
150 91 0.111111
17 21 0.125
18 21 0.125
20 21 0.125
22 21 0.125
23 21 0.125
24 21 0.125
25 21 0.125
44 21 0.125
17 133 0.125
129 133 0.125
130 133 0.125
131 133 0.125
134 133 0.125
135 133 0.125
136 133 0.125
137 133 0.125
17 153 0.111111
149 153 0.111111
150 153 0.111111
151 153 0.111111
152 153 0.111111
154 153 0.111111
155 153 0.111111
156 153 0.111111
157 153 0.111111
18 22 0.142857
19 22 0.142857
21 22 0.142857
23 22 0.142857
24 22 0.142857
25 22 0.142857
26 22 0.142857
19 103 0.1
99 103 0.1
100 103 0.1
101 103 0.1
102 103 0.1
104 103 0.1
105 103 0.1
106 103 0.1
107 103 0.1
129 103 0.1
19 123 0.125
119 123 0.125
120 123 0.125
122 123 0.125
124 123 0.125
125 123 0.125
126 123 0.125
127 123 0.125
20 23 0.142857
21 23 0.142857
22 23 0.142857
24 23 0.142857
25 23 0.142857
26 23 0.142857
27 23 0.142857
20 24 0.125
21 24 0.125
22 24 0.125
23 24 0.125
25 24 0.125
26 24 0.125
28 24 0.125
171 24 0.125
20 80 0.111111
40 80 0.111111
76 80 0.111111
77 80 0.111111
78 80 0.111111
79 80 0.111111
81 80 0.111111
83 80 0.111111
84 80 0.111111
21 25 0.125
22 25 0.125
23 25 0.125
24 25 0.125
26 25 0.125
27 25 0.125
29 25 0.125
59 25 0.125
21 44 0.125
40 44 0.125
41 44 0.125
42 44 0.125
43 44 0.125
46 44 0.125
47 44 0.125
48 44 0.125
22 26 0.125
23 26 0.125
24 26 0.125
25 26 0.125
27 26 0.125
28 26 0.125
29 26 0.125
30 26 0.125
23 27 0.142857
25 27 0.142857
26 27 0.142857
28 27 0.142857
29 27 0.142857
30 27 0.142857
31 27 0.142857
24 28 0.142857
26 28 0.142857
27 28 0.142857
29 28 0.142857
30 28 0.142857
31 28 0.142857
32 28 0.142857
24 171 0.1
50 171 0.1
71 171 0.1
102 171 0.1
165 171 0.1
167 171 0.1
168 171 0.1
169 171 0.1
170 171 0.1
174 171 0.1
25 59 0.1
55 59 0.1
56 59 0.1
57 59 0.1
58 59 0.1
60 59 0.1
61 59 0.1
62 59 0.1
63 59 0.1
175 59 0.1
26 30 0.111111
27 30 0.111111
28 30 0.111111
29 30 0.111111
31 30 0.111111
32 30 0.111111
33 30 0.111111
34 30 0.111111
143 30 0.111111
27 31 0.142857
28 31 0.142857
30 31 0.142857
33 31 0.142857
34 31 0.142857
35 31 0.142857
41 31 0.142857
28 32 0.166667
30 32 0.166667
33 32 0.166667
34 32 0.166667
36 32 0.166667
40 32 0.166667
29 33 0.125
30 33 0.125
31 33 0.125
32 33 0.125
34 33 0.125
35 33 0.125
36 33 0.125
37 33 0.125
29 121 0.1
63 121 0.1
88 121 0.1
117 121 0.1
118 121 0.1
119 121 0.1
120 121 0.1
122 121 0.1
124 121 0.1
125 121 0.1
29 56 0.142857
53 56 0.142857
55 56 0.142857
57 56 0.142857
58 56 0.142857
59 56 0.142857
60 56 0.142857
29 49 0.142857
47 49 0.142857
48 49 0.142857
50 49 0.142857
51 49 0.142857
52 49 0.142857
71 49 0.142857
30 34 0.111111
31 34 0.111111
32 34 0.111111
33 34 0.111111
35 34 0.111111
36 34 0.111111
37 34 0.111111
38 34 0.111111
183 34 0.111111
30 143 0.142857
140 143 0.142857
141 143 0.142857
142 143 0.142857
144 143 0.142857
145 143 0.142857
146 143 0.142857
31 35 0.142857
33 35 0.142857
34 35 0.142857
36 35 0.142857
37 35 0.142857
38 35 0.142857
39 35 0.142857
32 36 0.111111
33 36 0.111111
34 36 0.111111
35 36 0.111111
37 36 0.111111
38 36 0.111111
39 36 0.111111
40 36 0.111111
136 36 0.111111
32 40 0.083333
36 40 0.083333
37 40 0.083333
38 40 0.083333
39 40 0.083333
42 40 0.083333
43 40 0.083333
44 40 0.083333
126 40 0.083333
80 40 0.083333
155 40 0.083333
151 40 0.083333
33 37 0.125
34 37 0.125
35 37 0.125
36 37 0.125
38 37 0.125
39 37 0.125
40 37 0.125
144 37 0.125
34 38 0.125
35 38 0.125
36 38 0.125
37 38 0.125
39 38 0.125
40 38 0.125
41 38 0.125
42 38 0.125
34 183 0.142857
179 183 0.142857
180 183 0.142857
182 183 0.142857
184 183 0.142857
186 183 0.142857
187 183 0.142857
35 39 0.125
36 39 0.125
37 39 0.125
38 39 0.125
40 39 0.125
41 39 0.125
42 39 0.125
43 39 0.125
36 136 0.142857
133 136 0.142857
134 136 0.142857
135 136 0.142857
137 136 0.142857
139 136 0.142857
140 136 0.142857
37 144 0.111111
140 144 0.111111
141 144 0.111111
142 144 0.111111
143 144 0.111111
145 144 0.111111
146 144 0.111111
147 144 0.111111
148 144 0.111111
38 42 0.125
39 42 0.125
40 42 0.125
41 42 0.125
43 42 0.125
44 42 0.125
45 42 0.125
46 42 0.125
39 43 0.125
40 43 0.125
41 43 0.125
42 43 0.125
44 43 0.125
45 43 0.125
46 43 0.125
47 43 0.125
40 126 0.111111
122 126 0.111111
123 126 0.111111
124 126 0.111111
125 126 0.111111
127 126 0.111111
128 126 0.111111
129 126 0.111111
130 126 0.111111
40 155 0.142857
152 155 0.142857
153 155 0.142857
154 155 0.142857
156 155 0.142857
158 155 0.142857
159 155 0.142857
40 151 0.125
147 151 0.125
148 151 0.125
149 151 0.125
150 151 0.125
152 151 0.125
153 151 0.125
154 151 0.125
41 45 0.125
42 45 0.125
43 45 0.125
46 45 0.125
47 45 0.125
48 45 0.125
131 45 0.125
91 45 0.125
41 125 0.142857
121 125 0.142857
123 125 0.142857
124 125 0.142857
126 125 0.142857
128 125 0.142857
129 125 0.142857
41 128 0.111111
50 128 0.111111
124 128 0.111111
125 128 0.111111
126 128 0.111111
127 128 0.111111
129 128 0.111111
130 128 0.111111
132 128 0.111111
42 46 0.111111
43 46 0.111111
44 46 0.111111
45 46 0.111111
47 46 0.111111
48 46 0.111111
50 46 0.111111
181 46 0.111111
108 46 0.111111
43 47 0.125
44 47 0.125
45 47 0.125
46 47 0.125
48 47 0.125
49 47 0.125
50 47 0.125
51 47 0.125
44 48 0.125
45 48 0.125
46 48 0.125
47 48 0.125
49 48 0.125
50 48 0.125
51 48 0.125
60 48 0.125
45 131 0.142857
127 131 0.142857
129 131 0.142857
130 131 0.142857
132 131 0.142857
133 131 0.142857
135 131 0.142857
46 50 0.1
47 50 0.1
48 50 0.1
49 50 0.1
51 50 0.1
52 50 0.1
53 50 0.1
169 50 0.1
128 50 0.1
171 50 0.1
46 181 0.142857
108 181 0.142857
177 181 0.142857
178 181 0.142857
179 181 0.142857
184 181 0.142857
185 181 0.142857
47 51 0.111111
48 51 0.111111
49 51 0.111111
50 51 0.111111
52 51 0.111111
53 51 0.111111
54 51 0.111111
55 51 0.111111
83 51 0.111111
48 60 0.111111
56 60 0.111111
57 60 0.111111
58 60 0.111111
59 60 0.111111
61 60 0.111111
63 60 0.111111
64 60 0.111111
94 60 0.111111
49 52 0.125
50 52 0.125
51 52 0.125
53 52 0.125
54 52 0.125
88 52 0.125
139 52 0.125
178 52 0.125
49 71 0.1
67 71 0.1
68 71 0.1
69 71 0.1
70 71 0.1
72 71 0.1
73 71 0.1
75 71 0.1
110 71 0.1
171 71 0.1
50 53 0.142857
51 53 0.142857
52 53 0.142857
54 53 0.142857
55 53 0.142857
56 53 0.142857
57 53 0.142857
51 54 0.111111
52 54 0.111111
53 54 0.111111
55 54 0.111111
57 54 0.111111
58 54 0.111111
105 54 0.111111
99 54 0.111111
167 54 0.111111
51 55 0.142857
53 55 0.142857
54 55 0.142857
56 55 0.142857
57 55 0.142857
58 55 0.142857
59 55 0.142857
51 83 0.125
80 83 0.125
81 83 0.125
82 83 0.125
84 83 0.125
85 83 0.125
87 83 0.125
132 83 0.125
52 88 0.111111
84 88 0.111111
85 88 0.111111
86 88 0.111111
87 88 0.111111
89 88 0.111111
92 88 0.111111
121 88 0.111111
166 88 0.111111
52 139 0.1
74 139 0.1
107 139 0.1
135 139 0.1
136 139 0.1
137 139 0.1
138 139 0.1
140 139 0.1
142 139 0.1
184 139 0.1
52 178 0.142857
174 178 0.142857
176 178 0.142857
179 178 0.142857
180 178 0.142857
181 178 0.142857
182 178 0.142857
53 57 0.125
54 57 0.125
55 57 0.125
56 57 0.125
58 57 0.125
59 57 0.125
60 57 0.125
61 57 0.125
54 58 0.125
55 58 0.125
56 58 0.125
57 58 0.125
59 58 0.125
60 58 0.125
61 58 0.125
62 58 0.125
54 105 0.125
101 105 0.125
103 105 0.125
104 105 0.125
106 105 0.125
107 105 0.125
108 105 0.125
109 105 0.125
54 99 0.125
95 99 0.125
96 99 0.125
97 99 0.125
98 99 0.125
100 99 0.125
101 99 0.125
103 99 0.125
54 167 0.125
92 167 0.125
163 167 0.125
164 167 0.125
165 167 0.125
166 167 0.125
169 167 0.125
171 167 0.125
57 61 0.125
58 61 0.125
59 61 0.125
60 61 0.125
62 61 0.125
63 61 0.125
64 61 0.125
65 61 0.125
58 62 0.142857
59 62 0.142857
61 62 0.142857
63 62 0.142857
64 62 0.142857
65 62 0.142857
66 62 0.142857
59 63 0.125
60 63 0.125
61 63 0.125
62 63 0.125
64 63 0.125
65 63 0.125
66 63 0.125
121 63 0.125
59 175 0.142857
172 175 0.142857
173 175 0.142857
174 175 0.142857
176 175 0.142857
177 175 0.142857
179 175 0.142857
60 64 0.125
61 64 0.125
62 64 0.125
63 64 0.125
65 64 0.125
66 64 0.125
67 64 0.125
68 64 0.125
61 65 0.125
62 65 0.125
63 65 0.125
64 65 0.125
66 65 0.125
67 65 0.125
68 65 0.125
69 65 0.125
62 66 0.125
63 66 0.125
64 66 0.125
65 66 0.125
67 66 0.125
68 66 0.125
69 66 0.125
70 66 0.125
64 67 0.142857
65 67 0.142857
66 67 0.142857
68 67 0.142857
69 67 0.142857
70 67 0.142857
71 67 0.142857
65 69 0.111111
66 69 0.111111
67 69 0.111111
68 69 0.111111
70 69 0.111111
71 69 0.111111
72 69 0.111111
73 69 0.111111
157 69 0.111111
66 70 0.111111
67 70 0.111111
68 70 0.111111
69 70 0.111111
71 70 0.111111
72 70 0.111111
73 70 0.111111
74 70 0.111111
101 70 0.111111
68 72 0.125
69 72 0.125
70 72 0.125
71 72 0.125
73 72 0.125
74 72 0.125
75 72 0.125
76 72 0.125
69 73 0.111111
70 73 0.111111
71 73 0.111111
72 73 0.111111
74 73 0.111111
75 73 0.111111
77 73 0.111111
170 73 0.111111
166 73 0.111111
69 157 0.142857
153 157 0.142857
154 157 0.142857
156 157 0.142857
158 157 0.142857
160 157 0.142857
161 157 0.142857
70 74 0.125
72 74 0.125
73 74 0.125
75 74 0.125
76 74 0.125
77 74 0.125
78 74 0.125
139 74 0.125
70 101 0.125
97 101 0.125
98 101 0.125
99 101 0.125
100 101 0.125
103 101 0.125
104 101 0.125
105 101 0.125
71 110 0.142857
106 110 0.142857
108 110 0.142857
109 110 0.142857
111 110 0.142857
113 110 0.142857
114 110 0.142857
72 76 0.125
74 76 0.125
75 76 0.125
77 76 0.125
78 76 0.125
79 76 0.125
80 76 0.125
102 76 0.125
73 77 0.142857
74 77 0.142857
76 77 0.142857
78 77 0.142857
79 77 0.142857
80 77 0.142857
81 77 0.142857
73 170 0.166667
169 170 0.166667
171 170 0.166667
172 170 0.166667
173 170 0.166667
174 170 0.166667
73 166 0.111111
88 166 0.111111
162 166 0.111111
163 166 0.111111
164 166 0.111111
165 166 0.111111
167 166 0.111111
168 166 0.111111
169 166 0.111111
74 78 0.111111
75 78 0.111111
76 78 0.111111
77 78 0.111111
79 78 0.111111
80 78 0.111111
81 78 0.111111
82 78 0.111111
118 78 0.111111
75 79 0.125
76 79 0.125
77 79 0.125
78 79 0.125
80 79 0.125
81 79 0.125
82 79 0.125
87 79 0.125
75 174 0.111111
170 174 0.111111
171 174 0.111111
172 174 0.111111
173 174 0.111111
175 174 0.111111
176 174 0.111111
177 174 0.111111
178 174 0.111111
76 102 0.142857
98 102 0.142857
103 102 0.142857
104 102 0.142857
106 102 0.142857
171 102 0.142857
186 102 0.142857
77 81 0.125
78 81 0.125
79 81 0.125
80 81 0.125
83 81 0.125
84 81 0.125
85 81 0.125
115 81 0.125
78 82 0.166667
79 82 0.166667
83 82 0.166667
84 82 0.166667
85 82 0.166667
86 82 0.166667
78 118 0.125
114 118 0.125
115 118 0.125
116 118 0.125
117 118 0.125
120 118 0.125
121 118 0.125
122 118 0.125
79 87 0.111111
83 87 0.111111
84 87 0.111111
85 87 0.111111
86 87 0.111111
88 87 0.111111
90 87 0.111111
91 87 0.111111
96 87 0.111111
81 85 0.125
82 85 0.125
83 85 0.125
84 85 0.125
86 85 0.125
87 85 0.125
88 85 0.125
89 85 0.125
81 115 0.125
111 115 0.125
112 115 0.125
113 115 0.125
116 115 0.125
117 115 0.125
118 115 0.125
119 115 0.125
82 86 0.142857
85 86 0.142857
87 86 0.142857
88 86 0.142857
89 86 0.142857
90 86 0.142857
168 86 0.142857
83 132 0.142857
116 132 0.142857
128 132 0.142857
129 132 0.142857
131 132 0.142857
134 132 0.142857
135 132 0.142857
84 109 0.125
105 109 0.125
106 109 0.125
108 109 0.125
110 109 0.125
111 109 0.125
112 109 0.125
113 109 0.125
85 89 0.142857
86 89 0.142857
88 89 0.142857
90 89 0.142857
91 89 0.142857
92 89 0.142857
93 89 0.142857
86 90 0.142857
87 90 0.142857
89 90 0.142857
91 90 0.142857
92 90 0.142857
93 90 0.142857
94 90 0.142857
86 168 0.166667
164 168 0.166667
166 168 0.166667
169 168 0.166667
171 168 0.166667
172 168 0.166667
87 96 0.111111
92 96 0.111111
93 96 0.111111
94 96 0.111111
95 96 0.111111
97 96 0.111111
98 96 0.111111
99 96 0.111111
100 96 0.111111
88 92 0.090909
89 92 0.090909
90 92 0.090909
91 92 0.090909
93 92 0.090909
94 92 0.090909
95 92 0.090909
96 92 0.090909
167 92 0.090909
107 92 0.090909
135 92 0.090909
89 93 0.125
90 93 0.125
91 93 0.125
92 93 0.125
94 93 0.125
95 93 0.125
96 93 0.125
97 93 0.125
91 180 0.125
176 180 0.125
177 180 0.125
178 180 0.125
179 180 0.125
182 180 0.125
183 180 0.125
184 180 0.125
91 150 0.111111
146 150 0.111111
147 150 0.111111
148 150 0.111111
149 150 0.111111
151 150 0.111111
152 150 0.111111
153 150 0.111111
154 150 0.111111
92 95 0.125
93 95 0.125
94 95 0.125
96 95 0.125
97 95 0.125
98 95 0.125
99 95 0.125
122 95 0.125
92 107 0.125
103 107 0.125
104 107 0.125
105 107 0.125
106 107 0.125
108 107 0.125
111 107 0.125
139 107 0.125
92 135 0.111111
131 135 0.111111
132 135 0.111111
133 135 0.111111
134 135 0.111111
136 135 0.111111
137 135 0.111111
139 135 0.111111
160 135 0.111111
93 97 0.125
94 97 0.125
95 97 0.125
96 97 0.125
98 97 0.125
99 97 0.125
100 97 0.125
101 97 0.125
95 122 0.125
118 122 0.125
119 122 0.125
120 122 0.125
121 122 0.125
123 122 0.125
124 122 0.125
126 122 0.125
96 100 0.125
97 100 0.125
98 100 0.125
99 100 0.125
101 100 0.125
103 100 0.125
104 100 0.125
186 100 0.125
100 104 0.125
101 104 0.125
102 104 0.125
103 104 0.125
105 104 0.125
106 104 0.125
107 104 0.125
108 104 0.125
102 106 0.125
103 106 0.125
104 106 0.125
105 106 0.125
107 106 0.125
108 106 0.125
109 106 0.125
110 106 0.125
103 129 0.125
125 129 0.125
126 129 0.125
127 129 0.125
128 129 0.125
131 129 0.125
132 129 0.125
133 129 0.125
107 111 0.142857
109 111 0.142857
110 111 0.142857
112 111 0.142857
113 111 0.142857
114 111 0.142857
115 111 0.142857
108 112 0.142857
109 112 0.142857
111 112 0.142857
113 112 0.142857
114 112 0.142857
115 112 0.142857
116 112 0.142857
109 113 0.125
110 113 0.125
111 113 0.125
112 113 0.125
114 113 0.125
115 113 0.125
116 113 0.125
117 113 0.125
112 116 0.111111
113 116 0.111111
114 116 0.111111
115 116 0.111111
117 116 0.111111
118 116 0.111111
119 116 0.111111
120 116 0.111111
132 116 0.111111
113 117 0.125
114 117 0.125
115 117 0.125
116 117 0.125
118 117 0.125
119 117 0.125
120 117 0.125
121 117 0.125
114 177 0.111111
124 177 0.111111
173 177 0.111111
174 177 0.111111
175 177 0.111111
176 177 0.111111
179 177 0.111111
180 177 0.111111
181 177 0.111111
114 156 0.125
152 156 0.125
153 156 0.125
154 156 0.125
155 156 0.125
157 156 0.125
158 156 0.125
160 156 0.125
115 119 0.142857
116 119 0.142857
117 119 0.142857
120 119 0.142857
121 119 0.142857
122 119 0.142857
123 119 0.142857
116 120 0.125
117 120 0.125
118 120 0.125
119 120 0.125
121 120 0.125
122 120 0.125
123 120 0.125
124 120 0.125
120 124 0.125
121 124 0.125
122 124 0.125
123 124 0.125
125 124 0.125
126 124 0.125
128 124 0.125
177 124 0.125
123 127 0.166667
126 127 0.166667
128 127 0.166667
129 127 0.166667
130 127 0.166667
131 127 0.166667
126 130 0.142857
127 130 0.142857
128 130 0.142857
131 130 0.142857
133 130 0.142857
134 130 0.142857
147 130 0.142857
130 134 0.142857
132 134 0.142857
133 134 0.142857
135 134 0.142857
136 134 0.142857
137 134 0.142857
138 134 0.142857
130 147 0.125
144 147 0.125
145 147 0.125
146 147 0.125
148 147 0.125
149 147 0.125
150 147 0.125
151 147 0.125
133 137 0.125
134 137 0.125
135 137 0.125
136 137 0.125
138 137 0.125
139 137 0.125
140 137 0.125
141 137 0.125
134 138 0.166667
137 138 0.166667
139 138 0.166667
140 138 0.166667
141 138 0.166667
142 138 0.166667
135 160 0.125
156 160 0.125
157 160 0.125
158 160 0.125
159 160 0.125
162 160 0.125
163 160 0.125
164 160 0.125
136 140 0.125
137 140 0.125
138 140 0.125
139 140 0.125
141 140 0.125
142 140 0.125
143 140 0.125
144 140 0.125
137 141 0.142857
138 141 0.142857
140 141 0.142857
142 141 0.142857
143 141 0.142857
144 141 0.142857
145 141 0.142857
141 145 0.142857
143 145 0.142857
144 145 0.142857
146 145 0.142857
147 145 0.142857
148 145 0.142857
149 145 0.142857
144 148 0.125
145 148 0.125
146 148 0.125
147 148 0.125
149 148 0.125
150 148 0.125
151 148 0.125
152 148 0.125
145 149 0.125
146 149 0.125
147 149 0.125
148 149 0.125
150 149 0.125
151 149 0.125
152 149 0.125
153 149 0.125
148 152 0.125
149 152 0.125
150 152 0.125
151 152 0.125
153 152 0.125
154 152 0.125
155 152 0.125
156 152 0.125
150 154 0.125
151 154 0.125
152 154 0.125
153 154 0.125
155 154 0.125
156 154 0.125
157 154 0.125
158 154 0.125
154 158 0.125
155 158 0.125
156 158 0.125
157 158 0.125
159 158 0.125
160 158 0.125
161 158 0.125
162 158 0.125
155 159 0.166667
158 159 0.166667
160 159 0.166667
161 159 0.166667
162 159 0.166667
163 159 0.166667
157 161 0.142857
158 161 0.142857
159 161 0.142857
162 161 0.142857
163 161 0.142857
164 161 0.142857
165 161 0.142857
158 162 0.125
159 162 0.125
160 162 0.125
161 162 0.125
163 162 0.125
164 162 0.125
165 162 0.125
166 162 0.125
159 163 0.125
160 163 0.125
161 163 0.125
162 163 0.125
164 163 0.125
165 163 0.125
166 163 0.125
167 163 0.125
160 164 0.125
161 164 0.125
162 164 0.125
163 164 0.125
165 164 0.125
166 164 0.125
167 164 0.125
168 164 0.125
161 165 0.125
162 165 0.125
163 165 0.125
164 165 0.125
166 165 0.125
167 165 0.125
169 165 0.125
171 165 0.125
168 172 0.166667
170 172 0.166667
173 172 0.166667
174 172 0.166667
175 172 0.166667
176 172 0.166667
169 173 0.142857
170 173 0.142857
172 173 0.142857
174 173 0.142857
175 173 0.142857
176 173 0.142857
177 173 0.142857
172 176 0.125
173 176 0.125
174 176 0.125
175 176 0.125
177 176 0.125
178 176 0.125
179 176 0.125
180 176 0.125
175 179 0.125
176 179 0.125
177 179 0.125
178 179 0.125
180 179 0.125
181 179 0.125
182 179 0.125
183 179 0.125
178 182 0.142857
179 182 0.142857
180 182 0.142857
183 182 0.142857
184 182 0.142857
185 182 0.142857
186 182 0.142857
1 0 0.125
187 0 0.125
2 0 0.125
186 0 0.125
3 0 0.125
185 0 0.125
4 0 0.125
184 0 0.125
