0 1 0.142857
2 1 0.142857
3 1 0.142857
132 1 0.142857
4 1 0.142857
5 1 0.142857
130 1 0.142857
0 132 0.125
1 132 0.125
2 132 0.125
3 132 0.125
128 132 0.125
129 132 0.125
130 132 0.125
131 132 0.125
0 2 0.111111
1 2 0.111111
3 2 0.111111
4 2 0.111111
5 2 0.111111
132 2 0.111111
6 2 0.111111
131 2 0.111111
119 2 0.111111
0 131 0.125
2 131 0.125
86 131 0.125
127 131 0.125
128 131 0.125
129 131 0.125
130 131 0.125
132 131 0.125
0 3 0.111111
1 3 0.111111
2 3 0.111111
4 3 0.111111
5 3 0.111111
6 3 0.111111
132 3 0.111111
34 3 0.111111
85 3 0.111111
0 130 0.125
1 130 0.125
126 130 0.125
127 130 0.125
128 130 0.125
129 130 0.125
131 130 0.125
132 130 0.125
0 129 0.111111
39 129 0.111111
125 129 0.111111
126 129 0.111111
127 129 0.111111
128 129 0.111111
130 129 0.111111
131 129 0.111111
132 129 0.111111
0 42 0.125
38 42 0.125
40 42 0.125
41 42 0.125
43 42 0.125
44 42 0.125
45 42 0.125
46 42 0.125
1 4 0.125
2 4 0.125
3 4 0.125
5 4 0.125
6 4 0.125
7 4 0.125
8 4 0.125
29 4 0.125
1 5 0.125
2 5 0.125
3 5 0.125
4 5 0.125
7 5 0.125
8 5 0.125
9 5 0.125
72 5 0.125
2 6 0.142857
3 6 0.142857
4 6 0.142857
7 6 0.142857
8 6 0.142857
9 6 0.142857
10 6 0.142857
2 119 0.142857
115 119 0.142857
116 119 0.142857
117 119 0.142857
120 119 0.142857
121 119 0.142857
122 119 0.142857
3 34 0.111111
30 34 0.111111
31 34 0.111111
32 34 0.111111
33 34 0.111111
36 34 0.111111
37 34 0.111111
38 34 0.111111
97 34 0.111111
3 85 0.1
79 85 0.1
81 85 0.1
82 85 0.1
83 85 0.1
84 85 0.1
86 85 0.1
87 85 0.1
88 85 0.1
89 85 0.1
4 7 0.142857
5 7 0.142857
6 7 0.142857
8 7 0.142857
9 7 0.142857
10 7 0.142857
11 7 0.142857
4 8 0.111111
5 8 0.111111
6 8 0.111111
7 8 0.111111
9 8 0.111111
10 8 0.111111
11 8 0.111111
12 8 0.111111
118 8 0.111111
4 29 0.125
25 29 0.125
26 29 0.125
27 29 0.125
28 29 0.125
30 29 0.125
32 29 0.125
33 29 0.125
5 9 0.125
6 9 0.125
7 9 0.125
8 9 0.125
10 9 0.125
11 9 0.125
12 9 0.125
13 9 0.125
5 72 0.125
69 72 0.125
70 72 0.125
71 72 0.125
74 72 0.125
75 72 0.125
76 72 0.125
91 72 0.125
6 10 0.125
7 10 0.125
8 10 0.125
9 10 0.125
11 10 0.125
12 10 0.125
13 10 0.125
14 10 0.125
7 11 0.111111
8 11 0.111111
9 11 0.111111
10 11 0.111111
12 11 0.111111
13 11 0.111111
14 11 0.111111
15 11 0.111111
108 11 0.111111
8 12 0.111111
9 12 0.111111
10 12 0.111111
11 12 0.111111
13 12 0.111111
15 12 0.111111
16 12 0.111111
70 12 0.111111
73 12 0.111111
8 118 0.142857
96 118 0.142857
115 118 0.142857
116 118 0.142857
117 118 0.142857
120 118 0.142857
121 118 0.142857
9 13 0.111111
10 13 0.111111
11 13 0.111111
12 13 0.111111
14 13 0.111111
15 13 0.111111
17 13 0.111111
108 13 0.111111
84 13 0.111111
10 14 0.111111
11 14 0.111111
13 14 0.111111
15 14 0.111111
16 14 0.111111
17 14 0.111111
18 14 0.111111
79 14 0.111111
99 14 0.111111
11 15 0.111111
12 15 0.111111
13 15 0.111111
14 15 0.111111
16 15 0.111111
17 15 0.111111
18 15 0.111111
19 15 0.111111
47 15 0.111111
11 108 0.1
13 108 0.1
27 108 0.1
52 108 0.1
104 108 0.1
105 108 0.1
106 108 0.1
107 108 0.1
110 108 0.1
112 108 0.1
12 16 0.125
14 16 0.125
15 16 0.125
17 16 0.125
18 16 0.125
19 16 0.125
20 16 0.125
114 16 0.125
12 70 0.111111
66 70 0.111111
67 70 0.111111
68 70 0.111111
69 70 0.111111
71 70 0.111111
72 70 0.111111
74 70 0.111111
86 70 0.111111
12 73 0.166667
69 73 0.166667
71 73 0.166667
74 73 0.166667
75 73 0.166667
77 73 0.166667
13 17 0.125
14 17 0.125
15 17 0.125
16 17 0.125
18 17 0.125
19 17 0.125
20 17 0.125
21 17 0.125
13 84 0.142857
80 84 0.142857
81 84 0.142857
82 84 0.142857
85 84 0.142857
86 84 0.142857
88 84 0.142857
14 18 0.111111
15 18 0.111111
16 18 0.111111
17 18 0.111111
19 18 0.111111
20 18 0.111111
21 18 0.111111
22 18 0.111111
71 18 0.111111
14 79 0.142857
76 79 0.142857
77 79 0.142857
78 79 0.142857
81 79 0.142857
83 79 0.142857
85 79 0.142857
14 99 0.125
95 99 0.125
96 99 0.125
97 99 0.125
98 99 0.125
100 99 0.125
101 99 0.125
103 99 0.125
15 19 0.1
16 19 0.1
17 19 0.1
18 19 0.1
20 19 0.1
21 19 0.1
22 19 0.1
23 19 0.1
26 19 0.1
71 19 0.1
15 47 0.125
43 47 0.125
44 47 0.125
45 47 0.125
46 47 0.125
49 47 0.125
50 47 0.125
51 47 0.125
16 20 0.111111
17 20 0.111111
18 20 0.111111
19 20 0.111111
21 20 0.111111
22 20 0.111111
23 20 0.111111
24 20 0.111111
56 20 0.111111
16 114 0.125
71 114 0.125
110 114 0.125
111 114 0.125
112 114 0.125
113 114 0.125
116 114 0.125
117 114 0.125
17 21 0.125
18 21 0.125
19 21 0.125
20 21 0.125
22 21 0.125
23 21 0.125
24 21 0.125
25 21 0.125
18 22 0.125
19 22 0.125
20 22 0.125
21 22 0.125
24 22 0.125
25 22 0.125
26 22 0.125
68 22 0.125
18 71 0.111111
19 71 0.111111
67 71 0.111111
68 71 0.111111
69 71 0.111111
70 71 0.111111
72 71 0.111111
73 71 0.111111
114 71 0.111111
19 23 0.142857
20 23 0.142857
21 23 0.142857
24 23 0.142857
25 23 0.142857
26 23 0.142857
27 23 0.142857
19 26 0.125
22 26 0.125
23 26 0.125
24 26 0.125
25 26 0.125
28 26 0.125
29 26 0.125
30 26 0.125
20 24 0.111111
21 24 0.111111
22 24 0.111111
23 24 0.111111
25 24 0.111111
26 24 0.111111
27 24 0.111111
28 24 0.111111
122 24 0.111111
20 56 0.111111
44 56 0.111111
52 56 0.111111
53 56 0.111111
54 56 0.111111
55 56 0.111111
58 56 0.111111
59 56 0.111111
60 56 0.111111
21 25 0.125
22 25 0.125
23 25 0.125
24 25 0.125
26 25 0.125
27 25 0.125
28 25 0.125
29 25 0.125
22 68 0.111111
64 68 0.111111
65 68 0.111111
66 68 0.111111
67 68 0.111111
69 68 0.111111
70 68 0.111111
71 68 0.111111
83 68 0.111111
23 27 0.142857
24 27 0.142857
25 27 0.142857
28 27 0.142857
29 27 0.142857
108 27 0.142857
87 27 0.142857
24 28 0.125
25 28 0.125
26 28 0.125
27 28 0.125
29 28 0.125
30 28 0.125
31 28 0.125
32 28 0.125
24 122 0.142857
119 122 0.142857
120 122 0.142857
121 122 0.142857
123 122 0.142857
124 122 0.142857
126 122 0.142857
26 30 0.142857
28 30 0.142857
29 30 0.142857
31 30 0.142857
32 30 0.142857
33 30 0.142857
34 30 0.142857
27 87 0.125
83 87 0.125
85 87 0.125
86 87 0.125
88 87 0.125
89 87 0.125
90 87 0.125
91 87 0.125
28 31 0.166667
30 31 0.166667
32 31 0.166667
33 31 0.166667
34 31 0.166667
35 31 0.166667
28 32 0.1
29 32 0.1
30 32 0.1
31 32 0.1
33 32 0.1
34 32 0.1
35 32 0.1
36 32 0.1
95 32 0.1
101 32 0.1
29 33 0.125
30 33 0.125
31 33 0.125
32 33 0.125
34 33 0.125
36 33 0.125
37 33 0.125
101 33 0.125
31 35 0.142857
32 35 0.142857
36 35 0.142857
37 35 0.142857
38 35 0.142857
39 35 0.142857
64 35 0.142857
32 36 0.125
33 36 0.125
34 36 0.125
35 36 0.125
37 36 0.125
38 36 0.125
39 36 0.125
113 36 0.125
32 95 0.142857
91 95 0.142857
92 95 0.142857
93 95 0.142857
96 95 0.142857
98 95 0.142857
99 95 0.142857
32 101 0.111111
33 101 0.111111
97 101 0.111111
98 101 0.111111
99 101 0.111111
100 101 0.111111
102 101 0.111111
103 101 0.111111
104 101 0.111111
33 37 0.125
34 37 0.125
35 37 0.125
36 37 0.125
38 37 0.125
39 37 0.125
40 37 0.125
41 37 0.125
34 38 0.125
35 38 0.125
36 38 0.125
37 38 0.125
39 38 0.125
40 38 0.125
41 38 0.125
42 38 0.125
34 97 0.142857
93 97 0.142857
94 97 0.142857
96 97 0.142857
99 97 0.142857
100 97 0.142857
101 97 0.142857
35 39 0.125
36 39 0.125
37 39 0.125
38 39 0.125
40 39 0.125
41 39 0.125
43 39 0.125
129 39 0.125
35 64 0.111111
46 64 0.111111
60 64 0.111111
61 64 0.111111
62 64 0.111111
63 64 0.111111
65 64 0.111111
67 64 0.111111
68 64 0.111111
36 113 0.125
109 113 0.125
110 113 0.125
112 113 0.125
114 113 0.125
115 113 0.125
116 113 0.125
117 113 0.125
37 40 0.142857
38 40 0.142857
39 40 0.142857
41 40 0.142857
42 40 0.142857
43 40 0.142857
44 40 0.142857
37 41 0.125
38 41 0.125
39 41 0.125
40 41 0.125
42 41 0.125
43 41 0.125
44 41 0.125
45 41 0.125
39 43 0.125
40 43 0.125
41 43 0.125
42 43 0.125
44 43 0.125
45 43 0.125
46 43 0.125
47 43 0.125
40 44 0.125
41 44 0.125
42 44 0.125
43 44 0.125
45 44 0.125
47 44 0.125
48 44 0.125
56 44 0.125
41 45 0.111111
42 45 0.111111
43 45 0.111111
44 45 0.111111
46 45 0.111111
47 45 0.111111
48 45 0.111111
49 45 0.111111
94 45 0.111111
42 46 0.142857
43 46 0.142857
45 46 0.142857
47 46 0.142857
48 46 0.142857
50 46 0.142857
64 46 0.142857
44 48 0.111111
45 48 0.111111
46 48 0.111111
49 48 0.111111
50 48 0.111111
51 48 0.111111
52 48 0.111111
126 48 0.111111
75 48 0.111111
45 49 0.142857
47 49 0.142857
48 49 0.142857
50 49 0.142857
51 49 0.142857
52 49 0.142857
53 49 0.142857
45 94 0.125
58 94 0.125
90 94 0.125
91 94 0.125
92 94 0.125
93 94 0.125
97 94 0.125
98 94 0.125
46 50 0.111111
47 50 0.111111
48 50 0.111111
49 50 0.111111
51 50 0.111111
52 50 0.111111
53 50 0.111111
54 50 0.111111
111 50 0.111111
47 51 0.125
48 51 0.125
49 51 0.125
50 51 0.125
52 51 0.125
53 51 0.125
54 51 0.125
55 51 0.125
48 52 0.111111
49 52 0.111111
50 52 0.111111
51 52 0.111111
53 52 0.111111
54 52 0.111111
55 52 0.111111
56 52 0.111111
108 52 0.111111
48 126 0.111111
100 126 0.111111
122 126 0.111111
123 126 0.111111
124 126 0.111111
125 126 0.111111
127 126 0.111111
129 126 0.111111
130 126 0.111111
48 75 0.142857
72 75 0.142857
73 75 0.142857
74 75 0.142857
76 75 0.142857
77 75 0.142857
78 75 0.142857
49 53 0.125
50 53 0.125
51 53 0.125
52 53 0.125
54 53 0.125
55 53 0.125
56 53 0.125
57 53 0.125
50 54 0.111111
51 54 0.111111
52 54 0.111111
53 54 0.111111
55 54 0.111111
56 54 0.111111
57 54 0.111111
58 54 0.111111
83 54 0.111111
50 111 0.142857
107 111 0.142857
109 111 0.142857
110 111 0.142857
112 111 0.142857
114 111 0.142857
115 111 0.142857
51 55 0.125
52 55 0.125
53 55 0.125
54 55 0.125
56 55 0.125
57 55 0.125
58 55 0.125
59 55 0.125
53 57 0.142857
54 57 0.142857
55 57 0.142857
58 57 0.142857
59 57 0.142857
60 57 0.142857
61 57 0.142857
54 58 0.111111
55 58 0.111111
56 58 0.111111
57 58 0.111111
59 58 0.111111
60 58 0.111111
61 58 0.111111
62 58 0.111111
94 58 0.111111
54 83 0.111111
68 83 0.111111
79 83 0.111111
80 83 0.111111
81 83 0.111111
82 83 0.111111
85 83 0.111111
86 83 0.111111
87 83 0.111111
55 59 0.125
56 59 0.125
57 59 0.125
58 59 0.125
60 59 0.125
61 59 0.125
62 59 0.125
63 59 0.125
56 60 0.111111
57 60 0.111111
58 60 0.111111
59 60 0.111111
61 60 0.111111
62 60 0.111111
63 60 0.111111
64 60 0.111111
103 60 0.111111
57 61 0.125
58 61 0.125
59 61 0.125
60 61 0.125
62 61 0.125
63 61 0.125
64 61 0.125
65 61 0.125
58 62 0.125
59 62 0.125
60 62 0.125
61 62 0.125
63 62 0.125
64 62 0.125
65 62 0.125
66 62 0.125
59 63 0.125
60 63 0.125
61 63 0.125
62 63 0.125
64 63 0.125
65 63 0.125
66 63 0.125
67 63 0.125
60 103 0.125
99 103 0.125
100 103 0.125
101 103 0.125
102 103 0.125
104 103 0.125
105 103 0.125
106 103 0.125
61 65 0.125
62 65 0.125
63 65 0.125
64 65 0.125
66 65 0.125
67 65 0.125
68 65 0.125
69 65 0.125
62 66 0.142857
63 66 0.142857
65 66 0.142857
67 66 0.142857
68 66 0.142857
69 66 0.142857
70 66 0.142857
63 67 0.125
64 67 0.125
65 67 0.125
66 67 0.125
68 67 0.125
69 67 0.125
70 67 0.125
71 67 0.125
65 69 0.125
66 69 0.125
67 69 0.125
68 69 0.125
70 69 0.125
71 69 0.125
72 69 0.125
73 69 0.125
70 74 0.142857
72 74 0.142857
73 74 0.142857
75 74 0.142857
76 74 0.142857
77 74 0.142857
78 74 0.142857
70 86 0.1
82 86 0.1
83 86 0.1
84 86 0.1
85 86 0.1
87 86 0.1
88 86 0.1
89 86 0.1
90 86 0.1
131 86 0.1
72 76 0.142857
74 76 0.142857
75 76 0.142857
77 76 0.142857
79 76 0.142857
80 76 0.142857
81 76 0.142857
72 91 0.125
87 91 0.125
88 91 0.125
90 91 0.125
92 91 0.125
93 91 0.125
94 91 0.125
95 91 0.125
73 77 0.125
74 77 0.125
75 77 0.125
76 77 0.125
78 77 0.125
79 77 0.125
80 77 0.125
81 77 0.125
74 78 0.142857
75 78 0.142857
77 78 0.142857
79 78 0.142857
80 78 0.142857
81 78 0.142857
82 78 0.142857
76 80 0.142857
77 80 0.142857
78 80 0.142857
81 80 0.142857
82 80 0.142857
83 80 0.142857
84 80 0.142857
76 81 0.111111
77 81 0.111111
78 81 0.111111
79 81 0.111111
80 81 0.111111
82 81 0.111111
83 81 0.111111
84 81 0.111111
85 81 0.111111
78 82 0.142857
80 82 0.142857
81 82 0.142857
83 82 0.142857
84 82 0.142857
85 82 0.142857
86 82 0.142857
84 88 0.125
85 88 0.125
86 88 0.125
87 88 0.125
89 88 0.125
90 88 0.125
91 88 0.125
92 88 0.125
85 89 0.125
86 89 0.125
87 89 0.125
88 89 0.125
90 89 0.125
92 89 0.125
93 89 0.125
123 89 0.125
86 90 0.125
87 90 0.125
88 90 0.125
89 90 0.125
91 90 0.125
92 90 0.125
93 90 0.125
94 90 0.125
88 92 0.125
89 92 0.125
90 92 0.125
91 92 0.125
93 92 0.125
94 92 0.125
95 92 0.125
104 92 0.125
89 93 0.125
90 93 0.125
91 93 0.125
92 93 0.125
94 93 0.125
95 93 0.125
96 93 0.125
97 93 0.125
89 123 0.1
102 123 0.1
104 123 0.1
120 123 0.1
121 123 0.1
122 123 0.1
124 123 0.1
125 123 0.1
126 123 0.1
127 123 0.1
92 104 0.142857
101 104 0.142857
103 104 0.142857
105 104 0.142857
107 104 0.142857
108 104 0.142857
123 104 0.142857
93 96 0.142857
95 96 0.142857
97 96 0.142857
98 96 0.142857
99 96 0.142857
100 96 0.142857
118 96 0.142857
94 98 0.142857
95 98 0.142857
96 98 0.142857
99 98 0.142857
100 98 0.142857
101 98 0.142857
102 98 0.142857
96 100 0.125
97 100 0.125
98 100 0.125
99 100 0.125
101 100 0.125
102 100 0.125
103 100 0.125
126 100 0.125
98 102 0.142857
100 102 0.142857
101 102 0.142857
103 102 0.142857
105 102 0.142857
106 102 0.142857
123 102 0.142857
102 105 0.142857
103 105 0.142857
104 105 0.142857
106 105 0.142857
107 105 0.142857
108 105 0.142857
109 105 0.142857
102 106 0.142857
103 106 0.142857
105 106 0.142857
107 106 0.142857
108 106 0.142857
109 106 0.142857
110 106 0.142857
104 107 0.142857
105 107 0.142857
106 107 0.142857
108 107 0.142857
109 107 0.142857
110 107 0.142857
111 107 0.142857
105 109 0.142857
106 109 0.142857
107 109 0.142857
110 109 0.142857
111 109 0.142857
112 109 0.142857
113 109 0.142857
106 110 0.125
107 110 0.125
108 110 0.125
109 110 0.125
111 110 0.125
112 110 0.125
113 110 0.125
114 110 0.125
108 112 0.125
109 112 0.125
110 112 0.125
111 112 0.125
113 112 0.125
114 112 0.125
115 112 0.125
116 112 0.125
111 115 0.142857
112 115 0.142857
113 115 0.142857
116 115 0.142857
117 115 0.142857
118 115 0.142857
119 115 0.142857
112 116 0.125
113 116 0.125
114 116 0.125
115 116 0.125
117 116 0.125
118 116 0.125
119 116 0.125
120 116 0.125
113 117 0.125
114 117 0.125
115 117 0.125
116 117 0.125
118 117 0.125
119 117 0.125
120 117 0.125
121 117 0.125
116 120 0.125
117 120 0.125
118 120 0.125
119 120 0.125
121 120 0.125
122 120 0.125
123 120 0.125
124 120 0.125
117 121 0.125
118 121 0.125
119 121 0.125
120 121 0.125
122 121 0.125
123 121 0.125
124 121 0.125
125 121 0.125
120 124 0.125
121 124 0.125
122 124 0.125
123 124 0.125
125 124 0.125
126 124 0.125
127 124 0.125
128 124 0.125
121 125 0.142857
123 125 0.142857
124 125 0.142857
126 125 0.142857
127 125 0.142857
128 125 0.142857
129 125 0.142857
123 127 0.125
124 127 0.125
125 127 0.125
126 127 0.125
128 127 0.125
129 127 0.125
130 127 0.125
131 127 0.125
124 128 0.142857
125 128 0.142857
127 128 0.142857
129 128 0.142857
130 128 0.142857
131 128 0.142857
132 128 0.142857
1 0 0.125
132 0 0.125
2 0 0.125
131 0 0.125
3 0 0.125
130 0 0.125
129 0 0.125
42 0 0.125
