0 1 0.125
2 1 0.125
3 1 0.125
182 1 0.125
4 1 0.125
181 1 0.125
5 1 0.125
180 1 0.125
0 182 0.125
1 182 0.125
2 182 0.125
3 182 0.125
178 182 0.125
179 182 0.125
180 182 0.125
181 182 0.125
0 181 0.142857
1 181 0.142857
2 181 0.142857
178 181 0.142857
179 181 0.142857
180 181 0.142857
182 181 0.142857
0 3 0.1
1 3 0.1
2 3 0.1
4 3 0.1
5 3 0.1
6 3 0.1
7 3 0.1
182 3 0.1
144 3 0.1
59 3 0.1
0 180 0.125
1 180 0.125
7 180 0.125
176 180 0.125
177 180 0.125
179 180 0.125
181 180 0.125
182 180 0.125
0 4 0.125
1 4 0.125
2 4 0.125
3 4 0.125
6 4 0.125
7 4 0.125
8 4 0.125
141 4 0.125
0 179 0.125
67 179 0.125
176 179 0.125
177 179 0.125
178 179 0.125
180 179 0.125
181 179 0.125
182 179 0.125
0 27 0.111111
23 27 0.111111
24 27 0.111111
25 27 0.111111
26 27 0.111111
28 27 0.111111
29 27 0.111111
30 27 0.111111
112 27 0.111111
0 100 0.125
48 100 0.125
77 100 0.125
96 100 0.125
97 100 0.125
98 100 0.125
99 100 0.125
104 100 0.125
0 132 0.166667
128 132 0.166667
131 132 0.166667
133 132 0.166667
134 132 0.166667
135 132 0.166667
1 2 0.142857
3 2 0.142857
4 2 0.142857
5 2 0.142857
182 2 0.142857
6 2 0.142857
181 2 0.142857
1 5 0.142857
2 5 0.142857
3 5 0.142857
6 5 0.142857
7 5 0.142857
8 5 0.142857
9 5 0.142857
2 6 0.125
3 6 0.125
4 6 0.125
5 6 0.125
7 6 0.125
8 6 0.125
9 6 0.125
10 6 0.125
3 7 0.125
4 7 0.125
5 7 0.125
6 7 0.125
8 7 0.125
10 7 0.125
11 7 0.125
180 7 0.125
3 144 0.125
140 144 0.125
141 144 0.125
142 144 0.125
143 144 0.125
146 144 0.125
147 144 0.125
148 144 0.125
3 59 0.111111
55 59 0.111111
56 59 0.111111
57 59 0.111111
58 59 0.111111
60 59 0.111111
61 59 0.111111
62 59 0.111111
67 59 0.111111
4 8 0.125
5 8 0.125
6 8 0.125
7 8 0.125
9 8 0.125
10 8 0.125
11 8 0.125
12 8 0.125
4 141 0.111111
137 141 0.111111
138 141 0.111111
139 141 0.111111
140 141 0.111111
142 141 0.111111
143 141 0.111111
144 141 0.111111
145 141 0.111111
5 9 0.142857
6 9 0.142857
8 9 0.142857
10 9 0.142857
11 9 0.142857
12 9 0.142857
13 9 0.142857
6 10 0.111111
7 10 0.111111
8 10 0.111111
9 10 0.111111
11 10 0.111111
12 10 0.111111
13 10 0.111111
14 10 0.111111
174 10 0.111111
7 11 0.111111
8 11 0.111111
9 11 0.111111
10 11 0.111111
12 11 0.111111
13 11 0.111111
14 11 0.111111
15 11 0.111111
30 11 0.111111
8 12 0.125
9 12 0.125
10 12 0.125
11 12 0.125
14 12 0.125
15 12 0.125
16 12 0.125
93 12 0.125
9 13 0.142857
10 13 0.142857
11 13 0.142857
14 13 0.142857
15 13 0.142857
17 13 0.142857
125 13 0.142857
10 14 0.125
11 14 0.125
12 14 0.125
13 14 0.125
15 14 0.125
16 14 0.125
18 14 0.125
104 14 0.125
10 174 0.125
170 174 0.125
171 174 0.125
172 174 0.125
173 174 0.125
175 174 0.125
177 174 0.125
178 174 0.125
11 15 0.125
12 15 0.125
13 15 0.125
14 15 0.125
17 15 0.125
18 15 0.125
19 15 0.125
98 15 0.125
11 30 0.125
26 30 0.125
27 30 0.125
28 30 0.125
29 30 0.125
31 30 0.125
32 30 0.125
34 30 0.125
12 16 0.166667
14 16 0.166667
17 16 0.166667
18 16 0.166667
19 16 0.166667
20 16 0.166667
12 93 0.1
44 93 0.1
89 93 0.1
90 93 0.1
92 93 0.1
94 93 0.1
95 93 0.1
96 93 0.1
97 93 0.1
154 93 0.1
13 17 0.142857
15 17 0.142857
16 17 0.142857
18 17 0.142857
19 17 0.142857
20 17 0.142857
21 17 0.142857
13 125 0.1
91 125 0.1
121 125 0.1
122 125 0.1
123 125 0.1
124 125 0.1
126 125 0.1
127 125 0.1
128 125 0.1
129 125 0.1
14 18 0.125
15 18 0.125
16 18 0.125
17 18 0.125
19 18 0.125
20 18 0.125
21 18 0.125
22 18 0.125
14 104 0.111111
100 104 0.111111
101 104 0.111111
102 104 0.111111
103 104 0.111111
105 104 0.111111
106 104 0.111111
107 104 0.111111
108 104 0.111111
15 19 0.125
16 19 0.125
17 19 0.125
18 19 0.125
20 19 0.125
21 19 0.125
22 19 0.125
23 19 0.125
15 98 0.1
94 98 0.1
95 98 0.1
96 98 0.1
97 98 0.1
99 98 0.1
100 98 0.1
101 98 0.1
102 98 0.1
110 98 0.1
16 20 0.125
17 20 0.125
18 20 0.125
19 20 0.125
21 20 0.125
22 20 0.125
23 20 0.125
24 20 0.125
17 21 0.111111
18 21 0.111111
19 21 0.111111
20 21 0.111111
22 21 0.111111
23 21 0.111111
24 21 0.111111
25 21 0.111111
116 21 0.111111
18 22 0.125
19 22 0.125
20 22 0.125
21 22 0.125
23 22 0.125
24 22 0.125
25 22 0.125
26 22 0.125
19 23 0.125
20 23 0.125
21 23 0.125
22 23 0.125
24 23 0.125
26 23 0.125
27 23 0.125
110 23 0.125
20 24 0.111111
21 24 0.111111
22 24 0.111111
23 24 0.111111
25 24 0.111111
26 24 0.111111
27 24 0.111111
28 24 0.111111
147 24 0.111111
21 25 0.142857
22 25 0.142857
24 25 0.142857
26 25 0.142857
27 25 0.142857
29 25 0.142857
106 25 0.142857
21 116 0.142857
113 116 0.142857
114 116 0.142857
115 116 0.142857
117 116 0.142857
119 116 0.142857
120 116 0.142857
22 26 0.111111
23 26 0.111111
24 26 0.111111
25 26 0.111111
27 26 0.111111
28 26 0.111111
29 26 0.111111
30 26 0.111111
42 26 0.111111
23 110 0.111111
98 110 0.111111
106 110 0.111111
107 110 0.111111
108 110 0.111111
109 110 0.111111
111 110 0.111111
112 110 0.111111
114 110 0.111111
24 28 0.142857
26 28 0.142857
27 28 0.142857
29 28 0.142857
30 28 0.142857
31 28 0.142857
32 28 0.142857
24 147 0.142857
143 147 0.142857
144 147 0.142857
145 147 0.142857
148 147 0.142857
149 147 0.142857
157 147 0.142857
25 29 0.111111
26 29 0.111111
27 29 0.111111
28 29 0.111111
30 29 0.111111
31 29 0.111111
32 29 0.111111
33 29 0.111111
43 29 0.111111
25 106 0.125
97 106 0.125
102 106 0.125
104 106 0.125
105 106 0.125
108 106 0.125
109 106 0.125
110 106 0.125
26 42 0.125
38 42 0.125
39 42 0.125
40 42 0.125
41 42 0.125
44 42 0.125
45 42 0.125
46 42 0.125
27 112 0.090909
41 112 0.090909
83 112 0.090909
108 112 0.090909
109 112 0.090909
110 112 0.090909
111 112 0.090909
113 112 0.090909
114 112 0.090909
115 112 0.090909
178 112 0.090909
28 31 0.142857
29 31 0.142857
30 31 0.142857
32 31 0.142857
33 31 0.142857
35 31 0.142857
172 31 0.142857
28 32 0.125
29 32 0.125
30 32 0.125
31 32 0.125
33 32 0.125
34 32 0.125
36 32 0.125
37 32 0.125
29 33 0.142857
31 33 0.142857
32 33 0.142857
34 33 0.142857
35 33 0.142857
37 33 0.142857
79 33 0.142857
29 43 0.142857
39 43 0.142857
40 43 0.142857
41 43 0.142857
44 43 0.142857
45 43 0.142857
46 43 0.142857
30 34 0.142857
32 34 0.142857
33 34 0.142857
35 34 0.142857
36 34 0.142857
37 34 0.142857
38 34 0.142857
31 35 0.142857
33 35 0.142857
34 35 0.142857
36 35 0.142857
37 35 0.142857
38 35 0.142857
39 35 0.142857
31 172 0.125
168 172 0.125
169 172 0.125
171 172 0.125
173 172 0.125
174 172 0.125
175 172 0.125
176 172 0.125
32 36 0.142857
34 36 0.142857
35 36 0.142857
37 36 0.142857
38 36 0.142857
39 36 0.142857
40 36 0.142857
32 37 0.111111
33 37 0.111111
34 37 0.111111
35 37 0.111111
36 37 0.111111
38 37 0.111111
39 37 0.111111
40 37 0.111111
41 37 0.111111
33 79 0.111111
75 79 0.111111
76 79 0.111111
77 79 0.111111
78 79 0.111111
80 79 0.111111
81 79 0.111111
82 79 0.111111
83 79 0.111111
34 38 0.125
35 38 0.125
36 38 0.125
37 38 0.125
39 38 0.125
40 38 0.125
41 38 0.125
42 38 0.125
35 39 0.125
36 39 0.125
37 39 0.125
38 39 0.125
40 39 0.125
41 39 0.125
42 39 0.125
43 39 0.125
36 40 0.125
37 40 0.125
38 40 0.125
39 40 0.125
41 40 0.125
42 40 0.125
43 40 0.125
44 40 0.125
37 41 0.111111
38 41 0.111111
39 41 0.111111
40 41 0.111111
42 41 0.111111
43 41 0.111111
44 41 0.111111
178 41 0.111111
112 41 0.111111
40 44 0.125
41 44 0.125
42 44 0.125
43 44 0.125
45 44 0.125
46 44 0.125
48 44 0.125
93 44 0.125
41 178 0.125
112 178 0.125
174 178 0.125
175 178 0.125
177 178 0.125
179 178 0.125
181 178 0.125
182 178 0.125
42 45 0.142857
43 45 0.142857
44 45 0.142857
46 45 0.142857
47 45 0.142857
48 45 0.142857
49 45 0.142857
42 46 0.125
43 46 0.125
44 46 0.125
45 46 0.125
47 46 0.125
48 46 0.125
49 46 0.125
50 46 0.125
44 48 0.111111
45 48 0.111111
46 48 0.111111
47 48 0.111111
49 48 0.111111
50 48 0.111111
51 48 0.111111
52 48 0.111111
100 48 0.111111
45 47 0.166667
46 47 0.166667
48 47 0.166667
49 47 0.166667
50 47 0.166667
51 47 0.166667
45 49 0.125
46 49 0.125
47 49 0.125
48 49 0.125
50 49 0.125
51 49 0.125
53 49 0.125
109 49 0.125
46 50 0.125
47 50 0.125
48 50 0.125
49 50 0.125
51 50 0.125
53 50 0.125
54 50 0.125
130 50 0.125
47 51 0.125
48 51 0.125
49 51 0.125
50 51 0.125
52 51 0.125
53 51 0.125
54 51 0.125
55 51 0.125
48 52 0.166667
51 52 0.166667
53 52 0.166667
54 52 0.166667
55 52 0.166667
56 52 0.166667
49 53 0.111111
50 53 0.111111
51 53 0.111111
52 53 0.111111
54 53 0.111111
55 53 0.111111
56 53 0.111111
57 53 0.111111
108 53 0.111111
49 109 0.125
106 109 0.125
107 109 0.125
108 109 0.125
110 109 0.125
111 109 0.125
112 109 0.125
113 109 0.125
50 54 0.1
51 54 0.1
52 54 0.1
53 54 0.1
55 54 0.1
56 54 0.1
57 54 0.1
58 54 0.1
70 54 0.1
163 54 0.1
50 130 0.1
108 130 0.1
126 130 0.1
127 130 0.1
128 130 0.1
129 130 0.1
133 130 0.1
167 130 0.1
173 130 0.1
168 130 0.1
51 55 0.125
52 55 0.125
53 55 0.125
54 55 0.125
56 55 0.125
57 55 0.125
58 55 0.125
59 55 0.125
52 56 0.125
53 56 0.125
54 56 0.125
55 56 0.125
57 56 0.125
58 56 0.125
59 56 0.125
60 56 0.125
53 57 0.125
54 57 0.125
55 57 0.125
56 57 0.125
58 57 0.125
59 57 0.125
60 57 0.125
61 57 0.125
53 108 0.111111
104 108 0.111111
105 108 0.111111
106 108 0.111111
107 108 0.111111
109 108 0.111111
110 108 0.111111
112 108 0.111111
130 108 0.111111
54 58 0.125
55 58 0.125
56 58 0.125
57 58 0.125
59 58 0.125
60 58 0.125
62 58 0.125
77 58 0.125
54 70 0.125
66 70 0.125
67 70 0.125
68 70 0.125
69 70 0.125
71 70 0.125
72 70 0.125
73 70 0.125
54 163 0.125
152 163 0.125
159 163 0.125
160 163 0.125
161 163 0.125
164 163 0.125
165 163 0.125
166 163 0.125
56 60 0.125
57 60 0.125
58 60 0.125
59 60 0.125
62 60 0.125
63 60 0.125
64 60 0.125
89 60 0.125
57 61 0.166667
59 61 0.166667
62 61 0.166667
63 61 0.166667
64 61 0.166667
65 61 0.166667
58 62 0.125
59 62 0.125
60 62 0.125
61 62 0.125
63 62 0.125
64 62 0.125
65 62 0.125
66 62 0.125
58 77 0.090909
73 77 0.090909
74 77 0.090909
75 77 0.090909
76 77 0.090909
78 77 0.090909
79 77 0.090909
80 77 0.090909
100 77 0.090909
114 77 0.090909
117 77 0.090909
59 67 0.125
63 67 0.125
64 67 0.125
65 67 0.125
66 67 0.125
70 67 0.125
71 67 0.125
179 67 0.125
60 63 0.142857
61 63 0.142857
62 63 0.142857
64 63 0.142857
65 63 0.142857
66 63 0.142857
67 63 0.142857
60 64 0.125
61 64 0.125
62 64 0.125
63 64 0.125
65 64 0.125
66 64 0.125
67 64 0.125
68 64 0.125
60 89 0.111111
85 89 0.111111
86 89 0.111111
87 89 0.111111
88 89 0.111111
90 89 0.111111
91 89 0.111111
92 89 0.111111
93 89 0.111111
61 65 0.125
62 65 0.125
63 65 0.125
64 65 0.125
66 65 0.125
67 65 0.125
68 65 0.125
69 65 0.125
62 66 0.111111
63 66 0.111111
64 66 0.111111
65 66 0.111111
67 66 0.111111
68 66 0.111111
69 66 0.111111
70 66 0.111111
135 66 0.111111
64 68 0.125
65 68 0.125
66 68 0.125
69 68 0.125
70 68 0.125
71 68 0.125
72 68 0.125
103 68 0.125
65 69 0.125
66 69 0.125
68 69 0.125
70 69 0.125
71 69 0.125
72 69 0.125
73 69 0.125
162 69 0.125
66 135 0.125
131 135 0.125
132 135 0.125
133 135 0.125
134 135 0.125
136 135 0.125
138 135 0.125
139 135 0.125
67 71 0.125
68 71 0.125
69 71 0.125
70 71 0.125
72 71 0.125
73 71 0.125
74 71 0.125
75 71 0.125
68 72 0.125
69 72 0.125
70 72 0.125
71 72 0.125
73 72 0.125
74 72 0.125
75 72 0.125
76 72 0.125
68 103 0.142857
97 103 0.142857
99 103 0.142857
101 103 0.142857
102 103 0.142857
104 103 0.142857
107 103 0.142857
69 73 0.125
70 73 0.125
71 73 0.125
72 73 0.125
74 73 0.125
75 73 0.125
76 73 0.125
77 73 0.125
69 162 0.111111
145 162 0.111111
158 162 0.111111
159 162 0.111111
160 162 0.111111
161 162 0.111111
164 162 0.111111
165 162 0.111111
166 162 0.111111
71 74 0.142857
72 74 0.142857
73 74 0.142857
75 74 0.142857
76 74 0.142857
77 74 0.142857
78 74 0.142857
71 75 0.125
72 75 0.125
73 75 0.125
74 75 0.125
76 75 0.125
77 75 0.125
78 75 0.125
79 75 0.125
72 76 0.125
73 76 0.125
74 76 0.125
75 76 0.125
77 76 0.125
78 76 0.125
79 76 0.125
80 76 0.125
74 78 0.125
75 78 0.125
76 78 0.125
77 78 0.125
79 78 0.125
80 78 0.125
81 78 0.125
169 78 0.125
76 80 0.125
77 80 0.125
78 80 0.125
79 80 0.125
81 80 0.125
82 80 0.125
83 80 0.125
84 80 0.125
77 114 0.125
110 114 0.125
111 114 0.125
112 114 0.125
113 114 0.125
116 114 0.125
117 114 0.125
118 114 0.125
77 117 0.111111
113 117 0.111111
114 117 0.111111
115 117 0.111111
116 117 0.111111
118 117 0.111111
119 117 0.111111
120 117 0.111111
121 117 0.111111
78 81 0.142857
79 81 0.142857
80 81 0.142857
82 81 0.142857
83 81 0.142857
84 81 0.142857
85 81 0.142857
78 169 0.125
165 169 0.125
166 169 0.125
168 169 0.125
170 169 0.125
171 169 0.125
172 169 0.125
173 169 0.125
79 82 0.125
80 82 0.125
81 82 0.125
83 82 0.125
84 82 0.125
85 82 0.125
86 82 0.125
105 82 0.125
79 83 0.111111
80 83 0.111111
81 83 0.111111
82 83 0.111111
84 83 0.111111
86 83 0.111111
87 83 0.111111
112 83 0.111111
120 83 0.111111
80 84 0.125
81 84 0.125
82 84 0.125
83 84 0.125
85 84 0.125
86 84 0.125
87 84 0.125
88 84 0.125
81 85 0.142857
82 85 0.142857
84 85 0.142857
86 85 0.142857
87 85 0.142857
88 85 0.142857
89 85 0.142857
82 86 0.125
83 86 0.125
84 86 0.125
85 86 0.125
87 86 0.125
88 86 0.125
89 86 0.125
90 86 0.125
82 105 0.142857
101 105 0.142857
102 105 0.142857
104 105 0.142857
106 105 0.142857
107 105 0.142857
108 105 0.142857
83 87 0.125
84 87 0.125
85 87 0.125
86 87 0.125
88 87 0.125
89 87 0.125
90 87 0.125
91 87 0.125
83 120 0.125
116 120 0.125
117 120 0.125
118 120 0.125
119 120 0.125
121 120 0.125
123 120 0.125
124 120 0.125
84 88 0.125
85 88 0.125
86 88 0.125
87 88 0.125
89 88 0.125
90 88 0.125
91 88 0.125
92 88 0.125
86 90 0.125
87 90 0.125
88 90 0.125
89 90 0.125
91 90 0.125
92 90 0.125
93 90 0.125
94 90 0.125
87 91 0.125
88 91 0.125
89 91 0.125
90 91 0.125
92 91 0.125
94 91 0.125
95 91 0.125
125 91 0.125
88 92 0.125
89 92 0.125
90 92 0.125
91 92 0.125
93 92 0.125
94 92 0.125
95 92 0.125
96 92 0.125
90 94 0.111111
91 94 0.111111
92 94 0.111111
93 94 0.111111
95 94 0.111111
96 94 0.111111
97 94 0.111111
98 94 0.111111
127 94 0.111111
91 95 0.125
92 95 0.125
93 95 0.125
94 95 0.125
96 95 0.125
97 95 0.125
98 95 0.125
155 95 0.125
92 96 0.111111
93 96 0.111111
94 96 0.111111
95 96 0.111111
97 96 0.111111
98 96 0.111111
100 96 0.111111
142 96 0.111111
128 96 0.111111
93 97 0.083333
94 97 0.083333
95 97 0.083333
96 97 0.083333
98 97 0.083333
99 97 0.083333
100 97 0.083333
101 97 0.083333
106 97 0.083333
146 97 0.083333
167 97 0.083333
103 97 0.083333
93 154 0.125
150 154 0.125
151 154 0.125
152 154 0.125
153 154 0.125
155 154 0.125
157 154 0.125
158 154 0.125
94 127 0.125
123 127 0.125
124 127 0.125
125 127 0.125
126 127 0.125
129 127 0.125
130 127 0.125
131 127 0.125
95 155 0.111111
107 155 0.111111
151 155 0.111111
152 155 0.111111
153 155 0.111111
154 155 0.111111
156 155 0.111111
157 155 0.111111
158 155 0.111111
96 142 0.125
138 142 0.125
139 142 0.125
140 142 0.125
141 142 0.125
144 142 0.125
145 142 0.125
146 142 0.125
96 128 0.142857
125 128 0.142857
126 128 0.142857
129 128 0.142857
130 128 0.142857
131 128 0.142857
132 128 0.142857
97 99 0.166667
98 99 0.166667
100 99 0.166667
101 99 0.166667
102 99 0.166667
103 99 0.166667
97 101 0.142857
98 101 0.142857
99 101 0.142857
102 101 0.142857
103 101 0.142857
104 101 0.142857
105 101 0.142857
97 146 0.111111
142 146 0.111111
143 146 0.111111
144 146 0.111111
145 146 0.111111
148 146 0.111111
149 146 0.111111
150 146 0.111111
161 146 0.111111
97 167 0.125
130 167 0.125
164 167 0.125
165 167 0.125
166 167 0.125
168 167 0.125
170 167 0.125
171 167 0.125
98 102 0.142857
99 102 0.142857
101 102 0.142857
103 102 0.142857
104 102 0.142857
105 102 0.142857
106 102 0.142857
103 107 0.125
104 107 0.125
105 107 0.125
108 107 0.125
109 107 0.125
110 107 0.125
111 107 0.125
155 107 0.125
107 111 0.142857
109 111 0.142857
110 111 0.142857
112 111 0.142857
113 111 0.142857
114 111 0.142857
115 111 0.142857
109 113 0.142857
111 113 0.142857
112 113 0.142857
114 113 0.142857
115 113 0.142857
116 113 0.142857
117 113 0.142857
111 115 0.125
112 115 0.125
113 115 0.125
116 115 0.125
117 115 0.125
118 115 0.125
119 115 0.125
129 115 0.125
114 118 0.142857
115 118 0.142857
117 118 0.142857
119 118 0.142857
120 118 0.142857
121 118 0.142857
122 118 0.142857
115 119 0.125
116 119 0.125
117 119 0.125
118 119 0.125
120 119 0.125
121 119 0.125
122 119 0.125
123 119 0.125
115 129 0.125
125 129 0.125
126 129 0.125
127 129 0.125
128 129 0.125
130 129 0.125
131 129 0.125
133 129 0.125
117 121 0.125
118 121 0.125
119 121 0.125
120 121 0.125
122 121 0.125
123 121 0.125
124 121 0.125
125 121 0.125
118 122 0.142857
119 122 0.142857
121 122 0.142857
124 122 0.142857
125 122 0.142857
126 122 0.142857
157 122 0.142857
119 123 0.142857
120 123 0.142857
121 123 0.142857
124 123 0.142857
125 123 0.142857
126 123 0.142857
127 123 0.142857
120 124 0.111111
121 124 0.111111
122 124 0.111111
123 124 0.111111
125 124 0.111111
126 124 0.111111
127 124 0.111111
165 124 0.111111
138 124 0.111111
122 126 0.125
123 126 0.125
124 126 0.125
125 126 0.125
127 126 0.125
128 126 0.125
129 126 0.125
130 126 0.125
122 157 0.1
147 157 0.1
153 157 0.1
154 157 0.1
155 157 0.1
156 157 0.1
158 157 0.1
159 157 0.1
160 157 0.1
161 157 0.1
124 165 0.125
161 165 0.125
162 165 0.125
163 165 0.125
164 165 0.125
166 165 0.125
167 165 0.125
169 165 0.125
124 138 0.111111
134 138 0.111111
135 138 0.111111
136 138 0.111111
137 138 0.111111
139 138 0.111111
140 138 0.111111
141 138 0.111111
142 138 0.111111
127 131 0.125
128 131 0.125
129 131 0.125
132 131 0.125
133 131 0.125
134 131 0.125
135 131 0.125
177 131 0.125
129 133 0.125
130 133 0.125
131 133 0.125
132 133 0.125
134 133 0.125
135 133 0.125
136 133 0.125
137 133 0.125
130 173 0.111111
169 173 0.111111
170 173 0.111111
171 173 0.111111
172 173 0.111111
174 173 0.111111
175 173 0.111111
176 173 0.111111
177 173 0.111111
130 168 0.142857
164 168 0.142857
166 168 0.142857
167 168 0.142857
169 168 0.142857
171 168 0.142857
172 168 0.142857
131 134 0.142857
132 134 0.142857
133 134 0.142857
135 134 0.142857
136 134 0.142857
137 134 0.142857
138 134 0.142857
131 177 0.125
173 177 0.125
174 177 0.125
175 177 0.125
176 177 0.125
178 177 0.125
179 177 0.125
180 177 0.125
133 136 0.142857
134 136 0.142857
135 136 0.142857
137 136 0.142857
138 136 0.142857
139 136 0.142857
140 136 0.142857
133 137 0.142857
134 137 0.142857
136 137 0.142857
138 137 0.142857
139 137 0.142857
140 137 0.142857
141 137 0.142857
135 139 0.111111
136 139 0.111111
137 139 0.111111
138 139 0.111111
140 139 0.111111
141 139 0.111111
142 139 0.111111
143 139 0.111111
175 139 0.111111
136 140 0.125
137 140 0.125
138 140 0.125
139 140 0.125
141 140 0.125
142 140 0.125
143 140 0.125
144 140 0.125
139 143 0.142857
140 143 0.142857
141 143 0.142857
144 143 0.142857
145 143 0.142857
146 143 0.142857
147 143 0.142857
139 175 0.125
171 175 0.125
172 175 0.125
173 175 0.125
174 175 0.125
176 175 0.125
177 175 0.125
178 175 0.125
141 145 0.142857
142 145 0.142857
143 145 0.142857
146 145 0.142857
147 145 0.142857
148 145 0.142857
162 145 0.142857
144 148 0.125
145 148 0.125
146 148 0.125
147 148 0.125
149 148 0.125
150 148 0.125
151 148 0.125
152 148 0.125
146 149 0.142857
147 149 0.142857
148 149 0.142857
150 149 0.142857
151 149 0.142857
152 149 0.142857
153 149 0.142857
146 150 0.142857
148 150 0.142857
149 150 0.142857
151 150 0.142857
152 150 0.142857
153 150 0.142857
154 150 0.142857
146 161 0.125
157 161 0.125
158 161 0.125
159 161 0.125
160 161 0.125
162 161 0.125
163 161 0.125
165 161 0.125
148 151 0.142857
149 151 0.142857
150 151 0.142857
152 151 0.142857
153 151 0.142857
154 151 0.142857
155 151 0.142857
148 152 0.125
149 152 0.125
150 152 0.125
151 152 0.125
153 152 0.125
154 152 0.125
155 152 0.125
163 152 0.125
149 153 0.125
150 153 0.125
151 153 0.125
152 153 0.125
154 153 0.125
155 153 0.125
156 153 0.125
157 153 0.125
153 156 0.166667
155 156 0.166667
157 156 0.166667
158 156 0.166667
159 156 0.166667
160 156 0.166667
154 158 0.125
155 158 0.125
156 158 0.125
157 158 0.125
159 158 0.125
160 158 0.125
161 158 0.125
162 158 0.125
156 159 0.142857
157 159 0.142857
158 159 0.142857
160 159 0.142857
161 159 0.142857
162 159 0.142857
163 159 0.142857
156 160 0.111111
157 160 0.111111
158 160 0.111111
159 160 0.111111
161 160 0.111111
162 160 0.111111
163 160 0.111111
164 160 0.111111
176 160 0.111111
160 164 0.125
162 164 0.125
163 164 0.125
165 164 0.125
166 164 0.125
167 164 0.125
168 164 0.125
170 164 0.125
160 176 0.142857
172 176 0.142857
173 176 0.142857
175 176 0.142857
177 176 0.142857
179 176 0.142857
180 176 0.142857
162 166 0.125
163 166 0.125
164 166 0.125
165 166 0.125
167 166 0.125
168 166 0.125
169 166 0.125
170 166 0.125
164 170 0.142857
166 170 0.142857
167 170 0.142857
169 170 0.142857
171 170 0.142857
173 170 0.142857
174 170 0.142857
167 171 0.125
168 171 0.125
169 171 0.125
170 171 0.125
172 171 0.125
173 171 0.125
174 171 0.125
175 171 0.125
1 0 0.1
182 0 0.1
181 0 0.1
3 0 0.1
180 0 0.1
4 0 0.1
179 0 0.1
27 0 0.1
100 0 0.1
132 0 0.1
