0 121 0.125
1 121 0.125
2 121 0.125
3 121 0.125
117 121 0.125
118 121 0.125
119 121 0.125
120 121 0.125
0 120 0.111111
1 120 0.111111
2 120 0.111111
16 120 0.111111
116 120 0.111111
117 120 0.111111
118 120 0.111111
119 120 0.111111
121 120 0.111111
0 3 0.111111
1 3 0.111111
2 3 0.111111
4 3 0.111111
5 3 0.111111
6 3 0.111111
7 3 0.111111
121 3 0.111111
20 3 0.111111
0 119 0.111111
1 119 0.111111
12 119 0.111111
115 119 0.111111
116 119 0.111111
117 119 0.111111
118 119 0.111111
120 119 0.111111
121 119 0.111111
0 4 0.111111
1 4 0.111111
2 4 0.111111
3 4 0.111111
5 4 0.111111
6 4 0.111111
7 4 0.111111
8 4 0.111111
38 4 0.111111
0 118 0.111111
49 118 0.111111
114 118 0.111111
115 118 0.111111
116 118 0.111111
117 118 0.111111
119 118 0.111111
120 118 0.111111
121 118 0.111111
0 66 0.125
62 66 0.125
63 66 0.125
64 66 0.125
67 66 0.125
68 66 0.125
69 66 0.125
70 66 0.125
0 75 0.125
71 75 0.125
73 75 0.125
74 75 0.125
76 75 0.125
77 75 0.125
78 75 0.125
79 75 0.125
1 2 0.142857
3 2 0.142857
4 2 0.142857
5 2 0.142857
121 2 0.142857
6 2 0.142857
120 2 0.142857
1 5 0.125
2 5 0.125
3 5 0.125
4 5 0.125
6 5 0.125
7 5 0.125
8 5 0.125
9 5 0.125
2 6 0.125
3 6 0.125
4 6 0.125
5 6 0.125
7 6 0.125
8 6 0.125
9 6 0.125
10 6 0.125
3 7 0.111111
4 7 0.111111
5 7 0.111111
6 7 0.111111
8 7 0.111111
9 7 0.111111
10 7 0.111111
89 7 0.111111
54 7 0.111111
3 20 0.142857
17 20 0.142857
18 20 0.142857
19 20 0.142857
22 20 0.142857
23 20 0.142857
24 20 0.142857
4 8 0.125
5 8 0.125
6 8 0.125
7 8 0.125
9 8 0.125
10 8 0.125
11 8 0.125
12 8 0.125
4 38 0.111111
16 38 0.111111
19 38 0.111111
34 38 0.111111
35 38 0.111111
36 38 0.111111
37 38 0.111111
39 38 0.111111
42 38 0.111111
5 9 0.125
6 9 0.125
7 9 0.125
8 9 0.125
10 9 0.125
12 9 0.125
101 9 0.125
67 9 0.125
6 10 0.125
7 10 0.125
8 10 0.125
9 10 0.125
11 10 0.125
12 10 0.125
13 10 0.125
60 10 0.125
7 89 0.125
85 89 0.125
86 89 0.125
87 89 0.125
88 89 0.125
91 89 0.125
92 89 0.125
93 89 0.125
7 54 0.125
50 54 0.125
51 54 0.125
52 54 0.125
55 54 0.125
57 54 0.125
58 54 0.125
78 54 0.125
8 11 0.166667
10 11 0.166667
12 11 0.166667
13 11 0.166667
14 11 0.166667
15 11 0.166667
8 12 0.111111
9 12 0.111111
10 12 0.111111
11 12 0.111111
13 12 0.111111
14 12 0.111111
15 12 0.111111
59 12 0.111111
119 12 0.111111
9 101 0.090909
55 101 0.090909
85 101 0.090909
97 101 0.090909
98 101 0.090909
99 101 0.090909
100 101 0.090909
102 101 0.090909
103 101 0.090909
104 101 0.090909
105 101 0.090909
9 67 0.125
43 67 0.125
63 67 0.125
64 67 0.125
66 67 0.125
68 67 0.125
69 67 0.125
70 67 0.125
10 13 0.142857
11 13 0.142857
12 13 0.142857
14 13 0.142857
15 13 0.142857
16 13 0.142857
17 13 0.142857
10 60 0.1
56 60 0.1
57 60 0.1
58 60 0.1
59 60 0.1
61 60 0.1
62 60 0.1
63 60 0.1
64 60 0.1
65 60 0.1
11 14 0.125
12 14 0.125
13 14 0.125
15 14 0.125
16 14 0.125
17 14 0.125
18 14 0.125
85 14 0.125
11 15 0.125
12 15 0.125
13 15 0.125
14 15 0.125
16 15 0.125
17 15 0.125
18 15 0.125
19 15 0.125
12 59 0.125
55 59 0.125
56 59 0.125
57 59 0.125
58 59 0.125
60 59 0.125
62 59 0.125
63 59 0.125
13 16 0.125
14 16 0.125
15 16 0.125
17 16 0.125
18 16 0.125
19 16 0.125
38 16 0.125
120 16 0.125
13 17 0.111111
14 17 0.111111
15 17 0.111111
16 17 0.111111
18 17 0.111111
19 17 0.111111
20 17 0.111111
21 17 0.111111
78 17 0.111111
14 18 0.125
15 18 0.125
16 18 0.125
17 18 0.125
19 18 0.125
20 18 0.125
21 18 0.125
22 18 0.125
14 85 0.111111
37 85 0.111111
81 85 0.111111
82 85 0.111111
84 85 0.111111
88 85 0.111111
89 85 0.111111
113 85 0.111111
101 85 0.111111
15 19 0.111111
16 19 0.111111
17 19 0.111111
18 19 0.111111
20 19 0.111111
21 19 0.111111
23 19 0.111111
65 19 0.111111
38 19 0.111111
17 21 0.142857
18 21 0.142857
19 21 0.142857
22 21 0.142857
23 21 0.142857
24 21 0.142857
25 21 0.142857
17 78 0.111111
54 78 0.111111
74 78 0.111111
75 78 0.111111
76 78 0.111111
77 78 0.111111
79 78 0.111111
81 78 0.111111
82 78 0.111111
18 22 0.142857
20 22 0.142857
21 22 0.142857
23 22 0.142857
24 22 0.142857
25 22 0.142857
26 22 0.142857
19 23 0.125
20 23 0.125
21 23 0.125
22 23 0.125
24 23 0.125
25 23 0.125
26 23 0.125
27 23 0.125
19 65 0.125
60 65 0.125
61 65 0.125
62 65 0.125
63 65 0.125
64 65 0.125
68 65 0.125
69 65 0.125
20 24 0.125
21 24 0.125
22 24 0.125
23 24 0.125
25 24 0.125
26 24 0.125
27 24 0.125
28 24 0.125
21 25 0.111111
22 25 0.111111
23 25 0.111111
24 25 0.111111
26 25 0.111111
27 25 0.111111
28 25 0.111111
29 25 0.111111
105 25 0.111111
22 26 0.125
23 26 0.125
24 26 0.125
25 26 0.125
27 26 0.125
28 26 0.125
29 26 0.125
30 26 0.125
23 27 0.125
24 27 0.125
25 27 0.125
26 27 0.125
29 27 0.125
30 27 0.125
31 27 0.125
53 27 0.125
24 28 0.142857
25 28 0.142857
26 28 0.142857
29 28 0.142857
30 28 0.142857
31 28 0.142857
32 28 0.142857
25 29 0.125
26 29 0.125
27 29 0.125
28 29 0.125
30 29 0.125
31 29 0.125
32 29 0.125
33 29 0.125
25 105 0.125
101 105 0.125
102 105 0.125
103 105 0.125
104 105 0.125
106 105 0.125
107 105 0.125
108 105 0.125
26 30 0.125
27 30 0.125
28 30 0.125
29 30 0.125
31 30 0.125
32 30 0.125
33 30 0.125
34 30 0.125
27 31 0.125
28 31 0.125
29 31 0.125
30 31 0.125
32 31 0.125
33 31 0.125
34 31 0.125
35 31 0.125
27 53 0.142857
50 53 0.142857
52 53 0.142857
55 53 0.142857
56 53 0.142857
57 53 0.142857
58 53 0.142857
28 32 0.111111
29 32 0.111111
30 32 0.111111
31 32 0.111111
33 32 0.111111
34 32 0.111111
35 32 0.111111
36 32 0.111111
71 32 0.111111
29 33 0.111111
30 33 0.111111
31 33 0.111111
32 33 0.111111
34 33 0.111111
35 33 0.111111
36 33 0.111111
37 33 0.111111
72 33 0.111111
30 34 0.125
31 34 0.125
32 34 0.125
33 34 0.125
35 34 0.125
36 34 0.125
37 34 0.125
38 34 0.125
31 35 0.111111
32 35 0.111111
33 35 0.111111
34 35 0.111111
36 35 0.111111
37 35 0.111111
38 35 0.111111
95 35 0.111111
77 35 0.111111
32 36 0.125
33 36 0.125
34 36 0.125
35 36 0.125
37 36 0.125
38 36 0.125
39 36 0.125
40 36 0.125
32 71 0.125
68 71 0.125
69 71 0.125
70 71 0.125
72 71 0.125
74 71 0.125
75 71 0.125
100 71 0.125
33 37 0.125
34 37 0.125
35 37 0.125
36 37 0.125
38 37 0.125
39 37 0.125
41 37 0.125
85 37 0.125
33 72 0.125
68 72 0.125
69 72 0.125
70 72 0.125
71 72 0.125
73 72 0.125
74 72 0.125
76 72 0.125
35 95 0.125
91 95 0.125
92 95 0.125
93 95 0.125
94 95 0.125
96 95 0.125
97 95 0.125
99 95 0.125
35 77 0.111111
73 77 0.111111
74 77 0.111111
75 77 0.111111
76 77 0.111111
78 77 0.111111
79 77 0.111111
80 77 0.111111
81 77 0.111111
36 39 0.142857
37 39 0.142857
38 39 0.142857
42 39 0.142857
43 39 0.142857
64 39 0.142857
84 39 0.142857
36 40 0.2
41 40 0.2
42 40 0.2
43 40 0.2
106 40 0.2
37 41 0.166667
40 41 0.166667
42 41 0.166667
43 41 0.166667
44 41 0.166667
45 41 0.166667
38 42 0.125
39 42 0.125
40 42 0.125
41 42 0.125
43 42 0.125
46 42 0.125
93 42 0.125
112 42 0.125
39 43 0.111111
40 43 0.111111
41 43 0.111111
42 43 0.111111
45 43 0.111111
46 43 0.111111
47 43 0.111111
58 43 0.111111
67 43 0.111111
39 64 0.111111
60 64 0.111111
61 64 0.111111
62 64 0.111111
63 64 0.111111
65 64 0.111111
66 64 0.111111
67 64 0.111111
68 64 0.111111
39 84 0.111111
80 84 0.111111
81 84 0.111111
82 84 0.111111
83 84 0.111111
85 84 0.111111
86 84 0.111111
87 84 0.111111
88 84 0.111111
40 106 0.1
96 106 0.1
102 106 0.1
103 106 0.1
104 106 0.1
105 106 0.1
107 106 0.1
108 106 0.1
109 106 0.1
110 106 0.1
41 44 0.2
45 44 0.2
46 44 0.2
47 44 0.2
48 44 0.2
41 45 0.142857
43 45 0.142857
44 45 0.142857
46 45 0.142857
47 45 0.142857
48 45 0.142857
57 45 0.142857
42 46 0.125
43 46 0.125
44 46 0.125
45 46 0.125
47 46 0.125
48 46 0.125
49 46 0.125
50 46 0.125
42 93 0.111111
89 93 0.111111
90 93 0.111111
91 93 0.111111
92 93 0.111111
94 93 0.111111
95 93 0.111111
96 93 0.111111
97 93 0.111111
42 112 0.111111
108 112 0.111111
109 112 0.111111
110 112 0.111111
111 112 0.111111
113 112 0.111111
114 112 0.111111
115 112 0.111111
116 112 0.111111
43 47 0.125
44 47 0.125
45 47 0.125
46 47 0.125
48 47 0.125
49 47 0.125
50 47 0.125
51 47 0.125
43 58 0.1
53 58 0.1
54 58 0.1
55 58 0.1
56 58 0.1
57 58 0.1
59 58 0.1
60 58 0.1
61 58 0.1
62 58 0.1
44 48 0.125
45 48 0.125
46 48 0.125
47 48 0.125
49 48 0.125
50 48 0.125
51 48 0.125
52 48 0.125
45 57 0.125
53 57 0.125
54 57 0.125
56 57 0.125
58 57 0.125
59 57 0.125
60 57 0.125
61 57 0.125
46 49 0.142857
47 49 0.142857
48 49 0.142857
50 49 0.142857
51 49 0.142857
52 49 0.142857
118 49 0.142857
46 50 0.125
47 50 0.125
48 50 0.125
49 50 0.125
51 50 0.125
52 50 0.125
53 50 0.125
54 50 0.125
47 51 0.125
48 51 0.125
49 51 0.125
50 51 0.125
52 51 0.125
54 51 0.125
55 51 0.125
83 51 0.125
48 52 0.125
49 52 0.125
50 52 0.125
51 52 0.125
53 52 0.125
54 52 0.125
55 52 0.125
56 52 0.125
51 55 0.125
52 55 0.125
53 55 0.125
54 55 0.125
58 55 0.125
59 55 0.125
74 55 0.125
101 55 0.125
51 83 0.111111
79 83 0.111111
80 83 0.111111
81 83 0.111111
82 83 0.111111
84 83 0.111111
86 83 0.111111
87 83 0.111111
115 83 0.111111
52 56 0.166667
53 56 0.166667
57 56 0.166667
58 56 0.166667
59 56 0.166667
60 56 0.166667
55 74 0.111111
70 74 0.111111
71 74 0.111111
72 74 0.111111
73 74 0.111111
75 74 0.111111
76 74 0.111111
77 74 0.111111
78 74 0.111111
57 61 0.142857
58 61 0.142857
60 61 0.142857
62 61 0.142857
63 61 0.142857
64 61 0.142857
65 61 0.142857
58 62 0.125
59 62 0.125
60 62 0.125
61 62 0.125
63 62 0.125
64 62 0.125
65 62 0.125
66 62 0.125
59 63 0.125
60 63 0.125
61 63 0.125
62 63 0.125
64 63 0.125
65 63 0.125
66 63 0.125
67 63 0.125
64 68 0.111111
65 68 0.111111
66 68 0.111111
67 68 0.111111
69 68 0.111111
70 68 0.111111
71 68 0.111111
72 68 0.111111
108 68 0.111111
65 69 0.125
66 69 0.125
67 69 0.125
68 69 0.125
70 69 0.125
71 69 0.125
72 69 0.125
73 69 0.125
66 70 0.125
67 70 0.125
68 70 0.125
69 70 0.125
71 70 0.125
72 70 0.125
73 70 0.125
74 70 0.125
68 108 0.125
104 108 0.125
105 108 0.125
106 108 0.125
107 108 0.125
109 108 0.125
110 108 0.125
112 108 0.125
69 73 0.142857
70 73 0.142857
72 73 0.142857
74 73 0.142857
75 73 0.142857
76 73 0.142857
77 73 0.142857
71 100 0.142857
97 100 0.142857
98 100 0.142857
99 100 0.142857
101 100 0.142857
102 100 0.142857
104 100 0.142857
72 76 0.125
73 76 0.125
74 76 0.125
75 76 0.125
77 76 0.125
78 76 0.125
79 76 0.125
92 76 0.125
75 79 0.125
76 79 0.125
77 79 0.125
78 79 0.125
80 79 0.125
81 79 0.125
82 79 0.125
83 79 0.125
76 92 0.111111
88 92 0.111111
89 92 0.111111
90 92 0.111111
91 92 0.111111
93 92 0.111111
94 92 0.111111
95 92 0.111111
96 92 0.111111
77 80 0.166667
79 80 0.166667
81 80 0.166667
82 80 0.166667
83 80 0.166667
84 80 0.166667
77 81 0.125
78 81 0.125
79 81 0.125
80 81 0.125
82 81 0.125
83 81 0.125
84 81 0.125
85 81 0.125
78 82 0.1
79 82 0.1
80 82 0.1
81 82 0.1
83 82 0.1
84 82 0.1
85 82 0.1
86 82 0.1
90 82 0.1
96 82 0.1
82 86 0.142857
83 86 0.142857
84 86 0.142857
87 86 0.142857
88 86 0.142857
89 86 0.142857
90 86 0.142857
82 90 0.125
86 90 0.125
87 90 0.125
88 90 0.125
92 90 0.125
93 90 0.125
94 90 0.125
96 90 0.125
82 96 0.125
90 96 0.125
92 96 0.125
93 96 0.125
94 96 0.125
95 96 0.125
97 96 0.125
106 96 0.125
83 87 0.142857
84 87 0.142857
86 87 0.142857
88 87 0.142857
89 87 0.142857
90 87 0.142857
91 87 0.142857
83 115 0.111111
111 115 0.111111
112 115 0.111111
113 115 0.111111
114 115 0.111111
116 115 0.111111
117 115 0.111111
118 115 0.111111
119 115 0.111111
84 88 0.125
85 88 0.125
86 88 0.125
87 88 0.125
89 88 0.125
90 88 0.125
91 88 0.125
92 88 0.125
85 113 0.125
109 113 0.125
110 113 0.125
111 113 0.125
112 113 0.125
115 113 0.125
116 113 0.125
117 113 0.125
87 91 0.142857
88 91 0.142857
89 91 0.142857
92 91 0.142857
93 91 0.142857
94 91 0.142857
95 91 0.142857
90 94 0.125
91 94 0.125
92 94 0.125
93 94 0.125
95 94 0.125
96 94 0.125
97 94 0.125
98 94 0.125
93 97 0.125
94 97 0.125
95 97 0.125
96 97 0.125
98 97 0.125
99 97 0.125
100 97 0.125
101 97 0.125
94 98 0.166667
97 98 0.166667
99 98 0.166667
100 98 0.166667
101 98 0.166667
102 98 0.166667
95 99 0.142857
97 99 0.142857
98 99 0.142857
100 99 0.142857
101 99 0.142857
102 99 0.142857
103 99 0.142857
98 102 0.125
99 102 0.125
100 102 0.125
101 102 0.125
103 102 0.125
104 102 0.125
105 102 0.125
106 102 0.125
99 103 0.142857
101 103 0.142857
102 103 0.142857
105 103 0.142857
106 103 0.142857
107 103 0.142857
110 103 0.142857
100 104 0.142857
101 104 0.142857
102 104 0.142857
105 104 0.142857
106 104 0.142857
107 104 0.142857
108 104 0.142857
103 107 0.125
104 107 0.125
105 107 0.125
106 107 0.125
108 107 0.125
109 107 0.125
110 107 0.125
111 107 0.125
103 110 0.111111
106 110 0.111111
107 110 0.111111
108 110 0.111111
109 110 0.111111
111 110 0.111111
112 110 0.111111
113 110 0.111111
114 110 0.111111
106 109 0.142857
107 109 0.142857
108 109 0.142857
110 109 0.142857
111 109 0.142857
112 109 0.142857
113 109 0.142857
107 111 0.142857
109 111 0.142857
110 111 0.142857
112 111 0.142857
113 111 0.142857
114 111 0.142857
115 111 0.142857
110 114 0.142857
111 114 0.142857
112 114 0.142857
115 114 0.142857
116 114 0.142857
117 114 0.142857
118 114 0.142857
112 116 0.125
113 116 0.125
114 116 0.125
115 116 0.125
117 116 0.125
118 116 0.125
119 116 0.125
120 116 0.125
113 117 0.125
114 117 0.125
115 117 0.125
116 117 0.125
118 117 0.125
119 117 0.125
120 117 0.125
121 117 0.125
121 0 0.125
120 0 0.125
3 0 0.125
119 0 0.125
4 0 0.125
118 0 0.125
66 0 0.125
75 0 0.125
2 1 0.142857
3 1 0.142857
121 1 0.142857
4 1 0.142857
120 1 0.142857
5 1 0.142857
119 1 0.142857
