0 1 0.111111
2 1 0.111111
3 1 0.111111
109 1 0.111111
4 1 0.111111
108 1 0.111111
5 1 0.111111
107 1 0.111111
37 1 0.111111
0 109 0.125
1 109 0.125
3 109 0.125
65 109 0.125
98 109 0.125
106 109 0.125
107 109 0.125
108 109 0.125
0 2 0.125
1 2 0.125
3 2 0.125
4 2 0.125
5 2 0.125
6 2 0.125
108 2 0.125
7 2 0.125
0 108 0.142857
1 108 0.142857
2 108 0.142857
104 108 0.142857
105 108 0.142857
106 108 0.142857
109 108 0.142857
0 3 0.125
1 3 0.125
2 3 0.125
4 3 0.125
5 3 0.125
6 3 0.125
7 3 0.125
109 3 0.125
0 107 0.125
1 107 0.125
72 107 0.125
103 107 0.125
104 107 0.125
105 107 0.125
106 107 0.125
109 107 0.125
0 4 0.125
1 4 0.125
2 4 0.125
3 4 0.125
5 4 0.125
6 4 0.125
7 4 0.125
82 4 0.125
0 106 0.111111
44 106 0.111111
102 106 0.111111
103 106 0.111111
104 106 0.111111
105 106 0.111111
107 106 0.111111
108 106 0.111111
109 106 0.111111
0 97 0.125
93 97 0.125
94 97 0.125
95 97 0.125
96 97 0.125
98 97 0.125
100 97 0.125
101 97 0.125
1 5 0.125
2 5 0.125
3 5 0.125
4 5 0.125
6 5 0.125
7 5 0.125
8 5 0.125
9 5 0.125
1 37 0.1
33 37 0.1
34 37 0.1
35 37 0.1
36 37 0.1
39 37 0.1
40 37 0.1
90 37 0.1
91 37 0.1
77 37 0.1
2 6 0.125
3 6 0.125
4 6 0.125
5 6 0.125
7 6 0.125
8 6 0.125
9 6 0.125
81 6 0.125
2 7 0.125
3 7 0.125
4 7 0.125
5 7 0.125
6 7 0.125
9 7 0.125
87 7 0.125
43 7 0.125
4 82 0.125
78 82 0.125
79 82 0.125
80 82 0.125
83 82 0.125
84 82 0.125
85 82 0.125
86 82 0.125
5 8 0.166667
6 8 0.166667
9 8 0.166667
10 8 0.166667
11 8 0.166667
72 8 0.166667
5 9 0.111111
6 9 0.111111
7 9 0.111111
8 9 0.111111
10 9 0.111111
11 9 0.111111
12 9 0.111111
13 9 0.111111
41 9 0.111111
6 81 0.111111
49 81 0.111111
77 81 0.111111
78 81 0.111111
79 81 0.111111
80 81 0.111111
83 81 0.111111
84 81 0.111111
85 81 0.111111
7 87 0.125
24 87 0.125
83 87 0.125
84 87 0.125
86 87 0.125
88 87 0.125
89 87 0.125
91 87 0.125
7 43 0.111111
39 43 0.111111
40 43 0.111111
42 43 0.111111
44 43 0.111111
45 43 0.111111
47 43 0.111111
78 43 0.111111
85 43 0.111111
8 10 0.166667
9 10 0.166667
11 10 0.166667
12 10 0.166667
13 10 0.166667
14 10 0.166667
8 11 0.142857
9 11 0.142857
10 11 0.142857
12 11 0.142857
13 11 0.142857
15 11 0.142857
45 11 0.142857
8 72 0.111111
68 72 0.111111
69 72 0.111111
71 72 0.111111
73 72 0.111111
74 72 0.111111
75 72 0.111111
107 72 0.111111
98 72 0.111111
9 12 0.142857
10 12 0.142857
11 12 0.142857
13 12 0.142857
14 12 0.142857
15 12 0.142857
16 12 0.142857
9 13 0.125
10 13 0.125
11 13 0.125
12 13 0.125
14 13 0.125
15 13 0.125
16 13 0.125
17 13 0.125
9 41 0.125
38 41 0.125
39 41 0.125
40 41 0.125
42 41 0.125
44 41 0.125
45 41 0.125
86 41 0.125
10 14 0.125
12 14 0.125
13 14 0.125
15 14 0.125
16 14 0.125
17 14 0.125
18 14 0.125
96 14 0.125
11 15 0.125
12 15 0.125
13 15 0.125
14 15 0.125
16 15 0.125
18 15 0.125
19 15 0.125
65 15 0.125
11 45 0.090909
17 45 0.090909
41 45 0.090909
42 45 0.090909
43 45 0.090909
44 45 0.090909
46 45 0.090909
47 45 0.090909
48 45 0.090909
49 45 0.090909
71 45 0.090909
12 16 0.125
13 16 0.125
14 16 0.125
15 16 0.125
17 16 0.125
18 16 0.125
19 16 0.125
20 16 0.125
13 17 0.125
14 17 0.125
16 17 0.125
19 17 0.125
20 17 0.125
21 17 0.125
45 17 0.125
23 17 0.125
14 18 0.142857
15 18 0.142857
16 18 0.142857
19 18 0.142857
20 18 0.142857
21 18 0.142857
22 18 0.142857
14 96 0.1
61 96 0.1
85 96 0.1
92 96 0.1
93 96 0.1
94 96 0.1
95 96 0.1
97 96 0.1
98 96 0.1
99 96 0.1
15 19 0.111111
16 19 0.111111
17 19 0.111111
18 19 0.111111
20 19 0.111111
21 19 0.111111
22 19 0.111111
23 19 0.111111
105 19 0.111111
15 65 0.1
24 65 0.1
62 65 0.1
63 65 0.1
64 65 0.1
66 65 0.1
67 65 0.1
68 65 0.1
69 65 0.1
109 65 0.1
16 20 0.125
17 20 0.125
18 20 0.125
19 20 0.125
21 20 0.125
22 20 0.125
23 20 0.125
24 20 0.125
17 21 0.125
18 21 0.125
19 21 0.125
20 21 0.125
22 21 0.125
23 21 0.125
24 21 0.125
25 21 0.125
17 23 0.111111
19 23 0.111111
20 23 0.111111
21 23 0.111111
22 23 0.111111
26 23 0.111111
27 23 0.111111
54 23 0.111111
50 23 0.111111
18 22 0.111111
19 22 0.111111
20 22 0.111111
21 22 0.111111
23 22 0.111111
24 22 0.111111
70 22 0.111111
42 22 0.111111
63 22 0.111111
19 105 0.125
101 105 0.125
102 105 0.125
103 105 0.125
104 105 0.125
106 105 0.125
107 105 0.125
108 105 0.125
20 24 0.111111
21 24 0.111111
22 24 0.111111
25 24 0.111111
27 24 0.111111
28 24 0.111111
65 24 0.111111
83 24 0.111111
87 24 0.111111
21 25 0.166667
24 25 0.166667
26 25 0.166667
27 25 0.166667
28 25 0.166667
29 25 0.166667
22 70 0.125
66 70 0.125
67 70 0.125
68 70 0.125
69 70 0.125
71 70 0.125
73 70 0.125
74 70 0.125
22 42 0.111111
38 42 0.111111
39 42 0.111111
40 42 0.111111
41 42 0.111111
43 42 0.111111
44 42 0.111111
45 42 0.111111
46 42 0.111111
22 63 0.111111
59 63 0.111111
60 63 0.111111
61 63 0.111111
62 63 0.111111
64 63 0.111111
65 63 0.111111
66 63 0.111111
67 63 0.111111
23 26 0.166667
25 26 0.166667
27 26 0.166667
28 26 0.166667
29 26 0.166667
30 26 0.166667
23 27 0.125
24 27 0.125
25 27 0.125
26 27 0.125
28 27 0.125
29 27 0.125
30 27 0.125
50 27 0.125
23 54 0.111111
50 54 0.111111
51 54 0.111111
52 54 0.111111
53 54 0.111111
55 54 0.111111
56 54 0.111111
57 54 0.111111
58 54 0.111111
23 50 0.111111
27 50 0.111111
46 50 0.111111
47 50 0.111111
48 50 0.111111
49 50 0.111111
51 50 0.111111
52 50 0.111111
54 50 0.111111
24 28 0.125
25 28 0.125
26 28 0.125
27 28 0.125
29 28 0.125
30 28 0.125
31 28 0.125
32 28 0.125
24 83 0.125
79 83 0.125
80 83 0.125
81 83 0.125
82 83 0.125
84 83 0.125
85 83 0.125
87 83 0.125
25 29 0.111111
26 29 0.111111
27 29 0.111111
28 29 0.111111
30 29 0.111111
31 29 0.111111
32 29 0.111111
33 29 0.111111
73 29 0.111111
26 30 0.125
27 30 0.125
28 30 0.125
29 30 0.125
32 30 0.125
33 30 0.125
34 30 0.125
52 30 0.125
28 31 0.166667
29 31 0.166667
32 31 0.166667
33 31 0.166667
34 31 0.166667
35 31 0.166667
28 32 0.125
29 32 0.125
30 32 0.125
31 32 0.125
33 32 0.125
34 32 0.125
35 32 0.125
36 32 0.125
29 33 0.125
30 33 0.125
31 33 0.125
32 33 0.125
34 33 0.125
35 33 0.125
36 33 0.125
37 33 0.125
29 73 0.125
57 73 0.125
69 73 0.125
70 73 0.125
72 73 0.125
74 73 0.125
75 73 0.125
76 73 0.125
30 34 0.111111
31 34 0.111111
32 34 0.111111
33 34 0.111111
35 34 0.111111
36 34 0.111111
37 34 0.111111
38 34 0.111111
53 34 0.111111
30 52 0.125
49 52 0.125
50 52 0.125
51 52 0.125
53 52 0.125
54 52 0.125
56 52 0.125
58 52 0.125
31 35 0.125
32 35 0.125
33 35 0.125
34 35 0.125
36 35 0.125
37 35 0.125
38 35 0.125
39 35 0.125
32 36 0.125
33 36 0.125
34 36 0.125
35 36 0.125
37 36 0.125
38 36 0.125
39 36 0.125
40 36 0.125
34 38 0.142857
35 38 0.142857
36 38 0.142857
39 38 0.142857
40 38 0.142857
41 38 0.142857
42 38 0.142857
34 53 0.142857
49 53 0.142857
51 53 0.142857
52 53 0.142857
54 53 0.142857
55 53 0.142857
56 53 0.142857
35 39 0.125
36 39 0.125
37 39 0.125
38 39 0.125
40 39 0.125
41 39 0.125
42 39 0.125
43 39 0.125
36 40 0.125
37 40 0.125
38 40 0.125
39 40 0.125
41 40 0.125
42 40 0.125
43 40 0.125
44 40 0.125
37 90 0.166667
88 90 0.166667
89 90 0.166667
91 90 0.166667
93 90 0.166667
94 90 0.166667
37 91 0.125
87 91 0.125
88 91 0.125
89 91 0.125
90 91 0.125
92 91 0.125
94 91 0.125
95 91 0.125
37 77 0.111111
48 77 0.111111
74 77 0.111111
75 77 0.111111
76 77 0.111111
78 77 0.111111
79 77 0.111111
80 77 0.111111
81 77 0.111111
40 44 0.125
41 44 0.125
42 44 0.125
43 44 0.125
45 44 0.125
46 44 0.125
48 44 0.125
106 44 0.125
41 86 0.142857
82 86 0.142857
84 86 0.142857
85 86 0.142857
87 86 0.142857
88 86 0.142857
89 86 0.142857
42 46 0.142857
44 46 0.142857
45 46 0.142857
47 46 0.142857
48 46 0.142857
49 46 0.142857
50 46 0.142857
43 47 0.142857
45 47 0.142857
46 47 0.142857
49 47 0.142857
50 47 0.142857
51 47 0.142857
75 47 0.142857
43 78 0.111111
74 78 0.111111
75 78 0.111111
76 78 0.111111
77 78 0.111111
79 78 0.111111
80 78 0.111111
81 78 0.111111
82 78 0.111111
43 85 0.125
81 85 0.125
82 85 0.125
83 85 0.125
84 85 0.125
86 85 0.125
88 85 0.125
96 85 0.125
44 48 0.125
45 48 0.125
46 48 0.125
49 48 0.125
50 48 0.125
51 48 0.125
55 48 0.125
77 48 0.125
45 49 0.111111
46 49 0.111111
47 49 0.111111
48 49 0.111111
50 49 0.111111
51 49 0.111111
52 49 0.111111
53 49 0.111111
81 49 0.111111
45 71 0.125
67 71 0.125
68 71 0.125
69 71 0.125
70 71 0.125
72 71 0.125
74 71 0.125
75 71 0.125
47 51 0.125
48 51 0.125
49 51 0.125
50 51 0.125
52 51 0.125
53 51 0.125
54 51 0.125
55 51 0.125
47 75 0.111111
71 75 0.111111
72 75 0.111111
73 75 0.111111
74 75 0.111111
76 75 0.111111
77 75 0.111111
78 75 0.111111
79 75 0.111111
48 55 0.142857
51 55 0.142857
53 55 0.142857
54 55 0.142857
57 55 0.142857
59 55 0.142857
98 55 0.142857
52 56 0.142857
53 56 0.142857
54 56 0.142857
57 56 0.142857
58 56 0.142857
59 56 0.142857
60 56 0.142857
52 58 0.142857
54 58 0.142857
56 58 0.142857
59 58 0.142857
60 58 0.142857
61 58 0.142857
62 58 0.142857
54 57 0.142857
55 57 0.142857
56 57 0.142857
59 57 0.142857
60 57 0.142857
61 57 0.142857
73 57 0.142857
55 59 0.125
56 59 0.125
57 59 0.125
58 59 0.125
60 59 0.125
61 59 0.125
62 59 0.125
63 59 0.125
55 98 0.1
72 98 0.1
94 98 0.1
95 98 0.1
96 98 0.1
97 98 0.1
99 98 0.1
100 98 0.1
101 98 0.1
109 98 0.1
56 60 0.125
57 60 0.125
58 60 0.125
59 60 0.125
61 60 0.125
62 60 0.125
63 60 0.125
64 60 0.125
57 61 0.125
58 61 0.125
59 61 0.125
60 61 0.125
62 61 0.125
63 61 0.125
64 61 0.125
96 61 0.125
58 62 0.125
59 62 0.125
60 62 0.125
61 62 0.125
63 62 0.125
64 62 0.125
65 62 0.125
102 62 0.125
60 64 0.125
61 64 0.125
62 64 0.125
63 64 0.125
65 64 0.125
66 64 0.125
67 64 0.125
68 64 0.125
62 102 0.125
99 102 0.125
100 102 0.125
101 102 0.125
103 102 0.125
104 102 0.125
105 102 0.125
106 102 0.125
63 66 0.142857
64 66 0.142857
65 66 0.142857
67 66 0.142857
68 66 0.142857
69 66 0.142857
70 66 0.142857
63 67 0.125
64 67 0.125
65 67 0.125
66 67 0.125
68 67 0.125
69 67 0.125
70 67 0.125
71 67 0.125
64 68 0.125
65 68 0.125
66 68 0.125
67 68 0.125
69 68 0.125
70 68 0.125
71 68 0.125
72 68 0.125
65 69 0.125
66 69 0.125
67 69 0.125
68 69 0.125
70 69 0.125
71 69 0.125
72 69 0.125
73 69 0.125
70 74 0.125
71 74 0.125
72 74 0.125
73 74 0.125
75 74 0.125
76 74 0.125
77 74 0.125
78 74 0.125
73 76 0.142857
74 76 0.142857
75 76 0.142857
77 76 0.142857
78 76 0.142857
79 76 0.142857
80 76 0.142857
75 79 0.125
76 79 0.125
77 79 0.125
78 79 0.125
80 79 0.125
81 79 0.125
82 79 0.125
83 79 0.125
76 80 0.125
77 80 0.125
78 80 0.125
79 80 0.125
81 80 0.125
82 80 0.125
83 80 0.125
84 80 0.125
80 84 0.125
81 84 0.125
82 84 0.125
83 84 0.125
85 84 0.125
86 84 0.125
87 84 0.125
88 84 0.125
84 88 0.125
85 88 0.125
86 88 0.125
87 88 0.125
89 88 0.125
90 88 0.125
91 88 0.125
92 88 0.125
86 89 0.142857
87 89 0.142857
88 89 0.142857
90 89 0.142857
91 89 0.142857
92 89 0.142857
93 89 0.142857
88 92 0.142857
89 92 0.142857
91 92 0.142857
93 92 0.142857
94 92 0.142857
95 92 0.142857
96 92 0.142857
89 93 0.142857
90 93 0.142857
92 93 0.142857
94 93 0.142857
95 93 0.142857
96 93 0.142857
97 93 0.142857
90 94 0.125
91 94 0.125
92 94 0.125
93 94 0.125
95 94 0.125
96 94 0.125
97 94 0.125
98 94 0.125
91 95 0.125
92 95 0.125
93 95 0.125
94 95 0.125
96 95 0.125
97 95 0.125
98 95 0.125
99 95 0.125
95 99 0.142857
96 99 0.142857
98 99 0.142857
100 99 0.142857
101 99 0.142857
102 99 0.142857
103 99 0.142857
97 100 0.142857
98 100 0.142857
99 100 0.142857
101 100 0.142857
102 100 0.142857
103 100 0.142857
104 100 0.142857
97 101 0.125
98 101 0.125
99 101 0.125
100 101 0.125
102 101 0.125
103 101 0.125
104 101 0.125
105 101 0.125
99 103 0.125
100 103 0.125
101 103 0.125
102 103 0.125
104 103 0.125
105 103 0.125
106 103 0.125
107 103 0.125
100 104 0.125
101 104 0.125
102 104 0.125
103 104 0.125
105 104 0.125
106 104 0.125
107 104 0.125
108 104 0.125
1 0 0.111111
109 0 0.111111
2 0 0.111111
108 0 0.111111
3 0 0.111111
107 0 0.111111
4 0 0.111111
106 0 0.111111
97 0 0.111111
