0 1 0.111111
2 1 0.111111
330 1 0.111111
4 1 0.111111
329 1 0.111111
328 1 0.111111
33 1 0.111111
85 1 0.111111
134 1 0.111111
0 330 0.111111
1 330 0.111111
2 330 0.111111
3 330 0.111111
144 330 0.111111
249 330 0.111111
326 330 0.111111
327 330 0.111111
329 330 0.111111
0 3 0.142857
2 3 0.142857
4 3 0.142857
5 3 0.142857
7 3 0.142857
330 3 0.142857
187 3 0.142857
0 4 0.1
1 4 0.1
2 4 0.1
3 4 0.1
5 4 0.1
6 4 0.1
7 4 0.1
8 4 0.1
213 4 0.1
275 4 0.1
0 327 0.125
323 327 0.125
324 327 0.125
325 327 0.125
326 327 0.125
328 327 0.125
329 327 0.125
330 327 0.125
0 56 0.166667
53 56 0.166667
54 56 0.166667
59 56 0.166667
60 56 0.166667
314 56 0.166667
0 113 0.1
109 113 0.1
110 113 0.1
111 113 0.1
112 113 0.1
114 113 0.1
115 113 0.1
116 113 0.1
117 113 0.1
320 113 0.1
1 2 0.142857
3 2 0.142857
4 2 0.142857
5 2 0.142857
330 2 0.142857
6 2 0.142857
329 2 0.142857
1 329 0.111111
2 329 0.111111
30 329 0.111111
224 329 0.111111
325 329 0.111111
326 329 0.111111
327 329 0.111111
328 329 0.111111
330 329 0.111111
1 328 0.125
101 328 0.125
154 328 0.125
324 328 0.125
325 328 0.125
326 328 0.125
327 328 0.125
329 328 0.125
1 33 0.166667
31 33 0.166667
32 33 0.166667
35 33 0.166667
36 33 0.166667
37 33 0.166667
1 85 0.111111
81 85 0.111111
82 85 0.111111
83 85 0.111111
84 85 0.111111
86 85 0.111111
87 85 0.111111
88 85 0.111111
89 85 0.111111
1 134 0.1
31 134 0.1
130 134 0.1
131 134 0.1
132 134 0.1
133 134 0.1
136 134 0.1
137 134 0.1
321 134 0.1
228 134 0.1
2 5 0.142857
3 5 0.142857
4 5 0.142857
6 5 0.142857
7 5 0.142857
9 5 0.142857
275 5 0.142857
2 6 0.1
4 6 0.1
5 6 0.1
7 6 0.1
8 6 0.1
9 6 0.1
10 6 0.1
228 6 0.1
173 6 0.1
183 6 0.1
3 7 0.111111
4 7 0.111111
5 7 0.111111
6 7 0.111111
8 7 0.111111
9 7 0.111111
10 7 0.111111
11 7 0.111111
233 7 0.111111
3 187 0.125
184 187 0.125
185 187 0.125
186 187 0.125
188 187 0.125
190 187 0.125
258 187 0.125
326 187 0.125
4 8 0.125
6 8 0.125
7 8 0.125
9 8 0.125
10 8 0.125
11 8 0.125
50 8 0.125
126 8 0.125
4 213 0.142857
136 213 0.142857
209 213 0.142857
211 213 0.142857
212 213 0.142857
216 213 0.142857
217 213 0.142857
4 275 0.111111
5 275 0.111111
271 275 0.111111
272 275 0.111111
273 275 0.111111
274 275 0.111111
276 275 0.111111
277 275 0.111111
278 275 0.111111
5 9 0.125
6 9 0.125
7 9 0.125
8 9 0.125
10 9 0.125
11 9 0.125
12 9 0.125
13 9 0.125
6 10 0.111111
7 10 0.111111
8 10 0.111111
9 10 0.111111
11 10 0.111111
12 10 0.111111
13 10 0.111111
14 10 0.111111
242 10 0.111111
6 228 0.142857
134 228 0.142857
225 228 0.142857
226 228 0.142857
227 228 0.142857
230 228 0.142857
232 228 0.142857
6 173 0.125
169 173 0.125
170 173 0.125
172 173 0.125
174 173 0.125
176 173 0.125
177 173 0.125
277 173 0.125
6 183 0.125
179 183 0.125
180 183 0.125
181 183 0.125
182 183 0.125
184 183 0.125
185 183 0.125
186 183 0.125
7 11 0.1
8 11 0.1
9 11 0.1
10 11 0.1
12 11 0.1
13 11 0.1
15 11 0.1
152 11 0.1
97 11 0.1
197 11 0.1
7 233 0.125
23 233 0.125
62 233 0.125
229 233 0.125
230 233 0.125
231 233 0.125
234 233 0.125
235 233 0.125
8 50 0.125
46 50 0.125
47 50 0.125
48 50 0.125
49 50 0.125
52 50 0.125
53 50 0.125
54 50 0.125
8 126 0.125
49 126 0.125
122 126 0.125
124 126 0.125
125 126 0.125
128 126 0.125
129 126 0.125
130 126 0.125
9 12 0.142857
10 12 0.142857
11 12 0.142857
13 12 0.142857
14 12 0.142857
15 12 0.142857
137 12 0.142857
9 13 0.125
10 13 0.125
11 13 0.125
12 13 0.125
14 13 0.125
15 13 0.125
16 13 0.125
17 13 0.125
10 14 0.125
12 14 0.125
13 14 0.125
15 14 0.125
16 14 0.125
17 14 0.125
18 14 0.125
64 14 0.125
10 242 0.111111
114 242 0.111111
172 242 0.111111
238 242 0.111111
239 242 0.111111
240 242 0.111111
241 242 0.111111
246 242 0.111111
302 242 0.111111
11 15 0.125
12 15 0.125
13 15 0.125
14 15 0.125
16 15 0.125
18 15 0.125
290 15 0.125
264 15 0.125
11 152 0.111111
148 152 0.111111
149 152 0.111111
150 152 0.111111
151 152 0.111111
153 152 0.111111
154 152 0.111111
155 152 0.111111
156 152 0.111111
11 97 0.125
93 97 0.125
94 97 0.125
95 97 0.125
96 97 0.125
98 97 0.125
99 97 0.125
101 97 0.125
11 197 0.125
193 197 0.125
194 197 0.125
195 197 0.125
196 197 0.125
198 197 0.125
200 197 0.125
263 197 0.125
12 137 0.125
133 137 0.125
134 137 0.125
136 137 0.125
138 137 0.125
139 137 0.125
140 137 0.125
141 137 0.125
13 16 0.142857
14 16 0.142857
15 16 0.142857
17 16 0.142857
18 16 0.142857
19 16 0.142857
20 16 0.142857
13 17 0.142857
14 17 0.142857
16 17 0.142857
18 17 0.142857
19 17 0.142857
20 17 0.142857
21 17 0.142857
14 18 0.125
15 18 0.125
16 18 0.125
17 18 0.125
19 18 0.125
20 18 0.125
21 18 0.125
22 18 0.125
14 64 0.125
60 64 0.125
62 64 0.125
63 64 0.125
66 64 0.125
67 64 0.125
68 64 0.125
106 64 0.125
15 290 0.1
23 290 0.1
286 290 0.1
287 290 0.1
288 290 0.1
289 290 0.1
291 290 0.1
292 290 0.1
293 290 0.1
294 290 0.1
15 264 0.1
141 264 0.1
260 264 0.1
261 264 0.1
262 264 0.1
263 264 0.1
265 264 0.1
266 264 0.1
267 264 0.1
268 264 0.1
16 19 0.125
17 19 0.125
18 19 0.125
20 19 0.125
21 19 0.125
22 19 0.125
23 19 0.125
306 19 0.125
16 20 0.111111
17 20 0.111111
18 20 0.111111
19 20 0.111111
21 20 0.111111
22 20 0.111111
23 20 0.111111
24 20 0.111111
149 20 0.111111
17 21 0.111111
18 21 0.111111
19 21 0.111111
20 21 0.111111
22 21 0.111111
23 21 0.111111
24 21 0.111111
25 21 0.111111
99 21 0.111111
18 22 0.125
19 22 0.125
20 22 0.125
21 22 0.125
23 22 0.125
24 22 0.125
25 22 0.125
26 22 0.125
19 23 0.111111
20 23 0.111111
21 23 0.111111
22 23 0.111111
24 23 0.111111
25 23 0.111111
27 23 0.111111
290 23 0.111111
233 23 0.111111
19 306 0.125
302 306 0.125
303 306 0.125
304 306 0.125
305 306 0.125
307 306 0.125
308 306 0.125
309 306 0.125
20 24 0.125
21 24 0.125
22 24 0.125
23 24 0.125
25 24 0.125
26 24 0.125
28 24 0.125
167 24 0.125
20 149 0.111111
36 149 0.111111
145 149 0.111111
146 149 0.111111
147 149 0.111111
148 149 0.111111
151 149 0.111111
152 149 0.111111
161 149 0.111111
21 25 0.1
22 25 0.1
23 25 0.1
24 25 0.1
26 25 0.1
27 25 0.1
28 25 0.1
29 25 0.1
179 25 0.1
92 25 0.1
21 99 0.125
95 99 0.125
96 99 0.125
97 99 0.125
98 99 0.125
102 99 0.125
103 99 0.125
191 99 0.125
22 26 0.111111
24 26 0.111111
25 26 0.111111
27 26 0.111111
28 26 0.111111
29 26 0.111111
202 26 0.111111
141 26 0.111111
47 26 0.111111
23 27 0.142857
25 27 0.142857
26 27 0.142857
28 27 0.142857
29 27 0.142857
30 27 0.142857
31 27 0.142857
24 28 0.125
25 28 0.125
26 28 0.125
27 28 0.125
29 28 0.125
30 28 0.125
31 28 0.125
32 28 0.125
24 167 0.125
163 167 0.125
164 167 0.125
165 167 0.125
168 167 0.125
169 167 0.125
170 167 0.125
171 167 0.125
25 29 0.125
26 29 0.125
27 29 0.125
28 29 0.125
30 29 0.125
31 29 0.125
32 29 0.125
206 29 0.125
25 179 0.1
175 179 0.1
176 179 0.1
177 179 0.1
178 179 0.1
181 179 0.1
182 179 0.1
183 179 0.1
226 179 0.1
224 179 0.1
25 92 0.125
49 92 0.125
88 92 0.125
89 92 0.125
90 92 0.125
91 92 0.125
93 92 0.125
94 92 0.125
26 202 0.125
75 202 0.125
198 202 0.125
199 202 0.125
200 202 0.125
204 202 0.125
205 202 0.125
206 202 0.125
26 141 0.125
137 141 0.125
138 141 0.125
139 141 0.125
140 141 0.125
144 141 0.125
145 141 0.125
264 141 0.125
26 47 0.111111
43 47 0.111111
44 47 0.111111
45 47 0.111111
46 47 0.111111
49 47 0.111111
50 47 0.111111
51 47 0.111111
77 47 0.111111
27 30 0.142857
28 30 0.142857
29 30 0.142857
31 30 0.142857
32 30 0.142857
34 30 0.142857
329 30 0.142857
27 31 0.111111
28 31 0.111111
29 31 0.111111
30 31 0.111111
32 31 0.111111
33 31 0.111111
34 31 0.111111
35 31 0.111111
134 31 0.111111
28 32 0.125
29 32 0.125
30 32 0.125
31 32 0.125
33 32 0.125
34 32 0.125
35 32 0.125
36 32 0.125
29 206 0.142857
139 206 0.142857
202 206 0.142857
205 206 0.142857
207 206 0.142857
208 206 0.142857
210 206 0.142857
30 34 0.142857
31 34 0.142857
32 34 0.142857
35 34 0.142857
36 34 0.142857
37 34 0.142857
38 34 0.142857
31 35 0.125
32 35 0.125
33 35 0.125
34 35 0.125
36 35 0.125
37 35 0.125
38 35 0.125
39 35 0.125
32 36 0.1
33 36 0.1
34 36 0.1
35 36 0.1
38 36 0.1
39 36 0.1
40 36 0.1
236 36 0.1
123 36 0.1
149 36 0.1
33 37 0.142857
34 37 0.142857
35 37 0.142857
39 37 0.142857
40 37 0.142857
41 37 0.142857
189 37 0.142857
34 38 0.142857
35 38 0.142857
36 38 0.142857
39 38 0.142857
40 38 0.142857
41 38 0.142857
42 38 0.142857
35 39 0.125
36 39 0.125
37 39 0.125
38 39 0.125
40 39 0.125
41 39 0.125
42 39 0.125
43 39 0.125
36 40 0.125
37 40 0.125
38 40 0.125
39 40 0.125
41 40 0.125
42 40 0.125
44 40 0.125
112 40 0.125
36 236 0.125
232 236 0.125
234 236 0.125
235 236 0.125
237 236 0.125
238 236 0.125
239 236 0.125
240 236 0.125
36 123 0.125
119 123 0.125
120 123 0.125
121 123 0.125
122 123 0.125
124 123 0.125
125 123 0.125
254 123 0.125
37 41 0.125
38 41 0.125
39 41 0.125
40 41 0.125
42 41 0.125
43 41 0.125
44 41 0.125
45 41 0.125
37 189 0.166667
188 189 0.166667
190 189 0.166667
191 189 0.166667
192 189 0.166667
193 189 0.166667
38 42 0.111111
39 42 0.111111
40 42 0.111111
41 42 0.111111
43 42 0.111111
45 42 0.111111
46 42 0.111111
289 42 0.111111
155 42 0.111111
39 43 0.111111
41 43 0.111111
42 43 0.111111
44 43 0.111111
45 43 0.111111
46 43 0.111111
47 43 0.111111
300 43 0.111111
194 43 0.111111
40 44 0.142857
41 44 0.142857
43 44 0.142857
45 44 0.142857
46 44 0.142857
47 44 0.142857
48 44 0.142857
40 112 0.111111
108 112 0.111111
109 112 0.111111
110 112 0.111111
111 112 0.111111
113 112 0.111111
114 112 0.111111
115 112 0.111111
116 112 0.111111
41 45 0.111111
42 45 0.111111
43 45 0.111111
44 45 0.111111
46 45 0.111111
47 45 0.111111
48 45 0.111111
49 45 0.111111
224 45 0.111111
42 46 0.125
43 46 0.125
44 46 0.125
45 46 0.125
47 46 0.125
48 46 0.125
49 46 0.125
50 46 0.125
42 289 0.111111
285 289 0.111111
286 289 0.111111
287 289 0.111111
288 289 0.111111
290 289 0.111111
291 289 0.111111
292 289 0.111111
293 289 0.111111
42 155 0.125
151 155 0.125
152 155 0.125
153 155 0.125
154 155 0.125
156 155 0.125
157 155 0.125
159 155 0.125
43 300 0.111111
168 300 0.111111
246 300 0.111111
296 300 0.111111
297 300 0.111111
298 300 0.111111
299 300 0.111111
303 300 0.111111
304 300 0.111111
43 194 0.142857
190 194 0.142857
192 194 0.142857
193 194 0.142857
195 194 0.142857
196 194 0.142857
197 194 0.142857
44 48 0.142857
45 48 0.142857
46 48 0.142857
49 48 0.142857
50 48 0.142857
51 48 0.142857
52 48 0.142857
45 49 0.1
46 49 0.1
47 49 0.1
48 49 0.1
50 49 0.1
51 49 0.1
52 49 0.1
53 49 0.1
126 49 0.1
92 49 0.1
45 224 0.1
179 224 0.1
220 224 0.1
221 224 0.1
223 224 0.1
226 224 0.1
227 224 0.1
303 224 0.1
329 224 0.1
319 224 0.1
47 51 0.142857
48 51 0.142857
49 51 0.142857
52 51 0.142857
53 51 0.142857
54 51 0.142857
55 51 0.142857
47 77 0.125
73 77 0.125
74 77 0.125
76 77 0.125
78 77 0.125
79 77 0.125
80 77 0.125
81 77 0.125
48 52 0.111111
49 52 0.111111
50 52 0.111111
51 52 0.111111
53 52 0.111111
54 52 0.111111
55 52 0.111111
294 52 0.111111
125 52 0.111111
49 53 0.125
50 53 0.125
51 53 0.125
52 53 0.125
54 53 0.125
55 53 0.125
56 53 0.125
57 53 0.125
50 54 0.125
51 54 0.125
52 54 0.125
53 54 0.125
55 54 0.125
56 54 0.125
57 54 0.125
58 54 0.125
51 55 0.111111
52 55 0.111111
53 55 0.111111
54 55 0.111111
57 55 0.111111
58 55 0.111111
59 55 0.111111
124 55 0.111111
176 55 0.111111
52 294 0.111111
182 294 0.111111
290 294 0.111111
291 294 0.111111
292 294 0.111111
293 294 0.111111
295 294 0.111111
296 294 0.111111
298 294 0.111111
52 125 0.125
121 125 0.125
122 125 0.125
123 125 0.125
124 125 0.125
126 125 0.125
127 125 0.125
128 125 0.125
53 57 0.142857
54 57 0.142857
55 57 0.142857
59 57 0.142857
60 57 0.142857
61 57 0.142857
91 57 0.142857
54 58 0.166667
55 58 0.166667
59 58 0.166667
60 58 0.166667
61 58 0.166667
118 58 0.166667
55 59 0.125
56 59 0.125
57 59 0.125
58 59 0.125
60 59 0.125
61 59 0.125
63 59 0.125
88 59 0.125
55 124 0.111111
120 124 0.111111
121 124 0.111111
122 124 0.111111
123 124 0.111111
125 124 0.111111
126 124 0.111111
127 124 0.111111
128 124 0.111111
55 176 0.111111
172 176 0.111111
173 176 0.111111
174 176 0.111111
175 176 0.111111
177 176 0.111111
178 176 0.111111
179 176 0.111111
266 176 0.111111
56 60 0.125
57 60 0.125
58 60 0.125
59 60 0.125
61 60 0.125
62 60 0.125
64 60 0.125
280 60 0.125
56 314 0.111111
310 314 0.111111
311 314 0.111111
312 314 0.111111
313 314 0.111111
315 314 0.111111
316 314 0.111111
317 314 0.111111
318 314 0.111111
57 61 0.125
58 61 0.125
59 61 0.125
60 61 0.125
62 61 0.125
63 61 0.125
65 61 0.125
100 61 0.125
57 91 0.1
87 91 0.1
88 91 0.1
89 91 0.1
90 91 0.1
92 91 0.1
93 91 0.1
94 91 0.1
95 91 0.1
301 91 0.1
58 118 0.1
89 118 0.1
114 118 0.1
115 118 0.1
116 118 0.1
117 118 0.1
119 118 0.1
120 118 0.1
122 118 0.1
320 118 0.1
59 63 0.166667
61 63 0.166667
64 63 0.166667
65 63 0.166667
66 63 0.166667
214 63 0.166667
59 88 0.1
84 88 0.1
85 88 0.1
86 88 0.1
87 88 0.1
89 88 0.1
90 88 0.1
91 88 0.1
92 88 0.1
311 88 0.1
60 62 0.166667
61 62 0.166667
64 62 0.166667
65 62 0.166667
66 62 0.166667
233 62 0.166667
60 280 0.111111
276 280 0.111111
277 280 0.111111
278 280 0.111111
279 280 0.111111
281 280 0.111111
282 280 0.111111
283 280 0.111111
284 280 0.111111
61 65 0.142857
62 65 0.142857
63 65 0.142857
66 65 0.142857
67 65 0.142857
68 65 0.142857
69 65 0.142857
61 100 0.125
96 100 0.125
98 100 0.125
101 100 0.125
102 100 0.125
103 100 0.125
104 100 0.125
279 100 0.125
62 66 0.1
63 66 0.1
64 66 0.1
65 66 0.1
68 66 0.1
69 66 0.1
70 66 0.1
215 66 0.1
217 66 0.1
219 66 0.1
63 214 0.111111
116 214 0.111111
210 214 0.111111
211 214 0.111111
212 214 0.111111
215 214 0.111111
216 214 0.111111
217 214 0.111111
218 214 0.111111
64 67 0.166667
65 67 0.166667
68 67 0.166667
69 67 0.166667
71 67 0.166667
145 67 0.166667
64 68 0.125
65 68 0.125
66 68 0.125
67 68 0.125
69 68 0.125
70 68 0.125
71 68 0.125
72 68 0.125
64 106 0.125
102 106 0.125
103 106 0.125
104 106 0.125
105 106 0.125
107 106 0.125
108 106 0.125
109 106 0.125
65 69 0.111111
66 69 0.111111
67 69 0.111111
68 69 0.111111
70 69 0.111111
71 69 0.111111
72 69 0.111111
73 69 0.111111
117 69 0.111111
66 70 0.142857
68 70 0.142857
69 70 0.142857
71 70 0.142857
72 70 0.142857
73 70 0.142857
74 70 0.142857
66 215 0.111111
211 215 0.111111
212 215 0.111111
214 215 0.111111
216 215 0.111111
217 215 0.111111
218 215 0.111111
219 215 0.111111
321 215 0.111111
66 217 0.125
213 217 0.125
214 217 0.125
215 217 0.125
216 217 0.125
218 217 0.125
220 217 0.125
221 217 0.125
66 219 0.142857
215 219 0.142857
216 219 0.142857
218 219 0.142857
220 219 0.142857
221 219 0.142857
223 219 0.142857
67 71 0.125
68 71 0.125
69 71 0.125
70 71 0.125
73 71 0.125
74 71 0.125
75 71 0.125
267 71 0.125
67 145 0.125
141 145 0.125
142 145 0.125
143 145 0.125
146 145 0.125
147 145 0.125
148 145 0.125
149 145 0.125
68 72 0.142857
69 72 0.142857
70 72 0.142857
73 72 0.142857
74 72 0.142857
75 72 0.142857
76 72 0.142857
69 73 0.111111
70 73 0.111111
71 73 0.111111
72 73 0.111111
74 73 0.111111
76 73 0.111111
77 73 0.111111
276 73 0.111111
111 73 0.111111
69 117 0.142857
113 117 0.142857
115 117 0.142857
118 117 0.142857
119 117 0.142857
121 117 0.142857
210 117 0.142857
70 74 0.125
71 74 0.125
72 74 0.125
73 74 0.125
75 74 0.125
76 74 0.125
77 74 0.125
78 74 0.125
71 75 0.142857
72 75 0.142857
74 75 0.142857
76 75 0.142857
78 75 0.142857
79 75 0.142857
202 75 0.142857
71 267 0.1
185 267 0.1
204 267 0.1
263 267 0.1
264 267 0.1
266 267 0.1
268 267 0.1
269 267 0.1
270 267 0.1
271 267 0.1
72 76 0.111111
73 76 0.111111
74 76 0.111111
75 76 0.111111
77 76 0.111111
78 76 0.111111
79 76 0.111111
80 76 0.111111
266 76 0.111111
73 276 0.125
272 276 0.125
273 276 0.125
275 276 0.125
277 276 0.125
278 276 0.125
279 276 0.125
280 276 0.125
73 111 0.125
107 111 0.125
108 111 0.125
109 111 0.125
110 111 0.125
112 111 0.125
113 111 0.125
115 111 0.125
74 78 0.111111
75 78 0.111111
76 78 0.111111
77 78 0.111111
79 78 0.111111
80 78 0.111111
81 78 0.111111
82 78 0.111111
305 78 0.111111
75 79 0.125
76 79 0.125
77 79 0.125
78 79 0.125
81 79 0.125
82 79 0.125
83 79 0.125
191 79 0.125
76 80 0.142857
77 80 0.142857
78 80 0.142857
81 80 0.142857
82 80 0.142857
84 80 0.142857
230 80 0.142857
76 266 0.111111
84 266 0.111111
176 266 0.111111
262 266 0.111111
263 266 0.111111
264 266 0.111111
265 266 0.111111
267 266 0.111111
268 266 0.111111
77 81 0.125
78 81 0.125
79 81 0.125
80 81 0.125
82 81 0.125
83 81 0.125
84 81 0.125
85 81 0.125
78 82 0.125
79 82 0.125
80 82 0.125
81 82 0.125
83 82 0.125
84 82 0.125
85 82 0.125
86 82 0.125
78 305 0.142857
302 305 0.142857
303 305 0.142857
304 305 0.142857
306 305 0.142857
308 305 0.142857
309 305 0.142857
79 83 0.142857
81 83 0.142857
82 83 0.142857
84 83 0.142857
85 83 0.142857
86 83 0.142857
87 83 0.142857
79 191 0.111111
87 191 0.111111
99 191 0.111111
188 191 0.111111
189 191 0.111111
190 191 0.111111
192 191 0.111111
193 191 0.111111
195 191 0.111111
80 84 0.111111
81 84 0.111111
82 84 0.111111
83 84 0.111111
85 84 0.111111
87 84 0.111111
88 84 0.111111
266 84 0.111111
159 84 0.111111
80 230 0.125
227 230 0.125
228 230 0.125
229 230 0.125
231 230 0.125
232 230 0.125
233 230 0.125
234 230 0.125
82 86 0.142857
83 86 0.142857
85 86 0.142857
87 86 0.142857
88 86 0.142857
89 86 0.142857
90 86 0.142857
83 87 0.111111
84 87 0.111111
85 87 0.111111
86 87 0.111111
88 87 0.111111
89 87 0.111111
90 87 0.111111
91 87 0.111111
191 87 0.111111
84 159 0.125
155 159 0.125
156 159 0.125
158 159 0.125
160 159 0.125
161 159 0.125
282 159 0.125
218 159 0.125
85 89 0.125
86 89 0.125
87 89 0.125
88 89 0.125
90 89 0.125
91 89 0.125
92 89 0.125
118 89 0.125
86 90 0.125
87 90 0.125
88 90 0.125
89 90 0.125
91 90 0.125
92 90 0.125
93 90 0.125
94 90 0.125
88 311 0.125
307 311 0.125
308 311 0.125
309 311 0.125
310 311 0.125
312 311 0.125
313 311 0.125
314 311 0.125
90 93 0.142857
91 93 0.142857
92 93 0.142857
94 93 0.142857
95 93 0.142857
96 93 0.142857
97 93 0.142857
90 94 0.125
91 94 0.125
92 94 0.125
93 94 0.125
95 94 0.125
96 94 0.125
97 94 0.125
98 94 0.125
91 95 0.142857
93 95 0.142857
94 95 0.142857
96 95 0.142857
97 95 0.142857
98 95 0.142857
99 95 0.142857
91 301 0.166667
298 301 0.166667
299 301 0.166667
302 301 0.166667
303 301 0.166667
304 301 0.166667
93 96 0.142857
94 96 0.142857
95 96 0.142857
97 96 0.142857
98 96 0.142857
99 96 0.142857
100 96 0.142857
94 98 0.125
95 98 0.125
96 98 0.125
97 98 0.125
99 98 0.125
100 98 0.125
101 98 0.125
102 98 0.125
97 101 0.125
98 101 0.125
100 101 0.125
102 101 0.125
103 101 0.125
104 101 0.125
105 101 0.125
328 101 0.125
98 102 0.125
99 102 0.125
100 102 0.125
101 102 0.125
103 102 0.125
104 102 0.125
105 102 0.125
106 102 0.125
99 103 0.125
100 103 0.125
101 103 0.125
102 103 0.125
104 103 0.125
106 103 0.125
107 103 0.125
223 103 0.125
100 104 0.125
101 104 0.125
102 104 0.125
103 104 0.125
105 104 0.125
106 104 0.125
107 104 0.125
108 104 0.125
100 279 0.166667
276 279 0.166667
278 279 0.166667
280 279 0.166667
281 279 0.166667
282 279 0.166667
101 105 0.142857
102 105 0.142857
104 105 0.142857
106 105 0.142857
107 105 0.142857
108 105 0.142857
109 105 0.142857
103 107 0.125
104 107 0.125
105 107 0.125
106 107 0.125
108 107 0.125
110 107 0.125
111 107 0.125
249 107 0.125
103 223 0.111111
219 223 0.111111
220 223 0.111111
221 223 0.111111
222 223 0.111111
224 223 0.111111
225 223 0.111111
226 223 0.111111
227 223 0.111111
104 108 0.125
105 108 0.125
106 108 0.125
107 108 0.125
109 108 0.125
110 108 0.125
111 108 0.125
112 108 0.125
105 109 0.142857
106 109 0.142857
108 109 0.142857
110 109 0.142857
111 109 0.142857
112 109 0.142857
113 109 0.142857
107 110 0.142857
108 110 0.142857
109 110 0.142857
111 110 0.142857
112 110 0.142857
113 110 0.142857
114 110 0.142857
107 249 0.111111
245 249 0.111111
246 249 0.111111
247 249 0.111111
248 249 0.111111
250 249 0.111111
251 249 0.111111
252 249 0.111111
330 249 0.111111
110 114 0.125
112 114 0.125
113 114 0.125
115 114 0.125
118 114 0.125
296 114 0.125
208 114 0.125
242 114 0.125
111 115 0.125
112 115 0.125
113 115 0.125
114 115 0.125
116 115 0.125
117 115 0.125
118 115 0.125
119 115 0.125
112 116 0.142857
113 116 0.142857
115 116 0.142857
118 116 0.142857
119 116 0.142857
120 116 0.142857
214 116 0.142857
113 320 0.111111
118 320 0.111111
316 320 0.111111
317 320 0.111111
318 320 0.111111
319 320 0.111111
321 320 0.111111
322 320 0.111111
323 320 0.111111
114 296 0.111111
292 296 0.111111
293 296 0.111111
294 296 0.111111
295 296 0.111111
297 296 0.111111
298 296 0.111111
299 296 0.111111
300 296 0.111111
114 208 0.125
204 208 0.125
205 208 0.125
206 208 0.125
207 208 0.125
209 208 0.125
211 208 0.125
212 208 0.125
115 119 0.125
116 119 0.125
117 119 0.125
118 119 0.125
120 119 0.125
121 119 0.125
122 119 0.125
123 119 0.125
116 120 0.142857
118 120 0.142857
119 120 0.142857
121 120 0.142857
122 120 0.142857
123 120 0.142857
124 120 0.142857
117 121 0.142857
119 121 0.142857
120 121 0.142857
122 121 0.142857
123 121 0.142857
124 121 0.142857
125 121 0.142857
117 210 0.142857
206 210 0.142857
207 210 0.142857
209 210 0.142857
211 210 0.142857
212 210 0.142857
214 210 0.142857
118 122 0.125
119 122 0.125
120 122 0.125
121 122 0.125
123 122 0.125
124 122 0.125
125 122 0.125
126 122 0.125
123 254 0.1
250 254 0.1
251 254 0.1
252 254 0.1
253 254 0.1
255 254 0.1
256 254 0.1
257 254 0.1
258 254 0.1
293 254 0.1
124 127 0.166667
125 127 0.166667
128 127 0.166667
129 127 0.166667
130 127 0.166667
131 127 0.166667
124 128 0.125
125 128 0.125
126 128 0.125
127 128 0.125
129 128 0.125
130 128 0.125
131 128 0.125
132 128 0.125
126 129 0.142857
127 129 0.142857
128 129 0.142857
130 129 0.142857
131 129 0.142857
132 129 0.142857
133 129 0.142857
126 130 0.125
127 130 0.125
128 130 0.125
129 130 0.125
131 130 0.125
133 130 0.125
134 130 0.125
198 130 0.125
127 131 0.125
128 131 0.125
129 131 0.125
130 131 0.125
132 131 0.125
133 131 0.125
134 131 0.125
135 131 0.125
128 132 0.142857
129 132 0.142857
131 132 0.142857
133 132 0.142857
134 132 0.142857
135 132 0.142857
136 132 0.142857
129 133 0.125
130 133 0.125
131 133 0.125
132 133 0.125
134 133 0.125
135 133 0.125
136 133 0.125
137 133 0.125
130 198 0.125
195 198 0.125
196 198 0.125
197 198 0.125
199 198 0.125
200 198 0.125
201 198 0.125
202 198 0.125
131 135 0.142857
132 135 0.142857
133 135 0.142857
136 135 0.142857
138 135 0.142857
139 135 0.142857
321 135 0.142857
132 136 0.111111
133 136 0.111111
134 136 0.111111
135 136 0.111111
137 136 0.111111
138 136 0.111111
139 136 0.111111
140 136 0.111111
213 136 0.111111
134 321 0.1
135 321 0.1
215 321 0.1
317 321 0.1
318 321 0.1
319 321 0.1
320 321 0.1
322 321 0.1
323 321 0.1
324 321 0.1
135 138 0.142857
136 138 0.142857
137 138 0.142857
139 138 0.142857
140 138 0.142857
141 138 0.142857
142 138 0.142857
135 139 0.111111
136 139 0.111111
137 139 0.111111
138 139 0.111111
141 139 0.111111
142 139 0.111111
172 139 0.111111
206 139 0.111111
174 139 0.111111
136 140 0.142857
137 140 0.142857
138 140 0.142857
141 140 0.142857
142 140 0.142857
144 140 0.142857
182 140 0.142857
138 142 0.125
139 142 0.125
140 142 0.125
143 142 0.125
144 142 0.125
145 142 0.125
146 142 0.125
186 142 0.125
139 172 0.1
168 172 0.1
169 172 0.1
170 172 0.1
171 172 0.1
173 172 0.1
174 172 0.1
176 172 0.1
316 172 0.1
242 172 0.1
139 174 0.111111
170 174 0.111111
171 174 0.111111
172 174 0.111111
173 174 0.111111
175 174 0.111111
176 174 0.111111
177 174 0.111111
178 174 0.111111
140 144 0.125
141 144 0.125
142 144 0.125
143 144 0.125
146 144 0.125
147 144 0.125
148 144 0.125
330 144 0.125
140 182 0.090909
171 182 0.090909
178 182 0.090909
179 182 0.090909
180 182 0.090909
181 182 0.090909
183 182 0.090909
184 182 0.090909
185 182 0.090909
186 182 0.090909
294 182 0.090909
142 143 0.2
144 143 0.2
145 143 0.2
146 143 0.2
147 143 0.2
142 146 0.125
143 146 0.125
144 146 0.125
145 146 0.125
147 146 0.125
148 146 0.125
149 146 0.125
150 146 0.125
142 186 0.125
182 186 0.125
183 186 0.125
184 186 0.125
185 186 0.125
187 186 0.125
188 186 0.125
190 186 0.125
143 147 0.125
144 147 0.125
145 147 0.125
146 147 0.125
148 147 0.125
149 147 0.125
150 147 0.125
151 147 0.125
144 148 0.125
145 148 0.125
146 148 0.125
147 148 0.125
149 148 0.125
150 148 0.125
151 148 0.125
152 148 0.125
146 150 0.142857
147 150 0.142857
148 150 0.142857
151 150 0.142857
152 150 0.142857
153 150 0.142857
154 150 0.142857
147 151 0.111111
148 151 0.111111
149 151 0.111111
150 151 0.111111
152 151 0.111111
153 151 0.111111
154 151 0.111111
155 151 0.111111
237 151 0.111111
149 161 0.125
157 161 0.125
158 161 0.125
159 161 0.125
160 161 0.125
162 161 0.125
163 161 0.125
164 161 0.125
150 153 0.142857
151 153 0.142857
152 153 0.142857
154 153 0.142857
155 153 0.142857
156 153 0.142857
157 153 0.142857
150 154 0.111111
151 154 0.111111
152 154 0.111111
153 154 0.111111
155 154 0.111111
156 154 0.111111
157 154 0.111111
158 154 0.111111
328 154 0.111111
151 237 0.142857
234 237 0.142857
235 237 0.142857
236 237 0.142857
238 237 0.142857
239 237 0.142857
241 237 0.142857
152 156 0.111111
153 156 0.111111
154 156 0.111111
155 156 0.111111
157 156 0.111111
158 156 0.111111
159 156 0.111111
160 156 0.111111
309 156 0.111111
153 157 0.111111
154 157 0.111111
155 157 0.111111
156 157 0.111111
158 157 0.111111
160 157 0.111111
161 157 0.111111
188 157 0.111111
274 157 0.111111
154 158 0.142857
156 158 0.142857
157 158 0.142857
159 158 0.142857
160 158 0.142857
161 158 0.142857
162 158 0.142857
156 160 0.125
157 160 0.125
158 160 0.125
159 160 0.125
161 160 0.125
162 160 0.125
163 160 0.125
164 160 0.125
156 309 0.125
305 309 0.125
306 309 0.125
307 309 0.125
308 309 0.125
310 309 0.125
311 309 0.125
312 309 0.125
157 188 0.111111
184 188 0.111111
185 188 0.111111
186 188 0.111111
187 188 0.111111
189 188 0.111111
190 188 0.111111
191 188 0.111111
192 188 0.111111
157 274 0.142857
270 274 0.142857
271 274 0.142857
273 274 0.142857
275 274 0.142857
277 274 0.142857
278 274 0.142857
158 162 0.142857
160 162 0.142857
161 162 0.142857
163 162 0.142857
164 162 0.142857
165 162 0.142857
166 162 0.142857
159 282 0.125
278 282 0.125
279 282 0.125
280 282 0.125
281 282 0.125
283 282 0.125
285 282 0.125
286 282 0.125
159 218 0.111111
214 218 0.111111
215 218 0.111111
216 218 0.111111
217 218 0.111111
219 218 0.111111
220 218 0.111111
221 218 0.111111
222 218 0.111111
160 163 0.142857
161 163 0.142857
162 163 0.142857
165 163 0.142857
166 163 0.142857
167 163 0.142857
231 163 0.142857
160 164 0.142857
161 164 0.142857
162 164 0.142857
165 164 0.142857
166 164 0.142857
167 164 0.142857
168 164 0.142857
162 165 0.125
163 165 0.125
164 165 0.125
166 165 0.125
167 165 0.125
168 165 0.125
169 165 0.125
265 165 0.125
162 166 0.125
163 166 0.125
164 166 0.125
165 166 0.125
168 166 0.125
169 166 0.125
170 166 0.125
205 166 0.125
163 231 0.125
227 231 0.125
229 231 0.125
230 231 0.125
232 231 0.125
233 231 0.125
234 231 0.125
235 231 0.125
164 168 0.125
165 168 0.125
166 168 0.125
167 168 0.125
169 168 0.125
170 168 0.125
172 168 0.125
300 168 0.125
165 169 0.125
166 169 0.125
167 169 0.125
168 169 0.125
170 169 0.125
171 169 0.125
172 169 0.125
173 169 0.125
165 265 0.125
261 265 0.125
262 265 0.125
263 265 0.125
264 265 0.125
266 265 0.125
268 265 0.125
269 265 0.125
166 170 0.111111
167 170 0.111111
168 170 0.111111
169 170 0.111111
171 170 0.111111
172 170 0.111111
173 170 0.111111
174 170 0.111111
201 170 0.111111
166 205 0.111111
201 205 0.111111
202 205 0.111111
203 205 0.111111
204 205 0.111111
206 205 0.111111
207 205 0.111111
208 205 0.111111
209 205 0.111111
167 171 0.125
169 171 0.125
170 171 0.125
172 171 0.125
174 171 0.125
175 171 0.125
182 171 0.125
226 171 0.125
170 201 0.142857
198 201 0.142857
199 201 0.142857
200 201 0.142857
203 201 0.142857
204 201 0.142857
205 201 0.142857
171 175 0.166667
174 175 0.166667
176 175 0.166667
177 175 0.166667
178 175 0.166667
179 175 0.166667
171 226 0.142857
179 226 0.142857
222 226 0.142857
223 226 0.142857
224 226 0.142857
227 226 0.142857
228 226 0.142857
172 316 0.111111
256 316 0.111111
312 316 0.111111
313 316 0.111111
314 316 0.111111
315 316 0.111111
317 316 0.111111
318 316 0.111111
320 316 0.111111
173 177 0.125
174 177 0.125
175 177 0.125
176 177 0.125
178 177 0.125
179 177 0.125
180 177 0.125
181 177 0.125
173 277 0.125
273 277 0.125
274 277 0.125
275 277 0.125
276 277 0.125
278 277 0.125
280 277 0.125
281 277 0.125
174 178 0.125
175 178 0.125
176 178 0.125
177 178 0.125
179 178 0.125
180 178 0.125
181 178 0.125
182 178 0.125
177 180 0.166667
178 180 0.166667
181 180 0.166667
182 180 0.166667
183 180 0.166667
184 180 0.166667
177 181 0.125
178 181 0.125
179 181 0.125
180 181 0.125
182 181 0.125
183 181 0.125
184 181 0.125
185 181 0.125
180 184 0.125
181 184 0.125
182 184 0.125
183 184 0.125
185 184 0.125
186 184 0.125
187 184 0.125
188 184 0.125
181 185 0.125
182 185 0.125
183 185 0.125
184 185 0.125
186 185 0.125
187 185 0.125
188 185 0.125
267 185 0.125
186 190 0.125
187 190 0.125
188 190 0.125
189 190 0.125
191 190 0.125
192 190 0.125
193 190 0.125
194 190 0.125
187 258 0.1
247 258 0.1
254 258 0.1
255 258 0.1
256 258 0.1
257 258 0.1
259 258 0.1
260 258 0.1
261 258 0.1
262 258 0.1
187 326 0.1
225 326 0.1
322 326 0.1
323 326 0.1
324 326 0.1
325 326 0.1
327 326 0.1
328 326 0.1
329 326 0.1
330 326 0.1
188 192 0.125
189 192 0.125
190 192 0.125
191 192 0.125
193 192 0.125
194 192 0.125
195 192 0.125
196 192 0.125
189 193 0.125
190 193 0.125
191 193 0.125
192 193 0.125
194 193 0.125
195 193 0.125
196 193 0.125
197 193 0.125
191 195 0.125
192 195 0.125
193 195 0.125
194 195 0.125
196 195 0.125
197 195 0.125
198 195 0.125
199 195 0.125
192 196 0.125
193 196 0.125
194 196 0.125
195 196 0.125
197 196 0.125
198 196 0.125
199 196 0.125
200 196 0.125
195 199 0.142857
196 199 0.142857
198 199 0.142857
200 199 0.142857
201 199 0.142857
202 199 0.142857
203 199 0.142857
196 200 0.125
197 200 0.125
198 200 0.125
199 200 0.125
201 200 0.125
202 200 0.125
203 200 0.125
204 200 0.125
197 263 0.1
222 263 0.1
259 263 0.1
260 263 0.1
261 263 0.1
262 263 0.1
264 263 0.1
265 263 0.1
266 263 0.1
267 263 0.1
199 203 0.142857
200 203 0.142857
201 203 0.142857
204 203 0.142857
205 203 0.142857
207 203 0.142857
318 203 0.142857
200 204 0.125
201 204 0.125
202 204 0.125
203 204 0.125
205 204 0.125
207 204 0.125
208 204 0.125
267 204 0.125
203 207 0.125
204 207 0.125
205 207 0.125
206 207 0.125
208 207 0.125
209 207 0.125
210 207 0.125
211 207 0.125
203 318 0.111111
314 318 0.111111
315 318 0.111111
316 318 0.111111
317 318 0.111111
319 318 0.111111
320 318 0.111111
321 318 0.111111
322 318 0.111111
205 209 0.142857
207 209 0.142857
208 209 0.142857
210 209 0.142857
211 209 0.142857
212 209 0.142857
213 209 0.142857
207 211 0.1
208 211 0.1
209 211 0.1
210 211 0.1
212 211 0.1
213 211 0.1
214 211 0.1
215 211 0.1
252 211 0.1
272 211 0.1
208 212 0.125
209 212 0.125
210 212 0.125
211 212 0.125
213 212 0.125
214 212 0.125
215 212 0.125
216 212 0.125
211 252 0.125
248 252 0.125
249 252 0.125
250 252 0.125
251 252 0.125
254 252 0.125
255 252 0.125
256 252 0.125
211 272 0.125
268 272 0.125
269 272 0.125
270 272 0.125
271 272 0.125
273 272 0.125
275 272 0.125
276 272 0.125
212 216 0.125
213 216 0.125
214 216 0.125
215 216 0.125
217 216 0.125
218 216 0.125
219 216 0.125
220 216 0.125
216 220 0.125
217 220 0.125
218 220 0.125
219 220 0.125
221 220 0.125
222 220 0.125
223 220 0.125
224 220 0.125
217 221 0.1
218 221 0.1
219 221 0.1
220 221 0.1
222 221 0.1
223 221 0.1
224 221 0.1
225 221 0.1
291 221 0.1
243 221 0.1
218 222 0.142857
220 222 0.142857
221 222 0.142857
223 222 0.142857
225 222 0.142857
226 222 0.142857
263 222 0.142857
221 225 0.142857
222 225 0.142857
223 225 0.142857
227 225 0.142857
228 225 0.142857
229 225 0.142857
326 225 0.142857
221 291 0.125
287 291 0.125
288 291 0.125
289 291 0.125
290 291 0.125
292 291 0.125
294 291 0.125
295 291 0.125
221 243 0.142857
239 243 0.142857
240 243 0.142857
241 243 0.142857
244 243 0.142857
245 243 0.142857
297 243 0.142857
223 227 0.125
224 227 0.125
225 227 0.125
226 227 0.125
228 227 0.125
229 227 0.125
230 227 0.125
231 227 0.125
224 303 0.142857
300 303 0.142857
301 303 0.142857
302 303 0.142857
305 303 0.142857
306 303 0.142857
307 303 0.142857
224 319 0.142857
315 319 0.142857
317 319 0.142857
318 319 0.142857
320 319 0.142857
321 319 0.142857
322 319 0.142857
225 229 0.166667
227 229 0.166667
230 229 0.166667
231 229 0.166667
232 229 0.166667
233 229 0.166667
228 232 0.125
229 232 0.125
230 232 0.125
231 232 0.125
234 232 0.125
235 232 0.125
236 232 0.125
317 232 0.125
230 234 0.125
231 234 0.125
232 234 0.125
233 234 0.125
236 234 0.125
237 234 0.125
238 234 0.125
268 234 0.125
231 235 0.142857
232 235 0.142857
233 235 0.142857
236 235 0.142857
237 235 0.142857
238 235 0.142857
239 235 0.142857
232 317 0.1
283 317 0.1
313 317 0.1
314 317 0.1
315 317 0.1
316 317 0.1
318 317 0.1
319 317 0.1
320 317 0.1
321 317 0.1
234 238 0.125
235 238 0.125
236 238 0.125
237 238 0.125
239 238 0.125
240 238 0.125
241 238 0.125
242 238 0.125
234 268 0.111111
264 268 0.111111
265 268 0.111111
266 268 0.111111
267 268 0.111111
269 268 0.111111
270 268 0.111111
271 268 0.111111
272 268 0.111111
235 239 0.125
236 239 0.125
237 239 0.125
238 239 0.125
240 239 0.125
241 239 0.125
242 239 0.125
243 239 0.125
236 240 0.142857
238 240 0.142857
239 240 0.142857
241 240 0.142857
242 240 0.142857
243 240 0.142857
244 240 0.142857
237 241 0.125
238 241 0.125
239 241 0.125
240 241 0.125
242 241 0.125
243 241 0.125
244 241 0.125
245 241 0.125
240 244 0.142857
241 244 0.142857
243 244 0.142857
245 244 0.142857
246 244 0.142857
247 244 0.142857
248 244 0.142857
241 245 0.142857
243 245 0.142857
244 245 0.142857
246 245 0.142857
247 245 0.142857
248 245 0.142857
249 245 0.142857
242 246 0.125
244 246 0.125
245 246 0.125
247 246 0.125
248 246 0.125
249 246 0.125
250 246 0.125
300 246 0.125
242 302 0.125
298 302 0.125
299 302 0.125
301 302 0.125
303 302 0.125
304 302 0.125
305 302 0.125
306 302 0.125
243 297 0.142857
270 297 0.142857
295 297 0.142857
296 297 0.142857
298 297 0.142857
299 297 0.142857
300 297 0.142857
244 247 0.142857
245 247 0.142857
246 247 0.142857
249 247 0.142857
250 247 0.142857
251 247 0.142857
258 247 0.142857
244 248 0.142857
245 248 0.142857
246 248 0.142857
249 248 0.142857
250 248 0.142857
251 248 0.142857
252 248 0.142857
246 250 0.125
247 250 0.125
248 250 0.125
249 250 0.125
251 250 0.125
252 250 0.125
253 250 0.125
254 250 0.125
247 251 0.125
248 251 0.125
249 251 0.125
250 251 0.125
252 251 0.125
253 251 0.125
254 251 0.125
255 251 0.125
250 253 0.166667
251 253 0.166667
254 253 0.166667
255 253 0.166667
256 253 0.166667
257 253 0.166667
251 255 0.125
252 255 0.125
253 255 0.125
254 255 0.125
256 255 0.125
257 255 0.125
258 255 0.125
259 255 0.125
252 256 0.111111
253 256 0.111111
254 256 0.111111
255 256 0.111111
257 256 0.111111
258 256 0.111111
259 256 0.111111
260 256 0.111111
316 256 0.111111
253 257 0.125
254 257 0.125
255 257 0.125
256 257 0.125
258 257 0.125
259 257 0.125
260 257 0.125
261 257 0.125
254 293 0.142857
289 293 0.142857
290 293 0.142857
292 293 0.142857
294 293 0.142857
295 293 0.142857
296 293 0.142857
255 259 0.125
256 259 0.125
257 259 0.125
258 259 0.125
260 259 0.125
261 259 0.125
262 259 0.125
263 259 0.125
256 260 0.125
257 260 0.125
258 260 0.125
259 260 0.125
261 260 0.125
262 260 0.125
263 260 0.125
264 260 0.125
257 261 0.111111
258 261 0.111111
259 261 0.111111
260 261 0.111111
262 261 0.111111
263 261 0.111111
264 261 0.111111
265 261 0.111111
299 261 0.111111
258 262 0.125
259 262 0.125
260 262 0.125
261 262 0.125
263 262 0.125
264 262 0.125
265 262 0.125
266 262 0.125
261 299 0.125
295 299 0.125
296 299 0.125
297 299 0.125
298 299 0.125
300 299 0.125
301 299 0.125
302 299 0.125
265 269 0.142857
267 269 0.142857
268 269 0.142857
270 269 0.142857
271 269 0.142857
272 269 0.142857
273 269 0.142857
267 270 0.125
268 270 0.125
269 270 0.125
271 270 0.125
272 270 0.125
273 270 0.125
274 270 0.125
297 270 0.125
267 271 0.125
268 271 0.125
269 271 0.125
270 271 0.125
272 271 0.125
273 271 0.125
274 271 0.125
275 271 0.125
269 273 0.125
270 273 0.125
271 273 0.125
272 273 0.125
274 273 0.125
275 273 0.125
276 273 0.125
277 273 0.125
274 278 0.125
275 278 0.125
276 278 0.125
277 278 0.125
279 278 0.125
280 278 0.125
281 278 0.125
282 278 0.125
277 281 0.125
278 281 0.125
279 281 0.125
280 281 0.125
282 281 0.125
283 281 0.125
284 281 0.125
285 281 0.125
280 283 0.142857
281 283 0.142857
282 283 0.142857
285 283 0.142857
286 283 0.142857
287 283 0.142857
317 283 0.142857
280 284 0.166667
281 284 0.166667
285 284 0.166667
286 284 0.166667
287 284 0.166667
288 284 0.166667
281 285 0.125
282 285 0.125
283 285 0.125
284 285 0.125
286 285 0.125
287 285 0.125
288 285 0.125
289 285 0.125
282 286 0.125
283 286 0.125
284 286 0.125
285 286 0.125
287 286 0.125
288 286 0.125
289 286 0.125
290 286 0.125
283 287 0.125
284 287 0.125
285 287 0.125
286 287 0.125
288 287 0.125
289 287 0.125
290 287 0.125
291 287 0.125
284 288 0.125
285 288 0.125
286 288 0.125
287 288 0.125
289 288 0.125
290 288 0.125
291 288 0.125
292 288 0.125
288 292 0.125
289 292 0.125
290 292 0.125
291 292 0.125
293 292 0.125
294 292 0.125
295 292 0.125
296 292 0.125
291 295 0.125
292 295 0.125
293 295 0.125
294 295 0.125
296 295 0.125
297 295 0.125
298 295 0.125
299 295 0.125
294 298 0.125
295 298 0.125
296 298 0.125
297 298 0.125
299 298 0.125
300 298 0.125
301 298 0.125
302 298 0.125
300 304 0.142857
301 304 0.142857
302 304 0.142857
305 304 0.142857
306 304 0.142857
307 304 0.142857
308 304 0.142857
303 307 0.142857
304 307 0.142857
306 307 0.142857
308 307 0.142857
309 307 0.142857
310 307 0.142857
311 307 0.142857
304 308 0.125
305 308 0.125
306 308 0.125
307 308 0.125
309 308 0.125
310 308 0.125
311 308 0.125
312 308 0.125
307 310 0.142857
308 310 0.142857
309 310 0.142857
311 310 0.142857
312 310 0.142857
313 310 0.142857
314 310 0.142857
308 312 0.125
309 312 0.125
310 312 0.125
311 312 0.125
313 312 0.125
314 312 0.125
315 312 0.125
316 312 0.125
310 313 0.142857
311 313 0.142857
312 313 0.142857
314 313 0.142857
315 313 0.142857
316 313 0.142857
317 313 0.142857
312 315 0.142857
313 315 0.142857
314 315 0.142857
316 315 0.142857
317 315 0.142857
318 315 0.142857
319 315 0.142857
318 322 0.125
319 322 0.125
320 322 0.125
321 322 0.125
323 322 0.125
324 322 0.125
325 322 0.125
326 322 0.125
320 323 0.142857
321 323 0.142857
322 323 0.142857
324 323 0.142857
325 323 0.142857
326 323 0.142857
327 323 0.142857
321 324 0.142857
322 324 0.142857
323 324 0.142857
325 324 0.142857
326 324 0.142857
327 324 0.142857
328 324 0.142857
322 325 0.142857
323 325 0.142857
324 325 0.142857
326 325 0.142857
327 325 0.142857
328 325 0.142857
329 325 0.142857
1 0 0.142857
330 0 0.142857
3 0 0.142857
4 0 0.142857
327 0 0.142857
56 0 0.142857
113 0 0.142857
