0 1 0.125
2 1 0.125
3 1 0.125
397 1 0.125
4 1 0.125
396 1 0.125
5 1 0.125
395 1 0.125
0 397 0.111111
1 397 0.111111
2 397 0.111111
3 397 0.111111
352 397 0.111111
393 397 0.111111
394 397 0.111111
395 397 0.111111
396 397 0.111111
0 2 0.125
1 2 0.125
3 2 0.125
4 2 0.125
5 2 0.125
397 2 0.125
6 2 0.125
396 2 0.125
0 396 0.125
1 396 0.125
2 396 0.125
392 396 0.125
393 396 0.125
394 396 0.125
395 396 0.125
397 396 0.125
0 3 0.125
1 3 0.125
2 3 0.125
4 3 0.125
5 3 0.125
6 3 0.125
7 3 0.125
397 3 0.125
0 395 0.125
1 395 0.125
25 395 0.125
391 395 0.125
393 395 0.125
394 395 0.125
396 395 0.125
397 395 0.125
0 4 0.125
1 4 0.125
2 4 0.125
3 4 0.125
5 4 0.125
6 4 0.125
7 4 0.125
8 4 0.125
0 394 0.125
390 394 0.125
391 394 0.125
392 394 0.125
393 394 0.125
395 394 0.125
396 394 0.125
397 394 0.125
0 185 0.142857
182 185 0.142857
183 185 0.142857
184 185 0.142857
186 185 0.142857
188 185 0.142857
189 185 0.142857
0 273 0.125
13 273 0.125
269 273 0.125
270 273 0.125
271 273 0.125
274 273 0.125
275 273 0.125
276 273 0.125
1 5 0.1
2 5 0.1
3 5 0.1
4 5 0.1
6 5 0.1
7 5 0.1
8 5 0.1
9 5 0.1
161 5 0.1
190 5 0.1
2 6 0.125
3 6 0.125
4 6 0.125
5 6 0.125
7 6 0.125
8 6 0.125
9 6 0.125
10 6 0.125
3 7 0.125
4 7 0.125
5 7 0.125
6 7 0.125
8 7 0.125
9 7 0.125
10 7 0.125
11 7 0.125
4 8 0.125
5 8 0.125
6 8 0.125
7 8 0.125
9 8 0.125
10 8 0.125
11 8 0.125
12 8 0.125
5 9 0.125
6 9 0.125
7 9 0.125
8 9 0.125
11 9 0.125
12 9 0.125
13 9 0.125
209 9 0.125
5 161 0.125
157 161 0.125
158 161 0.125
159 161 0.125
162 161 0.125
164 161 0.125
165 161 0.125
280 161 0.125
5 190 0.142857
158 190 0.142857
186 190 0.142857
187 190 0.142857
189 190 0.142857
191 190 0.142857
192 190 0.142857
6 10 0.125
7 10 0.125
8 10 0.125
12 10 0.125
13 10 0.125
14 10 0.125
70 10 0.125
127 10 0.125
7 11 0.125
8 11 0.125
9 11 0.125
12 11 0.125
14 11 0.125
15 11 0.125
229 11 0.125
134 11 0.125
8 12 0.125
9 12 0.125
10 12 0.125
11 12 0.125
14 12 0.125
15 12 0.125
16 12 0.125
354 12 0.125
9 13 0.166667
10 13 0.166667
14 13 0.166667
17 13 0.166667
273 13 0.166667
83 13 0.166667
9 209 0.111111
205 209 0.111111
206 209 0.111111
207 209 0.111111
208 209 0.111111
210 209 0.111111
211 209 0.111111
212 209 0.111111
213 209 0.111111
10 14 0.125
11 14 0.125
12 14 0.125
13 14 0.125
15 14 0.125
16 14 0.125
17 14 0.125
18 14 0.125
10 70 0.111111
67 70 0.111111
68 70 0.111111
69 70 0.111111
71 70 0.111111
72 70 0.111111
73 70 0.111111
74 70 0.111111
242 70 0.111111
10 127 0.111111
123 127 0.111111
124 127 0.111111
125 127 0.111111
126 127 0.111111
128 127 0.111111
129 127 0.111111
130 127 0.111111
152 127 0.111111
11 15 0.142857
12 15 0.142857
14 15 0.142857
16 15 0.142857
17 15 0.142857
18 15 0.142857
19 15 0.142857
11 229 0.142857
225 229 0.142857
227 229 0.142857
228 229 0.142857
231 229 0.142857
232 229 0.142857
233 229 0.142857
11 134 0.090909
130 134 0.090909
131 134 0.090909
132 134 0.090909
133 134 0.090909
135 134 0.090909
136 134 0.090909
137 134 0.090909
138 134 0.090909
204 134 0.090909
382 134 0.090909
12 16 0.142857
14 16 0.142857
15 16 0.142857
18 16 0.142857
19 16 0.142857
20 16 0.142857
306 16 0.142857
12 354 0.111111
158 354 0.111111
350 354 0.111111
352 354 0.111111
353 354 0.111111
355 354 0.111111
356 354 0.111111
357 354 0.111111
358 354 0.111111
13 17 0.142857
14 17 0.142857
15 17 0.142857
18 17 0.142857
19 17 0.142857
20 17 0.142857
21 17 0.142857
13 83 0.111111
79 83 0.111111
80 83 0.111111
81 83 0.111111
82 83 0.111111
84 83 0.111111
85 83 0.111111
86 83 0.111111
87 83 0.111111
14 18 0.125
15 18 0.125
16 18 0.125
17 18 0.125
19 18 0.125
20 18 0.125
21 18 0.125
22 18 0.125
15 19 0.125
16 19 0.125
17 19 0.125
18 19 0.125
20 19 0.125
21 19 0.125
22 19 0.125
23 19 0.125
16 20 0.125
17 20 0.125
18 20 0.125
19 20 0.125
22 20 0.125
24 20 0.125
302 20 0.125
277 20 0.125
16 306 0.111111
302 306 0.111111
303 306 0.111111
304 306 0.111111
305 306 0.111111
307 306 0.111111
308 306 0.111111
309 306 0.111111
310 306 0.111111
17 21 0.125
18 21 0.125
19 21 0.125
22 21 0.125
23 21 0.125
24 21 0.125
25 21 0.125
151 21 0.125
18 22 0.125
19 22 0.125
20 22 0.125
21 22 0.125
25 22 0.125
375 22 0.125
60 22 0.125
366 22 0.125
19 23 0.125
21 23 0.125
24 23 0.125
25 23 0.125
26 23 0.125
27 23 0.125
238 23 0.125
370 23 0.125
20 24 0.125
21 24 0.125
23 24 0.125
25 24 0.125
27 24 0.125
28 24 0.125
71 24 0.125
56 24 0.125
20 302 0.142857
203 302 0.142857
298 302 0.142857
301 302 0.142857
304 302 0.142857
305 302 0.142857
306 302 0.142857
20 277 0.111111
88 277 0.111111
274 277 0.111111
275 277 0.111111
276 277 0.111111
278 277 0.111111
279 277 0.111111
280 277 0.111111
281 277 0.111111
21 25 0.125
22 25 0.125
23 25 0.125
24 25 0.125
26 25 0.125
27 25 0.125
29 25 0.125
395 25 0.125
21 151 0.142857
53 151 0.142857
147 151 0.142857
148 151 0.142857
149 151 0.142857
153 151 0.142857
392 151 0.142857
22 375 0.111111
145 375 0.111111
371 375 0.111111
372 375 0.111111
373 375 0.111111
374 375 0.111111
377 375 0.111111
378 375 0.111111
379 375 0.111111
22 60 0.111111
56 60 0.111111
57 60 0.111111
58 60 0.111111
59 60 0.111111
61 60 0.111111
62 60 0.111111
64 60 0.111111
230 60 0.111111
22 366 0.111111
341 366 0.111111
362 366 0.111111
363 366 0.111111
364 366 0.111111
365 366 0.111111
368 366 0.111111
369 366 0.111111
370 366 0.111111
23 26 0.166667
25 26 0.166667
28 26 0.166667
29 26 0.166667
30 26 0.166667
126 26 0.166667
23 27 0.125
24 27 0.125
25 27 0.125
28 27 0.125
29 27 0.125
30 27 0.125
31 27 0.125
54 27 0.125
23 238 0.125
234 238 0.125
235 238 0.125
236 238 0.125
237 238 0.125
239 238 0.125
240 238 0.125
242 238 0.125
23 370 0.125
366 370 0.125
367 370 0.125
368 370 0.125
369 370 0.125
371 370 0.125
372 370 0.125
374 370 0.125
24 28 0.142857
26 28 0.142857
27 28 0.142857
29 28 0.142857
30 28 0.142857
31 28 0.142857
32 28 0.142857
24 71 0.111111
67 71 0.111111
68 71 0.111111
69 71 0.111111
70 71 0.111111
73 71 0.111111
74 71 0.111111
75 71 0.111111
266 71 0.111111
24 56 0.125
52 56 0.125
54 56 0.125
55 56 0.125
57 56 0.125
59 56 0.125
60 56 0.125
206 56 0.125
25 29 0.111111
26 29 0.111111
27 29 0.111111
28 29 0.111111
31 29 0.111111
32 29 0.111111
33 29 0.111111
43 29 0.111111
336 29 0.111111
26 30 0.142857
27 30 0.142857
28 30 0.142857
32 30 0.142857
33 30 0.142857
34 30 0.142857
198 30 0.142857
26 126 0.111111
122 126 0.111111
123 126 0.111111
124 126 0.111111
125 126 0.111111
127 126 0.111111
128 126 0.111111
129 126 0.111111
130 126 0.111111
27 31 0.125
28 31 0.125
29 31 0.125
32 31 0.125
33 31 0.125
34 31 0.125
35 31 0.125
97 31 0.125
27 54 0.142857
50 54 0.142857
52 54 0.142857
53 54 0.142857
56 54 0.142857
57 54 0.142857
58 54 0.142857
28 32 0.125
29 32 0.125
30 32 0.125
31 32 0.125
33 32 0.125
34 32 0.125
35 32 0.125
36 32 0.125
29 33 0.125
30 33 0.125
31 33 0.125
32 33 0.125
34 33 0.125
35 33 0.125
36 33 0.125
107 33 0.125
29 43 0.111111
40 43 0.111111
41 43 0.111111
42 43 0.111111
44 43 0.111111
45 43 0.111111
46 43 0.111111
47 43 0.111111
199 43 0.111111
29 336 0.125
248 336 0.125
332 336 0.125
333 336 0.125
335 336 0.125
338 336 0.125
339 336 0.125
340 336 0.125
30 34 0.125
31 34 0.125
32 34 0.125
33 34 0.125
35 34 0.125
37 34 0.125
38 34 0.125
355 34 0.125
30 198 0.111111
194 198 0.111111
195 198 0.111111
196 198 0.111111
197 198 0.111111
199 198 0.111111
200 198 0.111111
201 198 0.111111
202 198 0.111111
31 35 0.125
32 35 0.125
33 35 0.125
34 35 0.125
36 35 0.125
37 35 0.125
38 35 0.125
39 35 0.125
31 97 0.111111
93 97 0.111111
94 97 0.111111
95 97 0.111111
96 97 0.111111
98 97 0.111111
100 97 0.111111
101 97 0.111111
372 97 0.111111
32 36 0.142857
33 36 0.142857
35 36 0.142857
37 36 0.142857
38 36 0.142857
39 36 0.142857
40 36 0.142857
33 107 0.111111
103 107 0.111111
104 107 0.111111
106 107 0.111111
108 107 0.111111
109 107 0.111111
110 107 0.111111
111 107 0.111111
388 107 0.111111
34 37 0.125
35 37 0.125
36 37 0.125
38 37 0.125
39 37 0.125
40 37 0.125
41 37 0.125
110 37 0.125
34 38 0.125
35 38 0.125
36 38 0.125
37 38 0.125
39 38 0.125
40 38 0.125
42 38 0.125
203 38 0.125
34 355 0.111111
351 355 0.111111
352 355 0.111111
353 355 0.111111
354 355 0.111111
356 355 0.111111
357 355 0.111111
358 355 0.111111
359 355 0.111111
35 39 0.125
36 39 0.125
37 39 0.125
38 39 0.125
40 39 0.125
41 39 0.125
42 39 0.125
105 39 0.125
36 40 0.111111
37 40 0.111111
38 40 0.111111
39 40 0.111111
41 40 0.111111
42 40 0.111111
43 40 0.111111
44 40 0.111111
392 40 0.111111
37 41 0.142857
39 41 0.142857
40 41 0.142857
43 41 0.142857
44 41 0.142857
45 41 0.142857
182 41 0.142857
37 110 0.111111
106 110 0.111111
107 110 0.111111
108 110 0.111111
109 110 0.111111
111 110 0.111111
113 110 0.111111
114 110 0.111111
303 110 0.111111
38 42 0.125
39 42 0.125
40 42 0.125
43 42 0.125
44 42 0.125
45 42 0.125
46 42 0.125
384 42 0.125
38 203 0.1
199 203 0.1
200 203 0.1
201 203 0.1
202 203 0.1
204 203 0.1
205 203 0.1
206 203 0.1
207 203 0.1
302 203 0.1
39 105 0.111111
46 105 0.111111
101 105 0.111111
102 105 0.111111
103 105 0.111111
104 105 0.111111
106 105 0.111111
108 105 0.111111
109 105 0.111111
40 44 0.125
41 44 0.125
42 44 0.125
43 44 0.125
45 44 0.125
46 44 0.125
47 44 0.125
48 44 0.125
40 392 0.125
151 392 0.125
362 392 0.125
388 392 0.125
389 392 0.125
391 392 0.125
394 392 0.125
396 392 0.125
41 45 0.125
42 45 0.125
43 45 0.125
44 45 0.125
46 45 0.125
47 45 0.125
48 45 0.125
234 45 0.125
41 182 0.111111
178 182 0.111111
179 182 0.111111
180 182 0.111111
181 182 0.111111
183 182 0.111111
184 182 0.111111
185 182 0.111111
186 182 0.111111
42 46 0.111111
43 46 0.111111
44 46 0.111111
45 46 0.111111
47 46 0.111111
48 46 0.111111
49 46 0.111111
50 46 0.111111
105 46 0.111111
42 384 0.142857
327 384 0.142857
381 384 0.142857
383 384 0.142857
385 384 0.142857
386 384 0.142857
387 384 0.142857
43 47 0.125
44 47 0.125
45 47 0.125
46 47 0.125
48 47 0.125
49 47 0.125
50 47 0.125
51 47 0.125
43 199 0.125
195 199 0.125
196 199 0.125
197 199 0.125
198 199 0.125
201 199 0.125
202 199 0.125
203 199 0.125
44 48 0.125
45 48 0.125
46 48 0.125
47 48 0.125
49 48 0.125
50 48 0.125
51 48 0.125
52 48 0.125
45 234 0.090909
53 234 0.090909
230 234 0.090909
231 234 0.090909
232 234 0.090909
233 234 0.090909
235 234 0.090909
236 234 0.090909
237 234 0.090909
238 234 0.090909
318 234 0.090909
46 49 0.142857
47 49 0.142857
48 49 0.142857
50 49 0.142857
51 49 0.142857
52 49 0.142857
53 49 0.142857
46 50 0.125
47 50 0.125
48 50 0.125
49 50 0.125
51 50 0.125
52 50 0.125
53 50 0.125
54 50 0.125
47 51 0.125
48 51 0.125
49 51 0.125
50 51 0.125
52 51 0.125
53 51 0.125
55 51 0.125
290 51 0.125
48 52 0.125
49 52 0.125
50 52 0.125
51 52 0.125
53 52 0.125
54 52 0.125
55 52 0.125
56 52 0.125
49 53 0.111111
50 53 0.111111
51 53 0.111111
52 53 0.111111
54 53 0.111111
55 53 0.111111
57 53 0.111111
234 53 0.111111
151 53 0.111111
51 55 0.125
52 55 0.125
53 55 0.125
56 55 0.125
57 55 0.125
58 55 0.125
59 55 0.125
309 55 0.125
51 290 0.125
143 290 0.125
286 290 0.125
288 290 0.125
289 290 0.125
291 290 0.125
292 290 0.125
293 290 0.125
53 57 0.125
54 57 0.125
55 57 0.125
56 57 0.125
58 57 0.125
59 57 0.125
60 57 0.125
61 57 0.125
54 58 0.142857
55 58 0.142857
57 58 0.142857
59 58 0.142857
60 58 0.142857
61 58 0.142857
62 58 0.142857
55 59 0.125
56 59 0.125
57 59 0.125
58 59 0.125
60 59 0.125
61 59 0.125
62 59 0.125
294 59 0.125
55 309 0.125
305 309 0.125
306 309 0.125
307 309 0.125
308 309 0.125
311 309 0.125
312 309 0.125
313 309 0.125
56 206 0.1
90 206 0.1
202 206 0.1
203 206 0.1
204 206 0.1
205 206 0.1
207 206 0.1
208 206 0.1
209 206 0.1
210 206 0.1
57 61 0.111111
58 61 0.111111
59 61 0.111111
60 61 0.111111
62 61 0.111111
63 61 0.111111
64 61 0.111111
65 61 0.111111
166 61 0.111111
58 62 0.125
59 62 0.125
60 62 0.125
61 62 0.125
63 62 0.125
64 62 0.125
65 62 0.125
66 62 0.125
59 294 0.125
291 294 0.125
292 294 0.125
293 294 0.125
295 294 0.125
296 294 0.125
297 294 0.125
298 294 0.125
60 64 0.111111
61 64 0.111111
62 64 0.111111
63 64 0.111111
65 64 0.111111
66 64 0.111111
67 64 0.111111
68 64 0.111111
195 64 0.111111
60 230 0.125
226 230 0.125
227 230 0.125
228 230 0.125
231 230 0.125
232 230 0.125
233 230 0.125
234 230 0.125
61 63 0.166667
62 63 0.166667
64 63 0.166667
65 63 0.166667
66 63 0.166667
67 63 0.166667
61 65 0.111111
62 65 0.111111
63 65 0.111111
64 65 0.111111
66 65 0.111111
67 65 0.111111
68 65 0.111111
69 65 0.111111
150 65 0.111111
61 166 0.125
162 166 0.125
163 166 0.125
164 166 0.125
165 166 0.125
168 166 0.125
169 166 0.125
170 166 0.125
62 66 0.125
63 66 0.125
64 66 0.125
65 66 0.125
67 66 0.125
68 66 0.125
69 66 0.125
193 66 0.125
63 67 0.125
64 67 0.125
65 67 0.125
66 67 0.125
69 67 0.125
70 67 0.125
71 67 0.125
176 67 0.125
64 68 0.111111
65 68 0.111111
66 68 0.111111
70 68 0.111111
71 68 0.111111
72 68 0.111111
349 68 0.111111
248 68 0.111111
226 68 0.111111
64 195 0.125
191 195 0.125
192 195 0.125
193 195 0.125
194 195 0.125
197 195 0.125
198 195 0.125
199 195 0.125
65 69 0.142857
66 69 0.142857
67 69 0.142857
70 69 0.142857
71 69 0.142857
72 69 0.142857
293 69 0.142857
65 150 0.125
146 150 0.125
147 150 0.125
148 150 0.125
149 150 0.125
152 150 0.125
154 150 0.125
193 150 0.125
66 193 0.111111
150 193 0.111111
189 193 0.111111
191 193 0.111111
192 193 0.111111
194 193 0.111111
195 193 0.111111
196 193 0.111111
197 193 0.111111
67 176 0.111111
172 176 0.111111
173 176 0.111111
174 176 0.111111
175 176 0.111111
177 176 0.111111
178 176 0.111111
179 176 0.111111
180 176 0.111111
68 72 0.125
69 72 0.125
70 72 0.125
73 72 0.125
74 72 0.125
75 72 0.125
76 72 0.125
344 72 0.125
68 349 0.111111
135 349 0.111111
345 349 0.111111
346 349 0.111111
347 349 0.111111
348 349 0.111111
350 349 0.111111
351 349 0.111111
353 349 0.111111
68 248 0.125
244 248 0.125
245 248 0.125
246 248 0.125
247 248 0.125
250 248 0.125
252 248 0.125
336 248 0.125
68 226 0.125
188 226 0.125
222 226 0.125
223 226 0.125
224 226 0.125
225 226 0.125
228 226 0.125
230 226 0.125
69 293 0.111111
289 293 0.111111
290 293 0.111111
291 293 0.111111
292 293 0.111111
294 293 0.111111
295 293 0.111111
296 293 0.111111
297 293 0.111111
70 73 0.142857
71 73 0.142857
72 73 0.142857
74 73 0.142857
75 73 0.142857
77 73 0.142857
387 73 0.142857
70 74 0.125
71 74 0.125
72 74 0.125
73 74 0.125
75 74 0.125
76 74 0.125
77 74 0.125
78 74 0.125
70 242 0.142857
238 242 0.142857
239 242 0.142857
241 242 0.142857
243 242 0.142857
244 242 0.142857
246 242 0.142857
71 75 0.125
72 75 0.125
73 75 0.125
74 75 0.125
76 75 0.125
77 75 0.125
78 75 0.125
79 75 0.125
71 266 0.111111
118 266 0.111111
240 266 0.111111
262 266 0.111111
263 266 0.111111
265 266 0.111111
268 266 0.111111
269 266 0.111111
270 266 0.111111
72 76 0.125
74 76 0.125
75 76 0.125
77 76 0.125
78 76 0.125
79 76 0.125
80 76 0.125
338 76 0.125
72 344 0.125
263 344 0.125
340 344 0.125
341 344 0.125
342 344 0.125
343 344 0.125
346 344 0.125
347 344 0.125
73 77 0.125
74 77 0.125
75 77 0.125
76 77 0.125
78 77 0.125
79 77 0.125
80 77 0.125
81 77 0.125
73 387 0.111111
284 387 0.111111
383 387 0.111111
384 387 0.111111
385 387 0.111111
386 387 0.111111
389 387 0.111111
390 387 0.111111
391 387 0.111111
74 78 0.125
75 78 0.125
76 78 0.125
77 78 0.125
79 78 0.125
80 78 0.125
81 78 0.125
82 78 0.125
75 79 0.111111
76 79 0.111111
77 79 0.111111
78 79 0.111111
80 79 0.111111
81 79 0.111111
82 79 0.111111
83 79 0.111111
279 79 0.111111
76 80 0.111111
77 80 0.111111
78 80 0.111111
79 80 0.111111
81 80 0.111111
82 80 0.111111
83 80 0.111111
84 80 0.111111
160 80 0.111111
76 338 0.142857
334 338 0.142857
335 338 0.142857
336 338 0.142857
339 338 0.142857
340 338 0.142857
341 338 0.142857
77 81 0.125
78 81 0.125
79 81 0.125
80 81 0.125
82 81 0.125
83 81 0.125
84 81 0.125
85 81 0.125
78 82 0.125
79 82 0.125
80 82 0.125
81 82 0.125
83 82 0.125
84 82 0.125
85 82 0.125
86 82 0.125
79 279 0.125
275 279 0.125
276 279 0.125
277 279 0.125
278 279 0.125
280 279 0.125
281 279 0.125
283 279 0.125
80 84 0.125
81 84 0.125
82 84 0.125
83 84 0.125
85 84 0.125
86 84 0.125
87 84 0.125
88 84 0.125
80 160 0.125
156 160 0.125
157 160 0.125
158 160 0.125
159 160 0.125
162 160 0.125
163 160 0.125
164 160 0.125
81 85 0.111111
82 85 0.111111
83 85 0.111111
84 85 0.111111
86 85 0.111111
87 85 0.111111
88 85 0.111111
89 85 0.111111
323 85 0.111111
82 86 0.125
83 86 0.125
84 86 0.125
85 86 0.125
87 86 0.125
88 86 0.125
89 86 0.125
90 86 0.125
83 87 0.125
84 87 0.125
85 87 0.125
86 87 0.125
89 87 0.125
90 87 0.125
91 87 0.125
274 87 0.125
84 88 0.142857
85 88 0.142857
86 88 0.142857
89 88 0.142857
90 88 0.142857
92 88 0.142857
277 88 0.142857
85 89 0.111111
86 89 0.111111
87 89 0.111111
88 89 0.111111
90 89 0.111111
91 89 0.111111
92 89 0.111111
93 89 0.111111
365 89 0.111111
85 323 0.125
319 323 0.125
320 323 0.125
321 323 0.125
322 323 0.125
325 323 0.125
326 323 0.125
327 323 0.125
86 90 0.125
87 90 0.125
88 90 0.125
89 90 0.125
93 90 0.125
94 90 0.125
206 90 0.125
96 90 0.125
87 91 0.142857
89 91 0.142857
92 91 0.142857
93 91 0.142857
94 91 0.142857
95 91 0.142857
272 91 0.142857
87 274 0.1
125 274 0.1
270 274 0.1
271 274 0.1
272 274 0.1
273 274 0.1
276 274 0.1
277 274 0.1
278 274 0.1
280 274 0.1
88 92 0.142857
89 92 0.142857
91 92 0.142857
93 92 0.142857
94 92 0.142857
95 92 0.142857
96 92 0.142857
89 93 0.125
90 93 0.125
91 93 0.125
92 93 0.125
94 93 0.125
95 93 0.125
96 93 0.125
97 93 0.125
89 365 0.142857
362 365 0.142857
363 365 0.142857
364 365 0.142857
366 365 0.142857
367 365 0.142857
368 365 0.142857
90 94 0.125
91 94 0.125
92 94 0.125
93 94 0.125
95 94 0.125
96 94 0.125
97 94 0.125
98 94 0.125
90 96 0.111111
92 96 0.111111
93 96 0.111111
94 96 0.111111
95 96 0.111111
97 96 0.111111
98 96 0.111111
99 96 0.111111
100 96 0.111111
91 95 0.125
92 95 0.125
93 95 0.125
94 95 0.125
96 95 0.125
97 95 0.125
98 95 0.125
99 95 0.125
91 272 0.125
268 272 0.125
269 272 0.125
270 272 0.125
271 272 0.125
274 272 0.125
275 272 0.125
348 272 0.125
94 98 0.125
95 98 0.125
96 98 0.125
97 98 0.125
99 98 0.125
100 98 0.125
101 98 0.125
232 98 0.125
95 99 0.142857
96 99 0.142857
98 99 0.142857
100 99 0.142857
101 99 0.142857
102 99 0.142857
103 99 0.142857
96 100 0.125
97 100 0.125
98 100 0.125
99 100 0.125
101 100 0.125
102 100 0.125
103 100 0.125
104 100 0.125
97 101 0.125
98 101 0.125
99 101 0.125
100 101 0.125
102 101 0.125
103 101 0.125
105 101 0.125
177 101 0.125
97 372 0.111111
361 372 0.111111
368 372 0.111111
369 372 0.111111
370 372 0.111111
371 372 0.111111
374 372 0.111111
375 372 0.111111
376 372 0.111111
98 232 0.111111
228 232 0.111111
229 232 0.111111
230 232 0.111111
231 232 0.111111
233 232 0.111111
234 232 0.111111
235 232 0.111111
236 232 0.111111
99 102 0.142857
100 102 0.142857
101 102 0.142857
103 102 0.142857
104 102 0.142857
105 102 0.142857
106 102 0.142857
99 103 0.125
100 103 0.125
101 103 0.125
102 103 0.125
104 103 0.125
105 103 0.125
106 103 0.125
107 103 0.125
100 104 0.142857
102 104 0.142857
103 104 0.142857
105 104 0.142857
106 104 0.142857
107 104 0.142857
108 104 0.142857
101 177 0.111111
173 177 0.111111
174 177 0.111111
175 177 0.111111
176 177 0.111111
178 177 0.111111
179 177 0.111111
180 177 0.111111
181 177 0.111111
102 106 0.125
103 106 0.125
104 106 0.125
105 106 0.125
107 106 0.125
108 106 0.125
109 106 0.125
110 106 0.125
104 108 0.125
105 108 0.125
106 108 0.125
107 108 0.125
109 108 0.125
110 108 0.125
111 108 0.125
112 108 0.125
105 109 0.125
106 109 0.125
107 109 0.125
108 109 0.125
110 109 0.125
111 109 0.125
112 109 0.125
113 109 0.125
107 111 0.125
108 111 0.125
109 111 0.125
110 111 0.125
112 111 0.125
113 111 0.125
114 111 0.125
115 111 0.125
107 388 0.166667
385 388 0.166667
386 388 0.166667
389 388 0.166667
391 388 0.166667
392 388 0.166667
108 112 0.142857
109 112 0.142857
111 112 0.142857
113 112 0.142857
114 112 0.142857
115 112 0.142857
116 112 0.142857
109 113 0.125
110 113 0.125
111 113 0.125
112 113 0.125
114 113 0.125
115 113 0.125
117 113 0.125
155 113 0.125
110 114 0.125
111 114 0.125
112 114 0.125
113 114 0.125
115 114 0.125
116 114 0.125
328 114 0.125
194 114 0.125
110 303 0.142857
299 303 0.142857
300 303 0.142857
301 303 0.142857
304 303 0.142857
306 303 0.142857
307 303 0.142857
111 115 0.111111
112 115 0.111111
113 115 0.111111
114 115 0.111111
116 115 0.111111
117 115 0.111111
119 115 0.111111
382 115 0.111111
345 115 0.111111
112 116 0.142857
114 116 0.142857
115 116 0.142857
117 116 0.142857
118 116 0.142857
119 116 0.142857
120 116 0.142857
113 117 0.125
115 117 0.125
116 117 0.125
118 117 0.125
119 117 0.125
120 117 0.125
121 117 0.125
207 117 0.125
113 155 0.125
152 155 0.125
153 155 0.125
154 155 0.125
156 155 0.125
157 155 0.125
159 155 0.125
311 155 0.125
114 328 0.111111
324 328 0.111111
325 328 0.111111
326 328 0.111111
327 328 0.111111
329 328 0.111111
330 328 0.111111
331 328 0.111111
332 328 0.111111
114 194 0.125
191 194 0.125
192 194 0.125
193 194 0.125
195 194 0.125
196 194 0.125
197 194 0.125
198 194 0.125
115 119 0.111111
116 119 0.111111
117 119 0.111111
118 119 0.111111
120 119 0.111111
121 119 0.111111
122 119 0.111111
123 119 0.111111
390 119 0.111111
115 382 0.125
134 382 0.125
378 382 0.125
379 382 0.125
380 382 0.125
381 382 0.125
385 382 0.125
386 382 0.125
115 345 0.125
341 345 0.125
343 345 0.125
346 345 0.125
347 345 0.125
348 345 0.125
349 345 0.125
361 345 0.125
116 118 0.142857
117 118 0.142857
119 118 0.142857
121 118 0.142857
350 118 0.142857
334 118 0.142857
266 118 0.142857
116 120 0.142857
117 120 0.142857
119 120 0.142857
121 120 0.142857
122 120 0.142857
123 120 0.142857
124 120 0.142857
117 121 0.125
118 121 0.125
119 121 0.125
120 121 0.125
122 121 0.125
123 121 0.125
124 121 0.125
125 121 0.125
117 207 0.125
203 207 0.125
204 207 0.125
205 207 0.125
206 207 0.125
209 207 0.125
288 207 0.125
224 207 0.125
118 350 0.090909
188 350 0.090909
346 350 0.090909
347 350 0.090909
348 350 0.090909
349 350 0.090909
351 350 0.090909
352 350 0.090909
353 350 0.090909
354 350 0.090909
364 350 0.090909
118 334 0.125
330 334 0.125
331 334 0.125
332 334 0.125
333 334 0.125
335 334 0.125
337 334 0.125
338 334 0.125
119 122 0.142857
120 122 0.142857
121 122 0.142857
123 122 0.142857
124 122 0.142857
125 122 0.142857
126 122 0.142857
119 123 0.125
120 123 0.125
121 123 0.125
122 123 0.125
124 123 0.125
125 123 0.125
126 123 0.125
127 123 0.125
119 390 0.142857
386 390 0.142857
387 390 0.142857
389 390 0.142857
391 390 0.142857
393 390 0.142857
394 390 0.142857
120 124 0.125
121 124 0.125
122 124 0.125
123 124 0.125
125 124 0.125
126 124 0.125
127 124 0.125
128 124 0.125
121 125 0.125
122 125 0.125
123 125 0.125
124 125 0.125
126 125 0.125
127 125 0.125
128 125 0.125
274 125 0.125
124 128 0.125
125 128 0.125
126 128 0.125
127 128 0.125
129 128 0.125
131 128 0.125
132 128 0.125
189 128 0.125
126 129 0.111111
127 129 0.111111
128 129 0.111111
130 129 0.111111
131 129 0.111111
132 129 0.111111
133 129 0.111111
264 129 0.111111
380 129 0.111111
126 130 0.142857
127 130 0.142857
129 130 0.142857
131 130 0.142857
132 130 0.142857
133 130 0.142857
134 130 0.142857
127 152 0.142857
148 152 0.142857
149 152 0.142857
150 152 0.142857
153 152 0.142857
155 152 0.142857
156 152 0.142857
128 131 0.142857
129 131 0.142857
130 131 0.142857
132 131 0.142857
133 131 0.142857
134 131 0.142857
135 131 0.142857
128 132 0.125
129 132 0.125
130 132 0.125
131 132 0.125
134 132 0.125
136 132 0.125
189 132 0.125
208 132 0.125
128 189 0.1
132 189 0.1
185 189 0.1
186 189 0.1
187 189 0.1
188 189 0.1
190 189 0.1
191 189 0.1
192 189 0.1
193 189 0.1
129 133 0.125
130 133 0.125
131 133 0.125
134 133 0.125
135 133 0.125
136 133 0.125
137 133 0.125
307 133 0.125
129 264 0.125
260 264 0.125
261 264 0.125
262 264 0.125
263 264 0.125
265 264 0.125
267 264 0.125
268 264 0.125
129 380 0.125
376 380 0.125
377 380 0.125
378 380 0.125
379 380 0.125
381 380 0.125
382 380 0.125
383 380 0.125
131 135 0.111111
133 135 0.111111
134 135 0.111111
136 135 0.111111
137 135 0.111111
138 135 0.111111
139 135 0.111111
147 135 0.111111
349 135 0.111111
132 136 0.111111
133 136 0.111111
134 136 0.111111
135 136 0.111111
137 136 0.111111
138 136 0.111111
139 136 0.111111
140 136 0.111111
219 136 0.111111
132 208 0.125
204 208 0.125
205 208 0.125
206 208 0.125
209 208 0.125
210 208 0.125
211 208 0.125
212 208 0.125
133 137 0.125
134 137 0.125
135 137 0.125
136 137 0.125
138 137 0.125
139 137 0.125
140 137 0.125
141 137 0.125
133 307 0.125
303 307 0.125
304 307 0.125
305 307 0.125
306 307 0.125
309 307 0.125
310 307 0.125
311 307 0.125
134 138 0.125
135 138 0.125
136 138 0.125
137 138 0.125
139 138 0.125
140 138 0.125
141 138 0.125
142 138 0.125
134 204 0.125
200 204 0.125
201 204 0.125
202 204 0.125
203 204 0.125
206 204 0.125
207 204 0.125
208 204 0.125
135 139 0.125
136 139 0.125
137 139 0.125
138 139 0.125
140 139 0.125
141 139 0.125
142 139 0.125
143 139 0.125
135 147 0.125
143 147 0.125
144 147 0.125
145 147 0.125
146 147 0.125
149 147 0.125
150 147 0.125
151 147 0.125
136 140 0.125
137 140 0.125
138 140 0.125
139 140 0.125
141 140 0.125
142 140 0.125
143 140 0.125
144 140 0.125
136 219 0.111111
179 219 0.111111
215 219 0.111111
216 219 0.111111
217 219 0.111111
218 219 0.111111
221 219 0.111111
223 219 0.111111
224 219 0.111111
137 141 0.125
138 141 0.125
139 141 0.125
140 141 0.125
142 141 0.125
143 141 0.125
144 141 0.125
145 141 0.125
138 142 0.111111
139 142 0.111111
140 142 0.111111
141 142 0.111111
143 142 0.111111
144 142 0.111111
145 142 0.111111
146 142 0.111111
300 142 0.111111
139 143 0.111111
140 143 0.111111
141 143 0.111111
142 143 0.111111
144 143 0.111111
146 143 0.111111
147 143 0.111111
202 143 0.111111
290 143 0.111111
140 144 0.125
141 144 0.125
142 144 0.125
143 144 0.125
145 144 0.125
146 144 0.125
147 144 0.125
148 144 0.125
141 145 0.125
142 145 0.125
144 145 0.125
146 145 0.125
147 145 0.125
148 145 0.125
149 145 0.125
375 145 0.125
142 146 0.125
143 146 0.125
144 146 0.125
145 146 0.125
147 146 0.125
148 146 0.125
149 146 0.125
150 146 0.125
142 300 0.125
296 300 0.125
297 300 0.125
298 300 0.125
299 300 0.125
301 300 0.125
303 300 0.125
304 300 0.125
143 202 0.125
198 202 0.125
199 202 0.125
201 202 0.125
203 202 0.125
204 202 0.125
205 202 0.125
206 202 0.125
144 148 0.142857
145 148 0.142857
146 148 0.142857
149 148 0.142857
150 148 0.142857
151 148 0.142857
152 148 0.142857
145 149 0.125
146 149 0.125
147 149 0.125
148 149 0.125
150 149 0.125
151 149 0.125
152 149 0.125
153 149 0.125
149 153 0.125
151 153 0.125
152 153 0.125
154 153 0.125
155 153 0.125
156 153 0.125
157 153 0.125
351 153 0.125
150 154 0.166667
153 154 0.166667
155 154 0.166667
156 154 0.166667
157 154 0.166667
158 154 0.166667
152 156 0.125
153 156 0.125
154 156 0.125
155 156 0.125
157 156 0.125
158 156 0.125
159 156 0.125
160 156 0.125
153 157 0.125
154 157 0.125
155 157 0.125
156 157 0.125
158 157 0.125
159 157 0.125
160 157 0.125
161 157 0.125
153 351 0.125
311 351 0.125
347 351 0.125
348 351 0.125
349 351 0.125
350 351 0.125
352 351 0.125
355 351 0.125
154 158 0.125
156 158 0.125
157 158 0.125
160 158 0.125
161 158 0.125
354 158 0.125
301 158 0.125
190 158 0.125
155 159 0.111111
156 159 0.111111
157 159 0.111111
160 159 0.111111
161 159 0.111111
162 159 0.111111
163 159 0.111111
287 159 0.111111
374 159 0.111111
155 311 0.1
307 311 0.1
308 311 0.1
309 311 0.1
310 311 0.1
312 311 0.1
313 311 0.1
314 311 0.1
315 311 0.1
351 311 0.1
158 301 0.111111
297 301 0.111111
298 301 0.111111
299 301 0.111111
300 301 0.111111
302 301 0.111111
303 301 0.111111
304 301 0.111111
305 301 0.111111
159 162 0.142857
160 162 0.142857
161 162 0.142857
163 162 0.142857
164 162 0.142857
165 162 0.142857
166 162 0.142857
159 163 0.142857
160 163 0.142857
162 163 0.142857
164 163 0.142857
165 163 0.142857
166 163 0.142857
167 163 0.142857
159 287 0.125
283 287 0.125
284 287 0.125
285 287 0.125
286 287 0.125
288 287 0.125
289 287 0.125
291 287 0.125
159 374 0.111111
235 374 0.111111
370 374 0.111111
371 374 0.111111
372 374 0.111111
373 374 0.111111
375 374 0.111111
376 374 0.111111
377 374 0.111111
160 164 0.111111
161 164 0.111111
162 164 0.111111
163 164 0.111111
165 164 0.111111
166 164 0.111111
167 164 0.111111
168 164 0.111111
252 164 0.111111
161 165 0.125
162 165 0.125
163 165 0.125
164 165 0.125
166 165 0.125
167 165 0.125
168 165 0.125
169 165 0.125
161 280 0.1
263 280 0.1
274 280 0.1
276 280 0.1
277 280 0.1
278 280 0.1
279 280 0.1
281 280 0.1
282 280 0.1
284 280 0.1
163 167 0.142857
164 167 0.142857
165 167 0.142857
168 167 0.142857
169 167 0.142857
170 167 0.142857
171 167 0.142857
164 168 0.125
165 168 0.125
166 168 0.125
167 168 0.125
169 168 0.125
170 168 0.125
171 168 0.125
172 168 0.125
164 252 0.125
248 252 0.125
249 252 0.125
250 252 0.125
251 252 0.125
253 252 0.125
254 252 0.125
255 252 0.125
165 169 0.125
166 169 0.125
167 169 0.125
168 169 0.125
170 169 0.125
171 169 0.125
172 169 0.125
173 169 0.125
166 170 0.125
167 170 0.125
168 170 0.125
169 170 0.125
171 170 0.125
172 170 0.125
173 170 0.125
174 170 0.125
167 171 0.125
168 171 0.125
169 171 0.125
170 171 0.125
172 171 0.125
173 171 0.125
174 171 0.125
175 171 0.125
168 172 0.125
169 172 0.125
170 172 0.125
171 172 0.125
173 172 0.125
174 172 0.125
175 172 0.125
176 172 0.125
169 173 0.125
170 173 0.125
171 173 0.125
172 173 0.125
174 173 0.125
176 173 0.125
177 173 0.125
261 173 0.125
170 174 0.111111
171 174 0.111111
172 174 0.111111
173 174 0.111111
175 174 0.111111
176 174 0.111111
177 174 0.111111
178 174 0.111111
313 174 0.111111
171 175 0.142857
172 175 0.142857
174 175 0.142857
176 175 0.142857
177 175 0.142857
178 175 0.142857
179 175 0.142857
173 261 0.111111
186 261 0.111111
257 261 0.111111
258 261 0.111111
259 261 0.111111
260 261 0.111111
262 261 0.111111
263 261 0.111111
264 261 0.111111
174 178 0.111111
175 178 0.111111
176 178 0.111111
177 178 0.111111
179 178 0.111111
180 178 0.111111
181 178 0.111111
182 178 0.111111
367 178 0.111111
174 313 0.125
309 313 0.125
310 313 0.125
311 313 0.125
312 313 0.125
316 313 0.125
317 313 0.125
360 313 0.125
175 179 0.125
176 179 0.125
177 179 0.125
178 179 0.125
180 179 0.125
181 179 0.125
182 179 0.125
219 179 0.125
176 180 0.125
177 180 0.125
178 180 0.125
179 180 0.125
181 180 0.125
182 180 0.125
183 180 0.125
184 180 0.125
177 181 0.125
178 181 0.125
179 181 0.125
180 181 0.125
182 181 0.125
183 181 0.125
184 181 0.125
218 181 0.125
178 367 0.125
200 367 0.125
363 367 0.125
364 367 0.125
365 367 0.125
369 367 0.125
370 367 0.125
371 367 0.125
180 183 0.142857
181 183 0.142857
182 183 0.142857
184 183 0.142857
185 183 0.142857
186 183 0.142857
187 183 0.142857
180 184 0.125
181 184 0.125
182 184 0.125
183 184 0.125
185 184 0.125
186 184 0.125
187 184 0.125
188 184 0.125
181 218 0.111111
214 218 0.111111
215 218 0.111111
216 218 0.111111
217 218 0.111111
219 218 0.111111
220 218 0.111111
221 218 0.111111
222 218 0.111111
182 186 0.1
183 186 0.1
184 186 0.1
185 186 0.1
187 186 0.1
188 186 0.1
189 186 0.1
190 186 0.1
246 186 0.1
261 186 0.1
183 187 0.142857
184 187 0.142857
186 187 0.142857
188 187 0.142857
189 187 0.142857
190 187 0.142857
191 187 0.142857
184 188 0.111111
185 188 0.111111
186 188 0.111111
187 188 0.111111
189 188 0.111111
191 188 0.111111
192 188 0.111111
226 188 0.111111
350 188 0.111111
186 246 0.125
242 246 0.125
243 246 0.125
244 246 0.125
245 246 0.125
247 246 0.125
248 246 0.125
249 246 0.125
187 191 0.125
188 191 0.125
189 191 0.125
190 191 0.125
192 191 0.125
193 191 0.125
194 191 0.125
195 191 0.125
188 192 0.125
189 192 0.125
190 192 0.125
191 192 0.125
193 192 0.125
194 192 0.125
195 192 0.125
196 192 0.125
192 196 0.142857
193 196 0.142857
194 196 0.142857
198 196 0.142857
199 196 0.142857
200 196 0.142857
239 196 0.142857
193 197 0.142857
194 197 0.142857
195 197 0.142857
198 197 0.142857
199 197 0.142857
200 197 0.142857
201 197 0.142857
196 200 0.142857
197 200 0.142857
198 200 0.142857
201 200 0.142857
203 200 0.142857
204 200 0.142857
367 200 0.142857
196 239 0.111111
235 239 0.111111
236 239 0.111111
237 239 0.111111
238 239 0.111111
240 239 0.111111
241 239 0.111111
242 239 0.111111
243 239 0.111111
197 201 0.125
198 201 0.125
199 201 0.125
200 201 0.125
202 201 0.125
203 201 0.125
204 201 0.125
205 201 0.125
201 205 0.142857
202 205 0.142857
203 205 0.142857
206 205 0.142857
207 205 0.142857
208 205 0.142857
209 205 0.142857
206 210 0.142857
208 210 0.142857
209 210 0.142857
211 210 0.142857
212 210 0.142857
213 210 0.142857
214 210 0.142857
207 288 0.111111
284 288 0.111111
285 288 0.111111
286 288 0.111111
287 288 0.111111
289 288 0.111111
290 288 0.111111
291 288 0.111111
292 288 0.111111
207 224 0.111111
219 224 0.111111
220 224 0.111111
221 224 0.111111
222 224 0.111111
225 224 0.111111
226 224 0.111111
227 224 0.111111
228 224 0.111111
208 211 0.142857
209 211 0.142857
210 211 0.142857
212 211 0.142857
213 211 0.142857
214 211 0.142857
215 211 0.142857
208 212 0.125
209 212 0.125
210 212 0.125
211 212 0.125
213 212 0.125
214 212 0.125
215 212 0.125
282 212 0.125
209 213 0.125
210 213 0.125
211 213 0.125
212 213 0.125
214 213 0.125
215 213 0.125
216 213 0.125
217 213 0.125
210 214 0.125
211 214 0.125
212 214 0.125
213 214 0.125
215 214 0.125
216 214 0.125
217 214 0.125
218 214 0.125
211 215 0.111111
212 215 0.111111
213 215 0.111111
214 215 0.111111
216 215 0.111111
217 215 0.111111
218 215 0.111111
219 215 0.111111
260 215 0.111111
212 282 0.125
278 282 0.125
280 282 0.125
281 282 0.125
283 282 0.125
284 282 0.125
285 282 0.125
286 282 0.125
213 216 0.142857
214 216 0.142857
215 216 0.142857
217 216 0.142857
218 216 0.142857
219 216 0.142857
220 216 0.142857
213 217 0.125
214 217 0.125
215 217 0.125
216 217 0.125
218 217 0.125
219 217 0.125
220 217 0.125
221 217 0.125
215 260 0.125
256 260 0.125
257 260 0.125
258 260 0.125
259 260 0.125
261 260 0.125
262 260 0.125
264 260 0.125
216 220 0.142857
217 220 0.142857
218 220 0.142857
221 220 0.142857
222 220 0.142857
223 220 0.142857
224 220 0.142857
217 221 0.111111
218 221 0.111111
219 221 0.111111
220 221 0.111111
222 221 0.111111
223 221 0.111111
224 221 0.111111
225 221 0.111111
337 221 0.111111
218 222 0.142857
220 222 0.142857
221 222 0.142857
223 222 0.142857
224 222 0.142857
225 222 0.142857
226 222 0.142857
219 223 0.125
220 223 0.125
221 223 0.125
222 223 0.125
225 223 0.125
226 223 0.125
227 223 0.125
244 223 0.125
221 225 0.125
222 225 0.125
223 225 0.125
224 225 0.125
226 225 0.125
227 225 0.125
228 225 0.125
229 225 0.125
221 337 0.142857
333 337 0.142857
334 337 0.142857
335 337 0.142857
339 337 0.142857
340 337 0.142857
341 337 0.142857
223 227 0.142857
224 227 0.142857
225 227 0.142857
228 227 0.142857
229 227 0.142857
230 227 0.142857
231 227 0.142857
223 244 0.1
240 244 0.1
241 244 0.1
242 244 0.1
243 244 0.1
245 244 0.1
246 244 0.1
247 244 0.1
248 244 0.1
357 244 0.1
224 228 0.125
225 228 0.125
226 228 0.125
227 228 0.125
229 228 0.125
230 228 0.125
231 228 0.125
232 228 0.125
227 231 0.125
228 231 0.125
229 231 0.125
230 231 0.125
232 231 0.125
233 231 0.125
234 231 0.125
235 231 0.125
229 233 0.125
230 233 0.125
231 233 0.125
232 233 0.125
234 233 0.125
235 233 0.125
236 233 0.125
237 233 0.125
231 235 0.111111
232 235 0.111111
233 235 0.111111
234 235 0.111111
236 235 0.111111
238 235 0.111111
239 235 0.111111
374 235 0.111111
292 235 0.111111
232 236 0.125
233 236 0.125
234 236 0.125
235 236 0.125
237 236 0.125
238 236 0.125
239 236 0.125
240 236 0.125
233 237 0.142857
234 237 0.142857
236 237 0.142857
238 237 0.142857
239 237 0.142857
240 237 0.142857
241 237 0.142857
234 318 0.125
314 318 0.125
315 318 0.125
316 318 0.125
317 318 0.125
320 318 0.125
321 318 0.125
322 318 0.125
235 292 0.125
288 292 0.125
289 292 0.125
290 292 0.125
291 292 0.125
293 292 0.125
294 292 0.125
295 292 0.125
236 240 0.125
237 240 0.125
238 240 0.125
239 240 0.125
241 240 0.125
243 240 0.125
244 240 0.125
266 240 0.125
237 241 0.142857
239 241 0.142857
240 241 0.142857
242 241 0.142857
243 241 0.142857
244 241 0.142857
245 241 0.142857
239 243 0.125
240 243 0.125
241 243 0.125
242 243 0.125
244 243 0.125
245 243 0.125
246 243 0.125
247 243 0.125
241 245 0.142857
243 245 0.142857
244 245 0.142857
246 245 0.142857
247 245 0.142857
248 245 0.142857
249 245 0.142857
243 247 0.125
244 247 0.125
245 247 0.125
246 247 0.125
248 247 0.125
249 247 0.125
250 247 0.125
251 247 0.125
244 357 0.125
353 357 0.125
354 357 0.125
355 357 0.125
356 357 0.125
358 357 0.125
359 357 0.125
361 357 0.125
245 249 0.142857
246 249 0.142857
247 249 0.142857
250 249 0.142857
251 249 0.142857
252 249 0.142857
253 249 0.142857
247 250 0.142857
248 250 0.142857
249 250 0.142857
251 250 0.142857
252 250 0.142857
253 250 0.142857
254 250 0.142857
247 251 0.142857
249 251 0.142857
250 251 0.142857
252 251 0.142857
253 251 0.142857
254 251 0.142857
255 251 0.142857
249 253 0.125
250 253 0.125
251 253 0.125
252 253 0.125
254 253 0.125
255 253 0.125
256 253 0.125
257 253 0.125
250 254 0.125
251 254 0.125
252 254 0.125
253 254 0.125
255 254 0.125
256 254 0.125
257 254 0.125
258 254 0.125
251 255 0.125
252 255 0.125
253 255 0.125
254 255 0.125
256 255 0.125
257 255 0.125
258 255 0.125
259 255 0.125
253 256 0.142857
254 256 0.142857
255 256 0.142857
257 256 0.142857
258 256 0.142857
259 256 0.142857
260 256 0.142857
253 257 0.125
254 257 0.125
255 257 0.125
256 257 0.125
258 257 0.125
259 257 0.125
260 257 0.125
261 257 0.125
254 258 0.125
255 258 0.125
256 258 0.125
257 258 0.125
259 258 0.125
260 258 0.125
261 258 0.125
262 258 0.125
255 259 0.125
256 259 0.125
257 259 0.125
258 259 0.125
260 259 0.125
261 259 0.125
262 259 0.125
263 259 0.125
258 262 0.111111
259 262 0.111111
260 262 0.111111
261 262 0.111111
263 262 0.111111
264 262 0.111111
265 262 0.111111
266 262 0.111111
339 262 0.111111
259 263 0.125
261 263 0.125
262 263 0.125
264 263 0.125
265 263 0.125
266 263 0.125
344 263 0.125
280 263 0.125
262 265 0.142857
263 265 0.142857
264 265 0.142857
266 265 0.142857
267 265 0.142857
268 265 0.142857
269 265 0.142857
262 339 0.125
335 339 0.125
336 339 0.125
337 339 0.125
338 339 0.125
341 339 0.125
342 339 0.125
343 339 0.125
264 267 0.166667
265 267 0.166667
268 267 0.166667
269 267 0.166667
270 267 0.166667
271 267 0.166667
264 268 0.125
265 268 0.125
266 268 0.125
267 268 0.125
269 268 0.125
270 268 0.125
271 268 0.125
272 268 0.125
265 269 0.125
266 269 0.125
267 269 0.125
268 269 0.125
270 269 0.125
271 269 0.125
272 269 0.125
273 269 0.125
266 270 0.125
267 270 0.125
268 270 0.125
269 270 0.125
271 270 0.125
272 270 0.125
273 270 0.125
274 270 0.125
267 271 0.125
268 271 0.125
269 271 0.125
270 271 0.125
272 271 0.125
273 271 0.125
274 271 0.125
275 271 0.125
271 275 0.142857
272 275 0.142857
273 275 0.142857
276 275 0.142857
277 275 0.142857
278 275 0.142857
279 275 0.142857
272 348 0.125
345 348 0.125
346 348 0.125
347 348 0.125
349 348 0.125
350 348 0.125
351 348 0.125
352 348 0.125
273 276 0.142857
274 276 0.142857
275 276 0.142857
277 276 0.142857
278 276 0.142857
279 276 0.142857
280 276 0.142857
274 278 0.125
275 278 0.125
276 278 0.125
277 278 0.125
279 278 0.125
280 278 0.125
281 278 0.125
282 278 0.125
277 281 0.125
278 281 0.125
279 281 0.125
280 281 0.125
282 281 0.125
283 281 0.125
284 281 0.125
285 281 0.125
279 283 0.142857
281 283 0.142857
282 283 0.142857
284 283 0.142857
285 283 0.142857
286 283 0.142857
287 283 0.142857
280 284 0.111111
281 284 0.111111
282 284 0.111111
283 284 0.111111
285 284 0.111111
286 284 0.111111
287 284 0.111111
288 284 0.111111
387 284 0.111111
281 285 0.125
282 285 0.125
283 285 0.125
284 285 0.125
286 285 0.125
287 285 0.125
288 285 0.125
289 285 0.125
282 286 0.125
283 286 0.125
284 286 0.125
285 286 0.125
287 286 0.125
288 286 0.125
289 286 0.125
290 286 0.125
285 289 0.125
286 289 0.125
287 289 0.125
288 289 0.125
290 289 0.125
291 289 0.125
292 289 0.125
293 289 0.125
287 291 0.125
288 291 0.125
289 291 0.125
290 291 0.125
292 291 0.125
293 291 0.125
294 291 0.125
295 291 0.125
291 295 0.125
292 295 0.125
293 295 0.125
294 295 0.125
296 295 0.125
297 295 0.125
298 295 0.125
299 295 0.125
293 296 0.142857
294 296 0.142857
295 296 0.142857
297 296 0.142857
298 296 0.142857
299 296 0.142857
300 296 0.142857
293 297 0.125
294 297 0.125
295 297 0.125
296 297 0.125
298 297 0.125
299 297 0.125
300 297 0.125
301 297 0.125
294 298 0.125
295 298 0.125
296 298 0.125
297 298 0.125
299 298 0.125
300 298 0.125
301 298 0.125
302 298 0.125
295 299 0.125
296 299 0.125
297 299 0.125
298 299 0.125
300 299 0.125
301 299 0.125
303 299 0.125
352 299 0.125
299 352 0.125
348 352 0.125
350 352 0.125
351 352 0.125
353 352 0.125
354 352 0.125
355 352 0.125
397 352 0.125
300 304 0.125
301 304 0.125
302 304 0.125
303 304 0.125
305 304 0.125
306 304 0.125
307 304 0.125
322 304 0.125
301 305 0.142857
302 305 0.142857
304 305 0.142857
306 305 0.142857
307 305 0.142857
308 305 0.142857
309 305 0.142857
304 322 0.111111
318 322 0.111111
319 322 0.111111
320 322 0.111111
321 322 0.111111
323 322 0.111111
324 322 0.111111
325 322 0.111111
326 322 0.111111
305 308 0.166667
306 308 0.166667
309 308 0.166667
310 308 0.166667
311 308 0.166667
312 308 0.166667
306 310 0.142857
307 310 0.142857
308 310 0.142857
311 310 0.142857
312 310 0.142857
313 310 0.142857
314 310 0.142857
308 312 0.125
309 312 0.125
310 312 0.125
311 312 0.125
313 312 0.125
314 312 0.125
315 312 0.125
316 312 0.125
310 314 0.142857
311 314 0.142857
312 314 0.142857
315 314 0.142857
316 314 0.142857
317 314 0.142857
318 314 0.142857
311 315 0.142857
312 315 0.142857
314 315 0.142857
316 315 0.142857
317 315 0.142857
318 315 0.142857
319 315 0.142857
312 316 0.125
313 316 0.125
314 316 0.125
315 316 0.125
317 316 0.125
318 316 0.125
319 316 0.125
320 316 0.125
313 317 0.125
314 317 0.125
315 317 0.125
316 317 0.125
318 317 0.125
319 317 0.125
320 317 0.125
321 317 0.125
313 360 0.125
356 360 0.125
358 360 0.125
359 360 0.125
361 360 0.125
362 360 0.125
363 360 0.125
364 360 0.125
315 319 0.142857
316 319 0.142857
317 319 0.142857
320 319 0.142857
321 319 0.142857
322 319 0.142857
323 319 0.142857
316 320 0.125
317 320 0.125
318 320 0.125
319 320 0.125
321 320 0.125
322 320 0.125
323 320 0.125
324 320 0.125
317 321 0.125
318 321 0.125
319 321 0.125
320 321 0.125
322 321 0.125
323 321 0.125
324 321 0.125
325 321 0.125
320 324 0.142857
321 324 0.142857
322 324 0.142857
325 324 0.142857
326 324 0.142857
327 324 0.142857
328 324 0.142857
321 325 0.125
322 325 0.125
323 325 0.125
324 325 0.125
326 325 0.125
327 325 0.125
328 325 0.125
329 325 0.125
322 326 0.125
323 326 0.125
324 326 0.125
325 326 0.125
327 326 0.125
328 326 0.125
329 326 0.125
330 326 0.125
323 327 0.125
324 327 0.125
325 327 0.125
326 327 0.125
328 327 0.125
329 327 0.125
330 327 0.125
384 327 0.125
325 329 0.125
326 329 0.125
327 329 0.125
328 329 0.125
330 329 0.125
331 329 0.125
332 329 0.125
333 329 0.125
326 330 0.125
327 330 0.125
328 330 0.125
329 330 0.125
331 330 0.125
332 330 0.125
333 330 0.125
334 330 0.125
328 331 0.142857
329 331 0.142857
330 331 0.142857
332 331 0.142857
333 331 0.142857
334 331 0.142857
335 331 0.142857
328 332 0.125
329 332 0.125
330 332 0.125
331 332 0.125
333 332 0.125
334 332 0.125
335 332 0.125
336 332 0.125
329 333 0.125
330 333 0.125
331 333 0.125
332 333 0.125
334 333 0.125
335 333 0.125
336 333 0.125
337 333 0.125
331 335 0.125
332 335 0.125
333 335 0.125
334 335 0.125
336 335 0.125
337 335 0.125
338 335 0.125
339 335 0.125
336 340 0.142857
337 340 0.142857
338 340 0.142857
341 340 0.142857
342 340 0.142857
343 340 0.142857
344 340 0.142857
337 341 0.111111
338 341 0.111111
339 341 0.111111
340 341 0.111111
342 341 0.111111
343 341 0.111111
344 341 0.111111
345 341 0.111111
366 341 0.111111
339 342 0.142857
340 342 0.142857
341 342 0.142857
343 342 0.142857
344 342 0.142857
346 342 0.142857
393 342 0.142857
339 343 0.125
340 343 0.125
341 343 0.125
342 343 0.125
344 343 0.125
345 343 0.125
346 343 0.125
347 343 0.125
342 346 0.125
343 346 0.125
344 346 0.125
345 346 0.125
347 346 0.125
348 346 0.125
349 346 0.125
350 346 0.125
342 393 0.125
389 393 0.125
390 393 0.125
391 393 0.125
394 393 0.125
395 393 0.125
396 393 0.125
397 393 0.125
343 347 0.125
344 347 0.125
345 347 0.125
346 347 0.125
348 347 0.125
349 347 0.125
350 347 0.125
351 347 0.125
345 361 0.125
357 361 0.125
358 361 0.125
359 361 0.125
360 361 0.125
363 361 0.125
364 361 0.125
372 361 0.125
349 353 0.142857
350 353 0.142857
352 353 0.142857
354 353 0.142857
355 353 0.142857
356 353 0.142857
357 353 0.142857
350 364 0.125
360 364 0.125
361 364 0.125
362 364 0.125
363 364 0.125
365 364 0.125
366 364 0.125
367 364 0.125
353 356 0.142857
354 356 0.142857
355 356 0.142857
357 356 0.142857
358 356 0.142857
359 356 0.142857
360 356 0.142857
354 358 0.125
355 358 0.125
356 358 0.125
357 358 0.125
359 358 0.125
360 358 0.125
361 358 0.125
362 358 0.125
355 359 0.125
356 359 0.125
357 359 0.125
358 359 0.125
360 359 0.125
361 359 0.125
362 359 0.125
363 359 0.125
358 362 0.125
359 362 0.125
360 362 0.125
363 362 0.125
364 362 0.125
365 362 0.125
366 362 0.125
392 362 0.125
359 363 0.125
360 363 0.125
361 363 0.125
362 363 0.125
364 363 0.125
365 363 0.125
366 363 0.125
367 363 0.125
365 368 0.166667
366 368 0.166667
369 368 0.166667
370 368 0.166667
371 368 0.166667
372 368 0.166667
366 369 0.142857
367 369 0.142857
368 369 0.142857
370 369 0.142857
371 369 0.142857
372 369 0.142857
373 369 0.142857
367 371 0.125
368 371 0.125
369 371 0.125
370 371 0.125
372 371 0.125
373 371 0.125
374 371 0.125
375 371 0.125
369 373 0.166667
371 373 0.166667
374 373 0.166667
375 373 0.166667
376 373 0.166667
377 373 0.166667
372 376 0.142857
373 376 0.142857
374 376 0.142857
377 376 0.142857
378 376 0.142857
379 376 0.142857
380 376 0.142857
373 377 0.125
374 377 0.125
375 377 0.125
376 377 0.125
378 377 0.125
379 377 0.125
380 377 0.125
381 377 0.125
375 378 0.142857
376 378 0.142857
377 378 0.142857
379 378 0.142857
380 378 0.142857
381 378 0.142857
382 378 0.142857
375 379 0.125
376 379 0.125
377 379 0.125
378 379 0.125
380 379 0.125
381 379 0.125
382 379 0.125
383 379 0.125
377 381 0.125
378 381 0.125
379 381 0.125
380 381 0.125
382 381 0.125
383 381 0.125
384 381 0.125
385 381 0.125
379 383 0.142857
380 383 0.142857
381 383 0.142857
384 383 0.142857
385 383 0.142857
386 383 0.142857
387 383 0.142857
381 385 0.125
382 385 0.125
383 385 0.125
384 385 0.125
386 385 0.125
387 385 0.125
388 385 0.125
389 385 0.125
382 386 0.125
383 386 0.125
384 386 0.125
385 386 0.125
387 386 0.125
388 386 0.125
389 386 0.125
390 386 0.125
385 389 0.125
386 389 0.125
387 389 0.125
388 389 0.125
390 389 0.125
391 389 0.125
392 389 0.125
393 389 0.125
387 391 0.125
388 391 0.125
389 391 0.125
390 391 0.125
392 391 0.125
393 391 0.125
394 391 0.125
395 391 0.125
1 0 0.1
397 0 0.1
2 0 0.1
396 0 0.1
3 0 0.1
395 0 0.1
4 0 0.1
394 0 0.1
185 0 0.1
273 0 0.1
