0 388 0.142857
1 388 0.142857
2 388 0.142857
3 388 0.142857
384 388 0.142857
386 388 0.142857
387 388 0.142857
0 2 0.142857
3 2 0.142857
4 2 0.142857
5 2 0.142857
388 2 0.142857
6 2 0.142857
387 2 0.142857
0 387 0.125
1 387 0.125
2 387 0.125
383 387 0.125
384 387 0.125
385 387 0.125
386 387 0.125
388 387 0.125
0 3 0.111111
1 3 0.111111
2 3 0.111111
4 3 0.111111
6 3 0.111111
7 3 0.111111
388 3 0.111111
45 3 0.111111
301 3 0.111111
0 386 0.125
1 386 0.125
382 386 0.125
383 386 0.125
384 386 0.125
385 386 0.125
387 386 0.125
388 386 0.125
0 4 0.125
1 4 0.125
2 4 0.125
3 4 0.125
5 4 0.125
6 4 0.125
7 4 0.125
8 4 0.125
0 385 0.125
373 385 0.125
381 385 0.125
382 385 0.125
383 385 0.125
384 385 0.125
386 385 0.125
387 385 0.125
0 201 0.111111
197 201 0.111111
198 201 0.111111
199 201 0.111111
200 201 0.111111
203 201 0.111111
204 201 0.111111
205 201 0.111111
306 201 0.111111
0 290 0.111111
21 290 0.111111
104 290 0.111111
153 290 0.111111
207 290 0.111111
286 290 0.111111
287 290 0.111111
289 290 0.111111
294 290 0.111111
0 62 0.125
58 62 0.125
59 62 0.125
60 62 0.125
61 62 0.125
63 62 0.125
66 62 0.125
185 62 0.125
1 164 0.111111
161 164 0.111111
162 164 0.111111
163 164 0.111111
165 164 0.111111
166 164 0.111111
167 164 0.111111
168 164 0.111111
348 164 0.111111
1 334 0.090909
123 334 0.090909
327 334 0.090909
330 334 0.090909
331 334 0.090909
332 334 0.090909
333 334 0.090909
335 334 0.090909
336 334 0.090909
337 334 0.090909
338 334 0.090909
2 5 0.166667
4 5 0.166667
6 5 0.166667
7 5 0.166667
8 5 0.166667
9 5 0.166667
2 6 0.111111
3 6 0.111111
4 6 0.111111
5 6 0.111111
7 6 0.111111
8 6 0.111111
9 6 0.111111
10 6 0.111111
116 6 0.111111
3 7 0.125
4 7 0.125
5 7 0.125
6 7 0.125
8 7 0.125
9 7 0.125
10 7 0.125
11 7 0.125
3 45 0.111111
41 45 0.111111
42 45 0.111111
43 45 0.111111
44 45 0.111111
46 45 0.111111
47 45 0.111111
48 45 0.111111
49 45 0.111111
3 301 0.111111
65 301 0.111111
297 301 0.111111
298 301 0.111111
299 301 0.111111
300 301 0.111111
302 301 0.111111
303 301 0.111111
304 301 0.111111
4 8 0.111111
5 8 0.111111
6 8 0.111111
7 8 0.111111
9 8 0.111111
10 8 0.111111
12 8 0.111111
184 8 0.111111
171 8 0.111111
5 9 0.125
6 9 0.125
7 9 0.125
8 9 0.125
10 9 0.125
11 9 0.125
12 9 0.125
174 9 0.125
6 10 0.111111
7 10 0.111111
8 10 0.111111
9 10 0.111111
11 10 0.111111
12 10 0.111111
13 10 0.111111
14 10 0.111111
60 10 0.111111
6 116 0.142857
39 116 0.142857
92 116 0.142857
112 116 0.142857
114 116 0.142857
117 116 0.142857
120 116 0.142857
7 11 0.142857
9 11 0.142857
10 11 0.142857
12 11 0.142857
14 11 0.142857
15 11 0.142857
158 11 0.142857
8 12 0.111111
9 12 0.111111
10 12 0.111111
11 12 0.111111
13 12 0.111111
15 12 0.111111
16 12 0.111111
381 12 0.111111
141 12 0.111111
8 184 0.125
180 184 0.125
181 184 0.125
182 184 0.125
183 184 0.125
186 184 0.125
187 184 0.125
188 184 0.125
8 171 0.090909
22 171 0.090909
167 171 0.090909
168 171 0.090909
169 171 0.090909
170 171 0.090909
172 171 0.090909
173 171 0.090909
174 171 0.090909
175 171 0.090909
347 171 0.090909
9 174 0.111111
170 174 0.111111
171 174 0.111111
172 174 0.111111
173 174 0.111111
175 174 0.111111
176 174 0.111111
177 174 0.111111
178 174 0.111111
10 13 0.166667
12 13 0.166667
14 13 0.166667
15 13 0.166667
16 13 0.166667
17 13 0.166667
10 14 0.142857
11 14 0.142857
13 14 0.142857
15 14 0.142857
16 14 0.142857
17 14 0.142857
18 14 0.142857
10 60 0.125
56 60 0.125
57 60 0.125
58 60 0.125
59 60 0.125
61 60 0.125
62 60 0.125
63 60 0.125
11 15 0.111111
12 15 0.111111
13 15 0.111111
14 15 0.111111
16 15 0.111111
17 15 0.111111
18 15 0.111111
19 15 0.111111
362 15 0.111111
11 158 0.111111
63 158 0.111111
99 158 0.111111
154 158 0.111111
155 158 0.111111
156 158 0.111111
157 158 0.111111
160 158 0.111111
161 158 0.111111
12 16 0.111111
13 16 0.111111
14 16 0.111111
15 16 0.111111
17 16 0.111111
18 16 0.111111
20 16 0.111111
90 16 0.111111
292 16 0.111111
12 381 0.111111
377 381 0.111111
378 381 0.111111
379 381 0.111111
380 381 0.111111
382 381 0.111111
383 381 0.111111
384 381 0.111111
385 381 0.111111
12 141 0.111111
137 141 0.111111
138 141 0.111111
139 141 0.111111
140 141 0.111111
142 141 0.111111
143 141 0.111111
145 141 0.111111
182 141 0.111111
13 17 0.125
14 17 0.125
15 17 0.125
16 17 0.125
18 17 0.125
19 17 0.125
20 17 0.125
21 17 0.125
14 18 0.125
15 18 0.125
16 18 0.125
17 18 0.125
19 18 0.125
20 18 0.125
21 18 0.125
22 18 0.125
15 19 0.142857
17 19 0.142857
18 19 0.142857
20 19 0.142857
21 19 0.142857
22 19 0.142857
23 19 0.142857
15 362 0.125
282 362 0.125
358 362 0.125
359 362 0.125
360 362 0.125
361 362 0.125
364 362 0.125
365 362 0.125
16 20 0.125
17 20 0.125
18 20 0.125
19 20 0.125
21 20 0.125
22 20 0.125
23 20 0.125
24 20 0.125
16 90 0.125
86 90 0.125
87 90 0.125
88 90 0.125
89 90 0.125
91 90 0.125
93 90 0.125
94 90 0.125
16 292 0.125
288 292 0.125
289 292 0.125
291 292 0.125
293 292 0.125
294 292 0.125
295 292 0.125
296 292 0.125
17 21 0.111111
18 21 0.111111
19 21 0.111111
20 21 0.111111
22 21 0.111111
23 21 0.111111
24 21 0.111111
25 21 0.111111
290 21 0.111111
18 22 0.125
19 22 0.125
20 22 0.125
21 22 0.125
25 22 0.125
26 22 0.125
352 22 0.125
171 22 0.125
19 23 0.142857
20 23 0.142857
21 23 0.142857
26 23 0.142857
27 23 0.142857
181 23 0.142857
63 23 0.142857
20 24 0.142857
21 24 0.142857
25 24 0.142857
26 24 0.142857
27 24 0.142857
28 24 0.142857
93 24 0.142857
21 25 0.142857
22 25 0.142857
24 25 0.142857
26 25 0.142857
27 25 0.142857
28 25 0.142857
29 25 0.142857
22 26 0.111111
23 26 0.111111
24 26 0.111111
25 26 0.111111
27 26 0.111111
28 26 0.111111
29 26 0.111111
30 26 0.111111
203 26 0.111111
22 352 0.125
349 352 0.125
350 352 0.125
351 352 0.125
353 352 0.125
354 352 0.125
355 352 0.125
356 352 0.125
23 27 0.125
24 27 0.125
25 27 0.125
26 27 0.125
28 27 0.125
29 27 0.125
30 27 0.125
287 27 0.125
23 181 0.111111
177 181 0.111111
178 181 0.111111
179 181 0.111111
180 181 0.111111
182 181 0.111111
183 181 0.111111
184 181 0.111111
185 181 0.111111
23 63 0.090909
59 63 0.090909
60 63 0.090909
61 63 0.090909
62 63 0.090909
64 63 0.090909
65 63 0.090909
66 63 0.090909
67 63 0.090909
158 63 0.090909
312 63 0.090909
24 28 0.125
25 28 0.125
26 28 0.125
27 28 0.125
29 28 0.125
30 28 0.125
31 28 0.125
32 28 0.125
24 93 0.142857
89 93 0.142857
90 93 0.142857
91 93 0.142857
94 93 0.142857
97 93 0.142857
210 93 0.142857
25 29 0.111111
26 29 0.111111
27 29 0.111111
28 29 0.111111
30 29 0.111111
32 29 0.111111
33 29 0.111111
213 29 0.111111
189 29 0.111111
26 30 0.125
27 30 0.125
28 30 0.125
29 30 0.125
31 30 0.125
32 30 0.125
33 30 0.125
34 30 0.125
26 203 0.142857
200 203 0.142857
201 203 0.142857
202 203 0.142857
204 203 0.142857
205 203 0.142857
206 203 0.142857
27 287 0.111111
283 287 0.111111
284 287 0.111111
285 287 0.111111
286 287 0.111111
288 287 0.111111
289 287 0.111111
290 287 0.111111
291 287 0.111111
28 31 0.142857
30 31 0.142857
32 31 0.142857
33 31 0.142857
34 31 0.142857
35 31 0.142857
82 31 0.142857
28 32 0.125
29 32 0.125
30 32 0.125
31 32 0.125
33 32 0.125
34 32 0.125
35 32 0.125
36 32 0.125
29 33 0.125
30 33 0.125
31 33 0.125
32 33 0.125
34 33 0.125
35 33 0.125
36 33 0.125
37 33 0.125
29 213 0.111111
209 213 0.111111
210 213 0.111111
211 213 0.111111
212 213 0.111111
214 213 0.111111
216 213 0.111111
217 213 0.111111
280 213 0.111111
29 189 0.125
185 189 0.125
186 189 0.125
187 189 0.125
188 189 0.125
190 189 0.125
192 189 0.125
193 189 0.125
30 34 0.125
31 34 0.125
32 34 0.125
33 34 0.125
35 34 0.125
37 34 0.125
38 34 0.125
65 34 0.125
31 35 0.111111
32 35 0.111111
33 35 0.111111
34 35 0.111111
36 35 0.111111
37 35 0.111111
38 35 0.111111
39 35 0.111111
126 35 0.111111
31 82 0.142857
78 82 0.142857
79 82 0.142857
80 82 0.142857
84 82 0.142857
85 82 0.142857
86 82 0.142857
32 36 0.142857
33 36 0.142857
35 36 0.142857
38 36 0.142857
39 36 0.142857
40 36 0.142857
335 36 0.142857
33 37 0.142857
34 37 0.142857
35 37 0.142857
39 37 0.142857
40 37 0.142857
41 37 0.142857
85 37 0.142857
34 38 0.142857
35 38 0.142857
36 38 0.142857
39 38 0.142857
40 38 0.142857
41 38 0.142857
268 38 0.142857
34 65 0.125
61 65 0.125
63 65 0.125
64 65 0.125
66 65 0.125
68 65 0.125
69 65 0.125
301 65 0.125
35 39 0.111111
36 39 0.111111
37 39 0.111111
38 39 0.111111
40 39 0.111111
41 39 0.111111
43 39 0.111111
84 39 0.111111
116 39 0.111111
35 126 0.125
122 126 0.125
124 126 0.125
125 126 0.125
127 126 0.125
128 126 0.125
129 126 0.125
369 126 0.125
36 40 0.125
37 40 0.125
38 40 0.125
39 40 0.125
41 40 0.125
42 40 0.125
43 40 0.125
44 40 0.125
36 335 0.111111
150 335 0.111111
331 335 0.111111
332 335 0.111111
333 335 0.111111
334 335 0.111111
337 335 0.111111
338 335 0.111111
339 335 0.111111
37 41 0.111111
38 41 0.111111
39 41 0.111111
40 41 0.111111
42 41 0.111111
43 41 0.111111
44 41 0.111111
45 41 0.111111
160 41 0.111111
37 85 0.1
81 85 0.1
82 85 0.1
83 85 0.1
84 85 0.1
86 85 0.1
87 85 0.1
88 85 0.1
89 85 0.1
321 85 0.1
38 268 0.111111
264 268 0.111111
265 268 0.111111
266 268 0.111111
267 268 0.111111
269 268 0.111111
270 268 0.111111
271 268 0.111111
272 268 0.111111
39 43 0.125
40 43 0.125
41 43 0.125
42 43 0.125
45 43 0.125
46 43 0.125
47 43 0.125
80 43 0.125
39 84 0.125
80 84 0.125
82 84 0.125
83 84 0.125
85 84 0.125
86 84 0.125
87 84 0.125
88 84 0.125
40 42 0.166667
41 42 0.166667
43 42 0.166667
45 42 0.166667
46 42 0.166667
50 42 0.166667
40 44 0.166667
41 44 0.166667
45 44 0.166667
46 44 0.166667
47 44 0.166667
48 44 0.166667
41 160 0.125
156 160 0.125
157 160 0.125
158 160 0.125
159 160 0.125
161 160 0.125
162 160 0.125
163 160 0.125
42 46 0.125
43 46 0.125
44 46 0.125
45 46 0.125
47 46 0.125
48 46 0.125
50 46 0.125
210 46 0.125
42 50 0.111111
46 50 0.111111
47 50 0.111111
48 50 0.111111
51 50 0.111111
52 50 0.111111
53 50 0.111111
54 50 0.111111
100 50 0.111111
43 47 0.111111
44 47 0.111111
45 47 0.111111
46 47 0.111111
48 47 0.111111
49 47 0.111111
50 47 0.111111
51 47 0.111111
150 47 0.111111
43 80 0.125
56 80 0.125
76 80 0.125
77 80 0.125
81 80 0.125
82 80 0.125
83 80 0.125
84 80 0.125
44 48 0.125
45 48 0.125
46 48 0.125
47 48 0.125
49 48 0.125
50 48 0.125
51 48 0.125
52 48 0.125
45 49 0.125
47 49 0.125
48 49 0.125
51 49 0.125
52 49 0.125
53 49 0.125
348 49 0.125
54 49 0.125
46 210 0.1
93 210 0.1
206 210 0.1
207 210 0.1
208 210 0.1
209 210 0.1
211 210 0.1
212 210 0.1
213 210 0.1
214 210 0.1
47 51 0.125
48 51 0.125
49 51 0.125
50 51 0.125
52 51 0.125
53 51 0.125
54 51 0.125
55 51 0.125
47 150 0.125
147 150 0.125
148 150 0.125
149 150 0.125
151 150 0.125
153 150 0.125
154 150 0.125
335 150 0.125
48 52 0.125
49 52 0.125
50 52 0.125
51 52 0.125
53 52 0.125
55 52 0.125
56 52 0.125
69 52 0.125
49 53 0.125
50 53 0.125
51 53 0.125
52 53 0.125
54 53 0.125
56 53 0.125
57 53 0.125
294 53 0.125
49 348 0.111111
164 348 0.111111
344 348 0.111111
345 348 0.111111
346 348 0.111111
347 348 0.111111
349 348 0.111111
350 348 0.111111
351 348 0.111111
49 54 0.142857
50 54 0.142857
51 54 0.142857
53 54 0.142857
55 54 0.142857
56 54 0.142857
58 54 0.142857
50 100 0.111111
71 100 0.111111
96 100 0.111111
97 100 0.111111
98 100 0.111111
99 100 0.111111
103 100 0.111111
104 100 0.111111
145 100 0.111111
51 55 0.142857
52 55 0.142857
54 55 0.142857
56 55 0.142857
57 55 0.142857
58 55 0.142857
59 55 0.142857
52 56 0.125
53 56 0.125
54 56 0.125
55 56 0.125
57 56 0.125
60 56 0.125
356 56 0.125
80 56 0.125
52 69 0.111111
65 69 0.111111
66 69 0.111111
67 69 0.111111
68 69 0.111111
70 69 0.111111
73 69 0.111111
97 69 0.111111
131 69 0.111111
53 57 0.111111
55 57 0.111111
56 57 0.111111
58 57 0.111111
59 57 0.111111
60 57 0.111111
61 57 0.111111
107 57 0.111111
97 57 0.111111
53 294 0.111111
290 294 0.111111
291 294 0.111111
292 294 0.111111
293 294 0.111111
295 294 0.111111
296 294 0.111111
297 294 0.111111
298 294 0.111111
54 58 0.142857
55 58 0.142857
57 58 0.142857
59 58 0.142857
60 58 0.142857
61 58 0.142857
62 58 0.142857
55 59 0.125
57 59 0.125
58 59 0.125
60 59 0.125
61 59 0.125
62 59 0.125
63 59 0.125
78 59 0.125
56 356 0.111111
352 356 0.111111
353 356 0.111111
354 356 0.111111
355 356 0.111111
357 356 0.111111
358 356 0.111111
359 356 0.111111
360 356 0.111111
57 61 0.125
58 61 0.125
59 61 0.125
60 61 0.125
62 61 0.125
63 61 0.125
64 61 0.125
65 61 0.125
57 107 0.142857
104 107 0.142857
105 107 0.142857
106 107 0.142857
108 107 0.142857
109 107 0.142857
111 107 0.142857
57 97 0.1
69 97 0.1
93 97 0.1
94 97 0.1
95 97 0.1
96 97 0.1
98 97 0.1
99 97 0.1
100 97 0.1
188 97 0.1
59 78 0.125
74 78 0.125
75 78 0.125
76 78 0.125
77 78 0.125
79 78 0.125
81 78 0.125
82 78 0.125
61 64 0.142857
63 64 0.142857
65 64 0.142857
66 64 0.142857
67 64 0.142857
68 64 0.142857
83 64 0.142857
62 66 0.125
63 66 0.125
64 66 0.125
65 66 0.125
67 66 0.125
68 66 0.125
69 66 0.125
151 66 0.125
62 185 0.125
181 185 0.125
182 185 0.125
183 185 0.125
186 185 0.125
189 185 0.125
216 185 0.125
305 185 0.125
63 67 0.125
64 67 0.125
66 67 0.125
68 67 0.125
69 67 0.125
70 67 0.125
71 67 0.125
112 67 0.125
63 312 0.111111
256 312 0.111111
308 312 0.111111
309 312 0.111111
310 312 0.111111
311 312 0.111111
313 312 0.111111
315 312 0.111111
316 312 0.111111
64 68 0.111111
65 68 0.111111
66 68 0.111111
67 68 0.111111
69 68 0.111111
70 68 0.111111
71 68 0.111111
72 68 0.111111
79 68 0.111111
64 83 0.142857
79 83 0.142857
80 83 0.142857
81 83 0.142857
84 83 0.142857
85 83 0.142857
86 83 0.142857
66 151 0.125
147 151 0.125
149 151 0.125
150 151 0.125
152 151 0.125
153 151 0.125
154 151 0.125
155 151 0.125
67 70 0.142857
68 70 0.142857
69 70 0.142857
71 70 0.142857
72 70 0.142857
73 70 0.142857
258 70 0.142857
67 71 0.125
68 71 0.125
70 71 0.125
72 71 0.125
73 71 0.125
74 71 0.125
75 71 0.125
100 71 0.125
67 112 0.111111
108 112 0.111111
109 112 0.111111
110 112 0.111111
111 112 0.111111
113 112 0.111111
114 112 0.111111
116 112 0.111111
368 112 0.111111
68 72 0.125
70 72 0.125
71 72 0.125
73 72 0.125
74 72 0.125
76 72 0.125
134 72 0.125
265 72 0.125
68 79 0.125
75 79 0.125
76 79 0.125
77 79 0.125
78 79 0.125
82 79 0.125
83 79 0.125
350 79 0.125
69 73 0.125
70 73 0.125
71 73 0.125
72 73 0.125
74 73 0.125
75 73 0.125
76 73 0.125
77 73 0.125
69 131 0.111111
127 131 0.111111
128 131 0.111111
129 131 0.111111
130 131 0.111111
132 131 0.111111
134 131 0.111111
135 131 0.111111
170 131 0.111111
70 258 0.125
255 258 0.125
256 258 0.125
257 258 0.125
259 258 0.125
260 258 0.125
261 258 0.125
262 258 0.125
71 74 0.142857
72 74 0.142857
73 74 0.142857
75 74 0.142857
76 74 0.142857
77 74 0.142857
78 74 0.142857
71 75 0.142857
73 75 0.142857
74 75 0.142857
77 75 0.142857
78 75 0.142857
79 75 0.142857
372 75 0.142857
72 76 0.111111
73 76 0.111111
74 76 0.111111
77 76 0.111111
78 76 0.111111
79 76 0.111111
80 76 0.111111
127 76 0.111111
262 76 0.111111
72 134 0.111111
130 134 0.111111
131 134 0.111111
132 134 0.111111
133 134 0.111111
135 134 0.111111
136 134 0.111111
137 134 0.111111
138 134 0.111111
72 265 0.125
257 265 0.125
261 265 0.125
263 265 0.125
264 265 0.125
266 265 0.125
267 265 0.125
268 265 0.125
73 77 0.125
74 77 0.125
75 77 0.125
76 77 0.125
78 77 0.125
79 77 0.125
80 77 0.125
81 77 0.125
75 372 0.111111
222 372 0.111111
314 372 0.111111
368 372 0.111111
369 372 0.111111
370 372 0.111111
373 372 0.111111
375 372 0.111111
376 372 0.111111
76 127 0.125
123 127 0.125
124 127 0.125
125 127 0.125
126 127 0.125
128 127 0.125
130 127 0.125
131 127 0.125
76 262 0.111111
152 262 0.111111
258 262 0.111111
259 262 0.111111
260 262 0.111111
261 262 0.111111
263 262 0.111111
264 262 0.111111
266 262 0.111111
77 81 0.142857
78 81 0.142857
80 81 0.142857
83 81 0.142857
85 81 0.142857
183 81 0.142857
316 81 0.142857
79 350 0.111111
346 350 0.111111
347 350 0.111111
348 350 0.111111
349 350 0.111111
351 350 0.111111
352 350 0.111111
353 350 0.111111
354 350 0.111111
81 183 0.125
180 183 0.125
181 183 0.125
182 183 0.125
184 183 0.125
185 183 0.125
186 183 0.125
187 183 0.125
81 316 0.111111
312 316 0.111111
313 316 0.111111
314 316 0.111111
315 316 0.111111
317 316 0.111111
318 316 0.111111
319 316 0.111111
320 316 0.111111
82 86 0.1
83 86 0.1
84 86 0.1
85 86 0.1
87 86 0.1
88 86 0.1
89 86 0.1
90 86 0.1
155 86 0.1
274 86 0.1
84 87 0.142857
85 87 0.142857
86 87 0.142857
88 87 0.142857
89 87 0.142857
90 87 0.142857
91 87 0.142857
84 88 0.125
85 88 0.125
86 88 0.125
87 88 0.125
89 88 0.125
90 88 0.125
91 88 0.125
92 88 0.125
85 89 0.125
86 89 0.125
87 89 0.125
88 89 0.125
90 89 0.125
91 89 0.125
92 89 0.125
93 89 0.125
85 321 0.125
317 321 0.125
318 321 0.125
319 321 0.125
320 321 0.125
323 321 0.125
324 321 0.125
325 321 0.125
86 155 0.125
151 155 0.125
152 155 0.125
153 155 0.125
154 155 0.125
156 155 0.125
157 155 0.125
158 155 0.125
86 274 0.125
270 274 0.125
271 274 0.125
272 274 0.125
273 274 0.125
275 274 0.125
276 274 0.125
277 274 0.125
87 91 0.125
88 91 0.125
89 91 0.125
90 91 0.125
92 91 0.125
93 91 0.125
94 91 0.125
95 91 0.125
88 92 0.125
89 92 0.125
91 92 0.125
95 92 0.125
96 92 0.125
163 92 0.125
116 92 0.125
248 92 0.125
90 94 0.142857
91 94 0.142857
93 94 0.142857
95 94 0.142857
96 94 0.142857
97 94 0.142857
98 94 0.142857
91 95 0.125
92 95 0.125
94 95 0.125
96 95 0.125
97 95 0.125
98 95 0.125
99 95 0.125
124 95 0.125
92 96 0.142857
94 96 0.142857
95 96 0.142857
97 96 0.142857
98 96 0.142857
99 96 0.142857
100 96 0.142857
92 163 0.111111
159 163 0.111111
160 163 0.111111
161 163 0.111111
162 163 0.111111
164 163 0.111111
165 163 0.111111
166 163 0.111111
167 163 0.111111
92 248 0.125
244 248 0.125
245 248 0.125
246 248 0.125
247 248 0.125
249 248 0.125
251 248 0.125
252 248 0.125
94 98 0.125
95 98 0.125
96 98 0.125
97 98 0.125
99 98 0.125
100 98 0.125
101 98 0.125
102 98 0.125
95 99 0.111111
96 99 0.111111
97 99 0.111111
98 99 0.111111
100 99 0.111111
101 99 0.111111
102 99 0.111111
103 99 0.111111
158 99 0.111111
95 124 0.090909
115 124 0.090909
120 124 0.090909
121 124 0.090909
122 124 0.090909
123 124 0.090909
126 124 0.090909
127 124 0.090909
128 124 0.090909
247 124 0.090909
288 124 0.090909
97 188 0.142857
184 188 0.142857
186 188 0.142857
187 188 0.142857
189 188 0.142857
190 188 0.142857
191 188 0.142857
98 101 0.142857
99 101 0.142857
102 101 0.142857
103 101 0.142857
104 101 0.142857
105 101 0.142857
259 101 0.142857
98 102 0.142857
99 102 0.142857
101 102 0.142857
103 102 0.142857
104 102 0.142857
105 102 0.142857
106 102 0.142857
99 103 0.111111
100 103 0.111111
101 103 0.111111
102 103 0.111111
104 103 0.111111
105 103 0.111111
106 103 0.111111
180 103 0.111111
365 103 0.111111
100 104 0.125
101 104 0.125
102 104 0.125
103 104 0.125
105 104 0.125
107 104 0.125
108 104 0.125
290 104 0.125
100 145 0.125
141 145 0.125
142 145 0.125
143 145 0.125
144 145 0.125
146 145 0.125
148 145 0.125
149 145 0.125
101 105 0.1
102 105 0.1
103 105 0.1
104 105 0.1
106 105 0.1
107 105 0.1
108 105 0.1
109 105 0.1
167 105 0.1
275 105 0.1
101 259 0.111111
255 259 0.111111
256 259 0.111111
257 259 0.111111
258 259 0.111111
260 259 0.111111
261 259 0.111111
262 259 0.111111
326 259 0.111111
102 106 0.142857
103 106 0.142857
105 106 0.142857
107 106 0.142857
108 106 0.142857
109 106 0.142857
110 106 0.142857
103 180 0.111111
176 180 0.111111
177 180 0.111111
178 180 0.111111
179 180 0.111111
181 180 0.111111
182 180 0.111111
183 180 0.111111
184 180 0.111111
103 365 0.125
361 365 0.125
362 365 0.125
363 365 0.125
364 365 0.125
366 365 0.125
367 365 0.125
368 365 0.125
104 108 0.125
105 108 0.125
106 108 0.125
107 108 0.125
109 108 0.125
110 108 0.125
111 108 0.125
112 108 0.125
105 109 0.125
106 109 0.125
107 109 0.125
108 109 0.125
110 109 0.125
111 109 0.125
112 109 0.125
113 109 0.125
105 167 0.125
163 167 0.125
164 167 0.125
165 167 0.125
166 167 0.125
168 167 0.125
169 167 0.125
171 167 0.125
105 275 0.125
271 275 0.125
272 275 0.125
273 275 0.125
274 275 0.125
276 275 0.125
277 275 0.125
279 275 0.125
106 110 0.142857
108 110 0.142857
109 110 0.142857
111 110 0.142857
112 110 0.142857
113 110 0.142857
114 110 0.142857
107 111 0.125
108 111 0.125
109 111 0.125
110 111 0.125
112 111 0.125
113 111 0.125
114 111 0.125
115 111 0.125
109 113 0.125
110 113 0.125
111 113 0.125
112 113 0.125
114 113 0.125
115 113 0.125
117 113 0.125
369 113 0.125
110 114 0.125
111 114 0.125
112 114 0.125
113 114 0.125
116 114 0.125
117 114 0.125
118 114 0.125
313 114 0.125
111 115 0.166667
113 115 0.166667
117 115 0.166667
119 115 0.166667
124 115 0.166667
327 115 0.166667
112 368 0.142857
365 368 0.142857
366 368 0.142857
367 368 0.142857
369 368 0.142857
371 368 0.142857
372 368 0.142857
113 117 0.111111
114 117 0.111111
115 117 0.111111
116 117 0.111111
118 117 0.111111
119 117 0.111111
120 117 0.111111
121 117 0.111111
129 117 0.111111
113 369 0.142857
126 369 0.142857
367 369 0.142857
368 369 0.142857
370 369 0.142857
372 369 0.142857
373 369 0.142857
114 118 0.166667
117 118 0.166667
119 118 0.166667
120 118 0.166667
121 118 0.166667
122 118 0.166667
114 313 0.125
309 313 0.125
311 313 0.125
312 313 0.125
314 313 0.125
315 313 0.125
316 313 0.125
317 313 0.125
115 119 0.125
117 119 0.125
118 119 0.125
120 119 0.125
121 119 0.125
123 119 0.125
264 119 0.125
344 119 0.125
115 327 0.111111
323 327 0.111111
324 327 0.111111
325 327 0.111111
326 327 0.111111
329 327 0.111111
330 327 0.111111
331 327 0.111111
334 327 0.111111
116 120 0.125
117 120 0.125
118 120 0.125
119 120 0.125
121 120 0.125
122 120 0.125
123 120 0.125
124 120 0.125
117 121 0.125
118 121 0.125
119 121 0.125
120 121 0.125
122 121 0.125
123 121 0.125
124 121 0.125
125 121 0.125
117 129 0.142857
125 129 0.142857
126 129 0.142857
128 129 0.142857
131 129 0.142857
133 129 0.142857
304 129 0.142857
118 122 0.142857
120 122 0.142857
121 122 0.142857
123 122 0.142857
124 122 0.142857
125 122 0.142857
126 122 0.142857
119 123 0.111111
120 123 0.111111
121 123 0.111111
122 123 0.111111
124 123 0.111111
125 123 0.111111
127 123 0.111111
334 123 0.111111
247 123 0.111111
119 264 0.111111
260 264 0.111111
261 264 0.111111
262 264 0.111111
263 264 0.111111
265 264 0.111111
266 264 0.111111
267 264 0.111111
268 264 0.111111
119 344 0.142857
341 344 0.142857
342 344 0.142857
343 344 0.142857
345 344 0.142857
346 344 0.142857
348 344 0.142857
121 125 0.142857
122 125 0.142857
123 125 0.142857
126 125 0.142857
127 125 0.142857
128 125 0.142857
129 125 0.142857
123 247 0.111111
124 247 0.111111
179 247 0.111111
243 247 0.111111
244 247 0.111111
245 247 0.111111
246 247 0.111111
248 247 0.111111
250 247 0.111111
124 128 0.125
125 128 0.125
126 128 0.125
127 128 0.125
129 128 0.125
130 128 0.125
131 128 0.125
132 128 0.125
124 288 0.125
284 288 0.125
285 288 0.125
286 288 0.125
287 288 0.125
289 288 0.125
291 288 0.125
292 288 0.125
127 130 0.166667
128 130 0.166667
131 130 0.166667
132 130 0.166667
133 130 0.166667
134 130 0.166667
128 132 0.142857
130 132 0.142857
131 132 0.142857
133 132 0.142857
134 132 0.142857
135 132 0.142857
136 132 0.142857
129 133 0.142857
130 133 0.142857
132 133 0.142857
134 133 0.142857
135 133 0.142857
136 133 0.142857
137 133 0.142857
129 304 0.1
220 304 0.1
300 304 0.1
301 304 0.1
302 304 0.1
303 304 0.1
305 304 0.1
306 304 0.1
307 304 0.1
308 304 0.1
131 135 0.125
132 135 0.125
133 135 0.125
134 135 0.125
136 135 0.125
137 135 0.125
138 135 0.125
139 135 0.125
131 170 0.125
166 170 0.125
168 170 0.125
169 170 0.125
171 170 0.125
172 170 0.125
173 170 0.125
174 170 0.125
132 136 0.125
133 136 0.125
134 136 0.125
135 136 0.125
137 136 0.125
138 136 0.125
139 136 0.125
140 136 0.125
133 137 0.125
134 137 0.125
135 137 0.125
136 137 0.125
138 137 0.125
139 137 0.125
140 137 0.125
141 137 0.125
134 138 0.125
135 138 0.125
136 138 0.125
137 138 0.125
139 138 0.125
140 138 0.125
141 138 0.125
307 138 0.125
135 139 0.125
136 139 0.125
137 139 0.125
138 139 0.125
140 139 0.125
141 139 0.125
142 139 0.125
143 139 0.125
136 140 0.125
137 140 0.125
138 140 0.125
139 140 0.125
141 140 0.125
142 140 0.125
144 140 0.125
286 140 0.125
138 307 0.111111
303 307 0.111111
304 307 0.111111
305 307 0.111111
306 307 0.111111
308 307 0.111111
309 307 0.111111
310 307 0.111111
311 307 0.111111
139 142 0.142857
140 142 0.142857
141 142 0.142857
143 142 0.142857
144 142 0.142857
145 142 0.142857
146 142 0.142857
139 143 0.125
141 143 0.125
142 143 0.125
144 143 0.125
145 143 0.125
146 143 0.125
147 143 0.125
366 143 0.125
140 144 0.125
142 144 0.125
143 144 0.125
145 144 0.125
146 144 0.125
147 144 0.125
148 144 0.125
214 144 0.125
140 286 0.111111
282 286 0.111111
283 286 0.111111
284 286 0.111111
285 286 0.111111
287 286 0.111111
288 286 0.111111
289 286 0.111111
290 286 0.111111
141 182 0.125
178 182 0.125
179 182 0.125
180 182 0.125
181 182 0.125
183 182 0.125
184 182 0.125
185 182 0.125
142 146 0.125
143 146 0.125
144 146 0.125
145 146 0.125
147 146 0.125
148 146 0.125
149 146 0.125
209 146 0.125
143 147 0.142857
144 147 0.142857
146 147 0.142857
148 147 0.142857
149 147 0.142857
150 147 0.142857
151 147 0.142857
143 366 0.142857
363 366 0.142857
364 366 0.142857
365 366 0.142857
367 366 0.142857
368 366 0.142857
370 366 0.142857
144 148 0.125
145 148 0.125
146 148 0.125
147 148 0.125
149 148 0.125
150 148 0.125
152 148 0.125
229 148 0.125
144 214 0.111111
199 214 0.111111
210 214 0.111111
211 214 0.111111
212 214 0.111111
213 214 0.111111
215 214 0.111111
216 214 0.111111
217 214 0.111111
145 149 0.125
146 149 0.125
147 149 0.125
148 149 0.125
150 149 0.125
151 149 0.125
152 149 0.125
153 149 0.125
146 209 0.125
205 209 0.125
206 209 0.125
208 209 0.125
210 209 0.125
211 209 0.125
212 209 0.125
213 209 0.125
148 152 0.142857
149 152 0.142857
151 152 0.142857
153 152 0.142857
154 152 0.142857
155 152 0.142857
262 152 0.142857
148 229 0.111111
225 229 0.111111
226 229 0.111111
227 229 0.111111
228 229 0.111111
230 229 0.111111
231 229 0.111111
232 229 0.111111
233 229 0.111111
149 153 0.111111
150 153 0.111111
151 153 0.111111
152 153 0.111111
154 153 0.111111
155 153 0.111111
156 153 0.111111
157 153 0.111111
290 153 0.111111
150 154 0.125
151 154 0.125
152 154 0.125
153 154 0.125
155 154 0.125
156 154 0.125
157 154 0.125
158 154 0.125
153 156 0.125
154 156 0.125
155 156 0.125
157 156 0.125
158 156 0.125
159 156 0.125
160 156 0.125
215 156 0.125
153 157 0.111111
154 157 0.111111
155 157 0.111111
156 157 0.111111
158 157 0.111111
159 157 0.111111
160 157 0.111111
161 157 0.111111
269 157 0.111111
156 159 0.166667
157 159 0.166667
160 159 0.166667
162 159 0.166667
163 159 0.166667
166 159 0.166667
156 215 0.125
175 215 0.125
211 215 0.125
212 215 0.125
214 215 0.125
216 215 0.125
217 215 0.125
219 215 0.125
157 161 0.142857
158 161 0.142857
160 161 0.142857
162 161 0.142857
163 161 0.142857
164 161 0.142857
165 161 0.142857
157 269 0.142857
266 269 0.142857
267 269 0.142857
268 269 0.142857
270 269 0.142857
272 269 0.142857
273 269 0.142857
159 162 0.142857
160 162 0.142857
161 162 0.142857
163 162 0.142857
164 162 0.142857
165 162 0.142857
166 162 0.142857
159 166 0.111111
162 166 0.111111
163 166 0.111111
164 166 0.111111
165 166 0.111111
167 166 0.111111
168 166 0.111111
169 166 0.111111
170 166 0.111111
161 165 0.125
162 165 0.125
163 165 0.125
164 165 0.125
166 165 0.125
167 165 0.125
168 165 0.125
169 165 0.125
164 168 0.125
165 168 0.125
166 168 0.125
167 168 0.125
169 168 0.125
170 168 0.125
171 168 0.125
172 168 0.125
165 169 0.111111
166 169 0.111111
167 169 0.111111
168 169 0.111111
170 169 0.111111
171 169 0.111111
172 169 0.111111
173 169 0.111111
340 169 0.111111
168 172 0.125
169 172 0.125
170 172 0.125
171 172 0.125
173 172 0.125
174 172 0.125
175 172 0.125
176 172 0.125
169 173 0.125
170 173 0.125
171 173 0.125
172 173 0.125
174 173 0.125
175 173 0.125
176 173 0.125
177 173 0.125
169 340 0.125
336 340 0.125
337 340 0.125
338 340 0.125
339 340 0.125
341 340 0.125
342 340 0.125
343 340 0.125
171 175 0.111111
172 175 0.111111
173 175 0.111111
174 175 0.111111
177 175 0.111111
178 175 0.111111
179 175 0.111111
215 175 0.111111
298 175 0.111111
171 347 0.142857
343 347 0.142857
345 347 0.142857
346 347 0.142857
348 347 0.142857
350 347 0.142857
353 347 0.142857
172 176 0.142857
173 176 0.142857
174 176 0.142857
177 176 0.142857
178 176 0.142857
179 176 0.142857
180 176 0.142857
173 177 0.125
174 177 0.125
175 177 0.125
176 177 0.125
178 177 0.125
179 177 0.125
180 177 0.125
181 177 0.125
174 178 0.125
175 178 0.125
176 178 0.125
177 178 0.125
179 178 0.125
180 178 0.125
181 178 0.125
182 178 0.125
175 179 0.125
176 179 0.125
177 179 0.125
178 179 0.125
180 179 0.125
181 179 0.125
182 179 0.125
247 179 0.125
175 298 0.125
294 298 0.125
295 298 0.125
296 298 0.125
297 298 0.125
300 298 0.125
301 298 0.125
302 298 0.125
183 186 0.142857
184 186 0.142857
185 186 0.142857
187 186 0.142857
188 186 0.142857
189 186 0.142857
190 186 0.142857
183 187 0.142857
184 187 0.142857
186 187 0.142857
188 187 0.142857
189 187 0.142857
190 187 0.142857
191 187 0.142857
185 216 0.111111
212 216 0.111111
213 216 0.111111
214 216 0.111111
215 216 0.111111
217 216 0.111111
218 216 0.111111
219 216 0.111111
220 216 0.111111
185 305 0.125
302 305 0.125
303 305 0.125
304 305 0.125
306 305 0.125
307 305 0.125
308 305 0.125
309 305 0.125
186 190 0.111111
187 190 0.111111
188 190 0.111111
189 190 0.111111
191 190 0.111111
192 190 0.111111
193 190 0.111111
194 190 0.111111
196 190 0.111111
187 191 0.125
188 191 0.125
190 191 0.125
192 191 0.125
193 191 0.125
194 191 0.125
195 191 0.125
310 191 0.125
189 192 0.142857
190 192 0.142857
191 192 0.142857
193 192 0.142857
194 192 0.142857
195 192 0.142857
196 192 0.142857
189 193 0.125
190 193 0.125
191 193 0.125
192 193 0.125
194 193 0.125
195 193 0.125
196 193 0.125
197 193 0.125
190 194 0.125
191 194 0.125
192 194 0.125
193 194 0.125
195 194 0.125
196 194 0.125
197 194 0.125
198 194 0.125
190 196 0.125
192 196 0.125
193 196 0.125
194 196 0.125
195 196 0.125
197 196 0.125
198 196 0.125
199 196 0.125
191 195 0.125
192 195 0.125
193 195 0.125
194 195 0.125
196 195 0.125
197 195 0.125
199 195 0.125
204 195 0.125
191 310 0.111111
249 310 0.111111
306 310 0.111111
307 310 0.111111
308 310 0.111111
309 310 0.111111
311 310 0.111111
312 310 0.111111
314 310 0.111111
193 197 0.125
194 197 0.125
195 197 0.125
196 197 0.125
198 197 0.125
199 197 0.125
200 197 0.125
201 197 0.125
194 198 0.142857
196 198 0.142857
197 198 0.142857
199 198 0.142857
200 198 0.142857
201 198 0.142857
202 198 0.142857
195 199 0.125
196 199 0.125
197 199 0.125
198 199 0.125
200 199 0.125
201 199 0.125
202 199 0.125
214 199 0.125
195 204 0.1
200 204 0.1
201 204 0.1
202 204 0.1
203 204 0.1
205 204 0.1
206 204 0.1
207 204 0.1
208 204 0.1
254 204 0.1
197 200 0.142857
198 200 0.142857
199 200 0.142857
201 200 0.142857
202 200 0.142857
203 200 0.142857
204 200 0.142857
198 202 0.142857
199 202 0.142857
200 202 0.142857
203 202 0.142857
204 202 0.142857
205 202 0.142857
206 202 0.142857
201 205 0.125
202 205 0.125
203 205 0.125
204 205 0.125
206 205 0.125
207 205 0.125
208 205 0.125
209 205 0.125
201 306 0.111111
302 306 0.111111
303 306 0.111111
304 306 0.111111
305 306 0.111111
307 306 0.111111
308 306 0.111111
309 306 0.111111
310 306 0.111111
202 206 0.125
203 206 0.125
204 206 0.125
205 206 0.125
207 206 0.125
208 206 0.125
209 206 0.125
210 206 0.125
204 207 0.125
205 207 0.125
206 207 0.125
210 207 0.125
211 207 0.125
290 207 0.125
283 207 0.125
280 207 0.125
204 208 0.142857
205 208 0.142857
206 208 0.142857
209 208 0.142857
210 208 0.142857
211 208 0.142857
212 208 0.142857
204 254 0.125
250 254 0.125
251 254 0.125
252 254 0.125
253 254 0.125
255 254 0.125
257 254 0.125
374 254 0.125
207 211 0.125
208 211 0.125
209 211 0.125
210 211 0.125
212 211 0.125
213 211 0.125
214 211 0.125
215 211 0.125
207 283 0.111111
279 283 0.111111
280 283 0.111111
281 283 0.111111
282 283 0.111111
284 283 0.111111
285 283 0.111111
286 283 0.111111
287 283 0.111111
207 280 0.111111
213 280 0.111111
276 280 0.111111
277 280 0.111111
278 280 0.111111
279 280 0.111111
281 280 0.111111
283 280 0.111111
284 280 0.111111
208 212 0.125
209 212 0.125
210 212 0.125
211 212 0.125
213 212 0.125
214 212 0.125
215 212 0.125
216 212 0.125
213 217 0.125
214 217 0.125
215 217 0.125
216 217 0.125
218 217 0.125
219 217 0.125
220 217 0.125
221 217 0.125
215 219 0.125
216 219 0.125
217 219 0.125
218 219 0.125
220 219 0.125
221 219 0.125
222 219 0.125
223 219 0.125
216 218 0.166667
217 218 0.166667
219 218 0.166667
220 218 0.166667
221 218 0.166667
222 218 0.166667
216 220 0.125
217 220 0.125
218 220 0.125
219 220 0.125
222 220 0.125
223 220 0.125
224 220 0.125
304 220 0.125
217 221 0.142857
218 221 0.142857
219 221 0.142857
222 221 0.142857
223 221 0.142857
224 221 0.142857
225 221 0.142857
218 222 0.125
219 222 0.125
220 222 0.125
221 222 0.125
223 222 0.125
224 222 0.125
225 222 0.125
372 222 0.125
219 223 0.125
220 223 0.125
221 223 0.125
222 223 0.125
224 223 0.125
225 223 0.125
226 223 0.125
227 223 0.125
220 224 0.125
221 224 0.125
222 224 0.125
223 224 0.125
225 224 0.125
226 224 0.125
227 224 0.125
228 224 0.125
221 225 0.111111
222 225 0.111111
223 225 0.111111
224 225 0.111111
226 225 0.111111
227 225 0.111111
228 225 0.111111
229 225 0.111111
357 225 0.111111
223 226 0.142857
224 226 0.142857
225 226 0.142857
227 226 0.142857
228 226 0.142857
229 226 0.142857
230 226 0.142857
223 227 0.125
224 227 0.125
225 227 0.125
226 227 0.125
228 227 0.125
229 227 0.125
230 227 0.125
231 227 0.125
224 228 0.125
225 228 0.125
226 228 0.125
227 228 0.125
229 228 0.125
230 228 0.125
231 228 0.125
232 228 0.125
225 357 0.125
353 357 0.125
354 357 0.125
355 357 0.125
356 357 0.125
359 357 0.125
360 357 0.125
361 357 0.125
226 230 0.125
227 230 0.125
228 230 0.125
229 230 0.125
231 230 0.125
232 230 0.125
233 230 0.125
234 230 0.125
227 231 0.125
228 231 0.125
229 231 0.125
230 231 0.125
232 231 0.125
233 231 0.125
234 231 0.125
235 231 0.125
228 232 0.125
229 232 0.125
230 232 0.125
231 232 0.125
233 232 0.125
234 232 0.125
235 232 0.125
236 232 0.125
229 233 0.125
230 233 0.125
231 233 0.125
232 233 0.125
234 233 0.125
235 233 0.125
236 233 0.125
237 233 0.125
230 234 0.125
231 234 0.125
232 234 0.125
233 234 0.125
235 234 0.125
236 234 0.125
237 234 0.125
238 234 0.125
231 235 0.125
232 235 0.125
233 235 0.125
234 235 0.125
236 235 0.125
237 235 0.125
238 235 0.125
239 235 0.125
232 236 0.125
233 236 0.125
234 236 0.125
235 236 0.125
237 236 0.125
238 236 0.125
239 236 0.125
240 236 0.125
233 237 0.125
234 237 0.125
235 237 0.125
236 237 0.125
239 237 0.125
240 237 0.125
349 237 0.125
273 237 0.125
234 238 0.142857
235 238 0.142857
236 238 0.142857
239 238 0.142857
240 238 0.142857
241 238 0.142857
242 238 0.142857
235 239 0.125
236 239 0.125
237 239 0.125
238 239 0.125
240 239 0.125
241 239 0.125
242 239 0.125
243 239 0.125
236 240 0.125
237 240 0.125
238 240 0.125
239 240 0.125
241 240 0.125
242 240 0.125
243 240 0.125
244 240 0.125
237 349 0.125
345 349 0.125
346 349 0.125
348 349 0.125
350 349 0.125
351 349 0.125
352 349 0.125
353 349 0.125
237 273 0.111111
269 273 0.111111
270 273 0.111111
271 273 0.111111
272 273 0.111111
274 273 0.111111
275 273 0.111111
276 273 0.111111
277 273 0.111111
238 241 0.142857
239 241 0.142857
240 241 0.142857
242 241 0.142857
243 241 0.142857
244 241 0.142857
245 241 0.142857
238 242 0.125
239 242 0.125
240 242 0.125
241 242 0.125
243 242 0.125
244 242 0.125
245 242 0.125
246 242 0.125
239 243 0.125
240 243 0.125
241 243 0.125
242 243 0.125
244 243 0.125
245 243 0.125
246 243 0.125
247 243 0.125
240 244 0.125
241 244 0.125
242 244 0.125
243 244 0.125
245 244 0.125
246 244 0.125
247 244 0.125
248 244 0.125
241 245 0.125
242 245 0.125
243 245 0.125
244 245 0.125
246 245 0.125
247 245 0.125
248 245 0.125
249 245 0.125
242 246 0.125
243 246 0.125
244 246 0.125
245 246 0.125
247 246 0.125
248 246 0.125
250 246 0.125
315 246 0.125
245 249 0.166667
248 249 0.166667
250 249 0.166667
253 249 0.166667
277 249 0.166667
310 249 0.166667
246 250 0.142857
247 250 0.142857
249 250 0.142857
251 250 0.142857
252 250 0.142857
253 250 0.142857
254 250 0.142857
246 315 0.111111
311 315 0.111111
312 315 0.111111
313 315 0.111111
314 315 0.111111
316 315 0.111111
317 315 0.111111
318 315 0.111111
319 315 0.111111
248 251 0.166667
250 251 0.166667
252 251 0.166667
253 251 0.166667
254 251 0.166667
255 251 0.166667
248 252 0.142857
250 252 0.142857
251 252 0.142857
253 252 0.142857
254 252 0.142857
255 252 0.142857
256 252 0.142857
249 253 0.125
250 253 0.125
251 253 0.125
252 253 0.125
254 253 0.125
255 253 0.125
256 253 0.125
257 253 0.125
249 277 0.111111
273 277 0.111111
274 277 0.111111
275 277 0.111111
276 277 0.111111
278 277 0.111111
279 277 0.111111
280 277 0.111111
281 277 0.111111
251 255 0.125
252 255 0.125
253 255 0.125
254 255 0.125
256 255 0.125
257 255 0.125
258 255 0.125
259 255 0.125
252 256 0.142857
253 256 0.142857
255 256 0.142857
258 256 0.142857
259 256 0.142857
260 256 0.142857
312 256 0.142857
253 257 0.125
254 257 0.125
255 257 0.125
258 257 0.125
259 257 0.125
260 257 0.125
279 257 0.125
265 257 0.125
254 374 0.125
370 374 0.125
371 374 0.125
373 374 0.125
375 374 0.125
376 374 0.125
377 374 0.125
378 374 0.125
256 260 0.125
257 260 0.125
258 260 0.125
259 260 0.125
261 260 0.125
262 260 0.125
263 260 0.125
264 260 0.125
257 279 0.111111
275 279 0.111111
276 279 0.111111
277 279 0.111111
278 279 0.111111
280 279 0.111111
282 279 0.111111
283 279 0.111111
371 279 0.111111
258 261 0.142857
259 261 0.142857
260 261 0.142857
262 261 0.142857
263 261 0.142857
264 261 0.142857
265 261 0.142857
259 326 0.125
322 326 0.125
323 326 0.125
324 326 0.125
325 326 0.125
327 326 0.125
328 326 0.125
329 326 0.125
260 263 0.125
261 263 0.125
262 263 0.125
264 263 0.125
265 263 0.125
266 263 0.125
267 263 0.125
299 263 0.125
262 266 0.125
263 266 0.125
264 266 0.125
265 266 0.125
267 266 0.125
268 266 0.125
269 266 0.125
270 266 0.125
263 267 0.125
264 267 0.125
265 267 0.125
266 267 0.125
268 267 0.125
269 267 0.125
270 267 0.125
271 267 0.125
263 299 0.142857
295 299 0.142857
296 299 0.142857
297 299 0.142857
300 299 0.142857
301 299 0.142857
302 299 0.142857
266 270 0.125
267 270 0.125
268 270 0.125
269 270 0.125
271 270 0.125
272 270 0.125
273 270 0.125
274 270 0.125
267 271 0.142857
268 271 0.142857
270 271 0.142857
272 271 0.142857
273 271 0.142857
274 271 0.142857
275 271 0.142857
268 272 0.125
269 272 0.125
270 272 0.125
271 272 0.125
273 272 0.125
274 272 0.125
275 272 0.125
276 272 0.125
272 276 0.125
273 276 0.125
274 276 0.125
275 276 0.125
277 276 0.125
279 276 0.125
280 276 0.125
375 276 0.125
276 375 0.111111
371 375 0.111111
372 375 0.111111
373 375 0.111111
374 375 0.111111
376 375 0.111111
377 375 0.111111
378 375 0.111111
379 375 0.111111
277 278 0.2
279 278 0.2
280 278 0.2
281 278 0.2
282 278 0.2
277 281 0.142857
278 281 0.142857
280 281 0.142857
282 281 0.142857
283 281 0.142857
284 281 0.142857
285 281 0.142857
278 282 0.125
279 282 0.125
281 282 0.125
283 282 0.125
284 282 0.125
285 282 0.125
286 282 0.125
362 282 0.125
279 371 0.166667
368 371 0.166667
370 371 0.166667
373 371 0.166667
374 371 0.166667
375 371 0.166667
280 284 0.111111
281 284 0.111111
282 284 0.111111
283 284 0.111111
285 284 0.111111
286 284 0.111111
287 284 0.111111
288 284 0.111111
364 284 0.111111
281 285 0.125
282 285 0.125
283 285 0.125
284 285 0.125
286 285 0.125
287 285 0.125
288 285 0.125
289 285 0.125
284 364 0.125
360 364 0.125
361 364 0.125
362 364 0.125
363 364 0.125
365 364 0.125
366 364 0.125
367 364 0.125
285 289 0.111111
286 289 0.111111
287 289 0.111111
288 289 0.111111
290 289 0.111111
291 289 0.111111
292 289 0.111111
293 289 0.111111
339 289 0.111111
287 291 0.142857
288 291 0.142857
289 291 0.142857
292 291 0.142857
293 291 0.142857
294 291 0.142857
295 291 0.142857
289 293 0.142857
291 293 0.142857
292 293 0.142857
294 293 0.142857
295 293 0.142857
296 293 0.142857
297 293 0.142857
289 339 0.125
335 339 0.125
336 339 0.125
337 339 0.125
338 339 0.125
340 339 0.125
342 339 0.125
343 339 0.125
291 295 0.125
292 295 0.125
293 295 0.125
294 295 0.125
296 295 0.125
297 295 0.125
298 295 0.125
299 295 0.125
292 296 0.125
293 296 0.125
294 296 0.125
295 296 0.125
297 296 0.125
298 296 0.125
299 296 0.125
300 296 0.125
293 297 0.125
294 297 0.125
295 297 0.125
296 297 0.125
298 297 0.125
299 297 0.125
300 297 0.125
301 297 0.125
296 300 0.125
297 300 0.125
298 300 0.125
299 300 0.125
301 300 0.125
302 300 0.125
303 300 0.125
304 300 0.125
298 302 0.125
299 302 0.125
300 302 0.125
301 302 0.125
303 302 0.125
304 302 0.125
305 302 0.125
306 302 0.125
300 303 0.142857
301 303 0.142857
302 303 0.142857
304 303 0.142857
305 303 0.142857
306 303 0.142857
307 303 0.142857
304 308 0.125
305 308 0.125
306 308 0.125
307 308 0.125
309 308 0.125
310 308 0.125
311 308 0.125
312 308 0.125
305 309 0.125
306 309 0.125
307 309 0.125
308 309 0.125
310 309 0.125
311 309 0.125
312 309 0.125
313 309 0.125
307 311 0.125
308 311 0.125
309 311 0.125
310 311 0.125
312 311 0.125
313 311 0.125
314 311 0.125
315 311 0.125
310 314 0.125
311 314 0.125
313 314 0.125
315 314 0.125
316 314 0.125
317 314 0.125
318 314 0.125
372 314 0.125
313 317 0.125
314 317 0.125
315 317 0.125
316 317 0.125
318 317 0.125
319 317 0.125
320 317 0.125
321 317 0.125
314 318 0.125
315 318 0.125
316 318 0.125
317 318 0.125
319 318 0.125
320 318 0.125
321 318 0.125
322 318 0.125
315 319 0.125
316 319 0.125
317 319 0.125
318 319 0.125
320 319 0.125
321 319 0.125
322 319 0.125
323 319 0.125
316 320 0.125
317 320 0.125
318 320 0.125
319 320 0.125
321 320 0.125
322 320 0.125
323 320 0.125
324 320 0.125
318 322 0.142857
319 322 0.142857
320 322 0.142857
323 322 0.142857
324 322 0.142857
325 322 0.142857
326 322 0.142857
319 323 0.125
320 323 0.125
321 323 0.125
322 323 0.125
324 323 0.125
325 323 0.125
326 323 0.125
327 323 0.125
320 324 0.125
321 324 0.125
322 324 0.125
323 324 0.125
325 324 0.125
326 324 0.125
327 324 0.125
328 324 0.125
321 325 0.125
322 325 0.125
323 325 0.125
324 325 0.125
326 325 0.125
327 325 0.125
328 325 0.125
329 325 0.125
324 328 0.142857
325 328 0.142857
326 328 0.142857
329 328 0.142857
330 328 0.142857
331 328 0.142857
332 328 0.142857
325 329 0.125
326 329 0.125
327 329 0.125
328 329 0.125
330 329 0.125
331 329 0.125
332 329 0.125
333 329 0.125
327 330 0.125
328 330 0.125
329 330 0.125
331 330 0.125
332 330 0.125
333 330 0.125
334 330 0.125
367 330 0.125
327 331 0.125
328 331 0.125
329 331 0.125
330 331 0.125
332 331 0.125
333 331 0.125
334 331 0.125
335 331 0.125
328 332 0.125
329 332 0.125
330 332 0.125
331 332 0.125
333 332 0.125
334 332 0.125
335 332 0.125
336 332 0.125
329 333 0.125
330 333 0.125
331 333 0.125
332 333 0.125
334 333 0.125
335 333 0.125
336 333 0.125
337 333 0.125
330 367 0.125
363 367 0.125
364 367 0.125
365 367 0.125
366 367 0.125
368 367 0.125
369 367 0.125
370 367 0.125
332 336 0.142857
333 336 0.142857
334 336 0.142857
337 336 0.142857
338 336 0.142857
339 336 0.142857
340 336 0.142857
333 337 0.125
334 337 0.125
335 337 0.125
336 337 0.125
338 337 0.125
339 337 0.125
340 337 0.125
341 337 0.125
334 338 0.125
335 338 0.125
336 338 0.125
337 338 0.125
339 338 0.125
340 338 0.125
341 338 0.125
342 338 0.125
337 341 0.142857
338 341 0.142857
340 341 0.142857
342 341 0.142857
343 341 0.142857
344 341 0.142857
345 341 0.142857
338 342 0.125
339 342 0.125
340 342 0.125
341 342 0.125
343 342 0.125
344 342 0.125
345 342 0.125
346 342 0.125
339 343 0.125
340 343 0.125
341 343 0.125
342 343 0.125
344 343 0.125
345 343 0.125
346 343 0.125
347 343 0.125
341 345 0.125
342 345 0.125
343 345 0.125
344 345 0.125
346 345 0.125
347 345 0.125
348 345 0.125
349 345 0.125
342 346 0.125
343 346 0.125
344 346 0.125
345 346 0.125
347 346 0.125
348 346 0.125
349 346 0.125
350 346 0.125
347 353 0.111111
349 353 0.111111
350 353 0.111111
351 353 0.111111
352 353 0.111111
354 353 0.111111
355 353 0.111111
356 353 0.111111
357 353 0.111111
348 351 0.142857
349 351 0.142857
350 351 0.142857
352 351 0.142857
353 351 0.142857
354 351 0.142857
355 351 0.142857
350 354 0.125
351 354 0.125
352 354 0.125
353 354 0.125
355 354 0.125
356 354 0.125
357 354 0.125
358 354 0.125
351 355 0.125
352 355 0.125
353 355 0.125
354 355 0.125
356 355 0.125
357 355 0.125
358 355 0.125
359 355 0.125
354 358 0.142857
355 358 0.142857
356 358 0.142857
359 358 0.142857
360 358 0.142857
361 358 0.142857
362 358 0.142857
355 359 0.125
356 359 0.125
357 359 0.125
358 359 0.125
360 359 0.125
361 359 0.125
362 359 0.125
363 359 0.125
356 360 0.125
357 360 0.125
358 360 0.125
359 360 0.125
361 360 0.125
362 360 0.125
363 360 0.125
364 360 0.125
357 361 0.125
358 361 0.125
359 361 0.125
360 361 0.125
362 361 0.125
363 361 0.125
364 361 0.125
365 361 0.125
359 363 0.142857
360 363 0.142857
361 363 0.142857
364 363 0.142857
365 363 0.142857
366 363 0.142857
367 363 0.142857
366 370 0.142857
367 370 0.142857
369 370 0.142857
371 370 0.142857
372 370 0.142857
373 370 0.142857
374 370 0.142857
369 373 0.111111
370 373 0.111111
371 373 0.111111
372 373 0.111111
374 373 0.111111
375 373 0.111111
376 373 0.111111
377 373 0.111111
385 373 0.111111
372 376 0.125
373 376 0.125
374 376 0.125
375 376 0.125
377 376 0.125
378 376 0.125
379 376 0.125
380 376 0.125
373 377 0.125
374 377 0.125
375 377 0.125
376 377 0.125
378 377 0.125
379 377 0.125
380 377 0.125
381 377 0.125
374 378 0.125
375 378 0.125
376 378 0.125
377 378 0.125
379 378 0.125
380 378 0.125
381 378 0.125
382 378 0.125
375 379 0.125
376 379 0.125
377 379 0.125
378 379 0.125
380 379 0.125
381 379 0.125
382 379 0.125
383 379 0.125
376 380 0.125
377 380 0.125
378 380 0.125
379 380 0.125
381 380 0.125
382 380 0.125
383 380 0.125
384 380 0.125
378 382 0.125
379 382 0.125
380 382 0.125
381 382 0.125
383 382 0.125
384 382 0.125
385 382 0.125
386 382 0.125
379 383 0.125
380 383 0.125
381 383 0.125
382 383 0.125
384 383 0.125
385 383 0.125
386 383 0.125
387 383 0.125
380 384 0.125
381 384 0.125
382 384 0.125
383 384 0.125
385 384 0.125
386 384 0.125
387 384 0.125
388 384 0.125
388 0 0.1
2 0 0.1
387 0 0.1
3 0 0.1
386 0 0.1
4 0 0.1
385 0 0.1
201 0 0.1
290 0 0.1
62 0 0.1
3 1 0.142857
388 1 0.142857
4 1 0.142857
387 1 0.142857
386 1 0.142857
164 1 0.142857
334 1 0.142857
