0 1 0.1
2 1 0.1
3 1 0.1
186 1 0.1
4 1 0.1
185 1 0.1
5 1 0.1
184 1 0.1
129 1 0.1
138 1 0.1
0 186 0.125
1 186 0.125
2 186 0.125
3 186 0.125
182 186 0.125
183 186 0.125
184 186 0.125
185 186 0.125
0 185 0.125
1 185 0.125
2 185 0.125
181 185 0.125
182 185 0.125
183 185 0.125
184 185 0.125
186 185 0.125
0 3 0.125
1 3 0.125
2 3 0.125
4 3 0.125
5 3 0.125
6 3 0.125
7 3 0.125
186 3 0.125
0 184 0.125
1 184 0.125
180 184 0.125
181 184 0.125
182 184 0.125
183 184 0.125
185 184 0.125
186 184 0.125
0 4 0.125
1 4 0.125
2 4 0.125
3 4 0.125
5 4 0.125
7 4 0.125
159 4 0.125
167 4 0.125
0 183 0.125
179 183 0.125
180 183 0.125
181 183 0.125
182 183 0.125
184 183 0.125
185 183 0.125
186 183 0.125
0 175 0.125
44 175 0.125
171 175 0.125
172 175 0.125
174 175 0.125
177 175 0.125
178 175 0.125
179 175 0.125
1 2 0.125
3 2 0.125
4 2 0.125
5 2 0.125
186 2 0.125
6 2 0.125
185 2 0.125
121 2 0.125
1 5 0.125
2 5 0.125
3 5 0.125
4 5 0.125
6 5 0.125
7 5 0.125
8 5 0.125
9 5 0.125
1 129 0.1
113 129 0.1
125 129 0.1
126 129 0.1
127 129 0.1
128 129 0.1
130 129 0.1
132 129 0.1
133 129 0.1
139 129 0.1
1 138 0.142857
135 138 0.142857
136 138 0.142857
137 138 0.142857
139 138 0.142857
140 138 0.142857
142 138 0.142857
2 6 0.142857
3 6 0.142857
5 6 0.142857
7 6 0.142857
8 6 0.142857
9 6 0.142857
10 6 0.142857
2 121 0.125
117 121 0.125
118 121 0.125
119 121 0.125
120 121 0.125
122 121 0.125
123 121 0.125
166 121 0.125
3 7 0.1
4 7 0.1
5 7 0.1
6 7 0.1
8 7 0.1
10 7 0.1
11 7 0.1
52 7 0.1
29 7 0.1
94 7 0.1
4 159 0.125
155 159 0.125
156 159 0.125
158 159 0.125
160 159 0.125
161 159 0.125
162 159 0.125
163 159 0.125
4 167 0.111111
163 167 0.111111
164 167 0.111111
165 167 0.111111
166 167 0.111111
168 167 0.111111
169 167 0.111111
170 167 0.111111
171 167 0.111111
5 8 0.142857
6 8 0.142857
7 8 0.142857
9 8 0.142857
10 8 0.142857
11 8 0.142857
57 8 0.142857
5 9 0.142857
6 9 0.142857
8 9 0.142857
10 9 0.142857
11 9 0.142857
12 9 0.142857
13 9 0.142857
6 10 0.111111
7 10 0.111111
8 10 0.111111
9 10 0.111111
11 10 0.111111
12 10 0.111111
13 10 0.111111
14 10 0.111111
75 10 0.111111
7 11 0.125
8 11 0.125
9 11 0.125
10 11 0.125
12 11 0.125
13 11 0.125
14 11 0.125
15 11 0.125
7 52 0.125
48 52 0.125
49 52 0.125
50 52 0.125
51 52 0.125
54 52 0.125
55 52 0.125
56 52 0.125
7 29 0.111111
26 29 0.111111
27 29 0.111111
28 29 0.111111
30 29 0.111111
31 29 0.111111
32 29 0.111111
33 29 0.111111
164 29 0.111111
7 94 0.125
90 94 0.125
91 94 0.125
92 94 0.125
93 94 0.125
95 94 0.125
96 94 0.125
97 94 0.125
8 57 0.125
53 57 0.125
55 57 0.125
56 57 0.125
58 57 0.125
60 57 0.125
151 57 0.125
131 57 0.125
9 12 0.142857
10 12 0.142857
11 12 0.142857
13 12 0.142857
14 12 0.142857
16 12 0.142857
141 12 0.142857
9 13 0.125
10 13 0.125
11 13 0.125
12 13 0.125
14 13 0.125
15 13 0.125
16 13 0.125
17 13 0.125
10 14 0.125
11 14 0.125
12 14 0.125
13 14 0.125
15 14 0.125
16 14 0.125
17 14 0.125
18 14 0.125
10 75 0.125
64 75 0.125
71 75 0.125
72 75 0.125
73 75 0.125
74 75 0.125
76 75 0.125
78 75 0.125
11 15 0.142857
13 15 0.142857
14 15 0.142857
16 15 0.142857
17 15 0.142857
18 15 0.142857
19 15 0.142857
12 16 0.111111
13 16 0.111111
14 16 0.111111
15 16 0.111111
17 16 0.111111
19 16 0.111111
20 16 0.111111
140 16 0.111111
98 16 0.111111
12 141 0.125
64 141 0.125
67 141 0.125
137 141 0.125
140 141 0.125
142 141 0.125
143 141 0.125
144 141 0.125
13 17 0.125
14 17 0.125
15 17 0.125
16 17 0.125
18 17 0.125
20 17 0.125
21 17 0.125
30 17 0.125
14 18 0.142857
15 18 0.142857
17 18 0.142857
19 18 0.142857
20 18 0.142857
21 18 0.142857
22 18 0.142857
15 19 0.142857
16 19 0.142857
18 19 0.142857
20 19 0.142857
21 19 0.142857
22 19 0.142857
23 19 0.142857
16 20 0.125
17 20 0.125
18 20 0.125
19 20 0.125
22 20 0.125
23 20 0.125
24 20 0.125
146 20 0.125
16 140 0.090909
83 140 0.090909
104 140 0.090909
136 140 0.090909
137 140 0.090909
138 140 0.090909
139 140 0.090909
141 140 0.090909
143 140 0.090909
144 140 0.090909
171 140 0.090909
16 98 0.166667
95 98 0.166667
96 98 0.166667
99 98 0.166667
100 98 0.166667
102 98 0.166667
17 21 0.125
18 21 0.125
19 21 0.125
22 21 0.125
23 21 0.125
24 21 0.125
25 21 0.125
37 21 0.125
17 30 0.111111
26 30 0.111111
27 30 0.111111
29 30 0.111111
31 30 0.111111
32 30 0.111111
33 30 0.111111
34 30 0.111111
157 30 0.111111
18 22 0.125
19 22 0.125
20 22 0.125
21 22 0.125
23 22 0.125
24 22 0.125
25 22 0.125
26 22 0.125
19 23 0.125
20 23 0.125
21 23 0.125
22 23 0.125
24 23 0.125
25 23 0.125
26 23 0.125
27 23 0.125
20 24 0.111111
21 24 0.111111
22 24 0.111111
23 24 0.111111
25 24 0.111111
26 24 0.111111
27 24 0.111111
28 24 0.111111
173 24 0.111111
20 146 0.111111
142 146 0.111111
143 146 0.111111
144 146 0.111111
145 146 0.111111
147 146 0.111111
148 146 0.111111
149 146 0.111111
150 146 0.111111
21 25 0.111111
22 25 0.111111
23 25 0.111111
24 25 0.111111
26 25 0.111111
27 25 0.111111
101 25 0.111111
153 25 0.111111
28 25 0.111111
21 37 0.125
33 37 0.125
34 37 0.125
35 37 0.125
36 37 0.125
38 37 0.125
39 37 0.125
41 37 0.125
22 26 0.125
23 26 0.125
24 26 0.125
25 26 0.125
27 26 0.125
28 26 0.125
29 26 0.125
30 26 0.125
23 27 0.125
24 27 0.125
25 27 0.125
26 27 0.125
28 27 0.125
29 27 0.125
30 27 0.125
31 27 0.125
24 28 0.142857
25 28 0.142857
26 28 0.142857
27 28 0.142857
29 28 0.142857
31 28 0.142857
73 28 0.142857
24 173 0.125
160 173 0.125
169 173 0.125
170 173 0.125
171 173 0.125
172 173 0.125
176 173 0.125
177 173 0.125
25 101 0.111111
97 101 0.111111
99 101 0.111111
100 101 0.111111
102 101 0.111111
103 101 0.111111
104 101 0.111111
105 101 0.111111
166 101 0.111111
25 153 0.125
116 153 0.125
149 153 0.125
151 153 0.125
152 153 0.125
154 153 0.125
155 153 0.125
156 153 0.125
27 31 0.125
28 31 0.125
29 31 0.125
30 31 0.125
32 31 0.125
33 31 0.125
34 31 0.125
35 31 0.125
28 73 0.111111
69 73 0.111111
70 73 0.111111
71 73 0.111111
72 73 0.111111
74 73 0.111111
75 73 0.111111
76 73 0.111111
77 73 0.111111
29 32 0.142857
30 32 0.142857
31 32 0.142857
33 32 0.142857
34 32 0.142857
35 32 0.142857
36 32 0.142857
29 33 0.125
30 33 0.125
31 33 0.125
32 33 0.125
34 33 0.125
35 33 0.125
36 33 0.125
37 33 0.125
29 164 0.142857
160 164 0.142857
161 164 0.142857
162 164 0.142857
165 164 0.142857
166 164 0.142857
167 164 0.142857
30 34 0.125
31 34 0.125
32 34 0.125
33 34 0.125
35 34 0.125
36 34 0.125
37 34 0.125
38 34 0.125
30 157 0.125
67 157 0.125
154 157 0.125
155 157 0.125
156 157 0.125
158 157 0.125
161 157 0.125
174 157 0.125
31 35 0.125
32 35 0.125
33 35 0.125
34 35 0.125
36 35 0.125
37 35 0.125
39 35 0.125
170 35 0.125
32 36 0.125
33 36 0.125
34 36 0.125
35 36 0.125
37 36 0.125
38 36 0.125
39 36 0.125
40 36 0.125
34 38 0.142857
36 38 0.142857
37 38 0.142857
39 38 0.142857
40 38 0.142857
41 38 0.142857
42 38 0.142857
35 39 0.125
36 39 0.125
37 39 0.125
38 39 0.125
40 39 0.125
41 39 0.125
42 39 0.125
43 39 0.125
35 170 0.111111
115 170 0.111111
131 170 0.111111
167 170 0.111111
168 170 0.111111
169 170 0.111111
171 170 0.111111
172 170 0.111111
173 170 0.111111
36 40 0.142857
38 40 0.142857
39 40 0.142857
41 40 0.142857
42 40 0.142857
43 40 0.142857
44 40 0.142857
37 41 0.125
38 41 0.125
39 41 0.125
40 41 0.125
42 41 0.125
43 41 0.125
44 41 0.125
45 41 0.125
38 42 0.1
39 42 0.1
40 42 0.1
41 42 0.1
43 42 0.1
44 42 0.1
45 42 0.1
46 42 0.1
63 42 0.1
90 42 0.1
39 43 0.125
40 43 0.125
41 43 0.125
42 43 0.125
44 43 0.125
45 43 0.125
47 43 0.125
171 43 0.125
40 44 0.1
41 44 0.1
42 44 0.1
43 44 0.1
45 44 0.1
46 44 0.1
47 44 0.1
48 44 0.1
122 44 0.1
175 44 0.1
41 45 0.111111
42 45 0.111111
43 45 0.111111
44 45 0.111111
46 45 0.111111
47 45 0.111111
48 45 0.111111
49 45 0.111111
54 45 0.111111
42 46 0.125
44 46 0.125
45 46 0.125
47 46 0.125
48 46 0.125
49 46 0.125
50 46 0.125
134 46 0.125
42 63 0.142857
60 63 0.142857
61 63 0.142857
62 63 0.142857
64 63 0.142857
65 63 0.142857
67 63 0.142857
42 90 0.125
86 90 0.125
87 90 0.125
88 90 0.125
89 90 0.125
91 90 0.125
92 90 0.125
94 90 0.125
43 47 0.111111
44 47 0.111111
45 47 0.111111
46 47 0.111111
48 47 0.111111
49 47 0.111111
50 47 0.111111
51 47 0.111111
111 47 0.111111
43 171 0.1
127 171 0.1
140 171 0.1
167 171 0.1
168 171 0.1
169 171 0.1
170 171 0.1
173 171 0.1
174 171 0.1
175 171 0.1
44 48 0.1
45 48 0.1
46 48 0.1
47 48 0.1
49 48 0.1
50 48 0.1
51 48 0.1
52 48 0.1
77 48 0.1
150 48 0.1
44 122 0.125
118 122 0.125
119 122 0.125
120 122 0.125
121 122 0.125
124 122 0.125
125 122 0.125
130 122 0.125
45 49 0.125
46 49 0.125
47 49 0.125
48 49 0.125
50 49 0.125
51 49 0.125
52 49 0.125
53 49 0.125
45 54 0.125
50 54 0.125
51 54 0.125
52 54 0.125
53 54 0.125
56 54 0.125
58 54 0.125
111 54 0.125
46 50 0.125
47 50 0.125
48 50 0.125
49 50 0.125
51 50 0.125
52 50 0.125
53 50 0.125
54 50 0.125
46 134 0.125
86 134 0.125
130 134 0.125
131 134 0.125
132 134 0.125
133 134 0.125
135 134 0.125
137 134 0.125
47 51 0.125
48 51 0.125
49 51 0.125
50 51 0.125
52 51 0.125
53 51 0.125
54 51 0.125
55 51 0.125
47 111 0.111111
54 111 0.111111
107 111 0.111111
108 111 0.111111
109 111 0.111111
110 111 0.111111
113 111 0.111111
114 111 0.111111
115 111 0.111111
48 77 0.142857
73 77 0.142857
74 77 0.142857
76 77 0.142857
78 77 0.142857
79 77 0.142857
81 77 0.142857
48 150 0.125
146 150 0.125
147 150 0.125
148 150 0.125
149 150 0.125
151 150 0.125
152 150 0.125
154 150 0.125
49 53 0.142857
50 53 0.142857
51 53 0.142857
54 53 0.142857
56 53 0.142857
57 53 0.142857
59 53 0.142857
51 55 0.166667
52 55 0.166667
56 55 0.166667
57 55 0.166667
58 55 0.166667
59 55 0.166667
52 56 0.125
53 56 0.125
54 56 0.125
55 56 0.125
57 56 0.125
58 56 0.125
59 56 0.125
60 56 0.125
53 59 0.111111
55 59 0.111111
56 59 0.111111
58 59 0.111111
60 59 0.111111
61 59 0.111111
62 59 0.111111
177 59 0.111111
105 59 0.111111
54 58 0.125
55 58 0.125
56 58 0.125
57 58 0.125
59 58 0.125
60 58 0.125
61 58 0.125
62 58 0.125
56 60 0.111111
57 60 0.111111
58 60 0.111111
59 60 0.111111
61 60 0.111111
62 60 0.111111
63 60 0.111111
64 60 0.111111
86 60 0.111111
57 151 0.1
124 151 0.1
147 151 0.1
148 151 0.1
149 151 0.1
150 151 0.1
152 151 0.1
153 151 0.1
154 151 0.1
155 151 0.1
57 131 0.090909
80 131 0.090909
116 131 0.090909
127 131 0.090909
128 131 0.090909
130 131 0.090909
132 131 0.090909
133 131 0.090909
134 131 0.090909
135 131 0.090909
170 131 0.090909
58 61 0.142857
59 61 0.142857
60 61 0.142857
62 61 0.142857
63 61 0.142857
64 61 0.142857
123 61 0.142857
58 62 0.125
59 62 0.125
60 62 0.125
61 62 0.125
63 62 0.125
64 62 0.125
65 62 0.125
66 62 0.125
59 177 0.125
173 177 0.125
174 177 0.125
175 177 0.125
176 177 0.125
178 177 0.125
179 177 0.125
181 177 0.125
59 105 0.111111
78 105 0.111111
101 105 0.111111
102 105 0.111111
103 105 0.111111
106 105 0.111111
107 105 0.111111
108 105 0.111111
109 105 0.111111
60 64 0.1
61 64 0.1
62 64 0.1
63 64 0.1
65 64 0.1
66 64 0.1
67 64 0.1
68 64 0.1
75 64 0.1
141 64 0.1
60 86 0.111111
82 86 0.111111
83 86 0.111111
84 86 0.111111
85 86 0.111111
87 86 0.111111
89 86 0.111111
90 86 0.111111
134 86 0.111111
61 123 0.111111
119 123 0.111111
120 123 0.111111
121 123 0.111111
124 123 0.111111
125 123 0.111111
126 123 0.111111
127 123 0.111111
163 123 0.111111
62 65 0.142857
63 65 0.142857
64 65 0.142857
66 65 0.142857
67 65 0.142857
68 65 0.142857
69 65 0.142857
62 66 0.142857
64 66 0.142857
65 66 0.142857
67 66 0.142857
68 66 0.142857
69 66 0.142857
70 66 0.142857
63 67 0.111111
64 67 0.111111
65 67 0.111111
66 67 0.111111
70 67 0.111111
157 67 0.111111
125 67 0.111111
128 67 0.111111
141 67 0.111111
64 68 0.125
65 68 0.125
66 68 0.125
69 68 0.125
70 68 0.125
71 68 0.125
72 68 0.125
179 68 0.125
65 69 0.142857
66 69 0.142857
68 69 0.142857
70 69 0.142857
71 69 0.142857
73 69 0.142857
156 69 0.142857
66 70 0.125
67 70 0.125
68 70 0.125
69 70 0.125
71 70 0.125
72 70 0.125
73 70 0.125
74 70 0.125
67 125 0.166667
122 125 0.166667
123 125 0.166667
127 125 0.166667
128 125 0.166667
129 125 0.166667
67 128 0.111111
124 128 0.111111
125 128 0.111111
126 128 0.111111
127 128 0.111111
129 128 0.111111
130 128 0.111111
131 128 0.111111
132 128 0.111111
68 71 0.142857
69 71 0.142857
70 71 0.142857
72 71 0.142857
73 71 0.142857
74 71 0.142857
75 71 0.142857
68 72 0.125
70 72 0.125
71 72 0.125
73 72 0.125
74 72 0.125
75 72 0.125
76 72 0.125
174 72 0.125
68 179 0.125
124 179 0.125
175 179 0.125
176 179 0.125
177 179 0.125
178 179 0.125
180 179 0.125
183 179 0.125
69 156 0.111111
152 156 0.111111
153 156 0.111111
154 156 0.111111
155 156 0.111111
157 156 0.111111
158 156 0.111111
159 156 0.111111
160 156 0.111111
70 74 0.125
71 74 0.125
72 74 0.125
73 74 0.125
75 74 0.125
76 74 0.125
77 74 0.125
78 74 0.125
72 76 0.111111
73 76 0.111111
74 76 0.111111
75 76 0.111111
77 76 0.111111
78 76 0.111111
79 76 0.111111
80 76 0.111111
115 76 0.111111
72 174 0.142857
157 174 0.142857
171 174 0.142857
172 174 0.142857
175 174 0.142857
177 174 0.142857
178 174 0.142857
74 78 0.125
75 78 0.125
76 78 0.125
77 78 0.125
79 78 0.125
80 78 0.125
82 78 0.125
105 78 0.125
76 79 0.142857
77 79 0.142857
78 79 0.142857
80 79 0.142857
81 79 0.142857
82 79 0.142857
83 79 0.142857
76 80 0.142857
78 80 0.142857
79 80 0.142857
81 80 0.142857
82 80 0.142857
84 80 0.142857
131 80 0.142857
76 115 0.142857
111 115 0.142857
112 115 0.142857
114 115 0.142857
118 115 0.142857
119 115 0.142857
170 115 0.142857
77 81 0.142857
79 81 0.142857
80 81 0.142857
82 81 0.142857
83 81 0.142857
84 81 0.142857
85 81 0.142857
78 82 0.125
79 82 0.125
80 82 0.125
81 82 0.125
83 82 0.125
84 82 0.125
85 82 0.125
86 82 0.125
79 83 0.142857
81 83 0.142857
82 83 0.142857
86 83 0.142857
87 83 0.142857
140 83 0.142857
104 83 0.142857
80 84 0.142857
81 84 0.142857
82 84 0.142857
85 84 0.142857
86 84 0.142857
87 84 0.142857
88 84 0.142857
81 85 0.142857
82 85 0.142857
84 85 0.142857
86 85 0.142857
87 85 0.142857
88 85 0.142857
89 85 0.142857
83 87 0.125
84 87 0.125
85 87 0.125
86 87 0.125
88 87 0.125
89 87 0.125
90 87 0.125
91 87 0.125
83 104 0.111111
100 104 0.111111
101 104 0.111111
102 104 0.111111
103 104 0.111111
106 104 0.111111
107 104 0.111111
108 104 0.111111
140 104 0.111111
84 88 0.142857
85 88 0.142857
87 88 0.142857
89 88 0.142857
90 88 0.142857
91 88 0.142857
92 88 0.142857
85 89 0.125
86 89 0.125
87 89 0.125
88 89 0.125
90 89 0.125
91 89 0.125
92 89 0.125
93 89 0.125
87 91 0.125
88 91 0.125
89 91 0.125
90 91 0.125
92 91 0.125
93 91 0.125
94 91 0.125
95 91 0.125
88 92 0.125
89 92 0.125
90 92 0.125
91 92 0.125
94 92 0.125
95 92 0.125
96 92 0.125
107 92 0.125
89 93 0.166667
91 93 0.166667
94 93 0.166667
95 93 0.166667
96 93 0.166667
97 93 0.166667
91 95 0.111111
92 95 0.111111
93 95 0.111111
94 95 0.111111
96 95 0.111111
97 95 0.111111
98 95 0.111111
99 95 0.111111
147 95 0.111111
92 96 0.125
93 96 0.125
94 96 0.125
95 96 0.125
97 96 0.125
98 96 0.125
99 96 0.125
100 96 0.125
92 107 0.111111
103 107 0.111111
104 107 0.111111
105 107 0.111111
106 107 0.111111
108 107 0.111111
109 107 0.111111
110 107 0.111111
111 107 0.111111
93 97 0.125
94 97 0.125
95 97 0.125
96 97 0.125
99 97 0.125
101 97 0.125
142 97 0.125
119 97 0.125
95 99 0.125
96 99 0.125
97 99 0.125
98 99 0.125
100 99 0.125
101 99 0.125
102 99 0.125
103 99 0.125
95 147 0.125
143 147 0.125
144 147 0.125
145 147 0.125
146 147 0.125
149 147 0.125
150 147 0.125
151 147 0.125
96 100 0.142857
98 100 0.142857
99 100 0.142857
101 100 0.142857
102 100 0.142857
103 100 0.142857
104 100 0.142857
97 142 0.125
138 142 0.125
139 142 0.125
141 142 0.125
143 142 0.125
144 142 0.125
145 142 0.125
146 142 0.125
97 119 0.111111
115 119 0.111111
116 119 0.111111
117 119 0.111111
118 119 0.111111
120 119 0.111111
121 119 0.111111
122 119 0.111111
123 119 0.111111
98 102 0.125
99 102 0.125
100 102 0.125
101 102 0.125
103 102 0.125
104 102 0.125
105 102 0.125
106 102 0.125
99 103 0.125
100 103 0.125
101 103 0.125
102 103 0.125
104 103 0.125
105 103 0.125
106 103 0.125
107 103 0.125
101 166 0.111111
121 166 0.111111
162 166 0.111111
163 166 0.111111
164 166 0.111111
165 166 0.111111
167 166 0.111111
168 166 0.111111
169 166 0.111111
102 106 0.111111
103 106 0.111111
104 106 0.111111
105 106 0.111111
107 106 0.111111
108 106 0.111111
109 106 0.111111
110 106 0.111111
143 106 0.111111
104 108 0.125
105 108 0.125
106 108 0.125
107 108 0.125
109 108 0.125
110 108 0.125
111 108 0.125
112 108 0.125
105 109 0.125
106 109 0.125
107 109 0.125
108 109 0.125
111 109 0.125
112 109 0.125
113 109 0.125
172 109 0.125
106 110 0.142857
107 110 0.142857
108 110 0.142857
111 110 0.142857
112 110 0.142857
113 110 0.142857
114 110 0.142857
106 143 0.125
139 143 0.125
140 143 0.125
141 143 0.125
142 143 0.125
145 143 0.125
146 143 0.125
147 143 0.125
108 112 0.142857
109 112 0.142857
110 112 0.142857
113 112 0.142857
114 112 0.142857
115 112 0.142857
116 112 0.142857
109 113 0.125
110 113 0.125
111 113 0.125
112 113 0.125
114 113 0.125
116 113 0.125
117 113 0.125
129 113 0.125
109 172 0.125
168 172 0.125
169 172 0.125
170 172 0.125
173 172 0.125
174 172 0.125
175 172 0.125
176 172 0.125
110 114 0.125
111 114 0.125
112 114 0.125
113 114 0.125
115 114 0.125
116 114 0.125
117 114 0.125
118 114 0.125
112 116 0.125
113 116 0.125
114 116 0.125
117 116 0.125
118 116 0.125
119 116 0.125
131 116 0.125
153 116 0.125
113 117 0.142857
114 117 0.142857
116 117 0.142857
118 117 0.142857
119 117 0.142857
120 117 0.142857
121 117 0.142857
114 118 0.125
115 118 0.125
116 118 0.125
117 118 0.125
119 118 0.125
120 118 0.125
121 118 0.125
122 118 0.125
117 120 0.142857
118 120 0.142857
119 120 0.142857
121 120 0.142857
122 120 0.142857
123 120 0.142857
133 120 0.142857
120 133 0.111111
129 133 0.111111
130 133 0.111111
131 133 0.111111
132 133 0.111111
134 133 0.111111
135 133 0.111111
136 133 0.111111
137 133 0.111111
122 124 0.142857
123 124 0.142857
126 124 0.142857
127 124 0.142857
128 124 0.142857
151 124 0.142857
179 124 0.142857
122 130 0.111111
126 130 0.111111
127 130 0.111111
128 130 0.111111
129 130 0.111111
131 130 0.111111
132 130 0.111111
133 130 0.111111
134 130 0.111111
123 126 0.166667
124 126 0.166667
127 126 0.166667
128 126 0.166667
129 126 0.166667
130 126 0.166667
123 127 0.111111
124 127 0.111111
125 127 0.111111
126 127 0.111111
128 127 0.111111
129 127 0.111111
130 127 0.111111
131 127 0.111111
171 127 0.111111
123 163 0.125
159 163 0.125
160 163 0.125
161 163 0.125
162 163 0.125
165 163 0.125
166 163 0.125
167 163 0.125
128 132 0.125
129 132 0.125
130 132 0.125
131 132 0.125
133 132 0.125
134 132 0.125
135 132 0.125
136 132 0.125
129 139 0.125
135 139 0.125
136 139 0.125
137 139 0.125
138 139 0.125
140 139 0.125
142 139 0.125
143 139 0.125
131 135 0.125
132 135 0.125
133 135 0.125
134 135 0.125
136 135 0.125
137 135 0.125
138 135 0.125
139 135 0.125
132 136 0.142857
133 136 0.142857
135 136 0.142857
137 136 0.142857
138 136 0.142857
139 136 0.142857
140 136 0.142857
133 137 0.125
134 137 0.125
135 137 0.125
136 137 0.125
138 137 0.125
139 137 0.125
140 137 0.125
141 137 0.125
140 144 0.142857
141 144 0.142857
142 144 0.142857
145 144 0.142857
146 144 0.142857
147 144 0.142857
148 144 0.142857
142 145 0.142857
143 145 0.142857
144 145 0.142857
146 145 0.142857
147 145 0.142857
148 145 0.142857
149 145 0.142857
144 148 0.142857
145 148 0.142857
146 148 0.142857
149 148 0.142857
150 148 0.142857
151 148 0.142857
152 148 0.142857
145 149 0.125
146 149 0.125
147 149 0.125
148 149 0.125
150 149 0.125
151 149 0.125
152 149 0.125
153 149 0.125
148 152 0.125
149 152 0.125
150 152 0.125
151 152 0.125
153 152 0.125
154 152 0.125
155 152 0.125
156 152 0.125
150 154 0.125
151 154 0.125
152 154 0.125
153 154 0.125
155 154 0.125
156 154 0.125
157 154 0.125
158 154 0.125
151 155 0.125
152 155 0.125
153 155 0.125
154 155 0.125
156 155 0.125
157 155 0.125
158 155 0.125
159 155 0.125
154 158 0.125
155 158 0.125
156 158 0.125
157 158 0.125
159 158 0.125
160 158 0.125
161 158 0.125
162 158 0.125
156 160 0.125
158 160 0.125
159 160 0.125
161 160 0.125
162 160 0.125
163 160 0.125
164 160 0.125
173 160 0.125
157 161 0.125
158 161 0.125
159 161 0.125
160 161 0.125
162 161 0.125
163 161 0.125
164 161 0.125
165 161 0.125
158 162 0.125
159 162 0.125
160 162 0.125
161 162 0.125
163 162 0.125
164 162 0.125
165 162 0.125
166 162 0.125
161 165 0.125
162 165 0.125
163 165 0.125
164 165 0.125
166 165 0.125
167 165 0.125
168 165 0.125
169 165 0.125
165 168 0.142857
166 168 0.142857
167 168 0.142857
169 168 0.142857
170 168 0.142857
171 168 0.142857
172 168 0.142857
165 169 0.125
166 169 0.125
167 169 0.125
168 169 0.125
170 169 0.125
171 169 0.125
172 169 0.125
173 169 0.125
172 176 0.166667
173 176 0.166667
177 176 0.166667
178 176 0.166667
179 176 0.166667
180 176 0.166667
174 178 0.125
175 178 0.125
176 178 0.125
177 178 0.125
179 178 0.125
180 178 0.125
181 178 0.125
182 178 0.125
176 180 0.142857
178 180 0.142857
179 180 0.142857
181 180 0.142857
182 180 0.142857
183 180 0.142857
184 180 0.142857
177 181 0.142857
178 181 0.142857
180 181 0.142857
182 181 0.142857
183 181 0.142857
184 181 0.142857
185 181 0.142857
178 182 0.142857
180 182 0.142857
181 182 0.142857
183 182 0.142857
184 182 0.142857
185 182 0.142857
186 182 0.142857
1 0 0.125
186 0 0.125
185 0 0.125
3 0 0.125
184 0 0.125
4 0 0.125
183 0 0.125
175 0 0.125
