0 1 0.111111
3 1 0.111111
309 1 0.111111
4 1 0.111111
308 1 0.111111
5 1 0.111111
307 1 0.111111
101 1 0.111111
24 1 0.111111
0 309 0.142857
1 309 0.142857
2 309 0.142857
3 309 0.142857
305 309 0.142857
306 309 0.142857
307 309 0.142857
0 2 0.142857
4 2 0.142857
309 2 0.142857
6 2 0.142857
308 2 0.142857
74 2 0.142857
238 2 0.142857
0 308 0.111111
1 308 0.111111
2 308 0.111111
84 308 0.111111
178 308 0.111111
304 308 0.111111
305 308 0.111111
306 308 0.111111
307 308 0.111111
0 3 0.125
1 3 0.125
4 3 0.125
5 3 0.125
6 3 0.125
7 3 0.125
309 3 0.125
70 3 0.125
0 307 0.111111
1 307 0.111111
19 307 0.111111
303 307 0.111111
304 307 0.111111
305 307 0.111111
306 307 0.111111
308 307 0.111111
309 307 0.111111
0 4 0.125
1 4 0.125
2 4 0.125
3 4 0.125
5 4 0.125
6 4 0.125
7 4 0.125
8 4 0.125
0 306 0.1
7 306 0.1
202 306 0.1
302 306 0.1
303 306 0.1
304 306 0.1
305 306 0.1
307 306 0.1
308 306 0.1
309 306 0.1
1 5 0.142857
3 5 0.142857
4 5 0.142857
7 5 0.142857
8 5 0.142857
9 5 0.142857
280 5 0.142857
1 101 0.111111
97 101 0.111111
98 101 0.111111
99 101 0.111111
100 101 0.111111
103 101 0.111111
104 101 0.111111
105 101 0.111111
285 101 0.111111
1 24 0.142857
21 24 0.142857
22 24 0.142857
23 24 0.142857
25 24 0.142857
26 24 0.142857
28 24 0.142857
2 6 0.125
3 6 0.125
4 6 0.125
7 6 0.125
8 6 0.125
9 6 0.125
10 6 0.125
203 6 0.125
2 74 0.111111
70 74 0.111111
71 74 0.111111
72 74 0.111111
73 74 0.111111
75 74 0.111111
76 74 0.111111
77 74 0.111111
151 74 0.111111
2 238 0.111111
234 238 0.111111
235 238 0.111111
236 238 0.111111
237 238 0.111111
239 238 0.111111
240 238 0.111111
241 238 0.111111
242 238 0.111111
3 7 0.111111
4 7 0.111111
5 7 0.111111
6 7 0.111111
8 7 0.111111
9 7 0.111111
11 7 0.111111
92 7 0.111111
306 7 0.111111
3 70 0.111111
66 70 0.111111
67 70 0.111111
68 70 0.111111
69 70 0.111111
71 70 0.111111
73 70 0.111111
74 70 0.111111
254 70 0.111111
4 8 0.125
5 8 0.125
6 8 0.125
7 8 0.125
9 8 0.125
10 8 0.125
11 8 0.125
12 8 0.125
5 9 0.125
6 9 0.125
7 9 0.125
8 9 0.125
10 9 0.125
11 9 0.125
13 9 0.125
144 9 0.125
5 280 0.111111
276 280 0.111111
277 280 0.111111
278 280 0.111111
279 280 0.111111
281 280 0.111111
282 280 0.111111
283 280 0.111111
284 280 0.111111
6 10 0.142857
8 10 0.142857
9 10 0.142857
11 10 0.142857
12 10 0.142857
13 10 0.142857
14 10 0.142857
6 203 0.142857
199 203 0.142857
200 203 0.142857
201 203 0.142857
204 203 0.142857
205 203 0.142857
206 203 0.142857
7 11 0.125
8 11 0.125
9 11 0.125
10 11 0.125
12 11 0.125
13 11 0.125
14 11 0.125
15 11 0.125
7 92 0.142857
88 92 0.142857
89 92 0.142857
91 92 0.142857
94 92 0.142857
95 92 0.142857
96 92 0.142857
8 12 0.142857
10 12 0.142857
11 12 0.142857
13 12 0.142857
14 12 0.142857
15 12 0.142857
16 12 0.142857
9 13 0.125
10 13 0.125
11 13 0.125
12 13 0.125
14 13 0.125
15 13 0.125
16 13 0.125
17 13 0.125
9 144 0.111111
140 144 0.111111
141 144 0.111111
142 144 0.111111
143 144 0.111111
145 144 0.111111
146 144 0.111111
147 144 0.111111
148 144 0.111111
10 14 0.125
11 14 0.125
12 14 0.125
13 14 0.125
15 14 0.125
16 14 0.125
17 14 0.125
18 14 0.125
11 15 0.125
12 15 0.125
13 15 0.125
14 15 0.125
16 15 0.125
17 15 0.125
18 15 0.125
104 15 0.125
12 16 0.125
13 16 0.125
14 16 0.125
15 16 0.125
17 16 0.125
18 16 0.125
19 16 0.125
20 16 0.125
13 17 0.125
14 17 0.125
15 17 0.125
16 17 0.125
18 17 0.125
19 17 0.125
20 17 0.125
21 17 0.125
14 18 0.111111
15 18 0.111111
16 18 0.111111
17 18 0.111111
19 18 0.111111
20 18 0.111111
21 18 0.111111
22 18 0.111111
35 18 0.111111
15 104 0.125
100 104 0.125
101 104 0.125
103 104 0.125
105 104 0.125
106 104 0.125
107 104 0.125
108 104 0.125
16 19 0.1
17 19 0.1
18 19 0.1
20 19 0.1
22 19 0.1
23 19 0.1
235 19 0.1
307 19 0.1
81 19 0.1
54 19 0.1
16 20 0.125
17 20 0.125
18 20 0.125
19 20 0.125
21 20 0.125
22 20 0.125
23 20 0.125
155 20 0.125
17 21 0.111111
18 21 0.111111
20 21 0.111111
22 21 0.111111
23 21 0.111111
24 21 0.111111
25 21 0.111111
271 21 0.111111
156 21 0.111111
18 22 0.125
19 22 0.125
20 22 0.125
21 22 0.125
23 22 0.125
24 22 0.125
25 22 0.125
26 22 0.125
18 35 0.125
31 35 0.125
32 35 0.125
33 35 0.125
34 35 0.125
36 35 0.125
38 35 0.125
39 35 0.125
19 23 0.1
20 23 0.1
21 23 0.1
22 23 0.1
24 23 0.1
25 23 0.1
26 23 0.1
27 23 0.1
175 23 0.1
52 23 0.1
19 235 0.1
72 235 0.1
83 235 0.1
231 235 0.1
232 235 0.1
233 235 0.1
234 235 0.1
237 235 0.1
238 235 0.1
239 235 0.1
19 81 0.125
77 81 0.125
78 81 0.125
79 81 0.125
82 81 0.125
85 81 0.125
186 81 0.125
271 81 0.125
19 54 0.111111
45 54 0.111111
50 54 0.111111
51 54 0.111111
52 54 0.111111
53 54 0.111111
55 54 0.111111
56 54 0.111111
57 54 0.111111
20 155 0.1
76 155 0.1
151 155 0.1
152 155 0.1
153 155 0.1
154 155 0.1
156 155 0.1
157 155 0.1
158 155 0.1
159 155 0.1
21 25 0.111111
22 25 0.111111
23 25 0.111111
24 25 0.111111
26 25 0.111111
28 25 0.111111
29 25 0.111111
197 25 0.111111
154 25 0.111111
21 271 0.125
81 271 0.125
267 271 0.125
268 271 0.125
269 271 0.125
270 271 0.125
272 271 0.125
273 271 0.125
21 156 0.125
152 156 0.125
153 156 0.125
154 156 0.125
155 156 0.125
157 156 0.125
261 156 0.125
289 156 0.125
22 26 0.125
23 26 0.125
24 26 0.125
25 26 0.125
27 26 0.125
28 26 0.125
29 26 0.125
30 26 0.125
23 27 0.166667
26 27 0.166667
28 27 0.166667
29 27 0.166667
30 27 0.166667
31 27 0.166667
23 175 0.142857
157 175 0.142857
172 175 0.142857
173 175 0.142857
174 175 0.142857
177 175 0.142857
179 175 0.142857
23 52 0.166667
48 52 0.166667
51 52 0.166667
53 52 0.166667
54 52 0.166667
56 52 0.166667
24 28 0.125
25 28 0.125
26 28 0.125
27 28 0.125
29 28 0.125
30 28 0.125
31 28 0.125
273 28 0.125
25 29 0.1
26 29 0.1
27 29 0.1
28 29 0.1
30 29 0.1
31 29 0.1
32 29 0.1
33 29 0.1
40 29 0.1
191 29 0.1
25 197 0.125
193 197 0.125
194 197 0.125
195 197 0.125
198 197 0.125
199 197 0.125
200 197 0.125
201 197 0.125
25 154 0.111111
150 154 0.111111
151 154 0.111111
152 154 0.111111
153 154 0.111111
155 154 0.111111
156 154 0.111111
158 154 0.111111
230 154 0.111111
26 30 0.125
27 30 0.125
28 30 0.125
29 30 0.125
31 30 0.125
32 30 0.125
33 30 0.125
34 30 0.125
27 31 0.125
28 31 0.125
29 31 0.125
30 31 0.125
33 31 0.125
35 31 0.125
301 31 0.125
102 31 0.125
28 273 0.125
270 273 0.125
271 273 0.125
272 273 0.125
274 273 0.125
275 273 0.125
276 273 0.125
277 273 0.125
29 32 0.166667
30 32 0.166667
33 32 0.166667
34 32 0.166667
35 32 0.166667
36 32 0.166667
29 33 0.125
30 33 0.125
31 33 0.125
32 33 0.125
34 33 0.125
35 33 0.125
36 33 0.125
142 33 0.125
29 40 0.125
36 40 0.125
37 40 0.125
39 40 0.125
41 40 0.125
42 40 0.125
43 40 0.125
171 40 0.125
29 191 0.125
187 191 0.125
188 191 0.125
189 191 0.125
190 191 0.125
192 191 0.125
193 191 0.125
194 191 0.125
30 34 0.142857
32 34 0.142857
33 34 0.142857
35 34 0.142857
36 34 0.142857
37 34 0.142857
38 34 0.142857
31 301 0.111111
297 301 0.111111
298 301 0.111111
299 301 0.111111
300 301 0.111111
302 301 0.111111
303 301 0.111111
304 301 0.111111
305 301 0.111111
31 102 0.125
98 102 0.125
99 102 0.125
100 102 0.125
103 102 0.125
105 102 0.125
106 102 0.125
284 102 0.125
32 36 0.125
33 36 0.125
34 36 0.125
35 36 0.125
37 36 0.125
38 36 0.125
39 36 0.125
40 36 0.125
33 142 0.111111
138 142 0.111111
139 142 0.111111
140 142 0.111111
141 142 0.111111
143 142 0.111111
144 142 0.111111
145 142 0.111111
146 142 0.111111
34 37 0.166667
36 37 0.166667
38 37 0.166667
39 37 0.166667
40 37 0.166667
41 37 0.166667
34 38 0.125
35 38 0.125
36 38 0.125
37 38 0.125
39 38 0.125
41 38 0.125
42 38 0.125
56 38 0.125
35 39 0.111111
36 39 0.111111
37 39 0.111111
38 39 0.111111
40 39 0.111111
41 39 0.111111
43 39 0.111111
178 39 0.111111
269 39 0.111111
37 41 0.125
38 41 0.125
39 41 0.125
40 41 0.125
42 41 0.125
43 41 0.125
44 41 0.125
45 41 0.125
38 42 0.142857
40 42 0.142857
41 42 0.142857
43 42 0.142857
44 42 0.142857
45 42 0.142857
46 42 0.142857
38 56 0.111111
52 56 0.111111
53 56 0.111111
54 56 0.111111
55 56 0.111111
57 56 0.111111
58 56 0.111111
59 56 0.111111
60 56 0.111111
39 43 0.111111
40 43 0.111111
41 43 0.111111
42 43 0.111111
44 43 0.111111
45 43 0.111111
46 43 0.111111
47 43 0.111111
93 43 0.111111
39 178 0.111111
147 178 0.111111
174 178 0.111111
176 178 0.111111
177 178 0.111111
179 178 0.111111
180 178 0.111111
181 178 0.111111
308 178 0.111111
39 269 0.125
265 269 0.125
266 269 0.125
267 269 0.125
268 269 0.125
270 269 0.125
271 269 0.125
272 269 0.125
40 171 0.125
167 171 0.125
168 171 0.125
169 171 0.125
170 171 0.125
172 171 0.125
173 171 0.125
174 171 0.125
41 44 0.142857
42 44 0.142857
43 44 0.142857
45 44 0.142857
46 44 0.142857
47 44 0.142857
48 44 0.142857
41 45 0.125
42 45 0.125
43 45 0.125
44 45 0.125
47 45 0.125
48 45 0.125
49 45 0.125
54 45 0.125
42 46 0.142857
43 46 0.142857
44 46 0.142857
47 46 0.142857
48 46 0.142857
49 46 0.142857
50 46 0.142857
43 47 0.125
44 47 0.125
45 47 0.125
46 47 0.125
48 47 0.125
49 47 0.125
50 47 0.125
51 47 0.125
43 93 0.142857
89 93 0.142857
90 93 0.142857
91 93 0.142857
94 93 0.142857
96 93 0.142857
97 93 0.142857
44 48 0.125
45 48 0.125
46 48 0.125
47 48 0.125
49 48 0.125
50 48 0.125
51 48 0.125
52 48 0.125
45 49 0.125
46 49 0.125
47 49 0.125
48 49 0.125
50 49 0.125
51 49 0.125
53 49 0.125
291 49 0.125
46 50 0.125
47 50 0.125
48 50 0.125
49 50 0.125
53 50 0.125
54 50 0.125
161 50 0.125
132 50 0.125
47 51 0.142857
48 51 0.142857
49 51 0.142857
52 51 0.142857
53 51 0.142857
54 51 0.142857
304 51 0.142857
49 53 0.111111
50 53 0.111111
51 53 0.111111
52 53 0.111111
54 53 0.111111
55 53 0.111111
56 53 0.111111
57 53 0.111111
90 53 0.111111
49 291 0.111111
287 291 0.111111
288 291 0.111111
289 291 0.111111
290 291 0.111111
292 291 0.111111
293 291 0.111111
294 291 0.111111
295 291 0.111111
50 161 0.125
157 161 0.125
159 161 0.125
160 161 0.125
162 161 0.125
163 161 0.125
164 161 0.125
165 161 0.125
50 132 0.125
128 132 0.125
130 132 0.125
131 132 0.125
133 132 0.125
134 132 0.125
135 132 0.125
136 132 0.125
51 304 0.1
97 304 0.1
300 304 0.1
301 304 0.1
302 304 0.1
303 304 0.1
305 304 0.1
306 304 0.1
307 304 0.1
308 304 0.1
53 55 0.166667
54 55 0.166667
56 55 0.166667
57 55 0.166667
58 55 0.166667
59 55 0.166667
53 57 0.125
54 57 0.125
55 57 0.125
56 57 0.125
58 57 0.125
59 57 0.125
60 57 0.125
61 57 0.125
53 90 0.111111
61 90 0.111111
86 90 0.111111
87 90 0.111111
88 90 0.111111
89 90 0.111111
91 90 0.111111
93 90 0.111111
94 90 0.111111
55 58 0.142857
56 58 0.142857
57 58 0.142857
59 58 0.142857
60 58 0.142857
61 58 0.142857
62 58 0.142857
55 59 0.111111
56 59 0.111111
57 59 0.111111
58 59 0.111111
60 59 0.111111
61 59 0.111111
62 59 0.111111
63 59 0.111111
139 59 0.111111
56 60 0.125
57 60 0.125
58 60 0.125
59 60 0.125
61 60 0.125
62 60 0.125
63 60 0.125
64 60 0.125
57 61 0.125
58 61 0.125
59 61 0.125
60 61 0.125
63 61 0.125
65 61 0.125
300 61 0.125
90 61 0.125
58 62 0.125
59 62 0.125
60 62 0.125
63 62 0.125
64 62 0.125
65 62 0.125
66 62 0.125
176 62 0.125
59 63 0.125
60 63 0.125
61 63 0.125
62 63 0.125
64 63 0.125
65 63 0.125
66 63 0.125
67 63 0.125
59 139 0.125
109 139 0.125
135 139 0.125
137 139 0.125
138 139 0.125
141 139 0.125
142 139 0.125
143 139 0.125
60 64 0.125
62 64 0.125
63 64 0.125
65 64 0.125
66 64 0.125
67 64 0.125
68 64 0.125
80 64 0.125
61 65 0.125
62 65 0.125
63 65 0.125
64 65 0.125
66 65 0.125
67 65 0.125
68 65 0.125
69 65 0.125
61 300 0.125
296 300 0.125
298 300 0.125
299 300 0.125
301 300 0.125
302 300 0.125
303 300 0.125
304 300 0.125
62 66 0.111111
63 66 0.111111
64 66 0.111111
65 66 0.111111
67 66 0.111111
68 66 0.111111
69 66 0.111111
70 66 0.111111
146 66 0.111111
62 176 0.142857
172 176 0.142857
173 176 0.142857
174 176 0.142857
178 176 0.142857
179 176 0.142857
180 176 0.142857
63 67 0.125
64 67 0.125
65 67 0.125
66 67 0.125
68 67 0.125
69 67 0.125
70 67 0.125
71 67 0.125
64 68 0.125
65 68 0.125
66 68 0.125
67 68 0.125
69 68 0.125
70 68 0.125
71 68 0.125
72 68 0.125
64 80 0.125
76 80 0.125
77 80 0.125
78 80 0.125
79 80 0.125
82 80 0.125
83 80 0.125
84 80 0.125
65 69 0.125
66 69 0.125
67 69 0.125
68 69 0.125
70 69 0.125
71 69 0.125
72 69 0.125
73 69 0.125
66 146 0.125
142 146 0.125
143 146 0.125
144 146 0.125
145 146 0.125
147 146 0.125
148 146 0.125
150 146 0.125
67 71 0.125
68 71 0.125
69 71 0.125
70 71 0.125
72 71 0.125
73 71 0.125
74 71 0.125
75 71 0.125
68 72 0.142857
69 72 0.142857
71 72 0.142857
74 72 0.142857
75 72 0.142857
76 72 0.142857
235 72 0.142857
69 73 0.142857
70 73 0.142857
71 73 0.142857
74 73 0.142857
75 73 0.142857
76 73 0.142857
77 73 0.142857
70 254 0.111111
106 254 0.111111
250 254 0.111111
251 254 0.111111
252 254 0.111111
253 254 0.111111
256 254 0.111111
257 254 0.111111
258 254 0.111111
71 75 0.125
72 75 0.125
73 75 0.125
74 75 0.125
76 75 0.125
77 75 0.125
78 75 0.125
79 75 0.125
72 76 0.125
73 76 0.125
74 76 0.125
75 76 0.125
77 76 0.125
78 76 0.125
80 76 0.125
155 76 0.125
73 77 0.125
74 77 0.125
75 77 0.125
76 77 0.125
78 77 0.125
79 77 0.125
80 77 0.125
81 77 0.125
74 151 0.1
147 151 0.1
148 151 0.1
149 151 0.1
150 151 0.1
152 151 0.1
153 151 0.1
154 151 0.1
155 151 0.1
160 151 0.1
75 78 0.142857
76 78 0.142857
77 78 0.142857
79 78 0.142857
80 78 0.142857
81 78 0.142857
82 78 0.142857
75 79 0.142857
77 79 0.142857
78 79 0.142857
80 79 0.142857
81 79 0.142857
82 79 0.142857
83 79 0.142857
78 82 0.125
79 82 0.125
80 82 0.125
81 82 0.125
83 82 0.125
84 82 0.125
86 82 0.125
141 82 0.125
79 83 0.142857
80 83 0.142857
82 83 0.142857
85 83 0.142857
86 83 0.142857
87 83 0.142857
235 83 0.142857
80 84 0.142857
82 84 0.142857
85 84 0.142857
86 84 0.142857
87 84 0.142857
88 84 0.142857
308 84 0.142857
81 85 0.125
83 85 0.125
84 85 0.125
86 85 0.125
87 85 0.125
88 85 0.125
136 85 0.125
150 85 0.125
81 186 0.111111
182 186 0.111111
183 186 0.111111
184 186 0.111111
185 186 0.111111
187 186 0.111111
189 186 0.111111
190 186 0.111111
208 186 0.111111
82 86 0.125
83 86 0.125
84 86 0.125
85 86 0.125
87 86 0.125
88 86 0.125
89 86 0.125
90 86 0.125
82 141 0.111111
137 141 0.111111
138 141 0.111111
139 141 0.111111
140 141 0.111111
142 141 0.111111
143 141 0.111111
144 141 0.111111
145 141 0.111111
83 87 0.125
84 87 0.125
85 87 0.125
86 87 0.125
88 87 0.125
90 87 0.125
91 87 0.125
302 87 0.125
84 88 0.125
85 88 0.125
86 88 0.125
87 88 0.125
89 88 0.125
90 88 0.125
92 88 0.125
193 88 0.125
85 136 0.125
132 136 0.125
133 136 0.125
134 136 0.125
135 136 0.125
137 136 0.125
138 136 0.125
140 136 0.125
85 150 0.125
146 150 0.125
148 150 0.125
149 150 0.125
151 150 0.125
152 150 0.125
153 150 0.125
154 150 0.125
86 89 0.125
88 89 0.125
90 89 0.125
91 89 0.125
92 89 0.125
93 89 0.125
209 89 0.125
214 89 0.125
87 91 0.142857
89 91 0.142857
90 91 0.142857
92 91 0.142857
93 91 0.142857
94 91 0.142857
95 91 0.142857
87 302 0.111111
298 302 0.111111
299 302 0.111111
300 302 0.111111
301 302 0.111111
303 302 0.111111
304 302 0.111111
305 302 0.111111
306 302 0.111111
88 193 0.111111
189 193 0.111111
190 193 0.111111
191 193 0.111111
192 193 0.111111
194 193 0.111111
195 193 0.111111
196 193 0.111111
197 193 0.111111
89 209 0.125
205 209 0.125
206 209 0.125
207 209 0.125
208 209 0.125
210 209 0.125
211 209 0.125
212 209 0.125
89 214 0.125
210 214 0.125
211 214 0.125
212 214 0.125
213 214 0.125
215 214 0.125
216 214 0.125
217 214 0.125
90 94 0.125
91 94 0.125
92 94 0.125
93 94 0.125
95 94 0.125
96 94 0.125
97 94 0.125
98 94 0.125
91 95 0.142857
92 95 0.142857
94 95 0.142857
96 95 0.142857
97 95 0.142857
98 95 0.142857
99 95 0.142857
92 96 0.125
93 96 0.125
94 96 0.125
95 96 0.125
97 96 0.125
99 96 0.125
100 96 0.125
263 96 0.125
93 97 0.125
94 97 0.125
95 97 0.125
96 97 0.125
98 97 0.125
99 97 0.125
101 97 0.125
304 97 0.125
94 98 0.142857
95 98 0.142857
97 98 0.142857
99 98 0.142857
100 98 0.142857
101 98 0.142857
102 98 0.142857
95 99 0.111111
96 99 0.111111
97 99 0.111111
98 99 0.111111
100 99 0.111111
101 99 0.111111
102 99 0.111111
103 99 0.111111
297 99 0.111111
96 100 0.125
98 100 0.125
99 100 0.125
101 100 0.125
102 100 0.125
103 100 0.125
104 100 0.125
231 100 0.125
96 263 0.111111
259 263 0.111111
260 263 0.111111
261 263 0.111111
262 263 0.111111
264 263 0.111111
265 263 0.111111
266 263 0.111111
267 263 0.111111
99 103 0.111111
100 103 0.111111
101 103 0.111111
102 103 0.111111
104 103 0.111111
106 103 0.111111
107 103 0.111111
288 103 0.111111
134 103 0.111111
99 297 0.142857
293 297 0.142857
295 297 0.142857
296 297 0.142857
298 297 0.142857
299 297 0.142857
301 297 0.142857
100 231 0.125
227 231 0.125
228 231 0.125
229 231 0.125
230 231 0.125
233 231 0.125
234 231 0.125
235 231 0.125
101 105 0.142857
102 105 0.142857
104 105 0.142857
106 105 0.142857
107 105 0.142857
108 105 0.142857
109 105 0.142857
101 285 0.111111
281 285 0.111111
282 285 0.111111
283 285 0.111111
284 285 0.111111
286 285 0.111111
287 285 0.111111
288 285 0.111111
289 285 0.111111
102 106 0.111111
103 106 0.111111
104 106 0.111111
105 106 0.111111
107 106 0.111111
108 106 0.111111
110 106 0.111111
254 106 0.111111
185 106 0.111111
102 284 0.111111
174 284 0.111111
280 284 0.111111
281 284 0.111111
282 284 0.111111
283 284 0.111111
285 284 0.111111
286 284 0.111111
287 284 0.111111
103 107 0.125
104 107 0.125
105 107 0.125
106 107 0.125
108 107 0.125
109 107 0.125
110 107 0.125
111 107 0.125
103 288 0.142857
285 288 0.142857
286 288 0.142857
287 288 0.142857
290 288 0.142857
291 288 0.142857
292 288 0.142857
103 134 0.111111
130 134 0.111111
131 134 0.111111
132 134 0.111111
133 134 0.111111
135 134 0.111111
136 134 0.111111
137 134 0.111111
138 134 0.111111
104 108 0.125
105 108 0.125
106 108 0.125
107 108 0.125
109 108 0.125
110 108 0.125
111 108 0.125
112 108 0.125
105 109 0.142857
107 109 0.142857
108 109 0.142857
110 109 0.142857
111 109 0.142857
112 109 0.142857
139 109 0.142857
106 110 0.125
107 110 0.125
108 110 0.125
109 110 0.125
111 110 0.125
112 110 0.125
113 110 0.125
114 110 0.125
106 185 0.125
181 185 0.125
182 185 0.125
183 185 0.125
184 185 0.125
186 185 0.125
187 185 0.125
188 185 0.125
107 111 0.125
108 111 0.125
109 111 0.125
110 111 0.125
112 111 0.125
113 111 0.125
114 111 0.125
115 111 0.125
108 112 0.125
109 112 0.125
110 112 0.125
111 112 0.125
113 112 0.125
114 112 0.125
115 112 0.125
116 112 0.125
110 113 0.142857
111 113 0.142857
112 113 0.142857
114 113 0.142857
115 113 0.142857
116 113 0.142857
117 113 0.142857
110 114 0.111111
111 114 0.111111
112 114 0.111111
113 114 0.111111
115 114 0.111111
116 114 0.111111
117 114 0.111111
118 114 0.111111
158 114 0.111111
111 115 0.125
112 115 0.125
113 115 0.125
114 115 0.125
116 115 0.125
117 115 0.125
118 115 0.125
119 115 0.125
112 116 0.125
113 116 0.125
114 116 0.125
115 116 0.125
117 116 0.125
118 116 0.125
119 116 0.125
120 116 0.125
113 117 0.125
114 117 0.125
115 117 0.125
116 117 0.125
118 117 0.125
119 117 0.125
120 117 0.125
121 117 0.125
114 118 0.125
115 118 0.125
116 118 0.125
117 118 0.125
120 118 0.125
121 118 0.125
122 118 0.125
252 118 0.125
114 158 0.125
154 158 0.125
155 158 0.125
157 158 0.125
159 158 0.125
160 158 0.125
162 158 0.125
248 158 0.125
115 119 0.142857
116 119 0.142857
117 119 0.142857
120 119 0.142857
121 119 0.142857
122 119 0.142857
123 119 0.142857
116 120 0.125
117 120 0.125
118 120 0.125
119 120 0.125
121 120 0.125
123 120 0.125
124 120 0.125
244 120 0.125
117 121 0.125
118 121 0.125
119 121 0.125
120 121 0.125
123 121 0.125
124 121 0.125
125 121 0.125
243 121 0.125
118 122 0.166667
119 122 0.166667
123 122 0.166667
124 122 0.166667
125 122 0.166667
126 122 0.166667
118 252 0.125
249 252 0.125
250 252 0.125
251 252 0.125
253 252 0.125
254 252 0.125
255 252 0.125
256 252 0.125
119 123 0.125
120 123 0.125
121 123 0.125
122 123 0.125
126 123 0.125
127 123 0.125
240 123 0.125
208 123 0.125
120 124 0.142857
121 124 0.142857
122 124 0.142857
125 124 0.142857
126 124 0.142857
127 124 0.142857
128 124 0.142857
120 244 0.125
240 244 0.125
242 244 0.125
243 244 0.125
245 244 0.125
246 244 0.125
247 244 0.125
279 244 0.125
121 125 0.142857
122 125 0.142857
124 125 0.142857
126 125 0.142857
127 125 0.142857
128 125 0.142857
129 125 0.142857
121 243 0.111111
239 243 0.111111
240 243 0.111111
241 243 0.111111
242 243 0.111111
244 243 0.111111
245 243 0.111111
246 243 0.111111
247 243 0.111111
122 126 0.111111
123 126 0.111111
124 126 0.111111
125 126 0.111111
127 126 0.111111
128 126 0.111111
129 126 0.111111
130 126 0.111111
216 126 0.111111
123 127 0.125
124 127 0.125
125 127 0.125
126 127 0.125
128 127 0.125
129 127 0.125
130 127 0.125
131 127 0.125
123 240 0.111111
236 240 0.111111
237 240 0.111111
238 240 0.111111
239 240 0.111111
241 240 0.111111
242 240 0.111111
243 240 0.111111
244 240 0.111111
123 208 0.1
186 208 0.1
204 208 0.1
205 208 0.1
206 208 0.1
207 208 0.1
209 208 0.1
210 208 0.1
211 208 0.1
212 208 0.1
124 128 0.125
125 128 0.125
126 128 0.125
127 128 0.125
129 128 0.125
130 128 0.125
131 128 0.125
132 128 0.125
125 129 0.125
126 129 0.125
127 129 0.125
128 129 0.125
130 129 0.125
131 129 0.125
133 129 0.125
299 129 0.125
126 130 0.125
127 130 0.125
128 130 0.125
129 130 0.125
131 130 0.125
132 130 0.125
133 130 0.125
134 130 0.125
126 216 0.142857
212 216 0.142857
213 216 0.142857
214 216 0.142857
218 216 0.142857
219 216 0.142857
220 216 0.142857
127 131 0.125
128 131 0.125
129 131 0.125
130 131 0.125
132 131 0.125
133 131 0.125
134 131 0.125
135 131 0.125
129 133 0.125
130 133 0.125
131 133 0.125
132 133 0.125
134 133 0.125
135 133 0.125
136 133 0.125
137 133 0.125
129 299 0.111111
295 299 0.111111
296 299 0.111111
297 299 0.111111
298 299 0.111111
300 299 0.111111
301 299 0.111111
302 299 0.111111
303 299 0.111111
131 135 0.125
132 135 0.125
133 135 0.125
134 135 0.125
136 135 0.125
137 135 0.125
138 135 0.125
139 135 0.125
133 137 0.125
134 137 0.125
135 137 0.125
136 137 0.125
138 137 0.125
139 137 0.125
140 137 0.125
141 137 0.125
134 138 0.125
135 138 0.125
136 138 0.125
137 138 0.125
139 138 0.125
140 138 0.125
141 138 0.125
142 138 0.125
136 140 0.142857
137 140 0.142857
138 140 0.142857
141 140 0.142857
142 140 0.142857
143 140 0.142857
144 140 0.142857
139 143 0.125
140 143 0.125
141 143 0.125
142 143 0.125
144 143 0.125
145 143 0.125
146 143 0.125
147 143 0.125
141 145 0.125
142 145 0.125
143 145 0.125
144 145 0.125
146 145 0.125
147 145 0.125
148 145 0.125
149 145 0.125
143 147 0.125
144 147 0.125
145 147 0.125
146 147 0.125
148 147 0.125
149 147 0.125
151 147 0.125
178 147 0.125
144 148 0.125
145 148 0.125
146 148 0.125
147 148 0.125
149 148 0.125
150 148 0.125
151 148 0.125
152 148 0.125
145 149 0.142857
147 149 0.142857
148 149 0.142857
150 149 0.142857
151 149 0.142857
152 149 0.142857
153 149 0.142857
148 152 0.111111
149 152 0.111111
150 152 0.111111
151 152 0.111111
153 152 0.111111
154 152 0.111111
155 152 0.111111
156 152 0.111111
223 152 0.111111
149 153 0.125
150 153 0.125
151 153 0.125
152 153 0.125
154 153 0.125
155 153 0.125
156 153 0.125
157 153 0.125
151 160 0.142857
157 160 0.142857
158 160 0.142857
159 160 0.142857
161 160 0.142857
163 160 0.142857
164 160 0.142857
152 223 0.125
219 223 0.125
220 223 0.125
221 223 0.125
222 223 0.125
225 223 0.125
226 223 0.125
227 223 0.125
153 157 0.125
155 157 0.125
156 157 0.125
158 157 0.125
159 157 0.125
160 157 0.125
161 157 0.125
175 157 0.125
154 230 0.125
226 230 0.125
227 230 0.125
228 230 0.125
229 230 0.125
231 230 0.125
232 230 0.125
245 230 0.125
155 159 0.142857
157 159 0.142857
158 159 0.142857
160 159 0.142857
161 159 0.142857
162 159 0.142857
163 159 0.142857
156 261 0.1
241 261 0.1
257 261 0.1
258 261 0.1
259 261 0.1
260 261 0.1
262 261 0.1
263 261 0.1
264 261 0.1
265 261 0.1
156 289 0.125
285 289 0.125
286 289 0.125
287 289 0.125
290 289 0.125
291 289 0.125
292 289 0.125
293 289 0.125
158 162 0.142857
159 162 0.142857
161 162 0.142857
164 162 0.142857
165 162 0.142857
166 162 0.142857
228 162 0.142857
158 248 0.142857
245 248 0.142857
246 248 0.142857
247 248 0.142857
249 248 0.142857
250 248 0.142857
251 248 0.142857
159 163 0.142857
160 163 0.142857
161 163 0.142857
164 163 0.142857
165 163 0.142857
166 163 0.142857
167 163 0.142857
160 164 0.125
161 164 0.125
162 164 0.125
163 164 0.125
165 164 0.125
166 164 0.125
167 164 0.125
168 164 0.125
161 165 0.125
162 165 0.125
163 165 0.125
164 165 0.125
166 165 0.125
167 165 0.125
168 165 0.125
169 165 0.125
162 166 0.125
163 166 0.125
164 166 0.125
165 166 0.125
167 166 0.125
168 166 0.125
169 166 0.125
170 166 0.125
162 228 0.111111
224 228 0.111111
225 228 0.111111
226 228 0.111111
227 228 0.111111
229 228 0.111111
230 228 0.111111
231 228 0.111111
241 228 0.111111
163 167 0.125
164 167 0.125
165 167 0.125
166 167 0.125
168 167 0.125
169 167 0.125
170 167 0.125
171 167 0.125
164 168 0.125
165 168 0.125
166 168 0.125
167 168 0.125
169 168 0.125
170 168 0.125
171 168 0.125
172 168 0.125
165 169 0.125
166 169 0.125
167 169 0.125
168 169 0.125
170 169 0.125
171 169 0.125
172 169 0.125
173 169 0.125
166 170 0.125
167 170 0.125
168 170 0.125
169 170 0.125
171 170 0.125
172 170 0.125
173 170 0.125
174 170 0.125
168 172 0.125
169 172 0.125
170 172 0.125
171 172 0.125
173 172 0.125
174 172 0.125
175 172 0.125
176 172 0.125
169 173 0.125
170 173 0.125
171 173 0.125
172 173 0.125
174 173 0.125
175 173 0.125
176 173 0.125
177 173 0.125
170 174 0.111111
171 174 0.111111
172 174 0.111111
173 174 0.111111
175 174 0.111111
176 174 0.111111
177 174 0.111111
178 174 0.111111
284 174 0.111111
173 177 0.142857
174 177 0.142857
175 177 0.142857
178 177 0.142857
179 177 0.142857
180 177 0.142857
181 177 0.142857
175 179 0.125
176 179 0.125
177 179 0.125
178 179 0.125
180 179 0.125
181 179 0.125
182 179 0.125
183 179 0.125
176 180 0.111111
177 180 0.111111
178 180 0.111111
179 180 0.111111
181 180 0.111111
182 180 0.111111
183 180 0.111111
184 180 0.111111
265 180 0.111111
177 181 0.125
178 181 0.125
179 181 0.125
180 181 0.125
182 181 0.125
183 181 0.125
184 181 0.125
185 181 0.125
179 182 0.142857
180 182 0.142857
181 182 0.142857
183 182 0.142857
184 182 0.142857
185 182 0.142857
186 182 0.142857
179 183 0.125
180 183 0.125
181 183 0.125
182 183 0.125
184 183 0.125
185 183 0.125
186 183 0.125
213 183 0.125
180 184 0.125
181 184 0.125
182 184 0.125
183 184 0.125
185 184 0.125
186 184 0.125
187 184 0.125
188 184 0.125
180 265 0.125
261 265 0.125
262 265 0.125
263 265 0.125
264 265 0.125
266 265 0.125
267 265 0.125
269 265 0.125
183 213 0.125
210 213 0.125
211 213 0.125
212 213 0.125
214 213 0.125
215 213 0.125
216 213 0.125
217 213 0.125
184 187 0.142857
185 187 0.142857
186 187 0.142857
188 187 0.142857
189 187 0.142857
190 187 0.142857
191 187 0.142857
184 188 0.142857
185 188 0.142857
187 188 0.142857
190 188 0.142857
191 188 0.142857
192 188 0.142857
262 188 0.142857
186 189 0.142857
187 189 0.142857
190 189 0.142857
191 189 0.142857
192 189 0.142857
193 189 0.142857
275 189 0.142857
186 190 0.125
187 190 0.125
188 190 0.125
189 190 0.125
191 190 0.125
192 190 0.125
193 190 0.125
218 190 0.125
188 192 0.125
189 192 0.125
190 192 0.125
191 192 0.125
193 192 0.125
194 192 0.125
195 192 0.125
290 192 0.125
188 262 0.111111
258 262 0.111111
259 262 0.111111
260 262 0.111111
261 262 0.111111
263 262 0.111111
264 262 0.111111
265 262 0.111111
266 262 0.111111
189 275 0.142857
272 275 0.142857
273 275 0.142857
274 275 0.142857
277 275 0.142857
278 275 0.142857
279 275 0.142857
190 218 0.1
215 218 0.1
216 218 0.1
217 218 0.1
219 218 0.1
220 218 0.1
221 218 0.1
222 218 0.1
236 218 0.1
293 218 0.1
191 194 0.142857
192 194 0.142857
193 194 0.142857
195 194 0.142857
196 194 0.142857
197 194 0.142857
198 194 0.142857
192 195 0.142857
193 195 0.142857
194 195 0.142857
196 195 0.142857
197 195 0.142857
198 195 0.142857
199 195 0.142857
192 290 0.111111
286 290 0.111111
287 290 0.111111
288 290 0.111111
289 290 0.111111
291 290 0.111111
292 290 0.111111
293 290 0.111111
294 290 0.111111
193 196 0.142857
194 196 0.142857
195 196 0.142857
198 196 0.142857
199 196 0.142857
200 196 0.142857
205 196 0.142857
194 198 0.125
195 198 0.125
196 198 0.125
197 198 0.125
199 198 0.125
200 198 0.125
201 198 0.125
202 198 0.125
195 199 0.125
196 199 0.125
197 199 0.125
198 199 0.125
200 199 0.125
201 199 0.125
202 199 0.125
203 199 0.125
196 200 0.125
197 200 0.125
198 200 0.125
199 200 0.125
201 200 0.125
202 200 0.125
203 200 0.125
204 200 0.125
196 205 0.1
201 205 0.1
202 205 0.1
203 205 0.1
204 205 0.1
206 205 0.1
207 205 0.1
208 205 0.1
209 205 0.1
278 205 0.1
197 201 0.125
198 201 0.125
199 201 0.125
200 201 0.125
202 201 0.125
203 201 0.125
204 201 0.125
205 201 0.125
198 202 0.125
199 202 0.125
200 202 0.125
201 202 0.125
205 202 0.125
206 202 0.125
306 202 0.125
236 202 0.125
200 204 0.142857
201 204 0.142857
203 204 0.142857
205 204 0.142857
206 204 0.142857
207 204 0.142857
208 204 0.142857
202 206 0.125
203 206 0.125
204 206 0.125
205 206 0.125
207 206 0.125
208 206 0.125
209 206 0.125
210 206 0.125
202 236 0.125
218 236 0.125
232 236 0.125
233 236 0.125
234 236 0.125
238 236 0.125
239 236 0.125
240 236 0.125
204 207 0.142857
205 207 0.142857
206 207 0.142857
208 207 0.142857
209 207 0.142857
210 207 0.142857
211 207 0.142857
205 278 0.125
274 278 0.125
275 278 0.125
276 278 0.125
277 278 0.125
280 278 0.125
281 278 0.125
282 278 0.125
206 210 0.125
207 210 0.125
208 210 0.125
209 210 0.125
211 210 0.125
213 210 0.125
214 210 0.125
258 210 0.125
207 211 0.125
208 211 0.125
209 211 0.125
210 211 0.125
212 211 0.125
213 211 0.125
214 211 0.125
215 211 0.125
208 212 0.142857
209 212 0.142857
211 212 0.142857
213 212 0.142857
214 212 0.142857
215 212 0.142857
216 212 0.142857
210 258 0.111111
254 258 0.111111
255 258 0.111111
256 258 0.111111
257 258 0.111111
259 258 0.111111
260 258 0.111111
261 258 0.111111
262 258 0.111111
211 215 0.125
212 215 0.125
213 215 0.125
214 215 0.125
217 215 0.125
218 215 0.125
219 215 0.125
281 215 0.125
213 217 0.142857
214 217 0.142857
215 217 0.142857
218 217 0.142857
219 217 0.142857
220 217 0.142857
221 217 0.142857
215 219 0.125
216 219 0.125
217 219 0.125
218 219 0.125
220 219 0.125
221 219 0.125
222 219 0.125
223 219 0.125
215 281 0.111111
277 281 0.111111
278 281 0.111111
279 281 0.111111
280 281 0.111111
282 281 0.111111
283 281 0.111111
284 281 0.111111
285 281 0.111111
216 220 0.125
217 220 0.125
218 220 0.125
219 220 0.125
221 220 0.125
222 220 0.125
223 220 0.125
224 220 0.125
217 221 0.125
218 221 0.125
219 221 0.125
220 221 0.125
222 221 0.125
223 221 0.125
224 221 0.125
225 221 0.125
218 222 0.125
219 222 0.125
220 222 0.125
221 222 0.125
223 222 0.125
224 222 0.125
225 222 0.125
226 222 0.125
218 293 0.125
289 293 0.125
290 293 0.125
291 293 0.125
292 293 0.125
295 293 0.125
296 293 0.125
297 293 0.125
220 224 0.142857
221 224 0.142857
222 224 0.142857
225 224 0.142857
226 224 0.142857
227 224 0.142857
228 224 0.142857
221 225 0.125
222 225 0.125
223 225 0.125
224 225 0.125
226 225 0.125
227 225 0.125
228 225 0.125
229 225 0.125
222 226 0.125
223 226 0.125
224 226 0.125
225 226 0.125
227 226 0.125
228 226 0.125
229 226 0.125
230 226 0.125
223 227 0.125
224 227 0.125
225 227 0.125
226 227 0.125
228 227 0.125
229 227 0.125
230 227 0.125
231 227 0.125
225 229 0.111111
226 229 0.111111
227 229 0.111111
228 229 0.111111
230 229 0.111111
231 229 0.111111
232 229 0.111111
233 229 0.111111
255 229 0.111111
228 241 0.111111
237 241 0.111111
238 241 0.111111
239 241 0.111111
240 241 0.111111
242 241 0.111111
243 241 0.111111
245 241 0.111111
261 241 0.111111
229 232 0.166667
230 232 0.166667
233 232 0.166667
234 232 0.166667
235 232 0.166667
236 232 0.166667
229 233 0.142857
231 233 0.142857
232 233 0.142857
234 233 0.142857
235 233 0.142857
236 233 0.142857
237 233 0.142857
229 255 0.142857
251 255 0.142857
252 255 0.142857
253 255 0.142857
257 255 0.142857
258 255 0.142857
259 255 0.142857
230 245 0.111111
241 245 0.111111
242 245 0.111111
243 245 0.111111
244 245 0.111111
246 245 0.111111
247 245 0.111111
248 245 0.111111
249 245 0.111111
231 234 0.142857
232 234 0.142857
233 234 0.142857
235 234 0.142857
236 234 0.142857
237 234 0.142857
238 234 0.142857
233 237 0.142857
234 237 0.142857
235 237 0.142857
238 237 0.142857
239 237 0.142857
240 237 0.142857
241 237 0.142857
235 239 0.125
236 239 0.125
237 239 0.125
238 239 0.125
240 239 0.125
241 239 0.125
242 239 0.125
243 239 0.125
238 242 0.125
239 242 0.125
240 242 0.125
241 242 0.125
243 242 0.125
244 242 0.125
245 242 0.125
246 242 0.125
242 246 0.125
243 246 0.125
244 246 0.125
245 246 0.125
247 246 0.125
248 246 0.125
249 246 0.125
250 246 0.125
243 247 0.125
244 247 0.125
245 247 0.125
246 247 0.125
248 247 0.125
249 247 0.125
250 247 0.125
251 247 0.125
244 279 0.125
275 279 0.125
276 279 0.125
277 279 0.125
280 279 0.125
281 279 0.125
282 279 0.125
283 279 0.125
245 249 0.125
246 249 0.125
247 249 0.125
248 249 0.125
250 249 0.125
251 249 0.125
252 249 0.125
253 249 0.125
246 250 0.125
247 250 0.125
248 250 0.125
249 250 0.125
251 250 0.125
252 250 0.125
253 250 0.125
254 250 0.125
247 251 0.125
248 251 0.125
249 251 0.125
250 251 0.125
252 251 0.125
253 251 0.125
254 251 0.125
255 251 0.125
249 253 0.125
250 253 0.125
251 253 0.125
252 253 0.125
254 253 0.125
255 253 0.125
256 253 0.125
257 253 0.125
252 256 0.142857
253 256 0.142857
254 256 0.142857
257 256 0.142857
258 256 0.142857
259 256 0.142857
260 256 0.142857
253 257 0.125
254 257 0.125
255 257 0.125
256 257 0.125
258 257 0.125
259 257 0.125
260 257 0.125
261 257 0.125
255 259 0.125
256 259 0.125
257 259 0.125
258 259 0.125
260 259 0.125
261 259 0.125
262 259 0.125
263 259 0.125
256 260 0.125
257 260 0.125
258 260 0.125
259 260 0.125
261 260 0.125
262 260 0.125
263 260 0.125
264 260 0.125
260 264 0.125
261 264 0.125
262 264 0.125
263 264 0.125
265 264 0.125
266 264 0.125
267 264 0.125
268 264 0.125
262 266 0.125
263 266 0.125
264 266 0.125
265 266 0.125
267 266 0.125
268 266 0.125
269 266 0.125
270 266 0.125
263 267 0.125
264 267 0.125
265 267 0.125
266 267 0.125
268 267 0.125
269 267 0.125
270 267 0.125
271 267 0.125
264 268 0.142857
266 268 0.142857
267 268 0.142857
269 268 0.142857
270 268 0.142857
271 268 0.142857
272 268 0.142857
266 270 0.111111
267 270 0.111111
268 270 0.111111
269 270 0.111111
271 270 0.111111
272 270 0.111111
273 270 0.111111
274 270 0.111111
294 270 0.111111
268 272 0.125
269 272 0.125
270 272 0.125
271 272 0.125
273 272 0.125
274 272 0.125
275 272 0.125
276 272 0.125
270 274 0.142857
272 274 0.142857
273 274 0.142857
275 274 0.142857
276 274 0.142857
277 274 0.142857
278 274 0.142857
270 294 0.142857
290 294 0.142857
291 294 0.142857
292 294 0.142857
295 294 0.142857
296 294 0.142857
298 294 0.142857
272 276 0.142857
273 276 0.142857
274 276 0.142857
277 276 0.142857
278 276 0.142857
279 276 0.142857
280 276 0.142857
273 277 0.125
274 277 0.125
275 277 0.125
276 277 0.125
278 277 0.125
279 277 0.125
280 277 0.125
281 277 0.125
278 282 0.125
279 282 0.125
280 282 0.125
281 282 0.125
283 282 0.125
284 282 0.125
285 282 0.125
286 282 0.125
279 283 0.125
280 283 0.125
281 283 0.125
282 283 0.125
284 283 0.125
285 283 0.125
286 283 0.125
287 283 0.125
282 286 0.125
283 286 0.125
284 286 0.125
285 286 0.125
287 286 0.125
288 286 0.125
289 286 0.125
290 286 0.125
283 287 0.125
284 287 0.125
285 287 0.125
286 287 0.125
288 287 0.125
289 287 0.125
290 287 0.125
291 287 0.125
288 292 0.125
289 292 0.125
290 292 0.125
291 292 0.125
293 292 0.125
294 292 0.125
295 292 0.125
296 292 0.125
291 295 0.125
292 295 0.125
293 295 0.125
294 295 0.125
296 295 0.125
297 295 0.125
298 295 0.125
299 295 0.125
292 296 0.125
293 296 0.125
294 296 0.125
295 296 0.125
297 296 0.125
298 296 0.125
299 296 0.125
300 296 0.125
294 298 0.125
295 298 0.125
296 298 0.125
297 298 0.125
299 298 0.125
300 298 0.125
301 298 0.125
302 298 0.125
299 303 0.125
300 303 0.125
301 303 0.125
302 303 0.125
304 303 0.125
305 303 0.125
306 303 0.125
307 303 0.125
301 305 0.125
302 305 0.125
303 305 0.125
304 305 0.125
306 305 0.125
307 305 0.125
308 305 0.125
309 305 0.125
1 0 0.125
309 0 0.125
2 0 0.125
308 0 0.125
3 0 0.125
307 0 0.125
4 0 0.125
306 0 0.125
