0 1 0.111111
2 1 0.111111
3 1 0.111111
339 1 0.111111
4 1 0.111111
338 1 0.111111
5 1 0.111111
337 1 0.111111
96 1 0.111111
0 2 0.111111
1 2 0.111111
3 2 0.111111
4 2 0.111111
5 2 0.111111
339 2 0.111111
6 2 0.111111
338 2 0.111111
267 2 0.111111
0 338 0.1
1 338 0.1
2 338 0.1
117 338 0.1
186 338 0.1
334 338 0.1
335 338 0.1
336 338 0.1
337 338 0.1
339 338 0.1
0 3 0.111111
1 3 0.111111
2 3 0.111111
4 3 0.111111
5 3 0.111111
6 3 0.111111
7 3 0.111111
339 3 0.111111
173 3 0.111111
0 337 0.111111
1 337 0.111111
184 337 0.111111
333 337 0.111111
334 337 0.111111
335 337 0.111111
336 337 0.111111
338 337 0.111111
339 337 0.111111
0 289 0.125
158 289 0.125
286 289 0.125
288 289 0.125
290 289 0.125
291 289 0.125
292 289 0.125
293 289 0.125
1 339 0.1
2 339 0.1
3 339 0.1
10 339 0.1
195 339 0.1
209 339 0.1
335 339 0.1
336 339 0.1
337 339 0.1
338 339 0.1
1 4 0.125
2 4 0.125
3 4 0.125
5 4 0.125
6 4 0.125
7 4 0.125
264 4 0.125
327 4 0.125
1 5 0.125
2 5 0.125
3 5 0.125
4 5 0.125
6 5 0.125
7 5 0.125
8 5 0.125
9 5 0.125
1 96 0.1
46 96 0.1
92 96 0.1
93 96 0.1
94 96 0.1
95 96 0.1
98 96 0.1
99 96 0.1
119 96 0.1
114 96 0.1
2 6 0.125
3 6 0.125
4 6 0.125
5 6 0.125
7 6 0.125
8 6 0.125
9 6 0.125
10 6 0.125
2 267 0.166667
263 267 0.166667
264 267 0.166667
268 267 0.166667
269 267 0.166667
271 267 0.166667
3 7 0.111111
4 7 0.111111
5 7 0.111111
6 7 0.111111
8 7 0.111111
9 7 0.111111
10 7 0.111111
11 7 0.111111
73 7 0.111111
3 173 0.125
169 173 0.125
170 173 0.125
171 173 0.125
172 173 0.125
174 173 0.125
175 173 0.125
176 173 0.125
4 264 0.111111
41 264 0.111111
260 264 0.111111
261 264 0.111111
262 264 0.111111
263 264 0.111111
265 264 0.111111
267 264 0.111111
268 264 0.111111
4 327 0.111111
323 327 0.111111
324 327 0.111111
325 327 0.111111
326 327 0.111111
328 327 0.111111
329 327 0.111111
330 327 0.111111
331 327 0.111111
5 8 0.125
6 8 0.125
7 8 0.125
10 8 0.125
11 8 0.125
12 8 0.125
199 8 0.125
287 8 0.125
5 9 0.125
6 9 0.125
7 9 0.125
10 9 0.125
11 9 0.125
13 9 0.125
246 9 0.125
88 9 0.125
6 10 0.111111
7 10 0.111111
8 10 0.111111
9 10 0.111111
11 10 0.111111
12 10 0.111111
13 10 0.111111
339 10 0.111111
245 10 0.111111
7 11 0.125
8 11 0.125
9 11 0.125
10 11 0.125
13 11 0.125
14 11 0.125
15 11 0.125
288 11 0.125
7 73 0.25
75 73 0.25
76 73 0.25
77 73 0.25
8 12 0.166667
10 12 0.166667
13 12 0.166667
15 12 0.166667
16 12 0.166667
249 12 0.166667
8 199 0.125
195 199 0.125
196 199 0.125
198 199 0.125
200 199 0.125
201 199 0.125
202 199 0.125
203 199 0.125
8 287 0.111111
256 287 0.111111
283 287 0.111111
284 287 0.111111
285 287 0.111111
286 287 0.111111
288 287 0.111111
290 287 0.111111
291 287 0.111111
9 13 0.125
10 13 0.125
11 13 0.125
12 13 0.125
14 13 0.125
15 13 0.125
16 13 0.125
17 13 0.125
9 246 0.111111
109 246 0.111111
242 246 0.111111
243 246 0.111111
244 246 0.111111
245 246 0.111111
247 246 0.111111
249 246 0.111111
250 246 0.111111
9 88 0.111111
23 88 0.111111
42 88 0.111111
84 88 0.111111
85 88 0.111111
86 88 0.111111
87 88 0.111111
92 88 0.111111
273 88 0.111111
10 245 0.111111
241 245 0.111111
242 245 0.111111
243 245 0.111111
244 245 0.111111
246 245 0.111111
247 245 0.111111
248 245 0.111111
249 245 0.111111
11 14 0.166667
13 14 0.166667
15 14 0.166667
16 14 0.166667
17 14 0.166667
18 14 0.166667
11 15 0.125
12 15 0.125
13 15 0.125
14 15 0.125
16 15 0.125
17 15 0.125
18 15 0.125
19 15 0.125
11 288 0.111111
87 288 0.111111
284 288 0.111111
285 288 0.111111
286 288 0.111111
287 288 0.111111
289 288 0.111111
290 288 0.111111
292 288 0.111111
12 16 0.125
13 16 0.125
14 16 0.125
15 16 0.125
17 16 0.125
18 16 0.125
19 16 0.125
61 16 0.125
12 249 0.111111
245 249 0.111111
246 249 0.111111
247 249 0.111111
248 249 0.111111
250 249 0.111111
251 249 0.111111
252 249 0.111111
253 249 0.111111
13 17 0.125
14 17 0.125
15 17 0.125
16 17 0.125
18 17 0.125
20 17 0.125
21 17 0.125
150 17 0.125
14 18 0.125
15 18 0.125
16 18 0.125
17 18 0.125
19 18 0.125
20 18 0.125
21 18 0.125
22 18 0.125
15 19 0.125
16 19 0.125
18 19 0.125
20 19 0.125
21 19 0.125
22 19 0.125
23 19 0.125
104 19 0.125
16 61 0.111111
57 61 0.111111
58 61 0.111111
59 61 0.111111
60 61 0.111111
62 61 0.111111
63 61 0.111111
64 61 0.111111
65 61 0.111111
17 20 0.142857
18 20 0.142857
19 20 0.142857
21 20 0.142857
23 20 0.142857
24 20 0.142857
226 20 0.142857
17 21 0.111111
18 21 0.111111
19 21 0.111111
20 21 0.111111
22 21 0.111111
23 21 0.111111
24 21 0.111111
25 21 0.111111
101 21 0.111111
17 150 0.111111
146 150 0.111111
147 150 0.111111
148 150 0.111111
149 150 0.111111
152 150 0.111111
153 150 0.111111
154 150 0.111111
253 150 0.111111
18 22 0.142857
19 22 0.142857
21 22 0.142857
23 22 0.142857
24 22 0.142857
25 22 0.142857
26 22 0.142857
19 23 0.125
20 23 0.125
21 23 0.125
22 23 0.125
25 23 0.125
26 23 0.125
27 23 0.125
88 23 0.125
19 104 0.125
100 104 0.125
101 104 0.125
102 104 0.125
105 104 0.125
106 104 0.125
108 104 0.125
272 104 0.125
20 24 0.142857
21 24 0.142857
22 24 0.142857
25 24 0.142857
26 24 0.142857
27 24 0.142857
28 24 0.142857
20 226 0.111111
138 226 0.111111
222 226 0.111111
223 226 0.111111
224 226 0.111111
225 226 0.111111
227 226 0.111111
228 226 0.111111
229 226 0.111111
21 25 0.125
22 25 0.125
23 25 0.125
24 25 0.125
26 25 0.125
27 25 0.125
28 25 0.125
29 25 0.125
21 101 0.142857
97 101 0.142857
98 101 0.142857
100 101 0.142857
103 101 0.142857
104 101 0.142857
105 101 0.142857
22 26 0.111111
23 26 0.111111
24 26 0.111111
25 26 0.111111
27 26 0.111111
28 26 0.111111
29 26 0.111111
30 26 0.111111
178 26 0.111111
23 27 0.111111
24 27 0.111111
25 27 0.111111
26 27 0.111111
28 27 0.111111
29 27 0.111111
30 27 0.111111
31 27 0.111111
323 27 0.111111
24 28 0.125
25 28 0.125
26 28 0.125
27 28 0.125
29 28 0.125
30 28 0.125
31 28 0.125
32 28 0.125
25 29 0.1
26 29 0.1
27 29 0.1
28 29 0.1
30 29 0.1
31 29 0.1
32 29 0.1
305 29 0.1
179 29 0.1
153 29 0.1
26 30 0.125
27 30 0.125
28 30 0.125
29 30 0.125
31 30 0.125
32 30 0.125
33 30 0.125
34 30 0.125
26 178 0.125
174 178 0.125
175 178 0.125
176 178 0.125
177 178 0.125
180 178 0.125
181 178 0.125
182 178 0.125
27 31 0.125
28 31 0.125
29 31 0.125
30 31 0.125
33 31 0.125
34 31 0.125
35 31 0.125
110 31 0.125
27 323 0.125
319 323 0.125
320 323 0.125
321 323 0.125
322 323 0.125
324 323 0.125
326 323 0.125
327 323 0.125
28 32 0.142857
29 32 0.142857
30 32 0.142857
33 32 0.142857
34 32 0.142857
35 32 0.142857
36 32 0.142857
29 305 0.125
90 305 0.125
301 305 0.125
302 305 0.125
303 305 0.125
304 305 0.125
306 305 0.125
309 305 0.125
29 179 0.111111
175 179 0.111111
176 179 0.111111
177 179 0.111111
180 179 0.111111
182 179 0.111111
183 179 0.111111
266 179 0.111111
202 179 0.111111
29 153 0.125
149 153 0.125
150 153 0.125
151 153 0.125
152 153 0.125
154 153 0.125
155 153 0.125
156 153 0.125
30 33 0.142857
31 33 0.142857
32 33 0.142857
34 33 0.142857
35 33 0.142857
36 33 0.142857
37 33 0.142857
30 34 0.125
31 34 0.125
32 34 0.125
33 34 0.125
35 34 0.125
36 34 0.125
37 34 0.125
38 34 0.125
31 35 0.125
32 35 0.125
33 35 0.125
34 35 0.125
36 35 0.125
37 35 0.125
38 35 0.125
39 35 0.125
31 110 0.1
106 110 0.1
107 110 0.1
108 110 0.1
109 110 0.1
111 110 0.1
112 110 0.1
113 110 0.1
114 110 0.1
285 110 0.1
32 36 0.125
33 36 0.125
34 36 0.125
35 36 0.125
37 36 0.125
38 36 0.125
39 36 0.125
70 36 0.125
33 37 0.125
34 37 0.125
35 37 0.125
36 37 0.125
38 37 0.125
41 37 0.125
118 37 0.125
152 37 0.125
34 38 0.090909
35 38 0.090909
36 38 0.090909
37 38 0.090909
39 38 0.090909
40 38 0.090909
41 38 0.090909
42 38 0.090909
148 38 0.090909
159 38 0.090909
188 38 0.090909
35 39 0.142857
36 39 0.142857
38 39 0.142857
40 39 0.142857
41 39 0.142857
42 39 0.142857
43 39 0.142857
36 70 0.125
66 70 0.125
67 70 0.125
69 70 0.125
71 70 0.125
72 70 0.125
74 70 0.125
97 70 0.125
37 41 0.125
38 41 0.125
39 41 0.125
40 41 0.125
42 41 0.125
44 41 0.125
45 41 0.125
264 41 0.125
37 118 0.111111
114 118 0.111111
115 118 0.111111
116 118 0.111111
117 118 0.111111
119 118 0.111111
120 118 0.111111
121 118 0.111111
122 118 0.111111
37 152 0.111111
148 152 0.111111
149 152 0.111111
150 152 0.111111
151 152 0.111111
153 152 0.111111
154 152 0.111111
155 152 0.111111
156 152 0.111111
38 40 0.166667
39 40 0.166667
41 40 0.166667
42 40 0.166667
43 40 0.166667
44 40 0.166667
38 42 0.111111
39 42 0.111111
40 42 0.111111
41 42 0.111111
43 42 0.111111
44 42 0.111111
45 42 0.111111
46 42 0.111111
88 42 0.111111
38 148 0.125
144 148 0.125
145 148 0.125
146 148 0.125
147 148 0.125
150 148 0.125
151 148 0.125
152 148 0.125
38 159 0.142857
155 159 0.142857
156 159 0.142857
157 159 0.142857
160 159 0.142857
162 159 0.142857
163 159 0.142857
38 188 0.142857
186 188 0.142857
187 188 0.142857
189 188 0.142857
190 188 0.142857
192 188 0.142857
193 188 0.142857
39 43 0.142857
40 43 0.142857
42 43 0.142857
44 43 0.142857
45 43 0.142857
46 43 0.142857
47 43 0.142857
40 44 0.111111
41 44 0.111111
42 44 0.111111
43 44 0.111111
45 44 0.111111
46 44 0.111111
47 44 0.111111
48 44 0.111111
309 44 0.111111
41 45 0.125
42 45 0.125
43 45 0.125
44 45 0.125
46 45 0.125
47 45 0.125
48 45 0.125
49 45 0.125
42 46 0.125
43 46 0.125
44 46 0.125
45 46 0.125
47 46 0.125
48 46 0.125
49 46 0.125
96 46 0.125
43 47 0.111111
44 47 0.111111
45 47 0.111111
46 47 0.111111
48 47 0.111111
49 47 0.111111
50 47 0.111111
51 47 0.111111
68 47 0.111111
44 48 0.125
45 48 0.125
46 48 0.125
47 48 0.125
49 48 0.125
50 48 0.125
51 48 0.125
272 48 0.125
44 309 0.125
305 309 0.125
306 309 0.125
307 309 0.125
308 309 0.125
310 309 0.125
311 309 0.125
313 309 0.125
45 49 0.125
46 49 0.125
47 49 0.125
48 49 0.125
50 49 0.125
51 49 0.125
52 49 0.125
53 49 0.125
47 50 0.142857
48 50 0.142857
49 50 0.142857
51 50 0.142857
52 50 0.142857
53 50 0.142857
54 50 0.142857
47 51 0.125
48 51 0.125
49 51 0.125
50 51 0.125
52 51 0.125
54 51 0.125
55 51 0.125
149 51 0.125
47 68 0.111111
64 68 0.111111
65 68 0.111111
66 68 0.111111
67 68 0.111111
69 68 0.111111
71 68 0.111111
72 68 0.111111
253 68 0.111111
48 272 0.125
104 272 0.125
268 272 0.125
269 272 0.125
270 272 0.125
273 272 0.125
274 272 0.125
275 272 0.125
49 52 0.125
50 52 0.125
51 52 0.125
53 52 0.125
54 52 0.125
55 52 0.125
56 52 0.125
218 52 0.125
49 53 0.142857
50 53 0.142857
52 53 0.142857
54 53 0.142857
55 53 0.142857
56 53 0.142857
129 53 0.142857
50 54 0.125
51 54 0.125
52 54 0.125
53 54 0.125
55 54 0.125
56 54 0.125
57 54 0.125
58 54 0.125
51 55 0.125
52 55 0.125
53 55 0.125
54 55 0.125
56 55 0.125
57 55 0.125
58 55 0.125
59 55 0.125
51 149 0.111111
145 149 0.111111
146 149 0.111111
147 149 0.111111
150 149 0.111111
151 149 0.111111
152 149 0.111111
153 149 0.111111
184 149 0.111111
52 56 0.125
53 56 0.125
54 56 0.125
55 56 0.125
57 56 0.125
58 56 0.125
59 56 0.125
60 56 0.125
52 218 0.111111
214 218 0.111111
215 218 0.111111
216 218 0.111111
217 218 0.111111
219 218 0.111111
220 218 0.111111
222 218 0.111111
254 218 0.111111
53 129 0.111111
125 129 0.111111
126 129 0.111111
127 129 0.111111
128 129 0.111111
130 129 0.111111
131 129 0.111111
132 129 0.111111
133 129 0.111111
54 57 0.142857
55 57 0.142857
56 57 0.142857
58 57 0.142857
59 57 0.142857
60 57 0.142857
61 57 0.142857
54 58 0.111111
55 58 0.111111
56 58 0.111111
57 58 0.111111
59 58 0.111111
60 58 0.111111
61 58 0.111111
62 58 0.111111
197 58 0.111111
55 59 0.111111
56 59 0.111111
57 59 0.111111
58 59 0.111111
60 59 0.111111
61 59 0.111111
62 59 0.111111
63 59 0.111111
103 59 0.111111
56 60 0.111111
57 60 0.111111
58 60 0.111111
59 60 0.111111
61 60 0.111111
62 60 0.111111
63 60 0.111111
64 60 0.111111
114 60 0.111111
58 62 0.111111
59 62 0.111111
60 62 0.111111
61 62 0.111111
63 62 0.111111
64 62 0.111111
65 62 0.111111
66 62 0.111111
242 62 0.111111
58 197 0.111111
99 197 0.111111
176 197 0.111111
193 197 0.111111
194 197 0.111111
196 197 0.111111
198 197 0.111111
201 197 0.111111
236 197 0.111111
59 63 0.125
60 63 0.125
61 63 0.125
62 63 0.125
64 63 0.125
65 63 0.125
66 63 0.125
67 63 0.125
59 103 0.125
99 103 0.125
100 103 0.125
101 103 0.125
102 103 0.125
105 103 0.125
106 103 0.125
107 103 0.125
60 64 0.125
61 64 0.125
62 64 0.125
63 64 0.125
65 64 0.125
66 64 0.125
67 64 0.125
68 64 0.125
60 114 0.111111
96 114 0.111111
110 114 0.111111
111 114 0.111111
112 114 0.111111
113 114 0.111111
115 114 0.111111
116 114 0.111111
118 114 0.111111
61 65 0.125
62 65 0.125
63 65 0.125
64 65 0.125
66 65 0.125
67 65 0.125
68 65 0.125
69 65 0.125
62 66 0.125
63 66 0.125
64 66 0.125
65 66 0.125
67 66 0.125
68 66 0.125
69 66 0.125
70 66 0.125
62 242 0.125
238 242 0.125
239 242 0.125
240 242 0.125
241 242 0.125
243 242 0.125
245 242 0.125
246 242 0.125
63 67 0.125
64 67 0.125
65 67 0.125
66 67 0.125
68 67 0.125
69 67 0.125
70 67 0.125
71 67 0.125
65 69 0.125
66 69 0.125
67 69 0.125
68 69 0.125
70 69 0.125
72 69 0.125
131 69 0.125
276 69 0.125
67 71 0.142857
68 71 0.142857
70 71 0.142857
72 71 0.142857
75 71 0.142857
235 71 0.142857
275 71 0.142857
68 72 0.125
69 72 0.125
70 72 0.125
71 72 0.125
74 72 0.125
75 72 0.125
76 72 0.125
295 72 0.125
68 253 0.111111
150 253 0.111111
249 253 0.111111
250 253 0.111111
251 253 0.111111
252 253 0.111111
254 253 0.111111
255 253 0.111111
256 253 0.111111
69 131 0.111111
127 131 0.111111
128 131 0.111111
129 131 0.111111
130 131 0.111111
132 131 0.111111
133 131 0.111111
134 131 0.111111
135 131 0.111111
69 276 0.125
273 276 0.125
274 276 0.125
275 276 0.125
277 276 0.125
278 276 0.125
279 276 0.125
280 276 0.125
70 74 0.166667
72 74 0.166667
75 74 0.166667
76 74 0.166667
77 74 0.166667
78 74 0.166667
70 97 0.125
93 97 0.125
94 97 0.125
95 97 0.125
98 97 0.125
99 97 0.125
100 97 0.125
101 97 0.125
71 75 0.111111
72 75 0.111111
73 75 0.111111
74 75 0.111111
76 75 0.111111
77 75 0.111111
78 75 0.111111
79 75 0.111111
247 75 0.111111
71 235 0.111111
231 235 0.111111
232 235 0.111111
233 235 0.111111
234 235 0.111111
236 235 0.111111
237 235 0.111111
238 235 0.111111
239 235 0.111111
71 275 0.1
239 275 0.1
271 275 0.1
272 275 0.1
273 275 0.1
274 275 0.1
276 275 0.1
277 275 0.1
279 275 0.1
313 275 0.1
72 76 0.125
73 76 0.125
74 76 0.125
75 76 0.125
77 76 0.125
78 76 0.125
79 76 0.125
80 76 0.125
72 295 0.111111
291 295 0.111111
292 295 0.111111
293 295 0.111111
294 295 0.111111
296 295 0.111111
298 295 0.111111
299 295 0.111111
336 295 0.111111
73 77 0.111111
74 77 0.111111
75 77 0.111111
76 77 0.111111
78 77 0.111111
79 77 0.111111
80 77 0.111111
81 77 0.111111
240 77 0.111111
74 78 0.125
75 78 0.125
76 78 0.125
77 78 0.125
79 78 0.125
80 78 0.125
81 78 0.125
82 78 0.125
75 79 0.125
76 79 0.125
77 79 0.125
78 79 0.125
80 79 0.125
81 79 0.125
82 79 0.125
83 79 0.125
75 247 0.1
243 247 0.1
244 247 0.1
245 247 0.1
246 247 0.1
249 247 0.1
250 247 0.1
251 247 0.1
331 247 0.1
326 247 0.1
76 80 0.125
77 80 0.125
78 80 0.125
79 80 0.125
81 80 0.125
82 80 0.125
83 80 0.125
84 80 0.125
77 81 0.125
78 81 0.125
79 81 0.125
80 81 0.125
82 81 0.125
83 81 0.125
84 81 0.125
85 81 0.125
77 240 0.125
236 240 0.125
237 240 0.125
238 240 0.125
239 240 0.125
242 240 0.125
243 240 0.125
244 240 0.125
78 82 0.125
79 82 0.125
80 82 0.125
81 82 0.125
83 82 0.125
84 82 0.125
85 82 0.125
86 82 0.125
79 83 0.125
80 83 0.125
81 83 0.125
82 83 0.125
84 83 0.125
85 83 0.125
86 83 0.125
87 83 0.125
80 84 0.125
81 84 0.125
82 84 0.125
83 84 0.125
85 84 0.125
86 84 0.125
87 84 0.125
88 84 0.125
81 85 0.125
82 85 0.125
83 85 0.125
84 85 0.125
86 85 0.125
87 85 0.125
88 85 0.125
89 85 0.125
82 86 0.125
83 86 0.125
84 86 0.125
85 86 0.125
87 86 0.125
88 86 0.125
89 86 0.125
90 86 0.125
83 87 0.111111
84 87 0.111111
85 87 0.111111
86 87 0.111111
88 87 0.111111
89 87 0.111111
90 87 0.111111
91 87 0.111111
288 87 0.111111
85 89 0.125
86 89 0.125
87 89 0.125
90 89 0.125
91 89 0.125
92 89 0.125
93 89 0.125
315 89 0.125
86 90 0.111111
87 90 0.111111
89 90 0.111111
91 90 0.111111
92 90 0.111111
93 90 0.111111
94 90 0.111111
116 90 0.111111
305 90 0.111111
87 91 0.142857
89 91 0.142857
90 91 0.142857
92 91 0.142857
93 91 0.142857
94 91 0.142857
95 91 0.142857
88 92 0.125
89 92 0.125
90 92 0.125
91 92 0.125
93 92 0.125
94 92 0.125
95 92 0.125
96 92 0.125
88 273 0.111111
269 273 0.111111
270 273 0.111111
271 273 0.111111
272 273 0.111111
274 273 0.111111
275 273 0.111111
276 273 0.111111
277 273 0.111111
89 93 0.125
90 93 0.125
91 93 0.125
92 93 0.125
94 93 0.125
96 93 0.125
97 93 0.125
184 93 0.125
89 315 0.125
227 315 0.125
311 315 0.125
312 315 0.125
313 315 0.125
314 315 0.125
318 315 0.125
319 315 0.125
90 94 0.125
91 94 0.125
92 94 0.125
93 94 0.125
95 94 0.125
96 94 0.125
97 94 0.125
98 94 0.125
90 116 0.142857
112 116 0.142857
114 116 0.142857
118 116 0.142857
119 116 0.142857
120 116 0.142857
280 116 0.142857
91 95 0.142857
92 95 0.142857
94 95 0.142857
96 95 0.142857
97 95 0.142857
98 95 0.142857
99 95 0.142857
93 184 0.125
149 184 0.125
180 184 0.125
182 184 0.125
183 184 0.125
185 184 0.125
187 184 0.125
337 184 0.125
94 98 0.125
95 98 0.125
96 98 0.125
97 98 0.125
99 98 0.125
100 98 0.125
101 98 0.125
102 98 0.125
95 99 0.111111
96 99 0.111111
97 99 0.111111
98 99 0.111111
100 99 0.111111
102 99 0.111111
103 99 0.111111
197 99 0.111111
105 99 0.111111
96 119 0.125
115 119 0.125
116 119 0.125
117 119 0.125
118 119 0.125
120 119 0.125
121 119 0.125
311 119 0.125
97 100 0.125
98 100 0.125
99 100 0.125
101 100 0.125
102 100 0.125
103 100 0.125
104 100 0.125
212 100 0.125
98 102 0.125
99 102 0.125
100 102 0.125
103 102 0.125
104 102 0.125
105 102 0.125
146 102 0.125
262 102 0.125
99 105 0.125
101 105 0.125
102 105 0.125
103 105 0.125
104 105 0.125
106 105 0.125
108 105 0.125
109 105 0.125
100 212 0.125
208 212 0.125
209 212 0.125
210 212 0.125
211 212 0.125
213 212 0.125
214 212 0.125
216 212 0.125
102 146 0.125
142 146 0.125
144 146 0.125
145 146 0.125
147 146 0.125
148 146 0.125
149 146 0.125
150 146 0.125
102 262 0.125
254 262 0.125
259 262 0.125
260 262 0.125
261 262 0.125
263 262 0.125
264 262 0.125
265 262 0.125
103 106 0.142857
104 106 0.142857
105 106 0.142857
107 106 0.142857
108 106 0.142857
109 106 0.142857
110 106 0.142857
103 107 0.166667
106 107 0.166667
108 107 0.166667
109 107 0.166667
110 107 0.166667
111 107 0.166667
104 108 0.125
105 108 0.125
106 108 0.125
107 108 0.125
109 108 0.125
110 108 0.125
111 108 0.125
112 108 0.125
105 109 0.1
106 109 0.1
107 109 0.1
108 109 0.1
110 109 0.1
111 109 0.1
112 109 0.1
113 109 0.1
246 109 0.1
165 109 0.1
107 111 0.125
108 111 0.125
109 111 0.125
110 111 0.125
112 111 0.125
113 111 0.125
114 111 0.125
115 111 0.125
108 112 0.125
109 112 0.125
110 112 0.125
111 112 0.125
113 112 0.125
114 112 0.125
115 112 0.125
116 112 0.125
109 113 0.125
110 113 0.125
111 113 0.125
112 113 0.125
114 113 0.125
115 113 0.125
117 113 0.125
330 113 0.125
109 165 0.125
161 165 0.125
162 165 0.125
163 165 0.125
164 165 0.125
166 165 0.125
167 165 0.125
168 165 0.125
110 285 0.125
281 285 0.125
282 285 0.125
283 285 0.125
284 285 0.125
286 285 0.125
287 285 0.125
288 285 0.125
111 115 0.125
112 115 0.125
113 115 0.125
114 115 0.125
117 115 0.125
118 115 0.125
119 115 0.125
257 115 0.125
113 117 0.142857
115 117 0.142857
118 117 0.142857
120 117 0.142857
121 117 0.142857
338 117 0.142857
119 117 0.142857
113 330 0.125
327 330 0.125
328 330 0.125
329 330 0.125
331 330 0.125
332 330 0.125
333 330 0.125
334 330 0.125
115 257 0.142857
255 257 0.142857
256 257 0.142857
258 257 0.142857
259 257 0.142857
260 257 0.142857
261 257 0.142857
116 120 0.1
117 120 0.1
118 120 0.1
119 120 0.1
121 120 0.1
122 120 0.1
123 120 0.1
162 120 0.1
220 120 0.1
228 120 0.1
116 280 0.142857
276 280 0.142857
277 280 0.142857
278 280 0.142857
281 280 0.142857
283 280 0.142857
284 280 0.142857
117 121 0.111111
118 121 0.111111
119 121 0.111111
120 121 0.111111
123 121 0.111111
124 121 0.111111
125 121 0.111111
329 121 0.111111
298 121 0.111111
118 122 0.166667
120 122 0.166667
123 122 0.166667
124 122 0.166667
125 122 0.166667
126 122 0.166667
119 311 0.111111
180 311 0.111111
307 311 0.111111
308 311 0.111111
309 311 0.111111
310 311 0.111111
313 311 0.111111
314 311 0.111111
315 311 0.111111
120 123 0.142857
121 123 0.142857
122 123 0.142857
125 123 0.142857
126 123 0.142857
127 123 0.142857
210 123 0.142857
120 162 0.125
158 162 0.125
159 162 0.125
160 162 0.125
161 162 0.125
164 162 0.125
165 162 0.125
166 162 0.125
120 220 0.111111
216 220 0.111111
217 220 0.111111
218 220 0.111111
219 220 0.111111
221 220 0.111111
222 220 0.111111
223 220 0.111111
224 220 0.111111
120 228 0.125
224 228 0.125
225 228 0.125
226 228 0.125
227 228 0.125
229 228 0.125
230 228 0.125
231 228 0.125
121 124 0.166667
122 124 0.166667
125 124 0.166667
126 124 0.166667
127 124 0.166667
128 124 0.166667
121 125 0.125
122 125 0.125
123 125 0.125
124 125 0.125
126 125 0.125
127 125 0.125
128 125 0.125
129 125 0.125
121 329 0.125
325 329 0.125
327 329 0.125
328 329 0.125
330 329 0.125
331 329 0.125
332 329 0.125
333 329 0.125
121 298 0.125
294 298 0.125
295 298 0.125
296 298 0.125
297 298 0.125
299 298 0.125
300 298 0.125
302 298 0.125
122 126 0.125
123 126 0.125
124 126 0.125
125 126 0.125
127 126 0.125
128 126 0.125
129 126 0.125
319 126 0.125
123 127 0.125
124 127 0.125
125 127 0.125
126 127 0.125
128 127 0.125
129 127 0.125
130 127 0.125
131 127 0.125
123 210 0.125
206 210 0.125
207 210 0.125
208 210 0.125
211 210 0.125
212 210 0.125
213 210 0.125
214 210 0.125
124 128 0.125
125 128 0.125
126 128 0.125
127 128 0.125
129 128 0.125
130 128 0.125
131 128 0.125
132 128 0.125
126 319 0.125
315 319 0.125
316 319 0.125
318 319 0.125
320 319 0.125
321 319 0.125
322 319 0.125
323 319 0.125
127 130 0.142857
128 130 0.142857
129 130 0.142857
131 130 0.142857
132 130 0.142857
133 130 0.142857
134 130 0.142857
128 132 0.125
129 132 0.125
130 132 0.125
131 132 0.125
133 132 0.125
134 132 0.125
135 132 0.125
136 132 0.125
129 133 0.111111
130 133 0.111111
131 133 0.111111
132 133 0.111111
134 133 0.111111
135 133 0.111111
136 133 0.111111
137 133 0.111111
174 133 0.111111
130 134 0.125
131 134 0.125
132 134 0.125
133 134 0.125
135 134 0.125
136 134 0.125
137 134 0.125
138 134 0.125
131 135 0.125
132 135 0.125
133 135 0.125
134 135 0.125
136 135 0.125
137 135 0.125
138 135 0.125
139 135 0.125
132 136 0.111111
133 136 0.111111
134 136 0.111111
135 136 0.111111
137 136 0.111111
138 136 0.111111
139 136 0.111111
140 136 0.111111
189 136 0.111111
133 137 0.125
134 137 0.125
135 137 0.125
136 137 0.125
138 137 0.125
139 137 0.125
140 137 0.125
141 137 0.125
133 174 0.111111
138 174 0.111111
170 174 0.111111
171 174 0.111111
172 174 0.111111
173 174 0.111111
175 174 0.111111
178 174 0.111111
227 174 0.111111
134 138 0.1
135 138 0.1
136 138 0.1
137 138 0.1
139 138 0.1
141 138 0.1
142 138 0.1
176 138 0.1
174 138 0.1
226 138 0.1
135 139 0.125
136 139 0.125
137 139 0.125
138 139 0.125
140 139 0.125
141 139 0.125
142 139 0.125
143 139 0.125
136 140 0.142857
137 140 0.142857
139 140 0.142857
141 140 0.142857
142 140 0.142857
143 140 0.142857
144 140 0.142857
136 189 0.142857
185 189 0.142857
186 189 0.142857
188 189 0.142857
190 189 0.142857
191 189 0.142857
193 189 0.142857
137 141 0.125
138 141 0.125
139 141 0.125
140 141 0.125
142 141 0.125
143 141 0.125
144 141 0.125
145 141 0.125
138 142 0.125
139 142 0.125
140 142 0.125
141 142 0.125
143 142 0.125
144 142 0.125
145 142 0.125
146 142 0.125
138 176 0.125
172 176 0.125
173 176 0.125
175 176 0.125
177 176 0.125
178 176 0.125
179 176 0.125
197 176 0.125
139 143 0.111111
140 143 0.111111
141 143 0.111111
142 143 0.111111
144 143 0.111111
145 143 0.111111
221 143 0.111111
259 143 0.111111
202 143 0.111111
140 144 0.125
141 144 0.125
142 144 0.125
143 144 0.125
145 144 0.125
146 144 0.125
147 144 0.125
148 144 0.125
141 145 0.1
142 145 0.1
143 145 0.1
144 145 0.1
146 145 0.1
147 145 0.1
148 145 0.1
149 145 0.1
301 145 0.1
258 145 0.1
143 221 0.142857
217 221 0.142857
219 221 0.142857
220 221 0.142857
222 221 0.142857
224 221 0.142857
225 221 0.142857
143 259 0.111111
255 259 0.111111
256 259 0.111111
257 259 0.111111
258 259 0.111111
260 259 0.111111
261 259 0.111111
262 259 0.111111
263 259 0.111111
143 202 0.1
179 202 0.1
198 202 0.1
199 202 0.1
200 202 0.1
201 202 0.1
203 202 0.1
204 202 0.1
205 202 0.1
206 202 0.1
144 147 0.125
145 147 0.125
146 147 0.125
148 147 0.125
149 147 0.125
150 147 0.125
151 147 0.125
234 147 0.125
145 301 0.142857
297 301 0.142857
299 301 0.142857
300 301 0.142857
302 301 0.142857
304 301 0.142857
305 301 0.142857
145 258 0.142857
254 258 0.142857
255 258 0.142857
257 258 0.142857
259 258 0.142857
260 258 0.142857
261 258 0.142857
147 151 0.142857
148 151 0.142857
149 151 0.142857
152 151 0.142857
153 151 0.142857
155 151 0.142857
158 151 0.142857
147 234 0.125
230 234 0.125
231 234 0.125
232 234 0.125
233 234 0.125
235 234 0.125
236 234 0.125
238 234 0.125
150 154 0.142857
152 154 0.142857
153 154 0.142857
155 154 0.142857
156 154 0.142857
157 154 0.142857
158 154 0.142857
151 155 0.125
152 155 0.125
153 155 0.125
154 155 0.125
156 155 0.125
157 155 0.125
158 155 0.125
159 155 0.125
151 158 0.111111
154 158 0.111111
155 158 0.111111
156 158 0.111111
157 158 0.111111
160 158 0.111111
161 158 0.111111
162 158 0.111111
289 158 0.111111
152 156 0.125
153 156 0.125
154 156 0.125
155 156 0.125
157 156 0.125
158 156 0.125
159 156 0.125
160 156 0.125
154 157 0.142857
155 157 0.142857
156 157 0.142857
158 157 0.142857
159 157 0.142857
160 157 0.142857
161 157 0.142857
156 160 0.125
157 160 0.125
158 160 0.125
159 160 0.125
161 160 0.125
162 160 0.125
163 160 0.125
164 160 0.125
157 161 0.142857
158 161 0.142857
160 161 0.142857
162 161 0.142857
163 161 0.142857
164 161 0.142857
165 161 0.142857
159 163 0.142857
160 163 0.142857
161 163 0.142857
164 163 0.142857
165 163 0.142857
166 163 0.142857
167 163 0.142857
160 164 0.125
161 164 0.125
162 164 0.125
163 164 0.125
165 164 0.125
166 164 0.125
167 164 0.125
168 164 0.125
162 166 0.125
163 166 0.125
164 166 0.125
165 166 0.125
167 166 0.125
168 166 0.125
169 166 0.125
170 166 0.125
163 167 0.125
164 167 0.125
165 167 0.125
166 167 0.125
168 167 0.125
169 167 0.125
170 167 0.125
171 167 0.125
164 168 0.125
165 168 0.125
166 168 0.125
167 168 0.125
169 168 0.125
170 168 0.125
171 168 0.125
172 168 0.125
166 169 0.125
167 169 0.125
168 169 0.125
170 169 0.125
171 169 0.125
172 169 0.125
173 169 0.125
185 169 0.125
166 170 0.125
167 170 0.125
168 170 0.125
169 170 0.125
171 170 0.125
172 170 0.125
173 170 0.125
174 170 0.125
167 171 0.125
168 171 0.125
169 171 0.125
170 171 0.125
172 171 0.125
173 171 0.125
174 171 0.125
175 171 0.125
168 172 0.111111
169 172 0.111111
170 172 0.111111
171 172 0.111111
173 172 0.111111
174 172 0.111111
175 172 0.111111
176 172 0.111111
317 172 0.111111
169 185 0.125
181 185 0.125
182 185 0.125
183 185 0.125
184 185 0.125
186 185 0.125
187 185 0.125
189 185 0.125
171 175 0.125
172 175 0.125
173 175 0.125
174 175 0.125
176 175 0.125
177 175 0.125
178 175 0.125
179 175 0.125
172 317 0.142857
313 317 0.142857
314 317 0.142857
316 317 0.142857
318 317 0.142857
320 317 0.142857
321 317 0.142857
174 227 0.111111
223 227 0.111111
224 227 0.111111
225 227 0.111111
226 227 0.111111
228 227 0.111111
230 227 0.111111
231 227 0.111111
315 227 0.111111
175 177 0.166667
176 177 0.166667
178 177 0.166667
179 177 0.166667
180 177 0.166667
181 177 0.166667
177 180 0.125
178 180 0.125
179 180 0.125
181 180 0.125
183 180 0.125
184 180 0.125
311 180 0.125
268 180 0.125
177 181 0.142857
178 181 0.142857
180 181 0.142857
182 181 0.142857
183 181 0.142857
185 181 0.142857
236 181 0.142857
178 182 0.142857
179 182 0.142857
181 182 0.142857
183 182 0.142857
184 182 0.142857
185 182 0.142857
186 182 0.142857
179 183 0.125
180 183 0.125
181 183 0.125
182 183 0.125
184 183 0.125
185 183 0.125
186 183 0.125
187 183 0.125
179 266 0.166667
263 266 0.166667
265 266 0.166667
268 266 0.166667
269 266 0.166667
270 266 0.166667
180 268 0.125
264 268 0.125
265 268 0.125
266 268 0.125
267 268 0.125
269 268 0.125
271 268 0.125
272 268 0.125
181 236 0.1
197 236 0.1
232 236 0.1
233 236 0.1
234 236 0.1
235 236 0.1
237 236 0.1
239 236 0.1
240 236 0.1
293 236 0.1
182 186 0.142857
183 186 0.142857
185 186 0.142857
187 186 0.142857
188 186 0.142857
189 186 0.142857
338 186 0.142857
183 187 0.125
184 187 0.125
185 187 0.125
186 187 0.125
188 187 0.125
190 187 0.125
191 187 0.125
332 187 0.125
187 190 0.142857
188 190 0.142857
189 190 0.142857
191 190 0.142857
192 190 0.142857
193 190 0.142857
194 190 0.142857
187 191 0.142857
189 191 0.142857
190 191 0.142857
193 191 0.142857
194 191 0.142857
195 191 0.142857
233 191 0.142857
187 332 0.111111
328 332 0.111111
329 332 0.111111
330 332 0.111111
331 332 0.111111
333 332 0.111111
334 332 0.111111
335 332 0.111111
336 332 0.111111
188 192 0.142857
190 192 0.142857
193 192 0.142857
194 192 0.142857
195 192 0.142857
196 192 0.142857
293 192 0.142857
188 193 0.125
189 193 0.125
190 193 0.125
191 193 0.125
192 193 0.125
194 193 0.125
196 193 0.125
197 193 0.125
190 194 0.125
191 194 0.125
192 194 0.125
193 194 0.125
195 194 0.125
196 194 0.125
197 194 0.125
198 194 0.125
191 195 0.142857
192 195 0.142857
194 195 0.142857
198 195 0.142857
199 195 0.142857
339 195 0.142857
230 195 0.142857
191 233 0.111111
229 233 0.111111
230 233 0.111111
231 233 0.111111
232 233 0.111111
234 233 0.111111
235 233 0.111111
236 233 0.111111
237 233 0.111111
192 196 0.142857
193 196 0.142857
194 196 0.142857
197 196 0.142857
198 196 0.142857
199 196 0.142857
200 196 0.142857
192 293 0.111111
236 293 0.111111
289 293 0.111111
290 293 0.111111
291 293 0.111111
292 293 0.111111
295 293 0.111111
296 293 0.111111
297 293 0.111111
194 198 0.125
195 198 0.125
196 198 0.125
197 198 0.125
199 198 0.125
200 198 0.125
201 198 0.125
202 198 0.125
195 230 0.125
227 230 0.125
228 230 0.125
229 230 0.125
231 230 0.125
232 230 0.125
233 230 0.125
234 230 0.125
196 200 0.142857
198 200 0.142857
199 200 0.142857
201 200 0.142857
202 200 0.142857
203 200 0.142857
204 200 0.142857
197 201 0.125
198 201 0.125
199 201 0.125
200 201 0.125
202 201 0.125
203 201 0.125
204 201 0.125
205 201 0.125
199 203 0.125
200 203 0.125
201 203 0.125
202 203 0.125
204 203 0.125
205 203 0.125
206 203 0.125
207 203 0.125
200 204 0.125
201 204 0.125
202 204 0.125
203 204 0.125
205 204 0.125
206 204 0.125
207 204 0.125
208 204 0.125
201 205 0.111111
202 205 0.111111
203 205 0.111111
204 205 0.111111
206 205 0.111111
207 205 0.111111
208 205 0.111111
209 205 0.111111
277 205 0.111111
202 206 0.125
203 206 0.125
204 206 0.125
205 206 0.125
207 206 0.125
208 206 0.125
209 206 0.125
210 206 0.125
203 207 0.125
204 207 0.125
205 207 0.125
206 207 0.125
208 207 0.125
209 207 0.125
210 207 0.125
211 207 0.125
204 208 0.125
205 208 0.125
206 208 0.125
207 208 0.125
209 208 0.125
210 208 0.125
211 208 0.125
212 208 0.125
205 209 0.125
206 209 0.125
207 209 0.125
208 209 0.125
212 209 0.125
213 209 0.125
292 209 0.125
339 209 0.125
205 277 0.125
273 277 0.125
274 277 0.125
275 277 0.125
276 277 0.125
279 277 0.125
280 277 0.125
281 277 0.125
207 211 0.142857
208 211 0.142857
210 211 0.142857
212 211 0.142857
213 211 0.142857
214 211 0.142857
215 211 0.142857
209 213 0.125
210 213 0.125
211 213 0.125
212 213 0.125
214 213 0.125
215 213 0.125
216 213 0.125
217 213 0.125
209 292 0.1
271 292 0.1
288 292 0.1
289 292 0.1
290 292 0.1
291 292 0.1
293 292 0.1
294 292 0.1
295 292 0.1
296 292 0.1
210 214 0.125
211 214 0.125
212 214 0.125
213 214 0.125
215 214 0.125
216 214 0.125
217 214 0.125
218 214 0.125
211 215 0.142857
213 215 0.142857
214 215 0.142857
216 215 0.142857
217 215 0.142857
218 215 0.142857
219 215 0.142857
212 216 0.125
213 216 0.125
214 216 0.125
215 216 0.125
217 216 0.125
218 216 0.125
219 216 0.125
220 216 0.125
213 217 0.125
214 217 0.125
215 217 0.125
216 217 0.125
218 217 0.125
219 217 0.125
220 217 0.125
221 217 0.125
215 219 0.125
216 219 0.125
217 219 0.125
218 219 0.125
220 219 0.125
221 219 0.125
222 219 0.125
223 219 0.125
218 222 0.125
219 222 0.125
220 222 0.125
221 222 0.125
223 222 0.125
224 222 0.125
225 222 0.125
226 222 0.125
218 254 0.125
250 254 0.125
251 254 0.125
252 254 0.125
253 254 0.125
256 254 0.125
258 254 0.125
262 254 0.125
219 223 0.142857
220 223 0.142857
222 223 0.142857
224 223 0.142857
225 223 0.142857
226 223 0.142857
227 223 0.142857
220 224 0.125
221 224 0.125
222 224 0.125
223 224 0.125
225 224 0.125
226 224 0.125
227 224 0.125
228 224 0.125
221 225 0.125
222 225 0.125
223 225 0.125
224 225 0.125
226 225 0.125
227 225 0.125
228 225 0.125
229 225 0.125
225 229 0.142857
226 229 0.142857
228 229 0.142857
230 229 0.142857
231 229 0.142857
232 229 0.142857
233 229 0.142857
227 231 0.125
228 231 0.125
229 231 0.125
230 231 0.125
232 231 0.125
233 231 0.125
234 231 0.125
235 231 0.125
229 232 0.142857
230 232 0.142857
231 232 0.142857
233 232 0.142857
234 232 0.142857
235 232 0.142857
236 232 0.142857
233 237 0.125
235 237 0.125
236 237 0.125
238 237 0.125
239 237 0.125
240 237 0.125
325 237 0.125
278 237 0.125
234 238 0.142857
235 238 0.142857
237 238 0.142857
239 238 0.142857
240 238 0.142857
241 238 0.142857
242 238 0.142857
235 239 0.111111
236 239 0.111111
237 239 0.111111
238 239 0.111111
240 239 0.111111
242 239 0.111111
243 239 0.111111
279 239 0.111111
275 239 0.111111
237 325 0.142857
321 325 0.142857
322 325 0.142857
324 325 0.142857
327 325 0.142857
328 325 0.142857
329 325 0.142857
237 278 0.142857
274 278 0.142857
276 278 0.142857
279 278 0.142857
280 278 0.142857
281 278 0.142857
282 278 0.142857
238 241 0.2
242 241 0.2
243 241 0.2
244 241 0.2
245 241 0.2
239 243 0.125
240 243 0.125
241 243 0.125
242 243 0.125
245 243 0.125
246 243 0.125
247 243 0.125
271 243 0.125
239 279 0.125
275 279 0.125
276 279 0.125
277 279 0.125
278 279 0.125
281 279 0.125
283 279 0.125
310 279 0.125
240 244 0.166667
241 244 0.166667
245 244 0.166667
246 244 0.166667
247 244 0.166667
248 244 0.166667
243 271 0.111111
267 271 0.111111
268 271 0.111111
269 271 0.111111
270 271 0.111111
273 271 0.111111
274 271 0.111111
275 271 0.111111
292 271 0.111111
244 248 0.166667
245 248 0.166667
249 248 0.166667
250 248 0.166667
251 248 0.166667
252 248 0.166667
246 250 0.125
247 250 0.125
248 250 0.125
249 250 0.125
251 250 0.125
252 250 0.125
253 250 0.125
254 250 0.125
247 251 0.125
248 251 0.125
249 251 0.125
250 251 0.125
252 251 0.125
253 251 0.125
254 251 0.125
255 251 0.125
247 331 0.125
327 331 0.125
328 331 0.125
329 331 0.125
330 331 0.125
332 331 0.125
334 331 0.125
335 331 0.125
247 326 0.142857
283 326 0.142857
308 326 0.142857
322 326 0.142857
323 326 0.142857
324 326 0.142857
327 326 0.142857
248 252 0.125
249 252 0.125
250 252 0.125
251 252 0.125
253 252 0.125
254 252 0.125
255 252 0.125
256 252 0.125
251 255 0.142857
252 255 0.142857
253 255 0.142857
256 255 0.142857
257 255 0.142857
258 255 0.142857
259 255 0.142857
252 256 0.125
253 256 0.125
254 256 0.125
255 256 0.125
257 256 0.125
259 256 0.125
294 256 0.125
287 256 0.125
256 294 0.142857
291 294 0.142857
292 294 0.142857
295 294 0.142857
296 294 0.142857
297 294 0.142857
298 294 0.142857
257 260 0.142857
258 260 0.142857
259 260 0.142857
261 260 0.142857
262 260 0.142857
263 260 0.142857
264 260 0.142857
257 261 0.111111
258 261 0.111111
259 261 0.111111
260 261 0.111111
262 261 0.111111
263 261 0.111111
264 261 0.111111
265 261 0.111111
290 261 0.111111
259 263 0.125
260 263 0.125
261 263 0.125
262 263 0.125
264 263 0.125
265 263 0.125
266 263 0.125
267 263 0.125
261 265 0.125
262 265 0.125
263 265 0.125
264 265 0.125
266 265 0.125
268 265 0.125
269 265 0.125
290 265 0.125
261 290 0.111111
265 290 0.111111
286 290 0.111111
287 290 0.111111
288 290 0.111111
289 290 0.111111
291 290 0.111111
292 290 0.111111
293 290 0.111111
265 269 0.125
266 269 0.125
267 269 0.125
268 269 0.125
270 269 0.125
271 269 0.125
272 269 0.125
273 269 0.125
266 270 0.142857
269 270 0.142857
271 270 0.142857
272 270 0.142857
273 270 0.142857
274 270 0.142857
336 270 0.142857
270 274 0.125
271 274 0.125
272 274 0.125
273 274 0.125
275 274 0.125
276 274 0.125
277 274 0.125
278 274 0.125
270 336 0.111111
295 336 0.111111
332 336 0.111111
333 336 0.111111
334 336 0.111111
335 336 0.111111
337 336 0.111111
338 336 0.111111
339 336 0.111111
275 313 0.111111
309 313 0.111111
310 313 0.111111
311 313 0.111111
312 313 0.111111
314 313 0.111111
315 313 0.111111
316 313 0.111111
317 313 0.111111
277 281 0.125
278 281 0.125
279 281 0.125
280 281 0.125
282 281 0.125
283 281 0.125
284 281 0.125
285 281 0.125
278 282 0.166667
281 282 0.166667
283 282 0.166667
284 282 0.166667
285 282 0.166667
286 282 0.166667
279 283 0.111111
280 283 0.111111
281 283 0.111111
282 283 0.111111
284 283 0.111111
285 283 0.111111
286 283 0.111111
287 283 0.111111
326 283 0.111111
279 310 0.111111
306 310 0.111111
307 310 0.111111
308 310 0.111111
309 310 0.111111
311 310 0.111111
312 310 0.111111
313 310 0.111111
314 310 0.111111
280 284 0.125
281 284 0.125
282 284 0.125
283 284 0.125
285 284 0.125
286 284 0.125
287 284 0.125
288 284 0.125
282 286 0.125
283 286 0.125
284 286 0.125
285 286 0.125
287 286 0.125
288 286 0.125
289 286 0.125
290 286 0.125
287 291 0.142857
289 291 0.142857
290 291 0.142857
292 291 0.142857
293 291 0.142857
294 291 0.142857
295 291 0.142857
292 296 0.125
293 296 0.125
294 296 0.125
295 296 0.125
297 296 0.125
298 296 0.125
299 296 0.125
300 296 0.125
293 297 0.142857
294 297 0.142857
296 297 0.142857
298 297 0.142857
299 297 0.142857
300 297 0.142857
301 297 0.142857
295 299 0.125
296 299 0.125
297 299 0.125
298 299 0.125
300 299 0.125
301 299 0.125
302 299 0.125
303 299 0.125
296 300 0.125
297 300 0.125
298 300 0.125
299 300 0.125
301 300 0.125
302 300 0.125
304 300 0.125
321 300 0.125
298 302 0.125
299 302 0.125
300 302 0.125
301 302 0.125
303 302 0.125
304 302 0.125
305 302 0.125
306 302 0.125
299 303 0.166667
302 303 0.166667
304 303 0.166667
305 303 0.166667
306 303 0.166667
307 303 0.166667
300 304 0.125
301 304 0.125
302 304 0.125
303 304 0.125
305 304 0.125
306 304 0.125
307 304 0.125
308 304 0.125
300 321 0.111111
317 321 0.111111
318 321 0.111111
319 321 0.111111
320 321 0.111111
322 321 0.111111
323 321 0.111111
324 321 0.111111
325 321 0.111111
302 306 0.125
303 306 0.125
304 306 0.125
305 306 0.125
307 306 0.125
308 306 0.125
309 306 0.125
310 306 0.125
303 307 0.142857
304 307 0.142857
306 307 0.142857
308 307 0.142857
309 307 0.142857
310 307 0.142857
311 307 0.142857
304 308 0.125
306 308 0.125
307 308 0.125
309 308 0.125
310 308 0.125
311 308 0.125
312 308 0.125
326 308 0.125
308 312 0.166667
310 312 0.166667
313 312 0.166667
314 312 0.166667
315 312 0.166667
316 312 0.166667
310 314 0.125
311 314 0.125
312 314 0.125
313 314 0.125
315 314 0.125
316 314 0.125
317 314 0.125
318 314 0.125
312 316 0.142857
313 316 0.142857
314 316 0.142857
317 316 0.142857
318 316 0.142857
319 316 0.142857
320 316 0.142857
314 318 0.125
315 318 0.125
316 318 0.125
317 318 0.125
319 318 0.125
320 318 0.125
321 318 0.125
322 318 0.125
316 320 0.125
317 320 0.125
318 320 0.125
319 320 0.125
321 320 0.125
322 320 0.125
323 320 0.125
324 320 0.125
318 322 0.125
319 322 0.125
320 322 0.125
321 322 0.125
323 322 0.125
324 322 0.125
325 322 0.125
326 322 0.125
320 324 0.125
321 324 0.125
322 324 0.125
323 324 0.125
325 324 0.125
326 324 0.125
327 324 0.125
328 324 0.125
324 328 0.142857
325 328 0.142857
327 328 0.142857
329 328 0.142857
330 328 0.142857
331 328 0.142857
332 328 0.142857
329 333 0.142857
330 333 0.142857
332 333 0.142857
334 333 0.142857
335 333 0.142857
336 333 0.142857
337 333 0.142857
330 334 0.125
331 334 0.125
332 334 0.125
333 334 0.125
335 334 0.125
336 334 0.125
337 334 0.125
338 334 0.125
331 335 0.125
332 335 0.125
333 335 0.125
334 335 0.125
336 335 0.125
337 335 0.125
338 335 0.125
339 335 0.125
1 0 0.166667
2 0 0.166667
338 0 0.166667
3 0 0.166667
337 0 0.166667
289 0 0.166667
