0 20 0.043478
7 20 0.043478
11 20 0.043478
16 20 0.043478
18 20 0.043478
21 20 0.043478
26 20 0.043478
45 20 0.043478
49 20 0.043478
71 20 0.043478
83 20 0.043478
90 20 0.043478
116 20 0.043478
124 20 0.043478
126 20 0.043478
132 20 0.043478
139 20 0.043478
143 20 0.043478
157 20 0.043478
163 20 0.043478
166 20 0.043478
167 20 0.043478
185 20 0.043478
0 35 0.043478
17 35 0.043478
22 35 0.043478
25 35 0.043478
36 35 0.043478
59 35 0.043478
63 35 0.043478
68 35 0.043478
73 35 0.043478
75 35 0.043478
77 35 0.043478
84 35 0.043478
95 35 0.043478
106 35 0.043478
114 35 0.043478
142 35 0.043478
148 35 0.043478
154 35 0.043478
155 35 0.043478
163 35 0.043478
164 35 0.043478
166 35 0.043478
171 35 0.043478
0 41 0.033333
3 41 0.033333
8 41 0.033333
16 41 0.033333
21 41 0.033333
26 41 0.033333
36 41 0.033333
38 41 0.033333
49 41 0.033333
62 41 0.033333
63 41 0.033333
65 41 0.033333
69 41 0.033333
70 41 0.033333
75 41 0.033333
76 41 0.033333
79 41 0.033333
80 41 0.033333
86 41 0.033333
93 41 0.033333
101 41 0.033333
102 41 0.033333
105 41 0.033333
111 41 0.033333
141 41 0.033333
147 41 0.033333
148 41 0.033333
161 41 0.033333
176 41 0.033333
181 41 0.033333
0 60 0.04
8 60 0.04
16 60 0.04
32 60 0.04
37 60 0.04
50 60 0.04
52 60 0.04
57 60 0.04
67 60 0.04
94 60 0.04
95 60 0.04
101 60 0.04
102 60 0.04
107 60 0.04
108 60 0.04
115 60 0.04
127 60 0.04
131 60 0.04
135 60 0.04
146 60 0.04
153 60 0.04
155 60 0.04
157 60 0.04
165 60 0.04
184 60 0.04
0 67 0.038462
17 67 0.038462
22 67 0.038462
24 67 0.038462
25 67 0.038462
26 67 0.038462
47 67 0.038462
50 67 0.038462
54 67 0.038462
60 67 0.038462
63 67 0.038462
66 67 0.038462
69 67 0.038462
80 67 0.038462
93 67 0.038462
101 67 0.038462
105 67 0.038462
110 67 0.038462
117 67 0.038462
135 67 0.038462
136 67 0.038462
150 67 0.038462
153 67 0.038462
155 67 0.038462
158 67 0.038462
166 67 0.038462
0 86 0.035714
3 86 0.035714
24 86 0.035714
26 86 0.035714
33 86 0.035714
34 86 0.035714
41 86 0.035714
46 86 0.035714
48 86 0.035714
54 86 0.035714
66 86 0.035714
69 86 0.035714
77 86 0.035714
83 86 0.035714
96 86 0.035714
99 86 0.035714
108 86 0.035714
116 86 0.035714
147 86 0.035714
151 86 0.035714
152 86 0.035714
153 86 0.035714
157 86 0.035714
162 86 0.035714
172 86 0.035714
177 86 0.035714
179 86 0.035714
186 86 0.035714
0 87 0.032258
1 87 0.032258
2 87 0.032258
3 87 0.032258
14 87 0.032258
15 87 0.032258
21 87 0.032258
22 87 0.032258
24 87 0.032258
29 87 0.032258
32 87 0.032258
39 87 0.032258
47 87 0.032258
65 87 0.032258
68 87 0.032258
69 87 0.032258
75 87 0.032258
85 87 0.032258
93 87 0.032258
95 87 0.032258
97 87 0.032258
107 87 0.032258
117 87 0.032258
119 87 0.032258
133 87 0.032258
139 87 0.032258
140 87 0.032258
156 87 0.032258
171 87 0.032258
172 87 0.032258
185 87 0.032258
0 93 0.034483
6 93 0.034483
9 93 0.034483
18 93 0.034483
21 93 0.034483
26 93 0.034483
32 93 0.034483
33 93 0.034483
37 93 0.034483
41 93 0.034483
43 93 0.034483
44 93 0.034483
45 93 0.034483
53 93 0.034483
62 93 0.034483
66 93 0.034483
67 93 0.034483
68 93 0.034483
70 93 0.034483
82 93 0.034483
87 93 0.034483
105 93 0.034483
116 93 0.034483
124 93 0.034483
127 93 0.034483
131 93 0.034483
162 93 0.034483
165 93 0.034483
180 93 0.034483
0 102 0.041667
12 102 0.041667
27 102 0.041667
30 102 0.041667
32 102 0.041667
37 102 0.041667
41 102 0.041667
48 102 0.041667
54 102 0.041667
60 102 0.041667
62 102 0.041667
63 102 0.041667
65 102 0.041667
70 102 0.041667
79 102 0.041667
97 102 0.041667
99 102 0.041667
104 102 0.041667
116 102 0.041667
122 102 0.041667
132 102 0.041667
144 102 0.041667
165 102 0.041667
176 102 0.041667
0 137 0.04
9 137 0.04
48 137 0.04
50 137 0.04
65 137 0.04
66 137 0.04
68 137 0.04
76 137 0.04
95 137 0.04
98 137 0.04
99 137 0.04
104 137 0.04
106 137 0.04
108 137 0.04
118 137 0.04
124 137 0.04
135 137 0.04
141 137 0.04
144 137 0.04
150 137 0.04
157 137 0.04
162 137 0.04
176 137 0.04
180 137 0.04
186 137 0.04
0 143 0.038462
20 143 0.038462
21 143 0.038462
27 143 0.038462
40 143 0.038462
48 143 0.038462
53 143 0.038462
55 143 0.038462
56 143 0.038462
61 143 0.038462
62 143 0.038462
80 143 0.038462
85 143 0.038462
89 143 0.038462
92 143 0.038462
108 143 0.038462
111 143 0.038462
114 143 0.038462
116 143 0.038462
120 143 0.038462
121 143 0.038462
123 143 0.038462
159 143 0.038462
161 143 0.038462
164 143 0.038462
168 143 0.038462
0 145 0.028571
5 145 0.028571
7 145 0.028571
9 145 0.028571
22 145 0.028571
25 145 0.028571
31 145 0.028571
42 145 0.028571
45 145 0.028571
59 145 0.028571
66 145 0.028571
74 145 0.028571
80 145 0.028571
81 145 0.028571
97 145 0.028571
100 145 0.028571
104 145 0.028571
110 145 0.028571
114 145 0.028571
115 145 0.028571
122 145 0.028571
125 145 0.028571
126 145 0.028571
130 145 0.028571
131 145 0.028571
132 145 0.028571
140 145 0.028571
142 145 0.028571
150 145 0.028571
151 145 0.028571
153 145 0.028571
157 145 0.028571
171 145 0.028571
175 145 0.028571
179 145 0.028571
0 146 0.047619
3 146 0.047619
9 146 0.047619
10 146 0.047619
11 146 0.047619
15 146 0.047619
25 146 0.047619
27 146 0.047619
34 146 0.047619
47 146 0.047619
60 146 0.047619
65 146 0.047619
94 146 0.047619
98 146 0.047619
108 146 0.047619
127 146 0.047619
136 146 0.047619
165 146 0.047619
167 146 0.047619
174 146 0.047619
186 146 0.047619
0 150 0.033333
2 150 0.033333
4 150 0.033333
19 150 0.033333
36 150 0.033333
49 150 0.033333
55 150 0.033333
65 150 0.033333
67 150 0.033333
78 150 0.033333
80 150 0.033333
84 150 0.033333
91 150 0.033333
97 150 0.033333
98 150 0.033333
100 150 0.033333
104 150 0.033333
112 150 0.033333
114 150 0.033333
117 150 0.033333
122 150 0.033333
126 150 0.033333
137 150 0.033333
141 150 0.033333
145 150 0.033333
148 150 0.033333
155 150 0.033333
163 150 0.033333
181 150 0.033333
186 150 0.033333
0 154 0.034483
9 154 0.034483
10 154 0.034483
13 154 0.034483
34 154 0.034483
35 154 0.034483
40 154 0.034483
47 154 0.034483
49 154 0.034483
50 154 0.034483
57 154 0.034483
64 154 0.034483
69 154 0.034483
74 154 0.034483
75 154 0.034483
81 154 0.034483
84 154 0.034483
95 154 0.034483
98 154 0.034483
104 154 0.034483
106 154 0.034483
107 154 0.034483
134 154 0.034483
136 154 0.034483
141 154 0.034483
152 154 0.034483
158 154 0.034483
184 154 0.034483
186 154 0.034483
0 170 0.047619
5 170 0.047619
15 170 0.047619
16 170 0.047619
25 170 0.047619
42 170 0.047619
62 170 0.047619
63 170 0.047619
64 170 0.047619
77 170 0.047619
98 170 0.047619
100 170 0.047619
101 170 0.047619
112 170 0.047619
114 170 0.047619
118 170 0.047619
124 170 0.047619
127 170 0.047619
130 170 0.047619
164 170 0.047619
180 170 0.047619
0 172 0.030303
9 172 0.030303
12 172 0.030303
18 172 0.030303
21 172 0.030303
24 172 0.030303
28 172 0.030303
29 172 0.030303
38 172 0.030303
40 172 0.030303
44 172 0.030303
56 172 0.030303
70 172 0.030303
72 172 0.030303
75 172 0.030303
81 172 0.030303
86 172 0.030303
87 172 0.030303
94 172 0.030303
103 172 0.030303
104 172 0.030303
113 172 0.030303
114 172 0.030303
125 172 0.030303
134 172 0.030303
135 172 0.030303
138 172 0.030303
142 172 0.030303
164 172 0.030303
167 172 0.030303
169 172 0.030303
181 172 0.030303
182 172 0.030303
0 173 0.047619
1 173 0.047619
2 173 0.047619
29 173 0.047619
47 173 0.047619
51 173 0.047619
64 173 0.047619
72 173 0.047619
74 173 0.047619
79 173 0.047619
103 173 0.047619
108 173 0.047619
125 173 0.047619
126 173 0.047619
139 173 0.047619
140 173 0.047619
149 173 0.047619
153 173 0.047619
163 173 0.047619
168 173 0.047619
187 173 0.047619
0 174 0.033333
2 174 0.033333
11 174 0.033333
15 174 0.033333
22 174 0.033333
25 174 0.033333
27 174 0.033333
37 174 0.033333
38 174 0.033333
43 174 0.033333
48 174 0.033333
52 174 0.033333
59 174 0.033333
65 174 0.033333
95 174 0.033333
107 174 0.033333
109 174 0.033333
122 174 0.033333
124 174 0.033333
130 174 0.033333
138 174 0.033333
139 174 0.033333
140 174 0.033333
146 174 0.033333
149 174 0.033333
157 174 0.033333
163 174 0.033333
164 174 0.033333
181 174 0.033333
187 174 0.033333
0 181 0.027027
6 181 0.027027
7 181 0.027027
10 181 0.027027
24 181 0.027027
28 181 0.027027
32 181 0.027027
37 181 0.027027
38 181 0.027027
41 181 0.027027
44 181 0.027027
51 181 0.027027
52 181 0.027027
53 181 0.027027
65 181 0.027027
83 181 0.027027
95 181 0.027027
100 181 0.027027
105 181 0.027027
106 181 0.027027
124 181 0.027027
132 181 0.027027
135 181 0.027027
136 181 0.027027
142 181 0.027027
147 181 0.027027
148 181 0.027027
150 181 0.027027
153 181 0.027027
156 181 0.027027
163 181 0.027027
167 181 0.027027
168 181 0.027027
169 181 0.027027
172 181 0.027027
174 181 0.027027
180 181 0.027027
0 183 0.052632
8 183 0.052632
14 183 0.052632
17 183 0.052632
28 183 0.052632
32 183 0.052632
44 183 0.052632
45 183 0.052632
47 183 0.052632
50 183 0.052632
75 183 0.052632
100 183 0.052632
105 183 0.052632
118 183 0.052632
120 183 0.052632
121 183 0.052632
159 183 0.052632
166 183 0.052632
179 183 0.052632
0 185 0.034483
7 185 0.034483
8 185 0.034483
20 185 0.034483
22 185 0.034483
23 185 0.034483
24 185 0.034483
31 185 0.034483
32 185 0.034483
58 185 0.034483
63 185 0.034483
66 185 0.034483
87 185 0.034483
88 185 0.034483
94 185 0.034483
96 185 0.034483
97 185 0.034483
99 185 0.034483
119 185 0.034483
122 185 0.034483
135 185 0.034483
138 185 0.034483
148 185 0.034483
153 185 0.034483
155 185 0.034483
162 185 0.034483
168 185 0.034483
182 185 0.034483
184 185 0.034483
1 4 0.034483
3 4 0.034483
5 4 0.034483
13 4 0.034483
17 4 0.034483
22 4 0.034483
25 4 0.034483
27 4 0.034483
32 4 0.034483
33 4 0.034483
34 4 0.034483
38 4 0.034483
68 4 0.034483
69 4 0.034483
80 4 0.034483
85 4 0.034483
88 4 0.034483
92 4 0.034483
108 4 0.034483
131 4 0.034483
138 4 0.034483
139 4 0.034483
144 4 0.034483
150 4 0.034483
164 4 0.034483
175 4 0.034483
178 4 0.034483
184 4 0.034483
186 4 0.034483
1 6 0.034483
21 6 0.034483
26 6 0.034483
29 6 0.034483
31 6 0.034483
46 6 0.034483
53 6 0.034483
55 6 0.034483
64 6 0.034483
65 6 0.034483
68 6 0.034483
79 6 0.034483
84 6 0.034483
93 6 0.034483
95 6 0.034483
96 6 0.034483
97 6 0.034483
116 6 0.034483
117 6 0.034483
122 6 0.034483
124 6 0.034483
126 6 0.034483
134 6 0.034483
139 6 0.034483
144 6 0.034483
151 6 0.034483
153 6 0.034483
179 6 0.034483
181 6 0.034483
1 7 0.03125
2 7 0.03125
10 7 0.03125
14 7 0.03125
18 7 0.03125
20 7 0.03125
21 7 0.03125
26 7 0.03125
34 7 0.03125
40 7 0.03125
46 7 0.03125
47 7 0.03125
51 7 0.03125
74 7 0.03125
90 7 0.03125
94 7 0.03125
99 7 0.03125
100 7 0.03125
103 7 0.03125
117 7 0.03125
123 7 0.03125
127 7 0.03125
134 7 0.03125
145 7 0.03125
148 7 0.03125
156 7 0.03125
160 7 0.03125
163 7 0.03125
177 7 0.03125
178 7 0.03125
181 7 0.03125
185 7 0.03125
1 18 0.029412
3 18 0.029412
7 18 0.029412
13 18 0.029412
14 18 0.029412
16 18 0.029412
17 18 0.029412
20 18 0.029412
22 18 0.029412
25 18 0.029412
47 18 0.029412
52 18 0.029412
53 18 0.029412
57 18 0.029412
76 18 0.029412
84 18 0.029412
89 18 0.029412
93 18 0.029412
101 18 0.029412
107 18 0.029412
113 18 0.029412
115 18 0.029412
119 18 0.029412
124 18 0.029412
139 18 0.029412
147 18 0.029412
148 18 0.029412
158 18 0.029412
171 18 0.029412
172 18 0.029412
177 18 0.029412
179 18 0.029412
186 18 0.029412
187 18 0.029412
1 23 0.04
10 23 0.04
19 23 0.04
26 23 0.04
27 23 0.04
29 23 0.04
40 23 0.04
50 23 0.04
56 23 0.04
68 23 0.04
77 23 0.04
109 23 0.04
112 23 0.04
126 23 0.04
130 23 0.04
132 23 0.04
135 23 0.04
139 23 0.04
142 23 0.04
148 23 0.04
151 23 0.04
158 23 0.04
169 23 0.04
180 23 0.04
185 23 0.04
1 31 0.037037
6 31 0.037037
27 31 0.037037
36 31 0.037037
38 31 0.037037
42 31 0.037037
75 31 0.037037
77 31 0.037037
88 31 0.037037
96 31 0.037037
97 31 0.037037
101 31 0.037037
103 31 0.037037
105 31 0.037037
110 31 0.037037
124 31 0.037037
130 31 0.037037
131 31 0.037037
132 31 0.037037
145 31 0.037037
155 31 0.037037
159 31 0.037037
171 31 0.037037
177 31 0.037037
180 31 0.037037
185 31 0.037037
187 31 0.037037
1 38 0.026316
4 38 0.026316
14 38 0.026316
17 38 0.026316
31 38 0.026316
32 38 0.026316
33 38 0.026316
40 38 0.026316
41 38 0.026316
44 38 0.026316
45 38 0.026316
53 38 0.026316
57 38 0.026316
58 38 0.026316
72 38 0.026316
79 38 0.026316
82 38 0.026316
85 38 0.026316
91 38 0.026316
92 38 0.026316
112 38 0.026316
115 38 0.026316
117 38 0.026316
125 38 0.026316
127 38 0.026316
133 38 0.026316
144 38 0.026316
157 38 0.026316
159 38 0.026316
160 38 0.026316
163 38 0.026316
164 38 0.026316
171 38 0.026316
172 38 0.026316
174 38 0.026316
176 38 0.026316
180 38 0.026316
181 38 0.026316
1 40 0.033333
7 40 0.033333
14 40 0.033333
23 40 0.033333
30 40 0.033333
33 40 0.033333
34 40 0.033333
38 40 0.033333
39 40 0.033333
43 40 0.033333
56 40 0.033333
57 40 0.033333
63 40 0.033333
65 40 0.033333
66 40 0.033333
70 40 0.033333
83 40 0.033333
84 40 0.033333
96 40 0.033333
98 40 0.033333
101 40 0.033333
107 40 0.033333
120 40 0.033333
123 40 0.033333
125 40 0.033333
143 40 0.033333
154 40 0.033333
167 40 0.033333
168 40 0.033333
172 40 0.033333
1 52 0.030303
10 52 0.030303
11 52 0.030303
14 52 0.030303
15 52 0.030303
18 52 0.030303
22 52 0.030303
30 52 0.030303
44 52 0.030303
53 52 0.030303
56 52 0.030303
57 52 0.030303
60 52 0.030303
66 52 0.030303
68 52 0.030303
71 52 0.030303
74 52 0.030303
77 52 0.030303
78 52 0.030303
80 52 0.030303
100 52 0.030303
111 52 0.030303
119 52 0.030303
121 52 0.030303
129 52 0.030303
136 52 0.030303
141 52 0.030303
149 52 0.030303
158 52 0.030303
162 52 0.030303
174 52 0.030303
177 52 0.030303
181 52 0.030303
1 58 0.041667
17 58 0.041667
21 58 0.041667
29 58 0.041667
37 58 0.041667
38 58 0.041667
49 58 0.041667
64 58 0.041667
71 58 0.041667
84 58 0.041667
91 58 0.041667
92 58 0.041667
97 58 0.041667
100 58 0.041667
109 58 0.041667
123 58 0.041667
126 58 0.041667
147 58 0.041667
148 58 0.041667
152 58 0.041667
156 58 0.041667
159 58 0.041667
184 58 0.041667
185 58 0.041667
1 72 0.043478
19 72 0.043478
29 72 0.043478
37 72 0.043478
38 72 0.043478
49 72 0.043478
51 72 0.043478
62 72 0.043478
69 72 0.043478
70 72 0.043478
113 72 0.043478
131 72 0.043478
138 72 0.043478
139 72 0.043478
144 72 0.043478
153 72 0.043478
155 72 0.043478
163 72 0.043478
168 72 0.043478
172 72 0.043478
173 72 0.043478
179 72 0.043478
182 72 0.043478
1 76 0.037037
18 76 0.037037
19 76 0.037037
21 76 0.037037
27 76 0.037037
29 76 0.037037
41 76 0.037037
46 76 0.037037
54 76 0.037037
55 76 0.037037
64 76 0.037037
79 76 0.037037
95 76 0.037037
100 76 0.037037
103 76 0.037037
105 76 0.037037
106 76 0.037037
109 76 0.037037
115 76 0.037037
126 76 0.037037
132 76 0.037037
134 76 0.037037
137 76 0.037037
151 76 0.037037
155 76 0.037037
166 76 0.037037
169 76 0.037037
1 84 0.034483
6 84 0.034483
10 84 0.034483
12 84 0.034483
18 84 0.034483
35 84 0.034483
36 84 0.034483
40 84 0.034483
44 84 0.034483
58 84 0.034483
61 84 0.034483
62 84 0.034483
89 84 0.034483
95 84 0.034483
99 84 0.034483
105 84 0.034483
109 84 0.034483
114 84 0.034483
120 84 0.034483
134 84 0.034483
138 84 0.034483
140 84 0.034483
150 84 0.034483
151 84 0.034483
153 84 0.034483
154 84 0.034483
158 84 0.034483
176 84 0.034483
180 84 0.034483
1 88 0.034483
3 88 0.034483
4 88 0.034483
5 88 0.034483
25 88 0.034483
31 88 0.034483
39 88 0.034483
46 88 0.034483
47 88 0.034483
54 88 0.034483
55 88 0.034483
64 88 0.034483
65 88 0.034483
70 88 0.034483
83 88 0.034483
91 88 0.034483
96 88 0.034483
107 88 0.034483
108 88 0.034483
118 88 0.034483
121 88 0.034483
122 88 0.034483
132 88 0.034483
153 88 0.034483
157 88 0.034483
159 88 0.034483
169 88 0.034483
178 88 0.034483
185 88 0.034483
1 97 0.025
3 97 0.025
6 97 0.025
12 97 0.025
16 97 0.025
25 97 0.025
31 97 0.025
34 97 0.025
53 97 0.025
54 97 0.025
58 97 0.025
59 97 0.025
68 97 0.025
71 97 0.025
80 97 0.025
87 97 0.025
89 97 0.025
92 97 0.025
95 97 0.025
99 97 0.025
101 97 0.025
102 97 0.025
106 97 0.025
111 97 0.025
114 97 0.025
117 97 0.025
133 97 0.025
134 97 0.025
135 97 0.025
140 97 0.025
145 97 0.025
148 97 0.025
150 97 0.025
151 97 0.025
155 97 0.025
157 97 0.025
169 97 0.025
182 97 0.025
184 97 0.025
185 97 0.025
1 106 0.027027
2 106 0.027027
3 106 0.027027
9 106 0.027027
15 106 0.027027
21 106 0.027027
32 106 0.027027
34 106 0.027027
35 106 0.027027
36 106 0.027027
39 106 0.027027
42 106 0.027027
54 106 0.027027
66 106 0.027027
76 106 0.027027
77 106 0.027027
79 106 0.027027
92 106 0.027027
94 106 0.027027
97 106 0.027027
98 106 0.027027
100 106 0.027027
103 106 0.027027
126 106 0.027027
129 106 0.027027
137 106 0.027027
141 106 0.027027
147 106 0.027027
151 106 0.027027
154 106 0.027027
155 106 0.027027
164 106 0.027027
167 106 0.027027
168 106 0.027027
171 106 0.027027
181 106 0.027027
184 106 0.027027
1 107 0.038462
14 107 0.038462
18 107 0.038462
26 107 0.038462
40 107 0.038462
43 107 0.038462
54 107 0.038462
60 107 0.038462
68 107 0.038462
87 107 0.038462
88 107 0.038462
108 107 0.038462
116 107 0.038462
119 107 0.038462
120 107 0.038462
125 107 0.038462
133 107 0.038462
135 107 0.038462
154 107 0.038462
156 107 0.038462
160 107 0.038462
166 107 0.038462
174 107 0.038462
182 107 0.038462
184 107 0.038462
187 107 0.038462
1 109 0.041667
2 109 0.041667
23 109 0.041667
24 109 0.041667
51 109 0.041667
53 109 0.041667
58 109 0.041667
61 109 0.041667
63 109 0.041667
73 109 0.041667
75 109 0.041667
76 109 0.041667
84 109 0.041667
85 109 0.041667
103 109 0.041667
116 109 0.041667
121 109 0.041667
123 109 0.041667
132 109 0.041667
140 109 0.041667
149 109 0.041667
160 109 0.041667
168 109 0.041667
174 109 0.041667
1 110 0.043478
2 110 0.043478
3 110 0.043478
5 110 0.043478
29 110 0.043478
31 110 0.043478
47 110 0.043478
54 110 0.043478
56 110 0.043478
67 110 0.043478
70 110 0.043478
74 110 0.043478
80 110 0.043478
85 110 0.043478
105 110 0.043478
113 110 0.043478
115 110 0.043478
122 110 0.043478
127 110 0.043478
135 110 0.043478
145 110 0.043478
147 110 0.043478
180 110 0.043478
1 115 0.03125
8 115 0.03125
16 115 0.03125
18 115 0.03125
27 115 0.03125
34 115 0.03125
38 115 0.03125
39 115 0.03125
48 115 0.03125
60 115 0.03125
74 115 0.03125
75 115 0.03125
76 115 0.03125
85 115 0.03125
91 115 0.03125
94 115 0.03125
95 115 0.03125
110 115 0.03125
116 115 0.03125
127 115 0.03125
129 115 0.03125
131 115 0.03125
132 115 0.03125
144 115 0.03125
145 115 0.03125
159 115 0.03125
160 115 0.03125
165 115 0.03125
166 115 0.03125
168 115 0.03125
179 115 0.03125
180 115 0.03125
1 136 0.028571
10 136 0.028571
11 136 0.028571
15 136 0.028571
34 136 0.028571
44 136 0.028571
46 136 0.028571
50 136 0.028571
52 136 0.028571
55 136 0.028571
59 136 0.028571
61 136 0.028571
63 136 0.028571
65 136 0.028571
67 136 0.028571
70 136 0.028571
75 136 0.028571
77 136 0.028571
81 136 0.028571
83 136 0.028571
100 136 0.028571
112 136 0.028571
125 136 0.028571
131 136 0.028571
132 136 0.028571
134 136 0.028571
144 136 0.028571
146 136 0.028571
149 136 0.028571
154 136 0.028571
158 136 0.028571
162 136 0.028571
169 136 0.028571
177 136 0.028571
181 136 0.028571
1 139 0.04
3 139 0.04
4 139 0.04
5 139 0.04
6 139 0.04
18 139 0.04
19 139 0.04
20 139 0.04
23 139 0.04
26 139 0.04
30 139 0.04
72 139 0.04
78 139 0.04
87 139 0.04
94 139 0.04
119 139 0.04
120 139 0.04
123 139 0.04
131 139 0.04
156 139 0.04
159 139 0.04
173 139 0.04
174 139 0.04
178 139 0.04
186 139 0.04
1 140 0.041667
53 140 0.041667
62 140 0.041667
70 140 0.041667
75 140 0.041667
81 140 0.041667
84 140 0.041667
87 140 0.041667
94 140 0.041667
97 140 0.041667
105 140 0.041667
109 140 0.041667
124 140 0.041667
132 140 0.041667
134 140 0.041667
144 140 0.041667
145 140 0.041667
149 140 0.041667
164 140 0.041667
168 140 0.041667
173 140 0.041667
174 140 0.041667
176 140 0.041667
182 140 0.041667
1 153 0.032258
5 153 0.032258
6 153 0.032258
11 153 0.032258
12 153 0.032258
37 153 0.032258
50 153 0.032258
51 153 0.032258
56 153 0.032258
59 153 0.032258
60 153 0.032258
67 153 0.032258
72 153 0.032258
74 153 0.032258
79 153 0.032258
83 153 0.032258
84 153 0.032258
86 153 0.032258
88 153 0.032258
89 153 0.032258
90 153 0.032258
92 153 0.032258
105 153 0.032258
145 153 0.032258
163 153 0.032258
165 153 0.032258
173 153 0.032258
180 153 0.032258
181 153 0.032258
185 153 0.032258
186 153 0.032258
1 161 0.041667
16 161 0.041667
29 161 0.041667
41 161 0.041667
42 161 0.041667
45 161 0.041667
47 161 0.041667
55 161 0.041667
63 161 0.041667
82 161 0.041667
89 161 0.041667
96 161 0.041667
98 161 0.041667
103 161 0.041667
108 161 0.041667
119 161 0.041667
123 161 0.041667
135 161 0.041667
141 161 0.041667
143 161 0.041667
152 161 0.041667
157 161 0.041667
159 161 0.041667
177 161 0.041667
1 164 0.034483
4 164 0.034483
9 164 0.034483
17 164 0.034483
32 164 0.034483
35 164 0.034483
38 164 0.034483
48 164 0.034483
49 164 0.034483
57 164 0.034483
63 164 0.034483
71 164 0.034483
74 164 0.034483
103 164 0.034483
105 164 0.034483
106 164 0.034483
113 164 0.034483
117 164 0.034483
125 164 0.034483
130 164 0.034483
135 164 0.034483
140 164 0.034483
143 164 0.034483
160 164 0.034483
170 164 0.034483
172 164 0.034483
174 164 0.034483
182 164 0.034483
184 164 0.034483
1 166 0.032258
2 166 0.032258
9 166 0.032258
10 166 0.032258
15 166 0.032258
20 166 0.032258
21 166 0.032258
27 166 0.032258
28 166 0.032258
35 166 0.032258
42 166 0.032258
50 166 0.032258
54 166 0.032258
63 166 0.032258
67 166 0.032258
71 166 0.032258
76 166 0.032258
77 166 0.032258
78 166 0.032258
81 166 0.032258
82 166 0.032258
83 166 0.032258
99 166 0.032258
100 166 0.032258
107 166 0.032258
115 166 0.032258
126 166 0.032258
138 166 0.032258
157 166 0.032258
171 166 0.032258
183 166 0.032258
1 177 0.04
7 177 0.04
18 177 0.04
25 177 0.04
31 177 0.04
37 177 0.04
52 177 0.04
57 177 0.04
62 177 0.04
64 177 0.04
70 177 0.04
86 177 0.04
104 177 0.04
111 177 0.04
112 177 0.04
119 177 0.04
120 177 0.04
122 177 0.04
127 177 0.04
133 177 0.04
136 177 0.04
141 177 0.04
147 177 0.04
161 177 0.04
184 177 0.04
1 180 0.025
2 180 0.025
5 180 0.025
8 180 0.025
23 180 0.025
30 180 0.025
31 180 0.025
38 180 0.025
45 180 0.025
46 180 0.025
54 180 0.025
59 180 0.025
61 180 0.025
65 180 0.025
81 180 0.025
84 180 0.025
90 180 0.025
92 180 0.025
93 180 0.025
99 180 0.025
101 180 0.025
110 180 0.025
113 180 0.025
115 180 0.025
116 180 0.025
118 180 0.025
130 180 0.025
133 180 0.025
137 180 0.025
141 180 0.025
144 180 0.025
153 180 0.025
157 180 0.025
165 180 0.025
167 180 0.025
169 180 0.025
170 180 0.025
175 180 0.025
181 180 0.025
186 180 0.025
1 182 0.038462
2 182 0.038462
22 182 0.038462
25 182 0.038462
30 182 0.038462
46 182 0.038462
48 182 0.038462
53 182 0.038462
54 182 0.038462
55 182 0.038462
56 182 0.038462
59 182 0.038462
72 182 0.038462
78 182 0.038462
82 182 0.038462
97 182 0.038462
107 182 0.038462
130 182 0.038462
140 182 0.038462
155 182 0.038462
156 182 0.038462
159 182 0.038462
160 182 0.038462
164 182 0.038462
172 182 0.038462
185 182 0.038462
2 11 0.037037
9 11 0.037037
13 11 0.037037
20 11 0.037037
21 11 0.037037
26 11 0.037037
30 11 0.037037
42 11 0.037037
46 11 0.037037
52 11 0.037037
53 11 0.037037
64 11 0.037037
73 11 0.037037
80 11 0.037037
92 11 0.037037
95 11 0.037037
111 11 0.037037
118 11 0.037037
136 11 0.037037
142 11 0.037037
146 11 0.037037
153 11 0.037037
159 11 0.037037
174 11 0.037037
179 11 0.037037
184 11 0.037037
187 11 0.037037
2 19 0.047619
9 19 0.047619
12 19 0.047619
23 19 0.047619
24 19 0.047619
30 19 0.047619
42 19 0.047619
64 19 0.047619
72 19 0.047619
76 19 0.047619
94 19 0.047619
95 19 0.047619
96 19 0.047619
114 19 0.047619
128 19 0.047619
139 19 0.047619
141 19 0.047619
144 19 0.047619
150 19 0.047619
152 19 0.047619
179 19 0.047619
2 27 0.034483
4 27 0.034483
15 27 0.034483
23 27 0.034483
25 27 0.034483
30 27 0.034483
31 27 0.034483
47 27 0.034483
53 27 0.034483
55 27 0.034483
56 27 0.034483
64 27 0.034483
71 27 0.034483
76 27 0.034483
83 27 0.034483
95 27 0.034483
101 27 0.034483
102 27 0.034483
115 27 0.034483
121 27 0.034483
134 27 0.034483
143 27 0.034483
146 27 0.034483
147 27 0.034483
157 27 0.034483
160 27 0.034483
166 27 0.034483
174 27 0.034483
176 27 0.034483
2 39 0.045455
25 39 0.045455
34 39 0.045455
40 39 0.045455
51 39 0.045455
55 39 0.045455
57 39 0.045455
82 39 0.045455
85 39 0.045455
87 39 0.045455
88 39 0.045455
89 39 0.045455
95 39 0.045455
106 39 0.045455
111 39 0.045455
115 39 0.045455
116 39 0.045455
117 39 0.045455
131 39 0.045455
160 39 0.045455
163 39 0.045455
175 39 0.045455
2 44 0.04
38 44 0.04
47 44 0.04
49 44 0.04
52 44 0.04
55 44 0.04
84 44 0.04
93 44 0.04
95 44 0.04
100 44 0.04
103 44 0.04
118 44 0.04
120 44 0.04
128 44 0.04
136 44 0.04
148 44 0.04
155 44 0.04
162 44 0.04
169 44 0.04
172 44 0.04
175 44 0.04
178 44 0.04
179 44 0.04
181 44 0.04
183 44 0.04
2 61 0.030303
26 61 0.030303
28 61 0.030303
29 61 0.030303
30 61 0.030303
32 61 0.030303
33 61 0.030303
43 61 0.030303
47 61 0.030303
48 61 0.030303
57 61 0.030303
64 61 0.030303
66 61 0.030303
68 61 0.030303
77 61 0.030303
81 61 0.030303
84 61 0.030303
98 61 0.030303
108 61 0.030303
109 61 0.030303
116 61 0.030303
121 61 0.030303
122 61 0.030303
125 61 0.030303
135 61 0.030303
136 61 0.030303
143 61 0.030303
157 61 0.030303
159 61 0.030303
171 61 0.030303
175 61 0.030303
176 61 0.030303
180 61 0.030303
2 119 0.04
18 119 0.04
28 119 0.04
34 119 0.04
47 119 0.04
52 119 0.04
63 119 0.04
68 119 0.04
70 119 0.04
77 119 0.04
87 119 0.04
90 119 0.04
103 119 0.04
105 119 0.04
107 119 0.04
108 119 0.04
133 119 0.04
135 119 0.04
139 119 0.04
141 119 0.04
156 119 0.04
157 119 0.04
161 119 0.04
177 119 0.04
185 119 0.04
2 135 0.027027
23 135 0.027027
24 135 0.027027
25 135 0.027027
26 135 0.027027
32 135 0.027027
37 135 0.027027
42 135 0.027027
45 135 0.027027
48 135 0.027027
59 135 0.027027
60 135 0.027027
61 135 0.027027
67 135 0.027027
78 135 0.027027
79 135 0.027027
80 135 0.027027
83 135 0.027027
97 135 0.027027
107 135 0.027027
110 135 0.027027
119 135 0.027027
120 135 0.027027
122 135 0.027027
127 135 0.027027
128 135 0.027027
129 135 0.027027
131 135 0.027027
132 135 0.027027
137 135 0.027027
141 135 0.027027
161 135 0.027027
164 135 0.027027
165 135 0.027027
172 135 0.027027
181 135 0.027027
185 135 0.027027
2 152 0.066667
9 152 0.066667
19 152 0.066667
30 152 0.066667
55 152 0.066667
58 152 0.066667
70 152 0.066667
75 152 0.066667
86 152 0.066667
98 152 0.066667
118 152 0.066667
130 152 0.066667
141 152 0.066667
154 152 0.066667
161 152 0.066667
2 162 0.038462
13 162 0.038462
30 162 0.038462
33 162 0.038462
36 162 0.038462
44 162 0.038462
46 162 0.038462
52 162 0.038462
56 162 0.038462
64 162 0.038462
65 162 0.038462
71 162 0.038462
82 162 0.038462
86 162 0.038462
90 162 0.038462
91 162 0.038462
93 162 0.038462
99 162 0.038462
125 162 0.038462
136 162 0.038462
137 162 0.038462
142 162 0.038462
156 162 0.038462
167 162 0.038462
178 162 0.038462
185 162 0.038462
2 167 0.032258
5 167 0.032258
10 167 0.032258
13 167 0.032258
20 167 0.032258
25 167 0.032258
34 167 0.032258
40 167 0.032258
45 167 0.032258
49 167 0.032258
64 167 0.032258
68 167 0.032258
85 167 0.032258
90 167 0.032258
95 167 0.032258
103 167 0.032258
105 167 0.032258
106 167 0.032258
113 167 0.032258
114 167 0.032258
124 167 0.032258
138 167 0.032258
142 167 0.032258
146 167 0.032258
157 167 0.032258
160 167 0.032258
162 167 0.032258
172 167 0.032258
180 167 0.032258
181 167 0.032258
184 167 0.032258
3 13 0.043478
4 13 0.043478
9 13 0.043478
11 13 0.043478
18 13 0.043478
25 13 0.043478
42 13 0.043478
50 13 0.043478
62 13 0.043478
63 13 0.043478
65 13 0.043478
79 13 0.043478
83 13 0.043478
85 13 0.043478
108 13 0.043478
114 13 0.043478
116 13 0.043478
120 13 0.043478
122 13 0.043478
131 13 0.043478
154 13 0.043478
162 13 0.043478
167 13 0.043478
3 21 0.034483
5 21 0.034483
6 21 0.034483
7 21 0.034483
9 21 0.034483
10 21 0.034483
11 21 0.034483
20 21 0.034483
41 21 0.034483
58 21 0.034483
71 21 0.034483
73 21 0.034483
76 21 0.034483
82 21 0.034483
87 21 0.034483
92 21 0.034483
93 21 0.034483
100 21 0.034483
105 21 0.034483
106 21 0.034483
122 21 0.034483
128 21 0.034483
130 21 0.034483
143 21 0.034483
148 21 0.034483
165 21 0.034483
166 21 0.034483
172 21 0.034483
179 21 0.034483
3 26 0.041667
6 26 0.041667
7 26 0.041667
11 26 0.041667
20 26 0.041667
23 26 0.041667
25 26 0.041667
41 26 0.041667
46 26 0.041667
51 26 0.041667
61 26 0.041667
63 26 0.041667
67 26 0.041667
86 26 0.041667
93 26 0.041667
99 26 0.041667
107 26 0.041667
117 26 0.041667
128 26 0.041667
131 26 0.041667
134 26 0.041667
135 26 0.041667
139 26 0.041667
149 26 0.041667
3 29 0.038462
6 29 0.038462
10 29 0.038462
16 29 0.038462
23 29 0.038462
46 29 0.038462
58 29 0.038462
61 29 0.038462
63 29 0.038462
72 29 0.038462
74 29 0.038462
76 29 0.038462
79 29 0.038462
85 29 0.038462
87 29 0.038462
100 29 0.038462
103 29 0.038462
110 29 0.038462
128 29 0.038462
155 29 0.038462
160 29 0.038462
161 29 0.038462
172 29 0.038462
173 29 0.038462
175 29 0.038462
186 29 0.038462
3 33 0.04
4 33 0.04
24 33 0.04
32 33 0.04
37 33 0.04
38 33 0.04
40 33 0.04
47 33 0.04
50 33 0.04
61 33 0.04
75 33 0.04
79 33 0.04
86 33 0.04
93 33 0.04
111 33 0.04
116 33 0.04
118 33 0.04
130 33 0.04
133 33 0.04
151 33 0.04
158 33 0.04
162 33 0.04
163 33 0.04
165 33 0.04
171 33 0.04
3 42 0.034483
5 42 0.034483
11 42 0.034483
12 42 0.034483
13 42 0.034483
19 42 0.034483
24 42 0.034483
28 42 0.034483
31 42 0.034483
71 42 0.034483
75 42 0.034483
77 42 0.034483
79 42 0.034483
80 42 0.034483
95 42 0.034483
106 42 0.034483
112 42 0.034483
117 42 0.034483
120 42 0.034483
135 42 0.034483
145 42 0.034483
151 42 0.034483
161 42 0.034483
163 42 0.034483
166 42 0.034483
170 42 0.034483
171 42 0.034483
178 42 0.034483
179 42 0.034483
3 45 0.043478
20 45 0.043478
28 45 0.043478
38 45 0.043478
46 45 0.043478
51 45 0.043478
63 45 0.043478
66 45 0.043478
89 45 0.043478
93 45 0.043478
95 45 0.043478
103 45 0.043478
108 45 0.043478
112 45 0.043478
135 45 0.043478
144 45 0.043478
145 45 0.043478
155 45 0.043478
158 45 0.043478
161 45 0.043478
167 45 0.043478
180 45 0.043478
183 45 0.043478
3 46 0.032258
6 46 0.032258
7 46 0.032258
11 46 0.032258
26 46 0.032258
29 46 0.032258
36 46 0.032258
45 46 0.032258
50 46 0.032258
54 46 0.032258
63 46 0.032258
66 46 0.032258
76 46 0.032258
77 46 0.032258
79 46 0.032258
82 46 0.032258
85 46 0.032258
86 46 0.032258
88 46 0.032258
92 46 0.032258
96 46 0.032258
113 46 0.032258
124 46 0.032258
126 46 0.032258
136 46 0.032258
162 46 0.032258
168 46 0.032258
175 46 0.032258
180 46 0.032258
182 46 0.032258
187 46 0.032258
3 47 0.028571
7 47 0.028571
12 47 0.028571
18 47 0.028571
27 47 0.028571
28 47 0.028571
33 47 0.028571
36 47 0.028571
44 47 0.028571
54 47 0.028571
61 47 0.028571
62 47 0.028571
67 47 0.028571
77 47 0.028571
83 47 0.028571
87 47 0.028571
88 47 0.028571
98 47 0.028571
110 47 0.028571
111 47 0.028571
116 47 0.028571
119 47 0.028571
120 47 0.028571
123 47 0.028571
129 47 0.028571
131 47 0.028571
133 47 0.028571
146 47 0.028571
148 47 0.028571
154 47 0.028571
158 47 0.028571
161 47 0.028571
173 47 0.028571
183 47 0.028571
187 47 0.028571
3 101 0.04
18 101 0.04
27 101 0.04
31 101 0.04
36 101 0.04
40 101 0.04
41 101 0.04
59 101 0.04
60 101 0.04
62 101 0.04
65 101 0.04
67 101 0.04
69 101 0.04
94 101 0.04
97 101 0.04
98 101 0.04
112 101 0.04
118 101 0.04
125 101 0.04
141 101 0.04
160 101 0.04
170 101 0.04
176 101 0.04
180 101 0.04
186 101 0.04
3 104 0.038462
9 104 0.038462
22 104 0.038462
32 104 0.038462
36 104 0.038462
48 104 0.038462
53 104 0.038462
70 104 0.038462
89 104 0.038462
91 104 0.038462
102 104 0.038462
116 104 0.038462
117 104 0.038462
118 104 0.038462
120 104 0.038462
123 104 0.038462
126 104 0.038462
137 104 0.038462
145 104 0.038462
148 104 0.038462
150 104 0.038462
154 104 0.038462
158 104 0.038462
160 104 0.038462
172 104 0.038462
177 104 0.038462
3 112 0.035714
17 112 0.035714
22 112 0.035714
23 112 0.035714
24 112 0.035714
30 112 0.035714
32 112 0.035714
38 112 0.035714
42 112 0.035714
45 112 0.035714
55 112 0.035714
65 112 0.035714
70 112 0.035714
82 112 0.035714
85 112 0.035714
101 112 0.035714
111 112 0.035714
117 112 0.035714
121 112 0.035714
128 112 0.035714
130 112 0.035714
133 112 0.035714
136 112 0.035714
150 112 0.035714
170 112 0.035714
171 112 0.035714
177 112 0.035714
179 112 0.035714
3 113 0.047619
12 113 0.047619
18 113 0.047619
46 113 0.047619
70 113 0.047619
72 113 0.047619
82 113 0.047619
91 113 0.047619
99 113 0.047619
110 113 0.047619
114 113 0.047619
116 113 0.047619
125 113 0.047619
126 113 0.047619
164 113 0.047619
167 113 0.047619
168 113 0.047619
172 113 0.047619
178 113 0.047619
180 113 0.047619
187 113 0.047619
3 116 0.030303
6 116 0.030303
9 116 0.030303
13 116 0.030303
14 116 0.030303
16 116 0.030303
17 116 0.030303
20 116 0.030303
30 116 0.030303
33 116 0.030303
39 116 0.030303
47 116 0.030303
48 116 0.030303
59 116 0.030303
61 116 0.030303
64 116 0.030303
77 116 0.030303
86 116 0.030303
93 116 0.030303
102 116 0.030303
103 116 0.030303
104 116 0.030303
105 116 0.030303
107 116 0.030303
109 116 0.030303
113 116 0.030303
114 116 0.030303
115 116 0.030303
120 116 0.030303
143 116 0.030303
155 116 0.030303
180 116 0.030303
187 116 0.030303
3 117 0.035714
6 117 0.035714
7 117 0.035714
16 117 0.035714
26 117 0.035714
28 117 0.035714
38 117 0.035714
39 117 0.035714
42 117 0.035714
48 117 0.035714
54 117 0.035714
55 117 0.035714
67 117 0.035714
68 117 0.035714
69 117 0.035714
77 117 0.035714
80 117 0.035714
87 117 0.035714
97 117 0.035714
104 117 0.035714
112 117 0.035714
133 117 0.035714
134 117 0.035714
138 117 0.035714
150 117 0.035714
155 117 0.035714
164 117 0.035714
176 117 0.035714
3 126 0.030303
6 126 0.030303
15 126 0.030303
16 126 0.030303
20 126 0.030303
23 126 0.030303
32 126 0.030303
46 126 0.030303
50 126 0.030303
58 126 0.030303
63 126 0.030303
68 126 0.030303
76 126 0.030303
82 126 0.030303
95 126 0.030303
98 126 0.030303
99 126 0.030303
103 126 0.030303
104 126 0.030303
106 126 0.030303
113 126 0.030303
145 126 0.030303
149 126 0.030303
150 126 0.030303
155 126 0.030303
166 126 0.030303
169 126 0.030303
171 126 0.030303
173 126 0.030303
178 126 0.030303
179 126 0.030303
186 126 0.030303
187 126 0.030303
3 134 0.033333
6 134 0.033333
7 134 0.033333
8 134 0.033333
15 134 0.033333
26 134 0.033333
27 134 0.033333
34 134 0.033333
43 134 0.033333
54 134 0.033333
76 134 0.033333
78 134 0.033333
84 134 0.033333
89 134 0.033333
97 134 0.033333
99 134 0.033333
108 134 0.033333
114 134 0.033333
117 134 0.033333
118 134 0.033333
125 134 0.033333
127 134 0.033333
130 134 0.033333
133 134 0.033333
136 134 0.033333
140 134 0.033333
154 134 0.033333
171 134 0.033333
172 134 0.033333
186 134 0.033333
3 159 0.032258
10 159 0.032258
11 159 0.032258
12 159 0.032258
31 159 0.032258
36 159 0.032258
38 159 0.032258
50 159 0.032258
53 159 0.032258
57 159 0.032258
58 159 0.032258
59 159 0.032258
61 159 0.032258
80 159 0.032258
83 159 0.032258
88 159 0.032258
90 159 0.032258
92 159 0.032258
115 159 0.032258
122 159 0.032258
128 159 0.032258
139 159 0.032258
143 159 0.032258
157 159 0.032258
160 159 0.032258
161 159 0.032258
175 159 0.032258
179 159 0.032258
182 159 0.032258
183 159 0.032258
187 159 0.032258
3 160 0.02439
7 160 0.02439
9 160 0.02439
12 160 0.02439
14 160 0.02439
17 160 0.02439
27 160 0.02439
29 160 0.02439
38 160 0.02439
39 160 0.02439
49 160 0.02439
51 160 0.02439
68 160 0.02439
75 160 0.02439
77 160 0.02439
91 160 0.02439
94 160 0.02439
95 160 0.02439
96 160 0.02439
101 160 0.02439
104 160 0.02439
107 160 0.02439
109 160 0.02439
114 160 0.02439
115 160 0.02439
120 160 0.02439
128 160 0.02439
129 160 0.02439
138 160 0.02439
141 160 0.02439
147 160 0.02439
158 160 0.02439
159 160 0.02439
163 160 0.02439
164 160 0.02439
167 160 0.02439
171 160 0.02439
178 160 0.02439
182 160 0.02439
186 160 0.02439
187 160 0.02439
3 169 0.035714
5 169 0.035714
17 169 0.035714
23 169 0.035714
24 169 0.035714
25 169 0.035714
30 169 0.035714
32 169 0.035714
37 169 0.035714
43 169 0.035714
44 169 0.035714
53 169 0.035714
71 169 0.035714
76 169 0.035714
88 169 0.035714
91 169 0.035714
95 169 0.035714
97 169 0.035714
114 169 0.035714
123 169 0.035714
126 169 0.035714
133 169 0.035714
136 169 0.035714
172 169 0.035714
175 169 0.035714
178 169 0.035714
180 169 0.035714
181 169 0.035714
3 171 0.026316
5 171 0.026316
14 171 0.026316
16 171 0.026316
18 171 0.026316
24 171 0.026316
25 171 0.026316
31 171 0.026316
33 171 0.026316
35 171 0.026316
38 171 0.026316
42 171 0.026316
53 171 0.026316
57 171 0.026316
61 171 0.026316
65 171 0.026316
75 171 0.026316
78 171 0.026316
82 171 0.026316
85 171 0.026316
87 171 0.026316
98 171 0.026316
99 171 0.026316
106 171 0.026316
112 171 0.026316
124 171 0.026316
126 171 0.026316
130 171 0.026316
131 171 0.026316
133 171 0.026316
134 171 0.026316
141 171 0.026316
145 171 0.026316
156 171 0.026316
160 171 0.026316
166 171 0.026316
168 171 0.026316
179 171 0.026316
3 175 0.038462
4 175 0.038462
12 175 0.038462
14 175 0.038462
22 175 0.038462
29 175 0.038462
36 175 0.038462
39 175 0.038462
44 175 0.038462
46 175 0.038462
51 175 0.038462
61 175 0.038462
85 175 0.038462
90 175 0.038462
96 175 0.038462
114 175 0.038462
118 175 0.038462
121 175 0.038462
123 175 0.038462
124 175 0.038462
145 175 0.038462
157 175 0.038462
159 175 0.038462
163 175 0.038462
169 175 0.038462
180 175 0.038462
3 176 0.04
5 176 0.04
9 176 0.04
27 176 0.04
34 176 0.04
38 176 0.04
41 176 0.04
61 176 0.04
77 176 0.04
82 176 0.04
84 176 0.04
92 176 0.04
101 176 0.04
102 176 0.04
114 176 0.04
117 176 0.04
127 176 0.04
129 176 0.04
137 176 0.04
140 176 0.04
155 176 0.04
157 176 0.04
158 176 0.04
163 176 0.04
165 176 0.04
3 178 0.035714
4 178 0.035714
7 178 0.035714
10 178 0.035714
16 178 0.035714
32 178 0.035714
42 178 0.035714
44 178 0.035714
55 178 0.035714
59 178 0.035714
79 178 0.035714
80 178 0.035714
88 178 0.035714
94 178 0.035714
96 178 0.035714
98 178 0.035714
111 178 0.035714
113 178 0.035714
118 178 0.035714
126 178 0.035714
139 178 0.035714
142 178 0.035714
156 178 0.035714
158 178 0.035714
160 178 0.035714
162 178 0.035714
169 178 0.035714
179 178 0.035714
4 5 0.04
15 5 0.04
21 5 0.04
42 5 0.04
51 5 0.04
53 5 0.04
65 5 0.04
68 5 0.04
88 5 0.04
96 5 0.04
103 5 0.04
110 5 0.04
111 5 0.04
118 5 0.04
139 5 0.04
145 5 0.04
153 5 0.04
155 5 0.04
163 5 0.04
167 5 0.04
169 5 0.04
170 5 0.04
171 5 0.04
176 5 0.04
180 5 0.04
4 17 0.034483
16 17 0.034483
18 17 0.034483
32 17 0.034483
35 17 0.034483
36 17 0.034483
37 17 0.034483
38 17 0.034483
50 17 0.034483
56 17 0.034483
58 17 0.034483
65 17 0.034483
67 17 0.034483
75 17 0.034483
80 17 0.034483
81 17 0.034483
83 17 0.034483
85 17 0.034483
112 17 0.034483
116 17 0.034483
142 17 0.034483
147 17 0.034483
149 17 0.034483
158 17 0.034483
160 17 0.034483
163 17 0.034483
164 17 0.034483
169 17 0.034483
183 17 0.034483
4 22 0.041667
14 22 0.041667
16 22 0.041667
18 22 0.041667
35 22 0.041667
52 22 0.041667
53 22 0.041667
57 22 0.041667
67 22 0.041667
74 22 0.041667
81 22 0.041667
87 22 0.041667
92 22 0.041667
104 22 0.041667
112 22 0.041667
125 22 0.041667
138 22 0.041667
145 22 0.041667
168 22 0.041667
174 22 0.041667
175 22 0.041667
182 22 0.041667
184 22 0.041667
185 22 0.041667
4 25 0.033333
13 25 0.033333
15 25 0.033333
18 25 0.033333
26 25 0.033333
27 25 0.033333
35 25 0.033333
39 25 0.033333
53 25 0.033333
62 25 0.033333
67 25 0.033333
71 25 0.033333
82 25 0.033333
88 25 0.033333
96 25 0.033333
97 25 0.033333
127 25 0.033333
128 25 0.033333
135 25 0.033333
141 25 0.033333
142 25 0.033333
145 25 0.033333
146 25 0.033333
167 25 0.033333
169 25 0.033333
170 25 0.033333
171 25 0.033333
174 25 0.033333
177 25 0.033333
182 25 0.033333
4 32 0.034483
17 32 0.034483
33 32 0.034483
38 32 0.034483
55 32 0.034483
60 32 0.034483
61 32 0.034483
87 32 0.034483
90 32 0.034483
92 32 0.034483
93 32 0.034483
102 32 0.034483
104 32 0.034483
105 32 0.034483
106 32 0.034483
112 32 0.034483
124 32 0.034483
126 32 0.034483
127 32 0.034483
131 32 0.034483
135 32 0.034483
142 32 0.034483
148 32 0.034483
164 32 0.034483
169 32 0.034483
178 32 0.034483
181 32 0.034483
183 32 0.034483
185 32 0.034483
4 34 0.033333
7 34 0.033333
15 34 0.033333
28 34 0.033333
39 34 0.033333
40 34 0.033333
57 34 0.033333
71 34 0.033333
74 34 0.033333
82 34 0.033333
86 34 0.033333
90 34 0.033333
91 34 0.033333
96 34 0.033333
97 34 0.033333
99 34 0.033333
106 34 0.033333
115 34 0.033333
119 34 0.033333
125 34 0.033333
128 34 0.033333
134 34 0.033333
136 34 0.033333
142 34 0.033333
146 34 0.033333
154 34 0.033333
158 34 0.033333
167 34 0.033333
176 34 0.033333
186 34 0.033333
4 68 0.029412
5 68 0.029412
6 68 0.029412
23 68 0.029412
30 68 0.029412
35 68 0.029412
37 68 0.029412
43 68 0.029412
50 68 0.029412
51 68 0.029412
52 68 0.029412
61 68 0.029412
64 68 0.029412
71 68 0.029412
82 68 0.029412
87 68 0.029412
89 68 0.029412
91 68 0.029412
93 68 0.029412
97 68 0.029412
99 68 0.029412
107 68 0.029412
111 68 0.029412
117 68 0.029412
119 68 0.029412
124 68 0.029412
126 68 0.029412
127 68 0.029412
129 68 0.029412
131 68 0.029412
137 68 0.029412
160 68 0.029412
165 68 0.029412
167 68 0.029412
4 69 0.045455
14 69 0.045455
24 69 0.045455
36 69 0.045455
41 69 0.045455
43 69 0.045455
48 69 0.045455
51 69 0.045455
66 69 0.045455
67 69 0.045455
72 69 0.045455
86 69 0.045455
87 69 0.045455
89 69 0.045455
99 69 0.045455
101 69 0.045455
111 69 0.045455
117 69 0.045455
121 69 0.045455
149 69 0.045455
154 69 0.045455
179 69 0.045455
4 80 0.029412
10 80 0.029412
11 80 0.029412
17 80 0.029412
28 80 0.029412
30 80 0.029412
41 80 0.029412
42 80 0.029412
52 80 0.029412
53 80 0.029412
54 80 0.029412
57 80 0.029412
59 80 0.029412
64 80 0.029412
65 80 0.029412
67 80 0.029412
71 80 0.029412
82 80 0.029412
85 80 0.029412
97 80 0.029412
99 80 0.029412
100 80 0.029412
110 80 0.029412
111 80 0.029412
117 80 0.029412
120 80 0.029412
133 80 0.029412
135 80 0.029412
143 80 0.029412
145 80 0.029412
150 80 0.029412
159 80 0.029412
178 80 0.029412
179 80 0.029412
4 85 0.030303
8 85 0.030303
13 85 0.030303
14 85 0.030303
15 85 0.030303
17 85 0.030303
24 85 0.030303
29 85 0.030303
38 85 0.030303
39 85 0.030303
43 85 0.030303
46 85 0.030303
48 85 0.030303
53 85 0.030303
80 85 0.030303
87 85 0.030303
89 85 0.030303
103 85 0.030303
109 85 0.030303
110 85 0.030303
112 85 0.030303
114 85 0.030303
115 85 0.030303
129 85 0.030303
143 85 0.030303
147 85 0.030303
149 85 0.030303
158 85 0.030303
167 85 0.030303
171 85 0.030303
175 85 0.030303
179 85 0.030303
186 85 0.030303
4 92 0.035714
11 92 0.035714
21 92 0.035714
22 92 0.035714
32 92 0.035714
38 92 0.035714
43 92 0.035714
46 92 0.035714
49 92 0.035714
54 92 0.035714
58 92 0.035714
74 92 0.035714
89 92 0.035714
97 92 0.035714
98 92 0.035714
99 92 0.035714
106 92 0.035714
124 92 0.035714
138 92 0.035714
143 92 0.035714
153 92 0.035714
155 92 0.035714
156 92 0.035714
157 92 0.035714
159 92 0.035714
176 92 0.035714
179 92 0.035714
180 92 0.035714
4 108 0.03125
10 108 0.03125
12 108 0.03125
13 108 0.03125
14 108 0.03125
30 108 0.03125
45 108 0.03125
49 108 0.03125
54 108 0.03125
60 108 0.03125
61 108 0.03125
71 108 0.03125
86 108 0.03125
88 108 0.03125
90 108 0.03125
95 108 0.03125
99 108 0.03125
100 108 0.03125
107 108 0.03125
119 108 0.03125
121 108 0.03125
124 108 0.03125
132 108 0.03125
134 108 0.03125
137 108 0.03125
141 108 0.03125
143 108 0.03125
144 108 0.03125
146 108 0.03125
156 108 0.03125
161 108 0.03125
173 108 0.03125
4 131 0.038462
13 131 0.038462
26 131 0.038462
31 131 0.038462
32 131 0.038462
37 131 0.038462
39 131 0.038462
47 131 0.038462
48 131 0.038462
53 131 0.038462
60 131 0.038462
68 131 0.038462
72 131 0.038462
93 131 0.038462
95 131 0.038462
115 131 0.038462
122 131 0.038462
129 131 0.038462
135 131 0.038462
136 131 0.038462
139 131 0.038462
145 131 0.038462
155 131 0.038462
157 131 0.038462
171 131 0.038462
187 131 0.038462
4 138 0.033333
8 138 0.033333
22 138 0.033333
30 138 0.033333
36 138 0.033333
49 138 0.033333
53 138 0.033333
64 138 0.033333
65 138 0.033333
72 138 0.033333
73 138 0.033333
77 138 0.033333
79 138 0.033333
84 138 0.033333
90 138 0.033333
92 138 0.033333
96 138 0.033333
117 138 0.033333
120 138 0.033333
132 138 0.033333
147 138 0.033333
149 138 0.033333
160 138 0.033333
163 138 0.033333
166 138 0.033333
167 138 0.033333
172 138 0.033333
174 138 0.033333
184 138 0.033333
185 138 0.033333
4 144 0.034483
6 144 0.034483
12 144 0.034483
19 144 0.034483
37 144 0.034483
38 144 0.034483
45 144 0.034483
59 144 0.034483
64 144 0.034483
71 144 0.034483
72 144 0.034483
73 144 0.034483
75 144 0.034483
81 144 0.034483
99 144 0.034483
102 144 0.034483
108 144 0.034483
115 144 0.034483
127 144 0.034483
132 144 0.034483
136 144 0.034483
137 144 0.034483
140 144 0.034483
149 144 0.034483
158 144 0.034483
165 144 0.034483
168 144 0.034483
180 144 0.034483
184 144 0.034483
4 184 0.033333
11 184 0.033333
14 184 0.033333
22 184 0.033333
24 184 0.033333
36 184 0.033333
48 184 0.033333
55 184 0.033333
58 184 0.033333
60 184 0.033333
63 184 0.033333
74 184 0.033333
75 184 0.033333
94 184 0.033333
96 184 0.033333
97 184 0.033333
100 184 0.033333
106 184 0.033333
107 184 0.033333
122 184 0.033333
128 184 0.033333
138 184 0.033333
144 184 0.033333
154 184 0.033333
157 184 0.033333
164 184 0.033333
167 184 0.033333
177 184 0.033333
179 184 0.033333
185 184 0.033333
4 186 0.027778
10 186 0.027778
18 186 0.027778
24 186 0.027778
29 186 0.027778
34 186 0.027778
37 186 0.027778
48 186 0.027778
50 186 0.027778
64 186 0.027778
65 186 0.027778
70 186 0.027778
73 186 0.027778
78 186 0.027778
85 186 0.027778
86 186 0.027778
90 186 0.027778
101 186 0.027778
105 186 0.027778
125 186 0.027778
126 186 0.027778
130 186 0.027778
134 186 0.027778
137 186 0.027778
139 186 0.027778
146 186 0.027778
147 186 0.027778
150 186 0.027778
153 186 0.027778
154 186 0.027778
156 186 0.027778
158 186 0.027778
160 186 0.027778
165 186 0.027778
180 186 0.027778
187 186 0.027778
5 15 0.038462
16 15 0.038462
25 15 0.038462
27 15 0.038462
34 15 0.038462
37 15 0.038462
51 15 0.038462
52 15 0.038462
77 15 0.038462
85 15 0.038462
87 15 0.038462
106 15 0.038462
114 15 0.038462
120 15 0.038462
122 15 0.038462
123 15 0.038462
126 15 0.038462
134 15 0.038462
136 15 0.038462
146 15 0.038462
147 15 0.038462
149 15 0.038462
158 15 0.038462
166 15 0.038462
170 15 0.038462
174 15 0.038462
5 51 0.041667
7 51 0.041667
15 51 0.041667
26 51 0.041667
30 51 0.041667
39 51 0.041667
45 51 0.041667
48 51 0.041667
54 51 0.041667
59 51 0.041667
64 51 0.041667
68 51 0.041667
69 51 0.041667
72 51 0.041667
75 51 0.041667
78 51 0.041667
79 51 0.041667
109 51 0.041667
141 51 0.041667
153 51 0.041667
160 51 0.041667
173 51 0.041667
175 51 0.041667
181 51 0.041667
5 53 0.026316
6 53 0.026316
11 53 0.026316
18 53 0.026316
22 53 0.026316
24 53 0.026316
25 53 0.026316
27 53 0.026316
28 53 0.026316
38 53 0.026316
48 53 0.026316
52 53 0.026316
55 53 0.026316
63 53 0.026316
80 53 0.026316
85 53 0.026316
91 53 0.026316
93 53 0.026316
97 53 0.026316
103 53 0.026316
104 53 0.026316
109 53 0.026316
121 53 0.026316
125 53 0.026316
127 53 0.026316
131 53 0.026316
138 53 0.026316
140 53 0.026316
143 53 0.026316
148 53 0.026316
155 53 0.026316
157 53 0.026316
159 53 0.026316
169 53 0.026316
171 53 0.026316
179 53 0.026316
181 53 0.026316
182 53 0.026316
5 65 0.030303
6 65 0.030303
8 65 0.030303
13 65 0.030303
16 65 0.030303
17 65 0.030303
40 65 0.030303
41 65 0.030303
54 65 0.030303
62 65 0.030303
77 65 0.030303
80 65 0.030303
87 65 0.030303
88 65 0.030303
89 65 0.030303
94 65 0.030303
101 65 0.030303
102 65 0.030303
112 65 0.030303
120 65 0.030303
125 65 0.030303
136 65 0.030303
137 65 0.030303
138 65 0.030303
146 65 0.030303
150 65 0.030303
158 65 0.030303
162 65 0.030303
171 65 0.030303
174 65 0.030303
180 65 0.030303
181 65 0.030303
186 65 0.030303
5 96 0.038462
6 96 0.038462
16 96 0.038462
19 96 0.038462
25 96 0.038462
30 96 0.038462
31 96 0.038462
34 96 0.038462
37 96 0.038462
40 96 0.038462
46 96 0.038462
57 96 0.038462
66 96 0.038462
86 96 0.038462
88 96 0.038462
121 96 0.038462
138 96 0.038462
142 96 0.038462
151 96 0.038462
156 96 0.038462
160 96 0.038462
161 96 0.038462
175 96 0.038462
178 96 0.038462
184 96 0.038462
185 96 0.038462
5 103 0.030303
7 103 0.030303
29 103 0.030303
30 103 0.030303
31 103 0.030303
44 103 0.030303
45 103 0.030303
48 103 0.030303
53 103 0.030303
54 103 0.030303
55 103 0.030303
56 103 0.030303
59 103 0.030303
76 103 0.030303
85 103 0.030303
95 103 0.030303
106 103 0.030303
109 103 0.030303
114 103 0.030303
116 103 0.030303
118 103 0.030303
119 103 0.030303
125 103 0.030303
126 103 0.030303
148 103 0.030303
157 103 0.030303
158 103 0.030303
161 103 0.030303
164 103 0.030303
167 103 0.030303
172 103 0.030303
173 103 0.030303
187 103 0.030303
5 111 0.047619
11 111 0.047619
33 111 0.047619
39 111 0.047619
41 111 0.047619
47 111 0.047619
50 111 0.047619
52 111 0.047619
64 111 0.047619
68 111 0.047619
69 111 0.047619
75 111 0.047619
78 111 0.047619
80 111 0.047619
83 111 0.047619
97 111 0.047619
112 111 0.047619
122 111 0.047619
143 111 0.047619
177 111 0.047619
178 111 0.047619
5 118 0.038462
11 118 0.038462
14 118 0.038462
16 118 0.038462
33 118 0.038462
43 118 0.038462
44 118 0.038462
55 118 0.038462
73 118 0.038462
74 118 0.038462
78 118 0.038462
79 118 0.038462
88 118 0.038462
99 118 0.038462
101 118 0.038462
103 118 0.038462
104 118 0.038462
134 118 0.038462
137 118 0.038462
152 118 0.038462
157 118 0.038462
170 118 0.038462
175 118 0.038462
178 118 0.038462
180 118 0.038462
183 118 0.038462
5 155 0.028571
14 155 0.028571
16 155 0.028571
29 155 0.028571
31 155 0.028571
35 155 0.028571
43 155 0.028571
44 155 0.028571
45 155 0.028571
53 155 0.028571
56 155 0.028571
60 155 0.028571
63 155 0.028571
67 155 0.028571
72 155 0.028571
75 155 0.028571
76 155 0.028571
77 155 0.028571
91 155 0.028571
92 155 0.028571
95 155 0.028571
97 155 0.028571
106 155 0.028571
116 155 0.028571
117 155 0.028571
120 155 0.028571
126 155 0.028571
130 155 0.028571
131 155 0.028571
150 155 0.028571
176 155 0.028571
179 155 0.028571
182 155 0.028571
185 155 0.028571
187 155 0.028571
5 163 0.032258
7 163 0.032258
9 163 0.032258
12 163 0.032258
17 163 0.032258
20 163 0.032258
24 163 0.032258
28 163 0.032258
33 163 0.032258
35 163 0.032258
38 163 0.032258
39 163 0.032258
42 163 0.032258
43 163 0.032258
63 163 0.032258
70 163 0.032258
71 163 0.032258
72 163 0.032258
74 163 0.032258
90 163 0.032258
114 163 0.032258
132 163 0.032258
138 163 0.032258
150 163 0.032258
153 163 0.032258
160 163 0.032258
173 163 0.032258
174 163 0.032258
175 163 0.032258
176 163 0.032258
181 163 0.032258
6 55 0.035714
27 55 0.035714
32 55 0.035714
39 55 0.035714
44 55 0.035714
53 55 0.035714
59 55 0.035714
62 55 0.035714
71 55 0.035714
76 55 0.035714
77 55 0.035714
88 55 0.035714
103 55 0.035714
112 55 0.035714
117 55 0.035714
118 55 0.035714
123 55 0.035714
124 55 0.035714
136 55 0.035714
143 55 0.035714
148 55 0.035714
150 55 0.035714
152 55 0.035714
161 55 0.035714
168 55 0.035714
178 55 0.035714
182 55 0.035714
184 55 0.035714
6 64 0.034483
9 64 0.034483
11 64 0.034483
19 64 0.034483
27 64 0.034483
51 64 0.034483
58 64 0.034483
61 64 0.034483
68 64 0.034483
73 64 0.034483
75 64 0.034483
76 64 0.034483
77 64 0.034483
80 64 0.034483
88 64 0.034483
111 64 0.034483
116 64 0.034483
129 64 0.034483
138 64 0.034483
144 64 0.034483
147 64 0.034483
154 64 0.034483
162 64 0.034483
165 64 0.034483
167 64 0.034483
170 64 0.034483
173 64 0.034483
177 64 0.034483
186 64 0.034483
6 79 0.035714
9 79 0.035714
12 79 0.035714
13 79 0.035714
29 79 0.035714
33 79 0.035714
38 79 0.035714
41 79 0.035714
42 79 0.035714
46 79 0.035714
49 79 0.035714
51 79 0.035714
62 79 0.035714
73 79 0.035714
74 79 0.035714
76 79 0.035714
98 79 0.035714
102 79 0.035714
106 79 0.035714
114 79 0.035714
118 79 0.035714
124 79 0.035714
135 79 0.035714
138 79 0.035714
142 79 0.035714
153 79 0.035714
173 79 0.035714
178 79 0.035714
6 95 0.02381
11 95 0.02381
19 95 0.02381
27 95 0.02381
28 95 0.02381
35 95 0.02381
39 95 0.02381
42 95 0.02381
43 95 0.02381
44 95 0.02381
45 95 0.02381
50 95 0.02381
54 95 0.02381
60 95 0.02381
63 95 0.02381
73 95 0.02381
76 95 0.02381
84 95 0.02381
87 95 0.02381
89 95 0.02381
97 95 0.02381
103 95 0.02381
105 95 0.02381
108 95 0.02381
115 95 0.02381
120 95 0.02381
126 95 0.02381
131 95 0.02381
133 95 0.02381
137 95 0.02381
141 95 0.02381
147 95 0.02381
149 95 0.02381
154 95 0.02381
155 95 0.02381
160 95 0.02381
167 95 0.02381
168 95 0.02381
169 95 0.02381
174 95 0.02381
181 95 0.02381
187 95 0.02381
6 122 0.037037
10 122 0.037037
13 122 0.037037
15 122 0.037037
21 122 0.037037
30 122 0.037037
61 122 0.037037
70 122 0.037037
71 122 0.037037
74 122 0.037037
75 122 0.037037
82 122 0.037037
88 122 0.037037
90 122 0.037037
102 122 0.037037
110 122 0.037037
111 122 0.037037
129 122 0.037037
131 122 0.037037
135 122 0.037037
145 122 0.037037
150 122 0.037037
159 122 0.037037
174 122 0.037037
177 122 0.037037
184 122 0.037037
185 122 0.037037
6 124 0.028571
16 124 0.028571
18 124 0.028571
20 124 0.028571
24 124 0.028571
31 124 0.028571
32 124 0.028571
36 124 0.028571
46 124 0.028571
55 124 0.028571
63 124 0.028571
68 124 0.028571
70 124 0.028571
79 124 0.028571
90 124 0.028571
92 124 0.028571
93 124 0.028571
98 124 0.028571
108 124 0.028571
123 124 0.028571
127 124 0.028571
128 124 0.028571
129 124 0.028571
137 124 0.028571
140 124 0.028571
141 124 0.028571
147 124 0.028571
148 124 0.028571
157 124 0.028571
167 124 0.028571
170 124 0.028571
171 124 0.028571
174 124 0.028571
175 124 0.028571
181 124 0.028571
6 151 0.052632
9 151 0.052632
10 151 0.052632
14 151 0.052632
23 151 0.052632
28 151 0.052632
33 151 0.052632
42 151 0.052632
76 151 0.052632
84 151 0.052632
86 151 0.052632
90 151 0.052632
96 151 0.052632
97 151 0.052632
106 151 0.052632
145 151 0.052632
148 151 0.052632
149 151 0.052632
165 151 0.052632
6 179 0.033333
11 179 0.033333
18 179 0.033333
19 179 0.033333
21 179 0.033333
42 179 0.033333
44 179 0.033333
53 179 0.033333
54 179 0.033333
69 179 0.033333
70 179 0.033333
72 179 0.033333
80 179 0.033333
82 179 0.033333
85 179 0.033333
86 179 0.033333
92 179 0.033333
98 179 0.033333
112 179 0.033333
114 179 0.033333
115 179 0.033333
126 179 0.033333
129 179 0.033333
145 179 0.033333
155 179 0.033333
159 179 0.033333
171 179 0.033333
178 179 0.033333
183 179 0.033333
184 179 0.033333
7 10 0.037037
21 10 0.037037
23 10 0.037037
29 10 0.037037
37 10 0.037037
52 10 0.037037
59 10 0.037037
71 10 0.037037
73 10 0.037037
74 10 0.037037
77 10 0.037037
80 10 0.037037
84 10 0.037037
100 10 0.037037
108 10 0.037037
122 10 0.037037
136 10 0.037037
146 10 0.037037
147 10 0.037037
151 10 0.037037
154 10 0.037037
159 10 0.037037
166 10 0.037037
167 10 0.037037
178 10 0.037037
181 10 0.037037
186 10 0.037037
7 14 0.037037
8 14 0.037037
16 14 0.037037
18 14 0.037037
22 14 0.037037
24 14 0.037037
38 14 0.037037
40 14 0.037037
52 14 0.037037
59 14 0.037037
63 14 0.037037
69 14 0.037037
75 14 0.037037
85 14 0.037037
87 14 0.037037
105 14 0.037037
107 14 0.037037
108 14 0.037037
116 14 0.037037
118 14 0.037037
151 14 0.037037
155 14 0.037037
160 14 0.037037
171 14 0.037037
175 14 0.037037
183 14 0.037037
184 14 0.037037
7 74 0.037037
10 74 0.037037
22 74 0.037037
29 74 0.037037
34 74 0.037037
37 74 0.037037
52 74 0.037037
57 74 0.037037
75 74 0.037037
79 74 0.037037
81 74 0.037037
82 74 0.037037
92 74 0.037037
94 74 0.037037
110 74 0.037037
115 74 0.037037
118 74 0.037037
120 74 0.037037
122 74 0.037037
145 74 0.037037
153 74 0.037037
154 74 0.037037
163 74 0.037037
164 74 0.037037
168 74 0.037037
173 74 0.037037
184 74 0.037037
7 90 0.04
20 90 0.04
32 90 0.04
34 90 0.04
50 90 0.04
54 90 0.04
63 90 0.04
108 90 0.04
119 90 0.04
122 90 0.04
123 90 0.04
124 90 0.04
125 90 0.04
138 90 0.04
149 90 0.04
151 90 0.04
153 90 0.04
157 90 0.04
159 90 0.04
162 90 0.04
163 90 0.04
167 90 0.04
175 90 0.04
180 90 0.04
186 90 0.04
7 94 0.038462
8 94 0.038462
19 94 0.038462
56 94 0.038462
57 94 0.038462
60 94 0.038462
65 94 0.038462
66 94 0.038462
73 94 0.038462
74 94 0.038462
77 94 0.038462
101 94 0.038462
106 94 0.038462
115 94 0.038462
121 94 0.038462
127 94 0.038462
129 94 0.038462
133 94 0.038462
139 94 0.038462
140 94 0.038462
146 94 0.038462
160 94 0.038462
172 94 0.038462
178 94 0.038462
184 94 0.038462
185 94 0.038462
7 99 0.032258
8 99 0.032258
12 99 0.032258
26 99 0.032258
34 99 0.032258
43 99 0.032258
49 99 0.032258
50 99 0.032258
54 99 0.032258
63 99 0.032258
68 99 0.032258
69 99 0.032258
80 99 0.032258
84 99 0.032258
86 99 0.032258
92 99 0.032258
97 99 0.032258
102 99 0.032258
108 99 0.032258
113 99 0.032258
118 99 0.032258
126 99 0.032258
134 99 0.032258
137 99 0.032258
144 99 0.032258
162 99 0.032258
165 99 0.032258
166 99 0.032258
171 99 0.032258
180 99 0.032258
185 99 0.032258
7 100 0.037037
10 100 0.037037
21 100 0.037037
29 100 0.037037
43 100 0.037037
44 100 0.037037
49 100 0.037037
52 100 0.037037
58 100 0.037037
66 100 0.037037
76 100 0.037037
80 100 0.037037
98 100 0.037037
106 100 0.037037
108 100 0.037037
120 100 0.037037
127 100 0.037037
136 100 0.037037
145 100 0.037037
150 100 0.037037
156 100 0.037037
166 100 0.037037
168 100 0.037037
170 100 0.037037
181 100 0.037037
183 100 0.037037
184 100 0.037037
7 123 0.041667
15 123 0.041667
16 123 0.041667
28 123 0.041667
40 123 0.041667
43 123 0.041667
47 123 0.041667
49 123 0.041667
55 123 0.041667
56 123 0.041667
58 123 0.041667
90 123 0.041667
104 123 0.041667
109 123 0.041667
124 123 0.041667
130 123 0.041667
139 123 0.041667
143 123 0.041667
147 123 0.041667
161 123 0.041667
165 123 0.041667
169 123 0.041667
175 123 0.041667
187 123 0.041667
7 127 0.038462
25 127 0.038462
32 127 0.038462
38 127 0.038462
53 127 0.038462
59 127 0.038462
60 127 0.038462
68 127 0.038462
71 127 0.038462
75 127 0.038462
89 127 0.038462
93 127 0.038462
94 127 0.038462
100 127 0.038462
110 127 0.038462
115 127 0.038462
124 127 0.038462
129 127 0.038462
134 127 0.038462
135 127 0.038462
144 127 0.038462
146 127 0.038462
157 127 0.038462
170 127 0.038462
176 127 0.038462
177 127 0.038462
7 148 0.043478
18 148 0.043478
21 148 0.043478
23 148 0.043478
32 148 0.043478
35 148 0.043478
41 148 0.043478
44 148 0.043478
47 148 0.043478
53 148 0.043478
55 148 0.043478
58 148 0.043478
62 148 0.043478
97 148 0.043478
103 148 0.043478
104 148 0.043478
124 148 0.043478
128 148 0.043478
132 148 0.043478
150 148 0.043478
151 148 0.043478
181 148 0.043478
185 148 0.043478
7 156 0.05
48 156 0.05
49 156 0.05
50 156 0.05
58 156 0.05
87 156 0.05
92 156 0.05
96 156 0.05
100 156 0.05
107 156 0.05
108 156 0.05
119 156 0.05
139 156 0.05
147 156 0.05
162 156 0.05
171 156 0.05
178 156 0.05
181 156 0.05
182 156 0.05
186 156 0.05
8 43 0.043478
28 43 0.043478
40 43 0.043478
61 43 0.043478
68 43 0.043478
69 43 0.043478
83 43 0.043478
85 43 0.043478
92 43 0.043478
93 43 0.043478
95 43 0.043478
99 43 0.043478
100 43 0.043478
107 43 0.043478
118 43 0.043478
123 43 0.043478
134 43 0.043478
155 43 0.043478
158 43 0.043478
163 43 0.043478
169 43 0.043478
174 43 0.043478
187 43 0.043478
8 48 0.034483
28 48 0.034483
50 48 0.034483
51 48 0.034483
53 48 0.034483
61 48 0.034483
66 48 0.034483
69 48 0.034483
71 48 0.034483
82 48 0.034483
85 48 0.034483
86 48 0.034483
102 48 0.034483
103 48 0.034483
104 48 0.034483
115 48 0.034483
116 48 0.034483
117 48 0.034483
125 48 0.034483
131 48 0.034483
135 48 0.034483
137 48 0.034483
143 48 0.034483
156 48 0.034483
164 48 0.034483
174 48 0.034483
182 48 0.034483
184 48 0.034483
186 48 0.034483
8 89 0.043478
18 89 0.043478
39 89 0.043478
45 89 0.043478
49 89 0.043478
59 89 0.043478
65 89 0.043478
68 89 0.043478
69 89 0.043478
75 89 0.043478
84 89 0.043478
85 89 0.043478
92 89 0.043478
95 89 0.043478
97 89 0.043478
104 89 0.043478
105 89 0.043478
127 89 0.043478
132 89 0.043478
134 89 0.043478
143 89 0.043478
153 89 0.043478
161 89 0.043478
8 91 0.055556
28 91 0.055556
34 91 0.055556
38 91 0.055556
53 91 0.055556
58 91 0.055556
62 91 0.055556
68 91 0.055556
88 91 0.055556
104 91 0.055556
113 91 0.055556
115 91 0.055556
129 91 0.055556
150 91 0.055556
155 91 0.055556
160 91 0.055556
162 91 0.055556
169 91 0.055556
8 130 0.041667
21 130 0.041667
23 130 0.041667
31 130 0.041667
33 130 0.041667
37 130 0.041667
71 130 0.041667
73 130 0.041667
77 130 0.041667
82 130 0.041667
112 130 0.041667
120 130 0.041667
123 130 0.041667
134 130 0.041667
145 130 0.041667
152 130 0.041667
155 130 0.041667
164 130 0.041667
170 130 0.041667
171 130 0.041667
174 130 0.041667
180 130 0.041667
182 130 0.041667
186 130 0.041667
8 187 0.032258
11 187 0.032258
12 187 0.032258
18 187 0.032258
31 187 0.032258
43 187 0.032258
46 187 0.032258
47 187 0.032258
56 187 0.032258
59 187 0.032258
73 187 0.032258
75 187 0.032258
77 187 0.032258
95 187 0.032258
103 187 0.032258
107 187 0.032258
113 187 0.032258
116 187 0.032258
120 187 0.032258
123 187 0.032258
126 187 0.032258
129 187 0.032258
131 187 0.032258
149 187 0.032258
155 187 0.032258
159 187 0.032258
160 187 0.032258
165 187 0.032258
173 187 0.032258
174 187 0.032258
186 187 0.032258
9 24 0.033333
14 24 0.033333
19 24 0.033333
33 24 0.033333
42 24 0.033333
53 24 0.033333
54 24 0.033333
57 24 0.033333
62 24 0.033333
67 24 0.033333
69 24 0.033333
73 24 0.033333
85 24 0.033333
86 24 0.033333
87 24 0.033333
109 24 0.033333
112 24 0.033333
114 24 0.033333
120 24 0.033333
124 24 0.033333
135 24 0.033333
141 24 0.033333
163 24 0.033333
169 24 0.033333
171 24 0.033333
172 24 0.033333
181 24 0.033333
184 24 0.033333
185 24 0.033333
186 24 0.033333
9 56 0.047619
17 56 0.047619
23 56 0.047619
27 56 0.047619
36 56 0.047619
40 56 0.047619
52 56 0.047619
81 56 0.047619
94 56 0.047619
103 56 0.047619
110 56 0.047619
123 56 0.047619
141 56 0.047619
143 56 0.047619
153 56 0.047619
155 56 0.047619
162 56 0.047619
165 56 0.047619
172 56 0.047619
182 56 0.047619
187 56 0.047619
9 71 0.029412
10 71 0.029412
12 71 0.029412
20 71 0.029412
21 71 0.029412
25 71 0.029412
27 71 0.029412
30 71 0.029412
34 71 0.029412
42 71 0.029412
48 71 0.029412
52 71 0.029412
54 71 0.029412
55 71 0.029412
57 71 0.029412
58 71 0.029412
68 71 0.029412
70 71 0.029412
77 71 0.029412
80 71 0.029412
83 71 0.029412
97 71 0.029412
108 71 0.029412
122 71 0.029412
127 71 0.029412
130 71 0.029412
141 71 0.029412
144 71 0.029412
162 71 0.029412
163 71 0.029412
164 71 0.029412
166 71 0.029412
168 71 0.029412
169 71 0.029412
9 73 0.047619
10 73 0.047619
11 73 0.047619
21 73 0.047619
24 73 0.047619
35 73 0.047619
36 73 0.047619
64 73 0.047619
66 73 0.047619
79 73 0.047619
82 73 0.047619
94 73 0.047619
95 73 0.047619
109 73 0.047619
118 73 0.047619
130 73 0.047619
132 73 0.047619
138 73 0.047619
144 73 0.047619
186 73 0.047619
187 73 0.047619
9 82 0.032258
21 82 0.032258
25 82 0.032258
34 82 0.032258
36 82 0.032258
38 82 0.032258
39 82 0.032258
46 82 0.032258
48 82 0.032258
68 82 0.032258
73 82 0.032258
74 82 0.032258
80 82 0.032258
83 82 0.032258
93 82 0.032258
112 82 0.032258
113 82 0.032258
114 82 0.032258
122 82 0.032258
125 82 0.032258
126 82 0.032258
129 82 0.032258
130 82 0.032258
142 82 0.032258
161 82 0.032258
162 82 0.032258
166 82 0.032258
171 82 0.032258
176 82 0.032258
179 82 0.032258
182 82 0.032258
9 83 0.043478
13 83 0.043478
17 83 0.043478
20 83 0.043478
27 83 0.043478
40 83 0.043478
43 83 0.043478
47 83 0.043478
71 83 0.043478
75 83 0.043478
82 83 0.043478
86 83 0.043478
88 83 0.043478
105 83 0.043478
111 83 0.043478
120 83 0.043478
121 83 0.043478
135 83 0.043478
136 83 0.043478
153 83 0.043478
159 83 0.043478
166 83 0.043478
181 83 0.043478
9 147 0.038462
10 147 0.038462
15 147 0.038462
17 147 0.038462
18 147 0.038462
27 147 0.038462
30 147 0.038462
37 147 0.038462
41 147 0.038462
49 147 0.038462
58 147 0.038462
64 147 0.038462
66 147 0.038462
85 147 0.038462
86 147 0.038462
95 147 0.038462
106 147 0.038462
110 147 0.038462
123 147 0.038462
124 147 0.038462
138 147 0.038462
156 147 0.038462
160 147 0.038462
177 147 0.038462
181 147 0.038462
186 147 0.038462
9 149 0.041667
15 149 0.041667
17 149 0.041667
26 149 0.041667
50 149 0.041667
52 149 0.041667
54 149 0.041667
69 149 0.041667
81 149 0.041667
85 149 0.041667
90 149 0.041667
95 149 0.041667
109 149 0.041667
126 149 0.041667
136 149 0.041667
138 149 0.041667
140 149 0.041667
141 149 0.041667
142 149 0.041667
144 149 0.041667
151 149 0.041667
173 149 0.041667
174 149 0.041667
187 149 0.041667
10 37 0.034483
12 37 0.034483
15 37 0.034483
17 37 0.034483
30 37 0.034483
33 37 0.034483
58 37 0.034483
60 37 0.034483
62 37 0.034483
68 37 0.034483
72 37 0.034483
74 37 0.034483
93 37 0.034483
96 37 0.034483
102 37 0.034483
121 37 0.034483
125 37 0.034483
129 37 0.034483
130 37 0.034483
131 37 0.034483
135 37 0.034483
144 37 0.034483
147 37 0.034483
153 37 0.034483
169 37 0.034483
174 37 0.034483
177 37 0.034483
181 37 0.034483
186 37 0.034483
10 59 0.034483
14 59 0.034483
28 59 0.034483
30 59 0.034483
35 59 0.034483
51 59 0.034483
54 59 0.034483
55 59 0.034483
80 59 0.034483
89 59 0.034483
97 59 0.034483
101 59 0.034483
103 59 0.034483
116 59 0.034483
125 59 0.034483
127 59 0.034483
135 59 0.034483
136 59 0.034483
144 59 0.034483
145 59 0.034483
153 59 0.034483
158 59 0.034483
159 59 0.034483
168 59 0.034483
174 59 0.034483
178 59 0.034483
180 59 0.034483
182 59 0.034483
187 59 0.034483
10 77 0.03125
15 77 0.03125
23 77 0.03125
31 77 0.03125
35 77 0.03125
42 77 0.03125
46 77 0.03125
47 77 0.03125
52 77 0.03125
55 77 0.03125
61 77 0.03125
64 77 0.03125
65 77 0.03125
71 77 0.03125
75 77 0.03125
86 77 0.03125
94 77 0.03125
106 77 0.03125
116 77 0.03125
117 77 0.03125
119 77 0.03125
130 77 0.03125
136 77 0.03125
138 77 0.03125
142 77 0.03125
155 77 0.03125
160 77 0.03125
165 77 0.03125
166 77 0.03125
170 77 0.03125
176 77 0.03125
187 77 0.03125
11 30 0.032258
16 30 0.032258
19 30 0.032258
27 30 0.032258
37 30 0.032258
40 30 0.032258
51 30 0.032258
52 30 0.032258
59 30 0.032258
61 30 0.032258
68 30 0.032258
71 30 0.032258
75 30 0.032258
80 30 0.032258
96 30 0.032258
102 30 0.032258
103 30 0.032258
108 30 0.032258
112 30 0.032258
116 30 0.032258
122 30 0.032258
138 30 0.032258
139 30 0.032258
147 30 0.032258
152 30 0.032258
157 30 0.032258
162 30 0.032258
168 30 0.032258
169 30 0.032258
180 30 0.032258
182 30 0.032258
11 142 0.043478
16 142 0.043478
17 142 0.043478
23 142 0.043478
25 142 0.043478
28 142 0.043478
32 142 0.043478
34 142 0.043478
35 142 0.043478
66 142 0.043478
77 142 0.043478
79 142 0.043478
82 142 0.043478
96 142 0.043478
133 142 0.043478
145 142 0.043478
149 142 0.043478
158 142 0.043478
162 142 0.043478
167 142 0.043478
172 142 0.043478
178 142 0.043478
181 142 0.043478
12 70 0.037037
40 70 0.037037
41 70 0.037037
71 70 0.037037
72 70 0.037037
78 70 0.037037
88 70 0.037037
93 70 0.037037
98 70 0.037037
102 70 0.037037
104 70 0.037037
105 70 0.037037
110 70 0.037037
112 70 0.037037
113 70 0.037037
119 70 0.037037
121 70 0.037037
122 70 0.037037
124 70 0.037037
136 70 0.037037
140 70 0.037037
152 70 0.037037
163 70 0.037037
172 70 0.037037
177 70 0.037037
179 70 0.037037
186 70 0.037037
12 114 0.034483
13 114 0.034483
15 114 0.034483
19 114 0.034483
24 114 0.034483
28 114 0.034483
35 114 0.034483
79 114 0.034483
82 114 0.034483
84 114 0.034483
85 114 0.034483
97 114 0.034483
103 114 0.034483
113 114 0.034483
116 114 0.034483
120 114 0.034483
134 114 0.034483
143 114 0.034483
145 114 0.034483
150 114 0.034483
160 114 0.034483
163 114 0.034483
167 114 0.034483
169 114 0.034483
170 114 0.034483
172 114 0.034483
175 114 0.034483
176 114 0.034483
179 114 0.034483
12 168 0.035714
22 168 0.035714
30 168 0.035714
36 168 0.035714
40 168 0.035714
46 168 0.035714
55 168 0.035714
57 168 0.035714
59 168 0.035714
71 168 0.035714
72 168 0.035714
74 168 0.035714
95 168 0.035714
100 168 0.035714
106 168 0.035714
109 168 0.035714
113 168 0.035714
115 168 0.035714
121 168 0.035714
128 168 0.035714
140 168 0.035714
141 168 0.035714
143 168 0.035714
144 168 0.035714
171 168 0.035714
173 168 0.035714
181 168 0.035714
185 168 0.035714
13 50 0.035714
17 50 0.035714
23 50 0.035714
33 50 0.035714
46 50 0.035714
48 50 0.035714
60 50 0.035714
62 50 0.035714
67 50 0.035714
68 50 0.035714
78 50 0.035714
90 50 0.035714
95 50 0.035714
99 50 0.035714
105 50 0.035714
111 50 0.035714
126 50 0.035714
129 50 0.035714
136 50 0.035714
137 50 0.035714
149 50 0.035714
153 50 0.035714
154 50 0.035714
156 50 0.035714
159 50 0.035714
166 50 0.035714
183 50 0.035714
186 50 0.035714
13 62 0.043478
24 62 0.043478
25 62 0.043478
37 62 0.043478
41 62 0.043478
47 62 0.043478
50 62 0.043478
55 62 0.043478
63 62 0.043478
65 62 0.043478
72 62 0.043478
79 62 0.043478
84 62 0.043478
91 62 0.043478
93 62 0.043478
101 62 0.043478
102 62 0.043478
132 62 0.043478
140 62 0.043478
143 62 0.043478
148 62 0.043478
170 62 0.043478
177 62 0.043478
13 63 0.032258
14 63 0.032258
26 63 0.032258
29 63 0.032258
35 63 0.032258
36 63 0.032258
40 63 0.032258
41 63 0.032258
45 63 0.032258
46 63 0.032258
53 63 0.032258
62 63 0.032258
67 63 0.032258
90 63 0.032258
95 63 0.032258
99 63 0.032258
102 63 0.032258
109 63 0.032258
119 63 0.032258
124 63 0.032258
126 63 0.032258
133 63 0.032258
136 63 0.032258
155 63 0.032258
161 63 0.032258
163 63 0.032258
164 63 0.032258
166 63 0.032258
170 63 0.032258
184 63 0.032258
185 63 0.032258
13 120 0.03125
15 120 0.03125
16 120 0.03125
24 120 0.03125
40 120 0.03125
42 120 0.03125
44 120 0.03125
47 120 0.03125
65 120 0.03125
74 120 0.03125
78 120 0.03125
80 120 0.03125
83 120 0.03125
84 120 0.03125
95 120 0.03125
100 120 0.03125
104 120 0.03125
105 120 0.03125
107 120 0.03125
114 120 0.03125
116 120 0.03125
130 120 0.03125
135 120 0.03125
138 120 0.03125
139 120 0.03125
143 120 0.03125
155 120 0.03125
158 120 0.03125
160 120 0.03125
177 120 0.03125
183 120 0.03125
187 120 0.03125
14 16 0.032258
15 16 0.032258
17 16 0.032258
18 16 0.032258
20 16 0.032258
22 16 0.032258
29 16 0.032258
30 16 0.032258
41 16 0.032258
57 16 0.032258
60 16 0.032258
65 16 0.032258
78 16 0.032258
96 16 0.032258
97 16 0.032258
98 16 0.032258
115 16 0.032258
116 16 0.032258
117 16 0.032258
118 16 0.032258
120 16 0.032258
123 16 0.032258
124 16 0.032258
126 16 0.032258
142 16 0.032258
155 16 0.032258
157 16 0.032258
161 16 0.032258
170 16 0.032258
171 16 0.032258
178 16 0.032258
14 75 0.03125
17 75 0.03125
30 75 0.03125
31 75 0.03125
33 75 0.03125
35 75 0.03125
41 75 0.03125
42 75 0.03125
51 75 0.03125
64 75 0.03125
74 75 0.03125
77 75 0.03125
83 75 0.03125
87 75 0.03125
89 75 0.03125
109 75 0.03125
111 75 0.03125
115 75 0.03125
122 75 0.03125
127 75 0.03125
136 75 0.03125
140 75 0.03125
144 75 0.03125
152 75 0.03125
154 75 0.03125
155 75 0.03125
160 75 0.03125
171 75 0.03125
172 75 0.03125
183 75 0.03125
184 75 0.03125
187 75 0.03125
14 105 0.032258
21 105 0.032258
31 105 0.032258
32 105 0.032258
41 105 0.032258
50 105 0.032258
54 105 0.032258
57 105 0.032258
67 105 0.032258
70 105 0.032258
76 105 0.032258
83 105 0.032258
84 105 0.032258
89 105 0.032258
93 105 0.032258
95 105 0.032258
98 105 0.032258
110 105 0.032258
116 105 0.032258
119 105 0.032258
120 105 0.032258
121 105 0.032258
125 105 0.032258
129 105 0.032258
140 105 0.032258
153 105 0.032258
164 105 0.032258
167 105 0.032258
181 105 0.032258
183 105 0.032258
186 105 0.032258
15 158 0.037037
17 158 0.037037
18 158 0.037037
23 158 0.037037
33 158 0.037037
34 158 0.037037
43 158 0.037037
45 158 0.037037
47 158 0.037037
52 158 0.037037
59 158 0.037037
65 158 0.037037
67 158 0.037037
78 158 0.037037
84 158 0.037037
85 158 0.037037
103 158 0.037037
104 158 0.037037
120 158 0.037037
136 158 0.037037
142 158 0.037037
144 158 0.037037
154 158 0.037037
160 158 0.037037
176 158 0.037037
178 158 0.037037
186 158 0.037037
16 57 0.04
18 57 0.04
22 57 0.04
24 57 0.04
34 57 0.04
36 57 0.04
38 57 0.04
39 57 0.04
40 57 0.04
52 57 0.04
60 57 0.04
61 57 0.04
71 57 0.04
74 57 0.04
80 57 0.04
94 57 0.04
96 57 0.04
105 57 0.04
141 57 0.04
154 57 0.04
159 57 0.04
164 57 0.04
168 57 0.04
171 57 0.04
177 57 0.04
16 78 0.052632
50 78 0.052632
51 78 0.052632
52 78 0.052632
70 78 0.052632
111 78 0.052632
118 78 0.052632
120 78 0.052632
134 78 0.052632
135 78 0.052632
139 78 0.052632
150 78 0.052632
157 78 0.052632
158 78 0.052632
165 78 0.052632
166 78 0.052632
171 78 0.052632
182 78 0.052632
186 78 0.052632
16 98 0.04
40 98 0.04
47 98 0.04
54 98 0.04
61 98 0.04
70 98 0.04
79 98 0.04
92 98 0.04
100 98 0.04
101 98 0.04
105 98 0.04
106 98 0.04
124 98 0.04
126 98 0.04
128 98 0.04
137 98 0.04
146 98 0.04
150 98 0.04
152 98 0.04
154 98 0.04
161 98 0.04
170 98 0.04
171 98 0.04
178 98 0.04
179 98 0.04
16 157 0.03125
20 157 0.03125
27 157 0.03125
30 157 0.03125
38 157 0.03125
53 157 0.03125
60 157 0.03125
61 157 0.03125
78 157 0.03125
86 157 0.03125
88 157 0.03125
90 157 0.03125
92 157 0.03125
97 157 0.03125
103 157 0.03125
118 157 0.03125
119 157 0.03125
124 157 0.03125
127 157 0.03125
131 157 0.03125
137 157 0.03125
141 157 0.03125
145 157 0.03125
159 157 0.03125
161 157 0.03125
166 157 0.03125
167 157 0.03125
174 157 0.03125
175 157 0.03125
176 157 0.03125
180 157 0.03125
184 157 0.03125
17 36 0.038462
31 36 0.038462
35 36 0.038462
41 36 0.038462
46 36 0.038462
47 36 0.038462
49 36 0.038462
56 36 0.038462
57 36 0.038462
63 36 0.038462
69 36 0.038462
73 36 0.038462
82 36 0.038462
84 36 0.038462
101 36 0.038462
104 36 0.038462
106 36 0.038462
124 36 0.038462
128 36 0.038462
138 36 0.038462
150 36 0.038462
159 36 0.038462
162 36 0.038462
168 36 0.038462
175 36 0.038462
184 36 0.038462
17 81 0.0625
22 81 0.0625
28 81 0.0625
56 81 0.0625
61 81 0.0625
74 81 0.0625
133 81 0.0625
136 81 0.0625
140 81 0.0625
144 81 0.0625
145 81 0.0625
149 81 0.0625
154 81 0.0625
166 81 0.0625
172 81 0.0625
180 81 0.0625
19 128 0.05
21 128 0.05
25 128 0.05
26 128 0.05
29 128 0.05
34 128 0.05
36 128 0.05
44 128 0.05
49 128 0.05
54 128 0.05
66 128 0.05
98 128 0.05
112 128 0.05
124 128 0.05
135 128 0.05
148 128 0.05
159 128 0.05
160 128 0.05
168 128 0.05
184 128 0.05
19 141 0.032258
24 141 0.032258
25 141 0.032258
41 141 0.032258
49 141 0.032258
51 141 0.032258
52 141 0.032258
56 141 0.032258
57 141 0.032258
66 141 0.032258
71 141 0.032258
95 141 0.032258
101 141 0.032258
106 141 0.032258
108 141 0.032258
119 141 0.032258
124 141 0.032258
129 141 0.032258
135 141 0.032258
137 141 0.032258
149 141 0.032258
150 141 0.032258
152 141 0.032258
154 141 0.032258
157 141 0.032258
160 141 0.032258
161 141 0.032258
168 141 0.032258
171 141 0.032258
177 141 0.032258
180 141 0.032258
20 49 0.04
36 49 0.04
41 49 0.04
44 49 0.04
58 49 0.04
66 49 0.04
72 49 0.04
79 49 0.04
89 49 0.04
92 49 0.04
99 49 0.04
100 49 0.04
108 49 0.04
123 49 0.04
128 49 0.04
132 49 0.04
138 49 0.04
141 49 0.04
147 49 0.04
150 49 0.04
154 49 0.04
156 49 0.04
160 49 0.04
164 49 0.04
167 49 0.04
20 132 0.041667
23 132 0.041667
28 132 0.041667
31 132 0.041667
49 132 0.041667
54 132 0.041667
62 132 0.041667
73 132 0.041667
76 132 0.041667
88 132 0.041667
89 132 0.041667
102 132 0.041667
108 132 0.041667
109 132 0.041667
115 132 0.041667
135 132 0.041667
136 132 0.041667
138 132 0.041667
140 132 0.041667
144 132 0.041667
145 132 0.041667
148 132 0.041667
163 132 0.041667
181 132 0.041667
21 165 0.045455
33 165 0.045455
56 165 0.045455
60 165 0.045455
64 165 0.045455
68 165 0.045455
77 165 0.045455
78 165 0.045455
93 165 0.045455
99 165 0.045455
102 165 0.045455
115 165 0.045455
123 165 0.045455
135 165 0.045455
144 165 0.045455
146 165 0.045455
151 165 0.045455
153 165 0.045455
176 165 0.045455
180 165 0.045455
186 165 0.045455
187 165 0.045455
22 125 0.04
34 125 0.04
37 125 0.04
38 125 0.04
40 125 0.04
48 125 0.04
53 125 0.04
59 125 0.04
61 125 0.04
65 125 0.04
82 125 0.04
90 125 0.04
101 125 0.04
103 125 0.04
105 125 0.04
107 125 0.04
113 125 0.04
134 125 0.04
136 125 0.04
145 125 0.04
162 125 0.04
164 125 0.04
172 125 0.04
173 125 0.04
186 125 0.04
24 54 0.028571
46 54 0.028571
47 54 0.028571
51 54 0.028571
59 54 0.028571
65 54 0.028571
67 54 0.028571
71 54 0.028571
76 54 0.028571
80 54 0.028571
86 54 0.028571
88 54 0.028571
90 54 0.028571
92 54 0.028571
95 54 0.028571
97 54 0.028571
98 54 0.028571
99 54 0.028571
102 54 0.028571
103 54 0.028571
105 54 0.028571
106 54 0.028571
107 54 0.028571
108 54 0.028571
110 54 0.028571
117 54 0.028571
121 54 0.028571
128 54 0.028571
132 54 0.028571
134 54 0.028571
149 54 0.028571
166 54 0.028571
179 54 0.028571
180 54 0.028571
182 54 0.028571
27 121 0.047619
37 121 0.047619
52 121 0.047619
53 121 0.047619
54 121 0.047619
61 121 0.047619
69 121 0.047619
70 121 0.047619
83 121 0.047619
88 121 0.047619
94 121 0.047619
96 121 0.047619
105 121 0.047619
108 121 0.047619
109 121 0.047619
112 121 0.047619
133 121 0.047619
143 121 0.047619
168 121 0.047619
175 121 0.047619
183 121 0.047619
33 133 0.045455
38 133 0.045455
47 133 0.045455
63 133 0.045455
66 133 0.045455
80 133 0.045455
81 133 0.045455
87 133 0.045455
94 133 0.045455
95 133 0.045455
97 133 0.045455
107 133 0.045455
112 133 0.045455
117 133 0.045455
119 133 0.045455
121 133 0.045455
134 133 0.045455
142 133 0.045455
169 133 0.045455
171 133 0.045455
177 133 0.045455
180 133 0.045455
37 129 0.043478
47 129 0.043478
50 129 0.043478
52 129 0.043478
64 129 0.043478
68 129 0.043478
82 129 0.043478
85 129 0.043478
91 129 0.043478
94 129 0.043478
105 129 0.043478
106 129 0.043478
115 129 0.043478
122 129 0.043478
124 129 0.043478
127 129 0.043478
131 129 0.043478
135 129 0.043478
141 129 0.043478
160 129 0.043478
176 129 0.043478
179 129 0.043478
187 129 0.043478
40 66 0.041667
45 66 0.041667
46 66 0.041667
48 66 0.041667
49 66 0.041667
52 66 0.041667
61 66 0.041667
67 66 0.041667
69 66 0.041667
73 66 0.041667
86 66 0.041667
93 66 0.041667
94 66 0.041667
96 66 0.041667
100 66 0.041667
106 66 0.041667
128 66 0.041667
133 66 0.041667
137 66 0.041667
141 66 0.041667
142 66 0.041667
145 66 0.041667
147 66 0.041667
185 66 0.041667
20 0 0.045455
35 0 0.045455
41 0 0.045455
60 0 0.045455
67 0 0.045455
86 0 0.045455
87 0 0.045455
93 0 0.045455
102 0 0.045455
137 0 0.045455
143 0 0.045455
145 0 0.045455
146 0 0.045455
150 0 0.045455
154 0 0.045455
170 0 0.045455
172 0 0.045455
173 0 0.045455
174 0 0.045455
181 0 0.045455
183 0 0.045455
185 0 0.045455
4 1 0.03125
6 1 0.03125
7 1 0.03125
18 1 0.03125
23 1 0.03125
31 1 0.03125
38 1 0.03125
40 1 0.03125
52 1 0.03125
58 1 0.03125
72 1 0.03125
76 1 0.03125
84 1 0.03125
87 1 0.03125
88 1 0.03125
97 1 0.03125
106 1 0.03125
107 1 0.03125
109 1 0.03125
110 1 0.03125
115 1 0.03125
136 1 0.03125
139 1 0.03125
140 1 0.03125
153 1 0.03125
161 1 0.03125
164 1 0.03125
166 1 0.03125
173 1 0.03125
177 1 0.03125
180 1 0.03125
182 1 0.03125
7 2 0.045455
11 2 0.045455
19 2 0.045455
27 2 0.045455
39 2 0.045455
44 2 0.045455
61 2 0.045455
87 2 0.045455
106 2 0.045455
109 2 0.045455
110 2 0.045455
119 2 0.045455
135 2 0.045455
150 2 0.045455
152 2 0.045455
162 2 0.045455
166 2 0.045455
167 2 0.045455
173 2 0.045455
174 2 0.045455
180 2 0.045455
182 2 0.045455
4 3 0.028571
13 3 0.028571
18 3 0.028571
21 3 0.028571
26 3 0.028571
29 3 0.028571
33 3 0.028571
41 3 0.028571
42 3 0.028571
45 3 0.028571
46 3 0.028571
47 3 0.028571
86 3 0.028571
87 3 0.028571
88 3 0.028571
97 3 0.028571
101 3 0.028571
104 3 0.028571
106 3 0.028571
110 3 0.028571
112 3 0.028571
113 3 0.028571
116 3 0.028571
117 3 0.028571
126 3 0.028571
134 3 0.028571
139 3 0.028571
146 3 0.028571
159 3 0.028571
160 3 0.028571
169 3 0.028571
171 3 0.028571
175 3 0.028571
176 3 0.028571
178 3 0.028571
14 8 0.052632
41 8 0.052632
43 8 0.052632
48 8 0.052632
60 8 0.052632
65 8 0.052632
85 8 0.052632
89 8 0.052632
91 8 0.052632
94 8 0.052632
99 8 0.052632
115 8 0.052632
130 8 0.052632
134 8 0.052632
138 8 0.052632
180 8 0.052632
183 8 0.052632
185 8 0.052632
187 8 0.052632
11 9 0.033333
13 9 0.033333
19 9 0.033333
21 9 0.033333
24 9 0.033333
56 9 0.033333
64 9 0.033333
71 9 0.033333
73 9 0.033333
79 9 0.033333
82 9 0.033333
83 9 0.033333
93 9 0.033333
104 9 0.033333
106 9 0.033333
116 9 0.033333
137 9 0.033333
145 9 0.033333
146 9 0.033333
147 9 0.033333
149 9 0.033333
151 9 0.033333
152 9 0.033333
154 9 0.033333
160 9 0.033333
163 9 0.033333
164 9 0.033333
166 9 0.033333
172 9 0.033333
176 9 0.033333
19 12 0.043478
37 12 0.043478
42 12 0.043478
47 12 0.043478
70 12 0.043478
71 12 0.043478
79 12 0.043478
84 12 0.043478
97 12 0.043478
99 12 0.043478
102 12 0.043478
108 12 0.043478
113 12 0.043478
114 12 0.043478
144 12 0.043478
153 12 0.043478
159 12 0.043478
160 12 0.043478
163 12 0.043478
168 12 0.043478
172 12 0.043478
175 12 0.043478
187 12 0.043478
34 28 0.04
42 28 0.04
43 28 0.04
45 28 0.04
47 28 0.04
48 28 0.04
53 28 0.04
59 28 0.04
61 28 0.04
80 28 0.04
81 28 0.04
91 28 0.04
95 28 0.04
114 28 0.04
117 28 0.04
119 28 0.04
123 28 0.04
132 28 0.04
142 28 0.04
151 28 0.04
163 28 0.04
166 28 0.04
172 28 0.04
181 28 0.04
183 28 0.04
