0 7 0.076923
18 7 0.076923
19 7 0.076923
22 7 0.076923
26 7 0.076923
33 7 0.076923
55 7 0.076923
58 7 0.076923
78 7 0.076923
86 7 0.076923
100 7 0.076923
102 7 0.076923
108 7 0.076923
0 10 0.047619
5 10 0.047619
9 10 0.047619
16 10 0.047619
19 10 0.047619
22 10 0.047619
25 10 0.047619
35 10 0.047619
48 10 0.047619
55 10 0.047619
62 10 0.047619
66 10 0.047619
71 10 0.047619
72 10 0.047619
81 10 0.047619
87 10 0.047619
97 10 0.047619
101 10 0.047619
112 10 0.047619
119 10 0.047619
122 10 0.047619
0 17 0.066667
26 17 0.066667
27 17 0.066667
29 17 0.066667
45 17 0.066667
51 17 0.066667
54 17 0.066667
57 17 0.066667
71 17 0.066667
88 17 0.066667
90 17 0.066667
105 17 0.066667
116 17 0.066667
117 17 0.066667
121 17 0.066667
0 18 0.047619
2 18 0.047619
5 18 0.047619
7 18 0.047619
9 18 0.047619
20 18 0.047619
31 18 0.047619
35 18 0.047619
47 18 0.047619
59 18 0.047619
60 18 0.047619
64 18 0.047619
66 18 0.047619
72 18 0.047619
79 18 0.047619
81 18 0.047619
88 18 0.047619
89 18 0.047619
93 18 0.047619
95 18 0.047619
111 18 0.047619
0 20 0.055556
4 20 0.055556
8 20 0.055556
18 20 0.055556
22 20 0.055556
37 20 0.055556
42 20 0.055556
43 20 0.055556
60 20 0.055556
61 20 0.055556
64 20 0.055556
69 20 0.055556
74 20 0.055556
77 20 0.055556
81 20 0.055556
85 20 0.055556
108 20 0.055556
118 20 0.055556
0 21 0.047619
9 21 0.047619
14 21 0.047619
16 21 0.047619
27 21 0.047619
39 21 0.047619
57 21 0.047619
63 21 0.047619
68 21 0.047619
69 21 0.047619
73 21 0.047619
76 21 0.047619
77 21 0.047619
78 21 0.047619
80 21 0.047619
86 21 0.047619
94 21 0.047619
96 21 0.047619
107 21 0.047619
112 21 0.047619
122 21 0.047619
0 37 0.037037
4 37 0.037037
5 37 0.037037
8 37 0.037037
12 37 0.037037
15 37 0.037037
19 37 0.037037
20 37 0.037037
25 37 0.037037
29 37 0.037037
32 37 0.037037
34 37 0.037037
42 37 0.037037
47 37 0.037037
48 37 0.037037
51 37 0.037037
55 37 0.037037
57 37 0.037037
58 37 0.037037
78 37 0.037037
89 37 0.037037
93 37 0.037037
94 37 0.037037
103 37 0.037037
114 37 0.037037
116 37 0.037037
117 37 0.037037
0 44 0.05
16 44 0.05
19 44 0.05
22 44 0.05
24 44 0.05
27 44 0.05
28 44 0.05
33 44 0.05
35 44 0.05
38 44 0.05
63 44 0.05
73 44 0.05
77 44 0.05
79 44 0.05
90 44 0.05
95 44 0.05
102 44 0.05
103 44 0.05
112 44 0.05
120 44 0.05
0 48 0.071429
9 48 0.071429
10 48 0.071429
16 48 0.071429
25 48 0.071429
27 48 0.071429
37 48 0.071429
51 48 0.071429
55 48 0.071429
61 48 0.071429
67 48 0.071429
68 48 0.071429
89 48 0.071429
119 48 0.071429
0 49 0.047619
1 49 0.047619
8 49 0.047619
11 49 0.047619
27 49 0.047619
30 49 0.047619
33 49 0.047619
39 49 0.047619
46 49 0.047619
55 49 0.047619
62 49 0.047619
72 49 0.047619
73 49 0.047619
78 49 0.047619
94 49 0.047619
100 49 0.047619
103 49 0.047619
107 49 0.047619
108 49 0.047619
120 49 0.047619
123 49 0.047619
0 57 0.05
6 57 0.05
8 57 0.05
16 57 0.05
17 57 0.05
21 57 0.05
22 57 0.05
30 57 0.05
35 57 0.05
36 57 0.05
37 57 0.05
43 57 0.05
60 57 0.05
61 57 0.05
68 57 0.05
76 57 0.05
77 57 0.05
81 57 0.05
100 57 0.05
115 57 0.05
0 66 0.0625
10 66 0.0625
18 66 0.0625
22 66 0.0625
29 66 0.0625
33 66 0.0625
35 66 0.0625
47 66 0.0625
62 66 0.0625
65 66 0.0625
87 66 0.0625
95 66 0.0625
97 66 0.0625
99 66 0.0625
106 66 0.0625
119 66 0.0625
0 69 0.071429
2 69 0.071429
6 69 0.071429
13 69 0.071429
20 69 0.071429
21 69 0.071429
32 69 0.071429
38 69 0.071429
47 69 0.071429
53 69 0.071429
68 69 0.071429
77 69 0.071429
107 69 0.071429
113 69 0.071429
0 99 0.052632
2 99 0.052632
25 99 0.052632
39 99 0.052632
51 99 0.052632
66 99 0.052632
68 99 0.052632
77 99 0.052632
80 99 0.052632
84 99 0.052632
87 99 0.052632
89 99 0.052632
93 99 0.052632
97 99 0.052632
98 99 0.052632
107 99 0.052632
115 99 0.052632
119 99 0.052632
121 99 0.052632
0 100 0.071429
1 100 0.071429
2 100 0.071429
3 100 0.071429
7 100 0.071429
45 100 0.071429
49 100 0.071429
57 100 0.071429
58 100 0.071429
65 100 0.071429
67 100 0.071429
80 100 0.071429
81 100 0.071429
92 100 0.071429
0 106 0.05
11 106 0.05
13 106 0.05
14 106 0.05
15 106 0.05
16 106 0.05
19 106 0.05
35 106 0.05
50 106 0.05
56 106 0.05
59 106 0.05
66 106 0.05
70 106 0.05
76 106 0.05
103 106 0.05
107 106 0.05
114 106 0.05
118 106 0.05
120 106 0.05
122 106 0.05
0 116 0.071429
2 116 0.071429
11 116 0.071429
13 116 0.071429
17 116 0.071429
26 116 0.071429
35 116 0.071429
36 116 0.071429
37 116 0.071429
39 116 0.071429
67 116 0.071429
89 116 0.071429
111 116 0.071429
118 116 0.071429
0 118 0.045455
6 118 0.045455
13 118 0.045455
19 118 0.045455
20 118 0.045455
23 118 0.045455
24 118 0.045455
28 118 0.045455
32 118 0.045455
38 118 0.045455
43 118 0.045455
55 118 0.045455
58 118 0.045455
78 118 0.045455
82 118 0.045455
83 118 0.045455
96 118 0.045455
97 118 0.045455
98 118 0.045455
106 118 0.045455
116 118 0.045455
119 118 0.045455
0 120 0.043478
3 120 0.043478
23 120 0.043478
25 120 0.043478
36 120 0.043478
39 120 0.043478
44 120 0.043478
49 120 0.043478
52 120 0.043478
55 120 0.043478
61 120 0.043478
65 120 0.043478
73 120 0.043478
76 120 0.043478
82 120 0.043478
85 120 0.043478
90 120 0.043478
93 120 0.043478
94 120 0.043478
105 120 0.043478
106 120 0.043478
107 120 0.043478
112 120 0.043478
0 122 0.052632
6 122 0.052632
10 122 0.052632
11 122 0.052632
21 122 0.052632
27 122 0.052632
40 122 0.052632
42 122 0.052632
47 122 0.052632
54 122 0.052632
59 122 0.052632
71 122 0.052632
75 122 0.052632
80 122 0.052632
82 122 0.052632
90 122 0.052632
104 122 0.052632
106 122 0.052632
123 122 0.052632
1 9 0.066667
6 9 0.066667
10 9 0.066667
15 9 0.066667
18 9 0.066667
21 9 0.066667
30 9 0.066667
34 9 0.066667
41 9 0.066667
46 9 0.066667
48 9 0.066667
51 9 0.066667
53 9 0.066667
78 9 0.066667
97 9 0.066667
1 28 0.041667
2 28 0.041667
16 28 0.041667
24 28 0.041667
26 28 0.041667
36 28 0.041667
39 28 0.041667
40 28 0.041667
44 28 0.041667
52 28 0.041667
56 28 0.041667
60 28 0.041667
71 28 0.041667
80 28 0.041667
83 28 0.041667
89 28 0.041667
91 28 0.041667
101 28 0.041667
107 28 0.041667
108 28 0.041667
110 28 0.041667
112 28 0.041667
115 28 0.041667
118 28 0.041667
1 30 0.041667
4 30 0.041667
9 30 0.041667
13 30 0.041667
22 30 0.041667
27 30 0.041667
33 30 0.041667
34 30 0.041667
41 30 0.041667
47 30 0.041667
49 30 0.041667
50 30 0.041667
57 30 0.041667
73 30 0.041667
74 30 0.041667
80 30 0.041667
83 30 0.041667
86 30 0.041667
94 30 0.041667
102 30 0.041667
104 30 0.041667
110 30 0.041667
117 30 0.041667
119 30 0.041667
1 33 0.045455
4 33 0.045455
7 33 0.045455
11 33 0.045455
12 33 0.045455
23 33 0.045455
24 33 0.045455
30 33 0.045455
31 33 0.045455
39 33 0.045455
40 33 0.045455
44 33 0.045455
49 33 0.045455
56 33 0.045455
66 33 0.045455
70 33 0.045455
72 33 0.045455
79 33 0.045455
81 33 0.045455
83 33 0.045455
93 33 0.045455
117 33 0.045455
1 62 0.066667
2 62 0.066667
10 62 0.066667
13 62 0.066667
26 62 0.066667
42 62 0.066667
49 62 0.066667
59 62 0.066667
66 62 0.066667
70 62 0.066667
72 62 0.066667
83 62 0.066667
84 62 0.066667
113 62 0.066667
114 62 0.066667
1 74 0.047619
15 74 0.047619
20 74 0.047619
27 74 0.047619
29 74 0.047619
30 74 0.047619
31 74 0.047619
38 74 0.047619
47 74 0.047619
63 74 0.047619
64 74 0.047619
72 74 0.047619
76 74 0.047619
77 74 0.047619
82 74 0.047619
83 74 0.047619
86 74 0.047619
98 74 0.047619
109 74 0.047619
112 74 0.047619
117 74 0.047619
1 77 0.041667
6 77 0.041667
13 77 0.041667
20 77 0.041667
21 77 0.041667
31 77 0.041667
39 77 0.041667
44 77 0.041667
46 77 0.041667
54 77 0.041667
57 77 0.041667
69 77 0.041667
73 77 0.041667
74 77 0.041667
76 77 0.041667
86 77 0.041667
93 77 0.041667
94 77 0.041667
96 77 0.041667
98 77 0.041667
99 77 0.041667
108 77 0.041667
110 77 0.041667
117 77 0.041667
1 86 0.058824
7 86 0.058824
8 86 0.058824
21 86 0.058824
30 86 0.058824
39 86 0.058824
40 86 0.058824
45 86 0.058824
60 86 0.058824
65 86 0.058824
74 86 0.058824
77 86 0.058824
85 86 0.058824
87 86 0.058824
90 86 0.058824
98 86 0.058824
108 86 0.058824
1 89 0.05
16 89 0.05
18 89 0.05
19 89 0.05
22 89 0.05
26 89 0.05
27 89 0.05
28 89 0.05
37 89 0.05
48 89 0.05
58 89 0.05
61 89 0.05
99 89 0.05
102 89 0.05
104 89 0.05
108 89 0.05
113 89 0.05
115 89 0.05
116 89 0.05
121 89 0.05
1 96 0.083333
6 96 0.083333
14 96 0.083333
21 96 0.083333
26 96 0.083333
38 96 0.083333
77 96 0.083333
81 96 0.083333
84 96 0.083333
90 96 0.083333
109 96 0.083333
118 96 0.083333
1 123 0.058824
14 123 0.058824
25 123 0.058824
29 123 0.058824
32 123 0.058824
41 123 0.058824
47 123 0.058824
49 123 0.058824
76 123 0.058824
80 123 0.058824
101 123 0.058824
104 123 0.058824
105 123 0.058824
112 123 0.058824
113 123 0.058824
114 123 0.058824
122 123 0.058824
2 11 0.043478
5 11 0.043478
14 11 0.043478
16 11 0.043478
27 11 0.043478
33 11 0.043478
45 11 0.043478
46 11 0.043478
47 11 0.043478
49 11 0.043478
55 11 0.043478
67 11 0.043478
84 11 0.043478
87 11 0.043478
90 11 0.043478
92 11 0.043478
105 11 0.043478
106 11 0.043478
108 11 0.043478
111 11 0.043478
114 11 0.043478
116 11 0.043478
122 11 0.043478
2 29 0.041667
4 29 0.041667
6 29 0.041667
13 29 0.041667
17 29 0.041667
19 29 0.041667
23 29 0.041667
24 29 0.041667
26 29 0.041667
37 29 0.041667
45 29 0.041667
47 29 0.041667
66 29 0.041667
68 29 0.041667
72 29 0.041667
74 29 0.041667
76 29 0.041667
83 29 0.041667
88 29 0.041667
101 29 0.041667
103 29 0.041667
115 29 0.041667
121 29 0.041667
123 29 0.041667
2 31 0.045455
15 31 0.045455
18 31 0.045455
33 31 0.045455
38 31 0.045455
42 31 0.045455
61 31 0.045455
70 31 0.045455
74 31 0.045455
75 31 0.045455
77 31 0.045455
83 31 0.045455
87 31 0.045455
88 31 0.045455
95 31 0.045455
103 31 0.045455
104 31 0.045455
108 31 0.045455
109 31 0.045455
112 31 0.045455
114 31 0.045455
121 31 0.045455
2 35 0.038462
3 35 0.038462
5 35 0.038462
10 35 0.038462
18 35 0.038462
19 35 0.038462
23 35 0.038462
24 35 0.038462
26 35 0.038462
32 35 0.038462
44 35 0.038462
52 35 0.038462
57 35 0.038462
59 35 0.038462
61 35 0.038462
63 35 0.038462
65 35 0.038462
66 35 0.038462
71 35 0.038462
84 35 0.038462
90 35 0.038462
106 35 0.038462
112 35 0.038462
115 35 0.038462
116 35 0.038462
119 35 0.038462
2 39 0.038462
15 39 0.038462
21 39 0.038462
23 39 0.038462
24 39 0.038462
27 39 0.038462
28 39 0.038462
32 39 0.038462
33 39 0.038462
45 39 0.038462
49 39 0.038462
52 39 0.038462
55 39 0.038462
60 39 0.038462
77 39 0.038462
78 39 0.038462
86 39 0.038462
88 39 0.038462
93 39 0.038462
95 39 0.038462
99 39 0.038462
107 39 0.038462
113 39 0.038462
115 39 0.038462
116 39 0.038462
120 39 0.038462
2 43 0.05
20 43 0.05
22 43 0.05
32 43 0.05
41 43 0.05
52 43 0.05
53 43 0.05
54 43 0.05
55 43 0.05
56 43 0.05
57 43 0.05
59 43 0.05
68 43 0.05
72 43 0.05
98 43 0.05
102 43 0.05
109 43 0.05
112 43 0.05
115 43 0.05
118 43 0.05
2 46 0.045455
3 46 0.045455
6 46 0.045455
9 46 0.045455
11 46 0.045455
13 46 0.045455
19 46 0.045455
26 46 0.045455
34 46 0.045455
36 46 0.045455
45 46 0.045455
49 46 0.045455
67 46 0.045455
70 46 0.045455
73 46 0.045455
77 46 0.045455
78 46 0.045455
80 46 0.045455
88 46 0.045455
97 46 0.045455
104 46 0.045455
107 46 0.045455
2 53 0.047619
9 53 0.047619
16 53 0.047619
27 53 0.047619
43 53 0.047619
52 53 0.047619
56 53 0.047619
58 53 0.047619
59 53 0.047619
63 53 0.047619
67 53 0.047619
69 53 0.047619
70 53 0.047619
73 53 0.047619
85 53 0.047619
90 53 0.047619
93 53 0.047619
97 53 0.047619
111 53 0.047619
113 53 0.047619
121 53 0.047619
2 54 0.052632
4 54 0.052632
16 54 0.052632
17 54 0.052632
32 54 0.052632
43 54 0.052632
50 54 0.052632
64 54 0.052632
75 54 0.052632
76 54 0.052632
77 54 0.052632
81 54 0.052632
90 54 0.052632
93 54 0.052632
94 54 0.052632
95 54 0.052632
97 54 0.052632
102 54 0.052632
122 54 0.052632
2 71 0.043478
8 71 0.043478
10 71 0.043478
13 71 0.043478
17 71 0.043478
19 71 0.043478
24 71 0.043478
27 71 0.043478
28 71 0.043478
35 71 0.043478
36 71 0.043478
40 71 0.043478
41 71 0.043478
68 71 0.043478
70 71 0.043478
78 71 0.043478
87 71 0.043478
88 71 0.043478
95 71 0.043478
102 71 0.043478
112 71 0.043478
113 71 0.043478
122 71 0.043478
2 75 0.071429
16 75 0.071429
25 75 0.071429
31 75 0.071429
52 75 0.071429
54 75 0.071429
65 75 0.071429
67 75 0.071429
82 75 0.071429
92 75 0.071429
105 75 0.071429
109 75 0.071429
115 75 0.071429
122 75 0.071429
2 76 0.035714
3 76 0.035714
14 76 0.035714
15 76 0.035714
21 76 0.035714
26 76 0.035714
29 76 0.035714
32 76 0.035714
42 76 0.035714
45 76 0.035714
47 76 0.035714
50 76 0.035714
51 76 0.035714
52 76 0.035714
54 76 0.035714
56 76 0.035714
57 76 0.035714
59 76 0.035714
60 76 0.035714
74 76 0.035714
77 76 0.035714
83 76 0.035714
90 76 0.035714
92 76 0.035714
104 76 0.035714
106 76 0.035714
120 76 0.035714
123 76 0.035714
2 78 0.052632
7 78 0.052632
9 78 0.052632
21 78 0.052632
22 78 0.052632
37 78 0.052632
39 78 0.052632
40 78 0.052632
46 78 0.052632
49 78 0.052632
55 78 0.052632
64 78 0.052632
65 78 0.052632
71 78 0.052632
81 78 0.052632
105 78 0.052632
107 78 0.052632
113 78 0.052632
118 78 0.052632
2 82 0.055556
26 82 0.055556
51 82 0.055556
63 82 0.055556
65 82 0.055556
67 82 0.055556
72 82 0.055556
74 82 0.055556
75 82 0.055556
88 82 0.055556
92 82 0.055556
94 82 0.055556
110 82 0.055556
117 82 0.055556
118 82 0.055556
119 82 0.055556
120 82 0.055556
122 82 0.055556
2 84 0.055556
6 84 0.055556
11 84 0.055556
15 84 0.055556
16 84 0.055556
19 84 0.055556
35 84 0.055556
52 84 0.055556
56 84 0.055556
62 84 0.055556
63 84 0.055556
80 84 0.055556
96 84 0.055556
99 84 0.055556
107 84 0.055556
114 84 0.055556
115 84 0.055556
119 84 0.055556
2 105 0.05
6 105 0.05
11 105 0.05
17 105 0.05
23 105 0.05
41 105 0.05
50 105 0.05
55 105 0.05
56 105 0.05
58 105 0.05
75 105 0.05
78 105 0.05
81 105 0.05
98 105 0.05
104 105 0.05
107 105 0.05
112 105 0.05
115 105 0.05
120 105 0.05
123 105 0.05
2 108 0.052632
3 108 0.052632
7 108 0.052632
11 108 0.052632
16 108 0.052632
20 108 0.052632
28 108 0.052632
31 108 0.052632
45 108 0.052632
49 108 0.052632
50 108 0.052632
63 108 0.052632
77 108 0.052632
80 108 0.052632
81 108 0.052632
86 108 0.052632
89 108 0.052632
95 108 0.052632
117 108 0.052632
2 117 0.04
3 117 0.04
13 117 0.04
17 117 0.04
23 117 0.04
30 117 0.04
33 117 0.04
37 117 0.04
41 117 0.04
42 117 0.04
50 117 0.04
61 117 0.04
63 117 0.04
65 117 0.04
74 117 0.04
77 117 0.04
82 117 0.04
91 117 0.04
92 117 0.04
97 117 0.04
102 117 0.04
108 117 0.04
111 117 0.04
115 117 0.04
121 117 0.04
3 13 0.05
4 13 0.05
12 13 0.05
14 13 0.05
29 13 0.05
30 13 0.05
46 13 0.05
62 13 0.05
69 13 0.05
71 13 0.05
77 13 0.05
80 13 0.05
81 13 0.05
88 13 0.05
106 13 0.05
107 13 0.05
116 13 0.05
117 13 0.05
118 13 0.05
119 13 0.05
3 27 0.045455
6 27 0.045455
11 27 0.045455
17 27 0.045455
21 27 0.045455
23 27 0.045455
30 27 0.045455
39 27 0.045455
40 27 0.045455
42 27 0.045455
44 27 0.045455
48 27 0.045455
49 27 0.045455
53 27 0.045455
61 27 0.045455
71 27 0.045455
74 27 0.045455
81 27 0.045455
89 27 0.045455
104 27 0.045455
115 27 0.045455
122 27 0.045455
3 61 0.058824
19 61 0.058824
20 61 0.058824
27 61 0.058824
31 61 0.058824
35 61 0.058824
48 61 0.058824
57 61 0.058824
60 61 0.058824
72 61 0.058824
83 61 0.058824
89 61 0.058824
102 61 0.058824
103 61 0.058824
107 61 0.058824
117 61 0.058824
120 61 0.058824
3 79 0.055556
18 79 0.055556
19 79 0.055556
23 79 0.055556
32 79 0.055556
33 79 0.055556
34 79 0.055556
36 79 0.055556
44 79 0.055556
51 79 0.055556
64 79 0.055556
72 79 0.055556
88 79 0.055556
93 79 0.055556
98 79 0.055556
103 79 0.055556
109 79 0.055556
119 79 0.055556
3 83 0.047619
14 83 0.047619
28 83 0.047619
29 83 0.047619
30 83 0.047619
31 83 0.047619
33 83 0.047619
41 83 0.047619
45 83 0.047619
50 83 0.047619
55 83 0.047619
56 83 0.047619
61 83 0.047619
62 83 0.047619
65 83 0.047619
70 83 0.047619
74 83 0.047619
76 83 0.047619
93 83 0.047619
102 83 0.047619
118 83 0.047619
3 101 0.076923
10 101 0.076923
28 101 0.076923
29 101 0.076923
52 101 0.076923
64 101 0.076923
68 101 0.076923
70 101 0.076923
72 101 0.076923
81 101 0.076923
114 101 0.076923
119 101 0.076923
123 101 0.076923
3 107 0.047619
13 107 0.047619
19 107 0.047619
21 107 0.047619
28 107 0.047619
34 107 0.047619
39 107 0.047619
46 107 0.047619
49 107 0.047619
61 107 0.047619
65 107 0.047619
69 107 0.047619
70 107 0.047619
73 107 0.047619
78 107 0.047619
84 107 0.047619
98 107 0.047619
99 107 0.047619
105 107 0.047619
106 107 0.047619
120 107 0.047619
4 15 0.047619
9 15 0.047619
22 15 0.047619
31 15 0.047619
37 15 0.047619
39 15 0.047619
41 15 0.047619
45 15 0.047619
47 15 0.047619
51 15 0.047619
63 15 0.047619
74 15 0.047619
76 15 0.047619
84 15 0.047619
93 15 0.047619
94 15 0.047619
95 15 0.047619
102 15 0.047619
106 15 0.047619
111 15 0.047619
115 15 0.047619
4 24 0.071429
8 24 0.071429
28 24 0.071429
29 24 0.071429
33 24 0.071429
35 24 0.071429
39 24 0.071429
44 24 0.071429
45 24 0.071429
67 24 0.071429
71 24 0.071429
81 24 0.071429
110 24 0.071429
118 24 0.071429
4 36 0.0625
14 36 0.0625
19 36 0.0625
28 36 0.0625
45 36 0.0625
46 36 0.0625
57 36 0.0625
68 36 0.0625
71 36 0.0625
72 36 0.0625
79 36 0.0625
85 36 0.0625
116 36 0.0625
119 36 0.0625
120 36 0.0625
121 36 0.0625
4 42 0.055556
14 42 0.055556
20 42 0.055556
25 42 0.055556
27 42 0.055556
31 42 0.055556
32 42 0.055556
37 42 0.055556
59 42 0.055556
62 42 0.055556
63 42 0.055556
76 42 0.055556
81 42 0.055556
97 42 0.055556
110 42 0.055556
114 42 0.055556
117 42 0.055556
122 42 0.055556
4 47 0.047619
11 47 0.047619
15 47 0.047619
18 47 0.047619
29 47 0.047619
30 47 0.047619
37 47 0.047619
50 47 0.047619
51 47 0.047619
55 47 0.047619
66 47 0.047619
69 47 0.047619
72 47 0.047619
74 47 0.047619
76 47 0.047619
103 47 0.047619
109 47 0.047619
112 47 0.047619
113 47 0.047619
122 47 0.047619
123 47 0.047619
4 70 0.052632
23 70 0.052632
31 70 0.052632
33 70 0.052632
46 70 0.052632
53 70 0.052632
55 70 0.052632
62 70 0.052632
64 70 0.052632
67 70 0.052632
68 70 0.052632
71 70 0.052632
83 70 0.052632
101 70 0.052632
106 70 0.052632
107 70 0.052632
109 70 0.052632
111 70 0.052632
119 70 0.052632
4 88 0.066667
5 88 0.066667
13 88 0.066667
17 88 0.066667
18 88 0.066667
22 88 0.066667
26 88 0.066667
29 88 0.066667
31 88 0.066667
39 88 0.066667
46 88 0.066667
60 88 0.066667
71 88 0.066667
79 88 0.066667
82 88 0.066667
4 104 0.058824
23 104 0.058824
27 104 0.058824
30 104 0.058824
31 104 0.058824
40 104 0.058824
45 104 0.058824
46 104 0.058824
76 104 0.058824
89 104 0.058824
105 104 0.058824
113 104 0.058824
114 104 0.058824
115 104 0.058824
119 104 0.058824
122 104 0.058824
123 104 0.058824
4 119 0.035714
5 119 0.035714
10 119 0.035714
12 119 0.035714
13 119 0.035714
16 119 0.035714
30 119 0.035714
35 119 0.035714
36 119 0.035714
38 119 0.035714
48 119 0.035714
51 119 0.035714
52 119 0.035714
66 119 0.035714
70 119 0.035714
72 119 0.035714
79 119 0.035714
80 119 0.035714
82 119 0.035714
84 119 0.035714
90 119 0.035714
91 119 0.035714
98 119 0.035714
99 119 0.035714
101 119 0.035714
104 119 0.035714
112 119 0.035714
118 119 0.035714
5 6 0.052632
9 6 0.052632
27 6 0.052632
29 6 0.052632
38 6 0.052632
40 6 0.052632
46 6 0.052632
57 6 0.052632
69 6 0.052632
77 6 0.052632
81 6 0.052632
84 6 0.052632
96 6 0.052632
97 6 0.052632
98 6 0.052632
105 6 0.052632
118 6 0.052632
121 6 0.052632
122 6 0.052632
5 38 0.0625
6 38 0.0625
14 38 0.0625
23 38 0.0625
31 38 0.0625
34 38 0.0625
40 38 0.0625
44 38 0.0625
69 38 0.0625
74 38 0.0625
87 38 0.0625
92 38 0.0625
96 38 0.0625
103 38 0.0625
118 38 0.0625
119 38 0.0625
5 58 0.058824
7 58 0.058824
14 58 0.058824
25 58 0.058824
34 58 0.058824
37 58 0.058824
53 58 0.058824
64 58 0.058824
65 58 0.058824
87 58 0.058824
89 58 0.058824
90 58 0.058824
93 58 0.058824
100 58 0.058824
105 58 0.058824
112 58 0.058824
118 58 0.058824
5 67 0.055556
11 67 0.055556
12 67 0.055556
24 67 0.055556
32 67 0.055556
40 67 0.055556
46 67 0.055556
48 67 0.055556
53 67 0.055556
60 67 0.055556
65 67 0.055556
70 67 0.055556
75 67 0.055556
82 67 0.055556
85 67 0.055556
92 67 0.055556
100 67 0.055556
116 67 0.055556
5 68 0.05
21 68 0.05
29 68 0.05
36 68 0.05
40 68 0.05
43 68 0.05
45 68 0.05
48 68 0.05
51 68 0.05
57 68 0.05
59 68 0.05
60 68 0.05
63 68 0.05
69 68 0.05
70 68 0.05
71 68 0.05
98 68 0.05
99 68 0.05
101 68 0.05
103 68 0.05
5 72 0.037037
8 72 0.037037
10 72 0.037037
16 72 0.037037
18 72 0.037037
29 72 0.037037
33 72 0.037037
36 72 0.037037
43 72 0.037037
45 72 0.037037
47 72 0.037037
49 72 0.037037
50 72 0.037037
51 72 0.037037
56 72 0.037037
61 72 0.037037
62 72 0.037037
74 72 0.037037
79 72 0.037037
82 72 0.037037
91 72 0.037037
93 72 0.037037
101 72 0.037037
103 72 0.037037
112 72 0.037037
114 72 0.037037
119 72 0.037037
5 102 0.055556
7 102 0.055556
15 102 0.055556
25 102 0.055556
30 102 0.055556
43 102 0.055556
44 102 0.055556
54 102 0.055556
61 102 0.055556
63 102 0.055556
71 102 0.055556
83 102 0.055556
85 102 0.055556
89 102 0.055556
97 102 0.055556
111 102 0.055556
115 102 0.055556
117 102 0.055556
6 40 0.0625
27 40 0.0625
28 40 0.0625
33 40 0.0625
38 40 0.0625
67 40 0.0625
68 40 0.0625
71 40 0.0625
78 40 0.0625
81 40 0.0625
86 40 0.0625
103 40 0.0625
104 40 0.0625
110 40 0.0625
114 40 0.0625
122 40 0.0625
6 81 0.034483
10 81 0.034483
13 81 0.034483
14 81 0.034483
16 81 0.034483
18 81 0.034483
20 81 0.034483
23 81 0.034483
24 81 0.034483
27 81 0.034483
33 81 0.034483
34 81 0.034483
40 81 0.034483
42 81 0.034483
45 81 0.034483
54 81 0.034483
56 81 0.034483
57 81 0.034483
73 81 0.034483
78 81 0.034483
80 81 0.034483
85 81 0.034483
90 81 0.034483
92 81 0.034483
96 81 0.034483
100 81 0.034483
101 81 0.034483
105 81 0.034483
108 81 0.034483
6 97 0.0625
8 97 0.0625
9 97 0.0625
10 97 0.0625
42 97 0.0625
46 97 0.0625
53 97 0.0625
54 97 0.0625
64 97 0.0625
66 97 0.0625
73 97 0.0625
99 97 0.0625
102 97 0.0625
110 97 0.0625
117 97 0.0625
118 97 0.0625
6 98 0.058824
19 98 0.058824
43 98 0.058824
68 98 0.058824
74 98 0.058824
77 98 0.058824
79 98 0.058824
86 98 0.058824
91 98 0.058824
99 98 0.058824
105 98 0.058824
107 98 0.058824
110 98 0.058824
113 98 0.058824
118 98 0.058824
119 98 0.058824
121 98 0.058824
6 121 0.066667
16 121 0.066667
17 121 0.066667
29 121 0.066667
31 121 0.066667
36 121 0.066667
50 121 0.066667
53 121 0.066667
65 121 0.066667
89 121 0.066667
98 121 0.066667
99 121 0.066667
103 121 0.066667
114 121 0.066667
117 121 0.066667
7 19 0.05
10 19 0.05
29 19 0.05
35 19 0.05
36 19 0.05
37 19 0.05
44 19 0.05
46 19 0.05
56 19 0.05
61 19 0.05
71 19 0.05
79 19 0.05
84 19 0.05
89 19 0.05
95 19 0.05
98 19 0.05
106 19 0.05
107 19 0.05
112 19 0.05
118 19 0.05
7 22 0.055556
8 22 0.055556
10 22 0.055556
15 22 0.055556
20 22 0.055556
30 22 0.055556
43 22 0.055556
44 22 0.055556
57 22 0.055556
65 22 0.055556
66 22 0.055556
78 22 0.055556
88 22 0.055556
89 22 0.055556
91 22 0.055556
92 22 0.055556
94 22 0.055556
111 22 0.055556
7 26 0.055556
17 26 0.055556
28 26 0.055556
29 26 0.055556
32 26 0.055556
34 26 0.055556
35 26 0.055556
46 26 0.055556
60 26 0.055556
62 26 0.055556
73 26 0.055556
76 26 0.055556
80 26 0.055556
82 26 0.055556
88 26 0.055556
89 26 0.055556
96 26 0.055556
116 26 0.055556
7 55 0.047619
10 55 0.047619
11 55 0.047619
37 55 0.047619
39 55 0.047619
43 55 0.047619
47 55 0.047619
48 55 0.047619
49 55 0.047619
50 55 0.047619
56 55 0.047619
60 55 0.047619
70 55 0.047619
78 55 0.047619
83 55 0.047619
91 55 0.047619
105 55 0.047619
113 55 0.047619
115 55 0.047619
118 55 0.047619
120 55 0.047619
8 16 0.045455
10 16 0.045455
11 16 0.045455
21 16 0.045455
28 16 0.045455
44 16 0.045455
45 16 0.045455
48 16 0.045455
53 16 0.045455
54 16 0.045455
57 16 0.045455
72 16 0.045455
75 16 0.045455
81 16 0.045455
84 16 0.045455
89 16 0.045455
92 16 0.045455
103 16 0.045455
106 16 0.045455
108 16 0.045455
119 16 0.045455
121 16 0.045455
8 51 0.045455
9 51 0.045455
15 51 0.045455
17 51 0.045455
23 51 0.045455
37 51 0.045455
45 51 0.045455
47 51 0.045455
48 51 0.045455
52 51 0.045455
63 51 0.045455
65 51 0.045455
68 51 0.045455
72 51 0.045455
73 51 0.045455
76 51 0.045455
79 51 0.045455
82 51 0.045455
92 51 0.045455
95 51 0.045455
99 51 0.045455
119 51 0.045455
8 94 0.0625
15 94 0.0625
21 94 0.0625
22 94 0.0625
23 94 0.0625
30 94 0.0625
34 94 0.0625
37 94 0.0625
49 94 0.0625
52 94 0.0625
54 94 0.0625
77 94 0.0625
82 94 0.0625
90 94 0.0625
113 94 0.0625
120 94 0.0625
9 34 0.066667
25 34 0.066667
26 34 0.066667
30 34 0.066667
32 34 0.066667
37 34 0.066667
38 34 0.066667
46 34 0.066667
58 34 0.066667
79 34 0.066667
81 34 0.066667
94 34 0.066667
95 34 0.066667
107 34 0.066667
111 34 0.066667
9 41 0.090909
15 41 0.090909
23 41 0.090909
30 41 0.090909
43 41 0.090909
71 41 0.090909
83 41 0.090909
85 41 0.090909
105 41 0.090909
117 41 0.090909
123 41 0.090909
10 25 0.071429
34 25 0.071429
37 25 0.071429
42 25 0.071429
48 25 0.071429
50 25 0.071429
58 25 0.071429
75 25 0.071429
99 25 0.071429
102 25 0.071429
111 25 0.071429
112 25 0.071429
120 25 0.071429
123 25 0.071429
10 87 0.076923
11 87 0.076923
31 87 0.076923
38 87 0.076923
56 87 0.076923
58 87 0.076923
63 87 0.076923
66 87 0.076923
71 87 0.076923
86 87 0.076923
99 87 0.076923
111 87 0.076923
112 87 0.076923
10 112 0.043478
19 112 0.043478
21 112 0.043478
23 112 0.043478
25 112 0.043478
28 112 0.043478
31 112 0.043478
35 112 0.043478
43 112 0.043478
44 112 0.043478
47 112 0.043478
58 112 0.043478
71 112 0.043478
72 112 0.043478
74 112 0.043478
87 112 0.043478
93 112 0.043478
105 112 0.043478
110 112 0.043478
115 112 0.043478
119 112 0.043478
120 112 0.043478
123 112 0.043478
11 14 0.058824
13 14 0.058824
21 14 0.058824
36 14 0.058824
38 14 0.058824
42 14 0.058824
58 14 0.058824
59 14 0.058824
60 14 0.058824
76 14 0.058824
81 14 0.058824
83 14 0.058824
91 14 0.058824
96 14 0.058824
106 14 0.058824
109 14 0.058824
123 14 0.058824
11 45 0.04
15 45 0.04
16 45 0.04
17 45 0.04
24 45 0.04
29 45 0.04
36 45 0.04
39 45 0.04
46 45 0.04
51 45 0.04
56 45 0.04
68 45 0.04
72 45 0.04
73 45 0.04
76 45 0.04
81 45 0.04
83 45 0.04
85 45 0.04
86 45 0.04
90 45 0.04
91 45 0.04
100 45 0.04
104 45 0.04
108 45 0.04
114 45 0.04
11 90 0.047619
17 90 0.047619
23 90 0.047619
35 90 0.047619
44 90 0.047619
45 90 0.047619
52 90 0.047619
53 90 0.047619
54 90 0.047619
58 90 0.047619
60 90 0.047619
76 90 0.047619
81 90 0.047619
86 90 0.047619
92 90 0.047619
94 90 0.047619
96 90 0.047619
103 90 0.047619
119 90 0.047619
120 90 0.047619
122 90 0.047619
11 92 0.0625
16 92 0.0625
22 92 0.0625
38 92 0.0625
51 92 0.0625
64 92 0.0625
67 92 0.0625
73 92 0.0625
75 92 0.0625
76 92 0.0625
80 92 0.0625
81 92 0.0625
82 92 0.0625
90 92 0.0625
100 92 0.0625
117 92 0.0625
11 111 0.058824
15 111 0.058824
18 111 0.058824
22 111 0.058824
25 111 0.058824
34 111 0.058824
53 111 0.058824
70 111 0.058824
73 111 0.058824
80 111 0.058824
87 111 0.058824
102 111 0.058824
110 111 0.058824
113 111 0.058824
115 111 0.058824
116 111 0.058824
117 111 0.058824
11 114 0.0625
31 114 0.0625
37 114 0.0625
40 114 0.0625
42 114 0.0625
45 114 0.0625
62 114 0.0625
72 114 0.0625
84 114 0.0625
101 114 0.0625
104 114 0.0625
106 114 0.0625
110 114 0.0625
113 114 0.0625
121 114 0.0625
123 114 0.0625
12 50 0.058824
25 50 0.058824
30 50 0.058824
47 50 0.058824
54 50 0.058824
55 50 0.058824
64 50 0.058824
72 50 0.058824
73 50 0.058824
76 50 0.058824
83 50 0.058824
93 50 0.058824
105 50 0.058824
106 50 0.058824
108 50 0.058824
117 50 0.058824
121 50 0.058824
12 60 0.052632
14 60 0.052632
18 60 0.052632
20 60 0.052632
23 60 0.052632
26 60 0.052632
28 60 0.052632
32 60 0.052632
39 60 0.052632
55 60 0.052632
57 60 0.052632
61 60 0.052632
67 60 0.052632
68 60 0.052632
76 60 0.052632
86 60 0.052632
88 60 0.052632
90 60 0.052632
95 60 0.052632
12 85 0.071429
20 85 0.071429
36 85 0.071429
41 85 0.071429
45 85 0.071429
53 85 0.071429
64 85 0.071429
65 85 0.071429
67 85 0.071429
80 85 0.071429
81 85 0.071429
86 85 0.071429
102 85 0.071429
120 85 0.071429
12 91 0.076923
14 91 0.076923
22 91 0.076923
28 91 0.076923
45 91 0.076923
55 91 0.076923
64 91 0.076923
72 91 0.076923
98 91 0.076923
109 91 0.076923
113 91 0.076923
117 91 0.076923
119 91 0.076923
12 110 0.071429
23 110 0.071429
24 110 0.071429
28 110 0.071429
30 110 0.071429
40 110 0.071429
42 110 0.071429
77 110 0.071429
82 110 0.071429
97 110 0.071429
98 110 0.071429
111 110 0.071429
112 110 0.071429
114 110 0.071429
13 80 0.05
21 80 0.05
26 80 0.05
28 80 0.05
30 80 0.05
46 80 0.05
59 80 0.05
63 80 0.05
81 80 0.05
84 80 0.05
85 80 0.05
92 80 0.05
99 80 0.05
100 80 0.05
103 80 0.05
108 80 0.05
111 80 0.05
119 80 0.05
122 80 0.05
123 80 0.05
14 59 0.055556
18 59 0.055556
23 59 0.055556
35 59 0.055556
42 59 0.055556
43 59 0.055556
53 59 0.055556
62 59 0.055556
68 59 0.055556
76 59 0.055556
80 59 0.055556
93 59 0.055556
95 59 0.055556
103 59 0.055556
106 59 0.055556
109 59 0.055556
115 59 0.055556
122 59 0.055556
14 109 0.071429
31 109 0.071429
43 109 0.071429
47 109 0.071429
56 109 0.071429
59 109 0.071429
63 109 0.071429
65 109 0.071429
70 109 0.071429
74 109 0.071429
75 109 0.071429
79 109 0.071429
91 109 0.071429
96 109 0.071429
15 63 0.05
21 63 0.05
23 63 0.05
35 63 0.05
42 63 0.05
44 63 0.05
51 63 0.05
53 63 0.05
65 63 0.05
68 63 0.05
74 63 0.05
80 63 0.05
82 63 0.05
84 63 0.05
87 63 0.05
102 63 0.05
108 63 0.05
109 63 0.05
115 63 0.05
117 63 0.05
15 93 0.052632
18 93 0.052632
33 93 0.052632
37 93 0.052632
39 93 0.052632
50 93 0.052632
53 93 0.052632
54 93 0.052632
58 93 0.052632
59 93 0.052632
72 93 0.052632
77 93 0.052632
79 93 0.052632
83 93 0.052632
99 93 0.052632
103 93 0.052632
112 93 0.052632
115 93 0.052632
120 93 0.052632
15 95 0.0625
18 95 0.0625
19 95 0.0625
31 95 0.0625
32 95 0.0625
34 95 0.0625
39 95 0.0625
44 95 0.0625
51 95 0.0625
54 95 0.0625
59 95 0.0625
60 95 0.0625
66 95 0.0625
71 95 0.0625
73 95 0.0625
108 95 0.0625
15 115 0.045455
27 115 0.045455
28 115 0.045455
29 115 0.045455
35 115 0.045455
39 115 0.045455
43 115 0.045455
55 115 0.045455
57 115 0.045455
59 115 0.045455
63 115 0.045455
75 115 0.045455
84 115 0.045455
89 115 0.045455
93 115 0.045455
99 115 0.045455
102 115 0.045455
104 115 0.045455
105 115 0.045455
111 115 0.045455
112 115 0.045455
117 115 0.045455
16 103 0.052632
29 103 0.052632
31 103 0.052632
37 103 0.052632
38 103 0.052632
40 103 0.052632
44 103 0.052632
47 103 0.052632
49 103 0.052632
59 103 0.052632
61 103 0.052632
68 103 0.052632
72 103 0.052632
79 103 0.052632
80 103 0.052632
90 103 0.052632
93 103 0.052632
106 103 0.052632
121 103 0.052632
18 64 0.066667
20 64 0.066667
32 64 0.066667
50 64 0.066667
54 64 0.066667
58 64 0.066667
70 64 0.066667
74 64 0.066667
78 64 0.066667
79 64 0.066667
85 64 0.066667
91 64 0.066667
92 64 0.066667
97 64 0.066667
101 64 0.066667
19 56 0.055556
28 56 0.055556
32 56 0.055556
33 56 0.055556
43 56 0.055556
45 56 0.055556
53 56 0.055556
55 56 0.055556
72 56 0.055556
76 56 0.055556
81 56 0.055556
83 56 0.055556
84 56 0.055556
87 56 0.055556
105 56 0.055556
106 56 0.055556
109 56 0.055556
113 56 0.055556
21 73 0.055556
26 73 0.055556
30 73 0.055556
44 73 0.055556
45 73 0.055556
46 73 0.055556
49 73 0.055556
50 73 0.055556
51 73 0.055556
53 73 0.055556
77 73 0.055556
81 73 0.055556
92 73 0.055556
95 73 0.055556
97 73 0.055556
107 73 0.055556
111 73 0.055556
120 73 0.055556
22 65 0.05
35 65 0.05
51 65 0.05
58 65 0.05
63 65 0.05
66 65 0.05
67 65 0.05
75 65 0.05
78 65 0.05
82 65 0.05
83 65 0.05
85 65 0.05
86 65 0.05
100 65 0.05
107 65 0.05
109 65 0.05
113 65 0.05
117 65 0.05
120 65 0.05
121 65 0.05
23 52 0.066667
28 52 0.066667
35 52 0.066667
39 52 0.066667
43 52 0.066667
51 52 0.066667
53 52 0.066667
75 52 0.066667
76 52 0.066667
84 52 0.066667
90 52 0.066667
94 52 0.066667
101 52 0.066667
119 52 0.066667
120 52 0.066667
26 32 0.052632
34 32 0.052632
35 32 0.052632
37 32 0.052632
39 32 0.052632
42 32 0.052632
43 32 0.052632
54 32 0.052632
56 32 0.052632
60 32 0.052632
64 32 0.052632
67 32 0.052632
69 32 0.052632
76 32 0.052632
79 32 0.052632
95 32 0.052632
113 32 0.052632
118 32 0.052632
123 32 0.052632
32 113 0.052632
39 113 0.052632
47 113 0.052632
53 113 0.052632
55 113 0.052632
56 113 0.052632
62 113 0.052632
65 113 0.052632
69 113 0.052632
71 113 0.052632
78 113 0.052632
89 113 0.052632
91 113 0.052632
94 113 0.052632
98 113 0.052632
104 113 0.052632
111 113 0.052632
114 113 0.052632
123 113 0.052632
7 0 0.05
10 0 0.05
17 0 0.05
18 0 0.05
20 0 0.05
21 0 0.05
37 0 0.05
44 0 0.05
48 0 0.05
49 0 0.05
57 0 0.05
66 0 0.05
69 0 0.05
99 0 0.05
100 0 0.05
106 0 0.05
116 0 0.05
118 0 0.05
120 0 0.05
122 0 0.05
9 1 0.076923
28 1 0.076923
30 1 0.076923
33 1 0.076923
49 1 0.076923
62 1 0.076923
74 1 0.076923
77 1 0.076923
86 1 0.076923
89 1 0.076923
96 1 0.076923
100 1 0.076923
123 1 0.076923
11 2 0.04
18 2 0.04
28 2 0.04
29 2 0.04
31 2 0.04
35 2 0.04
39 2 0.04
43 2 0.04
46 2 0.04
53 2 0.04
54 2 0.04
62 2 0.04
69 2 0.04
71 2 0.04
75 2 0.04
76 2 0.04
78 2 0.04
82 2 0.04
84 2 0.04
99 2 0.04
100 2 0.04
105 2 0.04
108 2 0.04
116 2 0.04
117 2 0.04
13 3 0.071429
27 3 0.071429
35 3 0.071429
46 3 0.071429
61 3 0.071429
76 3 0.071429
79 3 0.071429
83 3 0.071429
100 3 0.071429
101 3 0.071429
107 3 0.071429
108 3 0.071429
117 3 0.071429
120 3 0.071429
13 4 0.0625
15 4 0.0625
20 4 0.0625
24 4 0.0625
29 4 0.0625
30 4 0.0625
33 4 0.0625
36 4 0.0625
37 4 0.0625
42 4 0.0625
47 4 0.0625
54 4 0.0625
70 4 0.0625
88 4 0.0625
104 4 0.0625
119 4 0.0625
6 5 0.071429
10 5 0.071429
11 5 0.071429
18 5 0.071429
35 5 0.071429
37 5 0.071429
38 5 0.071429
58 5 0.071429
67 5 0.071429
68 5 0.071429
72 5 0.071429
88 5 0.071429
102 5 0.071429
119 5 0.071429
16 8 0.076923
20 8 0.076923
22 8 0.076923
24 8 0.076923
37 8 0.076923
49 8 0.076923
51 8 0.076923
57 8 0.076923
71 8 0.076923
72 8 0.076923
86 8 0.076923
94 8 0.076923
97 8 0.076923
13 12 0.1
33 12 0.1
37 12 0.1
50 12 0.1
60 12 0.1
67 12 0.1
85 12 0.1
91 12 0.1
110 12 0.1
119 12 0.1
27 23 0.041667
29 23 0.041667
33 23 0.041667
35 23 0.041667
38 23 0.041667
39 23 0.041667
41 23 0.041667
51 23 0.041667
52 23 0.041667
59 23 0.041667
60 23 0.041667
63 23 0.041667
70 23 0.041667
79 23 0.041667
81 23 0.041667
90 23 0.041667
94 23 0.041667
104 23 0.041667
105 23 0.041667
110 23 0.041667
112 23 0.041667
117 23 0.041667
118 23 0.041667
120 23 0.041667
