0 1 0.038462
6 1 0.038462
8 1 0.038462
10 1 0.038462
13 1 0.038462
15 1 0.038462
18 1 0.038462
19 1 0.038462
20 1 0.038462
22 1 0.038462
24 1 0.038462
29 1 0.038462
33 1 0.038462
43 1 0.038462
45 1 0.038462
52 1 0.038462
55 1 0.038462
57 1 0.038462
60 1 0.038462
69 1 0.038462
73 1 0.038462
94 1 0.038462
97 1 0.038462
98 1 0.038462
101 1 0.038462
115 1 0.038462
0 2 0.05
6 2 0.05
7 2 0.05
8 2 0.05
9 2 0.05
11 2 0.05
13 2 0.05
35 2 0.05
39 2 0.05
51 2 0.05
53 2 0.05
57 2 0.05
59 2 0.05
66 2 0.05
72 2 0.05
75 2 0.05
85 2 0.05
87 2 0.05
89 2 0.05
109 2 0.05
0 3 0.03125
6 3 0.03125
7 3 0.03125
8 3 0.03125
10 3 0.03125
11 3 0.03125
13 3 0.03125
14 3 0.03125
16 3 0.03125
18 3 0.03125
23 3 0.03125
25 3 0.03125
26 3 0.03125
27 3 0.03125
28 3 0.03125
31 3 0.03125
37 3 0.03125
47 3 0.03125
49 3 0.03125
64 3 0.03125
73 3 0.03125
75 3 0.03125
77 3 0.03125
84 3 0.03125
87 3 0.03125
91 3 0.03125
93 3 0.03125
96 3 0.03125
103 3 0.03125
104 3 0.03125
106 3 0.03125
113 3 0.03125
0 4 0.125
30 4 0.125
31 4 0.125
37 4 0.125
52 4 0.125
59 4 0.125
82 4 0.125
104 4 0.125
0 5 0.076923
6 5 0.076923
7 5 0.076923
8 5 0.076923
23 5 0.076923
28 5 0.076923
34 5 0.076923
38 5 0.076923
47 5 0.076923
53 5 0.076923
66 5 0.076923
79 5 0.076923
104 5 0.076923
0 6 0.043478
1 6 0.043478
2 6 0.043478
3 6 0.043478
5 6 0.043478
7 6 0.043478
8 6 0.043478
9 6 0.043478
10 6 0.043478
12 6 0.043478
14 6 0.043478
31 6 0.043478
39 6 0.043478
42 6 0.043478
44 6 0.043478
46 6 0.043478
49 6 0.043478
51 6 0.043478
69 6 0.043478
78 6 0.043478
79 6 0.043478
99 6 0.043478
100 6 0.043478
0 7 0.090909
2 7 0.090909
3 7 0.090909
5 7 0.090909
6 7 0.090909
9 7 0.090909
11 7 0.090909
17 7 0.090909
18 7 0.090909
19 7 0.090909
72 7 0.090909
0 9 0.041667
2 9 0.041667
6 9 0.041667
7 9 0.041667
8 9 0.041667
10 9 0.041667
11 9 0.041667
12 9 0.041667
14 9 0.041667
15 9 0.041667
17 9 0.041667
24 9 0.041667
27 9 0.041667
28 9 0.041667
38 9 0.041667
42 9 0.041667
50 9 0.041667
56 9 0.041667
66 9 0.041667
67 9 0.041667
80 9 0.041667
94 9 0.041667
100 9 0.041667
110 9 0.041667
0 10 0.028571
1 10 0.028571
3 10 0.028571
6 10 0.028571
9 10 0.028571
11 10 0.028571
12 10 0.028571
15 10 0.028571
19 10 0.028571
20 10 0.028571
23 10 0.028571
27 10 0.028571
31 10 0.028571
32 10 0.028571
34 10 0.028571
35 10 0.028571
37 10 0.028571
39 10 0.028571
41 10 0.028571
44 10 0.028571
45 10 0.028571
49 10 0.028571
54 10 0.028571
62 10 0.028571
70 10 0.028571
71 10 0.028571
73 10 0.028571
81 10 0.028571
83 10 0.028571
84 10 0.028571
93 10 0.028571
94 10 0.028571
99 10 0.028571
110 10 0.028571
111 10 0.028571
0 12 0.071429
6 12 0.071429
8 12 0.071429
9 12 0.071429
10 12 0.071429
13 12 0.071429
16 12 0.071429
18 12 0.071429
26 12 0.071429
63 12 0.071429
84 12 0.071429
87 12 0.071429
90 12 0.071429
92 12 0.071429
0 13 0.035714
1 13 0.035714
2 13 0.035714
3 13 0.035714
12 13 0.035714
14 13 0.035714
15 13 0.035714
20 13 0.035714
21 13 0.035714
25 13 0.035714
27 13 0.035714
32 13 0.035714
33 13 0.035714
34 13 0.035714
42 13 0.035714
48 13 0.035714
50 13 0.035714
58 13 0.035714
64 13 0.035714
65 13 0.035714
68 13 0.035714
69 13 0.035714
81 13 0.035714
82 13 0.035714
86 13 0.035714
88 13 0.035714
102 13 0.035714
111 13 0.035714
0 14 0.052632
3 14 0.052632
6 14 0.052632
9 14 0.052632
13 14 0.052632
15 14 0.052632
16 14 0.052632
22 14 0.052632
30 14 0.052632
36 14 0.052632
38 14 0.052632
41 14 0.052632
51 14 0.052632
74 14 0.052632
77 14 0.052632
80 14 0.052632
100 14 0.052632
108 14 0.052632
110 14 0.052632
0 16 0.055556
3 16 0.055556
11 16 0.055556
12 16 0.055556
14 16 0.055556
21 16 0.055556
26 16 0.055556
38 16 0.055556
60 16 0.055556
63 16 0.055556
65 16 0.055556
67 16 0.055556
68 16 0.055556
71 16 0.055556
75 16 0.055556
76 16 0.055556
97 16 0.055556
107 16 0.055556
0 17 0.05
7 17 0.05
9 17 0.05
11 17 0.05
15 17 0.05
19 17 0.05
24 17 0.05
32 17 0.05
37 17 0.05
46 17 0.05
49 17 0.05
53 17 0.05
62 17 0.05
74 17 0.05
80 17 0.05
88 17 0.05
90 17 0.05
93 17 0.05
101 17 0.05
104 17 0.05
0 18 0.041667
1 18 0.041667
3 18 0.041667
7 18 0.041667
12 18 0.041667
20 18 0.041667
25 18 0.041667
26 18 0.041667
29 18 0.041667
30 18 0.041667
32 18 0.041667
34 18 0.041667
42 18 0.041667
45 18 0.041667
56 18 0.041667
58 18 0.041667
61 18 0.041667
64 18 0.041667
80 18 0.041667
81 18 0.041667
83 18 0.041667
95 18 0.041667
116 18 0.041667
118 18 0.041667
0 19 0.043478
1 19 0.043478
7 19 0.043478
10 19 0.043478
17 19 0.043478
21 19 0.043478
24 19 0.043478
28 19 0.043478
33 19 0.043478
35 19 0.043478
43 19 0.043478
47 19 0.043478
48 19 0.043478
51 19 0.043478
64 19 0.043478
66 19 0.043478
67 19 0.043478
72 19 0.043478
90 19 0.043478
101 19 0.043478
108 19 0.043478
115 19 0.043478
117 19 0.043478
0 20 0.076923
1 20 0.076923
10 20 0.076923
13 20 0.076923
18 20 0.076923
22 20 0.076923
26 20 0.076923
36 20 0.076923
44 20 0.076923
45 20 0.076923
55 20 0.076923
58 20 0.076923
86 20 0.076923
0 21 0.083333
11 21 0.083333
13 21 0.083333
16 21 0.083333
19 21 0.083333
22 21 0.083333
52 21 0.083333
54 21 0.083333
68 21 0.083333
110 21 0.083333
113 21 0.083333
115 21 0.083333
0 22 0.071429
1 22 0.071429
14 22 0.071429
20 22 0.071429
21 22 0.071429
32 22 0.071429
36 22 0.071429
49 22 0.071429
59 22 0.071429
83 22 0.071429
87 22 0.071429
88 22 0.071429
98 22 0.071429
103 22 0.071429
0 25 0.090909
3 25 0.090909
13 25 0.090909
15 25 0.090909
18 25 0.090909
27 25 0.090909
29 25 0.090909
35 25 0.090909
53 25 0.090909
114 25 0.090909
118 25 0.090909
0 28 0.1
3 28 0.1
5 28 0.1
9 28 0.1
19 28 0.1
29 28 0.1
47 28 0.1
103 28 0.1
106 28 0.1
117 28 0.1
0 33 0.1
1 33 0.1
8 33 0.1
13 33 0.1
19 33 0.1
46 33 0.1
55 33 0.1
60 33 0.1
77 33 0.1
83 33 0.1
0 34 0.142857
5 34 0.142857
10 34 0.142857
13 34 0.142857
18 34 0.142857
60 34 0.142857
85 34 0.142857
0 38 0.090909
5 38 0.090909
9 38 0.090909
14 38 0.090909
16 38 0.090909
43 38 0.090909
79 38 0.090909
86 38 0.090909
110 38 0.090909
113 38 0.090909
116 38 0.090909
0 41 0.142857
10 41 0.142857
14 41 0.142857
31 41 0.142857
40 41 0.142857
77 41 0.142857
85 41 0.142857
0 46 0.083333
6 46 0.083333
11 46 0.083333
17 46 0.083333
33 46 0.083333
47 46 0.083333
54 46 0.083333
61 46 0.083333
96 46 0.083333
107 46 0.083333
109 46 0.083333
115 46 0.083333
0 48 0.142857
13 48 0.142857
19 48 0.142857
36 48 0.142857
44 48 0.142857
54 48 0.142857
115 48 0.142857
0 50 0.142857
9 50 0.142857
13 50 0.142857
15 50 0.142857
39 50 0.142857
77 50 0.142857
96 50 0.142857
0 54 0.125
10 54 0.125
21 54 0.125
46 54 0.125
48 54 0.125
57 54 0.125
99 54 0.125
103 54 0.125
0 58 0.2
13 58 0.2
18 58 0.2
20 58 0.2
26 58 0.2
0 61 0.166667
15 61 0.166667
18 61 0.166667
37 61 0.166667
46 61 0.166667
92 61 0.166667
0 62 0.125
10 62 0.125
17 62 0.125
39 62 0.125
43 62 0.125
64 62 0.125
65 62 0.125
102 62 0.125
0 66 0.1
2 66 0.1
5 66 0.1
9 66 0.1
19 66 0.1
74 66 0.1
89 66 0.1
91 66 0.1
92 66 0.1
108 66 0.1
0 67 0.142857
9 67 0.142857
15 67 0.142857
16 67 0.142857
19 67 0.142857
81 67 0.142857
103 67 0.142857
0 72 0.142857
2 72 0.142857
7 72 0.142857
19 72 0.142857
37 72 0.142857
75 72 0.142857
105 72 0.142857
0 82 0.2
4 82 0.2
13 82 0.2
27 82 0.2
29 82 0.2
0 84 0.111111
3 84 0.111111
10 84 0.111111
12 84 0.111111
79 84 0.111111
86 84 0.111111
91 84 0.111111
95 84 0.111111
116 84 0.111111
0 102 0.166667
13 102 0.166667
45 102 0.166667
62 102 0.166667
89 102 0.166667
107 102 0.166667
0 107 0.2
16 107 0.2
46 107 0.2
77 107 0.2
102 107 0.2
1 8 0.090909
2 8 0.090909
3 8 0.090909
5 8 0.090909
6 8 0.090909
9 8 0.090909
12 8 0.090909
31 8 0.090909
33 8 0.090909
45 8 0.090909
83 8 0.090909
1 15 0.034483
9 15 0.034483
10 15 0.034483
13 15 0.034483
14 15 0.034483
17 15 0.034483
23 15 0.034483
24 15 0.034483
25 15 0.034483
37 15 0.034483
39 15 0.034483
43 15 0.034483
44 15 0.034483
50 15 0.034483
56 15 0.034483
61 15 0.034483
63 15 0.034483
67 15 0.034483
69 15 0.034483
70 15 0.034483
76 15 0.034483
86 15 0.034483
89 15 0.034483
91 15 0.034483
99 15 0.034483
105 15 0.034483
108 15 0.034483
111 15 0.034483
112 15 0.034483
1 24 0.111111
9 24 0.111111
15 24 0.111111
17 24 0.111111
19 24 0.111111
36 24 0.111111
51 24 0.111111
52 24 0.111111
97 24 0.111111
1 29 0.125
18 29 0.125
25 29 0.125
26 29 0.125
28 29 0.125
68 29 0.125
69 29 0.125
82 29 0.125
1 43 0.111111
15 43 0.111111
19 43 0.111111
26 43 0.111111
38 43 0.111111
57 43 0.111111
62 43 0.111111
63 43 0.111111
70 43 0.111111
1 45 0.125
8 45 0.125
10 45 0.125
18 45 0.125
20 45 0.125
73 45 0.125
98 45 0.125
102 45 0.125
1 52 0.2
4 52 0.2
21 52 0.2
24 52 0.2
30 52 0.2
1 55 0.111111
11 55 0.111111
20 55 0.111111
26 55 0.111111
33 55 0.111111
85 55 0.111111
106 55 0.111111
112 55 0.111111
114 55 0.111111
1 57 0.166667
2 57 0.166667
11 57 0.166667
43 57 0.166667
54 57 0.166667
89 57 0.166667
1 60 0.083333
16 60 0.083333
33 60 0.083333
34 60 0.083333
39 60 0.083333
70 60 0.083333
75 60 0.083333
81 60 0.083333
90 60 0.083333
92 60 0.083333
106 60 0.083333
112 60 0.083333
1 69 0.2
6 69 0.2
13 69 0.2
15 69 0.2
29 69 0.2
1 73 0.142857
3 73 0.142857
10 73 0.142857
11 73 0.142857
45 73 0.142857
92 73 0.142857
97 73 0.142857
1 94 0.166667
9 94 0.166667
10 94 0.166667
11 94 0.166667
39 94 0.166667
117 94 0.166667
1 97 0.2
16 97 0.2
24 97 0.2
49 97 0.2
73 97 0.2
1 98 0.2
22 98 0.2
39 98 0.2
45 98 0.2
90 98 0.2
1 101 0.2
17 101 0.2
19 101 0.2
31 101 0.2
65 101 0.2
1 115 0.2
19 115 0.2
21 115 0.2
46 115 0.2
48 115 0.2
2 11 0.05
3 11 0.05
7 11 0.05
9 11 0.05
10 11 0.05
16 11 0.05
17 11 0.05
21 11 0.05
23 11 0.05
30 11 0.05
40 11 0.05
46 11 0.05
55 11 0.05
57 11 0.05
73 11 0.05
80 11 0.05
87 11 0.05
94 11 0.05
95 11 0.05
114 11 0.05
2 35 0.166667
10 35 0.166667
19 35 0.166667
25 35 0.166667
26 35 0.166667
93 35 0.166667
2 39 0.071429
6 39 0.071429
10 39 0.071429
15 39 0.071429
27 39 0.071429
40 39 0.071429
42 39 0.071429
50 39 0.071429
56 39 0.071429
60 39 0.071429
62 39 0.071429
78 39 0.071429
94 39 0.071429
98 39 0.071429
2 51 0.142857
6 51 0.142857
14 51 0.142857
19 51 0.142857
24 51 0.142857
65 51 0.142857
74 51 0.142857
2 53 0.166667
5 53 0.166667
17 53 0.166667
25 53 0.166667
49 53 0.166667
71 53 0.166667
2 59 0.142857
4 59 0.142857
22 59 0.142857
42 59 0.142857
56 59 0.142857
65 59 0.142857
114 59 0.142857
2 75 0.111111
3 75 0.111111
16 75 0.111111
60 75 0.111111
72 75 0.111111
93 75 0.111111
100 75 0.111111
105 75 0.111111
118 75 0.111111
2 85 0.166667
34 85 0.166667
41 85 0.166667
55 85 0.166667
81 85 0.166667
112 85 0.166667
2 87 0.166667
3 87 0.166667
11 87 0.166667
12 87 0.166667
22 87 0.166667
96 87 0.166667
2 89 0.166667
15 89 0.166667
57 89 0.166667
66 89 0.166667
77 89 0.166667
102 89 0.166667
2 109 0.2
37 109 0.2
46 109 0.2
68 109 0.2
80 109 0.2
3 23 0.125
5 23 0.125
10 23 0.125
11 23 0.125
15 23 0.125
76 23 0.125
113 23 0.125
114 23 0.125
3 26 0.066667
12 26 0.066667
16 26 0.066667
18 26 0.066667
20 26 0.066667
29 26 0.066667
30 26 0.066667
35 26 0.066667
36 26 0.066667
40 26 0.066667
43 26 0.066667
55 26 0.066667
58 26 0.066667
76 26 0.066667
79 26 0.066667
3 27 0.111111
9 27 0.111111
10 27 0.111111
13 27 0.111111
25 27 0.111111
39 27 0.111111
63 27 0.111111
82 27 0.111111
100 27 0.111111
3 31 0.125
4 31 0.125
6 31 0.125
8 31 0.125
10 31 0.125
41 31 0.125
76 31 0.125
101 31 0.125
3 37 0.1
4 37 0.1
10 37 0.1
15 37 0.1
17 37 0.1
61 37 0.1
71 37 0.1
72 37 0.1
88 37 0.1
109 37 0.1
3 47 0.125
5 47 0.125
19 47 0.125
28 47 0.125
46 47 0.125
56 47 0.125
99 47 0.125
104 47 0.125
3 49 0.090909
6 49 0.090909
10 49 0.090909
17 49 0.090909
22 49 0.090909
53 49 0.090909
70 49 0.090909
97 49 0.090909
105 49 0.090909
108 49 0.090909
112 49 0.090909
3 64 0.2
13 64 0.2
18 64 0.2
19 64 0.2
62 64 0.2
3 77 0.142857
14 77 0.142857
33 77 0.142857
41 77 0.142857
50 77 0.142857
89 77 0.142857
107 77 0.142857
3 91 0.2
15 91 0.2
66 91 0.2
68 91 0.2
84 91 0.2
3 93 0.166667
10 93 0.166667
17 93 0.166667
35 93 0.166667
75 93 0.166667
116 93 0.166667
3 96 0.2
30 96 0.2
46 96 0.2
50 96 0.2
87 96 0.2
3 103 0.2
22 103 0.2
28 103 0.2
54 103 0.2
67 103 0.2
3 104 0.166667
4 104 0.166667
5 104 0.166667
17 104 0.166667
47 104 0.166667
117 104 0.166667
3 106 0.2
28 106 0.2
55 106 0.2
60 106 0.2
79 106 0.2
3 113 0.2
21 113 0.2
23 113 0.2
38 113 0.2
83 113 0.2
4 30 0.076923
11 30 0.076923
14 30 0.076923
18 30 0.076923
26 30 0.076923
40 30 0.076923
52 30 0.076923
71 30 0.076923
74 30 0.076923
95 30 0.076923
96 30 0.076923
105 30 0.076923
117 30 0.076923
5 79 0.125
6 79 0.125
26 79 0.125
38 79 0.125
44 79 0.125
84 79 0.125
88 79 0.125
106 79 0.125
6 42 0.142857
9 42 0.142857
13 42 0.142857
18 42 0.142857
39 42 0.142857
44 42 0.142857
59 42 0.142857
6 44 0.142857
10 44 0.142857
15 44 0.142857
20 44 0.142857
42 44 0.142857
48 44 0.142857
79 44 0.142857
6 78 0.166667
39 78 0.166667
63 78 0.166667
70 78 0.166667
71 78 0.166667
90 78 0.166667
6 99 0.2
10 99 0.2
15 99 0.2
47 99 0.2
54 99 0.2
6 100 0.2
9 100 0.2
14 100 0.2
27 100 0.2
75 100 0.2
8 83 0.166667
10 83 0.166667
18 83 0.166667
22 83 0.166667
33 83 0.166667
113 83 0.166667
9 56 0.166667
15 56 0.166667
18 56 0.166667
39 56 0.166667
47 56 0.166667
59 56 0.166667
9 80 0.166667
11 80 0.166667
14 80 0.166667
17 80 0.166667
18 80 0.166667
109 80 0.166667
9 110 0.2
10 110 0.2
14 110 0.2
21 110 0.2
38 110 0.2
10 32 0.166667
13 32 0.166667
17 32 0.166667
18 32 0.166667
22 32 0.166667
40 32 0.166667
10 70 0.166667
15 70 0.166667
43 70 0.166667
49 70 0.166667
60 70 0.166667
78 70 0.166667
10 71 0.142857
16 71 0.142857
30 71 0.142857
37 71 0.142857
53 71 0.142857
78 71 0.142857
116 71 0.142857
10 81 0.166667
13 81 0.166667
18 81 0.166667
60 81 0.166667
67 81 0.166667
85 81 0.166667
10 111 0.2
13 111 0.2
15 111 0.2
36 111 0.2
40 111 0.2
11 40 0.142857
26 40 0.142857
30 40 0.142857
32 40 0.142857
39 40 0.142857
41 40 0.142857
111 40 0.142857
11 95 0.2
18 95 0.2
30 95 0.2
74 95 0.2
84 95 0.2
11 114 0.2
23 114 0.2
25 114 0.2
55 114 0.2
59 114 0.2
12 63 0.166667
15 63 0.166667
16 63 0.166667
27 63 0.166667
43 63 0.166667
78 63 0.166667
12 90 0.166667
17 90 0.166667
19 90 0.166667
60 90 0.166667
78 90 0.166667
98 90 0.166667
12 92 0.2
60 92 0.2
61 92 0.2
66 92 0.2
73 92 0.2
13 65 0.142857
16 65 0.142857
51 65 0.142857
59 65 0.142857
62 65 0.142857
101 65 0.142857
118 65 0.142857
13 68 0.142857
16 68 0.142857
21 68 0.142857
29 68 0.142857
36 68 0.142857
91 68 0.142857
109 68 0.142857
13 86 0.2
15 86 0.2
20 86 0.2
38 86 0.2
84 86 0.2
13 88 0.166667
17 88 0.166667
22 88 0.166667
37 88 0.166667
79 88 0.166667
118 88 0.166667
14 36 0.125
20 36 0.125
22 36 0.125
24 36 0.125
26 36 0.125
48 36 0.125
68 36 0.125
111 36 0.125
14 74 0.166667
17 74 0.166667
30 74 0.166667
51 74 0.166667
66 74 0.166667
95 74 0.166667
14 108 0.2
15 108 0.2
19 108 0.2
49 108 0.2
66 108 0.2
15 76 0.2
16 76 0.2
23 76 0.2
26 76 0.2
31 76 0.2
15 105 0.2
30 105 0.2
49 105 0.2
72 105 0.2
75 105 0.2
15 112 0.2
49 112 0.2
55 112 0.2
60 112 0.2
85 112 0.2
18 116 0.2
38 116 0.2
71 116 0.2
84 116 0.2
93 116 0.2
18 118 0.2
25 118 0.2
65 118 0.2
75 118 0.2
88 118 0.2
19 117 0.2
28 117 0.2
30 117 0.2
94 117 0.2
104 117 0.2
1 0 0.025641
2 0 0.025641
3 0 0.025641
4 0 0.025641
5 0 0.025641
6 0 0.025641
7 0 0.025641
9 0 0.025641
10 0 0.025641
12 0 0.025641
13 0 0.025641
14 0 0.025641
16 0 0.025641
17 0 0.025641
18 0 0.025641
19 0 0.025641
20 0 0.025641
21 0 0.025641
22 0 0.025641
25 0 0.025641
28 0 0.025641
33 0 0.025641
34 0 0.025641
38 0 0.025641
41 0 0.025641
46 0 0.025641
48 0 0.025641
50 0 0.025641
54 0 0.025641
58 0 0.025641
61 0 0.025641
62 0 0.025641
66 0 0.025641
67 0 0.025641
72 0 0.025641
82 0 0.025641
84 0 0.025641
102 0 0.025641
107 0 0.025641
