0 1 0.041667
6 1 0.041667
8 1 0.041667
10 1 0.041667
13 1 0.041667
15 1 0.041667
18 1 0.041667
19 1 0.041667
20 1 0.041667
22 1 0.041667
24 1 0.041667
29 1 0.041667
33 1 0.041667
43 1 0.041667
45 1 0.041667
52 1 0.041667
55 1 0.041667
57 1 0.041667
60 1 0.041667
69 1 0.041667
73 1 0.041667
94 1 0.041667
97 1 0.041667
98 1 0.041667
0 2 0.052632
6 2 0.052632
7 2 0.052632
8 2 0.052632
9 2 0.052632
11 2 0.052632
13 2 0.052632
35 2 0.052632
39 2 0.052632
51 2 0.052632
53 2 0.052632
57 2 0.052632
59 2 0.052632
66 2 0.052632
72 2 0.052632
75 2 0.052632
85 2 0.052632
87 2 0.052632
89 2 0.052632
0 3 0.035714
6 3 0.035714
7 3 0.035714
8 3 0.035714
10 3 0.035714
11 3 0.035714
13 3 0.035714
14 3 0.035714
16 3 0.035714
18 3 0.035714
23 3 0.035714
25 3 0.035714
26 3 0.035714
27 3 0.035714
28 3 0.035714
31 3 0.035714
37 3 0.035714
47 3 0.035714
49 3 0.035714
64 3 0.035714
73 3 0.035714
75 3 0.035714
77 3 0.035714
84 3 0.035714
87 3 0.035714
91 3 0.035714
93 3 0.035714
96 3 0.035714
0 4 0.142857
30 4 0.142857
31 4 0.142857
37 4 0.142857
52 4 0.142857
59 4 0.142857
82 4 0.142857
0 5 0.083333
6 5 0.083333
7 5 0.083333
8 5 0.083333
23 5 0.083333
28 5 0.083333
34 5 0.083333
38 5 0.083333
47 5 0.083333
53 5 0.083333
66 5 0.083333
79 5 0.083333
0 6 0.045455
1 6 0.045455
2 6 0.045455
3 6 0.045455
5 6 0.045455
7 6 0.045455
8 6 0.045455
9 6 0.045455
10 6 0.045455
12 6 0.045455
14 6 0.045455
31 6 0.045455
39 6 0.045455
42 6 0.045455
44 6 0.045455
46 6 0.045455
49 6 0.045455
51 6 0.045455
69 6 0.045455
78 6 0.045455
79 6 0.045455
99 6 0.045455
0 7 0.090909
2 7 0.090909
3 7 0.090909
5 7 0.090909
6 7 0.090909
9 7 0.090909
11 7 0.090909
17 7 0.090909
18 7 0.090909
19 7 0.090909
72 7 0.090909
0 9 0.045455
2 9 0.045455
6 9 0.045455
7 9 0.045455
8 9 0.045455
10 9 0.045455
11 9 0.045455
12 9 0.045455
14 9 0.045455
15 9 0.045455
17 9 0.045455
24 9 0.045455
27 9 0.045455
28 9 0.045455
38 9 0.045455
42 9 0.045455
50 9 0.045455
56 9 0.045455
66 9 0.045455
67 9 0.045455
80 9 0.045455
94 9 0.045455
0 10 0.030303
1 10 0.030303
3 10 0.030303
6 10 0.030303
9 10 0.030303
11 10 0.030303
12 10 0.030303
15 10 0.030303
19 10 0.030303
20 10 0.030303
23 10 0.030303
27 10 0.030303
31 10 0.030303
32 10 0.030303
34 10 0.030303
35 10 0.030303
37 10 0.030303
39 10 0.030303
41 10 0.030303
44 10 0.030303
45 10 0.030303
49 10 0.030303
54 10 0.030303
62 10 0.030303
70 10 0.030303
71 10 0.030303
73 10 0.030303
81 10 0.030303
83 10 0.030303
84 10 0.030303
93 10 0.030303
94 10 0.030303
99 10 0.030303
0 12 0.071429
6 12 0.071429
8 12 0.071429
9 12 0.071429
10 12 0.071429
13 12 0.071429
16 12 0.071429
18 12 0.071429
26 12 0.071429
63 12 0.071429
84 12 0.071429
87 12 0.071429
90 12 0.071429
92 12 0.071429
0 13 0.038462
1 13 0.038462
2 13 0.038462
3 13 0.038462
12 13 0.038462
14 13 0.038462
15 13 0.038462
20 13 0.038462
21 13 0.038462
25 13 0.038462
27 13 0.038462
32 13 0.038462
33 13 0.038462
34 13 0.038462
42 13 0.038462
48 13 0.038462
50 13 0.038462
58 13 0.038462
64 13 0.038462
65 13 0.038462
68 13 0.038462
69 13 0.038462
81 13 0.038462
82 13 0.038462
86 13 0.038462
88 13 0.038462
0 14 0.0625
3 14 0.0625
6 14 0.0625
9 14 0.0625
13 14 0.0625
15 14 0.0625
16 14 0.0625
22 14 0.0625
30 14 0.0625
36 14 0.0625
38 14 0.0625
41 14 0.0625
51 14 0.0625
74 14 0.0625
77 14 0.0625
80 14 0.0625
0 16 0.058824
3 16 0.058824
11 16 0.058824
12 16 0.058824
14 16 0.058824
21 16 0.058824
26 16 0.058824
38 16 0.058824
60 16 0.058824
63 16 0.058824
65 16 0.058824
67 16 0.058824
68 16 0.058824
71 16 0.058824
75 16 0.058824
76 16 0.058824
97 16 0.058824
0 17 0.055556
7 17 0.055556
9 17 0.055556
11 17 0.055556
15 17 0.055556
19 17 0.055556
24 17 0.055556
32 17 0.055556
37 17 0.055556
46 17 0.055556
49 17 0.055556
53 17 0.055556
62 17 0.055556
74 17 0.055556
80 17 0.055556
88 17 0.055556
90 17 0.055556
93 17 0.055556
0 18 0.045455
1 18 0.045455
3 18 0.045455
7 18 0.045455
12 18 0.045455
20 18 0.045455
25 18 0.045455
26 18 0.045455
29 18 0.045455
30 18 0.045455
32 18 0.045455
34 18 0.045455
42 18 0.045455
45 18 0.045455
56 18 0.045455
58 18 0.045455
61 18 0.045455
64 18 0.045455
80 18 0.045455
81 18 0.045455
83 18 0.045455
95 18 0.045455
0 19 0.052632
1 19 0.052632
7 19 0.052632
10 19 0.052632
17 19 0.052632
21 19 0.052632
24 19 0.052632
28 19 0.052632
33 19 0.052632
35 19 0.052632
43 19 0.052632
47 19 0.052632
48 19 0.052632
51 19 0.052632
64 19 0.052632
66 19 0.052632
67 19 0.052632
72 19 0.052632
90 19 0.052632
0 20 0.076923
1 20 0.076923
10 20 0.076923
13 20 0.076923
18 20 0.076923
22 20 0.076923
26 20 0.076923
36 20 0.076923
44 20 0.076923
45 20 0.076923
55 20 0.076923
58 20 0.076923
86 20 0.076923
0 21 0.111111
11 21 0.111111
13 21 0.111111
16 21 0.111111
19 21 0.111111
22 21 0.111111
52 21 0.111111
54 21 0.111111
68 21 0.111111
0 22 0.076923
1 22 0.076923
14 22 0.076923
20 22 0.076923
21 22 0.076923
32 22 0.076923
36 22 0.076923
49 22 0.076923
59 22 0.076923
83 22 0.076923
87 22 0.076923
88 22 0.076923
98 22 0.076923
0 25 0.111111
3 25 0.111111
13 25 0.111111
15 25 0.111111
18 25 0.111111
27 25 0.111111
29 25 0.111111
35 25 0.111111
53 25 0.111111
0 28 0.142857
3 28 0.142857
5 28 0.142857
9 28 0.142857
19 28 0.142857
29 28 0.142857
47 28 0.142857
0 33 0.1
1 33 0.1
8 33 0.1
13 33 0.1
19 33 0.1
46 33 0.1
55 33 0.1
60 33 0.1
77 33 0.1
83 33 0.1
0 34 0.142857
5 34 0.142857
10 34 0.142857
13 34 0.142857
18 34 0.142857
60 34 0.142857
85 34 0.142857
0 38 0.125
5 38 0.125
9 38 0.125
14 38 0.125
16 38 0.125
43 38 0.125
79 38 0.125
86 38 0.125
0 41 0.142857
10 41 0.142857
14 41 0.142857
31 41 0.142857
40 41 0.142857
77 41 0.142857
85 41 0.142857
0 46 0.111111
6 46 0.111111
11 46 0.111111
17 46 0.111111
33 46 0.111111
47 46 0.111111
54 46 0.111111
61 46 0.111111
96 46 0.111111
0 48 0.166667
13 48 0.166667
19 48 0.166667
36 48 0.166667
44 48 0.166667
54 48 0.166667
0 50 0.142857
9 50 0.142857
13 50 0.142857
15 50 0.142857
39 50 0.142857
77 50 0.142857
96 50 0.142857
0 54 0.142857
10 54 0.142857
21 54 0.142857
46 54 0.142857
48 54 0.142857
57 54 0.142857
99 54 0.142857
0 58 0.2
13 58 0.2
18 58 0.2
20 58 0.2
26 58 0.2
0 61 0.166667
15 61 0.166667
18 61 0.166667
37 61 0.166667
46 61 0.166667
92 61 0.166667
0 62 0.142857
10 62 0.142857
17 62 0.142857
39 62 0.142857
43 62 0.142857
64 62 0.142857
65 62 0.142857
0 66 0.111111
2 66 0.111111
5 66 0.111111
9 66 0.111111
19 66 0.111111
74 66 0.111111
89 66 0.111111
91 66 0.111111
92 66 0.111111
0 67 0.166667
9 67 0.166667
15 67 0.166667
16 67 0.166667
19 67 0.166667
81 67 0.166667
0 72 0.166667
2 72 0.166667
7 72 0.166667
19 72 0.166667
37 72 0.166667
75 72 0.166667
0 82 0.2
4 82 0.2
13 82 0.2
27 82 0.2
29 82 0.2
0 84 0.125
3 84 0.125
10 84 0.125
12 84 0.125
79 84 0.125
86 84 0.125
91 84 0.125
95 84 0.125
1 8 0.090909
2 8 0.090909
3 8 0.090909
5 8 0.090909
6 8 0.090909
9 8 0.090909
12 8 0.090909
31 8 0.090909
33 8 0.090909
45 8 0.090909
83 8 0.090909
1 15 0.04
9 15 0.04
10 15 0.04
13 15 0.04
14 15 0.04
17 15 0.04
23 15 0.04
24 15 0.04
25 15 0.04
37 15 0.04
39 15 0.04
43 15 0.04
44 15 0.04
50 15 0.04
56 15 0.04
61 15 0.04
63 15 0.04
67 15 0.04
69 15 0.04
70 15 0.04
76 15 0.04
86 15 0.04
89 15 0.04
91 15 0.04
99 15 0.04
1 24 0.111111
9 24 0.111111
15 24 0.111111
17 24 0.111111
19 24 0.111111
36 24 0.111111
51 24 0.111111
52 24 0.111111
97 24 0.111111
1 29 0.125
18 29 0.125
25 29 0.125
26 29 0.125
28 29 0.125
68 29 0.125
69 29 0.125
82 29 0.125
1 43 0.111111
15 43 0.111111
19 43 0.111111
26 43 0.111111
38 43 0.111111
57 43 0.111111
62 43 0.111111
63 43 0.111111
70 43 0.111111
1 45 0.142857
8 45 0.142857
10 45 0.142857
18 45 0.142857
20 45 0.142857
73 45 0.142857
98 45 0.142857
1 52 0.2
4 52 0.2
21 52 0.2
24 52 0.2
30 52 0.2
1 55 0.166667
11 55 0.166667
20 55 0.166667
26 55 0.166667
33 55 0.166667
85 55 0.166667
1 57 0.166667
2 57 0.166667
11 57 0.166667
43 57 0.166667
54 57 0.166667
89 57 0.166667
1 60 0.1
16 60 0.1
33 60 0.1
34 60 0.1
39 60 0.1
70 60 0.1
75 60 0.1
81 60 0.1
90 60 0.1
92 60 0.1
1 69 0.2
6 69 0.2
13 69 0.2
15 69 0.2
29 69 0.2
1 73 0.142857
3 73 0.142857
10 73 0.142857
11 73 0.142857
45 73 0.142857
92 73 0.142857
97 73 0.142857
1 94 0.2
9 94 0.2
10 94 0.2
11 94 0.2
39 94 0.2
1 97 0.2
16 97 0.2
24 97 0.2
49 97 0.2
73 97 0.2
1 98 0.2
22 98 0.2
39 98 0.2
45 98 0.2
90 98 0.2
2 11 0.052632
3 11 0.052632
7 11 0.052632
9 11 0.052632
10 11 0.052632
16 11 0.052632
17 11 0.052632
21 11 0.052632
23 11 0.052632
30 11 0.052632
40 11 0.052632
46 11 0.052632
55 11 0.052632
57 11 0.052632
73 11 0.052632
80 11 0.052632
87 11 0.052632
94 11 0.052632
95 11 0.052632
2 35 0.166667
10 35 0.166667
19 35 0.166667
25 35 0.166667
26 35 0.166667
93 35 0.166667
2 39 0.071429
6 39 0.071429
10 39 0.071429
15 39 0.071429
27 39 0.071429
40 39 0.071429
42 39 0.071429
50 39 0.071429
56 39 0.071429
60 39 0.071429
62 39 0.071429
78 39 0.071429
94 39 0.071429
98 39 0.071429
2 51 0.142857
6 51 0.142857
14 51 0.142857
19 51 0.142857
24 51 0.142857
65 51 0.142857
74 51 0.142857
2 53 0.166667
5 53 0.166667
17 53 0.166667
25 53 0.166667
49 53 0.166667
71 53 0.166667
2 59 0.166667
4 59 0.166667
22 59 0.166667
42 59 0.166667
56 59 0.166667
65 59 0.166667
2 75 0.166667
3 75 0.166667
16 75 0.166667
60 75 0.166667
72 75 0.166667
93 75 0.166667
2 85 0.2
34 85 0.2
41 85 0.2
55 85 0.2
81 85 0.2
2 87 0.166667
3 87 0.166667
11 87 0.166667
12 87 0.166667
22 87 0.166667
96 87 0.166667
2 89 0.2
15 89 0.2
57 89 0.2
66 89 0.2
77 89 0.2
3 23 0.166667
5 23 0.166667
10 23 0.166667
11 23 0.166667
15 23 0.166667
76 23 0.166667
3 26 0.066667
12 26 0.066667
16 26 0.066667
18 26 0.066667
20 26 0.066667
29 26 0.066667
30 26 0.066667
35 26 0.066667
36 26 0.066667
40 26 0.066667
43 26 0.066667
55 26 0.066667
58 26 0.066667
76 26 0.066667
79 26 0.066667
3 27 0.125
9 27 0.125
10 27 0.125
13 27 0.125
25 27 0.125
39 27 0.125
63 27 0.125
82 27 0.125
3 31 0.142857
4 31 0.142857
6 31 0.142857
8 31 0.142857
10 31 0.142857
41 31 0.142857
76 31 0.142857
3 37 0.111111
4 37 0.111111
10 37 0.111111
15 37 0.111111
17 37 0.111111
61 37 0.111111
71 37 0.111111
72 37 0.111111
88 37 0.111111
3 47 0.142857
5 47 0.142857
19 47 0.142857
28 47 0.142857
46 47 0.142857
56 47 0.142857
99 47 0.142857
3 49 0.125
6 49 0.125
10 49 0.125
17 49 0.125
22 49 0.125
53 49 0.125
70 49 0.125
97 49 0.125
3 64 0.2
13 64 0.2
18 64 0.2
19 64 0.2
62 64 0.2
3 77 0.166667
14 77 0.166667
33 77 0.166667
41 77 0.166667
50 77 0.166667
89 77 0.166667
3 91 0.2
15 91 0.2
66 91 0.2
68 91 0.2
84 91 0.2
3 93 0.2
10 93 0.2
17 93 0.2
35 93 0.2
75 93 0.2
3 96 0.2
30 96 0.2
46 96 0.2
50 96 0.2
87 96 0.2
4 30 0.090909
11 30 0.090909
14 30 0.090909
18 30 0.090909
26 30 0.090909
40 30 0.090909
52 30 0.090909
71 30 0.090909
74 30 0.090909
95 30 0.090909
96 30 0.090909
5 79 0.142857
6 79 0.142857
26 79 0.142857
38 79 0.142857
44 79 0.142857
84 79 0.142857
88 79 0.142857
6 42 0.142857
9 42 0.142857
13 42 0.142857
18 42 0.142857
39 42 0.142857
44 42 0.142857
59 42 0.142857
6 44 0.142857
10 44 0.142857
15 44 0.142857
20 44 0.142857
42 44 0.142857
48 44 0.142857
79 44 0.142857
6 78 0.166667
39 78 0.166667
63 78 0.166667
70 78 0.166667
71 78 0.166667
90 78 0.166667
6 99 0.2
10 99 0.2
15 99 0.2
47 99 0.2
54 99 0.2
8 83 0.2
10 83 0.2
18 83 0.2
22 83 0.2
33 83 0.2
9 56 0.166667
15 56 0.166667
18 56 0.166667
39 56 0.166667
47 56 0.166667
59 56 0.166667
9 80 0.2
11 80 0.2
14 80 0.2
17 80 0.2
18 80 0.2
10 32 0.166667
13 32 0.166667
17 32 0.166667
18 32 0.166667
22 32 0.166667
40 32 0.166667
10 70 0.166667
15 70 0.166667
43 70 0.166667
49 70 0.166667
60 70 0.166667
78 70 0.166667
10 71 0.166667
16 71 0.166667
30 71 0.166667
37 71 0.166667
53 71 0.166667
78 71 0.166667
10 81 0.166667
13 81 0.166667
18 81 0.166667
60 81 0.166667
67 81 0.166667
85 81 0.166667
11 40 0.166667
26 40 0.166667
30 40 0.166667
32 40 0.166667
39 40 0.166667
41 40 0.166667
11 95 0.2
18 95 0.2
30 95 0.2
74 95 0.2
84 95 0.2
12 63 0.166667
15 63 0.166667
16 63 0.166667
27 63 0.166667
43 63 0.166667
78 63 0.166667
12 90 0.166667
17 90 0.166667
19 90 0.166667
60 90 0.166667
78 90 0.166667
98 90 0.166667
12 92 0.2
60 92 0.2
61 92 0.2
66 92 0.2
73 92 0.2
13 65 0.2
16 65 0.2
51 65 0.2
59 65 0.2
62 65 0.2
13 68 0.166667
16 68 0.166667
21 68 0.166667
29 68 0.166667
36 68 0.166667
91 68 0.166667
13 86 0.2
15 86 0.2
20 86 0.2
38 86 0.2
84 86 0.2
13 88 0.2
17 88 0.2
22 88 0.2
37 88 0.2
79 88 0.2
14 36 0.142857
20 36 0.142857
22 36 0.142857
24 36 0.142857
26 36 0.142857
48 36 0.142857
68 36 0.142857
14 74 0.166667
17 74 0.166667
30 74 0.166667
51 74 0.166667
66 74 0.166667
95 74 0.166667
15 76 0.2
16 76 0.2
23 76 0.2
26 76 0.2
31 76 0.2
1 0 0.027027
2 0 0.027027
3 0 0.027027
4 0 0.027027
5 0 0.027027
6 0 0.027027
7 0 0.027027
9 0 0.027027
10 0 0.027027
12 0 0.027027
13 0 0.027027
14 0 0.027027
16 0 0.027027
17 0 0.027027
18 0 0.027027
19 0 0.027027
20 0 0.027027
21 0 0.027027
22 0 0.027027
25 0 0.027027
28 0 0.027027
33 0 0.027027
34 0 0.027027
38 0 0.027027
41 0 0.027027
46 0 0.027027
48 0 0.027027
50 0 0.027027
54 0 0.027027
58 0 0.027027
61 0 0.027027
62 0 0.027027
66 0 0.027027
67 0 0.027027
72 0 0.027027
82 0 0.027027
84 0 0.027027
