0 1 0.125
2 1 0.125
3 1 0.125
165 1 0.125
4 1 0.125
164 1 0.125
5 1 0.125
100 1 0.125
0 165 0.125
1 165 0.125
2 165 0.125
3 165 0.125
113 165 0.125
161 165 0.125
162 165 0.125
164 165 0.125
0 2 0.125
1 2 0.125
3 2 0.125
4 2 0.125
5 2 0.125
165 2 0.125
6 2 0.125
164 2 0.125
0 164 0.1
1 164 0.1
2 164 0.1
79 164 0.1
111 164 0.1
131 164 0.1
160 164 0.1
161 164 0.1
163 164 0.1
165 164 0.1
0 3 0.125
1 3 0.125
2 3 0.125
4 3 0.125
5 3 0.125
6 3 0.125
7 3 0.125
165 3 0.125
0 163 0.166667
10 163 0.166667
48 163 0.166667
159 163 0.166667
160 163 0.166667
164 163 0.166667
0 4 0.111111
1 4 0.111111
2 4 0.111111
3 4 0.111111
5 4 0.111111
6 4 0.111111
7 4 0.111111
8 4 0.111111
29 4 0.111111
1 5 0.111111
2 5 0.111111
3 5 0.111111
4 5 0.111111
6 5 0.111111
7 5 0.111111
8 5 0.111111
9 5 0.111111
117 5 0.111111
1 100 0.125
87 100 0.125
96 100 0.125
97 100 0.125
98 100 0.125
99 100 0.125
101 100 0.125
104 100 0.125
2 6 0.125
3 6 0.125
4 6 0.125
5 6 0.125
7 6 0.125
8 6 0.125
9 6 0.125
10 6 0.125
3 7 0.125
4 7 0.125
5 7 0.125
6 7 0.125
8 7 0.125
9 7 0.125
11 7 0.125
122 7 0.125
4 8 0.125
5 8 0.125
6 8 0.125
7 8 0.125
9 8 0.125
10 8 0.125
11 8 0.125
12 8 0.125
4 29 0.111111
25 29 0.111111
26 29 0.111111
27 29 0.111111
28 29 0.111111
32 29 0.111111
33 29 0.111111
160 29 0.111111
123 29 0.111111
5 9 0.125
6 9 0.125
7 9 0.125
8 9 0.125
10 9 0.125
11 9 0.125
12 9 0.125
13 9 0.125
5 117 0.125
47 117 0.125
114 117 0.125
115 117 0.125
116 117 0.125
118 117 0.125
119 117 0.125
120 117 0.125
6 10 0.1
8 10 0.1
9 10 0.1
11 10 0.1
12 10 0.1
13 10 0.1
14 10 0.1
142 10 0.1
163 10 0.1
91 10 0.1
7 11 0.125
8 11 0.125
9 11 0.125
10 11 0.125
12 11 0.125
14 11 0.125
15 11 0.125
119 11 0.125
7 122 0.125
119 122 0.125
120 122 0.125
121 122 0.125
123 122 0.125
124 122 0.125
125 122 0.125
126 122 0.125
8 12 0.111111
9 12 0.111111
10 12 0.111111
11 12 0.111111
13 12 0.111111
14 12 0.111111
15 12 0.111111
16 12 0.111111
148 12 0.111111
9 13 0.125
10 13 0.125
12 13 0.125
14 13 0.125
15 13 0.125
16 13 0.125
17 13 0.125
63 13 0.125
10 14 0.125
11 14 0.125
12 14 0.125
13 14 0.125
15 14 0.125
16 14 0.125
17 14 0.125
18 14 0.125
10 142 0.125
93 142 0.125
138 142 0.125
139 142 0.125
140 142 0.125
141 142 0.125
145 142 0.125
146 142 0.125
10 91 0.125
44 91 0.125
87 91 0.125
88 91 0.125
89 91 0.125
90 91 0.125
93 91 0.125
115 91 0.125
11 15 0.125
12 15 0.125
13 15 0.125
14 15 0.125
16 15 0.125
18 15 0.125
19 15 0.125
73 15 0.125
11 119 0.111111
115 119 0.111111
116 119 0.111111
117 119 0.111111
118 119 0.111111
120 119 0.111111
121 119 0.111111
122 119 0.111111
123 119 0.111111
12 16 0.125
13 16 0.125
14 16 0.125
15 16 0.125
17 16 0.125
18 16 0.125
19 16 0.125
20 16 0.125
12 148 0.166667
144 148 0.166667
146 148 0.166667
149 148 0.166667
150 148 0.166667
152 148 0.166667
13 17 0.142857
14 17 0.142857
16 17 0.142857
19 17 0.142857
20 17 0.142857
21 17 0.142857
121 17 0.142857
13 63 0.111111
59 63 0.111111
60 63 0.111111
61 63 0.111111
62 63 0.111111
65 63 0.111111
66 63 0.111111
67 63 0.111111
127 63 0.111111
14 18 0.142857
15 18 0.142857
16 18 0.142857
19 18 0.142857
21 18 0.142857
22 18 0.142857
153 18 0.142857
15 19 0.125
16 19 0.125
17 19 0.125
18 19 0.125
20 19 0.125
21 19 0.125
22 19 0.125
23 19 0.125
15 73 0.111111
69 73 0.111111
70 73 0.111111
71 73 0.111111
74 73 0.111111
75 73 0.111111
76 73 0.111111
77 73 0.111111
81 73 0.111111
16 20 0.142857
17 20 0.142857
19 20 0.142857
21 20 0.142857
22 20 0.142857
23 20 0.142857
24 20 0.142857
17 21 0.125
18 21 0.125
19 21 0.125
20 21 0.125
22 21 0.125
23 21 0.125
24 21 0.125
25 21 0.125
17 121 0.166667
119 121 0.166667
122 121 0.166667
123 121 0.166667
124 121 0.166667
125 121 0.166667
18 22 0.111111
19 22 0.111111
20 22 0.111111
21 22 0.111111
23 22 0.111111
24 22 0.111111
25 22 0.111111
26 22 0.111111
82 22 0.111111
18 153 0.125
115 153 0.125
150 153 0.125
151 153 0.125
152 153 0.125
154 153 0.125
156 153 0.125
157 153 0.125
19 23 0.111111
20 23 0.111111
21 23 0.111111
22 23 0.111111
25 23 0.111111
26 23 0.111111
27 23 0.111111
58 23 0.111111
137 23 0.111111
20 24 0.125
21 24 0.125
22 24 0.125
25 24 0.125
26 24 0.125
27 24 0.125
28 24 0.125
83 24 0.125
21 25 0.125
22 25 0.125
23 25 0.125
24 25 0.125
26 25 0.125
27 25 0.125
28 25 0.125
29 25 0.125
22 26 0.125
23 26 0.125
24 26 0.125
25 26 0.125
27 26 0.125
29 26 0.125
30 26 0.125
95 26 0.125
22 82 0.125
70 82 0.125
78 82 0.125
79 82 0.125
80 82 0.125
81 82 0.125
83 82 0.125
86 82 0.125
23 27 0.125
24 27 0.125
25 27 0.125
26 27 0.125
28 27 0.125
29 27 0.125
31 27 0.125
48 27 0.125
23 58 0.1
53 58 0.1
54 58 0.1
55 58 0.1
56 58 0.1
57 58 0.1
59 58 0.1
60 58 0.1
61 58 0.1
62 58 0.1
23 137 0.125
133 137 0.125
134 137 0.125
136 137 0.125
138 137 0.125
139 137 0.125
140 137 0.125
162 137 0.125
24 28 0.142857
25 28 0.142857
27 28 0.142857
29 28 0.142857
30 28 0.142857
31 28 0.142857
32 28 0.142857
24 83 0.111111
79 83 0.111111
80 83 0.111111
81 83 0.111111
82 83 0.111111
84 83 0.111111
85 83 0.111111
86 83 0.111111
132 83 0.111111
26 30 0.166667
28 30 0.166667
31 30 0.166667
32 30 0.166667
33 30 0.166667
34 30 0.166667
26 95 0.125
92 95 0.125
93 95 0.125
94 95 0.125
96 95 0.125
97 95 0.125
98 95 0.125
99 95 0.125
27 31 0.142857
28 31 0.142857
30 31 0.142857
32 31 0.142857
33 31 0.142857
34 31 0.142857
35 31 0.142857
27 48 0.1
44 48 0.1
45 48 0.1
47 48 0.1
49 48 0.1
50 48 0.1
51 48 0.1
52 48 0.1
116 48 0.1
163 48 0.1
28 32 0.125
29 32 0.125
30 32 0.125
31 32 0.125
33 32 0.125
34 32 0.125
35 32 0.125
36 32 0.125
29 33 0.1
30 33 0.1
31 33 0.1
32 33 0.1
34 33 0.1
35 33 0.1
36 33 0.1
37 33 0.1
135 33 0.1
162 33 0.1
29 160 0.125
156 160 0.125
158 160 0.125
159 160 0.125
161 160 0.125
162 160 0.125
163 160 0.125
164 160 0.125
29 123 0.125
119 123 0.125
120 123 0.125
121 123 0.125
122 123 0.125
124 123 0.125
125 123 0.125
126 123 0.125
30 34 0.125
31 34 0.125
32 34 0.125
33 34 0.125
35 34 0.125
36 34 0.125
37 34 0.125
38 34 0.125
31 35 0.125
32 35 0.125
33 35 0.125
34 35 0.125
36 35 0.125
37 35 0.125
38 35 0.125
39 35 0.125
32 36 0.125
33 36 0.125
34 36 0.125
35 36 0.125
37 36 0.125
38 36 0.125
39 36 0.125
40 36 0.125
33 37 0.111111
34 37 0.111111
35 37 0.111111
36 37 0.111111
38 37 0.111111
39 37 0.111111
40 37 0.111111
41 37 0.111111
145 37 0.111111
33 135 0.125
131 135 0.125
132 135 0.125
133 135 0.125
134 135 0.125
136 135 0.125
138 135 0.125
139 135 0.125
33 162 0.125
103 162 0.125
137 162 0.125
158 162 0.125
159 162 0.125
160 162 0.125
161 162 0.125
165 162 0.125
34 38 0.125
35 38 0.125
36 38 0.125
37 38 0.125
39 38 0.125
40 38 0.125
41 38 0.125
42 38 0.125
35 39 0.125
36 39 0.125
37 39 0.125
38 39 0.125
40 39 0.125
41 39 0.125
42 39 0.125
43 39 0.125
36 40 0.125
37 40 0.125
38 40 0.125
39 40 0.125
41 40 0.125
42 40 0.125
43 40 0.125
44 40 0.125
37 41 0.125
38 41 0.125
39 41 0.125
40 41 0.125
43 41 0.125
44 41 0.125
45 41 0.125
134 41 0.125
37 145 0.125
55 145 0.125
141 145 0.125
142 145 0.125
143 145 0.125
144 145 0.125
146 145 0.125
149 145 0.125
38 42 0.125
39 42 0.125
40 42 0.125
43 42 0.125
44 42 0.125
45 42 0.125
46 42 0.125
71 42 0.125
39 43 0.111111
40 43 0.111111
41 43 0.111111
42 43 0.111111
44 43 0.111111
45 43 0.111111
46 43 0.111111
47 43 0.111111
62 43 0.111111
40 44 0.111111
41 44 0.111111
42 44 0.111111
43 44 0.111111
45 44 0.111111
46 44 0.111111
47 44 0.111111
48 44 0.111111
91 44 0.111111
41 45 0.125
42 45 0.125
43 45 0.125
44 45 0.125
46 45 0.125
47 45 0.125
48 45 0.125
49 45 0.125
41 134 0.111111
130 134 0.111111
131 134 0.111111
132 134 0.111111
133 134 0.111111
135 134 0.111111
136 134 0.111111
137 134 0.111111
138 134 0.111111
42 46 0.125
43 46 0.125
44 46 0.125
45 46 0.125
47 46 0.125
49 46 0.125
50 46 0.125
128 46 0.125
42 71 0.125
67 71 0.125
68 71 0.125
69 71 0.125
70 71 0.125
72 71 0.125
73 71 0.125
74 71 0.125
43 47 0.111111
44 47 0.111111
45 47 0.111111
46 47 0.111111
48 47 0.111111
50 47 0.111111
51 47 0.111111
117 47 0.111111
161 47 0.111111
43 62 0.125
58 62 0.125
59 62 0.125
60 62 0.125
61 62 0.125
63 62 0.125
65 62 0.125
66 62 0.125
45 49 0.142857
46 49 0.142857
48 49 0.142857
50 49 0.142857
51 49 0.142857
52 49 0.142857
53 49 0.142857
46 50 0.125
47 50 0.125
48 50 0.125
49 50 0.125
51 50 0.125
52 50 0.125
53 50 0.125
60 50 0.125
46 128 0.125
124 128 0.125
125 128 0.125
127 128 0.125
129 128 0.125
130 128 0.125
131 128 0.125
132 128 0.125
47 51 0.125
48 51 0.125
49 51 0.125
50 51 0.125
52 51 0.125
53 51 0.125
54 51 0.125
55 51 0.125
47 161 0.125
157 161 0.125
158 161 0.125
159 161 0.125
160 161 0.125
162 161 0.125
164 161 0.125
165 161 0.125
48 52 0.125
49 52 0.125
50 52 0.125
51 52 0.125
53 52 0.125
54 52 0.125
55 52 0.125
56 52 0.125
48 116 0.142857
112 116 0.142857
113 116 0.142857
115 116 0.142857
117 116 0.142857
119 116 0.142857
120 116 0.142857
49 53 0.111111
50 53 0.111111
51 53 0.111111
52 53 0.111111
55 53 0.111111
56 53 0.111111
58 53 0.111111
64 53 0.111111
139 53 0.111111
50 60 0.111111
56 60 0.111111
57 60 0.111111
58 60 0.111111
59 60 0.111111
61 60 0.111111
62 60 0.111111
63 60 0.111111
64 60 0.111111
51 54 0.142857
52 54 0.142857
55 54 0.142857
56 54 0.142857
57 54 0.142857
58 54 0.142857
72 54 0.142857
51 55 0.111111
52 55 0.111111
53 55 0.111111
54 55 0.111111
56 55 0.111111
57 55 0.111111
58 55 0.111111
59 55 0.111111
145 55 0.111111
52 56 0.111111
53 56 0.111111
54 56 0.111111
55 56 0.111111
57 56 0.111111
58 56 0.111111
60 56 0.111111
129 56 0.111111
154 56 0.111111
53 64 0.142857
60 64 0.142857
61 64 0.142857
65 64 0.142857
67 64 0.142857
68 64 0.142857
93 64 0.142857
53 139 0.125
135 139 0.125
136 139 0.125
137 139 0.125
138 139 0.125
140 139 0.125
141 139 0.125
142 139 0.125
54 57 0.142857
55 57 0.142857
56 57 0.142857
58 57 0.142857
59 57 0.142857
60 57 0.142857
61 57 0.142857
54 72 0.125
68 72 0.125
69 72 0.125
70 72 0.125
71 72 0.125
74 72 0.125
75 72 0.125
76 72 0.125
55 59 0.125
57 59 0.125
58 59 0.125
60 59 0.125
61 59 0.125
62 59 0.125
63 59 0.125
143 59 0.125
56 129 0.125
86 129 0.125
125 129 0.125
126 129 0.125
128 129 0.125
130 129 0.125
133 129 0.125
152 129 0.125
56 154 0.111111
150 154 0.111111
151 154 0.111111
152 154 0.111111
153 154 0.111111
155 154 0.111111
156 154 0.111111
157 154 0.111111
158 154 0.111111
57 61 0.111111
58 61 0.111111
59 61 0.111111
60 61 0.111111
62 61 0.111111
63 61 0.111111
64 61 0.111111
65 61 0.111111
97 61 0.111111
59 143 0.142857
113 143 0.142857
140 143 0.142857
141 143 0.142857
144 143 0.142857
146 143 0.142857
145 143 0.142857
61 65 0.125
62 65 0.125
63 65 0.125
64 65 0.125
66 65 0.125
67 65 0.125
68 65 0.125
69 65 0.125
61 97 0.125
93 97 0.125
94 97 0.125
95 97 0.125
96 97 0.125
98 97 0.125
100 97 0.125
101 97 0.125
62 66 0.142857
63 66 0.142857
65 66 0.142857
67 66 0.142857
68 66 0.142857
69 66 0.142857
124 66 0.142857
63 67 0.125
64 67 0.125
65 67 0.125
66 67 0.125
68 67 0.125
69 67 0.125
70 67 0.125
71 67 0.125
63 127 0.142857
124 127 0.142857
125 127 0.142857
126 127 0.142857
128 127 0.142857
130 127 0.142857
131 127 0.142857
64 68 0.125
65 68 0.125
66 68 0.125
67 68 0.125
69 68 0.125
70 68 0.125
71 68 0.125
72 68 0.125
64 93 0.1
89 93 0.1
90 93 0.1
91 93 0.1
92 93 0.1
94 93 0.1
95 93 0.1
96 93 0.1
97 93 0.1
142 93 0.1
65 69 0.111111
66 69 0.111111
67 69 0.111111
68 69 0.111111
70 69 0.111111
71 69 0.111111
72 69 0.111111
73 69 0.111111
120 69 0.111111
66 124 0.111111
120 124 0.111111
121 124 0.111111
122 124 0.111111
123 124 0.111111
125 124 0.111111
126 124 0.111111
127 124 0.111111
128 124 0.111111
67 70 0.125
68 70 0.125
69 70 0.125
71 70 0.125
72 70 0.125
73 70 0.125
74 70 0.125
82 70 0.125
69 120 0.125
116 120 0.125
117 120 0.125
118 120 0.125
119 120 0.125
122 120 0.125
123 120 0.125
124 120 0.125
70 74 0.111111
71 74 0.111111
72 74 0.111111
73 74 0.111111
75 74 0.111111
76 74 0.111111
77 74 0.111111
78 74 0.111111
150 74 0.111111
72 75 0.142857
73 75 0.142857
74 75 0.142857
76 75 0.142857
77 75 0.142857
78 75 0.142857
79 75 0.142857
72 76 0.111111
73 76 0.111111
74 76 0.111111
75 76 0.111111
77 76 0.111111
78 76 0.111111
79 76 0.111111
80 76 0.111111
87 76 0.111111
73 77 0.111111
74 77 0.111111
75 77 0.111111
76 77 0.111111
78 77 0.111111
79 77 0.111111
80 77 0.111111
81 77 0.111111
114 77 0.111111
73 81 0.125
77 81 0.125
78 81 0.125
79 81 0.125
80 81 0.125
82 81 0.125
83 81 0.125
85 81 0.125
74 78 0.125
75 78 0.125
76 78 0.125
77 78 0.125
79 78 0.125
80 78 0.125
81 78 0.125
82 78 0.125
74 150 0.125
146 150 0.125
147 150 0.125
148 150 0.125
149 150 0.125
151 150 0.125
153 150 0.125
154 150 0.125
75 79 0.125
76 79 0.125
77 79 0.125
78 79 0.125
81 79 0.125
82 79 0.125
83 79 0.125
164 79 0.125
76 80 0.125
77 80 0.125
78 80 0.125
81 80 0.125
82 80 0.125
83 80 0.125
84 80 0.125
86 80 0.125
76 87 0.125
84 87 0.125
85 87 0.125
86 87 0.125
88 87 0.125
89 87 0.125
91 87 0.125
100 87 0.125
77 114 0.166667
110 114 0.166667
112 114 0.166667
115 114 0.166667
117 114 0.166667
118 114 0.166667
80 84 0.166667
83 84 0.166667
85 84 0.166667
86 84 0.166667
87 84 0.166667
88 84 0.166667
80 86 0.125
82 86 0.125
83 86 0.125
84 86 0.125
85 86 0.125
87 86 0.125
89 86 0.125
129 86 0.125
81 85 0.142857
83 85 0.142857
84 85 0.142857
86 85 0.142857
87 85 0.142857
88 85 0.142857
89 85 0.142857
83 132 0.166667
128 132 0.166667
130 132 0.166667
133 132 0.166667
134 132 0.166667
135 132 0.166667
84 88 0.142857
85 88 0.142857
87 88 0.142857
89 88 0.142857
90 88 0.142857
91 88 0.142857
92 88 0.142857
85 89 0.125
86 89 0.125
87 89 0.125
88 89 0.125
90 89 0.125
91 89 0.125
92 89 0.125
93 89 0.125
88 90 0.166667
89 90 0.166667
91 90 0.166667
92 90 0.166667
93 90 0.166667
94 90 0.166667
88 92 0.125
89 92 0.125
90 92 0.125
93 92 0.125
94 92 0.125
95 92 0.125
96 92 0.125
136 92 0.125
90 94 0.142857
92 94 0.142857
93 94 0.142857
95 94 0.142857
96 94 0.142857
97 94 0.142857
98 94 0.142857
91 115 0.1
111 115 0.1
112 115 0.1
113 115 0.1
114 115 0.1
116 115 0.1
117 115 0.1
118 115 0.1
119 115 0.1
153 115 0.1
92 96 0.125
93 96 0.125
94 96 0.125
95 96 0.125
97 96 0.125
98 96 0.125
99 96 0.125
100 96 0.125
92 136 0.142857
133 136 0.142857
134 136 0.142857
135 136 0.142857
137 136 0.142857
139 136 0.142857
140 136 0.142857
94 98 0.125
95 98 0.125
96 98 0.125
97 98 0.125
99 98 0.125
100 98 0.125
101 98 0.125
102 98 0.125
95 99 0.142857
96 99 0.142857
98 99 0.142857
100 99 0.142857
101 99 0.142857
102 99 0.142857
103 99 0.142857
97 101 0.125
98 101 0.125
99 101 0.125
100 101 0.125
102 101 0.125
103 101 0.125
104 101 0.125
105 101 0.125
98 102 0.142857
99 102 0.142857
101 102 0.142857
103 102 0.142857
104 102 0.142857
105 102 0.142857
106 102 0.142857
99 103 0.111111
101 103 0.111111
102 103 0.111111
104 103 0.111111
105 103 0.111111
106 103 0.111111
107 103 0.111111
162 103 0.111111
138 103 0.111111
100 104 0.125
101 104 0.125
102 104 0.125
103 104 0.125
105 104 0.125
106 104 0.125
107 104 0.125
108 104 0.125
101 105 0.125
102 105 0.125
103 105 0.125
104 105 0.125
106 105 0.125
107 105 0.125
108 105 0.125
109 105 0.125
102 106 0.125
103 106 0.125
104 106 0.125
105 106 0.125
107 106 0.125
108 106 0.125
109 106 0.125
110 106 0.125
103 107 0.111111
104 107 0.111111
105 107 0.111111
106 107 0.111111
108 107 0.111111
109 107 0.111111
110 107 0.111111
111 107 0.111111
118 107 0.111111
103 138 0.142857
134 138 0.142857
135 138 0.142857
137 138 0.142857
139 138 0.142857
141 138 0.142857
142 138 0.142857
104 108 0.111111
105 108 0.111111
106 108 0.111111
107 108 0.111111
109 108 0.111111
110 108 0.111111
111 108 0.111111
112 108 0.111111
151 108 0.111111
105 109 0.111111
106 109 0.111111
107 109 0.111111
108 109 0.111111
110 109 0.111111
111 109 0.111111
112 109 0.111111
113 109 0.111111
126 109 0.111111
106 110 0.125
107 110 0.125
108 110 0.125
109 110 0.125
111 110 0.125
112 110 0.125
113 110 0.125
114 110 0.125
107 111 0.125
108 111 0.125
109 111 0.125
110 111 0.125
112 111 0.125
113 111 0.125
115 111 0.125
164 111 0.125
107 118 0.142857
114 118 0.142857
115 118 0.142857
117 118 0.142857
119 118 0.142857
120 118 0.142857
126 118 0.142857
108 112 0.125
109 112 0.125
110 112 0.125
111 112 0.125
113 112 0.125
114 112 0.125
115 112 0.125
116 112 0.125
108 151 0.142857
140 151 0.142857
147 151 0.142857
149 151 0.142857
150 151 0.142857
153 151 0.142857
154 151 0.142857
109 113 0.125
110 113 0.125
111 113 0.125
112 113 0.125
115 113 0.125
116 113 0.125
143 113 0.125
165 113 0.125
109 126 0.1
118 126 0.1
122 126 0.1
123 126 0.1
124 126 0.1
125 126 0.1
127 126 0.1
129 126 0.1
130 126 0.1
147 126 0.1
121 125 0.125
122 125 0.125
123 125 0.125
124 125 0.125
126 125 0.125
127 125 0.125
128 125 0.125
129 125 0.125
126 130 0.125
127 130 0.125
128 130 0.125
129 130 0.125
131 130 0.125
132 130 0.125
133 130 0.125
134 130 0.125
126 147 0.166667
144 147 0.166667
146 147 0.166667
149 147 0.166667
150 147 0.166667
151 147 0.166667
127 131 0.125
128 131 0.125
130 131 0.125
133 131 0.125
134 131 0.125
135 131 0.125
164 131 0.125
149 131 0.125
129 133 0.125
130 133 0.125
131 133 0.125
132 133 0.125
134 133 0.125
135 133 0.125
136 133 0.125
137 133 0.125
129 152 0.125
148 152 0.125
149 152 0.125
153 152 0.125
154 152 0.125
155 152 0.125
156 152 0.125
157 152 0.125
131 149 0.125
145 149 0.125
146 149 0.125
147 149 0.125
148 149 0.125
150 149 0.125
151 149 0.125
152 149 0.125
136 140 0.125
137 140 0.125
139 140 0.125
141 140 0.125
142 140 0.125
143 140 0.125
144 140 0.125
151 140 0.125
138 141 0.142857
139 141 0.142857
140 141 0.142857
142 141 0.142857
143 141 0.142857
144 141 0.142857
145 141 0.142857
140 144 0.142857
141 144 0.142857
143 144 0.142857
145 144 0.142857
146 144 0.142857
147 144 0.142857
148 144 0.142857
142 146 0.125
143 146 0.125
144 146 0.125
145 146 0.125
147 146 0.125
148 146 0.125
149 146 0.125
150 146 0.125
152 155 0.166667
154 155 0.166667
156 155 0.166667
157 155 0.166667
158 155 0.166667
159 155 0.166667
152 156 0.125
153 156 0.125
154 156 0.125
155 156 0.125
157 156 0.125
158 156 0.125
159 156 0.125
160 156 0.125
152 157 0.125
153 157 0.125
154 157 0.125
155 157 0.125
156 157 0.125
158 157 0.125
159 157 0.125
161 157 0.125
154 158 0.125
155 158 0.125
156 158 0.125
157 158 0.125
159 158 0.125
160 158 0.125
161 158 0.125
162 158 0.125
155 159 0.125
156 159 0.125
157 159 0.125
158 159 0.125
160 159 0.125
161 159 0.125
162 159 0.125
163 159 0.125
1 0 0.142857
165 0 0.142857
2 0 0.142857
164 0 0.142857
3 0 0.142857
163 0 0.142857
4 0 0.142857
