0 1 0.125
2 1 0.125
3 1 0.125
127 1 0.125
4 1 0.125
126 1 0.125
125 1 0.125
65 1 0.125
0 2 0.125
1 2 0.125
3 2 0.125
4 2 0.125
5 2 0.125
127 2 0.125
6 2 0.125
126 2 0.125
0 126 0.125
1 126 0.125
2 126 0.125
122 126 0.125
123 126 0.125
124 126 0.125
125 126 0.125
127 126 0.125
0 3 0.125
1 3 0.125
2 3 0.125
4 3 0.125
5 3 0.125
6 3 0.125
127 3 0.125
115 3 0.125
0 125 0.111111
1 125 0.111111
60 125 0.111111
121 125 0.111111
122 125 0.111111
123 125 0.111111
124 125 0.111111
126 125 0.111111
127 125 0.111111
0 124 0.111111
47 124 0.111111
120 124 0.111111
121 124 0.111111
122 124 0.111111
123 124 0.111111
125 124 0.111111
126 124 0.111111
127 124 0.111111
0 29 0.125
25 29 0.125
26 29 0.125
27 29 0.125
28 29 0.125
30 29 0.125
32 29 0.125
33 29 0.125
0 118 0.111111
114 118 0.111111
115 118 0.111111
116 118 0.111111
117 118 0.111111
119 118 0.111111
120 118 0.111111
121 118 0.111111
122 118 0.111111
0 91 0.125
38 91 0.125
44 91 0.125
87 91 0.125
88 91 0.125
90 91 0.125
93 91 0.125
100 91 0.125
1 127 0.125
2 127 0.125
3 127 0.125
111 127 0.125
123 127 0.125
124 127 0.125
125 127 0.125
126 127 0.125
1 4 0.142857
2 4 0.142857
3 4 0.142857
5 4 0.142857
6 4 0.142857
7 4 0.142857
8 4 0.142857
1 65 0.111111
44 65 0.111111
61 65 0.111111
62 65 0.111111
63 65 0.111111
64 65 0.111111
66 65 0.111111
67 65 0.111111
69 65 0.111111
2 5 0.142857
3 5 0.142857
4 5 0.142857
6 5 0.142857
8 5 0.142857
9 5 0.142857
11 5 0.142857
2 6 0.125
3 6 0.125
4 6 0.125
5 6 0.125
7 6 0.125
8 6 0.125
9 6 0.125
52 6 0.125
3 115 0.111111
111 115 0.111111
112 115 0.111111
113 115 0.111111
114 115 0.111111
116 115 0.111111
117 115 0.111111
118 115 0.111111
119 115 0.111111
4 7 0.166667
6 7 0.166667
8 7 0.166667
9 7 0.166667
10 7 0.166667
11 7 0.166667
4 8 0.111111
5 8 0.111111
6 8 0.111111
7 8 0.111111
9 8 0.111111
11 8 0.111111
12 8 0.111111
44 8 0.111111
111 8 0.111111
5 9 0.125
6 9 0.125
7 9 0.125
8 9 0.125
10 9 0.125
11 9 0.125
12 9 0.125
13 9 0.125
5 11 0.1
7 11 0.1
8 11 0.1
9 11 0.1
10 11 0.1
12 11 0.1
13 11 0.1
14 11 0.1
15 11 0.1
89 11 0.1
6 52 0.125
23 52 0.125
49 52 0.125
50 52 0.125
51 52 0.125
53 52 0.125
54 52 0.125
98 52 0.125
7 10 0.166667
9 10 0.166667
11 10 0.166667
12 10 0.166667
13 10 0.166667
30 10 0.166667
8 12 0.125
9 12 0.125
10 12 0.125
11 12 0.125
13 12 0.125
14 12 0.125
15 12 0.125
16 12 0.125
8 44 0.1
40 44 0.1
41 44 0.1
42 44 0.1
43 44 0.1
47 44 0.1
48 44 0.1
56 44 0.1
65 44 0.1
91 44 0.1
8 111 0.090909
48 111 0.090909
107 111 0.090909
108 111 0.090909
109 111 0.090909
110 111 0.090909
112 111 0.090909
113 111 0.090909
114 111 0.090909
115 111 0.090909
127 111 0.090909
9 13 0.111111
10 13 0.111111
11 13 0.111111
12 13 0.111111
14 13 0.111111
15 13 0.111111
16 13 0.111111
17 13 0.111111
54 13 0.111111
10 30 0.111111
21 30 0.111111
26 30 0.111111
27 30 0.111111
28 30 0.111111
29 30 0.111111
31 30 0.111111
34 30 0.111111
117 30 0.111111
11 14 0.142857
12 14 0.142857
13 14 0.142857
15 14 0.142857
16 14 0.142857
17 14 0.142857
18 14 0.142857
11 15 0.125
12 15 0.125
13 15 0.125
14 15 0.125
16 15 0.125
17 15 0.125
19 15 0.125
101 15 0.125
11 89 0.125
47 89 0.125
85 89 0.125
86 89 0.125
87 89 0.125
88 89 0.125
92 89 0.125
93 89 0.125
12 16 0.125
13 16 0.125
14 16 0.125
15 16 0.125
17 16 0.125
18 16 0.125
19 16 0.125
59 16 0.125
13 17 0.125
14 17 0.125
15 17 0.125
16 17 0.125
18 17 0.125
19 17 0.125
21 17 0.125
31 17 0.125
13 54 0.125
50 54 0.125
51 54 0.125
52 54 0.125
53 54 0.125
55 54 0.125
57 54 0.125
58 54 0.125
14 18 0.125
16 18 0.125
17 18 0.125
20 18 0.125
21 18 0.125
22 18 0.125
121 18 0.125
78 18 0.125
15 19 0.142857
16 19 0.142857
17 19 0.142857
20 19 0.142857
21 19 0.142857
22 19 0.142857
23 19 0.142857
15 101 0.111111
97 101 0.111111
98 101 0.111111
99 101 0.111111
100 101 0.111111
102 101 0.111111
103 101 0.111111
104 101 0.111111
105 101 0.111111
16 59 0.111111
55 59 0.111111
56 59 0.111111
57 59 0.111111
58 59 0.111111
60 59 0.111111
61 59 0.111111
62 59 0.111111
63 59 0.111111
17 21 0.111111
18 21 0.111111
19 21 0.111111
20 21 0.111111
23 21 0.111111
24 21 0.111111
25 21 0.111111
26 21 0.111111
30 21 0.111111
17 31 0.125
27 31 0.125
28 31 0.125
30 31 0.125
32 31 0.125
33 31 0.125
34 31 0.125
87 31 0.125
18 20 0.166667
19 20 0.166667
21 20 0.166667
22 20 0.166667
23 20 0.166667
24 20 0.166667
18 22 0.142857
19 22 0.142857
20 22 0.142857
23 22 0.142857
24 22 0.142857
25 22 0.142857
100 22 0.142857
18 121 0.111111
117 121 0.111111
118 121 0.111111
119 121 0.111111
120 121 0.111111
122 121 0.111111
123 121 0.111111
124 121 0.111111
125 121 0.111111
18 78 0.125
74 78 0.125
75 78 0.125
76 78 0.125
77 78 0.125
79 78 0.125
80 78 0.125
81 78 0.125
19 23 0.1
20 23 0.1
21 23 0.1
22 23 0.1
24 23 0.1
25 23 0.1
26 23 0.1
27 23 0.1
48 23 0.1
52 23 0.1
20 24 0.125
21 24 0.125
22 24 0.125
23 24 0.125
25 24 0.125
26 24 0.125
27 24 0.125
28 24 0.125
21 25 0.111111
22 25 0.111111
23 25 0.111111
24 25 0.111111
26 25 0.111111
27 25 0.111111
28 25 0.111111
29 25 0.111111
46 25 0.111111
21 26 0.125
23 26 0.125
24 26 0.125
25 26 0.125
27 26 0.125
28 26 0.125
29 26 0.125
30 26 0.125
22 100 0.1
91 100 0.1
96 100 0.1
97 100 0.1
98 100 0.1
99 100 0.1
101 100 0.1
102 100 0.1
103 100 0.1
104 100 0.1
23 27 0.125
24 27 0.125
25 27 0.125
26 27 0.125
28 27 0.125
29 27 0.125
30 27 0.125
31 27 0.125
23 48 0.125
44 48 0.125
45 48 0.125
46 48 0.125
47 48 0.125
50 48 0.125
51 48 0.125
111 48 0.125
24 28 0.125
25 28 0.125
26 28 0.125
27 28 0.125
29 28 0.125
30 28 0.125
31 28 0.125
32 28 0.125
25 46 0.125
42 46 0.125
43 46 0.125
45 46 0.125
47 46 0.125
48 46 0.125
70 46 0.125
67 46 0.125
28 32 0.142857
29 32 0.142857
31 32 0.142857
33 32 0.142857
34 32 0.142857
35 32 0.142857
36 32 0.142857
29 33 0.142857
31 33 0.142857
32 33 0.142857
34 33 0.142857
35 33 0.142857
36 33 0.142857
37 33 0.142857
30 34 0.111111
31 34 0.111111
32 34 0.111111
33 34 0.111111
35 34 0.111111
36 34 0.111111
37 34 0.111111
38 34 0.111111
64 34 0.111111
30 117 0.1
51 117 0.1
113 117 0.1
114 117 0.1
115 117 0.1
116 117 0.1
118 117 0.1
119 117 0.1
120 117 0.1
121 117 0.1
31 87 0.111111
83 87 0.111111
84 87 0.111111
85 87 0.111111
86 87 0.111111
88 87 0.111111
89 87 0.111111
90 87 0.111111
91 87 0.111111
32 35 0.142857
33 35 0.142857
34 35 0.142857
36 35 0.142857
37 35 0.142857
39 35 0.142857
53 35 0.142857
32 36 0.125
33 36 0.125
34 36 0.125
35 36 0.125
37 36 0.125
38 36 0.125
39 36 0.125
40 36 0.125
33 37 0.125
34 37 0.125
35 37 0.125
36 37 0.125
38 37 0.125
39 37 0.125
40 37 0.125
41 37 0.125
34 38 0.142857
36 38 0.142857
37 38 0.142857
39 38 0.142857
40 38 0.142857
41 38 0.142857
91 38 0.142857
34 64 0.111111
39 64 0.111111
60 64 0.111111
61 64 0.111111
62 64 0.111111
63 64 0.111111
65 64 0.111111
66 64 0.111111
67 64 0.111111
35 39 0.125
36 39 0.125
37 39 0.125
38 39 0.125
40 39 0.125
41 39 0.125
43 39 0.125
64 39 0.125
35 53 0.111111
49 53 0.111111
50 53 0.111111
51 53 0.111111
52 53 0.111111
54 53 0.111111
55 53 0.111111
56 53 0.111111
57 53 0.111111
36 40 0.125
37 40 0.125
38 40 0.125
39 40 0.125
41 40 0.125
42 40 0.125
43 40 0.125
44 40 0.125
37 41 0.125
38 41 0.125
39 41 0.125
40 41 0.125
42 41 0.125
43 41 0.125
44 41 0.125
45 41 0.125
39 43 0.125
40 43 0.125
41 43 0.125
42 43 0.125
44 43 0.125
45 43 0.125
46 43 0.125
47 43 0.125
40 42 0.142857
41 42 0.142857
43 42 0.142857
44 42 0.142857
46 42 0.142857
84 42 0.142857
75 42 0.142857
41 45 0.166667
43 45 0.166667
46 45 0.166667
47 45 0.166667
48 45 0.166667
49 45 0.166667
42 84 0.125
80 84 0.125
81 84 0.125
82 84 0.125
83 84 0.125
86 84 0.125
87 84 0.125
88 84 0.125
42 75 0.111111
71 75 0.111111
72 75 0.111111
73 75 0.111111
74 75 0.111111
76 75 0.111111
77 75 0.111111
78 75 0.111111
79 75 0.111111
43 47 0.111111
44 47 0.111111
45 47 0.111111
46 47 0.111111
48 47 0.111111
49 47 0.111111
50 47 0.111111
89 47 0.111111
124 47 0.111111
44 56 0.142857
53 56 0.142857
55 56 0.142857
57 56 0.142857
58 56 0.142857
59 56 0.142857
60 56 0.142857
45 49 0.166667
47 49 0.166667
50 49 0.166667
51 49 0.166667
52 49 0.166667
53 49 0.166667
46 70 0.125
66 70 0.125
67 70 0.125
68 70 0.125
69 70 0.125
71 70 0.125
73 70 0.125
74 70 0.125
46 67 0.111111
63 67 0.111111
64 67 0.111111
65 67 0.111111
66 67 0.111111
68 67 0.111111
69 67 0.111111
70 67 0.111111
71 67 0.111111
47 50 0.142857
48 50 0.142857
49 50 0.142857
51 50 0.142857
52 50 0.142857
53 50 0.142857
54 50 0.142857
48 51 0.142857
49 51 0.142857
50 51 0.142857
52 51 0.142857
53 51 0.142857
54 51 0.142857
117 51 0.142857
52 98 0.111111
94 98 0.111111
95 98 0.111111
96 98 0.111111
97 98 0.111111
99 98 0.111111
100 98 0.111111
101 98 0.111111
102 98 0.111111
53 55 0.166667
54 55 0.166667
56 55 0.166667
57 55 0.166667
58 55 0.166667
59 55 0.166667
53 57 0.125
54 57 0.125
55 57 0.125
56 57 0.125
58 57 0.125
59 57 0.125
60 57 0.125
122 57 0.125
54 58 0.125
55 58 0.125
56 58 0.125
57 58 0.125
59 58 0.125
60 58 0.125
61 58 0.125
62 58 0.125
56 60 0.125
57 60 0.125
58 60 0.125
59 60 0.125
62 60 0.125
63 60 0.125
64 60 0.125
125 60 0.125
57 122 0.111111
118 122 0.111111
119 122 0.111111
120 122 0.111111
121 122 0.111111
123 122 0.111111
124 122 0.111111
125 122 0.111111
126 122 0.111111
58 61 0.142857
59 61 0.142857
62 61 0.142857
63 61 0.142857
64 61 0.142857
65 61 0.142857
103 61 0.142857
58 62 0.111111
59 62 0.111111
60 62 0.111111
61 62 0.111111
63 62 0.111111
64 62 0.111111
65 62 0.111111
66 62 0.111111
116 62 0.111111
59 63 0.125
60 63 0.125
61 63 0.125
62 63 0.125
64 63 0.125
65 63 0.125
66 63 0.125
67 63 0.125
61 103 0.125
99 103 0.125
100 103 0.125
101 103 0.125
102 103 0.125
104 103 0.125
105 103 0.125
107 103 0.125
62 66 0.125
63 66 0.125
64 66 0.125
65 66 0.125
67 66 0.125
68 66 0.125
69 66 0.125
70 66 0.125
62 116 0.125
112 116 0.125
113 116 0.125
114 116 0.125
115 116 0.125
117 116 0.125
118 116 0.125
120 116 0.125
65 69 0.125
66 69 0.125
67 69 0.125
68 69 0.125
70 69 0.125
71 69 0.125
72 69 0.125
73 69 0.125
66 68 0.166667
67 68 0.166667
69 68 0.166667
70 68 0.166667
71 68 0.166667
72 68 0.166667
67 71 0.125
68 71 0.125
69 71 0.125
70 71 0.125
72 71 0.125
73 71 0.125
74 71 0.125
75 71 0.125
68 72 0.142857
69 72 0.142857
71 72 0.142857
73 72 0.142857
74 72 0.142857
75 72 0.142857
76 72 0.142857
69 73 0.125
70 73 0.125
71 73 0.125
72 73 0.125
74 73 0.125
75 73 0.125
76 73 0.125
77 73 0.125
70 74 0.125
71 74 0.125
72 74 0.125
73 74 0.125
75 74 0.125
76 74 0.125
77 74 0.125
78 74 0.125
72 76 0.125
73 76 0.125
74 76 0.125
75 76 0.125
77 76 0.125
78 76 0.125
79 76 0.125
80 76 0.125
73 77 0.125
74 77 0.125
75 77 0.125
76 77 0.125
78 77 0.125
79 77 0.125
80 77 0.125
81 77 0.125
75 79 0.125
76 79 0.125
77 79 0.125
78 79 0.125
80 79 0.125
81 79 0.125
82 79 0.125
83 79 0.125
76 80 0.125
77 80 0.125
78 80 0.125
79 80 0.125
82 80 0.125
83 80 0.125
84 80 0.125
96 80 0.125
77 81 0.142857
78 81 0.142857
79 81 0.142857
82 81 0.142857
83 81 0.142857
84 81 0.142857
85 81 0.142857
79 82 0.142857
80 82 0.142857
81 82 0.142857
83 82 0.142857
84 82 0.142857
85 82 0.142857
86 82 0.142857
79 83 0.125
80 83 0.125
81 83 0.125
82 83 0.125
84 83 0.125
85 83 0.125
86 83 0.125
87 83 0.125
80 96 0.111111
92 96 0.111111
93 96 0.111111
94 96 0.111111
95 96 0.111111
97 96 0.111111
98 96 0.111111
99 96 0.111111
100 96 0.111111
81 85 0.142857
82 85 0.142857
83 85 0.142857
86 85 0.142857
87 85 0.142857
88 85 0.142857
89 85 0.142857
82 86 0.125
83 86 0.125
84 86 0.125
85 86 0.125
87 86 0.125
88 86 0.125
89 86 0.125
90 86 0.125
84 88 0.125
85 88 0.125
86 88 0.125
87 88 0.125
89 88 0.125
90 88 0.125
91 88 0.125
92 88 0.125
86 90 0.142857
87 90 0.142857
88 90 0.142857
91 90 0.142857
92 90 0.142857
93 90 0.142857
94 90 0.142857
88 92 0.142857
89 92 0.142857
90 92 0.142857
93 92 0.142857
94 92 0.142857
95 92 0.142857
96 92 0.142857
89 93 0.125
90 93 0.125
91 93 0.125
92 93 0.125
94 93 0.125
95 93 0.125
96 93 0.125
97 93 0.125
90 94 0.142857
92 94 0.142857
93 94 0.142857
95 94 0.142857
96 94 0.142857
97 94 0.142857
98 94 0.142857
92 95 0.142857
93 95 0.142857
94 95 0.142857
96 95 0.142857
97 95 0.142857
98 95 0.142857
99 95 0.142857
93 97 0.111111
94 97 0.111111
95 97 0.111111
96 97 0.111111
98 97 0.111111
99 97 0.111111
100 97 0.111111
101 97 0.111111
119 97 0.111111
95 99 0.125
96 99 0.125
97 99 0.125
98 99 0.125
100 99 0.125
101 99 0.125
102 99 0.125
103 99 0.125
97 119 0.142857
115 119 0.142857
117 119 0.142857
118 119 0.142857
120 119 0.142857
121 119 0.142857
122 119 0.142857
98 102 0.125
99 102 0.125
100 102 0.125
101 102 0.125
103 102 0.125
104 102 0.125
105 102 0.125
106 102 0.125
100 104 0.125
101 104 0.125
102 104 0.125
103 104 0.125
105 104 0.125
106 104 0.125
107 104 0.125
108 104 0.125
101 105 0.125
102 105 0.125
103 105 0.125
104 105 0.125
106 105 0.125
107 105 0.125
108 105 0.125
109 105 0.125
102 106 0.142857
104 106 0.142857
105 106 0.142857
107 106 0.142857
108 106 0.142857
109 106 0.142857
110 106 0.142857
103 107 0.125
104 107 0.125
105 107 0.125
106 107 0.125
108 107 0.125
109 107 0.125
110 107 0.125
111 107 0.125
104 108 0.125
105 108 0.125
106 108 0.125
107 108 0.125
109 108 0.125
110 108 0.125
111 108 0.125
112 108 0.125
105 109 0.125
106 109 0.125
107 109 0.125
108 109 0.125
110 109 0.125
111 109 0.125
112 109 0.125
113 109 0.125
106 110 0.125
107 110 0.125
108 110 0.125
109 110 0.125
111 110 0.125
112 110 0.125
113 110 0.125
114 110 0.125
108 112 0.125
109 112 0.125
110 112 0.125
111 112 0.125
113 112 0.125
114 112 0.125
115 112 0.125
116 112 0.125
109 113 0.125
110 113 0.125
111 113 0.125
112 113 0.125
114 113 0.125
115 113 0.125
116 113 0.125
117 113 0.125
110 114 0.125
111 114 0.125
112 114 0.125
113 114 0.125
115 114 0.125
116 114 0.125
117 114 0.125
118 114 0.125
116 120 0.125
117 120 0.125
118 120 0.125
119 120 0.125
121 120 0.125
122 120 0.125
123 120 0.125
124 120 0.125
120 123 0.142857
121 123 0.142857
122 123 0.142857
124 123 0.142857
125 123 0.142857
126 123 0.142857
127 123 0.142857
1 0 0.111111
2 0 0.111111
126 0 0.111111
3 0 0.111111
125 0 0.111111
124 0 0.111111
29 0 0.111111
118 0 0.111111
91 0 0.111111
