0 1 0.034483
6 1 0.034483
8 1 0.034483
10 1 0.034483
13 1 0.034483
15 1 0.034483
18 1 0.034483
19 1 0.034483
20 1 0.034483
22 1 0.034483
24 1 0.034483
29 1 0.034483
33 1 0.034483
43 1 0.034483
45 1 0.034483
52 1 0.034483
55 1 0.034483
57 1 0.034483
60 1 0.034483
69 1 0.034483
73 1 0.034483
94 1 0.034483
97 1 0.034483
98 1 0.034483
101 1 0.034483
115 1 0.034483
129 1 0.034483
134 1 0.034483
145 1 0.034483
0 2 0.047619
6 2 0.047619
7 2 0.047619
8 2 0.047619
9 2 0.047619
11 2 0.047619
13 2 0.047619
35 2 0.047619
39 2 0.047619
51 2 0.047619
53 2 0.047619
57 2 0.047619
59 2 0.047619
66 2 0.047619
72 2 0.047619
75 2 0.047619
85 2 0.047619
87 2 0.047619
89 2 0.047619
109 2 0.047619
160 2 0.047619
0 3 0.026316
6 3 0.026316
7 3 0.026316
8 3 0.026316
10 3 0.026316
11 3 0.026316
13 3 0.026316
14 3 0.026316
16 3 0.026316
18 3 0.026316
23 3 0.026316
25 3 0.026316
26 3 0.026316
27 3 0.026316
28 3 0.026316
31 3 0.026316
37 3 0.026316
47 3 0.026316
49 3 0.026316
64 3 0.026316
73 3 0.026316
75 3 0.026316
77 3 0.026316
84 3 0.026316
87 3 0.026316
91 3 0.026316
93 3 0.026316
96 3 0.026316
103 3 0.026316
104 3 0.026316
106 3 0.026316
113 3 0.026316
131 3 0.026316
132 3 0.026316
135 3 0.026316
143 3 0.026316
152 3 0.026316
161 3 0.026316
0 4 0.090909
30 4 0.090909
31 4 0.090909
37 4 0.090909
52 4 0.090909
59 4 0.090909
82 4 0.090909
104 4 0.090909
119 4 0.090909
131 4 0.090909
140 4 0.090909
0 5 0.066667
6 5 0.066667
7 5 0.066667
8 5 0.066667
23 5 0.066667
28 5 0.066667
34 5 0.066667
38 5 0.066667
47 5 0.066667
53 5 0.066667
66 5 0.066667
79 5 0.066667
104 5 0.066667
141 5 0.066667
145 5 0.066667
0 6 0.038462
1 6 0.038462
2 6 0.038462
3 6 0.038462
5 6 0.038462
7 6 0.038462
8 6 0.038462
9 6 0.038462
10 6 0.038462
12 6 0.038462
14 6 0.038462
31 6 0.038462
39 6 0.038462
42 6 0.038462
44 6 0.038462
46 6 0.038462
49 6 0.038462
51 6 0.038462
69 6 0.038462
78 6 0.038462
79 6 0.038462
99 6 0.038462
100 6 0.038462
138 6 0.038462
142 6 0.038462
158 6 0.038462
0 7 0.0625
2 7 0.0625
3 7 0.0625
5 7 0.0625
6 7 0.0625
9 7 0.0625
11 7 0.0625
17 7 0.0625
18 7 0.0625
19 7 0.0625
72 7 0.0625
120 7 0.0625
126 7 0.0625
143 7 0.0625
154 7 0.0625
157 7 0.0625
0 9 0.034483
2 9 0.034483
6 9 0.034483
7 9 0.034483
8 9 0.034483
10 9 0.034483
11 9 0.034483
12 9 0.034483
14 9 0.034483
15 9 0.034483
17 9 0.034483
24 9 0.034483
27 9 0.034483
28 9 0.034483
38 9 0.034483
42 9 0.034483
50 9 0.034483
56 9 0.034483
66 9 0.034483
67 9 0.034483
80 9 0.034483
94 9 0.034483
100 9 0.034483
110 9 0.034483
120 9 0.034483
125 9 0.034483
141 9 0.034483
149 9 0.034483
158 9 0.034483
0 10 0.028571
1 10 0.028571
3 10 0.028571
6 10 0.028571
9 10 0.028571
11 10 0.028571
12 10 0.028571
15 10 0.028571
19 10 0.028571
20 10 0.028571
23 10 0.028571
27 10 0.028571
31 10 0.028571
32 10 0.028571
34 10 0.028571
35 10 0.028571
37 10 0.028571
39 10 0.028571
41 10 0.028571
44 10 0.028571
45 10 0.028571
49 10 0.028571
54 10 0.028571
62 10 0.028571
70 10 0.028571
71 10 0.028571
73 10 0.028571
81 10 0.028571
83 10 0.028571
84 10 0.028571
93 10 0.028571
94 10 0.028571
99 10 0.028571
110 10 0.028571
111 10 0.028571
0 12 0.055556
6 12 0.055556
8 12 0.055556
9 12 0.055556
10 12 0.055556
13 12 0.055556
16 12 0.055556
18 12 0.055556
26 12 0.055556
63 12 0.055556
84 12 0.055556
87 12 0.055556
90 12 0.055556
92 12 0.055556
125 12 0.055556
136 12 0.055556
137 12 0.055556
145 12 0.055556
0 13 0.030303
1 13 0.030303
2 13 0.030303
3 13 0.030303
12 13 0.030303
14 13 0.030303
15 13 0.030303
20 13 0.030303
21 13 0.030303
25 13 0.030303
27 13 0.030303
32 13 0.030303
33 13 0.030303
34 13 0.030303
42 13 0.030303
48 13 0.030303
50 13 0.030303
58 13 0.030303
64 13 0.030303
65 13 0.030303
68 13 0.030303
69 13 0.030303
81 13 0.030303
82 13 0.030303
86 13 0.030303
88 13 0.030303
102 13 0.030303
111 13 0.030303
126 13 0.030303
141 13 0.030303
148 13 0.030303
152 13 0.030303
158 13 0.030303
0 14 0.052632
3 14 0.052632
6 14 0.052632
9 14 0.052632
13 14 0.052632
15 14 0.052632
16 14 0.052632
22 14 0.052632
30 14 0.052632
36 14 0.052632
38 14 0.052632
41 14 0.052632
51 14 0.052632
74 14 0.052632
77 14 0.052632
80 14 0.052632
100 14 0.052632
108 14 0.052632
110 14 0.052632
0 16 0.043478
3 16 0.043478
11 16 0.043478
12 16 0.043478
14 16 0.043478
21 16 0.043478
26 16 0.043478
38 16 0.043478
60 16 0.043478
63 16 0.043478
65 16 0.043478
67 16 0.043478
68 16 0.043478
71 16 0.043478
75 16 0.043478
76 16 0.043478
97 16 0.043478
107 16 0.043478
121 16 0.043478
127 16 0.043478
128 16 0.043478
142 16 0.043478
146 16 0.043478
0 17 0.045455
7 17 0.045455
9 17 0.045455
11 17 0.045455
15 17 0.045455
19 17 0.045455
24 17 0.045455
32 17 0.045455
37 17 0.045455
46 17 0.045455
49 17 0.045455
53 17 0.045455
62 17 0.045455
74 17 0.045455
80 17 0.045455
88 17 0.045455
90 17 0.045455
93 17 0.045455
101 17 0.045455
104 17 0.045455
138 17 0.045455
155 17 0.045455
0 18 0.030303
1 18 0.030303
3 18 0.030303
7 18 0.030303
12 18 0.030303
20 18 0.030303
25 18 0.030303
26 18 0.030303
29 18 0.030303
30 18 0.030303
32 18 0.030303
34 18 0.030303
42 18 0.030303
45 18 0.030303
56 18 0.030303
58 18 0.030303
61 18 0.030303
64 18 0.030303
80 18 0.030303
81 18 0.030303
83 18 0.030303
95 18 0.030303
116 18 0.030303
118 18 0.030303
125 18 0.030303
129 18 0.030303
131 18 0.030303
137 18 0.030303
144 18 0.030303
146 18 0.030303
148 18 0.030303
159 18 0.030303
161 18 0.030303
0 19 0.038462
1 19 0.038462
7 19 0.038462
10 19 0.038462
17 19 0.038462
21 19 0.038462
24 19 0.038462
28 19 0.038462
33 19 0.038462
35 19 0.038462
43 19 0.038462
47 19 0.038462
48 19 0.038462
51 19 0.038462
64 19 0.038462
66 19 0.038462
67 19 0.038462
72 19 0.038462
90 19 0.038462
101 19 0.038462
108 19 0.038462
115 19 0.038462
117 19 0.038462
121 19 0.038462
129 19 0.038462
156 19 0.038462
0 20 0.0625
1 20 0.0625
10 20 0.0625
13 20 0.0625
18 20 0.0625
22 20 0.0625
26 20 0.0625
36 20 0.0625
44 20 0.0625
45 20 0.0625
55 20 0.0625
58 20 0.0625
86 20 0.0625
121 20 0.0625
134 20 0.0625
141 20 0.0625
0 21 0.076923
11 21 0.076923
13 21 0.076923
16 21 0.076923
19 21 0.076923
22 21 0.076923
52 21 0.076923
54 21 0.076923
68 21 0.076923
110 21 0.076923
113 21 0.076923
115 21 0.076923
130 21 0.076923
0 22 0.0625
1 22 0.0625
14 22 0.0625
20 22 0.0625
21 22 0.0625
32 22 0.0625
36 22 0.0625
49 22 0.0625
59 22 0.0625
83 22 0.0625
87 22 0.0625
88 22 0.0625
98 22 0.0625
103 22 0.0625
124 22 0.0625
154 22 0.0625
0 25 0.076923
3 25 0.076923
13 25 0.076923
15 25 0.076923
18 25 0.076923
27 25 0.076923
29 25 0.076923
35 25 0.076923
53 25 0.076923
114 25 0.076923
118 25 0.076923
121 25 0.076923
157 25 0.076923
0 28 0.090909
3 28 0.090909
5 28 0.090909
9 28 0.090909
19 28 0.090909
29 28 0.090909
47 28 0.090909
103 28 0.090909
106 28 0.090909
117 28 0.090909
160 28 0.090909
0 33 0.083333
1 33 0.083333
8 33 0.083333
13 33 0.083333
19 33 0.083333
46 33 0.083333
55 33 0.083333
60 33 0.083333
77 33 0.083333
83 33 0.083333
150 33 0.083333
154 33 0.083333
0 34 0.111111
5 34 0.111111
10 34 0.111111
13 34 0.111111
18 34 0.111111
60 34 0.111111
85 34 0.111111
147 34 0.111111
155 34 0.111111
0 38 0.0625
5 38 0.0625
9 38 0.0625
14 38 0.0625
16 38 0.0625
43 38 0.0625
79 38 0.0625
86 38 0.0625
110 38 0.0625
113 38 0.0625
116 38 0.0625
122 38 0.0625
127 38 0.0625
145 38 0.0625
147 38 0.0625
156 38 0.0625
0 41 0.142857
10 41 0.142857
14 41 0.142857
31 41 0.142857
40 41 0.142857
77 41 0.142857
85 41 0.142857
0 46 0.0625
6 46 0.0625
11 46 0.0625
17 46 0.0625
33 46 0.0625
47 46 0.0625
54 46 0.0625
61 46 0.0625
96 46 0.0625
107 46 0.0625
109 46 0.0625
115 46 0.0625
125 46 0.0625
131 46 0.0625
160 46 0.0625
161 46 0.0625
0 48 0.142857
13 48 0.142857
19 48 0.142857
36 48 0.142857
44 48 0.142857
54 48 0.142857
115 48 0.142857
0 50 0.125
9 50 0.125
13 50 0.125
15 50 0.125
39 50 0.125
77 50 0.125
96 50 0.125
153 50 0.125
0 54 0.111111
10 54 0.111111
21 54 0.111111
46 54 0.111111
48 54 0.111111
57 54 0.111111
99 54 0.111111
103 54 0.111111
120 54 0.111111
0 58 0.166667
13 58 0.166667
18 58 0.166667
20 58 0.166667
26 58 0.166667
158 58 0.166667
0 61 0.111111
15 61 0.111111
18 61 0.111111
37 61 0.111111
46 61 0.111111
92 61 0.111111
119 61 0.111111
132 61 0.111111
136 61 0.111111
0 62 0.125
10 62 0.125
17 62 0.125
39 62 0.125
43 62 0.125
64 62 0.125
65 62 0.125
102 62 0.125
0 66 0.076923
2 66 0.076923
5 66 0.076923
9 66 0.076923
19 66 0.076923
74 66 0.076923
89 66 0.076923
91 66 0.076923
92 66 0.076923
108 66 0.076923
124 66 0.076923
128 66 0.076923
157 66 0.076923
0 67 0.1
9 67 0.1
15 67 0.1
16 67 0.1
19 67 0.1
81 67 0.1
103 67 0.1
133 67 0.1
156 67 0.1
161 67 0.1
0 72 0.125
2 72 0.125
7 72 0.125
19 72 0.125
37 72 0.125
75 72 0.125
105 72 0.125
152 72 0.125
0 82 0.142857
4 82 0.142857
13 82 0.142857
27 82 0.142857
29 82 0.142857
119 82 0.142857
149 82 0.142857
0 84 0.083333
3 84 0.083333
10 84 0.083333
12 84 0.083333
79 84 0.083333
86 84 0.083333
91 84 0.083333
95 84 0.083333
116 84 0.083333
135 84 0.083333
139 84 0.083333
162 84 0.083333
0 102 0.166667
13 102 0.166667
45 102 0.166667
62 102 0.166667
89 102 0.166667
107 102 0.166667
0 107 0.2
16 107 0.2
46 107 0.2
77 107 0.2
102 107 0.2
0 122 0.2
15 122 0.2
38 122 0.2
60 122 0.2
68 122 0.2
0 128 0.142857
16 128 0.142857
66 128 0.142857
70 128 0.142857
83 128 0.142857
139 128 0.142857
146 128 0.142857
0 130 0.2
21 130 0.2
74 130 0.2
86 130 0.2
105 130 0.2
0 133 0.166667
67 133 0.166667
88 133 0.166667
99 133 0.166667
110 133 0.166667
138 133 0.166667
0 139 0.142857
31 139 0.142857
39 139 0.142857
84 139 0.142857
128 139 0.142857
144 139 0.142857
148 139 0.142857
0 140 0.2
4 140 0.2
76 140 0.2
77 140 0.2
93 140 0.2
0 144 0.166667
18 144 0.166667
77 144 0.166667
95 144 0.166667
139 144 0.166667
161 144 0.166667
0 148 0.2
13 148 0.2
18 148 0.2
49 148 0.2
139 148 0.2
0 152 0.2
3 152 0.2
11 152 0.2
13 152 0.2
72 152 0.2
0 160 0.2
2 160 0.2
28 160 0.2
46 160 0.2
158 160 0.2
1 8 0.083333
2 8 0.083333
3 8 0.083333
5 8 0.083333
6 8 0.083333
9 8 0.083333
12 8 0.083333
31 8 0.083333
33 8 0.083333
45 8 0.083333
83 8 0.083333
159 8 0.083333
1 15 0.033333
9 15 0.033333
10 15 0.033333
13 15 0.033333
14 15 0.033333
17 15 0.033333
23 15 0.033333
24 15 0.033333
25 15 0.033333
37 15 0.033333
39 15 0.033333
43 15 0.033333
44 15 0.033333
50 15 0.033333
56 15 0.033333
61 15 0.033333
63 15 0.033333
67 15 0.033333
69 15 0.033333
70 15 0.033333
76 15 0.033333
86 15 0.033333
89 15 0.033333
91 15 0.033333
99 15 0.033333
105 15 0.033333
108 15 0.033333
111 15 0.033333
112 15 0.033333
122 15 0.033333
1 24 0.111111
9 24 0.111111
15 24 0.111111
17 24 0.111111
19 24 0.111111
36 24 0.111111
51 24 0.111111
52 24 0.111111
97 24 0.111111
1 29 0.1
18 29 0.1
25 29 0.1
26 29 0.1
28 29 0.1
68 29 0.1
69 29 0.1
82 29 0.1
124 29 0.1
159 29 0.1
1 43 0.090909
15 43 0.090909
19 43 0.090909
26 43 0.090909
38 43 0.090909
57 43 0.090909
62 43 0.090909
63 43 0.090909
70 43 0.090909
119 43 0.090909
155 43 0.090909
1 45 0.111111
8 45 0.111111
10 45 0.111111
18 45 0.111111
20 45 0.111111
73 45 0.111111
98 45 0.111111
102 45 0.111111
132 45 0.111111
1 52 0.166667
4 52 0.166667
21 52 0.166667
24 52 0.166667
30 52 0.166667
151 52 0.166667
1 55 0.083333
11 55 0.083333
20 55 0.083333
26 55 0.083333
33 55 0.083333
85 55 0.083333
106 55 0.083333
112 55 0.083333
114 55 0.083333
119 55 0.083333
137 55 0.083333
155 55 0.083333
1 57 0.142857
2 57 0.142857
11 57 0.142857
43 57 0.142857
54 57 0.142857
89 57 0.142857
153 57 0.142857
1 60 0.076923
16 60 0.076923
33 60 0.076923
34 60 0.076923
39 60 0.076923
70 60 0.076923
75 60 0.076923
81 60 0.076923
90 60 0.076923
92 60 0.076923
106 60 0.076923
112 60 0.076923
122 60 0.076923
1 69 0.166667
6 69 0.166667
13 69 0.166667
15 69 0.166667
29 69 0.166667
155 69 0.166667
1 73 0.125
3 73 0.125
10 73 0.125
11 73 0.125
45 73 0.125
92 73 0.125
97 73 0.125
136 73 0.125
1 94 0.125
9 94 0.125
10 94 0.125
11 94 0.125
39 94 0.125
117 94 0.125
120 94 0.125
127 94 0.125
1 97 0.2
16 97 0.2
24 97 0.2
49 97 0.2
73 97 0.2
1 98 0.2
22 98 0.2
39 98 0.2
45 98 0.2
90 98 0.2
1 101 0.2
17 101 0.2
19 101 0.2
31 101 0.2
65 101 0.2
1 115 0.2
19 115 0.2
21 115 0.2
46 115 0.2
48 115 0.2
1 129 0.142857
18 129 0.142857
19 129 0.142857
76 129 0.142857
95 129 0.142857
151 129 0.142857
153 129 0.142857
1 134 0.166667
20 134 0.166667
39 134 0.166667
113 134 0.166667
131 134 0.166667
138 134 0.166667
1 145 0.2
5 145 0.2
12 145 0.2
38 145 0.2
108 145 0.2
2 11 0.045455
3 11 0.045455
7 11 0.045455
9 11 0.045455
10 11 0.045455
16 11 0.045455
17 11 0.045455
21 11 0.045455
23 11 0.045455
30 11 0.045455
40 11 0.045455
46 11 0.045455
55 11 0.045455
57 11 0.045455
73 11 0.045455
80 11 0.045455
87 11 0.045455
94 11 0.045455
95 11 0.045455
114 11 0.045455
147 11 0.045455
152 11 0.045455
2 35 0.166667
10 35 0.166667
19 35 0.166667
25 35 0.166667
26 35 0.166667
93 35 0.166667
2 39 0.052632
6 39 0.052632
10 39 0.052632
15 39 0.052632
27 39 0.052632
40 39 0.052632
42 39 0.052632
50 39 0.052632
56 39 0.052632
60 39 0.052632
62 39 0.052632
78 39 0.052632
94 39 0.052632
98 39 0.052632
123 39 0.052632
134 39 0.052632
139 39 0.052632
142 39 0.052632
149 39 0.052632
2 51 0.125
6 51 0.125
14 51 0.125
19 51 0.125
24 51 0.125
65 51 0.125
74 51 0.125
162 51 0.125
2 53 0.142857
5 53 0.142857
17 53 0.142857
25 53 0.142857
49 53 0.142857
71 53 0.142857
147 53 0.142857
2 59 0.142857
4 59 0.142857
22 59 0.142857
42 59 0.142857
56 59 0.142857
65 59 0.142857
114 59 0.142857
2 75 0.111111
3 75 0.111111
16 75 0.111111
60 75 0.111111
72 75 0.111111
93 75 0.111111
100 75 0.111111
105 75 0.111111
118 75 0.111111
2 85 0.166667
34 85 0.166667
41 85 0.166667
55 85 0.166667
81 85 0.166667
112 85 0.166667
2 87 0.142857
3 87 0.142857
11 87 0.142857
12 87 0.142857
22 87 0.142857
96 87 0.142857
136 87 0.142857
2 89 0.166667
15 89 0.166667
57 89 0.166667
66 89 0.166667
77 89 0.166667
102 89 0.166667
2 109 0.111111
37 109 0.111111
46 109 0.111111
68 109 0.111111
80 109 0.111111
132 109 0.111111
142 109 0.111111
143 109 0.111111
149 109 0.111111
3 23 0.125
5 23 0.125
10 23 0.125
11 23 0.125
15 23 0.125
76 23 0.125
113 23 0.125
114 23 0.125
3 26 0.0625
12 26 0.0625
16 26 0.0625
18 26 0.0625
20 26 0.0625
29 26 0.0625
30 26 0.0625
35 26 0.0625
36 26 0.0625
40 26 0.0625
43 26 0.0625
55 26 0.0625
58 26 0.0625
76 26 0.0625
79 26 0.0625
162 26 0.0625
3 27 0.090909
9 27 0.090909
10 27 0.090909
13 27 0.090909
25 27 0.090909
39 27 0.090909
63 27 0.090909
82 27 0.090909
100 27 0.090909
123 27 0.090909
131 27 0.090909
3 31 0.111111
4 31 0.111111
6 31 0.111111
8 31 0.111111
10 31 0.111111
41 31 0.111111
76 31 0.111111
101 31 0.111111
139 31 0.111111
3 37 0.1
4 37 0.1
10 37 0.1
15 37 0.1
17 37 0.1
61 37 0.1
71 37 0.1
72 37 0.1
88 37 0.1
109 37 0.1
3 47 0.090909
5 47 0.090909
19 47 0.090909
28 47 0.090909
46 47 0.090909
56 47 0.090909
99 47 0.090909
104 47 0.090909
124 47 0.090909
146 47 0.090909
147 47 0.090909
3 49 0.083333
6 49 0.083333
10 49 0.083333
17 49 0.083333
22 49 0.083333
53 49 0.083333
70 49 0.083333
97 49 0.083333
105 49 0.083333
108 49 0.083333
112 49 0.083333
148 49 0.083333
3 64 0.166667
13 64 0.166667
18 64 0.166667
19 64 0.166667
62 64 0.166667
137 64 0.166667
3 77 0.090909
14 77 0.090909
33 77 0.090909
41 77 0.090909
50 77 0.090909
89 77 0.090909
107 77 0.090909
140 77 0.090909
144 77 0.090909
150 77 0.090909
154 77 0.090909
3 91 0.166667
15 91 0.166667
66 91 0.166667
68 91 0.166667
84 91 0.166667
143 91 0.166667
3 93 0.142857
10 93 0.142857
17 93 0.142857
35 93 0.142857
75 93 0.142857
116 93 0.142857
140 93 0.142857
3 96 0.2
30 96 0.2
46 96 0.2
50 96 0.2
87 96 0.2
3 103 0.2
22 103 0.2
28 103 0.2
54 103 0.2
67 103 0.2
3 104 0.166667
4 104 0.166667
5 104 0.166667
17 104 0.166667
47 104 0.166667
117 104 0.166667
3 106 0.2
28 106 0.2
55 106 0.2
60 106 0.2
79 106 0.2
3 113 0.166667
21 113 0.166667
23 113 0.166667
38 113 0.166667
83 113 0.166667
134 113 0.166667
3 131 0.166667
4 131 0.166667
18 131 0.166667
27 131 0.166667
46 131 0.166667
134 131 0.166667
3 132 0.2
45 132 0.2
61 132 0.2
109 132 0.2
127 132 0.2
3 135 0.2
78 135 0.2
84 135 0.2
112 135 0.2
123 135 0.2
3 143 0.2
7 143 0.2
91 143 0.2
109 143 0.2
125 143 0.2
3 161 0.2
18 161 0.2
46 161 0.2
67 161 0.2
144 161 0.2
4 30 0.066667
11 30 0.066667
14 30 0.066667
18 30 0.066667
26 30 0.066667
40 30 0.066667
52 30 0.066667
71 30 0.066667
74 30 0.066667
95 30 0.066667
96 30 0.066667
105 30 0.066667
117 30 0.066667
121 30 0.066667
123 30 0.066667
4 119 0.166667
43 119 0.166667
55 119 0.166667
61 119 0.166667
82 119 0.166667
151 119 0.166667
5 79 0.125
6 79 0.125
26 79 0.125
38 79 0.125
44 79 0.125
84 79 0.125
88 79 0.125
106 79 0.125
5 141 0.2
9 141 0.2
13 141 0.2
20 141 0.2
99 141 0.2
6 42 0.142857
9 42 0.142857
13 42 0.142857
18 42 0.142857
39 42 0.142857
44 42 0.142857
59 42 0.142857
6 44 0.142857
10 44 0.142857
15 44 0.142857
20 44 0.142857
42 44 0.142857
48 44 0.142857
79 44 0.142857
6 78 0.125
39 78 0.125
63 78 0.125
70 78 0.125
71 78 0.125
90 78 0.125
135 78 0.125
159 78 0.125
6 99 0.142857
10 99 0.142857
15 99 0.142857
47 99 0.142857
54 99 0.142857
133 99 0.142857
141 99 0.142857
6 100 0.142857
9 100 0.142857
14 100 0.142857
27 100 0.142857
75 100 0.142857
142 100 0.142857
149 100 0.142857
6 138 0.166667
17 138 0.166667
36 138 0.166667
133 138 0.166667
134 138 0.166667
150 138 0.166667
6 142 0.2
16 142 0.2
39 142 0.2
100 142 0.2
109 142 0.2
6 158 0.166667
9 158 0.166667
13 158 0.166667
58 158 0.166667
112 158 0.166667
160 158 0.166667
7 120 0.2
9 120 0.2
54 120 0.2
83 120 0.2
94 120 0.2
7 126 0.2
13 126 0.2
32 126 0.2
65 126 0.2
116 126 0.2
7 154 0.166667
22 154 0.166667
33 154 0.166667
77 154 0.166667
127 154 0.166667
156 154 0.166667
7 157 0.2
25 157 0.2
66 157 0.2
76 157 0.2
95 157 0.2
8 83 0.125
10 83 0.125
18 83 0.125
22 83 0.125
33 83 0.125
113 83 0.125
120 83 0.125
128 83 0.125
8 159 0.2
18 159 0.2
29 159 0.2
78 159 0.2
151 159 0.2
9 56 0.166667
15 56 0.166667
18 56 0.166667
39 56 0.166667
47 56 0.166667
59 56 0.166667
9 80 0.166667
11 80 0.166667
14 80 0.166667
17 80 0.166667
18 80 0.166667
109 80 0.166667
9 110 0.166667
10 110 0.166667
14 110 0.166667
21 110 0.166667
38 110 0.166667
133 110 0.166667
9 125 0.166667
12 125 0.166667
18 125 0.166667
46 125 0.166667
121 125 0.166667
143 125 0.166667
9 149 0.166667
39 149 0.166667
82 149 0.166667
100 149 0.166667
109 149 0.166667
153 149 0.166667
10 32 0.142857
13 32 0.142857
17 32 0.142857
18 32 0.142857
22 32 0.142857
40 32 0.142857
126 32 0.142857
10 70 0.125
15 70 0.125
43 70 0.125
49 70 0.125
60 70 0.125
78 70 0.125
128 70 0.125
162 70 0.125
10 71 0.142857
16 71 0.142857
30 71 0.142857
37 71 0.142857
53 71 0.142857
78 71 0.142857
116 71 0.142857
10 81 0.125
13 81 0.125
18 81 0.125
60 81 0.125
67 81 0.125
85 81 0.125
127 81 0.125
151 81 0.125
10 111 0.2
13 111 0.2
15 111 0.2
36 111 0.2
40 111 0.2
11 40 0.142857
26 40 0.142857
30 40 0.142857
32 40 0.142857
39 40 0.142857
41 40 0.142857
111 40 0.142857
11 95 0.125
18 95 0.125
30 95 0.125
74 95 0.125
84 95 0.125
129 95 0.125
144 95 0.125
157 95 0.125
11 114 0.2
23 114 0.2
25 114 0.2
55 114 0.2
59 114 0.2
11 147 0.2
34 147 0.2
38 147 0.2
47 147 0.2
53 147 0.2
12 63 0.166667
15 63 0.166667
16 63 0.166667
27 63 0.166667
43 63 0.166667
78 63 0.166667
12 90 0.166667
17 90 0.166667
19 90 0.166667
60 90 0.166667
78 90 0.166667
98 90 0.166667
12 92 0.2
60 92 0.2
61 92 0.2
66 92 0.2
73 92 0.2
12 136 0.2
61 136 0.2
73 136 0.2
87 136 0.2
124 136 0.2
12 137 0.2
18 137 0.2
55 137 0.2
64 137 0.2
105 137 0.2
13 65 0.111111
16 65 0.111111
51 65 0.111111
59 65 0.111111
62 65 0.111111
101 65 0.111111
118 65 0.111111
126 65 0.111111
150 65 0.111111
13 68 0.111111
16 68 0.111111
21 68 0.111111
29 68 0.111111
36 68 0.111111
91 68 0.111111
109 68 0.111111
122 68 0.111111
127 68 0.111111
13 86 0.142857
15 86 0.142857
20 86 0.142857
38 86 0.142857
84 86 0.142857
130 86 0.142857
151 86 0.142857
13 88 0.142857
17 88 0.142857
22 88 0.142857
37 88 0.142857
79 88 0.142857
118 88 0.142857
133 88 0.142857
14 36 0.111111
20 36 0.111111
22 36 0.111111
24 36 0.111111
26 36 0.111111
48 36 0.111111
68 36 0.111111
111 36 0.111111
138 36 0.111111
14 74 0.142857
17 74 0.142857
30 74 0.142857
51 74 0.142857
66 74 0.142857
95 74 0.142857
130 74 0.142857
14 108 0.166667
15 108 0.166667
19 108 0.166667
49 108 0.166667
66 108 0.166667
145 108 0.166667
15 76 0.125
16 76 0.125
23 76 0.125
26 76 0.125
31 76 0.125
129 76 0.125
140 76 0.125
157 76 0.125
15 105 0.111111
30 105 0.111111
49 105 0.111111
72 105 0.111111
75 105 0.111111
123 105 0.111111
130 105 0.111111
137 105 0.111111
162 105 0.111111
15 112 0.125
49 112 0.125
55 112 0.125
60 112 0.125
85 112 0.125
135 112 0.125
146 112 0.125
158 112 0.125
16 121 0.142857
19 121 0.142857
20 121 0.142857
25 121 0.142857
30 121 0.142857
124 121 0.142857
125 121 0.142857
16 127 0.142857
38 127 0.142857
68 127 0.142857
81 127 0.142857
94 127 0.142857
132 127 0.142857
154 127 0.142857
16 146 0.2
18 146 0.2
47 146 0.2
112 146 0.2
128 146 0.2
17 155 0.2
34 155 0.2
43 155 0.2
55 155 0.2
69 155 0.2
18 116 0.142857
38 116 0.142857
71 116 0.142857
84 116 0.142857
93 116 0.142857
123 116 0.142857
126 116 0.142857
18 118 0.166667
25 118 0.166667
65 118 0.166667
75 118 0.166667
88 118 0.166667
150 118 0.166667
19 117 0.2
28 117 0.2
30 117 0.2
94 117 0.2
104 117 0.2
19 156 0.2
38 156 0.2
67 156 0.2
123 156 0.2
154 156 0.2
22 124 0.166667
29 124 0.166667
47 124 0.166667
66 124 0.166667
121 124 0.166667
136 124 0.166667
26 162 0.2
51 162 0.2
70 162 0.2
84 162 0.2
105 162 0.2
27 123 0.142857
30 123 0.142857
39 123 0.142857
105 123 0.142857
116 123 0.142857
135 123 0.142857
156 123 0.142857
33 150 0.2
65 150 0.2
77 150 0.2
118 150 0.2
138 150 0.2
50 153 0.2
57 153 0.2
129 153 0.2
149 153 0.2
151 153 0.2
52 151 0.142857
81 151 0.142857
86 151 0.142857
119 151 0.142857
129 151 0.142857
153 151 0.142857
159 151 0.142857
1 0 0.020408
2 0 0.020408
3 0 0.020408
4 0 0.020408
5 0 0.020408
6 0 0.020408
7 0 0.020408
9 0 0.020408
10 0 0.020408
12 0 0.020408
13 0 0.020408
14 0 0.020408
16 0 0.020408
17 0 0.020408
18 0 0.020408
19 0 0.020408
20 0 0.020408
21 0 0.020408
22 0 0.020408
25 0 0.020408
28 0 0.020408
33 0 0.020408
34 0 0.020408
38 0 0.020408
41 0 0.020408
46 0 0.020408
48 0 0.020408
50 0 0.020408
54 0 0.020408
58 0 0.020408
61 0 0.020408
62 0 0.020408
66 0 0.020408
67 0 0.020408
72 0 0.020408
82 0 0.020408
84 0 0.020408
102 0 0.020408
107 0 0.020408
122 0 0.020408
128 0 0.020408
130 0 0.020408
133 0 0.020408
139 0 0.020408
140 0 0.020408
144 0 0.020408
148 0 0.020408
152 0 0.020408
160 0 0.020408
