0 1 0.125
2 1 0.125
3 1 0.125
146 1 0.125
4 1 0.125
145 1 0.125
5 1 0.125
144 1 0.125
0 146 0.111111
1 146 0.111111
2 146 0.111111
3 146 0.111111
57 146 0.111111
142 146 0.111111
143 146 0.111111
144 146 0.111111
145 146 0.111111
0 2 0.090909
1 2 0.090909
4 2 0.090909
146 2 0.090909
6 2 0.090909
145 2 0.090909
56 2 0.090909
13 2 0.090909
58 2 0.090909
118 2 0.090909
136 2 0.090909
0 145 0.1
1 145 0.1
2 145 0.1
11 145 0.1
76 145 0.1
141 145 0.1
142 145 0.1
143 145 0.1
144 145 0.1
146 145 0.1
0 4 0.125
1 4 0.125
2 4 0.125
3 4 0.125
5 4 0.125
6 4 0.125
7 4 0.125
8 4 0.125
0 143 0.142857
139 143 0.142857
141 143 0.142857
142 143 0.142857
144 143 0.142857
145 143 0.142857
146 143 0.142857
0 81 0.1
65 81 0.1
77 81 0.1
78 81 0.1
79 81 0.1
80 81 0.1
83 81 0.1
84 81 0.1
85 81 0.1
96 81 0.1
1 3 0.142857
4 3 0.142857
5 3 0.142857
6 3 0.142857
7 3 0.142857
146 3 0.142857
79 3 0.142857
1 5 0.142857
3 5 0.142857
4 5 0.142857
7 5 0.142857
8 5 0.142857
9 5 0.142857
43 5 0.142857
1 144 0.125
91 144 0.125
140 144 0.125
141 144 0.125
142 144 0.125
143 144 0.125
145 144 0.125
146 144 0.125
2 6 0.142857
3 6 0.142857
4 6 0.142857
7 6 0.142857
9 6 0.142857
10 6 0.142857
66 6 0.142857
2 56 0.111111
52 56 0.111111
53 56 0.111111
54 56 0.111111
55 56 0.111111
57 56 0.111111
58 56 0.111111
59 56 0.111111
60 56 0.111111
2 13 0.125
9 13 0.125
10 13 0.125
11 13 0.125
12 13 0.125
14 13 0.125
16 13 0.125
17 13 0.125
2 58 0.111111
54 58 0.111111
55 58 0.111111
56 58 0.111111
57 58 0.111111
59 58 0.111111
60 58 0.111111
61 58 0.111111
62 58 0.111111
2 118 0.125
114 118 0.125
115 118 0.125
116 118 0.125
117 118 0.125
119 118 0.125
120 118 0.125
122 118 0.125
2 136 0.125
132 136 0.125
133 136 0.125
134 136 0.125
135 136 0.125
137 136 0.125
138 136 0.125
139 136 0.125
3 7 0.111111
4 7 0.111111
5 7 0.111111
6 7 0.111111
8 7 0.111111
9 7 0.111111
10 7 0.111111
11 7 0.111111
26 7 0.111111
3 79 0.111111
75 79 0.111111
76 79 0.111111
77 79 0.111111
78 79 0.111111
81 79 0.111111
82 79 0.111111
83 79 0.111111
104 79 0.111111
4 8 0.125
5 8 0.125
7 8 0.125
9 8 0.125
10 8 0.125
11 8 0.125
12 8 0.125
39 8 0.125
5 9 0.125
6 9 0.125
7 9 0.125
8 9 0.125
10 9 0.125
11 9 0.125
12 9 0.125
13 9 0.125
5 43 0.1
39 43 0.1
40 43 0.1
41 43 0.1
42 43 0.1
44 43 0.1
45 43 0.1
46 43 0.1
47 43 0.1
108 43 0.1
6 10 0.125
7 10 0.125
8 10 0.125
9 10 0.125
11 10 0.125
12 10 0.125
13 10 0.125
14 10 0.125
6 66 0.111111
62 66 0.111111
63 66 0.111111
64 66 0.111111
65 66 0.111111
67 66 0.111111
68 66 0.111111
69 66 0.111111
70 66 0.111111
7 11 0.125
8 11 0.125
9 11 0.125
10 11 0.125
13 11 0.125
15 11 0.125
76 11 0.125
145 11 0.125
7 26 0.125
22 26 0.125
23 26 0.125
24 26 0.125
25 26 0.125
27 26 0.125
30 26 0.125
133 26 0.125
8 12 0.125
9 12 0.125
10 12 0.125
13 12 0.125
14 12 0.125
15 12 0.125
16 12 0.125
61 12 0.125
8 39 0.125
29 39 0.125
35 39 0.125
36 39 0.125
37 39 0.125
38 39 0.125
41 39 0.125
43 39 0.125
10 14 0.125
12 14 0.125
13 14 0.125
16 14 0.125
17 14 0.125
18 14 0.125
74 14 0.125
101 14 0.125
11 15 0.166667
12 15 0.166667
16 15 0.166667
17 15 0.166667
18 15 0.166667
19 15 0.166667
11 76 0.1
29 76 0.1
72 76 0.1
73 76 0.1
74 76 0.1
75 76 0.1
78 76 0.1
79 76 0.1
145 76 0.1
105 76 0.1
12 16 0.125
13 16 0.125
14 16 0.125
15 16 0.125
17 16 0.125
19 16 0.125
20 16 0.125
29 16 0.125
12 61 0.125
57 61 0.125
58 61 0.125
59 61 0.125
60 61 0.125
62 61 0.125
63 61 0.125
65 61 0.125
13 17 0.125
14 17 0.125
15 17 0.125
16 17 0.125
18 17 0.125
20 17 0.125
21 17 0.125
140 17 0.125
14 18 0.142857
15 18 0.142857
17 18 0.142857
19 18 0.142857
20 18 0.142857
21 18 0.142857
82 18 0.142857
14 74 0.111111
65 74 0.111111
70 74 0.111111
71 74 0.111111
72 74 0.111111
73 74 0.111111
75 74 0.111111
76 74 0.111111
77 74 0.111111
14 101 0.111111
50 101 0.111111
64 101 0.111111
97 101 0.111111
98 101 0.111111
99 101 0.111111
100 101 0.111111
102 101 0.111111
105 101 0.111111
15 19 0.142857
16 19 0.142857
18 19 0.142857
20 19 0.142857
21 19 0.142857
22 19 0.142857
23 19 0.142857
16 20 0.125
17 20 0.125
18 20 0.125
19 20 0.125
21 20 0.125
22 20 0.125
23 20 0.125
24 20 0.125
16 29 0.090909
25 29 0.090909
27 29 0.090909
28 29 0.090909
31 29 0.090909
32 29 0.090909
33 29 0.090909
122 29 0.090909
39 29 0.090909
119 29 0.090909
76 29 0.090909
17 21 0.125
18 21 0.125
19 21 0.125
20 21 0.125
22 21 0.125
23 21 0.125
25 21 0.125
130 21 0.125
17 140 0.125
63 140 0.125
137 140 0.125
138 140 0.125
139 140 0.125
141 140 0.125
142 140 0.125
144 140 0.125
18 82 0.142857
78 82 0.142857
79 82 0.142857
83 82 0.142857
84 82 0.142857
85 82 0.142857
86 82 0.142857
19 22 0.142857
20 22 0.142857
21 22 0.142857
23 22 0.142857
24 22 0.142857
25 22 0.142857
26 22 0.142857
19 23 0.125
20 23 0.125
21 23 0.125
22 23 0.125
24 23 0.125
25 23 0.125
26 23 0.125
27 23 0.125
20 24 0.142857
22 24 0.142857
23 24 0.142857
25 24 0.142857
26 24 0.142857
27 24 0.142857
28 24 0.142857
21 25 0.125
22 25 0.125
23 25 0.125
24 25 0.125
26 25 0.125
27 25 0.125
28 25 0.125
29 25 0.125
21 130 0.111111
126 130 0.111111
127 130 0.111111
128 130 0.111111
129 130 0.111111
131 130 0.111111
132 130 0.111111
133 130 0.111111
134 130 0.111111
23 27 0.125
24 27 0.125
25 27 0.125
26 27 0.125
28 27 0.125
29 27 0.125
30 27 0.125
31 27 0.125
24 28 0.142857
25 28 0.142857
27 28 0.142857
29 28 0.142857
31 28 0.142857
32 28 0.142857
99 28 0.142857
26 30 0.166667
27 30 0.166667
31 30 0.166667
32 30 0.166667
34 30 0.166667
100 30 0.166667
26 133 0.111111
129 133 0.111111
130 133 0.111111
131 133 0.111111
132 133 0.111111
134 133 0.111111
135 133 0.111111
136 133 0.111111
137 133 0.111111
27 31 0.125
28 31 0.125
29 31 0.125
30 31 0.125
32 31 0.125
33 31 0.125
34 31 0.125
35 31 0.125
28 32 0.125
29 32 0.125
30 32 0.125
31 32 0.125
33 32 0.125
34 32 0.125
35 32 0.125
36 32 0.125
28 99 0.142857
67 99 0.142857
95 99 0.142857
98 99 0.142857
101 99 0.142857
102 99 0.142857
103 99 0.142857
29 33 0.125
31 33 0.125
32 33 0.125
34 33 0.125
35 33 0.125
36 33 0.125
37 33 0.125
124 33 0.125
29 122 0.111111
118 122 0.111111
119 122 0.111111
120 122 0.111111
121 122 0.111111
123 122 0.111111
124 122 0.111111
125 122 0.111111
126 122 0.111111
29 119 0.125
115 119 0.125
116 119 0.125
117 119 0.125
118 119 0.125
121 119 0.125
122 119 0.125
123 119 0.125
30 34 0.125
31 34 0.125
32 34 0.125
33 34 0.125
35 34 0.125
36 34 0.125
38 34 0.125
78 34 0.125
30 100 0.125
96 100 0.125
97 100 0.125
98 100 0.125
101 100 0.125
102 100 0.125
103 100 0.125
104 100 0.125
31 35 0.125
32 35 0.125
33 35 0.125
34 35 0.125
36 35 0.125
37 35 0.125
38 35 0.125
39 35 0.125
32 36 0.125
33 36 0.125
34 36 0.125
35 36 0.125
37 36 0.125
38 36 0.125
39 36 0.125
40 36 0.125
33 37 0.142857
35 37 0.142857
36 37 0.142857
38 37 0.142857
39 37 0.142857
40 37 0.142857
41 37 0.142857
33 124 0.125
38 124 0.125
120 124 0.125
121 124 0.125
122 124 0.125
123 124 0.125
126 124 0.125
128 124 0.125
34 38 0.111111
35 38 0.111111
36 38 0.111111
37 38 0.111111
39 38 0.111111
40 38 0.111111
41 38 0.111111
42 38 0.111111
124 38 0.111111
34 78 0.125
75 78 0.125
76 78 0.125
77 78 0.125
79 78 0.125
80 78 0.125
81 78 0.125
82 78 0.125
36 40 0.142857
37 40 0.142857
38 40 0.142857
41 40 0.142857
42 40 0.142857
43 40 0.142857
44 40 0.142857
37 41 0.125
38 41 0.125
39 41 0.125
40 41 0.125
42 41 0.125
43 41 0.125
45 41 0.125
113 41 0.125
38 42 0.142857
40 42 0.142857
41 42 0.142857
43 42 0.142857
44 42 0.142857
45 42 0.142857
46 42 0.142857
40 44 0.142857
42 44 0.142857
43 44 0.142857
45 44 0.142857
46 44 0.142857
47 44 0.142857
48 44 0.142857
41 45 0.125
42 45 0.125
43 45 0.125
44 45 0.125
47 45 0.125
48 45 0.125
49 45 0.125
98 45 0.125
41 113 0.111111
109 113 0.111111
110 113 0.111111
111 113 0.111111
112 113 0.111111
114 113 0.111111
115 113 0.111111
116 113 0.111111
117 113 0.111111
42 46 0.142857
43 46 0.142857
44 46 0.142857
47 46 0.142857
48 46 0.142857
49 46 0.142857
50 46 0.142857
43 47 0.111111
44 47 0.111111
45 47 0.111111
46 47 0.111111
48 47 0.111111
49 47 0.111111
50 47 0.111111
51 47 0.111111
68 47 0.111111
43 108 0.142857
73 108 0.142857
104 108 0.142857
106 108 0.142857
107 108 0.142857
109 108 0.142857
112 108 0.142857
44 48 0.125
45 48 0.125
46 48 0.125
47 48 0.125
49 48 0.125
50 48 0.125
51 48 0.125
77 48 0.125
45 49 0.125
46 49 0.125
47 49 0.125
48 49 0.125
50 49 0.125
51 49 0.125
52 49 0.125
53 49 0.125
45 98 0.111111
94 98 0.111111
96 98 0.111111
97 98 0.111111
99 98 0.111111
100 98 0.111111
101 98 0.111111
102 98 0.111111
110 98 0.111111
46 50 0.125
47 50 0.125
48 50 0.125
49 50 0.125
51 50 0.125
52 50 0.125
54 50 0.125
101 50 0.125
47 51 0.125
48 51 0.125
49 51 0.125
50 51 0.125
52 51 0.125
53 51 0.125
54 51 0.125
55 51 0.125
47 68 0.125
64 68 0.125
65 68 0.125
66 68 0.125
67 68 0.125
69 68 0.125
71 68 0.125
72 68 0.125
48 77 0.111111
73 77 0.111111
74 77 0.111111
75 77 0.111111
78 77 0.111111
79 77 0.111111
80 77 0.111111
81 77 0.111111
129 77 0.111111
49 52 0.125
50 52 0.125
51 52 0.125
53 52 0.125
54 52 0.125
55 52 0.125
56 52 0.125
83 52 0.125
49 53 0.142857
51 53 0.142857
52 53 0.142857
54 53 0.142857
55 53 0.142857
56 53 0.142857
57 53 0.142857
50 54 0.125
51 54 0.125
52 54 0.125
53 54 0.125
55 54 0.125
56 54 0.125
57 54 0.125
58 54 0.125
51 55 0.111111
52 55 0.111111
53 55 0.111111
54 55 0.111111
56 55 0.111111
57 55 0.111111
58 55 0.111111
59 55 0.111111
95 55 0.111111
52 83 0.125
79 83 0.125
80 83 0.125
81 83 0.125
82 83 0.125
85 83 0.125
86 83 0.125
87 83 0.125
53 57 0.1
54 57 0.1
55 57 0.1
56 57 0.1
58 57 0.1
60 57 0.1
61 57 0.1
87 57 0.1
110 57 0.1
146 57 0.1
55 59 0.142857
56 59 0.142857
58 59 0.142857
60 59 0.142857
61 59 0.142857
62 59 0.142857
63 59 0.142857
55 95 0.125
91 95 0.125
92 95 0.125
93 95 0.125
94 95 0.125
96 95 0.125
97 95 0.125
99 95 0.125
56 60 0.125
57 60 0.125
58 60 0.125
59 60 0.125
61 60 0.125
62 60 0.125
63 60 0.125
64 60 0.125
57 87 0.125
83 87 0.125
84 87 0.125
85 87 0.125
86 87 0.125
89 87 0.125
90 87 0.125
91 87 0.125
57 110 0.142857
98 110 0.142857
106 110 0.142857
107 110 0.142857
109 110 0.142857
113 110 0.142857
114 110 0.142857
58 62 0.125
59 62 0.125
60 62 0.125
61 62 0.125
63 62 0.125
64 62 0.125
65 62 0.125
66 62 0.125
59 63 0.111111
60 63 0.111111
61 63 0.111111
62 63 0.111111
64 63 0.111111
66 63 0.111111
67 63 0.111111
91 63 0.111111
140 63 0.111111
60 64 0.125
62 64 0.125
63 64 0.125
65 64 0.125
66 64 0.125
67 64 0.125
68 64 0.125
101 64 0.125
61 65 0.111111
62 65 0.111111
64 65 0.111111
66 65 0.111111
67 65 0.111111
68 65 0.111111
69 65 0.111111
81 65 0.111111
74 65 0.111111
63 67 0.111111
64 67 0.111111
65 67 0.111111
66 67 0.111111
68 67 0.111111
69 67 0.111111
70 67 0.111111
71 67 0.111111
99 67 0.111111
63 91 0.1
87 91 0.1
88 91 0.1
89 91 0.1
90 91 0.1
92 91 0.1
93 91 0.1
94 91 0.1
95 91 0.1
144 91 0.1
65 69 0.125
66 69 0.125
67 69 0.125
68 69 0.125
70 69 0.125
71 69 0.125
72 69 0.125
73 69 0.125
66 70 0.142857
67 70 0.142857
69 70 0.142857
71 70 0.142857
72 70 0.142857
73 70 0.142857
74 70 0.142857
67 71 0.125
68 71 0.125
69 71 0.125
70 71 0.125
72 71 0.125
73 71 0.125
74 71 0.125
75 71 0.125
68 72 0.125
69 72 0.125
70 72 0.125
71 72 0.125
73 72 0.125
74 72 0.125
75 72 0.125
76 72 0.125
69 73 0.111111
70 73 0.111111
71 73 0.111111
72 73 0.111111
74 73 0.111111
75 73 0.111111
76 73 0.111111
77 73 0.111111
108 73 0.111111
71 75 0.125
72 75 0.125
73 75 0.125
74 75 0.125
76 75 0.125
77 75 0.125
78 75 0.125
79 75 0.125
76 105 0.125
101 105 0.125
102 105 0.125
103 105 0.125
104 105 0.125
106 105 0.125
107 105 0.125
109 105 0.125
77 80 0.166667
78 80 0.166667
81 80 0.166667
83 80 0.166667
84 80 0.166667
115 80 0.166667
77 129 0.125
97 129 0.125
126 129 0.125
127 129 0.125
128 129 0.125
130 129 0.125
132 129 0.125
133 129 0.125
79 104 0.142857
100 104 0.142857
102 104 0.142857
103 104 0.142857
105 104 0.142857
106 104 0.142857
108 104 0.142857
80 84 0.142857
81 84 0.142857
82 84 0.142857
85 84 0.142857
86 84 0.142857
87 84 0.142857
88 84 0.142857
80 115 0.111111
111 115 0.111111
112 115 0.111111
113 115 0.111111
114 115 0.111111
116 115 0.111111
117 115 0.111111
118 115 0.111111
119 115 0.111111
81 85 0.111111
82 85 0.111111
83 85 0.111111
84 85 0.111111
86 85 0.111111
87 85 0.111111
88 85 0.111111
89 85 0.111111
125 85 0.111111
81 96 0.125
92 96 0.125
93 96 0.125
94 96 0.125
95 96 0.125
97 96 0.125
98 96 0.125
100 96 0.125
82 86 0.125
83 86 0.125
84 86 0.125
85 86 0.125
87 86 0.125
88 86 0.125
89 86 0.125
90 86 0.125
84 88 0.142857
85 88 0.142857
86 88 0.142857
89 88 0.142857
90 88 0.142857
91 88 0.142857
92 88 0.142857
85 89 0.125
86 89 0.125
87 89 0.125
88 89 0.125
90 89 0.125
91 89 0.125
92 89 0.125
93 89 0.125
85 125 0.142857
121 125 0.142857
122 125 0.142857
123 125 0.142857
126 125 0.142857
127 125 0.142857
128 125 0.142857
86 90 0.125
87 90 0.125
88 90 0.125
89 90 0.125
91 90 0.125
92 90 0.125
93 90 0.125
94 90 0.125
88 92 0.125
89 92 0.125
90 92 0.125
91 92 0.125
93 92 0.125
94 92 0.125
95 92 0.125
96 92 0.125
89 93 0.125
90 93 0.125
91 93 0.125
92 93 0.125
94 93 0.125
95 93 0.125
96 93 0.125
97 93 0.125
90 94 0.125
91 94 0.125
92 94 0.125
93 94 0.125
95 94 0.125
96 94 0.125
97 94 0.125
98 94 0.125
93 97 0.125
94 97 0.125
95 97 0.125
96 97 0.125
98 97 0.125
100 97 0.125
101 97 0.125
129 97 0.125
98 102 0.125
99 102 0.125
100 102 0.125
101 102 0.125
103 102 0.125
104 102 0.125
105 102 0.125
106 102 0.125
99 103 0.142857
100 103 0.142857
102 103 0.142857
104 103 0.142857
105 103 0.142857
106 103 0.142857
107 103 0.142857
102 106 0.125
103 106 0.125
104 106 0.125
105 106 0.125
107 106 0.125
108 106 0.125
109 106 0.125
110 106 0.125
103 107 0.142857
105 107 0.142857
106 107 0.142857
108 107 0.142857
109 107 0.142857
110 107 0.142857
111 107 0.142857
105 109 0.125
106 109 0.125
107 109 0.125
108 109 0.125
110 109 0.125
111 109 0.125
112 109 0.125
113 109 0.125
107 111 0.166667
109 111 0.166667
112 111 0.166667
113 111 0.166667
114 111 0.166667
115 111 0.166667
108 112 0.142857
109 112 0.142857
111 112 0.142857
113 112 0.142857
114 112 0.142857
115 112 0.142857
116 112 0.142857
110 114 0.125
111 114 0.125
112 114 0.125
113 114 0.125
115 114 0.125
116 114 0.125
117 114 0.125
118 114 0.125
112 116 0.125
113 116 0.125
114 116 0.125
115 116 0.125
117 116 0.125
118 116 0.125
119 116 0.125
120 116 0.125
113 117 0.125
114 117 0.125
115 117 0.125
116 117 0.125
118 117 0.125
119 117 0.125
120 117 0.125
121 117 0.125
116 120 0.142857
117 120 0.142857
118 120 0.142857
121 120 0.142857
122 120 0.142857
123 120 0.142857
124 120 0.142857
117 121 0.142857
119 121 0.142857
120 121 0.142857
122 121 0.142857
123 121 0.142857
124 121 0.142857
125 121 0.142857
119 123 0.125
120 123 0.125
121 123 0.125
122 123 0.125
124 123 0.125
125 123 0.125
126 123 0.125
127 123 0.125
122 126 0.125
123 126 0.125
124 126 0.125
125 126 0.125
127 126 0.125
128 126 0.125
129 126 0.125
130 126 0.125
123 127 0.142857
125 127 0.142857
126 127 0.142857
128 127 0.142857
129 127 0.142857
130 127 0.142857
131 127 0.142857
124 128 0.125
125 128 0.125
126 128 0.125
127 128 0.125
129 128 0.125
130 128 0.125
131 128 0.125
132 128 0.125
127 131 0.142857
128 131 0.142857
130 131 0.142857
132 131 0.142857
133 131 0.142857
134 131 0.142857
135 131 0.142857
128 132 0.125
129 132 0.125
130 132 0.125
131 132 0.125
133 132 0.125
135 132 0.125
136 132 0.125
141 132 0.125
130 134 0.142857
131 134 0.142857
133 134 0.142857
135 134 0.142857
136 134 0.142857
137 134 0.142857
138 134 0.142857
131 135 0.125
132 135 0.125
133 135 0.125
134 135 0.125
136 135 0.125
137 135 0.125
138 135 0.125
139 135 0.125
132 141 0.111111
137 141 0.111111
138 141 0.111111
139 141 0.111111
140 141 0.111111
142 141 0.111111
143 141 0.111111
144 141 0.111111
145 141 0.111111
133 137 0.125
134 137 0.125
135 137 0.125
136 137 0.125
138 137 0.125
139 137 0.125
140 137 0.125
141 137 0.125
134 138 0.125
135 138 0.125
136 138 0.125
137 138 0.125
139 138 0.125
140 138 0.125
141 138 0.125
142 138 0.125
135 139 0.125
136 139 0.125
137 139 0.125
138 139 0.125
140 139 0.125
141 139 0.125
142 139 0.125
143 139 0.125
138 142 0.125
139 142 0.125
140 142 0.125
141 142 0.125
143 142 0.125
144 142 0.125
145 142 0.125
146 142 0.125
1 0 0.142857
146 0 0.142857
2 0 0.142857
145 0 0.142857
4 0 0.142857
143 0 0.142857
81 0 0.142857
