0 1 0.125
2 1 0.125
3 1 0.125
110 1 0.125
4 1 0.125
109 1 0.125
5 1 0.125
108 1 0.125
0 110 0.111111
1 110 0.111111
2 110 0.111111
3 110 0.111111
11 110 0.111111
106 110 0.111111
107 110 0.111111
108 110 0.111111
109 110 0.111111
0 2 0.111111
1 2 0.111111
3 2 0.111111
5 2 0.111111
110 2 0.111111
6 2 0.111111
109 2 0.111111
103 2 0.111111
101 2 0.111111
0 109 0.142857
1 109 0.142857
2 109 0.142857
105 109 0.142857
106 109 0.142857
108 109 0.142857
110 109 0.142857
0 3 0.125
1 3 0.125
2 3 0.125
5 3 0.125
6 3 0.125
7 3 0.125
110 3 0.125
41 3 0.125
0 108 0.1
1 108 0.1
23 108 0.1
75 108 0.1
104 108 0.1
105 108 0.1
106 108 0.1
107 108 0.1
109 108 0.1
110 108 0.1
0 4 0.142857
1 4 0.142857
5 4 0.142857
6 4 0.142857
7 4 0.142857
8 4 0.142857
72 4 0.142857
0 107 0.125
88 107 0.125
103 107 0.125
104 107 0.125
105 107 0.125
106 107 0.125
108 107 0.125
110 107 0.125
0 95 0.125
91 95 0.125
92 95 0.125
93 95 0.125
94 95 0.125
96 95 0.125
98 95 0.125
99 95 0.125
1 5 0.111111
2 5 0.111111
3 5 0.111111
4 5 0.111111
6 5 0.111111
7 5 0.111111
8 5 0.111111
9 5 0.111111
31 5 0.111111
2 6 0.125
3 6 0.125
4 6 0.125
5 6 0.125
7 6 0.125
8 6 0.125
9 6 0.125
10 6 0.125
2 103 0.1
80 103 0.1
92 103 0.1
99 103 0.1
100 103 0.1
101 103 0.1
102 103 0.1
104 103 0.1
105 103 0.1
107 103 0.1
2 101 0.125
28 101 0.125
97 101 0.125
98 101 0.125
99 101 0.125
100 101 0.125
103 101 0.125
104 101 0.125
3 7 0.111111
4 7 0.111111
5 7 0.111111
6 7 0.111111
8 7 0.111111
9 7 0.111111
10 7 0.111111
11 7 0.111111
56 7 0.111111
3 41 0.111111
37 41 0.111111
38 41 0.111111
39 41 0.111111
40 41 0.111111
42 41 0.111111
43 41 0.111111
44 41 0.111111
45 41 0.111111
4 8 0.125
5 8 0.125
6 8 0.125
7 8 0.125
9 8 0.125
10 8 0.125
12 8 0.125
72 8 0.125
4 72 0.111111
8 72 0.111111
68 72 0.111111
69 72 0.111111
70 72 0.111111
71 72 0.111111
74 72 0.111111
75 72 0.111111
76 72 0.111111
5 9 0.125
6 9 0.125
7 9 0.125
8 9 0.125
10 9 0.125
11 9 0.125
12 9 0.125
13 9 0.125
5 31 0.166667
27 31 0.166667
28 31 0.166667
32 31 0.166667
34 31 0.166667
35 31 0.166667
6 10 0.125
7 10 0.125
8 10 0.125
9 10 0.125
11 10 0.125
12 10 0.125
13 10 0.125
14 10 0.125
7 11 0.125
9 11 0.125
10 11 0.125
13 11 0.125
15 11 0.125
110 11 0.125
69 11 0.125
100 11 0.125
7 56 0.142857
53 56 0.142857
54 56 0.142857
55 56 0.142857
58 56 0.142857
59 56 0.142857
60 56 0.142857
8 12 0.142857
9 12 0.142857
10 12 0.142857
13 12 0.142857
14 12 0.142857
15 12 0.142857
16 12 0.142857
9 13 0.125
10 13 0.125
11 13 0.125
12 13 0.125
14 13 0.125
15 13 0.125
16 13 0.125
17 13 0.125
10 14 0.142857
12 14 0.142857
13 14 0.142857
16 14 0.142857
18 14 0.142857
64 14 0.142857
65 14 0.142857
11 15 0.125
12 15 0.125
13 15 0.125
17 15 0.125
18 15 0.125
91 15 0.125
28 15 0.125
33 15 0.125
11 69 0.111111
65 69 0.111111
66 69 0.111111
67 69 0.111111
68 69 0.111111
70 69 0.111111
71 69 0.111111
72 69 0.111111
73 69 0.111111
11 100 0.125
96 100 0.125
97 100 0.125
98 100 0.125
99 100 0.125
101 100 0.125
102 100 0.125
103 100 0.125
12 16 0.142857
13 16 0.142857
14 16 0.142857
17 16 0.142857
18 16 0.142857
19 16 0.142857
20 16 0.142857
13 17 0.142857
15 17 0.142857
16 17 0.142857
18 17 0.142857
19 17 0.142857
20 17 0.142857
21 17 0.142857
14 18 0.111111
15 18 0.111111
16 18 0.111111
17 18 0.111111
19 18 0.111111
21 18 0.111111
22 18 0.111111
86 18 0.111111
57 18 0.111111
14 64 0.142857
62 64 0.142857
63 64 0.142857
65 64 0.142857
66 64 0.142857
67 64 0.142857
68 64 0.142857
14 65 0.125
61 65 0.125
63 65 0.125
64 65 0.125
66 65 0.125
67 65 0.125
68 65 0.125
69 65 0.125
15 91 0.125
87 91 0.125
89 91 0.125
90 91 0.125
92 91 0.125
93 91 0.125
94 91 0.125
95 91 0.125
15 28 0.111111
24 28 0.111111
25 28 0.111111
26 28 0.111111
27 28 0.111111
29 28 0.111111
31 28 0.111111
32 28 0.111111
101 28 0.111111
15 33 0.111111
29 33 0.111111
30 33 0.111111
32 33 0.111111
34 33 0.111111
35 33 0.111111
36 33 0.111111
37 33 0.111111
38 33 0.111111
16 19 0.142857
17 19 0.142857
18 19 0.142857
20 19 0.142857
21 19 0.142857
22 19 0.142857
23 19 0.142857
16 20 0.142857
17 20 0.142857
19 20 0.142857
21 20 0.142857
22 20 0.142857
23 20 0.142857
24 20 0.142857
17 21 0.111111
18 21 0.111111
19 21 0.111111
20 21 0.111111
22 21 0.111111
23 21 0.111111
24 21 0.111111
25 21 0.111111
62 21 0.111111
18 22 0.111111
19 22 0.111111
20 22 0.111111
21 22 0.111111
23 22 0.111111
24 22 0.111111
25 22 0.111111
26 22 0.111111
61 22 0.111111
18 86 0.125
82 86 0.125
83 86 0.125
85 86 0.125
87 86 0.125
88 86 0.125
89 86 0.125
90 86 0.125
18 57 0.142857
53 57 0.142857
54 57 0.142857
55 57 0.142857
58 57 0.142857
59 57 0.142857
60 57 0.142857
19 23 0.125
20 23 0.125
21 23 0.125
22 23 0.125
24 23 0.125
25 23 0.125
26 23 0.125
108 23 0.125
20 24 0.125
21 24 0.125
22 24 0.125
23 24 0.125
25 24 0.125
26 24 0.125
27 24 0.125
28 24 0.125
21 25 0.111111
22 25 0.111111
23 25 0.111111
24 25 0.111111
26 25 0.111111
27 25 0.111111
28 25 0.111111
29 25 0.111111
52 25 0.111111
21 62 0.125
58 62 0.125
59 62 0.125
60 62 0.125
61 62 0.125
63 62 0.125
64 62 0.125
66 62 0.125
22 26 0.125
23 26 0.125
24 26 0.125
25 26 0.125
27 26 0.125
28 26 0.125
29 26 0.125
30 26 0.125
22 61 0.142857
58 61 0.142857
59 61 0.142857
60 61 0.142857
62 61 0.142857
65 61 0.142857
99 61 0.142857
24 27 0.142857
25 27 0.142857
26 27 0.142857
28 27 0.142857
30 27 0.142857
31 27 0.142857
81 27 0.142857
25 29 0.142857
26 29 0.142857
28 29 0.142857
30 29 0.142857
32 29 0.142857
33 29 0.142857
63 29 0.142857
25 52 0.166667
48 52 0.166667
50 52 0.166667
53 52 0.166667
54 52 0.166667
55 52 0.166667
26 30 0.111111
27 30 0.111111
29 30 0.111111
32 30 0.111111
33 30 0.111111
34 30 0.111111
79 30 0.111111
37 30 0.111111
88 30 0.111111
27 81 0.125
77 81 0.125
78 81 0.125
79 81 0.125
82 81 0.125
83 81 0.125
84 81 0.125
85 81 0.125
28 32 0.125
29 32 0.125
30 32 0.125
31 32 0.125
33 32 0.125
34 32 0.125
35 32 0.125
36 32 0.125
29 63 0.142857
60 63 0.142857
62 63 0.142857
64 63 0.142857
65 63 0.142857
67 63 0.142857
77 63 0.142857
30 34 0.125
31 34 0.125
32 34 0.125
33 34 0.125
35 34 0.125
36 34 0.125
37 34 0.125
38 34 0.125
30 79 0.1
75 79 0.1
76 79 0.1
77 79 0.1
78 79 0.1
80 79 0.1
81 79 0.1
82 79 0.1
83 79 0.1
89 79 0.1
30 37 0.125
33 37 0.125
34 37 0.125
35 37 0.125
36 37 0.125
38 37 0.125
39 37 0.125
41 37 0.125
30 88 0.111111
84 88 0.111111
85 88 0.111111
86 88 0.111111
87 88 0.111111
89 88 0.111111
90 88 0.111111
92 88 0.111111
107 88 0.111111
31 35 0.125
32 35 0.125
33 35 0.125
34 35 0.125
36 35 0.125
37 35 0.125
38 35 0.125
39 35 0.125
32 36 0.125
33 36 0.125
34 36 0.125
35 36 0.125
37 36 0.125
38 36 0.125
39 36 0.125
40 36 0.125
33 38 0.111111
34 38 0.111111
35 38 0.111111
36 38 0.111111
37 38 0.111111
39 38 0.111111
40 38 0.111111
41 38 0.111111
67 38 0.111111
35 39 0.125
36 39 0.125
37 39 0.125
38 39 0.125
40 39 0.125
41 39 0.125
42 39 0.125
43 39 0.125
36 40 0.125
38 40 0.125
39 40 0.125
41 40 0.125
42 40 0.125
43 40 0.125
44 40 0.125
82 40 0.125
38 67 0.111111
63 67 0.111111
64 67 0.111111
65 67 0.111111
66 67 0.111111
69 67 0.111111
70 67 0.111111
84 67 0.111111
99 67 0.111111
39 42 0.142857
40 42 0.142857
41 42 0.142857
43 42 0.142857
44 42 0.142857
45 42 0.142857
46 42 0.142857
39 43 0.125
40 43 0.125
41 43 0.125
42 43 0.125
44 43 0.125
45 43 0.125
46 43 0.125
82 43 0.125
40 44 0.125
41 44 0.125
42 44 0.125
43 44 0.125
45 44 0.125
46 44 0.125
47 44 0.125
48 44 0.125
40 82 0.111111
43 82 0.111111
78 82 0.111111
79 82 0.111111
80 82 0.111111
81 82 0.111111
83 82 0.111111
84 82 0.111111
86 82 0.111111
41 45 0.125
42 45 0.125
43 45 0.125
44 45 0.125
46 45 0.125
47 45 0.125
48 45 0.125
85 45 0.125
42 46 0.125
43 46 0.125
44 46 0.125
45 46 0.125
47 46 0.125
48 46 0.125
49 46 0.125
50 46 0.125
44 47 0.142857
45 47 0.142857
46 47 0.142857
48 47 0.142857
49 47 0.142857
50 47 0.142857
51 47 0.142857
44 48 0.125
45 48 0.125
46 48 0.125
47 48 0.125
49 48 0.125
50 48 0.125
52 48 0.125
70 48 0.125
45 85 0.111111
49 85 0.111111
81 85 0.111111
83 85 0.111111
84 85 0.111111
86 85 0.111111
87 85 0.111111
88 85 0.111111
89 85 0.111111
46 49 0.142857
47 49 0.142857
48 49 0.142857
50 49 0.142857
53 49 0.142857
85 49 0.142857
71 49 0.142857
46 50 0.125
47 50 0.125
48 50 0.125
49 50 0.125
51 50 0.125
52 50 0.125
53 50 0.125
54 50 0.125
47 51 0.166667
50 51 0.166667
53 51 0.166667
54 51 0.166667
55 51 0.166667
68 51 0.166667
48 70 0.111111
66 70 0.111111
67 70 0.111111
68 70 0.111111
69 70 0.111111
72 70 0.111111
73 70 0.111111
97 70 0.111111
77 70 0.111111
49 53 0.125
50 53 0.125
51 53 0.125
52 53 0.125
54 53 0.125
55 53 0.125
56 53 0.125
57 53 0.125
49 71 0.166667
69 71 0.166667
72 71 0.166667
73 71 0.166667
74 71 0.166667
75 71 0.166667
50 54 0.111111
51 54 0.111111
52 54 0.111111
53 54 0.111111
55 54 0.111111
56 54 0.111111
57 54 0.111111
58 54 0.111111
59 54 0.111111
51 55 0.111111
52 55 0.111111
53 55 0.111111
54 55 0.111111
56 55 0.111111
57 55 0.111111
58 55 0.111111
59 55 0.111111
60 55 0.111111
51 68 0.125
58 68 0.125
64 68 0.125
65 68 0.125
66 68 0.125
69 68 0.125
70 68 0.125
72 68 0.125
54 58 0.111111
55 58 0.111111
56 58 0.111111
57 58 0.111111
59 58 0.111111
60 58 0.111111
61 58 0.111111
62 58 0.111111
68 58 0.111111
54 59 0.111111
55 59 0.111111
56 59 0.111111
57 59 0.111111
58 59 0.111111
60 59 0.111111
61 59 0.111111
62 59 0.111111
92 59 0.111111
55 60 0.125
56 60 0.125
57 60 0.125
58 60 0.125
59 60 0.125
61 60 0.125
62 60 0.125
63 60 0.125
59 92 0.111111
88 92 0.111111
89 92 0.111111
90 92 0.111111
91 92 0.111111
93 92 0.111111
95 92 0.111111
96 92 0.111111
103 92 0.111111
61 99 0.1
67 99 0.1
95 99 0.1
96 99 0.1
97 99 0.1
98 99 0.1
100 99 0.1
101 99 0.1
102 99 0.1
103 99 0.1
62 66 0.142857
64 66 0.142857
65 66 0.142857
67 66 0.142857
68 66 0.142857
69 66 0.142857
70 66 0.142857
63 77 0.111111
70 77 0.111111
73 77 0.111111
74 77 0.111111
76 77 0.111111
78 77 0.111111
79 77 0.111111
80 77 0.111111
81 77 0.111111
67 84 0.125
80 84 0.125
81 84 0.125
82 84 0.125
83 84 0.125
85 84 0.125
87 84 0.125
88 84 0.125
69 73 0.142857
70 73 0.142857
71 73 0.142857
74 73 0.142857
75 73 0.142857
76 73 0.142857
77 73 0.142857
70 97 0.125
93 97 0.125
94 97 0.125
96 97 0.125
98 97 0.125
99 97 0.125
100 97 0.125
101 97 0.125
71 74 0.142857
72 74 0.142857
73 74 0.142857
75 74 0.142857
76 74 0.142857
77 74 0.142857
78 74 0.142857
71 75 0.125
72 75 0.125
73 75 0.125
74 75 0.125
76 75 0.125
78 75 0.125
79 75 0.125
108 75 0.125
72 76 0.125
73 76 0.125
74 76 0.125
75 76 0.125
77 76 0.125
78 76 0.125
79 76 0.125
80 76 0.125
74 78 0.125
75 78 0.125
76 78 0.125
77 78 0.125
79 78 0.125
80 78 0.125
81 78 0.125
82 78 0.125
76 80 0.125
77 80 0.125
78 80 0.125
79 80 0.125
82 80 0.125
83 80 0.125
84 80 0.125
103 80 0.125
79 83 0.125
80 83 0.125
81 83 0.125
82 83 0.125
84 83 0.125
85 83 0.125
86 83 0.125
87 83 0.125
79 89 0.125
85 89 0.125
86 89 0.125
87 89 0.125
88 89 0.125
90 89 0.125
91 89 0.125
92 89 0.125
83 87 0.125
84 87 0.125
85 87 0.125
86 87 0.125
88 87 0.125
89 87 0.125
90 87 0.125
91 87 0.125
86 90 0.125
87 90 0.125
88 90 0.125
89 90 0.125
91 90 0.125
92 90 0.125
93 90 0.125
94 90 0.125
90 93 0.142857
91 93 0.142857
92 93 0.142857
94 93 0.142857
95 93 0.142857
96 93 0.142857
97 93 0.142857
90 94 0.142857
91 94 0.142857
93 94 0.142857
95 94 0.142857
96 94 0.142857
97 94 0.142857
98 94 0.142857
92 96 0.125
93 96 0.125
94 96 0.125
95 96 0.125
97 96 0.125
98 96 0.125
99 96 0.125
100 96 0.125
94 98 0.125
95 98 0.125
96 98 0.125
97 98 0.125
99 98 0.125
100 98 0.125
101 98 0.125
102 98 0.125
98 102 0.142857
99 102 0.142857
100 102 0.142857
103 102 0.142857
104 102 0.142857
105 102 0.142857
106 102 0.142857
101 104 0.142857
102 104 0.142857
103 104 0.142857
105 104 0.142857
106 104 0.142857
107 104 0.142857
108 104 0.142857
102 105 0.142857
103 105 0.142857
104 105 0.142857
106 105 0.142857
107 105 0.142857
108 105 0.142857
109 105 0.142857
102 106 0.142857
104 106 0.142857
105 106 0.142857
107 106 0.142857
108 106 0.142857
109 106 0.142857
110 106 0.142857
1 0 0.111111
110 0 0.111111
2 0 0.111111
109 0 0.111111
3 0 0.111111
108 0 0.111111
4 0 0.111111
107 0 0.111111
95 0 0.111111
