0 1 0.125
3 1 0.125
106 1 0.125
4 1 0.125
105 1 0.125
5 1 0.125
104 1 0.125
7 1 0.125
0 106 0.125
1 106 0.125
2 106 0.125
71 106 0.125
102 106 0.125
103 106 0.125
104 106 0.125
105 106 0.125
0 2 0.142857
5 2 0.142857
106 2 0.142857
6 2 0.142857
66 2 0.142857
60 2 0.142857
23 2 0.142857
0 105 0.142857
1 105 0.142857
38 105 0.142857
101 105 0.142857
102 105 0.142857
104 105 0.142857
106 105 0.142857
0 3 0.142857
1 3 0.142857
4 3 0.142857
5 3 0.142857
6 3 0.142857
7 3 0.142857
67 3 0.142857
0 104 0.125
1 104 0.125
100 104 0.125
101 104 0.125
102 104 0.125
103 104 0.125
105 104 0.125
106 104 0.125
0 4 0.142857
1 4 0.142857
3 4 0.142857
5 4 0.142857
6 4 0.142857
7 4 0.142857
8 4 0.142857
0 103 0.142857
96 103 0.142857
99 103 0.142857
100 103 0.142857
101 103 0.142857
104 103 0.142857
106 103 0.142857
0 44 0.142857
41 44 0.142857
42 44 0.142857
43 44 0.142857
45 44 0.142857
46 44 0.142857
48 44 0.142857
1 5 0.111111
2 5 0.111111
3 5 0.111111
4 5 0.111111
6 5 0.111111
7 5 0.111111
8 5 0.111111
9 5 0.111111
35 5 0.111111
1 7 0.111111
3 7 0.111111
4 7 0.111111
5 7 0.111111
6 7 0.111111
8 7 0.111111
9 7 0.111111
10 7 0.111111
11 7 0.111111
2 6 0.125
3 6 0.125
4 6 0.125
5 6 0.125
7 6 0.125
8 6 0.125
9 6 0.125
10 6 0.125
2 66 0.1
14 66 0.1
62 66 0.1
63 66 0.1
64 66 0.1
65 66 0.1
67 66 0.1
68 66 0.1
69 66 0.1
100 66 0.1
2 60 0.125
8 60 0.125
56 60 0.125
57 60 0.125
58 60 0.125
59 60 0.125
62 60 0.125
63 60 0.125
2 23 0.111111
19 23 0.111111
20 23 0.111111
21 23 0.111111
22 23 0.111111
24 23 0.111111
25 23 0.111111
26 23 0.111111
27 23 0.111111
3 67 0.125
63 67 0.125
64 67 0.125
65 67 0.125
66 67 0.125
69 67 0.125
70 67 0.125
71 67 0.125
4 8 0.111111
5 8 0.111111
6 8 0.111111
7 8 0.111111
9 8 0.111111
10 8 0.111111
12 8 0.111111
82 8 0.111111
60 8 0.111111
5 9 0.125
6 9 0.125
7 9 0.125
8 9 0.125
10 9 0.125
11 9 0.125
12 9 0.125
13 9 0.125
5 35 0.1
31 35 0.1
32 35 0.1
33 35 0.1
34 35 0.1
36 35 0.1
37 35 0.1
39 35 0.1
54 35 0.1
40 35 0.1
6 10 0.111111
7 10 0.111111
8 10 0.111111
9 10 0.111111
11 10 0.111111
12 10 0.111111
13 10 0.111111
14 10 0.111111
92 10 0.111111
7 11 0.142857
9 11 0.142857
10 11 0.142857
12 11 0.142857
13 11 0.142857
14 11 0.142857
15 11 0.142857
8 12 0.125
9 12 0.125
10 12 0.125
11 12 0.125
14 12 0.125
16 12 0.125
36 12 0.125
95 12 0.125
8 82 0.125
78 82 0.125
79 82 0.125
80 82 0.125
83 82 0.125
84 82 0.125
85 82 0.125
86 82 0.125
9 13 0.142857
10 13 0.142857
11 13 0.142857
14 13 0.142857
15 13 0.142857
16 13 0.142857
17 13 0.142857
10 14 0.125
11 14 0.125
12 14 0.125
13 14 0.125
15 14 0.125
16 14 0.125
18 14 0.125
66 14 0.125
10 92 0.125
73 92 0.125
88 92 0.125
89 92 0.125
90 92 0.125
91 92 0.125
93 92 0.125
96 92 0.125
11 15 0.125
13 15 0.125
14 15 0.125
16 15 0.125
17 15 0.125
18 15 0.125
19 15 0.125
40 15 0.125
12 16 0.125
13 16 0.125
14 16 0.125
15 16 0.125
17 16 0.125
18 16 0.125
19 16 0.125
20 16 0.125
12 36 0.111111
32 36 0.111111
33 36 0.111111
34 36 0.111111
35 36 0.111111
37 36 0.111111
38 36 0.111111
39 36 0.111111
40 36 0.111111
12 95 0.111111
79 95 0.111111
91 95 0.111111
93 95 0.111111
94 95 0.111111
96 95 0.111111
97 95 0.111111
98 95 0.111111
99 95 0.111111
13 17 0.125
15 17 0.125
16 17 0.125
18 17 0.125
19 17 0.125
20 17 0.125
21 17 0.125
62 17 0.125
14 18 0.125
15 18 0.125
16 18 0.125
17 18 0.125
19 18 0.125
20 18 0.125
21 18 0.125
22 18 0.125
15 19 0.125
16 19 0.125
17 19 0.125
18 19 0.125
20 19 0.125
21 19 0.125
22 19 0.125
23 19 0.125
15 40 0.142857
35 40 0.142857
36 40 0.142857
38 40 0.142857
39 40 0.142857
42 40 0.142857
43 40 0.142857
16 20 0.1
17 20 0.1
18 20 0.1
19 20 0.1
21 20 0.1
22 20 0.1
23 20 0.1
24 20 0.1
81 20 0.1
25 20 0.1
17 21 0.125
18 21 0.125
19 21 0.125
20 21 0.125
22 21 0.125
23 21 0.125
24 21 0.125
25 21 0.125
17 62 0.125
58 62 0.125
59 62 0.125
60 62 0.125
61 62 0.125
63 62 0.125
64 62 0.125
66 62 0.125
18 22 0.111111
19 22 0.111111
20 22 0.111111
21 22 0.111111
23 22 0.111111
24 22 0.111111
25 22 0.111111
26 22 0.111111
53 22 0.111111
20 24 0.125
21 24 0.125
22 24 0.125
23 24 0.125
25 24 0.125
26 24 0.125
27 24 0.125
28 24 0.125
20 81 0.125
52 81 0.125
77 81 0.125
78 81 0.125
79 81 0.125
80 81 0.125
83 81 0.125
85 81 0.125
20 25 0.125
21 25 0.125
22 25 0.125
23 25 0.125
24 25 0.125
26 25 0.125
27 25 0.125
28 25 0.125
22 26 0.125
23 26 0.125
24 26 0.125
25 26 0.125
27 26 0.125
28 26 0.125
29 26 0.125
30 26 0.125
22 53 0.125
49 53 0.125
50 53 0.125
51 53 0.125
52 53 0.125
55 53 0.125
56 53 0.125
57 53 0.125
23 27 0.125
24 27 0.125
25 27 0.125
26 27 0.125
28 27 0.125
29 27 0.125
30 27 0.125
31 27 0.125
24 28 0.125
25 28 0.125
26 28 0.125
27 28 0.125
29 28 0.125
30 28 0.125
31 28 0.125
32 28 0.125
26 29 0.142857
27 29 0.142857
28 29 0.142857
30 29 0.142857
31 29 0.142857
33 29 0.142857
34 29 0.142857
26 30 0.125
27 30 0.125
28 30 0.125
29 30 0.125
31 30 0.125
32 30 0.125
33 30 0.125
34 30 0.125
27 31 0.125
28 31 0.125
29 31 0.125
30 31 0.125
32 31 0.125
33 31 0.125
34 31 0.125
35 31 0.125
28 32 0.142857
30 32 0.142857
31 32 0.142857
34 32 0.142857
35 32 0.142857
36 32 0.142857
94 32 0.142857
29 33 0.142857
30 33 0.142857
31 33 0.142857
34 33 0.142857
35 33 0.142857
36 33 0.142857
37 33 0.142857
29 34 0.111111
30 34 0.111111
31 34 0.111111
32 34 0.111111
33 34 0.111111
35 34 0.111111
36 34 0.111111
37 34 0.111111
38 34 0.111111
32 94 0.142857
90 94 0.142857
91 94 0.142857
95 94 0.142857
96 94 0.142857
97 94 0.142857
98 94 0.142857
33 37 0.125
34 37 0.125
35 37 0.125
36 37 0.125
38 37 0.125
39 37 0.125
41 37 0.125
96 37 0.125
34 38 0.125
36 38 0.125
37 38 0.125
40 38 0.125
41 38 0.125
42 38 0.125
79 38 0.125
105 38 0.125
35 39 0.125
36 39 0.125
37 39 0.125
40 39 0.125
41 39 0.125
42 39 0.125
43 39 0.125
93 39 0.125
35 54 0.142857
50 54 0.142857
51 54 0.142857
52 54 0.142857
55 54 0.142857
56 54 0.142857
58 54 0.142857
37 41 0.142857
38 41 0.142857
39 41 0.142857
42 41 0.142857
43 41 0.142857
44 41 0.142857
45 41 0.142857
37 96 0.090909
79 96 0.090909
91 96 0.090909
92 96 0.090909
93 96 0.090909
94 96 0.090909
95 96 0.090909
97 96 0.090909
98 96 0.090909
99 96 0.090909
103 96 0.090909
38 42 0.125
39 42 0.125
40 42 0.125
41 42 0.125
43 42 0.125
44 42 0.125
45 42 0.125
46 42 0.125
38 79 0.125
75 79 0.125
76 79 0.125
77 79 0.125
81 79 0.125
82 79 0.125
96 79 0.125
95 79 0.125
39 43 0.111111
40 43 0.111111
41 43 0.111111
42 43 0.111111
44 43 0.111111
46 43 0.111111
47 43 0.111111
102 43 0.111111
49 43 0.111111
39 93 0.125
89 93 0.125
90 93 0.125
91 93 0.125
92 93 0.125
95 93 0.125
96 93 0.125
97 93 0.125
41 45 0.142857
42 45 0.142857
44 45 0.142857
46 45 0.142857
47 45 0.142857
48 45 0.142857
49 45 0.142857
42 46 0.125
43 46 0.125
44 46 0.125
45 46 0.125
47 46 0.125
48 46 0.125
49 46 0.125
50 46 0.125
43 47 0.142857
45 47 0.142857
46 47 0.142857
48 47 0.142857
49 47 0.142857
50 47 0.142857
51 47 0.142857
43 102 0.125
98 102 0.125
99 102 0.125
100 102 0.125
101 102 0.125
104 102 0.125
105 102 0.125
106 102 0.125
43 49 0.111111
45 49 0.111111
46 49 0.111111
47 49 0.111111
48 49 0.111111
50 49 0.111111
51 49 0.111111
52 49 0.111111
53 49 0.111111
44 48 0.125
45 48 0.125
46 48 0.125
47 48 0.125
49 48 0.125
50 48 0.125
51 48 0.125
52 48 0.125
46 50 0.111111
47 50 0.111111
48 50 0.111111
49 50 0.111111
51 50 0.111111
52 50 0.111111
53 50 0.111111
54 50 0.111111
73 50 0.111111
47 51 0.125
48 51 0.125
49 51 0.125
50 51 0.125
52 51 0.125
53 51 0.125
54 51 0.125
55 51 0.125
48 52 0.111111
49 52 0.111111
50 52 0.111111
51 52 0.111111
53 52 0.111111
54 52 0.111111
55 52 0.111111
56 52 0.111111
81 52 0.111111
50 73 0.111111
69 73 0.111111
70 73 0.111111
71 73 0.111111
72 73 0.111111
75 73 0.111111
76 73 0.111111
77 73 0.111111
92 73 0.111111
51 55 0.125
52 55 0.125
53 55 0.125
54 55 0.125
56 55 0.125
57 55 0.125
58 55 0.125
59 55 0.125
52 56 0.125
53 56 0.125
54 56 0.125
55 56 0.125
57 56 0.125
58 56 0.125
59 56 0.125
60 56 0.125
53 57 0.142857
55 57 0.142857
56 57 0.142857
58 57 0.142857
59 57 0.142857
60 57 0.142857
61 57 0.142857
54 58 0.125
55 58 0.125
56 58 0.125
57 58 0.125
59 58 0.125
60 58 0.125
61 58 0.125
62 58 0.125
55 59 0.125
56 59 0.125
57 59 0.125
58 59 0.125
60 59 0.125
61 59 0.125
62 59 0.125
63 59 0.125
57 61 0.142857
58 61 0.142857
59 61 0.142857
62 61 0.142857
63 61 0.142857
64 61 0.142857
65 61 0.142857
59 63 0.125
60 63 0.125
61 63 0.125
62 63 0.125
64 63 0.125
65 63 0.125
66 63 0.125
67 63 0.125
61 64 0.142857
62 64 0.142857
63 64 0.142857
65 64 0.142857
66 64 0.142857
67 64 0.142857
68 64 0.142857
61 65 0.142857
63 65 0.142857
64 65 0.142857
66 65 0.142857
67 65 0.142857
68 65 0.142857
69 65 0.142857
64 68 0.142857
65 68 0.142857
66 68 0.142857
69 68 0.142857
70 68 0.142857
71 68 0.142857
72 68 0.142857
65 69 0.125
66 69 0.125
67 69 0.125
68 69 0.125
70 69 0.125
71 69 0.125
72 69 0.125
73 69 0.125
66 100 0.125
97 100 0.125
98 100 0.125
99 100 0.125
101 100 0.125
102 100 0.125
103 100 0.125
104 100 0.125
67 70 0.142857
68 70 0.142857
69 70 0.142857
71 70 0.142857
72 70 0.142857
73 70 0.142857
74 70 0.142857
67 71 0.111111
68 71 0.111111
69 71 0.111111
70 71 0.111111
72 71 0.111111
73 71 0.111111
74 71 0.111111
75 71 0.111111
106 71 0.111111
68 72 0.111111
69 72 0.111111
70 72 0.111111
71 72 0.111111
73 72 0.111111
74 72 0.111111
75 72 0.111111
76 72 0.111111
78 72 0.111111
70 74 0.142857
71 74 0.142857
72 74 0.142857
75 74 0.142857
76 74 0.142857
77 74 0.142857
78 74 0.142857
71 75 0.125
72 75 0.125
73 75 0.125
74 75 0.125
76 75 0.125
77 75 0.125
78 75 0.125
79 75 0.125
72 76 0.125
73 76 0.125
74 76 0.125
75 76 0.125
77 76 0.125
78 76 0.125
79 76 0.125
80 76 0.125
72 78 0.125
74 78 0.125
75 78 0.125
76 78 0.125
77 78 0.125
80 78 0.125
81 78 0.125
82 78 0.125
73 77 0.125
74 77 0.125
75 77 0.125
76 77 0.125
78 77 0.125
79 77 0.125
80 77 0.125
81 77 0.125
76 80 0.142857
77 80 0.142857
78 80 0.142857
81 80 0.142857
82 80 0.142857
83 80 0.142857
84 80 0.142857
80 83 0.142857
81 83 0.142857
82 83 0.142857
84 83 0.142857
85 83 0.142857
86 83 0.142857
87 83 0.142857
80 84 0.142857
82 84 0.142857
83 84 0.142857
85 84 0.142857
86 84 0.142857
87 84 0.142857
88 84 0.142857
81 85 0.111111
82 85 0.111111
83 85 0.111111
84 85 0.111111
86 85 0.111111
87 85 0.111111
88 85 0.111111
89 85 0.111111
97 85 0.111111
82 86 0.125
83 86 0.125
84 86 0.125
85 86 0.125
87 86 0.125
88 86 0.125
89 86 0.125
90 86 0.125
83 87 0.125
84 87 0.125
85 87 0.125
86 87 0.125
88 87 0.125
89 87 0.125
90 87 0.125
91 87 0.125
84 88 0.125
85 88 0.125
86 88 0.125
87 88 0.125
89 88 0.125
90 88 0.125
91 88 0.125
92 88 0.125
85 89 0.125
86 89 0.125
87 89 0.125
88 89 0.125
90 89 0.125
91 89 0.125
92 89 0.125
93 89 0.125
85 97 0.125
93 97 0.125
94 97 0.125
95 97 0.125
96 97 0.125
98 97 0.125
99 97 0.125
100 97 0.125
86 90 0.125
87 90 0.125
88 90 0.125
89 90 0.125
91 90 0.125
92 90 0.125
93 90 0.125
94 90 0.125
87 91 0.111111
88 91 0.111111
89 91 0.111111
90 91 0.111111
92 91 0.111111
93 91 0.111111
94 91 0.111111
95 91 0.111111
96 91 0.111111
94 98 0.125
95 98 0.125
96 98 0.125
97 98 0.125
99 98 0.125
100 98 0.125
101 98 0.125
102 98 0.125
95 99 0.125
96 99 0.125
97 99 0.125
98 99 0.125
100 99 0.125
101 99 0.125
102 99 0.125
103 99 0.125
98 101 0.142857
99 101 0.142857
100 101 0.142857
102 101 0.142857
103 101 0.142857
104 101 0.142857
105 101 0.142857
1 0 0.111111
106 0 0.111111
2 0 0.111111
105 0 0.111111
3 0 0.111111
104 0 0.111111
4 0 0.111111
103 0 0.111111
44 0 0.111111
