0 1 0.142857
2 1 0.142857
3 1 0.142857
4 1 0.142857
5 1 0.142857
304 1 0.142857
278 1 0.142857
0 306 0.111111
2 306 0.111111
3 306 0.111111
33 306 0.111111
277 306 0.111111
302 306 0.111111
303 306 0.111111
304 306 0.111111
305 306 0.111111
0 2 0.1
1 2 0.1
4 2 0.1
5 2 0.1
306 2 0.1
6 2 0.1
305 2 0.1
81 2 0.1
124 2 0.1
279 2 0.1
0 305 0.111111
2 305 0.111111
128 305 0.111111
290 305 0.111111
301 305 0.111111
302 305 0.111111
303 305 0.111111
304 305 0.111111
306 305 0.111111
0 3 0.142857
1 3 0.142857
4 3 0.142857
5 3 0.142857
6 3 0.142857
7 3 0.142857
306 3 0.142857
0 304 0.125
1 304 0.125
300 304 0.125
301 304 0.125
302 304 0.125
303 304 0.125
305 304 0.125
306 304 0.125
0 4 0.111111
1 4 0.111111
2 4 0.111111
3 4 0.111111
5 4 0.111111
7 4 0.111111
25 4 0.111111
27 4 0.111111
280 4 0.111111
0 303 0.142857
300 303 0.142857
301 303 0.142857
302 303 0.142857
304 303 0.142857
305 303 0.142857
306 303 0.142857
1 5 0.111111
2 5 0.111111
3 5 0.111111
4 5 0.111111
7 5 0.111111
8 5 0.111111
9 5 0.111111
69 5 0.111111
26 5 0.111111
1 278 0.125
8 278 0.125
9 278 0.125
274 278 0.125
275 278 0.125
277 278 0.125
279 278 0.125
280 278 0.125
2 6 0.166667
3 6 0.166667
7 6 0.166667
9 6 0.166667
10 6 0.166667
33 6 0.166667
2 81 0.1
77 81 0.1
78 81 0.1
79 81 0.1
80 81 0.1
82 81 0.1
83 81 0.1
84 81 0.1
85 81 0.1
136 81 0.1
2 124 0.111111
120 124 0.111111
121 124 0.111111
122 124 0.111111
123 124 0.111111
125 124 0.111111
126 124 0.111111
128 124 0.111111
281 124 0.111111
2 279 0.111111
205 279 0.111111
275 279 0.111111
276 279 0.111111
277 279 0.111111
278 279 0.111111
280 279 0.111111
281 279 0.111111
283 279 0.111111
3 7 0.111111
4 7 0.111111
5 7 0.111111
6 7 0.111111
8 7 0.111111
9 7 0.111111
10 7 0.111111
80 7 0.111111
159 7 0.111111
4 25 0.125
22 25 0.125
23 25 0.125
24 25 0.125
27 25 0.125
28 25 0.125
29 25 0.125
107 25 0.125
4 27 0.111111
23 27 0.111111
24 27 0.111111
25 27 0.111111
26 27 0.111111
28 27 0.111111
29 27 0.111111
30 27 0.111111
31 27 0.111111
4 280 0.1
249 280 0.1
276 280 0.1
277 280 0.1
278 280 0.1
279 280 0.1
281 280 0.1
282 280 0.1
283 280 0.1
284 280 0.1
5 8 0.142857
7 8 0.142857
9 8 0.142857
10 8 0.142857
12 8 0.142857
214 8 0.142857
278 8 0.142857
5 9 0.125
6 9 0.125
7 9 0.125
8 9 0.125
10 9 0.125
12 9 0.125
13 9 0.125
278 9 0.125
5 69 0.083333
65 69 0.083333
66 69 0.083333
67 69 0.083333
68 69 0.083333
70 69 0.083333
71 69 0.083333
72 69 0.083333
73 69 0.083333
221 69 0.083333
229 69 0.083333
218 69 0.083333
5 26 0.142857
22 26 0.142857
23 26 0.142857
24 26 0.142857
27 26 0.142857
28 26 0.142857
29 26 0.142857
6 10 0.125
7 10 0.125
8 10 0.125
9 10 0.125
11 10 0.125
12 10 0.125
13 10 0.125
14 10 0.125
6 33 0.125
29 33 0.125
30 33 0.125
31 33 0.125
34 33 0.125
36 33 0.125
37 33 0.125
306 33 0.125
7 80 0.111111
76 80 0.111111
77 80 0.111111
78 80 0.111111
79 80 0.111111
81 80 0.111111
82 80 0.111111
84 80 0.111111
291 80 0.111111
7 159 0.125
155 159 0.125
156 159 0.125
157 159 0.125
158 159 0.125
160 159 0.125
161 159 0.125
162 159 0.125
8 12 0.111111
9 12 0.111111
10 12 0.111111
11 12 0.111111
13 12 0.111111
14 12 0.111111
15 12 0.111111
16 12 0.111111
161 12 0.111111
8 214 0.1
147 214 0.1
210 214 0.1
211 214 0.1
212 214 0.1
213 214 0.1
215 214 0.1
216 214 0.1
217 214 0.1
218 214 0.1
9 13 0.125
10 13 0.125
11 13 0.125
12 13 0.125
14 13 0.125
15 13 0.125
16 13 0.125
17 13 0.125
10 11 0.166667
12 11 0.166667
13 11 0.166667
14 11 0.166667
15 11 0.166667
93 11 0.166667
10 14 0.111111
11 14 0.111111
12 14 0.111111
13 14 0.111111
15 14 0.111111
16 14 0.111111
18 14 0.111111
38 14 0.111111
20 14 0.111111
11 15 0.125
12 15 0.125
13 15 0.125
14 15 0.125
16 15 0.125
17 15 0.125
18 15 0.125
19 15 0.125
11 93 0.142857
89 93 0.142857
91 93 0.142857
92 93 0.142857
94 93 0.142857
96 93 0.142857
97 93 0.142857
12 16 0.125
13 16 0.125
14 16 0.125
15 16 0.125
17 16 0.125
18 16 0.125
19 16 0.125
245 16 0.125
12 161 0.125
157 161 0.125
158 161 0.125
159 161 0.125
160 161 0.125
162 161 0.125
163 161 0.125
165 161 0.125
13 17 0.142857
15 17 0.142857
16 17 0.142857
18 17 0.142857
19 17 0.142857
20 17 0.142857
21 17 0.142857
14 18 0.125
15 18 0.125
16 18 0.125
17 18 0.125
19 18 0.125
21 18 0.125
22 18 0.125
293 18 0.125
14 38 0.125
34 38 0.125
35 38 0.125
36 38 0.125
37 38 0.125
39 38 0.125
41 38 0.125
42 38 0.125
14 20 0.142857
17 20 0.142857
19 20 0.142857
21 20 0.142857
22 20 0.142857
23 20 0.142857
24 20 0.142857
15 19 0.125
16 19 0.125
17 19 0.125
18 19 0.125
20 19 0.125
21 19 0.125
23 19 0.125
152 19 0.125
16 245 0.111111
224 245 0.111111
241 245 0.111111
242 245 0.111111
243 245 0.111111
244 245 0.111111
246 245 0.111111
247 245 0.111111
248 245 0.111111
17 21 0.125
18 21 0.125
19 21 0.125
20 21 0.125
22 21 0.125
24 21 0.125
109 21 0.125
189 21 0.125
18 22 0.125
20 22 0.125
21 22 0.125
23 22 0.125
24 22 0.125
25 22 0.125
26 22 0.125
76 22 0.125
18 293 0.111111
154 293 0.111111
290 293 0.111111
291 293 0.111111
292 293 0.111111
294 293 0.111111
295 293 0.111111
296 293 0.111111
297 293 0.111111
19 23 0.125
20 23 0.125
22 23 0.125
25 23 0.125
26 23 0.125
27 23 0.125
74 23 0.125
285 23 0.125
19 152 0.111111
148 152 0.111111
149 152 0.111111
150 152 0.111111
151 152 0.111111
153 152 0.111111
154 152 0.111111
155 152 0.111111
156 152 0.111111
20 24 0.142857
21 24 0.142857
22 24 0.142857
25 24 0.142857
26 24 0.142857
27 24 0.142857
28 24 0.142857
21 109 0.125
44 109 0.125
105 109 0.125
107 109 0.125
108 109 0.125
110 109 0.125
111 109 0.125
112 109 0.125
21 189 0.111111
185 189 0.111111
186 189 0.111111
187 189 0.111111
188 189 0.111111
190 189 0.111111
191 189 0.111111
192 189 0.111111
193 189 0.111111
22 76 0.1
72 76 0.1
73 76 0.1
74 76 0.1
75 76 0.1
77 76 0.1
79 76 0.1
80 76 0.1
106 76 0.1
126 76 0.1
23 74 0.111111
70 74 0.111111
71 74 0.111111
72 74 0.111111
73 74 0.111111
75 74 0.111111
76 74 0.111111
78 74 0.111111
144 74 0.111111
23 285 0.125
281 285 0.125
282 285 0.125
283 285 0.125
284 285 0.125
286 285 0.125
288 285 0.125
289 285 0.125
24 28 0.111111
25 28 0.111111
26 28 0.111111
27 28 0.111111
29 28 0.111111
31 28 0.111111
32 28 0.111111
41 28 0.111111
216 28 0.111111
25 29 0.125
26 29 0.125
27 29 0.125
28 29 0.125
30 29 0.125
31 29 0.125
32 29 0.125
33 29 0.125
25 107 0.125
103 107 0.125
104 107 0.125
106 107 0.125
109 107 0.125
110 107 0.125
111 107 0.125
210 107 0.125
27 30 0.142857
29 30 0.142857
32 30 0.142857
33 30 0.142857
270 30 0.142857
75 30 0.142857
47 30 0.142857
27 31 0.111111
28 31 0.111111
29 31 0.111111
32 31 0.111111
33 31 0.111111
34 31 0.111111
35 31 0.111111
299 31 0.111111
128 31 0.111111
28 32 0.111111
29 32 0.111111
30 32 0.111111
31 32 0.111111
34 32 0.111111
35 32 0.111111
36 32 0.111111
160 32 0.111111
224 32 0.111111
28 41 0.111111
37 41 0.111111
38 41 0.111111
39 41 0.111111
40 41 0.111111
42 41 0.111111
43 41 0.111111
44 41 0.111111
121 41 0.111111
28 216 0.125
212 216 0.125
213 216 0.125
214 216 0.125
215 216 0.125
217 216 0.125
218 216 0.125
219 216 0.125
30 270 0.111111
266 270 0.111111
267 270 0.111111
268 270 0.111111
269 270 0.111111
271 270 0.111111
272 270 0.111111
273 270 0.111111
274 270 0.111111
30 75 0.125
71 75 0.125
72 75 0.125
73 75 0.125
74 75 0.125
76 75 0.125
77 75 0.125
79 75 0.125
30 47 0.125
43 47 0.125
44 47 0.125
46 47 0.125
48 47 0.125
49 47 0.125
50 47 0.125
51 47 0.125
31 34 0.142857
32 34 0.142857
33 34 0.142857
35 34 0.142857
36 34 0.142857
37 34 0.142857
38 34 0.142857
31 35 0.142857
32 35 0.142857
34 35 0.142857
36 35 0.142857
37 35 0.142857
38 35 0.142857
39 35 0.142857
31 299 0.125
68 299 0.125
247 299 0.125
295 299 0.125
296 299 0.125
297 299 0.125
298 299 0.125
302 299 0.125
31 128 0.125
124 128 0.125
125 128 0.125
127 128 0.125
129 128 0.125
130 128 0.125
132 128 0.125
305 128 0.125
32 36 0.125
33 36 0.125
34 36 0.125
35 36 0.125
37 36 0.125
38 36 0.125
39 36 0.125
40 36 0.125
32 160 0.111111
142 160 0.111111
156 160 0.111111
157 160 0.111111
159 160 0.111111
161 160 0.111111
162 160 0.111111
163 160 0.111111
164 160 0.111111
32 224 0.090909
176 224 0.090909
198 224 0.090909
220 224 0.090909
221 224 0.090909
222 224 0.090909
223 224 0.090909
225 224 0.090909
226 224 0.090909
227 224 0.090909
245 224 0.090909
33 37 0.125
34 37 0.125
35 37 0.125
36 37 0.125
38 37 0.125
39 37 0.125
40 37 0.125
41 37 0.125
35 39 0.125
36 39 0.125
37 39 0.125
38 39 0.125
41 39 0.125
42 39 0.125
43 39 0.125
66 39 0.125
36 40 0.166667
37 40 0.166667
41 40 0.166667
42 40 0.166667
43 40 0.166667
44 40 0.166667
38 42 0.111111
39 42 0.111111
40 42 0.111111
41 42 0.111111
44 42 0.111111
45 42 0.111111
46 42 0.111111
147 42 0.111111
117 42 0.111111
39 43 0.125
40 43 0.125
41 43 0.125
44 43 0.125
45 43 0.125
46 43 0.125
47 43 0.125
241 43 0.125
39 66 0.111111
62 66 0.111111
63 66 0.111111
64 66 0.111111
65 66 0.111111
67 66 0.111111
68 66 0.111111
69 66 0.111111
70 66 0.111111
40 44 0.111111
41 44 0.111111
42 44 0.111111
43 44 0.111111
45 44 0.111111
47 44 0.111111
48 44 0.111111
102 44 0.111111
109 44 0.111111
41 121 0.125
117 121 0.125
118 121 0.125
119 121 0.125
123 121 0.125
124 121 0.125
238 121 0.125
154 121 0.125
42 45 0.142857
43 45 0.142857
44 45 0.142857
46 45 0.142857
48 45 0.142857
49 45 0.142857
229 45 0.142857
42 46 0.125
43 46 0.125
45 46 0.125
47 46 0.125
48 46 0.125
49 46 0.125
50 46 0.125
154 46 0.125
42 147 0.1
98 147 0.1
140 147 0.1
143 147 0.1
144 147 0.1
145 147 0.1
146 147 0.1
148 147 0.1
151 147 0.1
214 147 0.1
42 117 0.125
113 117 0.125
114 117 0.125
115 117 0.125
116 117 0.125
119 117 0.125
120 117 0.125
121 117 0.125
43 241 0.111111
170 241 0.111111
237 241 0.111111
238 241 0.111111
239 241 0.111111
240 241 0.111111
242 241 0.111111
244 241 0.111111
245 241 0.111111
44 48 0.1
45 48 0.1
46 48 0.1
47 48 0.1
49 48 0.1
50 48 0.1
51 48 0.1
52 48 0.1
243 48 0.1
177 48 0.1
44 102 0.111111
98 102 0.111111
99 102 0.111111
100 102 0.111111
101 102 0.111111
103 102 0.111111
104 102 0.111111
105 102 0.111111
106 102 0.111111
45 49 0.125
46 49 0.125
47 49 0.125
48 49 0.125
50 49 0.125
51 49 0.125
52 49 0.125
53 49 0.125
45 229 0.125
69 229 0.125
225 229 0.125
226 229 0.125
228 229 0.125
231 229 0.125
232 229 0.125
233 229 0.125
46 50 0.125
47 50 0.125
48 50 0.125
49 50 0.125
51 50 0.125
53 50 0.125
54 50 0.125
84 50 0.125
46 154 0.1
121 154 0.1
150 154 0.1
151 154 0.1
152 154 0.1
153 154 0.1
155 154 0.1
158 154 0.1
190 154 0.1
293 154 0.1
47 51 0.125
48 51 0.125
49 51 0.125
50 51 0.125
52 51 0.125
54 51 0.125
55 51 0.125
266 51 0.125
48 52 0.142857
49 52 0.142857
51 52 0.142857
53 52 0.142857
55 52 0.142857
183 52 0.142857
296 52 0.142857
48 243 0.2
240 243 0.2
245 243 0.2
246 243 0.2
247 243 0.2
48 177 0.125
173 177 0.125
174 177 0.125
175 177 0.125
178 177 0.125
179 177 0.125
181 177 0.125
222 177 0.125
49 53 0.142857
50 53 0.142857
52 53 0.142857
54 53 0.142857
55 53 0.142857
56 53 0.142857
57 53 0.142857
50 54 0.142857
51 54 0.142857
53 54 0.142857
55 54 0.142857
56 54 0.142857
57 54 0.142857
58 54 0.142857
50 84 0.111111
80 84 0.111111
81 84 0.111111
82 84 0.111111
83 84 0.111111
85 84 0.111111
86 84 0.111111
87 84 0.111111
88 84 0.111111
51 55 0.125
52 55 0.125
53 55 0.125
54 55 0.125
56 55 0.125
57 55 0.125
58 55 0.125
59 55 0.125
51 266 0.111111
251 266 0.111111
262 266 0.111111
263 266 0.111111
264 266 0.111111
265 266 0.111111
267 266 0.111111
268 266 0.111111
270 266 0.111111
52 183 0.142857
179 183 0.142857
180 183 0.142857
184 183 0.142857
185 183 0.142857
186 183 0.142857
187 183 0.142857
52 296 0.111111
292 296 0.111111
293 296 0.111111
294 296 0.111111
295 296 0.111111
297 296 0.111111
298 296 0.111111
299 296 0.111111
300 296 0.111111
53 56 0.142857
54 56 0.142857
55 56 0.142857
57 56 0.142857
58 56 0.142857
59 56 0.142857
60 56 0.142857
53 57 0.125
54 57 0.125
55 57 0.125
56 57 0.125
58 57 0.125
59 57 0.125
60 57 0.125
61 57 0.125
54 58 0.125
55 58 0.125
56 58 0.125
57 58 0.125
59 58 0.125
60 58 0.125
61 58 0.125
62 58 0.125
55 59 0.125
56 59 0.125
57 59 0.125
58 59 0.125
61 59 0.125
63 59 0.125
213 59 0.125
271 59 0.125
56 60 0.142857
57 60 0.142857
58 60 0.142857
61 60 0.142857
62 60 0.142857
63 60 0.142857
64 60 0.142857
57 61 0.125
58 61 0.125
59 61 0.125
60 61 0.125
62 61 0.125
63 61 0.125
64 61 0.125
65 61 0.125
58 62 0.142857
60 62 0.142857
61 62 0.142857
63 62 0.142857
64 62 0.142857
65 62 0.142857
66 62 0.142857
59 63 0.125
60 63 0.125
61 63 0.125
62 63 0.125
65 63 0.125
66 63 0.125
67 63 0.125
71 63 0.125
59 213 0.1
182 213 0.1
209 213 0.1
210 213 0.1
211 213 0.1
212 213 0.1
214 213 0.1
215 213 0.1
216 213 0.1
217 213 0.1
59 271 0.111111
267 271 0.111111
268 271 0.111111
269 271 0.111111
270 271 0.111111
272 271 0.111111
273 271 0.111111
274 271 0.111111
275 271 0.111111
60 64 0.111111
61 64 0.111111
62 64 0.111111
65 64 0.111111
66 64 0.111111
67 64 0.111111
68 64 0.111111
176 64 0.111111
168 64 0.111111
61 65 0.125
62 65 0.125
63 65 0.125
64 65 0.125
66 65 0.125
69 65 0.125
123 65 0.125
118 65 0.125
63 67 0.142857
64 67 0.142857
66 67 0.142857
68 67 0.142857
69 67 0.142857
70 67 0.142857
71 67 0.142857
63 71 0.1
67 71 0.1
68 71 0.1
69 71 0.1
70 71 0.1
72 71 0.1
73 71 0.1
74 71 0.1
75 71 0.1
101 71 0.1
64 68 0.111111
66 68 0.111111
67 68 0.111111
69 68 0.111111
70 68 0.111111
71 68 0.111111
72 68 0.111111
299 68 0.111111
179 68 0.111111
64 176 0.125
172 176 0.125
173 176 0.125
174 176 0.125
175 176 0.125
178 176 0.125
179 176 0.125
224 176 0.125
64 168 0.142857
164 168 0.142857
166 168 0.142857
167 168 0.142857
169 168 0.142857
171 168 0.142857
172 168 0.142857
65 123 0.111111
119 123 0.111111
120 123 0.111111
121 123 0.111111
122 123 0.111111
124 123 0.111111
125 123 0.111111
126 123 0.111111
127 123 0.111111
65 118 0.125
114 118 0.125
115 118 0.125
119 118 0.125
120 118 0.125
121 118 0.125
122 118 0.125
197 118 0.125
66 70 0.125
67 70 0.125
68 70 0.125
69 70 0.125
71 70 0.125
72 70 0.125
73 70 0.125
74 70 0.125
68 72 0.125
69 72 0.125
70 72 0.125
71 72 0.125
74 72 0.125
75 72 0.125
76 72 0.125
290 72 0.125
68 179 0.125
175 179 0.125
176 179 0.125
177 179 0.125
178 179 0.125
180 179 0.125
181 179 0.125
183 179 0.125
69 73 0.142857
70 73 0.142857
71 73 0.142857
74 73 0.142857
75 73 0.142857
76 73 0.142857
77 73 0.142857
69 221 0.142857
217 221 0.142857
219 221 0.142857
220 221 0.142857
223 221 0.142857
224 221 0.142857
225 221 0.142857
69 218 0.125
214 218 0.125
215 218 0.125
216 218 0.125
217 218 0.125
219 218 0.125
220 218 0.125
222 218 0.125
71 101 0.125
97 101 0.125
98 101 0.125
99 101 0.125
100 101 0.125
102 101 0.125
103 101 0.125
104 101 0.125
72 290 0.111111
286 290 0.111111
287 290 0.111111
288 290 0.111111
289 290 0.111111
291 290 0.111111
292 290 0.111111
293 290 0.111111
305 290 0.111111
73 77 0.142857
75 77 0.142857
76 77 0.142857
78 77 0.142857
79 77 0.142857
80 77 0.142857
81 77 0.142857
74 78 0.166667
77 78 0.166667
79 78 0.166667
80 78 0.166667
81 78 0.166667
82 78 0.166667
74 144 0.111111
113 144 0.111111
140 144 0.111111
141 144 0.111111
142 144 0.111111
143 144 0.111111
146 144 0.111111
147 144 0.111111
148 144 0.111111
75 79 0.125
76 79 0.125
77 79 0.125
78 79 0.125
80 79 0.125
81 79 0.125
82 79 0.125
83 79 0.125
76 106 0.125
102 106 0.125
103 106 0.125
104 106 0.125
105 106 0.125
107 106 0.125
108 106 0.125
110 106 0.125
76 126 0.125
97 126 0.125
122 126 0.125
123 126 0.125
124 126 0.125
125 126 0.125
127 126 0.125
130 126 0.125
78 82 0.125
79 82 0.125
80 82 0.125
81 82 0.125
83 82 0.125
84 82 0.125
86 82 0.125
257 82 0.125
79 83 0.142857
81 83 0.142857
82 83 0.142857
84 83 0.142857
85 83 0.142857
86 83 0.142857
87 83 0.142857
80 291 0.111111
207 291 0.111111
287 291 0.111111
288 291 0.111111
289 291 0.111111
290 291 0.111111
292 291 0.111111
293 291 0.111111
295 291 0.111111
81 85 0.125
83 85 0.125
84 85 0.125
86 85 0.125
87 85 0.125
88 85 0.125
89 85 0.125
220 85 0.125
81 136 0.1
132 136 0.1
133 136 0.1
134 136 0.1
135 136 0.1
137 136 0.1
138 136 0.1
140 136 0.1
182 136 0.1
257 136 0.1
82 86 0.125
83 86 0.125
84 86 0.125
85 86 0.125
87 86 0.125
88 86 0.125
89 86 0.125
90 86 0.125
82 257 0.125
136 257 0.125
253 257 0.125
255 257 0.125
256 257 0.125
258 257 0.125
260 257 0.125
261 257 0.125
83 87 0.125
84 87 0.125
85 87 0.125
86 87 0.125
89 87 0.125
91 87 0.125
230 87 0.125
238 87 0.125
84 88 0.142857
85 88 0.142857
86 88 0.142857
89 88 0.142857
90 88 0.142857
91 88 0.142857
92 88 0.142857
85 89 0.111111
86 89 0.111111
87 89 0.111111
88 89 0.111111
90 89 0.111111
91 89 0.111111
92 89 0.111111
93 89 0.111111
231 89 0.111111
85 220 0.142857
217 220 0.142857
218 220 0.142857
219 220 0.142857
221 220 0.142857
223 220 0.142857
224 220 0.142857
86 90 0.142857
88 90 0.142857
89 90 0.142857
91 90 0.142857
92 90 0.142857
94 90 0.142857
210 90 0.142857
87 91 0.111111
88 91 0.111111
89 91 0.111111
90 91 0.111111
92 91 0.111111
93 91 0.111111
94 91 0.111111
95 91 0.111111
111 91 0.111111
87 230 0.125
226 230 0.125
227 230 0.125
228 230 0.125
231 230 0.125
232 230 0.125
233 230 0.125
234 230 0.125
87 238 0.1
121 238 0.1
234 238 0.1
235 238 0.1
236 238 0.1
237 238 0.1
239 238 0.1
240 238 0.1
241 238 0.1
242 238 0.1
88 92 0.125
89 92 0.125
90 92 0.125
91 92 0.125
93 92 0.125
94 92 0.125
95 92 0.125
96 92 0.125
89 231 0.125
181 231 0.125
227 231 0.125
228 231 0.125
229 231 0.125
230 231 0.125
234 231 0.125
235 231 0.125
90 94 0.125
91 94 0.125
92 94 0.125
93 94 0.125
95 94 0.125
96 94 0.125
97 94 0.125
98 94 0.125
90 210 0.111111
107 210 0.111111
206 210 0.111111
207 210 0.111111
208 210 0.111111
209 210 0.111111
212 210 0.111111
213 210 0.111111
214 210 0.111111
91 95 0.142857
92 95 0.142857
94 95 0.142857
96 95 0.142857
97 95 0.142857
98 95 0.142857
99 95 0.142857
91 111 0.125
107 111 0.125
108 111 0.125
109 111 0.125
110 111 0.125
112 111 0.125
114 111 0.125
115 111 0.125
92 96 0.111111
93 96 0.111111
94 96 0.111111
95 96 0.111111
97 96 0.111111
98 96 0.111111
99 96 0.111111
100 96 0.111111
255 96 0.111111
93 97 0.111111
94 97 0.111111
95 97 0.111111
96 97 0.111111
98 97 0.111111
99 97 0.111111
100 97 0.111111
101 97 0.111111
126 97 0.111111
94 98 0.111111
95 98 0.111111
96 98 0.111111
97 98 0.111111
99 98 0.111111
100 98 0.111111
101 98 0.111111
102 98 0.111111
147 98 0.111111
95 99 0.125
96 99 0.125
97 99 0.125
98 99 0.125
100 99 0.125
101 99 0.125
102 99 0.125
103 99 0.125
96 100 0.125
97 100 0.125
98 100 0.125
99 100 0.125
101 100 0.125
102 100 0.125
103 100 0.125
104 100 0.125
96 255 0.125
251 255 0.125
252 255 0.125
253 255 0.125
254 255 0.125
257 255 0.125
258 255 0.125
259 255 0.125
99 103 0.125
100 103 0.125
101 103 0.125
102 103 0.125
104 103 0.125
105 103 0.125
106 103 0.125
107 103 0.125
100 104 0.125
101 104 0.125
102 104 0.125
103 104 0.125
105 104 0.125
106 104 0.125
107 104 0.125
108 104 0.125
102 105 0.142857
103 105 0.142857
104 105 0.142857
106 105 0.142857
108 105 0.142857
109 105 0.142857
137 105 0.142857
104 108 0.125
105 108 0.125
106 108 0.125
109 108 0.125
110 108 0.125
111 108 0.125
112 108 0.125
162 108 0.125
105 137 0.111111
133 137 0.111111
134 137 0.111111
135 137 0.111111
136 137 0.111111
138 137 0.111111
139 137 0.111111
140 137 0.111111
141 137 0.111111
106 110 0.125
107 110 0.125
108 110 0.125
109 110 0.125
111 110 0.125
112 110 0.125
113 110 0.125
114 110 0.125
108 112 0.125
109 112 0.125
110 112 0.125
111 112 0.125
113 112 0.125
114 112 0.125
115 112 0.125
116 112 0.125
108 162 0.125
158 162 0.125
159 162 0.125
160 162 0.125
161 162 0.125
163 162 0.125
165 162 0.125
253 162 0.125
110 113 0.142857
112 113 0.142857
114 113 0.142857
115 113 0.142857
116 113 0.142857
117 113 0.142857
144 113 0.142857
110 114 0.125
111 114 0.125
112 114 0.125
113 114 0.125
115 114 0.125
116 114 0.125
117 114 0.125
118 114 0.125
111 115 0.125
112 115 0.125
113 115 0.125
114 115 0.125
116 115 0.125
117 115 0.125
118 115 0.125
119 115 0.125
112 116 0.111111
113 116 0.111111
114 116 0.111111
115 116 0.111111
117 116 0.111111
119 116 0.111111
120 116 0.111111
298 116 0.111111
194 116 0.111111
115 119 0.125
116 119 0.125
117 119 0.125
118 119 0.125
120 119 0.125
121 119 0.125
123 119 0.125
190 119 0.125
116 120 0.125
117 120 0.125
118 120 0.125
119 120 0.125
122 120 0.125
123 120 0.125
124 120 0.125
219 120 0.125
116 298 0.111111
294 298 0.111111
295 298 0.111111
296 298 0.111111
297 298 0.111111
299 298 0.111111
300 298 0.111111
301 298 0.111111
302 298 0.111111
116 194 0.125
190 194 0.125
191 194 0.125
192 194 0.125
193 194 0.125
195 194 0.125
196 194 0.125
198 194 0.125
118 122 0.166667
120 122 0.166667
123 122 0.166667
124 122 0.166667
125 122 0.166667
126 122 0.166667
118 197 0.142857
193 197 0.142857
195 197 0.142857
196 197 0.142857
198 197 0.142857
199 197 0.142857
201 197 0.142857
119 190 0.111111
154 190 0.111111
186 190 0.111111
187 190 0.111111
188 190 0.111111
189 190 0.111111
192 190 0.111111
193 190 0.111111
194 190 0.111111
120 219 0.111111
215 219 0.111111
216 219 0.111111
217 219 0.111111
218 219 0.111111
220 219 0.111111
221 219 0.111111
222 219 0.111111
223 219 0.111111
122 125 0.142857
123 125 0.142857
124 125 0.142857
126 125 0.142857
127 125 0.142857
128 125 0.142857
129 125 0.142857
123 127 0.142857
125 127 0.142857
126 127 0.142857
128 127 0.142857
129 127 0.142857
130 127 0.142857
131 127 0.142857
124 281 0.142857
277 281 0.142857
279 281 0.142857
280 281 0.142857
282 281 0.142857
284 281 0.142857
285 281 0.142857
125 129 0.142857
127 129 0.142857
128 129 0.142857
130 129 0.142857
131 129 0.142857
132 129 0.142857
133 129 0.142857
126 130 0.125
127 130 0.125
128 130 0.125
129 130 0.125
131 130 0.125
132 130 0.125
133 130 0.125
134 130 0.125
127 131 0.142857
129 131 0.142857
130 131 0.142857
132 131 0.142857
134 131 0.142857
135 131 0.142857
247 131 0.142857
128 132 0.111111
129 132 0.111111
130 132 0.111111
131 132 0.111111
133 132 0.111111
134 132 0.111111
135 132 0.111111
136 132 0.111111
259 132 0.111111
129 133 0.142857
130 133 0.142857
132 133 0.142857
134 133 0.142857
135 133 0.142857
136 133 0.142857
137 133 0.142857
130 134 0.111111
131 134 0.111111
132 134 0.111111
133 134 0.111111
135 134 0.111111
136 134 0.111111
137 134 0.111111
138 134 0.111111
202 134 0.111111
131 135 0.111111
132 135 0.111111
133 135 0.111111
134 135 0.111111
136 135 0.111111
137 135 0.111111
138 135 0.111111
139 135 0.111111
193 135 0.111111
131 247 0.1
243 247 0.1
244 247 0.1
245 247 0.1
246 247 0.1
248 247 0.1
249 247 0.1
250 247 0.1
251 247 0.1
299 247 0.1
132 259 0.142857
255 259 0.142857
256 259 0.142857
258 259 0.142857
261 259 0.142857
262 259 0.142857
263 259 0.142857
134 138 0.125
135 138 0.125
136 138 0.125
137 138 0.125
139 138 0.125
140 138 0.125
141 138 0.125
142 138 0.125
134 202 0.125
165 202 0.125
198 202 0.125
199 202 0.125
200 202 0.125
201 202 0.125
203 202 0.125
205 202 0.125
135 139 0.142857
137 139 0.142857
138 139 0.142857
140 139 0.142857
141 139 0.142857
142 139 0.142857
143 139 0.142857
135 193 0.125
189 193 0.125
190 193 0.125
191 193 0.125
192 193 0.125
194 193 0.125
195 193 0.125
197 193 0.125
136 140 0.111111
137 140 0.111111
138 140 0.111111
139 140 0.111111
141 140 0.111111
142 140 0.111111
144 140 0.111111
147 140 0.111111
273 140 0.111111
136 182 0.142857
178 182 0.142857
180 182 0.142857
181 182 0.142857
184 182 0.142857
186 182 0.142857
213 182 0.142857
137 141 0.125
138 141 0.125
139 141 0.125
140 141 0.125
142 141 0.125
143 141 0.125
144 141 0.125
145 141 0.125
138 142 0.125
139 142 0.125
140 142 0.125
141 142 0.125
143 142 0.125
144 142 0.125
145 142 0.125
160 142 0.125
139 143 0.142857
141 143 0.142857
142 143 0.142857
144 143 0.142857
145 143 0.142857
146 143 0.142857
147 143 0.142857
140 273 0.142857
269 273 0.142857
270 273 0.142857
271 273 0.142857
274 273 0.142857
275 273 0.142857
276 273 0.142857
141 145 0.142857
142 145 0.142857
143 145 0.142857
146 145 0.142857
147 145 0.142857
148 145 0.142857
149 145 0.142857
143 146 0.125
144 146 0.125
145 146 0.125
147 146 0.125
148 146 0.125
149 146 0.125
150 146 0.125
244 146 0.125
144 148 0.125
145 148 0.125
146 148 0.125
147 148 0.125
149 148 0.125
150 148 0.125
151 148 0.125
152 148 0.125
145 149 0.142857
146 149 0.142857
148 149 0.142857
150 149 0.142857
151 149 0.142857
152 149 0.142857
153 149 0.142857
146 150 0.125
148 150 0.125
149 150 0.125
151 150 0.125
152 150 0.125
153 150 0.125
154 150 0.125
272 150 0.125
146 244 0.142857
240 244 0.142857
241 244 0.142857
242 244 0.142857
245 244 0.142857
246 244 0.142857
247 244 0.142857
147 151 0.125
148 151 0.125
149 151 0.125
150 151 0.125
152 151 0.125
153 151 0.125
154 151 0.125
211 151 0.125
149 153 0.125
150 153 0.125
151 153 0.125
152 153 0.125
154 153 0.125
155 153 0.125
156 153 0.125
157 153 0.125
150 272 0.125
268 272 0.125
269 272 0.125
270 272 0.125
271 272 0.125
274 272 0.125
275 272 0.125
276 272 0.125
151 211 0.111111
207 211 0.111111
208 211 0.111111
209 211 0.111111
212 211 0.111111
213 211 0.111111
214 211 0.111111
215 211 0.111111
227 211 0.111111
152 155 0.142857
153 155 0.142857
154 155 0.142857
156 155 0.142857
157 155 0.142857
158 155 0.142857
159 155 0.142857
152 156 0.142857
153 156 0.142857
155 156 0.142857
157 156 0.142857
158 156 0.142857
159 156 0.142857
160 156 0.142857
153 157 0.142857
155 157 0.142857
156 157 0.142857
158 157 0.142857
159 157 0.142857
160 157 0.142857
161 157 0.142857
154 158 0.125
155 158 0.125
156 158 0.125
157 158 0.125
159 158 0.125
161 158 0.125
162 158 0.125
284 158 0.125
158 284 0.111111
280 284 0.111111
281 284 0.111111
282 284 0.111111
283 284 0.111111
285 284 0.111111
286 284 0.111111
287 284 0.111111
288 284 0.111111
160 163 0.142857
161 163 0.142857
162 163 0.142857
164 163 0.142857
165 163 0.142857
166 163 0.142857
167 163 0.142857
160 164 0.166667
163 164 0.166667
165 164 0.166667
166 164 0.166667
168 164 0.166667
250 164 0.166667
161 165 0.111111
162 165 0.111111
163 165 0.111111
164 165 0.111111
166 165 0.111111
167 165 0.111111
169 165 0.111111
254 165 0.111111
202 165 0.111111
162 253 0.111111
249 253 0.111111
250 253 0.111111
251 253 0.111111
252 253 0.111111
254 253 0.111111
255 253 0.111111
256 253 0.111111
257 253 0.111111
163 166 0.125
164 166 0.125
165 166 0.125
167 166 0.125
168 166 0.125
169 166 0.125
170 166 0.125
175 166 0.125
163 167 0.142857
165 167 0.142857
166 167 0.142857
168 167 0.142857
169 167 0.142857
170 167 0.142857
171 167 0.142857
164 250 0.111111
246 250 0.111111
247 250 0.111111
248 250 0.111111
249 250 0.111111
251 250 0.111111
252 250 0.111111
253 250 0.111111
254 250 0.111111
165 169 0.125
166 169 0.125
167 169 0.125
168 169 0.125
170 169 0.125
171 169 0.125
172 169 0.125
173 169 0.125
165 254 0.111111
242 254 0.111111
250 254 0.111111
251 254 0.111111
252 254 0.111111
253 254 0.111111
255 254 0.111111
256 254 0.111111
258 254 0.111111
166 170 0.142857
167 170 0.142857
169 170 0.142857
171 170 0.142857
173 170 0.142857
174 170 0.142857
241 170 0.142857
166 175 0.125
171 175 0.125
172 175 0.125
173 175 0.125
174 175 0.125
176 175 0.125
177 175 0.125
179 175 0.125
167 171 0.125
168 171 0.125
169 171 0.125
170 171 0.125
172 171 0.125
173 171 0.125
174 171 0.125
175 171 0.125
168 172 0.142857
169 172 0.142857
171 172 0.142857
173 172 0.142857
174 172 0.142857
175 172 0.142857
176 172 0.142857
169 173 0.125
170 173 0.125
171 173 0.125
172 173 0.125
174 173 0.125
175 173 0.125
176 173 0.125
177 173 0.125
170 174 0.125
171 174 0.125
172 174 0.125
173 174 0.125
175 174 0.125
176 174 0.125
177 174 0.125
178 174 0.125
174 178 0.142857
176 178 0.142857
177 178 0.142857
179 178 0.142857
180 178 0.142857
181 178 0.142857
182 178 0.142857
177 181 0.1
178 181 0.1
179 181 0.1
180 181 0.1
182 181 0.1
184 181 0.1
185 181 0.1
233 181 0.1
231 181 0.1
276 181 0.1
177 222 0.166667
218 222 0.166667
219 222 0.166667
223 222 0.166667
224 222 0.166667
226 222 0.166667
178 180 0.166667
179 180 0.166667
181 180 0.166667
182 180 0.166667
183 180 0.166667
184 180 0.166667
180 184 0.125
181 184 0.125
182 184 0.125
183 184 0.125
185 184 0.125
186 184 0.125
187 184 0.125
188 184 0.125
181 185 0.142857
183 185 0.142857
184 185 0.142857
186 185 0.142857
187 185 0.142857
189 185 0.142857
215 185 0.142857
181 233 0.125
229 233 0.125
230 233 0.125
232 233 0.125
234 233 0.125
235 233 0.125
236 233 0.125
237 233 0.125
181 276 0.125
272 276 0.125
273 276 0.125
274 276 0.125
275 276 0.125
277 276 0.125
279 276 0.125
280 276 0.125
182 186 0.125
183 186 0.125
184 186 0.125
185 186 0.125
187 186 0.125
188 186 0.125
189 186 0.125
190 186 0.125
183 187 0.125
184 187 0.125
185 187 0.125
186 187 0.125
188 187 0.125
189 187 0.125
190 187 0.125
191 187 0.125
184 188 0.142857
186 188 0.142857
187 188 0.142857
189 188 0.142857
190 188 0.142857
191 188 0.142857
192 188 0.142857
185 215 0.111111
211 215 0.111111
212 215 0.111111
213 215 0.111111
214 215 0.111111
216 215 0.111111
217 215 0.111111
218 215 0.111111
219 215 0.111111
187 191 0.142857
188 191 0.142857
189 191 0.142857
192 191 0.142857
193 191 0.142857
194 191 0.142857
195 191 0.142857
188 192 0.125
189 192 0.125
190 192 0.125
191 192 0.125
193 192 0.125
194 192 0.125
195 192 0.125
196 192 0.125
191 195 0.125
192 195 0.125
193 195 0.125
194 195 0.125
196 195 0.125
197 195 0.125
198 195 0.125
199 195 0.125
192 196 0.142857
194 196 0.142857
195 196 0.142857
197 196 0.142857
198 196 0.142857
199 196 0.142857
200 196 0.142857
194 198 0.125
195 198 0.125
196 198 0.125
197 198 0.125
200 198 0.125
201 198 0.125
202 198 0.125
224 198 0.125
195 199 0.142857
196 199 0.142857
197 199 0.142857
200 199 0.142857
201 199 0.142857
202 199 0.142857
203 199 0.142857
196 200 0.142857
198 200 0.142857
199 200 0.142857
201 200 0.142857
202 200 0.142857
203 200 0.142857
204 200 0.142857
197 201 0.125
198 201 0.125
199 201 0.125
200 201 0.125
202 201 0.125
203 201 0.125
204 201 0.125
205 201 0.125
199 203 0.125
200 203 0.125
201 203 0.125
202 203 0.125
204 203 0.125
205 203 0.125
206 203 0.125
207 203 0.125
200 204 0.142857
201 204 0.142857
203 204 0.142857
205 204 0.142857
206 204 0.142857
207 204 0.142857
208 204 0.142857
201 205 0.125
202 205 0.125
203 205 0.125
204 205 0.125
206 205 0.125
207 205 0.125
208 205 0.125
279 205 0.125
203 206 0.142857
204 206 0.142857
205 206 0.142857
207 206 0.142857
208 206 0.142857
209 206 0.142857
210 206 0.142857
203 207 0.111111
204 207 0.111111
205 207 0.111111
206 207 0.111111
208 207 0.111111
209 207 0.111111
210 207 0.111111
211 207 0.111111
291 207 0.111111
204 208 0.125
205 208 0.125
206 208 0.125
207 208 0.125
209 208 0.125
210 208 0.125
211 208 0.125
212 208 0.125
206 209 0.142857
207 209 0.142857
208 209 0.142857
210 209 0.142857
211 209 0.142857
212 209 0.142857
213 209 0.142857
208 212 0.125
209 212 0.125
210 212 0.125
211 212 0.125
213 212 0.125
214 212 0.125
215 212 0.125
216 212 0.125
211 227 0.125
223 227 0.125
224 227 0.125
225 227 0.125
226 227 0.125
228 227 0.125
230 227 0.125
231 227 0.125
213 217 0.125
214 217 0.125
215 217 0.125
216 217 0.125
218 217 0.125
219 217 0.125
220 217 0.125
221 217 0.125
219 223 0.125
220 223 0.125
221 223 0.125
222 223 0.125
224 223 0.125
225 223 0.125
226 223 0.125
227 223 0.125
221 225 0.142857
223 225 0.142857
224 225 0.142857
226 225 0.142857
227 225 0.142857
228 225 0.142857
229 225 0.142857
222 226 0.125
223 226 0.125
224 226 0.125
225 226 0.125
227 226 0.125
228 226 0.125
229 226 0.125
230 226 0.125
225 228 0.142857
226 228 0.142857
227 228 0.142857
229 228 0.142857
230 228 0.142857
231 228 0.142857
232 228 0.142857
228 232 0.142857
229 232 0.142857
230 232 0.142857
233 232 0.142857
234 232 0.142857
235 232 0.142857
236 232 0.142857
230 234 0.125
231 234 0.125
232 234 0.125
233 234 0.125
235 234 0.125
236 234 0.125
237 234 0.125
238 234 0.125
231 235 0.125
232 235 0.125
233 235 0.125
234 235 0.125
236 235 0.125
237 235 0.125
238 235 0.125
239 235 0.125
232 236 0.125
233 236 0.125
234 236 0.125
235 236 0.125
237 236 0.125
238 236 0.125
239 236 0.125
240 236 0.125
233 237 0.125
234 237 0.125
235 237 0.125
236 237 0.125
238 237 0.125
239 237 0.125
240 237 0.125
241 237 0.125
235 239 0.125
236 239 0.125
237 239 0.125
238 239 0.125
240 239 0.125
241 239 0.125
242 239 0.125
265 239 0.125
236 240 0.125
237 240 0.125
238 240 0.125
239 240 0.125
241 240 0.125
242 240 0.125
243 240 0.125
244 240 0.125
238 242 0.111111
239 242 0.111111
240 242 0.111111
241 242 0.111111
244 242 0.111111
245 242 0.111111
246 242 0.111111
275 242 0.111111
254 242 0.111111
239 265 0.111111
261 265 0.111111
262 265 0.111111
263 265 0.111111
264 265 0.111111
266 265 0.111111
267 265 0.111111
268 265 0.111111
269 265 0.111111
242 246 0.125
243 246 0.125
244 246 0.125
245 246 0.125
247 246 0.125
248 246 0.125
249 246 0.125
250 246 0.125
242 275 0.111111
271 275 0.111111
272 275 0.111111
273 275 0.111111
274 275 0.111111
276 275 0.111111
277 275 0.111111
278 275 0.111111
279 275 0.111111
245 248 0.125
246 248 0.125
247 248 0.125
249 248 0.125
250 248 0.125
251 248 0.125
252 248 0.125
289 248 0.125
246 249 0.142857
247 249 0.142857
248 249 0.142857
250 249 0.142857
251 249 0.142857
253 249 0.142857
280 249 0.142857
247 251 0.111111
248 251 0.111111
249 251 0.111111
250 251 0.111111
252 251 0.111111
253 251 0.111111
254 251 0.111111
255 251 0.111111
266 251 0.111111
248 252 0.142857
250 252 0.142857
251 252 0.142857
253 252 0.142857
254 252 0.142857
255 252 0.142857
256 252 0.142857
248 289 0.125
285 289 0.125
286 289 0.125
287 289 0.125
288 289 0.125
290 289 0.125
291 289 0.125
292 289 0.125
252 256 0.142857
253 256 0.142857
254 256 0.142857
257 256 0.142857
258 256 0.142857
259 256 0.142857
260 256 0.142857
254 258 0.125
255 258 0.125
256 258 0.125
257 258 0.125
259 258 0.125
260 258 0.125
261 258 0.125
262 258 0.125
256 260 0.142857
257 260 0.142857
258 260 0.142857
261 260 0.142857
262 260 0.142857
263 260 0.142857
264 260 0.142857
257 261 0.125
258 261 0.125
259 261 0.125
260 261 0.125
262 261 0.125
263 261 0.125
264 261 0.125
265 261 0.125
258 262 0.125
259 262 0.125
260 262 0.125
261 262 0.125
263 262 0.125
264 262 0.125
265 262 0.125
266 262 0.125
259 263 0.125
260 263 0.125
261 263 0.125
262 263 0.125
264 263 0.125
265 263 0.125
266 263 0.125
267 263 0.125
260 264 0.125
261 264 0.125
262 264 0.125
263 264 0.125
265 264 0.125
266 264 0.125
267 264 0.125
268 264 0.125
263 267 0.125
264 267 0.125
265 267 0.125
266 267 0.125
268 267 0.125
269 267 0.125
270 267 0.125
271 267 0.125
264 268 0.125
265 268 0.125
266 268 0.125
267 268 0.125
269 268 0.125
270 268 0.125
271 268 0.125
272 268 0.125
265 269 0.142857
267 269 0.142857
268 269 0.142857
270 269 0.142857
271 269 0.142857
272 269 0.142857
273 269 0.142857
270 274 0.125
271 274 0.125
272 274 0.125
273 274 0.125
275 274 0.125
276 274 0.125
277 274 0.125
278 274 0.125
274 277 0.125
275 277 0.125
276 277 0.125
278 277 0.125
279 277 0.125
280 277 0.125
281 277 0.125
306 277 0.125
279 283 0.142857
280 283 0.142857
282 283 0.142857
284 283 0.142857
285 283 0.142857
286 283 0.142857
287 283 0.142857
280 282 0.166667
281 282 0.166667
283 282 0.166667
284 282 0.166667
285 282 0.166667
286 282 0.166667
282 286 0.125
283 286 0.125
284 286 0.125
285 286 0.125
287 286 0.125
288 286 0.125
289 286 0.125
290 286 0.125
283 287 0.142857
284 287 0.142857
286 287 0.142857
288 287 0.142857
289 287 0.142857
290 287 0.142857
291 287 0.142857
284 288 0.125
285 288 0.125
286 288 0.125
287 288 0.125
289 288 0.125
290 288 0.125
291 288 0.125
292 288 0.125
288 292 0.125
289 292 0.125
290 292 0.125
291 292 0.125
293 292 0.125
294 292 0.125
295 292 0.125
296 292 0.125
291 295 0.125
292 295 0.125
293 295 0.125
294 295 0.125
296 295 0.125
297 295 0.125
298 295 0.125
299 295 0.125
292 294 0.166667
293 294 0.166667
295 294 0.166667
296 294 0.166667
297 294 0.166667
298 294 0.166667
293 297 0.125
294 297 0.125
295 297 0.125
296 297 0.125
298 297 0.125
299 297 0.125
300 297 0.125
301 297 0.125
296 300 0.142857
297 300 0.142857
298 300 0.142857
301 300 0.142857
302 300 0.142857
303 300 0.142857
304 300 0.142857
297 301 0.142857
298 301 0.142857
300 301 0.142857
302 301 0.142857
303 301 0.142857
304 301 0.142857
305 301 0.142857
298 302 0.125
299 302 0.125
300 302 0.125
301 302 0.125
303 302 0.125
304 302 0.125
305 302 0.125
306 302 0.125
1 0 0.125
306 0 0.125
2 0 0.125
305 0 0.125
3 0 0.125
304 0 0.125
4 0 0.125
303 0 0.125
