0 1 0.142857
2 1 0.142857
3 1 0.142857
158 1 0.142857
5 1 0.142857
156 1 0.142857
30 1 0.142857
0 158 0.111111
1 158 0.111111
2 158 0.111111
3 158 0.111111
22 158 0.111111
154 158 0.111111
155 158 0.111111
156 158 0.111111
157 158 0.111111
0 2 0.125
1 2 0.125
3 2 0.125
4 2 0.125
5 2 0.125
158 2 0.125
6 2 0.125
157 2 0.125
0 157 0.125
2 157 0.125
78 157 0.125
153 157 0.125
154 157 0.125
155 157 0.125
156 157 0.125
158 157 0.125
0 3 0.125
1 3 0.125
2 3 0.125
4 3 0.125
5 3 0.125
6 3 0.125
7 3 0.125
158 3 0.125
0 4 0.125
2 4 0.125
3 4 0.125
5 4 0.125
6 4 0.125
7 4 0.125
8 4 0.125
126 4 0.125
0 155 0.125
151 155 0.125
152 155 0.125
153 155 0.125
154 155 0.125
156 155 0.125
157 155 0.125
158 155 0.125
0 122 0.142857
118 122 0.142857
119 122 0.142857
120 122 0.142857
124 122 0.142857
125 122 0.142857
126 122 0.142857
1 5 0.111111
2 5 0.111111
3 5 0.111111
4 5 0.111111
6 5 0.111111
7 5 0.111111
8 5 0.111111
9 5 0.111111
147 5 0.111111
1 156 0.1
48 156 0.1
52 156 0.1
86 156 0.1
152 156 0.1
153 156 0.1
154 156 0.1
155 156 0.1
157 156 0.1
158 156 0.1
1 30 0.125
27 30 0.125
28 30 0.125
29 30 0.125
31 30 0.125
32 30 0.125
34 30 0.125
55 30 0.125
2 6 0.125
3 6 0.125
4 6 0.125
5 6 0.125
7 6 0.125
8 6 0.125
9 6 0.125
10 6 0.125
3 7 0.125
4 7 0.125
5 7 0.125
6 7 0.125
8 7 0.125
9 7 0.125
10 7 0.125
11 7 0.125
4 8 0.125
5 8 0.125
6 8 0.125
7 8 0.125
9 8 0.125
10 8 0.125
11 8 0.125
113 8 0.125
4 126 0.125
122 126 0.125
123 126 0.125
124 126 0.125
125 126 0.125
127 126 0.125
128 126 0.125
129 126 0.125
5 9 0.111111
6 9 0.111111
7 9 0.111111
8 9 0.111111
10 9 0.111111
11 9 0.111111
12 9 0.111111
37 9 0.111111
138 9 0.111111
5 147 0.125
143 147 0.125
144 147 0.125
145 147 0.125
146 147 0.125
148 147 0.125
149 147 0.125
150 147 0.125
6 10 0.125
7 10 0.125
8 10 0.125
9 10 0.125
11 10 0.125
12 10 0.125
13 10 0.125
14 10 0.125
7 11 0.111111
8 11 0.111111
9 11 0.111111
10 11 0.111111
12 11 0.111111
14 11 0.111111
15 11 0.111111
88 11 0.111111
139 11 0.111111
8 113 0.111111
66 113 0.111111
109 113 0.111111
110 113 0.111111
111 113 0.111111
112 113 0.111111
114 113 0.111111
116 113 0.111111
117 113 0.111111
9 12 0.125
10 12 0.125
11 12 0.125
13 12 0.125
14 12 0.125
15 12 0.125
16 12 0.125
80 12 0.125
9 37 0.142857
33 37 0.142857
35 37 0.142857
36 37 0.142857
39 37 0.142857
40 37 0.142857
41 37 0.142857
9 138 0.111111
134 138 0.111111
135 138 0.111111
136 138 0.111111
137 138 0.111111
139 138 0.111111
140 138 0.111111
141 138 0.111111
142 138 0.111111
10 13 0.166667
12 13 0.166667
14 13 0.166667
15 13 0.166667
16 13 0.166667
17 13 0.166667
10 14 0.125
11 14 0.125
12 14 0.125
13 14 0.125
15 14 0.125
16 14 0.125
18 14 0.125
123 14 0.125
11 15 0.111111
12 15 0.111111
13 15 0.111111
14 15 0.111111
16 15 0.111111
17 15 0.111111
18 15 0.111111
19 15 0.111111
57 15 0.111111
11 88 0.111111
84 88 0.111111
85 88 0.111111
86 88 0.111111
87 88 0.111111
89 88 0.111111
90 88 0.111111
91 88 0.111111
92 88 0.111111
11 139 0.125
61 139 0.125
135 139 0.125
137 139 0.125
138 139 0.125
140 139 0.125
141 139 0.125
142 139 0.125
12 16 0.125
13 16 0.125
14 16 0.125
15 16 0.125
17 16 0.125
18 16 0.125
19 16 0.125
20 16 0.125
12 80 0.125
76 80 0.125
77 80 0.125
78 80 0.125
79 80 0.125
81 80 0.125
83 80 0.125
84 80 0.125
13 17 0.142857
15 17 0.142857
16 17 0.142857
18 17 0.142857
19 17 0.142857
20 17 0.142857
21 17 0.142857
14 18 0.125
15 18 0.125
16 18 0.125
17 18 0.125
19 18 0.125
20 18 0.125
21 18 0.125
22 18 0.125
14 123 0.125
119 123 0.125
120 123 0.125
121 123 0.125
124 123 0.125
125 123 0.125
126 123 0.125
127 123 0.125
15 19 0.111111
16 19 0.111111
17 19 0.111111
18 19 0.111111
20 19 0.111111
21 19 0.111111
22 19 0.111111
23 19 0.111111
82 19 0.111111
15 57 0.125
53 57 0.125
54 57 0.125
55 57 0.125
56 57 0.125
58 57 0.125
59 57 0.125
60 57 0.125
16 20 0.111111
17 20 0.111111
18 20 0.111111
19 20 0.111111
21 20 0.111111
22 20 0.111111
23 20 0.111111
24 20 0.111111
67 20 0.111111
17 21 0.111111
18 21 0.111111
19 21 0.111111
20 21 0.111111
22 21 0.111111
23 21 0.111111
24 21 0.111111
25 21 0.111111
71 21 0.111111
18 22 0.111111
19 22 0.111111
20 22 0.111111
21 22 0.111111
23 22 0.111111
24 22 0.111111
25 22 0.111111
129 22 0.111111
158 22 0.111111
19 23 0.125
20 23 0.125
21 23 0.125
22 23 0.125
24 23 0.125
25 23 0.125
26 23 0.125
27 23 0.125
19 82 0.142857
78 82 0.142857
79 82 0.142857
81 82 0.142857
85 82 0.142857
86 82 0.142857
154 82 0.142857
20 24 0.125
21 24 0.125
22 24 0.125
23 24 0.125
25 24 0.125
26 24 0.125
27 24 0.125
28 24 0.125
20 67 0.125
63 67 0.125
64 67 0.125
65 67 0.125
66 67 0.125
68 67 0.125
69 67 0.125
71 67 0.125
21 25 0.125
22 25 0.125
23 25 0.125
24 25 0.125
26 25 0.125
27 25 0.125
29 25 0.125
97 25 0.125
21 71 0.111111
67 71 0.111111
68 71 0.111111
69 71 0.111111
70 71 0.111111
72 71 0.111111
74 71 0.111111
75 71 0.111111
99 71 0.111111
22 129 0.125
125 129 0.125
126 129 0.125
127 129 0.125
128 129 0.125
130 129 0.125
131 129 0.125
133 129 0.125
23 26 0.142857
24 26 0.142857
25 26 0.142857
27 26 0.142857
28 26 0.142857
29 26 0.142857
77 26 0.142857
23 27 0.1
24 27 0.1
25 27 0.1
26 27 0.1
28 27 0.1
29 27 0.1
30 27 0.1
31 27 0.1
72 27 0.1
105 27 0.1
24 28 0.111111
26 28 0.111111
27 28 0.111111
29 28 0.111111
30 28 0.111111
31 28 0.111111
32 28 0.111111
89 28 0.111111
70 28 0.111111
25 29 0.125
26 29 0.125
27 29 0.125
28 29 0.125
30 29 0.125
31 29 0.125
32 29 0.125
91 29 0.125
25 97 0.111111
79 97 0.111111
93 97 0.111111
94 97 0.111111
95 97 0.111111
96 97 0.111111
98 97 0.111111
99 97 0.111111
101 97 0.111111
26 77 0.111111
73 77 0.111111
74 77 0.111111
75 77 0.111111
76 77 0.111111
78 77 0.111111
79 77 0.111111
80 77 0.111111
146 77 0.111111
27 31 0.125
28 31 0.125
29 31 0.125
30 31 0.125
32 31 0.125
34 31 0.125
35 31 0.125
107 31 0.125
27 72 0.125
68 72 0.125
69 72 0.125
70 72 0.125
71 72 0.125
74 72 0.125
75 72 0.125
76 72 0.125
27 105 0.125
101 105 0.125
102 105 0.125
103 105 0.125
104 105 0.125
106 105 0.125
107 105 0.125
109 105 0.125
28 32 0.125
29 32 0.125
30 32 0.125
31 32 0.125
33 32 0.125
34 32 0.125
35 32 0.125
36 32 0.125
28 89 0.111111
38 89 0.111111
85 89 0.111111
86 89 0.111111
87 89 0.111111
88 89 0.111111
90 89 0.111111
92 89 0.111111
93 89 0.111111
28 70 0.125
66 70 0.125
68 70 0.125
69 70 0.125
71 70 0.125
72 70 0.125
74 70 0.125
100 70 0.125
29 91 0.111111
75 91 0.111111
87 91 0.111111
88 91 0.111111
90 91 0.111111
92 91 0.111111
93 91 0.111111
94 91 0.111111
95 91 0.111111
30 34 0.125
31 34 0.125
32 34 0.125
33 34 0.125
35 34 0.125
36 34 0.125
38 34 0.125
110 34 0.125
30 55 0.142857
51 55 0.142857
54 55 0.142857
56 55 0.142857
57 55 0.142857
58 55 0.142857
59 55 0.142857
31 35 0.125
32 35 0.125
33 35 0.125
34 35 0.125
37 35 0.125
38 35 0.125
39 35 0.125
106 35 0.125
31 107 0.111111
103 107 0.111111
104 107 0.111111
105 107 0.111111
106 107 0.111111
108 107 0.111111
109 107 0.111111
110 107 0.111111
111 107 0.111111
32 33 0.2
34 33 0.2
35 33 0.2
36 33 0.2
37 33 0.2
32 36 0.111111
33 36 0.111111
34 36 0.111111
37 36 0.111111
38 36 0.111111
39 36 0.111111
40 36 0.111111
134 36 0.111111
132 36 0.111111
34 38 0.142857
35 38 0.142857
36 38 0.142857
39 38 0.142857
41 38 0.142857
42 38 0.142857
89 38 0.142857
34 110 0.1
63 110 0.1
106 110 0.1
107 110 0.1
108 110 0.1
109 110 0.1
111 110 0.1
113 110 0.1
114 110 0.1
136 110 0.1
35 39 0.125
36 39 0.125
37 39 0.125
38 39 0.125
40 39 0.125
41 39 0.125
133 39 0.125
50 39 0.125
35 106 0.111111
58 106 0.111111
102 106 0.111111
103 106 0.111111
104 106 0.111111
105 106 0.111111
107 106 0.111111
109 106 0.111111
110 106 0.111111
36 40 0.142857
37 40 0.142857
39 40 0.142857
41 40 0.142857
42 40 0.142857
43 40 0.142857
44 40 0.142857
36 134 0.111111
130 134 0.111111
131 134 0.111111
132 134 0.111111
133 134 0.111111
135 134 0.111111
137 134 0.111111
138 134 0.111111
144 134 0.111111
36 132 0.166667
128 132 0.166667
130 132 0.166667
133 132 0.166667
134 132 0.166667
136 132 0.166667
37 41 0.125
38 41 0.125
39 41 0.125
40 41 0.125
42 41 0.125
43 41 0.125
44 41 0.125
45 41 0.125
38 42 0.142857
40 42 0.142857
41 42 0.142857
43 42 0.142857
44 42 0.142857
45 42 0.142857
58 42 0.142857
39 133 0.111111
129 133 0.111111
130 133 0.111111
131 133 0.111111
132 133 0.111111
134 133 0.111111
135 133 0.111111
136 133 0.111111
137 133 0.111111
39 50 0.125
47 50 0.125
48 50 0.125
49 50 0.125
51 50 0.125
52 50 0.125
53 50 0.125
54 50 0.125
40 43 0.125
41 43 0.125
42 43 0.125
44 43 0.125
45 43 0.125
46 43 0.125
47 43 0.125
116 43 0.125
40 44 0.125
41 44 0.125
42 44 0.125
43 44 0.125
45 44 0.125
46 44 0.125
47 44 0.125
84 44 0.125
41 45 0.125
42 45 0.125
43 45 0.125
44 45 0.125
46 45 0.125
47 45 0.125
49 45 0.125
98 45 0.125
42 58 0.1
54 58 0.1
55 58 0.1
56 58 0.1
57 58 0.1
59 58 0.1
60 58 0.1
61 58 0.1
62 58 0.1
106 58 0.1
43 46 0.142857
44 46 0.142857
45 46 0.142857
47 46 0.142857
48 46 0.142857
49 46 0.142857
56 46 0.142857
43 47 0.125
44 47 0.125
45 47 0.125
46 47 0.125
48 47 0.125
49 47 0.125
50 47 0.125
51 47 0.125
43 116 0.125
112 116 0.125
113 116 0.125
114 116 0.125
115 116 0.125
117 116 0.125
118 116 0.125
119 116 0.125
44 84 0.125
80 84 0.125
81 84 0.125
83 84 0.125
85 84 0.125
86 84 0.125
87 84 0.125
88 84 0.125
45 49 0.142857
46 49 0.142857
47 49 0.142857
50 49 0.142857
51 49 0.142857
52 49 0.142857
53 49 0.142857
45 98 0.111111
94 98 0.111111
95 98 0.111111
96 98 0.111111
97 98 0.111111
99 98 0.111111
100 98 0.111111
101 98 0.111111
102 98 0.111111
46 48 0.166667
47 48 0.166667
50 48 0.166667
51 48 0.166667
52 48 0.166667
156 48 0.166667
46 56 0.111111
52 56 0.111111
53 56 0.111111
54 56 0.111111
55 56 0.111111
57 56 0.111111
58 56 0.111111
59 56 0.111111
60 56 0.111111
47 51 0.125
48 51 0.125
49 51 0.125
50 51 0.125
52 51 0.125
53 51 0.125
54 51 0.125
55 51 0.125
48 52 0.125
49 52 0.125
50 52 0.125
51 52 0.125
53 52 0.125
54 52 0.125
56 52 0.125
156 52 0.125
49 53 0.125
50 53 0.125
51 53 0.125
52 53 0.125
56 53 0.125
57 53 0.125
141 53 0.125
112 53 0.125
50 54 0.142857
51 54 0.142857
52 54 0.142857
55 54 0.142857
56 54 0.142857
57 54 0.142857
58 54 0.142857
53 141 0.111111
137 141 0.111111
138 141 0.111111
139 141 0.111111
140 141 0.111111
142 141 0.111111
143 141 0.111111
144 141 0.111111
145 141 0.111111
53 112 0.125
108 112 0.125
109 112 0.125
111 112 0.125
113 112 0.125
114 112 0.125
115 112 0.125
116 112 0.125
55 59 0.125
56 59 0.125
57 59 0.125
58 59 0.125
60 59 0.125
61 59 0.125
62 59 0.125
63 59 0.125
56 60 0.125
57 60 0.125
58 60 0.125
59 60 0.125
61 60 0.125
62 60 0.125
63 60 0.125
64 60 0.125
58 61 0.142857
59 61 0.142857
60 61 0.142857
63 61 0.142857
64 61 0.142857
65 61 0.142857
139 61 0.142857
58 62 0.142857
59 62 0.142857
60 62 0.142857
63 62 0.142857
64 62 0.142857
65 62 0.142857
66 62 0.142857
59 63 0.111111
60 63 0.111111
61 63 0.111111
62 63 0.111111
64 63 0.111111
65 63 0.111111
66 63 0.111111
67 63 0.111111
110 63 0.111111
60 64 0.111111
61 64 0.111111
62 64 0.111111
63 64 0.111111
65 64 0.111111
66 64 0.111111
67 64 0.111111
130 64 0.111111
111 64 0.111111
61 65 0.125
62 65 0.125
63 65 0.125
64 65 0.125
66 65 0.125
67 65 0.125
68 65 0.125
69 65 0.125
62 66 0.1
63 66 0.1
64 66 0.1
65 66 0.1
67 66 0.1
68 66 0.1
69 66 0.1
70 66 0.1
113 66 0.1
148 66 0.1
64 130 0.125
127 130 0.125
128 130 0.125
129 130 0.125
131 130 0.125
132 130 0.125
133 130 0.125
134 130 0.125
64 111 0.125
107 111 0.125
108 111 0.125
109 111 0.125
110 111 0.125
112 111 0.125
113 111 0.125
114 111 0.125
65 68 0.142857
66 68 0.142857
67 68 0.142857
69 68 0.142857
70 68 0.142857
71 68 0.142857
72 68 0.142857
65 69 0.111111
66 69 0.111111
67 69 0.111111
68 69 0.111111
70 69 0.111111
71 69 0.111111
72 69 0.111111
73 69 0.111111
131 69 0.111111
66 148 0.142857
145 148 0.142857
146 148 0.142857
147 148 0.142857
149 148 0.142857
150 148 0.142857
152 148 0.142857
69 73 0.2
74 73 0.2
75 73 0.2
76 73 0.2
77 73 0.2
69 131 0.125
127 131 0.125
128 131 0.125
129 131 0.125
130 131 0.125
133 131 0.125
134 131 0.125
135 131 0.125
70 74 0.125
71 74 0.125
72 74 0.125
73 74 0.125
75 74 0.125
76 74 0.125
77 74 0.125
78 74 0.125
70 100 0.142857
96 100 0.142857
98 100 0.142857
99 100 0.142857
101 100 0.142857
103 100 0.142857
104 100 0.142857
71 75 0.125
72 75 0.125
73 75 0.125
74 75 0.125
76 75 0.125
77 75 0.125
78 75 0.125
91 75 0.125
71 99 0.125
95 99 0.125
96 99 0.125
97 99 0.125
98 99 0.125
100 99 0.125
101 99 0.125
102 99 0.125
72 76 0.125
73 76 0.125
74 76 0.125
75 76 0.125
77 76 0.125
78 76 0.125
80 76 0.125
142 76 0.125
74 78 0.111111
75 78 0.111111
76 78 0.111111
77 78 0.111111
79 78 0.111111
80 78 0.111111
81 78 0.111111
82 78 0.111111
157 78 0.111111
76 142 0.111111
92 142 0.111111
138 142 0.111111
139 142 0.111111
140 142 0.111111
141 142 0.111111
143 142 0.111111
145 142 0.111111
146 142 0.111111
77 79 0.142857
78 79 0.142857
80 79 0.142857
81 79 0.142857
82 79 0.142857
83 79 0.142857
97 79 0.142857
77 146 0.111111
142 146 0.111111
143 146 0.111111
144 146 0.111111
145 146 0.111111
147 146 0.111111
148 146 0.111111
149 146 0.111111
150 146 0.111111
78 81 0.142857
79 81 0.142857
80 81 0.142857
82 81 0.142857
83 81 0.142857
84 81 0.142857
85 81 0.142857
79 83 0.142857
80 83 0.142857
81 83 0.142857
84 83 0.142857
85 83 0.142857
86 83 0.142857
87 83 0.142857
81 85 0.125
82 85 0.125
83 85 0.125
84 85 0.125
86 85 0.125
87 85 0.125
88 85 0.125
89 85 0.125
82 86 0.111111
83 86 0.111111
84 86 0.111111
85 86 0.111111
87 86 0.111111
88 86 0.111111
89 86 0.111111
90 86 0.111111
156 86 0.111111
82 154 0.125
150 154 0.125
152 154 0.125
153 154 0.125
155 154 0.125
156 154 0.125
157 154 0.125
158 154 0.125
83 87 0.125
84 87 0.125
85 87 0.125
86 87 0.125
88 87 0.125
89 87 0.125
90 87 0.125
91 87 0.125
86 90 0.111111
87 90 0.111111
88 90 0.111111
89 90 0.111111
91 90 0.111111
92 90 0.111111
93 90 0.111111
94 90 0.111111
151 90 0.111111
88 92 0.111111
89 92 0.111111
90 92 0.111111
91 92 0.111111
93 92 0.111111
94 92 0.111111
95 92 0.111111
96 92 0.111111
142 92 0.111111
89 93 0.125
90 93 0.125
91 93 0.125
92 93 0.125
94 93 0.125
95 93 0.125
96 93 0.125
97 93 0.125
90 94 0.125
91 94 0.125
92 94 0.125
93 94 0.125
95 94 0.125
96 94 0.125
97 94 0.125
98 94 0.125
90 151 0.2
149 151 0.2
152 151 0.2
153 151 0.2
155 151 0.2
91 95 0.125
92 95 0.125
93 95 0.125
94 95 0.125
96 95 0.125
97 95 0.125
98 95 0.125
99 95 0.125
92 96 0.125
93 96 0.125
94 96 0.125
95 96 0.125
97 96 0.125
98 96 0.125
99 96 0.125
100 96 0.125
97 101 0.125
98 101 0.125
99 101 0.125
100 101 0.125
102 101 0.125
103 101 0.125
104 101 0.125
105 101 0.125
98 102 0.142857
99 102 0.142857
101 102 0.142857
103 102 0.142857
104 102 0.142857
105 102 0.142857
106 102 0.142857
100 103 0.142857
101 103 0.142857
102 103 0.142857
104 103 0.142857
105 103 0.142857
106 103 0.142857
107 103 0.142857
100 104 0.125
101 104 0.125
102 104 0.125
103 104 0.125
105 104 0.125
106 104 0.125
107 104 0.125
108 104 0.125
104 108 0.166667
107 108 0.166667
109 108 0.166667
110 108 0.166667
111 108 0.166667
112 108 0.166667
105 109 0.125
106 109 0.125
107 109 0.125
108 109 0.125
110 109 0.125
111 109 0.125
112 109 0.125
113 109 0.125
110 114 0.125
111 114 0.125
112 114 0.125
113 114 0.125
115 114 0.125
116 114 0.125
117 114 0.125
118 114 0.125
110 136 0.142857
132 136 0.142857
133 136 0.142857
135 136 0.142857
137 136 0.142857
138 136 0.142857
140 136 0.142857
112 115 0.142857
114 115 0.142857
116 115 0.142857
117 115 0.142857
118 115 0.142857
119 115 0.142857
150 115 0.142857
113 117 0.125
114 117 0.125
115 117 0.125
116 117 0.125
118 117 0.125
119 117 0.125
120 117 0.125
121 117 0.125
114 118 0.125
115 118 0.125
116 118 0.125
117 118 0.125
119 118 0.125
120 118 0.125
121 118 0.125
122 118 0.125
115 119 0.125
116 119 0.125
117 119 0.125
118 119 0.125
120 119 0.125
121 119 0.125
122 119 0.125
123 119 0.125
115 150 0.111111
121 150 0.111111
146 150 0.111111
147 150 0.111111
148 150 0.111111
149 150 0.111111
152 150 0.111111
153 150 0.111111
154 150 0.111111
117 120 0.142857
118 120 0.142857
119 120 0.142857
121 120 0.142857
122 120 0.142857
123 120 0.142857
124 120 0.142857
117 121 0.125
118 121 0.125
119 121 0.125
120 121 0.125
123 121 0.125
124 121 0.125
125 121 0.125
150 121 0.125
120 124 0.125
121 124 0.125
122 124 0.125
123 124 0.125
125 124 0.125
126 124 0.125
127 124 0.125
128 124 0.125
121 125 0.125
122 125 0.125
123 125 0.125
124 125 0.125
126 125 0.125
127 125 0.125
128 125 0.125
129 125 0.125
123 127 0.125
124 127 0.125
125 127 0.125
126 127 0.125
128 127 0.125
129 127 0.125
130 127 0.125
131 127 0.125
124 128 0.125
125 128 0.125
126 128 0.125
127 128 0.125
129 128 0.125
130 128 0.125
131 128 0.125
132 128 0.125
131 135 0.142857
133 135 0.142857
134 135 0.142857
136 135 0.142857
137 135 0.142857
138 135 0.142857
139 135 0.142857
133 137 0.125
134 137 0.125
135 137 0.125
136 137 0.125
138 137 0.125
139 137 0.125
140 137 0.125
141 137 0.125
134 144 0.142857
140 144 0.142857
141 144 0.142857
143 144 0.142857
145 144 0.142857
146 144 0.142857
147 144 0.142857
136 140 0.125
137 140 0.125
138 140 0.125
139 140 0.125
141 140 0.125
142 140 0.125
143 140 0.125
144 140 0.125
140 143 0.142857
141 143 0.142857
142 143 0.142857
144 143 0.142857
145 143 0.142857
146 143 0.142857
147 143 0.142857
141 145 0.125
142 145 0.125
143 145 0.125
144 145 0.125
146 145 0.125
147 145 0.125
148 145 0.125
149 145 0.125
145 149 0.125
146 149 0.125
147 149 0.125
148 149 0.125
150 149 0.125
151 149 0.125
152 149 0.125
153 149 0.125
148 152 0.125
149 152 0.125
150 152 0.125
151 152 0.125
153 152 0.125
154 152 0.125
155 152 0.125
156 152 0.125
149 153 0.125
150 153 0.125
151 153 0.125
152 153 0.125
154 153 0.125
155 153 0.125
156 153 0.125
157 153 0.125
1 0 0.125
158 0 0.125
2 0 0.125
157 0 0.125
3 0 0.125
4 0 0.125
155 0 0.125
122 0 0.125
