0 8 0.0625
1 8 0.0625
6 8 0.0625
7 8 0.0625
24 8 0.0625
26 8 0.0625
37 8 0.0625
42 8 0.0625
48 8 0.0625
56 8 0.0625
57 8 0.0625
58 8 0.0625
65 8 0.0625
90 8 0.0625
92 8 0.0625
100 8 0.0625
0 31 0.058824
2 31 0.058824
9 31 0.058824
10 31 0.058824
33 31 0.058824
34 31 0.058824
37 31 0.058824
45 31 0.058824
46 31 0.058824
53 31 0.058824
60 31 0.058824
62 31 0.058824
72 31 0.058824
73 31 0.058824
88 31 0.058824
90 31 0.058824
97 31 0.058824
0 33 0.052632
5 33 0.052632
7 33 0.052632
13 33 0.052632
18 33 0.052632
21 33 0.052632
27 33 0.052632
31 33 0.052632
42 33 0.052632
43 33 0.052632
50 33 0.052632
59 33 0.052632
70 33 0.052632
71 33 0.052632
76 33 0.052632
81 33 0.052632
83 33 0.052632
88 33 0.052632
93 33 0.052632
0 47 0.055556
6 47 0.055556
16 47 0.055556
19 47 0.055556
20 47 0.055556
25 47 0.055556
27 47 0.055556
35 47 0.055556
41 47 0.055556
54 47 0.055556
55 47 0.055556
59 47 0.055556
61 47 0.055556
62 47 0.055556
73 47 0.055556
76 47 0.055556
81 47 0.055556
100 47 0.055556
0 51 0.055556
4 51 0.055556
18 51 0.055556
21 51 0.055556
25 51 0.055556
30 51 0.055556
32 51 0.055556
36 51 0.055556
42 51 0.055556
46 51 0.055556
52 51 0.055556
65 51 0.055556
70 51 0.055556
72 51 0.055556
90 51 0.055556
96 51 0.055556
102 51 0.055556
105 51 0.055556
0 80 0.055556
17 80 0.055556
34 80 0.055556
35 80 0.055556
40 80 0.055556
41 80 0.055556
42 80 0.055556
54 80 0.055556
56 80 0.055556
62 80 0.055556
68 80 0.055556
70 80 0.055556
74 80 0.055556
78 80 0.055556
89 80 0.055556
92 80 0.055556
93 80 0.055556
99 80 0.055556
0 82 0.066667
14 82 0.066667
15 82 0.066667
20 82 0.066667
30 82 0.066667
37 82 0.066667
44 82 0.066667
48 82 0.066667
61 82 0.066667
62 82 0.066667
67 82 0.066667
76 82 0.066667
81 82 0.066667
85 82 0.066667
91 82 0.066667
0 83 0.055556
1 83 0.055556
9 83 0.055556
33 83 0.055556
37 83 0.055556
39 83 0.055556
45 83 0.055556
48 83 0.055556
57 83 0.055556
58 83 0.055556
62 83 0.055556
76 83 0.055556
87 83 0.055556
88 83 0.055556
94 83 0.055556
99 83 0.055556
100 83 0.055556
105 83 0.055556
0 84 0.071429
14 84 0.071429
15 84 0.071429
22 84 0.071429
35 84 0.071429
40 84 0.071429
49 84 0.071429
55 84 0.071429
58 84 0.071429
65 84 0.071429
66 84 0.071429
68 84 0.071429
85 84 0.071429
93 84 0.071429
0 95 0.041667
12 95 0.041667
13 95 0.041667
19 95 0.041667
21 95 0.041667
22 95 0.041667
27 95 0.041667
28 95 0.041667
36 95 0.041667
41 95 0.041667
43 95 0.041667
52 95 0.041667
54 95 0.041667
57 95 0.041667
58 95 0.041667
59 95 0.041667
62 95 0.041667
64 95 0.041667
73 95 0.041667
76 95 0.041667
92 95 0.041667
99 95 0.041667
100 95 0.041667
106 95 0.041667
1 6 0.04
8 6 0.04
17 6 0.04
18 6 0.04
20 6 0.04
24 6 0.04
26 6 0.04
28 6 0.04
32 6 0.04
37 6 0.04
40 6 0.04
44 6 0.04
46 6 0.04
47 6 0.04
49 6 0.04
55 6 0.04
56 6 0.04
60 6 0.04
65 6 0.04
75 6 0.04
76 6 0.04
77 6 0.04
94 6 0.04
100 6 0.04
103 6 0.04
1 26 0.0625
6 26 0.0625
8 26 0.0625
12 26 0.0625
16 26 0.0625
23 26 0.0625
24 26 0.0625
35 26 0.0625
38 26 0.0625
39 26 0.0625
42 26 0.0625
49 26 0.0625
53 26 0.0625
89 26 0.0625
90 26 0.0625
94 26 0.0625
1 32 0.043478
2 32 0.043478
6 32 0.043478
16 32 0.043478
24 32 0.043478
36 32 0.043478
38 32 0.043478
44 32 0.043478
51 32 0.043478
56 32 0.043478
58 32 0.043478
59 32 0.043478
61 32 0.043478
63 32 0.043478
66 32 0.043478
69 32 0.043478
73 32 0.043478
76 32 0.043478
78 32 0.043478
79 32 0.043478
87 32 0.043478
100 32 0.043478
102 32 0.043478
1 45 0.066667
7 45 0.066667
16 45 0.066667
17 45 0.066667
24 45 0.066667
31 45 0.066667
34 45 0.066667
36 45 0.066667
41 45 0.066667
57 45 0.066667
73 45 0.066667
83 45 0.066667
91 45 0.066667
100 45 0.066667
103 45 0.066667
1 55 0.047619
5 55 0.047619
6 55 0.047619
12 55 0.047619
13 55 0.047619
17 55 0.047619
39 55 0.047619
40 55 0.047619
41 55 0.047619
43 55 0.047619
47 55 0.047619
49 55 0.047619
61 55 0.047619
68 55 0.047619
72 55 0.047619
76 55 0.047619
77 55 0.047619
79 55 0.047619
84 55 0.047619
97 55 0.047619
102 55 0.047619
1 62 0.0625
17 62 0.0625
27 62 0.0625
31 62 0.0625
41 62 0.0625
47 62 0.0625
56 62 0.0625
64 62 0.0625
76 62 0.0625
80 62 0.0625
82 62 0.0625
83 62 0.0625
95 62 0.0625
99 62 0.0625
104 62 0.0625
105 62 0.0625
1 71 0.066667
2 71 0.066667
20 71 0.066667
30 71 0.066667
33 71 0.066667
40 71 0.066667
41 71 0.066667
54 71 0.066667
63 71 0.066667
66 71 0.066667
70 71 0.066667
72 71 0.066667
78 71 0.066667
91 71 0.066667
94 71 0.066667
1 75 0.083333
5 75 0.083333
6 75 0.083333
10 75 0.083333
12 75 0.083333
13 75 0.083333
27 75 0.083333
48 75 0.083333
60 75 0.083333
67 75 0.083333
94 75 0.083333
97 75 0.083333
1 76 0.035714
3 76 0.035714
4 76 0.035714
6 76 0.035714
14 76 0.035714
16 76 0.035714
19 76 0.035714
27 76 0.035714
32 76 0.035714
33 76 0.035714
47 76 0.035714
52 76 0.035714
53 76 0.035714
55 76 0.035714
62 76 0.035714
63 76 0.035714
64 76 0.035714
67 76 0.035714
73 76 0.035714
77 76 0.035714
82 76 0.035714
83 76 0.035714
87 76 0.035714
89 76 0.035714
94 76 0.035714
95 76 0.035714
99 76 0.035714
105 76 0.035714
1 90 0.058824
2 90 0.058824
8 90 0.058824
15 90 0.058824
16 90 0.058824
26 90 0.058824
31 90 0.058824
38 90 0.058824
39 90 0.058824
40 90 0.058824
49 90 0.058824
51 90 0.058824
56 90 0.058824
78 90 0.058824
94 90 0.058824
103 90 0.058824
104 90 0.058824
1 91 0.058824
11 91 0.058824
17 91 0.058824
19 91 0.058824
22 91 0.058824
34 91 0.058824
38 91 0.058824
43 91 0.058824
45 91 0.058824
53 91 0.058824
54 91 0.058824
57 91 0.058824
66 91 0.058824
71 91 0.058824
77 91 0.058824
82 91 0.058824
104 91 0.058824
1 92 0.066667
7 92 0.066667
8 92 0.066667
9 92 0.066667
21 92 0.066667
25 92 0.066667
28 92 0.066667
36 92 0.066667
39 92 0.066667
64 92 0.066667
78 92 0.066667
80 92 0.066667
94 92 0.066667
95 92 0.066667
96 92 0.066667
1 96 0.083333
20 96 0.083333
23 96 0.083333
25 96 0.083333
27 96 0.083333
38 96 0.083333
51 96 0.083333
54 96 0.083333
81 96 0.083333
92 96 0.083333
93 96 0.083333
100 96 0.083333
1 99 0.052632
25 99 0.052632
29 99 0.052632
30 99 0.052632
46 99 0.052632
54 99 0.052632
60 99 0.052632
62 99 0.052632
63 99 0.052632
65 99 0.052632
69 99 0.052632
76 99 0.052632
80 99 0.052632
83 99 0.052632
93 99 0.052632
95 99 0.052632
101 99 0.052632
104 99 0.052632
105 99 0.052632
1 101 0.111111
2 101 0.111111
5 101 0.111111
21 101 0.111111
28 101 0.111111
52 101 0.111111
59 101 0.111111
60 101 0.111111
99 101 0.111111
2 3 0.071429
4 3 0.071429
11 3 0.071429
13 3 0.071429
18 3 0.071429
21 3 0.071429
22 3 0.071429
23 3 0.071429
38 3 0.071429
43 3 0.071429
64 3 0.071429
73 3 0.071429
76 3 0.071429
100 3 0.071429
2 10 0.1
11 10 0.1
25 10 0.1
31 10 0.1
53 10 0.1
61 10 0.1
72 10 0.1
75 10 0.1
94 10 0.1
97 10 0.1
2 11 0.076923
3 11 0.076923
10 11 0.076923
14 11 0.076923
17 11 0.076923
35 11 0.076923
50 11 0.076923
53 11 0.076923
56 11 0.076923
78 11 0.076923
79 11 0.076923
91 11 0.076923
100 11 0.076923
2 29 0.0625
19 29 0.0625
20 29 0.0625
24 29 0.0625
25 29 0.0625
43 29 0.0625
48 29 0.0625
60 29 0.0625
67 29 0.0625
74 29 0.0625
81 29 0.0625
85 29 0.0625
89 29 0.0625
94 29 0.0625
99 29 0.0625
105 29 0.0625
2 38 0.090909
3 38 0.090909
19 38 0.090909
26 38 0.090909
32 38 0.090909
46 38 0.090909
61 38 0.090909
90 38 0.090909
91 38 0.090909
96 38 0.090909
102 38 0.090909
2 48 0.076923
5 48 0.076923
8 48 0.076923
28 48 0.076923
29 48 0.076923
36 48 0.076923
41 48 0.076923
54 48 0.076923
68 48 0.076923
73 48 0.076923
75 48 0.076923
82 48 0.076923
83 48 0.076923
2 49 0.055556
4 49 0.055556
5 49 0.055556
6 49 0.055556
12 49 0.055556
15 49 0.055556
19 49 0.055556
24 49 0.055556
26 49 0.055556
35 49 0.055556
55 49 0.055556
58 49 0.055556
59 49 0.055556
64 49 0.055556
67 49 0.055556
84 49 0.055556
85 49 0.055556
90 49 0.055556
2 54 0.055556
7 54 0.055556
18 54 0.055556
30 54 0.055556
41 54 0.055556
44 54 0.055556
47 54 0.055556
48 54 0.055556
66 54 0.055556
68 54 0.055556
71 54 0.055556
78 54 0.055556
80 54 0.055556
87 54 0.055556
91 54 0.055556
95 54 0.055556
96 54 0.055556
99 54 0.055556
2 67 0.055556
7 67 0.055556
19 67 0.055556
29 67 0.055556
35 67 0.055556
41 67 0.055556
42 67 0.055556
49 67 0.055556
64 67 0.055556
65 67 0.055556
75 67 0.055556
76 67 0.055556
82 67 0.055556
86 67 0.055556
94 67 0.055556
100 67 0.055556
102 67 0.055556
103 67 0.055556
2 78 0.055556
11 78 0.055556
21 78 0.055556
32 78 0.055556
36 78 0.055556
43 78 0.055556
54 78 0.055556
57 78 0.055556
63 78 0.055556
70 78 0.055556
71 78 0.055556
79 78 0.055556
80 78 0.055556
90 78 0.055556
92 78 0.055556
98 78 0.055556
100 78 0.055556
106 78 0.055556
3 4 0.071429
14 4 0.071429
23 4 0.071429
28 4 0.071429
49 4 0.071429
51 4 0.071429
52 4 0.071429
64 4 0.071429
65 4 0.071429
69 4 0.071429
76 4 0.071429
85 4 0.071429
88 4 0.071429
97 4 0.071429
3 13 0.083333
19 13 0.083333
21 13 0.083333
33 13 0.083333
43 13 0.083333
55 13 0.083333
59 13 0.083333
63 13 0.083333
69 13 0.083333
74 13 0.083333
75 13 0.083333
95 13 0.083333
3 18 0.083333
6 18 0.083333
16 18 0.083333
17 18 0.083333
20 18 0.083333
28 18 0.083333
33 18 0.083333
51 18 0.083333
54 18 0.083333
73 18 0.083333
104 18 0.083333
105 18 0.083333
3 21 0.05
13 21 0.05
20 21 0.05
25 21 0.05
33 21 0.05
36 21 0.05
39 21 0.05
51 21 0.05
61 21 0.05
63 21 0.05
69 21 0.05
78 21 0.05
79 21 0.05
81 21 0.05
92 21 0.05
95 21 0.05
98 21 0.05
101 21 0.05
102 21 0.05
105 21 0.05
3 22 0.090909
19 22 0.090909
23 22 0.090909
41 22 0.090909
61 22 0.090909
66 22 0.090909
73 22 0.090909
84 22 0.090909
91 22 0.090909
95 22 0.090909
103 22 0.090909
3 23 0.05
4 23 0.05
17 23 0.05
22 23 0.05
25 23 0.05
26 23 0.05
28 23 0.05
34 23 0.05
37 23 0.05
41 23 0.05
50 23 0.05
53 23 0.05
60 23 0.05
66 23 0.05
69 23 0.05
74 23 0.05
87 23 0.05
94 23 0.05
96 23 0.05
102 23 0.05
3 43 0.066667
13 43 0.066667
14 43 0.066667
29 43 0.066667
33 43 0.066667
55 43 0.066667
65 43 0.066667
78 43 0.066667
79 43 0.066667
88 43 0.066667
91 43 0.066667
95 43 0.066667
97 43 0.066667
98 43 0.066667
100 43 0.066667
3 64 0.058824
4 64 0.058824
9 64 0.058824
19 64 0.058824
20 64 0.058824
25 64 0.058824
37 64 0.058824
44 64 0.058824
49 64 0.058824
62 64 0.058824
67 64 0.058824
76 64 0.058824
77 64 0.058824
79 64 0.058824
92 64 0.058824
93 64 0.058824
95 64 0.058824
3 73 0.055556
14 73 0.055556
18 73 0.055556
20 73 0.055556
22 73 0.055556
31 73 0.055556
32 73 0.055556
34 73 0.055556
35 73 0.055556
41 73 0.055556
45 73 0.055556
47 73 0.055556
48 73 0.055556
50 73 0.055556
74 73 0.055556
76 73 0.055556
95 73 0.055556
100 73 0.055556
3 100 0.045455
6 100 0.045455
8 100 0.045455
11 100 0.045455
19 100 0.045455
20 100 0.045455
24 100 0.045455
32 100 0.045455
39 100 0.045455
43 100 0.045455
45 100 0.045455
47 100 0.045455
53 100 0.045455
61 100 0.045455
63 100 0.045455
67 100 0.045455
73 100 0.045455
78 100 0.045455
79 100 0.045455
83 100 0.045455
95 100 0.045455
96 100 0.045455
4 14 0.090909
11 14 0.090909
25 14 0.090909
40 14 0.090909
42 14 0.090909
43 14 0.090909
73 14 0.090909
76 14 0.090909
82 14 0.090909
84 14 0.090909
86 14 0.090909
4 28 0.05
6 28 0.05
15 28 0.05
17 28 0.05
18 28 0.05
23 28 0.05
24 28 0.05
36 28 0.05
41 28 0.05
46 28 0.05
48 28 0.05
52 28 0.05
63 28 0.05
68 28 0.05
77 28 0.05
92 28 0.05
94 28 0.05
95 28 0.05
101 28 0.05
106 28 0.05
4 52 0.083333
5 52 0.083333
7 52 0.083333
17 52 0.083333
28 52 0.083333
44 52 0.083333
51 52 0.083333
60 52 0.083333
66 52 0.083333
76 52 0.083333
95 52 0.083333
101 52 0.083333
4 65 0.058824
6 65 0.058824
8 65 0.058824
17 65 0.058824
20 65 0.058824
30 65 0.058824
43 65 0.058824
51 65 0.058824
53 65 0.058824
60 65 0.058824
67 65 0.058824
84 65 0.058824
85 65 0.058824
86 65 0.058824
94 65 0.058824
99 65 0.058824
104 65 0.058824
4 69 0.083333
7 69 0.083333
13 69 0.083333
21 69 0.083333
23 69 0.083333
32 69 0.083333
36 69 0.083333
46 69 0.083333
68 69 0.083333
77 69 0.083333
93 69 0.083333
99 69 0.083333
4 85 0.076923
9 85 0.076923
17 85 0.076923
25 85 0.076923
27 85 0.076923
29 85 0.076923
49 85 0.076923
58 85 0.076923
65 85 0.076923
81 85 0.076923
82 85 0.076923
84 85 0.076923
87 85 0.076923
4 88 0.0625
19 88 0.0625
27 88 0.0625
31 88 0.0625
33 88 0.0625
34 88 0.0625
36 88 0.0625
43 88 0.0625
46 88 0.0625
58 88 0.0625
59 88 0.0625
60 88 0.0625
74 88 0.0625
83 88 0.0625
87 88 0.0625
105 88 0.0625
4 97 0.0625
10 97 0.0625
12 97 0.0625
20 97 0.0625
24 97 0.0625
25 97 0.0625
27 97 0.0625
31 97 0.0625
39 97 0.0625
43 97 0.0625
44 97 0.0625
53 97 0.0625
55 97 0.0625
75 97 0.0625
77 97 0.0625
81 97 0.0625
5 34 0.071429
7 34 0.071429
23 34 0.071429
31 34 0.071429
45 34 0.071429
50 34 0.071429
53 34 0.071429
68 34 0.071429
73 34 0.071429
80 34 0.071429
88 34 0.071429
91 34 0.071429
93 34 0.071429
104 34 0.071429
5 86 0.0625
14 86 0.0625
15 86 0.0625
24 86 0.0625
25 86 0.0625
27 86 0.0625
36 86 0.0625
39 86 0.0625
50 86 0.0625
56 86 0.0625
57 86 0.0625
65 86 0.0625
67 86 0.0625
74 86 0.0625
104 86 0.0625
105 86 0.0625
5 93 0.066667
17 93 0.066667
33 93 0.066667
34 93 0.066667
61 93 0.066667
64 93 0.066667
69 93 0.066667
72 93 0.066667
77 93 0.066667
79 93 0.066667
80 93 0.066667
84 93 0.066667
96 93 0.066667
99 93 0.066667
102 93 0.066667
6 17 0.055556
9 17 0.055556
11 17 0.055556
16 17 0.055556
18 17 0.055556
23 17 0.055556
28 17 0.055556
45 17 0.055556
52 17 0.055556
55 17 0.055556
62 17 0.055556
63 17 0.055556
65 17 0.055556
80 17 0.055556
85 17 0.055556
89 17 0.055556
91 17 0.055556
93 17 0.055556
6 20 0.047619
18 20 0.047619
19 20 0.047619
21 20 0.047619
29 20 0.047619
36 20 0.047619
37 20 0.047619
46 20 0.047619
47 20 0.047619
57 20 0.047619
61 20 0.047619
63 20 0.047619
64 20 0.047619
65 20 0.047619
70 20 0.047619
71 20 0.047619
73 20 0.047619
82 20 0.047619
96 20 0.047619
97 20 0.047619
100 20 0.047619
6 24 0.0625
8 24 0.0625
12 24 0.0625
26 24 0.0625
28 24 0.0625
29 24 0.0625
32 24 0.0625
45 24 0.0625
49 24 0.0625
53 24 0.0625
57 24 0.0625
60 24 0.0625
86 24 0.0625
97 24 0.0625
100 24 0.0625
105 24 0.0625
6 37 0.058824
8 37 0.058824
20 37 0.058824
23 37 0.058824
25 37 0.058824
30 37 0.058824
31 37 0.058824
36 37 0.058824
50 37 0.058824
63 37 0.058824
64 37 0.058824
66 37 0.058824
70 37 0.058824
74 37 0.058824
81 37 0.058824
82 37 0.058824
83 37 0.058824
6 40 0.090909
12 40 0.090909
14 40 0.090909
16 40 0.090909
55 40 0.090909
70 40 0.090909
71 40 0.090909
80 40 0.090909
84 40 0.090909
90 40 0.090909
105 40 0.090909
6 44 0.083333
32 44 0.083333
39 44 0.083333
52 44 0.083333
54 44 0.083333
57 44 0.083333
61 44 0.083333
64 44 0.083333
70 44 0.083333
79 44 0.083333
82 44 0.083333
97 44 0.083333
6 46 0.066667
20 46 0.066667
28 46 0.066667
31 46 0.066667
38 46 0.066667
39 46 0.066667
51 46 0.066667
58 46 0.066667
66 46 0.066667
68 46 0.066667
69 46 0.066667
87 46 0.066667
88 46 0.066667
99 46 0.066667
102 46 0.066667
6 56 0.0625
8 56 0.0625
11 56 0.0625
12 56 0.0625
27 56 0.0625
32 56 0.0625
39 56 0.0625
50 56 0.0625
58 56 0.0625
61 56 0.0625
62 56 0.0625
79 56 0.0625
80 56 0.0625
86 56 0.0625
90 56 0.0625
102 56 0.0625
6 60 0.0625
7 60 0.0625
15 60 0.0625
23 60 0.0625
24 60 0.0625
29 60 0.0625
31 60 0.0625
41 60 0.0625
52 60 0.0625
65 60 0.0625
68 60 0.0625
75 60 0.0625
81 60 0.0625
88 60 0.0625
99 60 0.0625
101 60 0.0625
6 77 0.090909
28 77 0.090909
55 77 0.090909
64 77 0.090909
69 77 0.090909
76 77 0.090909
79 77 0.090909
91 77 0.090909
93 77 0.090909
94 77 0.090909
97 77 0.090909
6 94 0.043478
9 94 0.043478
10 94 0.043478
12 94 0.043478
23 94 0.043478
25 94 0.043478
26 94 0.043478
28 94 0.043478
29 94 0.043478
35 94 0.043478
36 94 0.043478
39 94 0.043478
65 94 0.043478
67 94 0.043478
71 94 0.043478
75 94 0.043478
76 94 0.043478
77 94 0.043478
81 94 0.043478
83 94 0.043478
90 94 0.043478
92 94 0.043478
103 94 0.043478
6 103 0.090909
22 103 0.090909
41 103 0.090909
45 103 0.090909
59 103 0.090909
67 103 0.090909
70 103 0.090909
72 103 0.090909
87 103 0.090909
90 103 0.090909
94 103 0.090909
7 36 0.047619
20 36 0.047619
21 36 0.047619
28 36 0.047619
32 36 0.047619
35 36 0.047619
37 36 0.047619
45 36 0.047619
48 36 0.047619
51 36 0.047619
69 36 0.047619
70 36 0.047619
78 36 0.047619
81 36 0.047619
86 36 0.047619
87 36 0.047619
88 36 0.047619
92 36 0.047619
94 36 0.047619
95 36 0.047619
104 36 0.047619
7 53 0.05
10 53 0.05
11 53 0.05
12 53 0.05
23 53 0.05
24 53 0.05
26 53 0.05
27 53 0.05
30 53 0.05
31 53 0.05
34 53 0.05
42 53 0.05
59 53 0.05
65 53 0.05
66 53 0.05
68 53 0.05
76 53 0.05
91 53 0.05
97 53 0.05
100 53 0.05
7 58 0.055556
8 58 0.055556
16 58 0.055556
25 58 0.055556
32 58 0.055556
46 58 0.055556
49 58 0.055556
56 58 0.055556
70 58 0.055556
83 58 0.055556
84 58 0.055556
85 58 0.055556
88 58 0.055556
89 58 0.055556
95 58 0.055556
98 58 0.055556
102 58 0.055556
104 58 0.055556
7 98 0.083333
9 98 0.083333
21 98 0.083333
27 98 0.083333
35 98 0.083333
39 98 0.083333
43 98 0.083333
58 98 0.083333
63 98 0.083333
66 98 0.083333
70 98 0.083333
78 98 0.083333
8 42 0.1
14 42 0.1
19 42 0.1
26 42 0.1
33 42 0.1
41 42 0.1
51 42 0.1
53 42 0.1
67 42 0.1
80 42 0.1
8 57 0.076923
9 57 0.076923
20 57 0.076923
24 57 0.076923
25 57 0.076923
35 57 0.076923
44 57 0.076923
45 57 0.076923
78 57 0.076923
83 57 0.076923
86 57 0.076923
91 57 0.076923
95 57 0.076923
9 15 0.076923
25 15 0.076923
28 15 0.076923
41 15 0.076923
49 15 0.076923
59 15 0.076923
60 15 0.076923
81 15 0.076923
82 15 0.076923
84 15 0.076923
86 15 0.076923
90 15 0.076923
105 15 0.076923
9 35 0.0625
11 35 0.0625
16 35 0.0625
26 35 0.0625
36 35 0.0625
47 35 0.0625
49 35 0.0625
57 35 0.0625
61 35 0.0625
67 35 0.0625
70 35 0.0625
73 35 0.0625
80 35 0.0625
84 35 0.0625
94 35 0.0625
98 35 0.0625
9 41 0.05
15 41 0.05
22 41 0.05
23 41 0.05
28 41 0.05
42 41 0.05
45 41 0.05
47 41 0.05
48 41 0.05
54 41 0.05
55 41 0.05
60 41 0.05
62 41 0.05
67 41 0.05
68 41 0.05
71 41 0.05
73 41 0.05
80 41 0.05
95 41 0.05
103 41 0.05
9 59 0.0625
13 59 0.0625
15 59 0.0625
30 59 0.0625
32 59 0.0625
33 59 0.0625
47 59 0.0625
49 59 0.0625
53 59 0.0625
68 59 0.0625
88 59 0.0625
95 59 0.0625
101 59 0.0625
103 59 0.0625
104 59 0.0625
105 59 0.0625
9 63 0.055556
13 63 0.055556
16 63 0.055556
17 63 0.055556
20 63 0.055556
21 63 0.055556
27 63 0.055556
28 63 0.055556
32 63 0.055556
37 63 0.055556
71 63 0.055556
76 63 0.055556
78 63 0.055556
79 63 0.055556
98 63 0.055556
99 63 0.055556
100 63 0.055556
102 63 0.055556
9 68 0.055556
19 68 0.055556
25 68 0.055556
28 68 0.055556
34 68 0.055556
41 68 0.055556
46 68 0.055556
48 68 0.055556
50 68 0.055556
53 68 0.055556
54 68 0.055556
55 68 0.055556
59 68 0.055556
60 68 0.055556
61 68 0.055556
69 68 0.055556
80 68 0.055556
84 68 0.055556
9 74 0.083333
13 74 0.083333
23 74 0.083333
29 74 0.083333
37 74 0.083333
61 74 0.083333
73 74 0.083333
79 74 0.083333
80 74 0.083333
86 74 0.083333
88 74 0.083333
105 74 0.083333
9 102 0.066667
21 102 0.066667
23 102 0.066667
32 102 0.066667
38 102 0.066667
46 102 0.066667
51 102 0.066667
55 102 0.066667
56 102 0.066667
58 102 0.066667
63 102 0.066667
67 102 0.066667
70 102 0.066667
89 102 0.066667
93 102 0.066667
10 25 0.043478
14 25 0.043478
15 25 0.043478
19 25 0.043478
21 25 0.043478
23 25 0.043478
29 25 0.043478
37 25 0.043478
47 25 0.043478
51 25 0.043478
57 25 0.043478
58 25 0.043478
64 25 0.043478
68 25 0.043478
85 25 0.043478
86 25 0.043478
92 25 0.043478
94 25 0.043478
96 25 0.043478
97 25 0.043478
99 25 0.043478
104 25 0.043478
105 25 0.043478
10 61 0.055556
20 61 0.055556
21 61 0.055556
22 61 0.055556
27 61 0.055556
32 61 0.055556
35 61 0.055556
38 61 0.055556
44 61 0.055556
47 61 0.055556
55 61 0.055556
56 61 0.055556
68 61 0.055556
72 61 0.055556
74 61 0.055556
82 61 0.055556
93 61 0.055556
100 61 0.055556
10 72 0.090909
12 72 0.090909
31 72 0.090909
51 72 0.090909
55 72 0.090909
61 72 0.090909
66 72 0.090909
71 72 0.090909
89 72 0.090909
93 72 0.090909
103 72 0.090909
11 50 0.076923
12 50 0.076923
16 50 0.076923
23 50 0.076923
33 50 0.076923
34 50 0.076923
37 50 0.076923
56 50 0.076923
68 50 0.076923
73 50 0.076923
86 50 0.076923
104 50 0.076923
106 50 0.076923
11 79 0.0625
12 79 0.0625
19 79 0.0625
21 79 0.0625
32 79 0.0625
43 79 0.0625
44 79 0.0625
55 79 0.0625
56 79 0.0625
63 79 0.0625
64 79 0.0625
74 79 0.0625
77 79 0.0625
78 79 0.0625
93 79 0.0625
100 79 0.0625
12 16 0.058824
17 16 0.058824
18 16 0.058824
26 16 0.058824
30 16 0.058824
32 16 0.058824
35 16 0.058824
40 16 0.058824
45 16 0.058824
47 16 0.058824
50 16 0.058824
58 16 0.058824
63 16 0.058824
76 16 0.058824
87 16 0.058824
90 16 0.058824
105 16 0.058824
13 19 0.055556
20 19 0.055556
22 19 0.055556
25 19 0.055556
29 19 0.055556
38 19 0.055556
42 19 0.055556
47 19 0.055556
49 19 0.055556
64 19 0.055556
67 19 0.055556
68 19 0.055556
76 19 0.055556
79 19 0.055556
88 19 0.055556
91 19 0.055556
95 19 0.055556
100 19 0.055556
15 81 0.0625
21 81 0.0625
29 81 0.0625
33 81 0.0625
36 81 0.0625
37 81 0.0625
47 81 0.0625
60 81 0.0625
82 81 0.0625
85 81 0.0625
87 81 0.0625
89 81 0.0625
94 81 0.0625
96 81 0.0625
97 81 0.0625
104 81 0.0625
15 105 0.055556
16 105 0.055556
18 105 0.055556
21 105 0.055556
24 105 0.055556
25 105 0.055556
29 105 0.055556
40 105 0.055556
51 105 0.055556
59 105 0.055556
62 105 0.055556
70 105 0.055556
74 105 0.055556
76 105 0.055556
83 105 0.055556
86 105 0.055556
88 105 0.055556
99 105 0.055556
16 30 0.090909
37 30 0.090909
51 30 0.090909
53 30 0.090909
54 30 0.090909
59 30 0.090909
65 30 0.090909
66 30 0.090909
71 30 0.090909
82 30 0.090909
99 30 0.090909
16 87 0.076923
23 87 0.076923
32 87 0.076923
36 87 0.076923
46 87 0.076923
54 87 0.076923
76 87 0.076923
81 87 0.076923
83 87 0.076923
85 87 0.076923
88 87 0.076923
103 87 0.076923
104 87 0.076923
17 89 0.111111
26 89 0.111111
29 89 0.111111
58 89 0.111111
72 89 0.111111
76 89 0.111111
80 89 0.111111
81 89 0.111111
102 89 0.111111
18 104 0.066667
25 104 0.066667
34 104 0.066667
36 104 0.066667
50 104 0.066667
58 104 0.066667
59 104 0.066667
62 104 0.066667
65 104 0.066667
81 104 0.066667
86 104 0.066667
87 104 0.066667
90 104 0.066667
91 104 0.066667
99 104 0.066667
20 70 0.0625
33 70 0.0625
35 70 0.0625
36 70 0.0625
37 70 0.0625
40 70 0.0625
44 70 0.0625
51 70 0.0625
58 70 0.0625
71 70 0.0625
78 70 0.0625
80 70 0.0625
98 70 0.0625
102 70 0.0625
103 70 0.0625
105 70 0.0625
21 39 0.066667
26 39 0.066667
44 39 0.066667
46 39 0.066667
55 39 0.066667
56 39 0.066667
83 39 0.066667
86 39 0.066667
90 39 0.066667
92 39 0.066667
94 39 0.066667
97 39 0.066667
98 39 0.066667
100 39 0.066667
106 39 0.066667
22 66 0.071429
23 66 0.071429
30 66 0.071429
32 66 0.071429
37 66 0.071429
46 66 0.071429
52 66 0.071429
53 66 0.071429
54 66 0.071429
71 66 0.071429
72 66 0.071429
84 66 0.071429
91 66 0.071429
98 66 0.071429
28 106 0.2
39 106 0.2
50 106 0.2
78 106 0.2
95 106 0.2
8 0 0.1
31 0 0.1
33 0 0.1
47 0 0.1
51 0 0.1
80 0 0.1
82 0 0.1
83 0 0.1
84 0 0.1
95 0 0.1
6 1 0.058824
8 1 0.058824
26 1 0.058824
32 1 0.058824
45 1 0.058824
55 1 0.058824
62 1 0.058824
71 1 0.058824
75 1 0.058824
76 1 0.058824
83 1 0.058824
90 1 0.058824
91 1 0.058824
92 1 0.058824
96 1 0.058824
99 1 0.058824
101 1 0.058824
3 2 0.066667
10 2 0.066667
11 2 0.066667
29 2 0.066667
31 2 0.066667
32 2 0.066667
38 2 0.066667
48 2 0.066667
49 2 0.066667
54 2 0.066667
67 2 0.066667
71 2 0.066667
78 2 0.066667
90 2 0.066667
101 2 0.066667
33 5 0.1
34 5 0.1
48 5 0.1
49 5 0.1
52 5 0.1
55 5 0.1
75 5 0.1
86 5 0.1
93 5 0.1
101 5 0.1
8 7 0.071429
33 7 0.071429
34 7 0.071429
36 7 0.071429
45 7 0.071429
52 7 0.071429
53 7 0.071429
54 7 0.071429
58 7 0.071429
60 7 0.071429
67 7 0.071429
69 7 0.071429
92 7 0.071429
98 7 0.071429
15 9 0.058824
17 9 0.058824
31 9 0.058824
35 9 0.058824
41 9 0.058824
57 9 0.058824
59 9 0.058824
63 9 0.058824
64 9 0.058824
68 9 0.058824
74 9 0.058824
83 9 0.058824
85 9 0.058824
92 9 0.058824
94 9 0.058824
98 9 0.058824
102 9 0.058824
16 12 0.066667
24 12 0.066667
26 12 0.066667
40 12 0.066667
49 12 0.066667
50 12 0.066667
53 12 0.066667
55 12 0.066667
56 12 0.066667
72 12 0.066667
75 12 0.066667
79 12 0.066667
94 12 0.066667
95 12 0.066667
97 12 0.066667
33 27 0.0625
47 27 0.0625
53 27 0.0625
56 27 0.0625
61 27 0.0625
62 27 0.0625
63 27 0.0625
75 27 0.0625
76 27 0.0625
85 27 0.0625
86 27 0.0625
88 27 0.0625
95 27 0.0625
96 27 0.0625
97 27 0.0625
98 27 0.0625
