0 16 0.047619
1 16 0.047619
2 16 0.047619
3 16 0.047619
10 16 0.047619
23 16 0.047619
30 16 0.047619
45 16 0.047619
50 16 0.047619
51 16 0.047619
62 16 0.047619
74 16 0.047619
75 16 0.047619
79 16 0.047619
83 16 0.047619
89 16 0.047619
117 16 0.047619
121 16 0.047619
127 16 0.047619
149 16 0.047619
160 16 0.047619
0 24 0.052632
1 24 0.052632
8 24 0.052632
14 24 0.052632
28 24 0.052632
34 24 0.052632
35 24 0.052632
41 24 0.052632
69 24 0.052632
77 24 0.052632
80 24 0.052632
83 24 0.052632
93 24 0.052632
113 24 0.052632
120 24 0.052632
126 24 0.052632
135 24 0.052632
142 24 0.052632
143 24 0.052632
0 27 0.04
4 27 0.04
7 27 0.04
9 27 0.04
13 27 0.04
25 27 0.04
30 27 0.04
32 27 0.04
41 27 0.04
58 27 0.04
61 27 0.04
63 27 0.04
72 27 0.04
83 27 0.04
88 27 0.04
96 27 0.04
104 27 0.04
111 27 0.04
126 27 0.04
131 27 0.04
141 27 0.04
144 27 0.04
154 27 0.04
155 27 0.04
161 27 0.04
0 33 0.04
2 33 0.04
6 33 0.04
26 33 0.04
37 33 0.04
53 33 0.04
54 33 0.04
57 33 0.04
61 33 0.04
77 33 0.04
81 33 0.04
84 33 0.04
85 33 0.04
92 33 0.04
105 33 0.04
110 33 0.04
116 33 0.04
119 33 0.04
120 33 0.04
127 33 0.04
129 33 0.04
134 33 0.04
143 33 0.04
148 33 0.04
160 33 0.04
0 38 0.043478
3 38 0.043478
22 38 0.043478
25 38 0.043478
31 38 0.043478
47 38 0.043478
52 38 0.043478
53 38 0.043478
59 38 0.043478
63 38 0.043478
71 38 0.043478
84 38 0.043478
85 38 0.043478
99 38 0.043478
101 38 0.043478
103 38 0.043478
122 38 0.043478
128 38 0.043478
133 38 0.043478
134 38 0.043478
137 38 0.043478
144 38 0.043478
149 38 0.043478
0 39 0.04
1 39 0.04
6 39 0.04
9 39 0.04
20 39 0.04
28 39 0.04
36 39 0.04
40 39 0.04
41 39 0.04
44 39 0.04
52 39 0.04
54 39 0.04
65 39 0.04
73 39 0.04
76 39 0.04
89 39 0.04
106 39 0.04
108 39 0.04
112 39 0.04
123 39 0.04
129 39 0.04
130 39 0.04
152 39 0.04
157 39 0.04
160 39 0.04
0 51 0.038462
5 51 0.038462
6 51 0.038462
14 51 0.038462
16 51 0.038462
18 51 0.038462
21 51 0.038462
31 51 0.038462
42 51 0.038462
59 51 0.038462
66 51 0.038462
67 51 0.038462
68 51 0.038462
72 51 0.038462
76 51 0.038462
78 51 0.038462
81 51 0.038462
98 51 0.038462
99 51 0.038462
104 51 0.038462
107 51 0.038462
125 51 0.038462
128 51 0.038462
142 51 0.038462
146 51 0.038462
155 51 0.038462
0 52 0.035714
4 52 0.035714
5 52 0.035714
28 52 0.035714
31 52 0.035714
36 52 0.035714
38 52 0.035714
39 52 0.035714
43 52 0.035714
50 52 0.035714
53 52 0.035714
59 52 0.035714
62 52 0.035714
74 52 0.035714
77 52 0.035714
92 52 0.035714
102 52 0.035714
103 52 0.035714
107 52 0.035714
116 52 0.035714
118 52 0.035714
119 52 0.035714
121 52 0.035714
124 52 0.035714
133 52 0.035714
137 52 0.035714
147 52 0.035714
153 52 0.035714
0 59 0.043478
37 59 0.043478
38 59 0.043478
40 59 0.043478
42 59 0.043478
43 59 0.043478
51 59 0.043478
52 59 0.043478
60 59 0.043478
68 59 0.043478
76 59 0.043478
85 59 0.043478
92 59 0.043478
102 59 0.043478
111 59 0.043478
115 59 0.043478
120 59 0.043478
124 59 0.043478
137 59 0.043478
139 59 0.043478
146 59 0.043478
158 59 0.043478
160 59 0.043478
0 62 0.052632
16 62 0.052632
30 62 0.052632
43 62 0.052632
46 62 0.052632
50 62 0.052632
52 62 0.052632
53 62 0.052632
55 62 0.052632
76 62 0.052632
87 62 0.052632
89 62 0.052632
104 62 0.052632
108 62 0.052632
114 62 0.052632
127 62 0.052632
129 62 0.052632
148 62 0.052632
158 62 0.052632
0 65 0.038462
7 65 0.038462
20 65 0.038462
21 65 0.038462
23 65 0.038462
25 65 0.038462
29 65 0.038462
32 65 0.038462
37 65 0.038462
39 65 0.038462
41 65 0.038462
42 65 0.038462
54 65 0.038462
58 65 0.038462
61 65 0.038462
67 65 0.038462
68 65 0.038462
69 65 0.038462
81 65 0.038462
85 65 0.038462
92 65 0.038462
95 65 0.038462
121 65 0.038462
122 65 0.038462
146 65 0.038462
155 65 0.038462
0 70 0.058824
8 70 0.058824
53 70 0.058824
67 70 0.058824
68 70 0.058824
71 70 0.058824
92 70 0.058824
93 70 0.058824
104 70 0.058824
110 70 0.058824
112 70 0.058824
118 70 0.058824
128 70 0.058824
132 70 0.058824
153 70 0.058824
157 70 0.058824
159 70 0.058824
0 85 0.034483
2 85 0.034483
4 85 0.034483
7 85 0.034483
30 85 0.034483
33 85 0.034483
38 85 0.034483
45 85 0.034483
46 85 0.034483
57 85 0.034483
59 85 0.034483
61 85 0.034483
65 85 0.034483
66 85 0.034483
83 85 0.034483
90 85 0.034483
108 85 0.034483
111 85 0.034483
114 85 0.034483
115 85 0.034483
116 85 0.034483
132 85 0.034483
136 85 0.034483
140 85 0.034483
145 85 0.034483
154 85 0.034483
156 85 0.034483
159 85 0.034483
160 85 0.034483
0 88 0.05
12 88 0.05
18 88 0.05
21 88 0.05
27 88 0.05
40 88 0.05
43 88 0.05
46 88 0.05
57 88 0.05
87 88 0.05
89 88 0.05
100 88 0.05
103 88 0.05
116 88 0.05
118 88 0.05
121 88 0.05
126 88 0.05
137 88 0.05
144 88 0.05
153 88 0.05
0 100 0.055556
4 100 0.055556
15 100 0.055556
31 100 0.055556
34 100 0.055556
58 100 0.055556
79 100 0.055556
80 100 0.055556
84 100 0.055556
88 100 0.055556
90 100 0.055556
92 100 0.055556
114 100 0.055556
117 100 0.055556
124 100 0.055556
133 100 0.055556
151 100 0.055556
158 100 0.055556
0 103 0.038462
14 103 0.038462
34 103 0.038462
36 103 0.038462
38 103 0.038462
42 103 0.038462
43 103 0.038462
52 103 0.038462
54 103 0.038462
55 103 0.038462
75 103 0.038462
77 103 0.038462
83 103 0.038462
88 103 0.038462
93 103 0.038462
94 103 0.038462
95 103 0.038462
101 103 0.038462
108 103 0.038462
114 103 0.038462
125 103 0.038462
140 103 0.038462
142 103 0.038462
144 103 0.038462
147 103 0.038462
158 103 0.038462
0 112 0.047619
2 112 0.047619
14 112 0.047619
39 112 0.047619
55 112 0.047619
70 112 0.047619
72 112 0.047619
74 112 0.047619
83 112 0.047619
95 112 0.047619
101 112 0.047619
104 112 0.047619
110 112 0.047619
115 112 0.047619
123 112 0.047619
130 112 0.047619
137 112 0.047619
146 112 0.047619
150 112 0.047619
154 112 0.047619
160 112 0.047619
0 113 0.041667
1 113 0.041667
2 113 0.041667
10 113 0.041667
12 113 0.041667
13 113 0.041667
24 113 0.041667
40 113 0.041667
43 113 0.041667
44 113 0.041667
49 113 0.041667
50 113 0.041667
53 113 0.041667
57 113 0.041667
58 113 0.041667
63 113 0.041667
76 113 0.041667
81 113 0.041667
82 113 0.041667
99 113 0.041667
107 113 0.041667
124 113 0.041667
146 113 0.041667
152 113 0.041667
0 116 0.041667
11 116 0.041667
12 116 0.041667
18 116 0.041667
26 116 0.041667
30 116 0.041667
33 116 0.041667
34 116 0.041667
44 116 0.041667
52 116 0.041667
67 116 0.041667
71 116 0.041667
76 116 0.041667
78 116 0.041667
85 116 0.041667
88 116 0.041667
91 116 0.041667
95 116 0.041667
97 116 0.041667
110 116 0.041667
121 116 0.041667
145 116 0.041667
153 116 0.041667
158 116 0.041667
0 119 0.045455
9 119 0.045455
15 119 0.045455
20 119 0.045455
31 119 0.045455
33 119 0.045455
37 119 0.045455
52 119 0.045455
56 119 0.045455
60 119 0.045455
67 119 0.045455
78 119 0.045455
86 119 0.045455
91 119 0.045455
95 119 0.045455
96 119 0.045455
109 119 0.045455
125 119 0.045455
133 119 0.045455
148 119 0.045455
150 119 0.045455
160 119 0.045455
0 121 0.038462
8 121 0.038462
13 121 0.038462
16 121 0.038462
28 121 0.038462
40 121 0.038462
52 121 0.038462
55 121 0.038462
65 121 0.038462
69 121 0.038462
72 121 0.038462
80 121 0.038462
84 121 0.038462
88 121 0.038462
91 121 0.038462
110 121 0.038462
114 121 0.038462
116 121 0.038462
122 121 0.038462
130 121 0.038462
132 121 0.038462
140 121 0.038462
147 121 0.038462
150 121 0.038462
151 121 0.038462
153 121 0.038462
0 122 0.03125
1 122 0.03125
8 122 0.03125
9 122 0.03125
18 122 0.03125
29 122 0.03125
30 122 0.03125
38 122 0.03125
43 122 0.03125
47 122 0.03125
50 122 0.03125
55 122 0.03125
63 122 0.03125
65 122 0.03125
72 122 0.03125
74 122 0.03125
84 122 0.03125
93 122 0.03125
99 122 0.03125
106 122 0.03125
108 122 0.03125
117 122 0.03125
120 122 0.03125
121 122 0.03125
125 122 0.03125
134 122 0.03125
141 122 0.03125
143 122 0.03125
148 122 0.03125
149 122 0.03125
155 122 0.03125
159 122 0.03125
0 123 0.032258
8 123 0.032258
15 123 0.032258
17 123 0.032258
18 123 0.032258
20 123 0.032258
21 123 0.032258
30 123 0.032258
39 123 0.032258
42 123 0.032258
43 123 0.032258
46 123 0.032258
57 123 0.032258
58 123 0.032258
61 123 0.032258
63 123 0.032258
71 123 0.032258
78 123 0.032258
90 123 0.032258
94 123 0.032258
105 123 0.032258
106 123 0.032258
110 123 0.032258
112 123 0.032258
114 123 0.032258
130 123 0.032258
144 123 0.032258
145 123 0.032258
150 123 0.032258
152 123 0.032258
153 123 0.032258
0 137 0.04
6 137 0.04
19 137 0.04
38 137 0.04
46 137 0.04
52 137 0.04
53 137 0.04
56 137 0.04
59 137 0.04
60 137 0.04
88 137 0.04
91 137 0.04
98 137 0.04
99 137 0.04
109 137 0.04
112 137 0.04
120 137 0.04
126 137 0.04
127 137 0.04
128 137 0.04
144 137 0.04
145 137 0.04
156 137 0.04
158 137 0.04
161 137 0.04
0 143 0.034483
3 143 0.034483
8 143 0.034483
24 143 0.034483
25 143 0.034483
33 143 0.034483
34 143 0.034483
40 143 0.034483
42 143 0.034483
47 143 0.034483
68 143 0.034483
71 143 0.034483
73 143 0.034483
77 143 0.034483
87 143 0.034483
96 143 0.034483
97 143 0.034483
98 143 0.034483
107 143 0.034483
122 143 0.034483
130 143 0.034483
134 143 0.034483
136 143 0.034483
138 143 0.034483
139 143 0.034483
141 143 0.034483
153 143 0.034483
154 143 0.034483
158 143 0.034483
0 160 0.034483
2 160 0.034483
11 160 0.034483
16 160 0.034483
18 160 0.034483
22 160 0.034483
32 160 0.034483
33 160 0.034483
37 160 0.034483
39 160 0.034483
43 160 0.034483
49 160 0.034483
50 160 0.034483
54 160 0.034483
59 160 0.034483
63 160 0.034483
75 160 0.034483
85 160 0.034483
86 160 0.034483
92 160 0.034483
112 160 0.034483
118 160 0.034483
119 160 0.034483
128 160 0.034483
131 160 0.034483
145 160 0.034483
147 160 0.034483
148 160 0.034483
150 160 0.034483
1 6 0.04
2 6 0.04
4 6 0.04
11 6 0.04
33 6 0.04
36 6 0.04
39 6 0.04
51 6 0.04
56 6 0.04
60 6 0.04
61 6 0.04
68 6 0.04
73 6 0.04
74 6 0.04
81 6 0.04
93 6 0.04
95 6 0.04
114 6 0.04
126 6 0.04
127 6 0.04
137 6 0.04
138 6 0.04
141 6 0.04
149 6 0.04
157 6 0.04
1 7 0.055556
27 7 0.055556
32 7 0.055556
40 7 0.055556
45 7 0.055556
50 7 0.055556
54 7 0.055556
60 7 0.055556
65 7 0.055556
85 7 0.055556
96 7 0.055556
99 7 0.055556
126 7 0.055556
127 7 0.055556
132 7 0.055556
139 7 0.055556
144 7 0.055556
145 7 0.055556
1 10 0.034483
16 10 0.034483
20 10 0.034483
31 10 0.034483
37 10 0.034483
40 10 0.034483
47 10 0.034483
50 10 0.034483
54 10 0.034483
55 10 0.034483
64 10 0.034483
68 10 0.034483
69 10 0.034483
71 10 0.034483
72 10 0.034483
75 10 0.034483
82 10 0.034483
87 10 0.034483
89 10 0.034483
98 10 0.034483
102 10 0.034483
104 10 0.034483
113 10 0.034483
120 10 0.034483
130 10 0.034483
131 10 0.034483
145 10 0.034483
150 10 0.034483
154 10 0.034483
1 14 0.033333
3 14 0.033333
9 14 0.033333
11 14 0.033333
21 14 0.033333
22 14 0.033333
24 14 0.033333
26 14 0.033333
30 14 0.033333
31 14 0.033333
40 14 0.033333
51 14 0.033333
58 14 0.033333
60 14 0.033333
63 14 0.033333
66 14 0.033333
75 14 0.033333
103 14 0.033333
104 14 0.033333
105 14 0.033333
110 14 0.033333
112 14 0.033333
120 14 0.033333
130 14 0.033333
136 14 0.033333
140 14 0.033333
145 14 0.033333
149 14 0.033333
156 14 0.033333
161 14 0.033333
1 15 0.055556
8 15 0.055556
17 15 0.055556
31 15 0.055556
55 15 0.055556
72 15 0.055556
77 15 0.055556
79 15 0.055556
92 15 0.055556
93 15 0.055556
97 15 0.055556
100 15 0.055556
109 15 0.055556
119 15 0.055556
123 15 0.055556
130 15 0.055556
142 15 0.055556
156 15 0.055556
1 17 0.032258
8 17 0.032258
15 17 0.032258
32 17 0.032258
37 17 0.032258
40 17 0.032258
45 17 0.032258
58 17 0.032258
61 17 0.032258
64 17 0.032258
81 17 0.032258
82 17 0.032258
90 17 0.032258
91 17 0.032258
93 17 0.032258
95 17 0.032258
115 17 0.032258
123 17 0.032258
126 17 0.032258
134 17 0.032258
135 17 0.032258
136 17 0.032258
138 17 0.032258
144 17 0.032258
145 17 0.032258
146 17 0.032258
148 17 0.032258
149 17 0.032258
155 17 0.032258
156 17 0.032258
159 17 0.032258
1 29 0.058824
11 29 0.058824
19 29 0.058824
20 29 0.058824
36 29 0.058824
65 29 0.058824
82 29 0.058824
89 29 0.058824
94 29 0.058824
95 29 0.058824
97 29 0.058824
110 29 0.058824
115 29 0.058824
122 29 0.058824
131 29 0.058824
155 29 0.058824
158 29 0.058824
1 34 0.04
3 34 0.04
24 34 0.04
43 34 0.04
47 34 0.04
49 34 0.04
50 34 0.04
58 34 0.04
64 34 0.04
74 34 0.04
81 34 0.04
83 34 0.04
84 34 0.04
94 34 0.04
100 34 0.04
103 34 0.04
104 34 0.04
116 34 0.04
133 34 0.04
134 34 0.04
139 34 0.04
143 34 0.04
147 34 0.04
149 34 0.04
152 34 0.04
1 43 0.030303
4 43 0.030303
12 43 0.030303
19 43 0.030303
23 43 0.030303
30 43 0.030303
34 43 0.030303
49 43 0.030303
52 43 0.030303
59 43 0.030303
61 43 0.030303
62 43 0.030303
72 43 0.030303
77 43 0.030303
78 43 0.030303
86 43 0.030303
88 43 0.030303
98 43 0.030303
103 43 0.030303
104 43 0.030303
106 43 0.030303
113 43 0.030303
117 43 0.030303
118 43 0.030303
122 43 0.030303
123 43 0.030303
124 43 0.030303
130 43 0.030303
131 43 0.030303
132 43 0.030303
138 43 0.030303
148 43 0.030303
160 43 0.030303
1 44 0.0625
4 44 0.0625
18 44 0.0625
31 44 0.0625
39 44 0.0625
45 44 0.0625
68 44 0.0625
81 44 0.0625
98 44 0.0625
99 44 0.0625
101 44 0.0625
104 44 0.0625
113 44 0.0625
116 44 0.0625
118 44 0.0625
129 44 0.0625
1 53 0.037037
33 53 0.037037
38 53 0.037037
45 53 0.037037
52 53 0.037037
54 53 0.037037
55 53 0.037037
60 53 0.037037
62 53 0.037037
64 53 0.037037
69 53 0.037037
70 53 0.037037
71 53 0.037037
72 53 0.037037
79 53 0.037037
87 53 0.037037
101 53 0.037037
107 53 0.037037
111 53 0.037037
113 53 0.037037
115 53 0.037037
118 53 0.037037
126 53 0.037037
131 53 0.037037
137 53 0.037037
139 53 0.037037
149 53 0.037037
1 57 0.045455
5 57 0.045455
18 57 0.045455
33 57 0.045455
35 57 0.045455
47 57 0.045455
63 57 0.045455
66 57 0.045455
67 57 0.045455
69 57 0.045455
74 57 0.045455
78 57 0.045455
82 57 0.045455
85 57 0.045455
88 57 0.045455
98 57 0.045455
110 57 0.045455
113 57 0.045455
123 57 0.045455
148 57 0.045455
156 57 0.045455
159 57 0.045455
1 76 0.04
31 76 0.04
37 76 0.04
39 76 0.04
42 76 0.04
46 76 0.04
50 76 0.04
51 76 0.04
59 76 0.04
62 76 0.04
63 76 0.04
64 76 0.04
66 76 0.04
69 76 0.04
91 76 0.04
110 76 0.04
113 76 0.04
116 76 0.04
124 76 0.04
130 76 0.04
131 76 0.04
135 76 0.04
139 76 0.04
148 76 0.04
153 76 0.04
1 92 0.041667
2 92 0.041667
9 92 0.041667
15 92 0.041667
22 92 0.041667
25 92 0.041667
33 92 0.041667
46 92 0.041667
52 92 0.041667
59 92 0.041667
65 92 0.041667
66 92 0.041667
70 92 0.041667
87 92 0.041667
89 92 0.041667
90 92 0.041667
100 92 0.041667
101 92 0.041667
111 92 0.041667
115 92 0.041667
147 92 0.041667
152 92 0.041667
154 92 0.041667
160 92 0.041667
1 94 0.045455
2 94 0.045455
3 94 0.045455
4 94 0.045455
11 94 0.045455
25 94 0.045455
29 94 0.045455
34 94 0.045455
35 94 0.045455
40 94 0.045455
41 94 0.045455
56 94 0.045455
58 94 0.045455
84 94 0.045455
95 94 0.045455
103 94 0.045455
123 94 0.045455
131 94 0.045455
147 94 0.045455
151 94 0.045455
153 94 0.045455
158 94 0.045455
1 108 0.045455
8 108 0.045455
13 108 0.045455
20 108 0.045455
22 108 0.045455
35 108 0.045455
39 108 0.045455
40 108 0.045455
54 108 0.045455
62 108 0.045455
82 108 0.045455
85 108 0.045455
86 108 0.045455
103 108 0.045455
114 108 0.045455
115 108 0.045455
117 108 0.045455
122 108 0.045455
126 108 0.045455
127 108 0.045455
128 108 0.045455
147 108 0.045455
1 138 0.045455
6 138 0.045455
11 138 0.045455
17 138 0.045455
23 138 0.045455
25 138 0.045455
28 138 0.045455
43 138 0.045455
45 138 0.045455
46 138 0.045455
69 138 0.045455
73 138 0.045455
81 138 0.045455
89 138 0.045455
97 138 0.045455
102 138 0.045455
106 138 0.045455
109 138 0.045455
141 138 0.045455
143 138 0.045455
152 138 0.045455
154 138 0.045455
1 150 0.05
4 150 0.05
10 150 0.05
23 150 0.05
48 150 0.05
84 150 0.05
87 150 0.05
97 150 0.05
107 150 0.05
111 150 0.05
112 150 0.05
118 150 0.05
119 150 0.05
121 150 0.05
123 150 0.05
141 150 0.05
144 150 0.05
158 150 0.05
159 150 0.05
160 150 0.05
1 154 0.035714
10 154 0.035714
25 154 0.035714
27 154 0.035714
30 154 0.035714
49 154 0.035714
50 154 0.035714
67 154 0.035714
73 154 0.035714
75 154 0.035714
85 154 0.035714
87 154 0.035714
92 154 0.035714
96 154 0.035714
101 154 0.035714
107 154 0.035714
112 154 0.035714
114 154 0.035714
118 154 0.035714
127 154 0.035714
131 154 0.035714
138 154 0.035714
140 154 0.035714
142 154 0.035714
143 154 0.035714
145 154 0.035714
146 154 0.035714
151 154 0.035714
2 12 0.04
9 12 0.04
23 12 0.04
25 12 0.04
35 12 0.04
43 12 0.04
50 12 0.04
60 12 0.04
61 12 0.04
64 12 0.04
79 12 0.04
88 12 0.04
89 12 0.04
95 12 0.04
96 12 0.04
98 12 0.04
99 12 0.04
104 12 0.04
105 12 0.04
111 12 0.04
113 12 0.04
116 12 0.04
129 12 0.04
147 12 0.04
158 12 0.04
2 35 0.058824
5 35 0.058824
12 35 0.058824
22 35 0.058824
24 35 0.058824
36 35 0.058824
46 35 0.058824
48 35 0.058824
57 35 0.058824
68 35 0.058824
94 35 0.058824
108 35 0.058824
118 35 0.058824
134 35 0.058824
142 35 0.058824
152 35 0.058824
161 35 0.058824
2 73 0.045455
6 73 0.045455
39 73 0.045455
54 73 0.045455
63 73 0.045455
75 73 0.045455
78 73 0.045455
89 73 0.045455
97 73 0.045455
102 73 0.045455
106 73 0.045455
114 73 0.045455
117 73 0.045455
125 73 0.045455
128 73 0.045455
131 73 0.045455
138 73 0.045455
141 73 0.045455
143 73 0.045455
149 73 0.045455
154 73 0.045455
155 73 0.045455
2 102 0.05
10 102 0.05
13 102 0.05
21 102 0.05
31 102 0.05
45 102 0.05
49 102 0.05
52 102 0.05
55 102 0.05
59 102 0.05
73 102 0.05
74 102 0.05
93 102 0.05
99 102 0.05
114 102 0.05
117 102 0.05
126 102 0.05
134 102 0.05
138 102 0.05
159 102 0.05
2 107 0.035714
4 107 0.035714
22 107 0.035714
32 107 0.035714
49 107 0.035714
51 107 0.035714
52 107 0.035714
53 107 0.035714
54 107 0.035714
91 107 0.035714
95 107 0.035714
96 107 0.035714
109 107 0.035714
110 107 0.035714
111 107 0.035714
113 107 0.035714
117 107 0.035714
125 107 0.035714
130 107 0.035714
133 107 0.035714
135 107 0.035714
143 107 0.035714
144 107 0.035714
147 107 0.035714
150 107 0.035714
151 107 0.035714
154 107 0.035714
161 107 0.035714
2 126 0.041667
6 126 0.041667
7 126 0.041667
8 126 0.041667
17 126 0.041667
21 126 0.041667
24 126 0.041667
27 126 0.041667
42 126 0.041667
49 126 0.041667
53 126 0.041667
54 126 0.041667
66 126 0.041667
74 126 0.041667
88 126 0.041667
102 126 0.041667
108 126 0.041667
114 126 0.041667
135 126 0.041667
137 126 0.041667
151 126 0.041667
155 126 0.041667
156 126 0.041667
161 126 0.041667
2 132 0.052632
4 132 0.052632
7 132 0.052632
19 132 0.052632
25 132 0.052632
31 132 0.052632
43 132 0.052632
45 132 0.052632
49 132 0.052632
70 132 0.052632
85 132 0.052632
86 132 0.052632
99 132 0.052632
115 132 0.052632
117 132 0.052632
121 132 0.052632
134 132 0.052632
135 132 0.052632
145 132 0.052632
2 134 0.038462
9 134 0.038462
17 134 0.038462
18 134 0.038462
20 134 0.038462
33 134 0.038462
34 134 0.038462
35 134 0.038462
38 134 0.038462
58 134 0.038462
60 134 0.038462
75 134 0.038462
81 134 0.038462
82 134 0.038462
86 134 0.038462
87 134 0.038462
102 134 0.038462
117 134 0.038462
122 134 0.038462
128 134 0.038462
130 134 0.038462
132 134 0.038462
135 134 0.038462
136 134 0.038462
143 134 0.038462
155 134 0.038462
2 139 0.041667
7 139 0.041667
22 139 0.041667
30 139 0.041667
32 139 0.041667
34 139 0.041667
36 139 0.041667
42 139 0.041667
45 139 0.041667
49 139 0.041667
53 139 0.041667
59 139 0.041667
76 139 0.041667
87 139 0.041667
93 139 0.041667
101 139 0.041667
110 139 0.041667
114 139 0.041667
130 139 0.041667
135 139 0.041667
140 139 0.041667
142 139 0.041667
143 139 0.041667
145 139 0.041667
2 144 0.058824
7 144 0.058824
17 144 0.058824
27 144 0.058824
38 144 0.058824
46 144 0.058824
67 144 0.058824
77 144 0.058824
87 144 0.058824
88 144 0.058824
93 144 0.058824
103 144 0.058824
107 144 0.058824
123 144 0.058824
136 144 0.058824
137 144 0.058824
150 144 0.058824
3 9 0.055556
12 9 0.055556
14 9 0.055556
21 9 0.055556
27 9 0.055556
39 9 0.055556
40 9 0.055556
50 9 0.055556
74 9 0.055556
92 9 0.055556
119 9 0.055556
122 9 0.055556
125 9 0.055556
128 9 0.055556
134 9 0.055556
140 9 0.055556
141 9 0.055556
148 9 0.055556
3 11 0.041667
4 11 0.041667
6 11 0.041667
8 11 0.041667
14 11 0.041667
18 11 0.041667
23 11 0.041667
25 11 0.041667
29 11 0.041667
48 11 0.041667
54 11 0.041667
66 11 0.041667
71 11 0.041667
81 11 0.041667
84 11 0.041667
94 11 0.041667
101 11 0.041667
116 11 0.041667
118 11 0.041667
125 11 0.041667
138 11 0.041667
146 11 0.041667
152 11 0.041667
160 11 0.041667
3 19 0.052632
29 19 0.052632
30 19 0.052632
36 19 0.052632
43 19 0.052632
74 19 0.052632
82 19 0.052632
96 19 0.052632
109 19 0.052632
120 19 0.052632
124 19 0.052632
129 19 0.052632
132 19 0.052632
137 19 0.052632
146 19 0.052632
147 19 0.052632
149 19 0.052632
151 19 0.052632
159 19 0.052632
3 21 0.05
9 21 0.05
14 21 0.05
18 21 0.05
31 21 0.05
36 21 0.05
37 21 0.05
51 21 0.05
65 21 0.05
72 21 0.05
82 21 0.05
88 21 0.05
89 21 0.05
90 21 0.05
102 21 0.05
104 21 0.05
123 21 0.05
126 21 0.05
153 21 0.05
158 21 0.05
3 31 0.03125
10 31 0.03125
14 31 0.03125
15 31 0.03125
21 31 0.03125
32 31 0.03125
38 31 0.03125
44 31 0.03125
51 31 0.03125
52 31 0.03125
60 31 0.03125
67 31 0.03125
69 31 0.03125
72 31 0.03125
74 31 0.03125
75 31 0.03125
76 31 0.03125
81 31 0.03125
83 31 0.03125
84 31 0.03125
89 31 0.03125
90 31 0.03125
98 31 0.03125
100 31 0.03125
102 31 0.03125
119 31 0.03125
124 31 0.03125
131 31 0.03125
132 31 0.03125
142 31 0.03125
151 31 0.03125
158 31 0.03125
3 48 0.058824
11 48 0.058824
35 48 0.058824
36 48 0.058824
45 48 0.058824
54 48 0.058824
56 48 0.058824
63 48 0.058824
67 48 0.058824
79 48 0.058824
86 48 0.058824
91 48 0.058824
101 48 0.058824
135 48 0.058824
141 48 0.058824
150 48 0.058824
159 48 0.058824
3 54 0.034483
7 54 0.034483
10 54 0.034483
11 54 0.034483
32 54 0.034483
33 54 0.034483
39 54 0.034483
40 54 0.034483
47 54 0.034483
48 54 0.034483
53 54 0.034483
61 54 0.034483
65 54 0.034483
73 54 0.034483
74 54 0.034483
79 54 0.034483
90 54 0.034483
95 54 0.034483
98 54 0.034483
99 54 0.034483
103 54 0.034483
107 54 0.034483
108 54 0.034483
118 54 0.034483
126 54 0.034483
135 54 0.034483
147 54 0.034483
157 54 0.034483
160 54 0.034483
3 61 0.043478
4 61 0.043478
6 61 0.043478
12 61 0.043478
13 61 0.043478
17 61 0.043478
25 61 0.043478
27 61 0.043478
33 61 0.043478
43 61 0.043478
45 61 0.043478
50 61 0.043478
54 61 0.043478
58 61 0.043478
65 61 0.043478
69 61 0.043478
85 61 0.043478
123 61 0.043478
128 61 0.043478
145 61 0.043478
147 61 0.043478
152 61 0.043478
159 61 0.043478
3 64 0.045455
8 64 0.045455
10 64 0.045455
12 64 0.045455
17 64 0.045455
22 64 0.045455
34 64 0.045455
36 64 0.045455
37 64 0.045455
40 64 0.045455
42 64 0.045455
53 64 0.045455
63 64 0.045455
68 64 0.045455
72 64 0.045455
76 64 0.045455
89 64 0.045455
90 64 0.045455
95 64 0.045455
97 64 0.045455
105 64 0.045455
158 64 0.045455
3 69 0.030303
4 69 0.030303
10 69 0.030303
24 69 0.030303
25 69 0.030303
26 69 0.030303
31 69 0.030303
40 69 0.030303
41 69 0.030303
53 69 0.030303
55 69 0.030303
57 69 0.030303
60 69 0.030303
61 69 0.030303
63 69 0.030303
65 69 0.030303
68 69 0.030303
76 69 0.030303
77 69 0.030303
80 69 0.030303
82 69 0.030303
93 69 0.030303
97 69 0.030303
106 69 0.030303
110 69 0.030303
121 69 0.030303
131 69 0.030303
133 69 0.030303
138 69 0.030303
149 69 0.030303
155 69 0.030303
159 69 0.030303
161 69 0.030303
3 78 0.052632
20 78 0.052632
30 78 0.052632
43 78 0.052632
51 78 0.052632
57 78 0.052632
58 78 0.052632
73 78 0.052632
77 78 0.052632
79 78 0.052632
101 78 0.052632
116 78 0.052632
119 78 0.052632
123 78 0.052632
124 78 0.052632
129 78 0.052632
135 78 0.052632
156 78 0.052632
159 78 0.052632
3 81 0.055556
6 81 0.055556
11 81 0.055556
17 81 0.055556
31 81 0.055556
33 81 0.055556
34 81 0.055556
42 81 0.055556
44 81 0.055556
50 81 0.055556
51 81 0.055556
65 81 0.055556
80 81 0.055556
99 81 0.055556
113 81 0.055556
134 81 0.055556
138 81 0.055556
159 81 0.055556
3 82 0.030303
10 82 0.030303
13 82 0.030303
17 82 0.030303
19 82 0.030303
21 82 0.030303
26 82 0.030303
29 82 0.030303
32 82 0.030303
37 82 0.030303
40 82 0.030303
57 82 0.030303
60 82 0.030303
63 82 0.030303
66 82 0.030303
67 82 0.030303
68 82 0.030303
69 82 0.030303
71 82 0.030303
79 82 0.030303
83 82 0.030303
87 82 0.030303
95 82 0.030303
98 82 0.030303
108 82 0.030303
113 82 0.030303
114 82 0.030303
128 82 0.030303
133 82 0.030303
134 82 0.030303
136 82 0.030303
141 82 0.030303
157 82 0.030303
3 117 0.033333
5 117 0.033333
16 117 0.033333
28 117 0.033333
43 117 0.033333
45 117 0.033333
56 117 0.033333
73 117 0.033333
74 117 0.033333
77 117 0.033333
80 117 0.033333
83 117 0.033333
86 117 0.033333
90 117 0.033333
93 117 0.033333
100 117 0.033333
102 117 0.033333
107 117 0.033333
108 117 0.033333
109 117 0.033333
110 117 0.033333
114 117 0.033333
118 117 0.033333
122 117 0.033333
127 117 0.033333
132 117 0.033333
134 117 0.033333
140 117 0.033333
141 117 0.033333
159 117 0.033333
3 118 0.043478
8 118 0.043478
11 118 0.043478
35 118 0.043478
43 118 0.043478
44 118 0.043478
52 118 0.043478
53 118 0.043478
54 118 0.043478
63 118 0.043478
66 118 0.043478
70 118 0.043478
83 118 0.043478
84 118 0.043478
88 118 0.043478
99 118 0.043478
110 118 0.043478
114 118 0.043478
117 118 0.043478
150 118 0.043478
154 118 0.043478
157 118 0.043478
160 118 0.043478
3 125 0.045455
9 125 0.045455
11 125 0.045455
13 125 0.045455
23 125 0.045455
51 125 0.045455
66 125 0.045455
67 125 0.045455
71 125 0.045455
73 125 0.045455
80 125 0.045455
103 125 0.045455
105 125 0.045455
107 125 0.045455
111 125 0.045455
119 125 0.045455
120 125 0.045455
122 125 0.045455
129 125 0.045455
145 125 0.045455
149 125 0.045455
152 125 0.045455
3 128 0.045455
9 128 0.045455
13 128 0.045455
22 128 0.045455
38 128 0.045455
45 128 0.045455
51 128 0.045455
61 128 0.045455
70 128 0.045455
73 128 0.045455
82 128 0.045455
89 128 0.045455
90 128 0.045455
108 128 0.045455
130 128 0.045455
131 128 0.045455
134 128 0.045455
135 128 0.045455
137 128 0.045455
140 128 0.045455
158 128 0.045455
160 128 0.045455
3 131 0.037037
8 131 0.037037
10 131 0.037037
20 131 0.037037
27 131 0.037037
29 131 0.037037
31 131 0.037037
32 131 0.037037
40 131 0.037037
43 131 0.037037
53 131 0.037037
69 131 0.037037
73 131 0.037037
76 131 0.037037
86 131 0.037037
89 131 0.037037
93 131 0.037037
94 131 0.037037
95 131 0.037037
111 131 0.037037
114 131 0.037037
128 131 0.037037
129 131 0.037037
130 131 0.037037
145 131 0.037037
154 131 0.037037
160 131 0.037037
3 142 0.05
15 142 0.05
18 142 0.05
22 142 0.05
24 142 0.05
31 142 0.05
32 142 0.05
35 142 0.05
37 142 0.05
49 142 0.05
51 142 0.05
55 142 0.05
56 142 0.05
58 142 0.05
68 142 0.05
99 142 0.05
103 142 0.05
127 142 0.05
139 142 0.05
154 142 0.05
3 156 0.047619
4 156 0.047619
14 156 0.047619
15 156 0.047619
17 156 0.047619
41 156 0.047619
57 156 0.047619
58 156 0.047619
71 156 0.047619
78 156 0.047619
85 156 0.047619
87 156 0.047619
96 156 0.047619
106 156 0.047619
109 156 0.047619
110 156 0.047619
120 156 0.047619
126 156 0.047619
130 156 0.047619
137 156 0.047619
155 156 0.047619
4 22 0.045455
8 22 0.045455
14 22 0.045455
32 22 0.045455
35 22 0.045455
38 22 0.045455
55 22 0.045455
64 22 0.045455
66 22 0.045455
92 22 0.045455
95 22 0.045455
97 22 0.045455
98 22 0.045455
107 22 0.045455
108 22 0.045455
128 22 0.045455
139 22 0.045455
140 22 0.045455
142 22 0.045455
145 22 0.045455
158 22 0.045455
160 22 0.045455
4 68 0.03125
6 68 0.03125
10 68 0.03125
25 68 0.03125
35 68 0.03125
41 68 0.03125
42 68 0.03125
44 68 0.03125
45 68 0.03125
51 68 0.03125
59 68 0.03125
64 68 0.03125
65 68 0.03125
69 68 0.03125
70 68 0.03125
75 68 0.03125
80 68 0.03125
82 68 0.03125
106 68 0.03125
120 68 0.03125
124 68 0.03125
133 68 0.03125
135 68 0.03125
141 68 0.03125
142 68 0.03125
143 68 0.03125
145 68 0.03125
147 68 0.03125
148 68 0.03125
149 68 0.03125
152 68 0.03125
158 68 0.03125
4 71 0.033333
8 71 0.033333
10 71 0.033333
11 71 0.033333
18 71 0.033333
23 71 0.033333
25 71 0.033333
26 71 0.033333
32 71 0.033333
37 71 0.033333
38 71 0.033333
42 71 0.033333
53 71 0.033333
60 71 0.033333
66 71 0.033333
70 71 0.033333
72 71 0.033333
82 71 0.033333
96 71 0.033333
111 71 0.033333
116 71 0.033333
123 71 0.033333
125 71 0.033333
130 71 0.033333
133 71 0.033333
135 71 0.033333
136 71 0.033333
143 71 0.033333
156 71 0.033333
159 71 0.033333
4 127 0.055556
6 127 0.055556
7 127 0.055556
16 127 0.055556
33 127 0.055556
49 127 0.055556
55 127 0.055556
62 127 0.055556
108 127 0.055556
109 127 0.055556
110 127 0.055556
117 127 0.055556
129 127 0.055556
137 127 0.055556
142 127 0.055556
148 127 0.055556
151 127 0.055556
154 127 0.055556
4 135 0.034483
5 135 0.034483
13 135 0.034483
17 135 0.034483
20 135 0.034483
24 135 0.034483
46 135 0.034483
48 135 0.034483
50 135 0.034483
54 135 0.034483
58 135 0.034483
68 135 0.034483
71 135 0.034483
76 135 0.034483
78 135 0.034483
86 135 0.034483
90 135 0.034483
95 135 0.034483
101 135 0.034483
105 135 0.034483
107 135 0.034483
126 135 0.034483
128 135 0.034483
132 135 0.034483
133 135 0.034483
134 135 0.034483
139 135 0.034483
149 135 0.034483
151 135 0.034483
4 158 0.030303
12 158 0.030303
21 158 0.030303
22 158 0.030303
29 158 0.030303
31 158 0.030303
36 158 0.030303
37 158 0.030303
59 158 0.030303
62 158 0.030303
63 158 0.030303
64 158 0.030303
68 158 0.030303
72 158 0.030303
79 158 0.030303
83 158 0.030303
84 158 0.030303
89 158 0.030303
91 158 0.030303
94 158 0.030303
96 158 0.030303
100 158 0.030303
103 158 0.030303
109 158 0.030303
116 158 0.030303
120 158 0.030303
128 158 0.030303
130 158 0.030303
137 158 0.030303
141 158 0.030303
143 158 0.030303
150 158 0.030303
153 158 0.030303
4 161 0.055556
8 161 0.055556
14 161 0.055556
27 161 0.055556
30 161 0.055556
35 161 0.055556
58 161 0.055556
69 161 0.055556
89 161 0.055556
107 161 0.055556
114 161 0.055556
126 161 0.055556
136 161 0.055556
137 161 0.055556
141 161 0.055556
145 161 0.055556
146 161 0.055556
153 161 0.055556
5 8 0.04
11 8 0.04
15 8 0.04
17 8 0.04
22 8 0.04
24 8 0.04
25 8 0.04
37 8 0.04
64 8 0.04
70 8 0.04
71 8 0.04
89 8 0.04
105 8 0.04
108 8 0.04
118 8 0.04
121 8 0.04
122 8 0.04
123 8 0.04
124 8 0.04
126 8 0.04
131 8 0.04
140 8 0.04
141 8 0.04
143 8 0.04
161 8 0.04
5 20 0.045455
10 20 0.045455
13 20 0.045455
29 20 0.045455
39 20 0.045455
42 20 0.045455
46 20 0.045455
47 20 0.045455
65 20 0.045455
66 20 0.045455
67 20 0.045455
75 20 0.045455
78 20 0.045455
79 20 0.045455
108 20 0.045455
119 20 0.045455
123 20 0.045455
124 20 0.045455
131 20 0.045455
134 20 0.045455
135 20 0.045455
136 20 0.045455
5 37 0.037037
8 37 0.037037
10 37 0.037037
17 37 0.037037
21 37 0.037037
30 37 0.037037
33 37 0.037037
49 37 0.037037
55 37 0.037037
58 37 0.037037
59 37 0.037037
64 37 0.037037
65 37 0.037037
71 37 0.037037
76 37 0.037037
82 37 0.037037
90 37 0.037037
93 37 0.037037
97 37 0.037037
99 37 0.037037
110 37 0.037037
111 37 0.037037
119 37 0.037037
124 37 0.037037
142 37 0.037037
158 37 0.037037
160 37 0.037037
5 46 0.035714
20 46 0.035714
28 46 0.035714
32 46 0.035714
35 46 0.035714
47 46 0.035714
50 46 0.035714
62 46 0.035714
66 46 0.035714
74 46 0.035714
76 46 0.035714
77 46 0.035714
85 46 0.035714
86 46 0.035714
88 46 0.035714
89 46 0.035714
92 46 0.035714
111 46 0.035714
123 46 0.035714
124 46 0.035714
133 46 0.035714
135 46 0.035714
137 46 0.035714
138 46 0.035714
144 46 0.035714
146 46 0.035714
149 46 0.035714
157 46 0.035714
5 60 0.04
6 60 0.04
7 60 0.04
12 60 0.04
14 60 0.04
30 60 0.04
31 60 0.04
53 60 0.04
59 60 0.04
69 60 0.04
71 60 0.04
72 60 0.04
82 60 0.04
91 60 0.04
93 60 0.04
95 60 0.04
101 60 0.04
119 60 0.04
120 60 0.04
134 60 0.04
136 60 0.04
137 60 0.04
145 60 0.04
148 60 0.04
155 60 0.04
5 75 0.05
10 75 0.05
14 75 0.05
16 75 0.05
20 75 0.05
31 75 0.05
36 75 0.05
42 75 0.05
68 75 0.05
73 75 0.05
103 75 0.05
109 75 0.05
130 75 0.05
134 75 0.05
140 75 0.05
146 75 0.05
148 75 0.05
153 75 0.05
154 75 0.05
160 75 0.05
5 84 0.037037
11 84 0.037037
31 84 0.037037
33 84 0.037037
34 84 0.037037
38 84 0.037037
40 84 0.037037
50 84 0.037037
55 84 0.037037
56 84 0.037037
58 84 0.037037
86 84 0.037037
91 84 0.037037
93 84 0.037037
94 84 0.037037
95 84 0.037037
100 84 0.037037
106 84 0.037037
118 84 0.037037
121 84 0.037037
122 84 0.037037
147 84 0.037037
150 84 0.037037
151 84 0.037037
155 84 0.037037
158 84 0.037037
159 84 0.037037
5 86 0.034483
13 86 0.034483
25 86 0.034483
26 86 0.034483
43 86 0.034483
46 86 0.034483
47 86 0.034483
48 86 0.034483
49 86 0.034483
63 86 0.034483
66 86 0.034483
77 86 0.034483
84 86 0.034483
89 86 0.034483
97 86 0.034483
108 86 0.034483
109 86 0.034483
111 86 0.034483
117 86 0.034483
119 86 0.034483
120 86 0.034483
131 86 0.034483
132 86 0.034483
133 86 0.034483
134 86 0.034483
135 86 0.034483
148 86 0.034483
155 86 0.034483
160 86 0.034483
5 96 0.05
7 96 0.05
12 96 0.05
19 96 0.05
27 96 0.05
50 96 0.05
67 96 0.05
71 96 0.05
107 96 0.05
119 96 0.05
120 96 0.05
129 96 0.05
143 96 0.05
145 96 0.05
146 96 0.05
152 96 0.05
154 96 0.05
156 96 0.05
158 96 0.05
159 96 0.05
5 104 0.043478
10 104 0.043478
12 104 0.043478
14 104 0.043478
21 104 0.043478
23 104 0.043478
27 104 0.043478
30 104 0.043478
34 104 0.043478
42 104 0.043478
43 104 0.043478
44 104 0.043478
47 104 0.043478
50 104 0.043478
51 104 0.043478
62 104 0.043478
70 104 0.043478
99 104 0.043478
109 104 0.043478
112 104 0.043478
129 104 0.043478
152 104 0.043478
159 104 0.043478
5 109 0.043478
15 109 0.043478
18 109 0.043478
19 109 0.043478
25 109 0.043478
36 109 0.043478
49 109 0.043478
66 109 0.043478
75 109 0.043478
86 109 0.043478
104 109 0.043478
105 109 0.043478
107 109 0.043478
117 109 0.043478
119 109 0.043478
120 109 0.043478
127 109 0.043478
129 109 0.043478
137 109 0.043478
138 109 0.043478
152 109 0.043478
156 109 0.043478
158 109 0.043478
5 124 0.05
8 124 0.05
18 124 0.05
19 124 0.05
20 124 0.05
31 124 0.05
37 124 0.05
43 124 0.05
46 124 0.05
52 124 0.05
59 124 0.05
68 124 0.05
76 124 0.05
78 124 0.05
97 124 0.05
100 124 0.05
113 124 0.05
145 124 0.05
147 124 0.05
148 124 0.05
5 152 0.035714
11 152 0.035714
25 152 0.035714
30 152 0.035714
34 152 0.035714
35 152 0.035714
39 152 0.035714
49 152 0.035714
56 152 0.035714
61 152 0.035714
68 152 0.035714
83 152 0.035714
91 152 0.035714
92 152 0.035714
95 152 0.035714
96 152 0.035714
98 152 0.035714
104 152 0.035714
109 152 0.035714
113 152 0.035714
115 152 0.035714
123 152 0.035714
125 152 0.035714
129 152 0.035714
138 152 0.035714
146 152 0.035714
148 152 0.035714
159 152 0.035714
6 36 0.038462
19 36 0.038462
21 36 0.038462
28 36 0.038462
29 36 0.038462
30 36 0.038462
32 36 0.038462
35 36 0.038462
39 36 0.038462
48 36 0.038462
49 36 0.038462
52 36 0.038462
64 36 0.038462
66 36 0.038462
75 36 0.038462
79 36 0.038462
103 36 0.038462
109 36 0.038462
110 36 0.038462
129 36 0.038462
130 36 0.038462
139 36 0.038462
146 36 0.038462
148 36 0.038462
151 36 0.038462
158 36 0.038462
6 56 0.058824
28 56 0.058824
48 56 0.058824
63 56 0.058824
80 56 0.058824
84 56 0.058824
93 56 0.058824
94 56 0.058824
110 56 0.058824
117 56 0.058824
119 56 0.058824
129 56 0.058824
137 56 0.058824
142 56 0.058824
152 56 0.058824
155 56 0.058824
157 56 0.058824
6 74 0.032258
9 74 0.032258
16 74 0.032258
19 74 0.032258
30 74 0.032258
31 74 0.032258
34 74 0.032258
40 74 0.032258
46 74 0.032258
49 74 0.032258
52 74 0.032258
54 74 0.032258
57 74 0.032258
63 74 0.032258
67 74 0.032258
72 74 0.032258
79 74 0.032258
89 74 0.032258
90 74 0.032258
97 74 0.032258
98 74 0.032258
99 74 0.032258
102 74 0.032258
112 74 0.032258
114 74 0.032258
115 74 0.032258
117 74 0.032258
122 74 0.032258
126 74 0.032258
136 74 0.032258
145 74 0.032258
6 93 0.05
15 93 0.05
17 93 0.05
24 93 0.05
37 93 0.05
56 93 0.05
60 93 0.05
69 93 0.05
70 93 0.05
84 93 0.05
102 93 0.05
103 93 0.05
115 93 0.05
117 93 0.05
122 93 0.05
131 93 0.05
133 93 0.05
136 93 0.05
139 93 0.05
144 93 0.05
6 95 0.04
12 95 0.04
17 95 0.04
22 95 0.04
23 95 0.04
29 95 0.04
41 95 0.04
54 95 0.04
60 95 0.04
63 95 0.04
64 95 0.04
65 95 0.04
82 95 0.04
84 95 0.04
94 95 0.04
97 95 0.04
103 95 0.04
107 95 0.04
112 95 0.04
116 95 0.04
119 95 0.04
131 95 0.04
135 95 0.04
141 95 0.04
152 95 0.04
6 114 0.041667
47 114 0.041667
62 114 0.041667
73 114 0.041667
74 114 0.041667
79 114 0.041667
82 114 0.041667
85 114 0.041667
89 114 0.041667
90 114 0.041667
97 114 0.041667
100 114 0.041667
102 114 0.041667
103 114 0.041667
108 114 0.041667
117 114 0.041667
118 114 0.041667
121 114 0.041667
123 114 0.041667
126 114 0.041667
131 114 0.041667
139 114 0.041667
154 114 0.041667
161 114 0.041667
6 141 0.037037
8 141 0.037037
9 141 0.037037
23 141 0.037037
26 141 0.037037
27 141 0.037037
32 141 0.037037
40 141 0.037037
48 141 0.037037
49 141 0.037037
50 141 0.037037
66 141 0.037037
68 141 0.037037
73 141 0.037037
82 141 0.037037
95 141 0.037037
117 141 0.037037
120 141 0.037037
122 141 0.037037
138 141 0.037037
140 141 0.037037
143 141 0.037037
145 141 0.037037
150 141 0.037037
153 141 0.037037
158 141 0.037037
161 141 0.037037
6 149 0.05
14 149 0.05
16 149 0.05
17 149 0.05
19 149 0.05
28 149 0.05
30 149 0.05
34 149 0.05
38 149 0.05
40 149 0.05
41 149 0.05
46 149 0.05
49 149 0.05
53 149 0.05
68 149 0.05
69 149 0.05
73 149 0.05
122 149 0.05
125 149 0.05
135 149 0.05
6 157 0.052632
13 157 0.052632
23 157 0.052632
39 157 0.052632
46 157 0.052632
54 157 0.052632
56 157 0.052632
58 157 0.052632
70 157 0.052632
72 157 0.052632
82 157 0.052632
90 157 0.052632
98 157 0.052632
110 157 0.052632
118 157 0.052632
129 157 0.052632
145 157 0.052632
153 157 0.052632
155 157 0.052632
7 32 0.05
17 32 0.05
22 32 0.05
27 32 0.05
31 32 0.05
36 32 0.05
46 32 0.05
54 32 0.05
65 32 0.05
71 32 0.05
82 32 0.05
89 32 0.05
107 32 0.05
120 32 0.05
129 32 0.05
131 32 0.05
139 32 0.05
141 32 0.05
142 32 0.05
160 32 0.05
7 40 0.030303
9 40 0.030303
10 40 0.030303
14 40 0.030303
17 40 0.030303
18 40 0.030303
39 40 0.030303
47 40 0.030303
54 40 0.030303
58 40 0.030303
59 40 0.030303
64 40 0.030303
67 40 0.030303
69 40 0.030303
74 40 0.030303
79 40 0.030303
82 40 0.030303
84 40 0.030303
88 40 0.030303
94 40 0.030303
98 40 0.030303
108 40 0.030303
113 40 0.030303
120 40 0.030303
121 40 0.030303
129 40 0.030303
131 40 0.030303
136 40 0.030303
141 40 0.030303
143 40 0.030303
145 40 0.030303
147 40 0.030303
149 40 0.030303
7 45 0.038462
16 45 0.038462
17 45 0.038462
18 45 0.038462
23 45 0.038462
26 45 0.038462
28 45 0.038462
42 45 0.038462
44 45 0.038462
48 45 0.038462
50 45 0.038462
53 45 0.038462
61 45 0.038462
68 45 0.038462
72 45 0.038462
85 45 0.038462
97 45 0.038462
102 45 0.038462
111 45 0.038462
115 45 0.038462
117 45 0.038462
128 45 0.038462
132 45 0.038462
138 45 0.038462
139 45 0.038462
147 45 0.038462
7 50 0.037037
9 50 0.037037
10 50 0.037037
12 50 0.037037
16 50 0.037037
34 50 0.037037
45 50 0.037037
46 50 0.037037
52 50 0.037037
61 50 0.037037
62 50 0.037037
72 50 0.037037
76 50 0.037037
79 50 0.037037
81 50 0.037037
84 50 0.037037
89 50 0.037037
96 50 0.037037
104 50 0.037037
113 50 0.037037
122 50 0.037037
135 50 0.037037
141 50 0.037037
154 50 0.037037
155 50 0.037037
159 50 0.037037
160 50 0.037037
7 99 0.05
12 99 0.05
37 99 0.05
38 99 0.05
44 99 0.05
51 99 0.05
54 99 0.05
74 99 0.05
81 99 0.05
102 99 0.05
104 99 0.05
105 99 0.05
113 99 0.05
118 99 0.05
122 99 0.05
132 99 0.05
137 99 0.05
142 99 0.05
146 99 0.05
147 99 0.05
7 145 0.029412
10 145 0.029412
14 145 0.029412
17 145 0.029412
18 145 0.029412
22 145 0.029412
40 145 0.029412
42 145 0.029412
60 145 0.029412
61 145 0.029412
68 145 0.029412
74 145 0.029412
80 145 0.029412
83 145 0.029412
85 145 0.029412
96 145 0.029412
105 145 0.029412
106 145 0.029412
115 145 0.029412
116 145 0.029412
123 145 0.029412
124 145 0.029412
125 145 0.029412
131 145 0.029412
132 145 0.029412
137 145 0.029412
139 145 0.029412
141 145 0.029412
151 145 0.029412
154 145 0.029412
157 145 0.029412
159 145 0.029412
160 145 0.029412
161 145 0.029412
8 25 0.034483
11 25 0.034483
12 25 0.034483
23 25 0.034483
27 25 0.034483
28 25 0.034483
30 25 0.034483
38 25 0.034483
41 25 0.034483
49 25 0.034483
58 25 0.034483
61 25 0.034483
65 25 0.034483
68 25 0.034483
69 25 0.034483
71 25 0.034483
77 25 0.034483
79 25 0.034483
86 25 0.034483
92 25 0.034483
94 25 0.034483
109 25 0.034483
110 25 0.034483
132 25 0.034483
138 25 0.034483
143 25 0.034483
152 25 0.034483
153 25 0.034483
154 25 0.034483
8 89 0.03125
10 89 0.03125
12 89 0.03125
16 89 0.03125
18 89 0.03125
21 89 0.03125
29 89 0.03125
31 89 0.03125
32 89 0.03125
39 89 0.03125
42 89 0.03125
46 89 0.03125
47 89 0.03125
50 89 0.03125
62 89 0.03125
64 89 0.03125
73 89 0.03125
74 89 0.03125
80 89 0.03125
86 89 0.03125
88 89 0.03125
92 89 0.03125
114 89 0.03125
128 89 0.03125
129 89 0.03125
131 89 0.03125
138 89 0.03125
140 89 0.03125
146 89 0.03125
148 89 0.03125
158 89 0.03125
161 89 0.03125
8 105 0.058824
12 105 0.058824
14 105 0.058824
33 105 0.058824
64 105 0.058824
67 105 0.058824
83 105 0.058824
99 105 0.058824
109 105 0.058824
123 105 0.058824
125 105 0.058824
135 105 0.058824
145 105 0.058824
147 105 0.058824
151 105 0.058824
155 105 0.058824
159 105 0.058824
8 140 0.052632
9 140 0.052632
14 140 0.052632
22 140 0.052632
63 140 0.052632
66 140 0.052632
67 140 0.052632
75 140 0.052632
85 140 0.052632
87 140 0.052632
89 140 0.052632
103 140 0.052632
117 140 0.052632
121 140 0.052632
128 140 0.052632
139 140 0.052632
141 140 0.052632
148 140 0.052632
154 140 0.052632
9 148 0.038462
17 148 0.038462
28 148 0.038462
33 148 0.038462
36 148 0.038462
43 148 0.038462
47 148 0.038462
57 148 0.038462
60 148 0.038462
62 148 0.038462
68 148 0.038462
72 148 0.038462
75 148 0.038462
76 148 0.038462
77 148 0.038462
86 148 0.038462
89 148 0.038462
90 148 0.038462
119 148 0.038462
122 148 0.038462
124 148 0.038462
127 148 0.038462
140 148 0.038462
152 148 0.038462
159 148 0.038462
160 148 0.038462
10 47 0.052632
20 47 0.052632
30 47 0.052632
34 47 0.052632
38 47 0.052632
40 47 0.052632
46 47 0.052632
54 47 0.052632
57 47 0.052632
77 47 0.052632
86 47 0.052632
89 47 0.052632
97 47 0.052632
104 47 0.052632
114 47 0.052632
122 47 0.052632
143 47 0.052632
148 47 0.052632
159 47 0.052632
10 55 0.041667
13 55 0.041667
15 55 0.041667
22 55 0.041667
26 55 0.041667
37 55 0.041667
41 55 0.041667
53 55 0.041667
62 55 0.041667
69 55 0.041667
72 55 0.041667
84 55 0.041667
91 55 0.041667
98 55 0.041667
101 55 0.041667
102 55 0.041667
103 55 0.041667
112 55 0.041667
121 55 0.041667
122 55 0.041667
127 55 0.041667
129 55 0.041667
142 55 0.041667
147 55 0.041667
10 72 0.04
13 72 0.04
15 72 0.04
21 72 0.04
27 72 0.04
31 72 0.04
43 72 0.04
45 72 0.04
50 72 0.04
51 72 0.04
53 72 0.04
55 72 0.04
60 72 0.04
64 72 0.04
67 72 0.04
71 72 0.04
74 72 0.04
97 72 0.04
112 72 0.04
121 72 0.04
122 72 0.04
129 72 0.04
148 72 0.04
157 72 0.04
158 72 0.04
10 87 0.055556
53 87 0.055556
62 87 0.055556
67 87 0.055556
82 87 0.055556
88 87 0.055556
92 87 0.055556
101 87 0.055556
134 87 0.055556
139 87 0.055556
140 87 0.055556
143 87 0.055556
144 87 0.055556
146 87 0.055556
150 87 0.055556
151 87 0.055556
154 87 0.055556
156 87 0.055556
10 98 0.052632
12 98 0.052632
22 98 0.052632
31 98 0.052632
40 98 0.052632
43 98 0.052632
44 98 0.052632
51 98 0.052632
54 98 0.052632
55 98 0.052632
57 98 0.052632
74 98 0.052632
82 98 0.052632
91 98 0.052632
110 98 0.052632
137 98 0.052632
143 98 0.052632
152 98 0.052632
157 98 0.052632
10 120 0.043478
14 120 0.043478
19 120 0.043478
24 120 0.043478
32 120 0.043478
33 120 0.043478
40 120 0.043478
59 120 0.043478
60 120 0.043478
68 120 0.043478
86 120 0.043478
90 120 0.043478
91 120 0.043478
96 120 0.043478
101 120 0.043478
109 120 0.043478
122 120 0.043478
125 120 0.043478
137 120 0.043478
141 120 0.043478
147 120 0.043478
156 120 0.043478
158 120 0.043478
10 130 0.037037
14 130 0.037037
15 130 0.037037
18 130 0.037037
36 130 0.037037
39 130 0.037037
43 130 0.037037
71 130 0.037037
75 130 0.037037
76 130 0.037037
79 130 0.037037
90 130 0.037037
107 130 0.037037
112 130 0.037037
115 130 0.037037
121 130 0.037037
123 130 0.037037
128 130 0.037037
131 130 0.037037
134 130 0.037037
139 130 0.037037
143 130 0.037037
146 130 0.037037
151 130 0.037037
155 130 0.037037
156 130 0.037037
158 130 0.037037
11 18 0.041667
21 18 0.041667
40 18 0.041667
44 18 0.041667
45 18 0.041667
49 18 0.041667
51 18 0.041667
57 18 0.041667
71 18 0.041667
80 18 0.041667
88 18 0.041667
89 18 0.041667
101 18 0.041667
109 18 0.041667
116 18 0.041667
122 18 0.041667
123 18 0.041667
124 18 0.041667
129 18 0.041667
130 18 0.041667
134 18 0.041667
142 18 0.041667
145 18 0.041667
160 18 0.041667
11 23 0.055556
12 23 0.055556
13 23 0.055556
16 23 0.055556
25 23 0.055556
43 23 0.055556
45 23 0.055556
65 23 0.055556
71 23 0.055556
95 23 0.055556
104 23 0.055556
125 23 0.055556
129 23 0.055556
138 23 0.055556
141 23 0.055556
150 23 0.055556
151 23 0.055556
157 23 0.055556
11 66 0.034483
14 66 0.034483
20 66 0.034483
22 66 0.034483
30 66 0.034483
36 66 0.034483
42 66 0.034483
46 66 0.034483
51 66 0.034483
57 66 0.034483
63 66 0.034483
71 66 0.034483
76 66 0.034483
77 66 0.034483
82 66 0.034483
85 66 0.034483
86 66 0.034483
91 66 0.034483
92 66 0.034483
109 66 0.034483
111 66 0.034483
118 66 0.034483
125 66 0.034483
126 66 0.034483
129 66 0.034483
133 66 0.034483
140 66 0.034483
141 66 0.034483
146 66 0.034483
11 101 0.045455
18 101 0.045455
38 101 0.045455
44 101 0.045455
48 101 0.045455
53 101 0.045455
55 101 0.045455
60 101 0.045455
78 101 0.045455
83 101 0.045455
87 101 0.045455
92 101 0.045455
97 101 0.045455
103 101 0.045455
112 101 0.045455
120 101 0.045455
129 101 0.045455
133 101 0.045455
135 101 0.045455
139 101 0.045455
146 101 0.045455
154 101 0.045455
11 146 0.035714
17 146 0.035714
19 146 0.035714
28 146 0.035714
36 146 0.035714
46 146 0.035714
51 146 0.035714
59 146 0.035714
65 146 0.035714
66 146 0.035714
75 146 0.035714
77 146 0.035714
87 146 0.035714
89 146 0.035714
90 146 0.035714
96 146 0.035714
97 146 0.035714
99 146 0.035714
101 146 0.035714
112 146 0.035714
113 146 0.035714
115 146 0.035714
130 146 0.035714
133 146 0.035714
152 146 0.035714
153 146 0.035714
154 146 0.035714
161 146 0.035714
12 79 0.043478
15 79 0.043478
16 79 0.043478
20 79 0.043478
25 79 0.043478
30 79 0.043478
36 79 0.043478
40 79 0.043478
48 79 0.043478
50 79 0.043478
53 79 0.043478
54 79 0.043478
74 79 0.043478
77 79 0.043478
78 79 0.043478
82 79 0.043478
91 79 0.043478
100 79 0.043478
114 79 0.043478
129 79 0.043478
130 79 0.043478
133 79 0.043478
158 79 0.043478
12 111 0.052632
27 111 0.052632
37 111 0.052632
45 111 0.052632
46 111 0.052632
49 111 0.052632
53 111 0.052632
59 111 0.052632
66 111 0.052632
71 111 0.052632
80 111 0.052632
85 111 0.052632
86 111 0.052632
92 111 0.052632
97 111 0.052632
107 111 0.052632
125 111 0.052632
131 111 0.052632
150 111 0.052632
12 129 0.032258
13 129 0.032258
18 129 0.032258
19 129 0.032258
23 129 0.032258
32 129 0.032258
33 129 0.032258
36 129 0.032258
39 129 0.032258
40 129 0.032258
44 129 0.032258
55 129 0.032258
56 129 0.032258
62 129 0.032258
63 129 0.032258
66 129 0.032258
72 129 0.032258
77 129 0.032258
78 129 0.032258
79 129 0.032258
89 129 0.032258
96 129 0.032258
101 129 0.032258
104 129 0.032258
109 129 0.032258
115 129 0.032258
125 129 0.032258
127 129 0.032258
131 129 0.032258
152 129 0.032258
157 129 0.032258
12 147 0.04
13 147 0.04
19 147 0.04
34 147 0.04
40 147 0.04
45 147 0.04
52 147 0.04
54 147 0.04
55 147 0.04
61 147 0.04
68 147 0.04
84 147 0.04
92 147 0.04
94 147 0.04
99 147 0.04
103 147 0.04
105 147 0.04
107 147 0.04
108 147 0.04
120 147 0.04
121 147 0.04
124 147 0.04
151 147 0.04
155 147 0.04
160 147 0.04
13 28 0.058824
24 28 0.058824
25 28 0.058824
30 28 0.058824
36 28 0.058824
39 28 0.058824
45 28 0.058824
46 28 0.058824
52 28 0.058824
56 28 0.058824
63 28 0.058824
117 28 0.058824
121 28 0.058824
138 28 0.058824
146 28 0.058824
148 28 0.058824
149 28 0.058824
13 42 0.045455
20 42 0.045455
45 42 0.045455
51 42 0.045455
59 42 0.045455
64 42 0.045455
65 42 0.045455
66 42 0.045455
68 42 0.045455
71 42 0.045455
75 42 0.045455
76 42 0.045455
81 42 0.045455
89 42 0.045455
103 42 0.045455
104 42 0.045455
123 42 0.045455
126 42 0.045455
139 42 0.045455
143 42 0.045455
145 42 0.045455
151 42 0.045455
13 90 0.045455
17 90 0.045455
21 90 0.045455
31 90 0.045455
37 90 0.045455
54 90 0.045455
64 90 0.045455
74 90 0.045455
85 90 0.045455
92 90 0.045455
100 90 0.045455
114 90 0.045455
117 90 0.045455
120 90 0.045455
123 90 0.045455
128 90 0.045455
130 90 0.045455
135 90 0.045455
146 90 0.045455
148 90 0.045455
155 90 0.045455
157 90 0.045455
13 115 0.041667
17 115 0.041667
29 115 0.041667
41 115 0.041667
45 115 0.041667
53 115 0.041667
59 115 0.041667
74 115 0.041667
85 115 0.041667
91 115 0.041667
92 115 0.041667
93 115 0.041667
97 115 0.041667
106 115 0.041667
108 115 0.041667
112 115 0.041667
129 115 0.041667
130 115 0.041667
132 115 0.041667
133 115 0.041667
145 115 0.041667
146 115 0.041667
152 115 0.041667
153 115 0.041667
14 26 0.066667
33 26 0.066667
45 26 0.066667
49 26 0.066667
55 26 0.066667
63 26 0.066667
67 26 0.066667
69 26 0.066667
71 26 0.066667
82 26 0.066667
86 26 0.066667
106 26 0.066667
110 26 0.066667
116 26 0.066667
141 26 0.066667
14 30 0.034483
16 30 0.034483
19 30 0.034483
25 30 0.034483
27 30 0.034483
28 30 0.034483
36 30 0.034483
37 30 0.034483
43 30 0.034483
47 30 0.034483
60 30 0.034483
62 30 0.034483
66 30 0.034483
67 30 0.034483
74 30 0.034483
78 30 0.034483
79 30 0.034483
80 30 0.034483
85 30 0.034483
104 30 0.034483
106 30 0.034483
116 30 0.034483
122 30 0.034483
123 30 0.034483
139 30 0.034483
149 30 0.034483
152 30 0.034483
154 30 0.034483
161 30 0.034483
14 58 0.041667
17 58 0.041667
25 58 0.041667
27 58 0.041667
34 58 0.041667
37 58 0.041667
40 58 0.041667
41 58 0.041667
61 58 0.041667
65 58 0.041667
78 58 0.041667
84 58 0.041667
94 58 0.041667
100 58 0.041667
113 58 0.041667
123 58 0.041667
134 58 0.041667
135 58 0.041667
142 58 0.041667
155 58 0.041667
156 58 0.041667
157 58 0.041667
159 58 0.041667
161 58 0.041667
14 63 0.037037
26 63 0.037037
27 63 0.037037
28 63 0.037037
38 63 0.037037
48 63 0.037037
56 63 0.037037
57 63 0.037037
64 63 0.037037
66 63 0.037037
69 63 0.037037
73 63 0.037037
74 63 0.037037
76 63 0.037037
82 63 0.037037
86 63 0.037037
95 63 0.037037
113 63 0.037037
118 63 0.037037
122 63 0.037037
123 63 0.037037
129 63 0.037037
133 63 0.037037
136 63 0.037037
140 63 0.037037
158 63 0.037037
160 63 0.037037
14 110 0.041667
25 110 0.041667
26 110 0.041667
29 110 0.041667
33 110 0.041667
36 110 0.041667
37 110 0.041667
56 110 0.041667
57 110 0.041667
69 110 0.041667
70 110 0.041667
76 110 0.041667
98 110 0.041667
107 110 0.041667
112 110 0.041667
116 110 0.041667
117 110 0.041667
118 110 0.041667
121 110 0.041667
123 110 0.041667
127 110 0.041667
139 110 0.041667
156 110 0.041667
157 110 0.041667
14 136 0.058824
17 136 0.058824
20 136 0.058824
40 136 0.058824
60 136 0.058824
63 136 0.058824
71 136 0.058824
74 136 0.058824
77 136 0.058824
82 136 0.058824
85 136 0.058824
93 136 0.058824
134 136 0.058824
143 136 0.058824
144 136 0.058824
153 136 0.058824
161 136 0.058824
15 77 0.041667
24 77 0.041667
25 77 0.041667
33 77 0.041667
41 77 0.041667
43 77 0.041667
46 77 0.041667
47 77 0.041667
49 77 0.041667
52 77 0.041667
66 77 0.041667
69 77 0.041667
78 77 0.041667
79 77 0.041667
86 77 0.041667
97 77 0.041667
103 77 0.041667
117 77 0.041667
129 77 0.041667
136 77 0.041667
143 77 0.041667
144 77 0.041667
146 77 0.041667
148 77 0.041667
15 97 0.04
22 97 0.04
29 97 0.04
37 97 0.04
45 97 0.04
47 97 0.04
64 97 0.04
67 97 0.04
69 97 0.04
72 97 0.04
73 97 0.04
74 97 0.04
77 97 0.04
86 97 0.04
95 97 0.04
101 97 0.04
111 97 0.04
114 97 0.04
115 97 0.04
116 97 0.04
124 97 0.04
138 97 0.04
143 97 0.04
146 97 0.04
150 97 0.04
16 83 0.058824
24 83 0.058824
27 83 0.058824
31 83 0.058824
34 83 0.058824
80 83 0.058824
82 83 0.058824
85 83 0.058824
101 83 0.058824
103 83 0.058824
105 83 0.058824
112 83 0.058824
117 83 0.058824
118 83 0.058824
145 83 0.058824
152 83 0.058824
158 83 0.058824
17 91 0.052632
48 91 0.052632
49 91 0.052632
55 91 0.052632
60 91 0.052632
66 91 0.052632
76 91 0.052632
79 91 0.052632
84 91 0.052632
98 91 0.052632
107 91 0.052632
115 91 0.052632
116 91 0.052632
119 91 0.052632
120 91 0.052632
121 91 0.052632
137 91 0.052632
152 91 0.052632
158 91 0.052632
17 155 0.041667
27 155 0.041667
29 155 0.041667
49 155 0.041667
50 155 0.041667
51 155 0.041667
56 155 0.041667
58 155 0.041667
60 155 0.041667
65 155 0.041667
67 155 0.041667
69 155 0.041667
73 155 0.041667
84 155 0.041667
86 155 0.041667
90 155 0.041667
105 155 0.041667
122 155 0.041667
126 155 0.041667
130 155 0.041667
134 155 0.041667
147 155 0.041667
156 155 0.041667
157 155 0.041667
17 159 0.038462
19 159 0.038462
41 159 0.038462
47 159 0.038462
48 159 0.038462
50 159 0.038462
57 159 0.038462
58 159 0.038462
61 159 0.038462
69 159 0.038462
70 159 0.038462
71 159 0.038462
78 159 0.038462
81 159 0.038462
84 159 0.038462
85 159 0.038462
96 159 0.038462
102 159 0.038462
104 159 0.038462
105 159 0.038462
117 159 0.038462
122 159 0.038462
145 159 0.038462
148 159 0.038462
150 159 0.038462
152 159 0.038462
18 49 0.037037
25 49 0.037037
26 49 0.037037
34 49 0.037037
36 49 0.037037
37 49 0.037037
43 49 0.037037
74 49 0.037037
77 49 0.037037
86 49 0.037037
91 49 0.037037
102 49 0.037037
107 49 0.037037
109 49 0.037037
111 49 0.037037
113 49 0.037037
126 49 0.037037
127 49 0.037037
132 49 0.037037
139 49 0.037037
141 49 0.037037
142 49 0.037037
149 49 0.037037
152 49 0.037037
154 49 0.037037
155 49 0.037037
160 49 0.037037
18 80 0.0625
24 80 0.0625
30 80 0.0625
56 80 0.0625
68 80 0.0625
69 80 0.0625
81 80 0.0625
83 80 0.0625
89 80 0.0625
100 80 0.0625
106 80 0.0625
111 80 0.0625
117 80 0.0625
121 80 0.0625
125 80 0.0625
145 80 0.0625
19 151 0.052632
23 151 0.052632
31 151 0.052632
36 151 0.052632
42 151 0.052632
84 151 0.052632
87 151 0.052632
94 151 0.052632
100 151 0.052632
105 151 0.052632
107 151 0.052632
121 151 0.052632
126 151 0.052632
127 151 0.052632
130 151 0.052632
135 151 0.052632
145 151 0.052632
147 151 0.052632
154 151 0.052632
20 67 0.04
26 67 0.04
30 67 0.04
31 67 0.04
40 67 0.04
48 67 0.04
51 67 0.04
57 67 0.04
65 67 0.04
70 67 0.04
72 67 0.04
74 67 0.04
82 67 0.04
87 67 0.04
96 67 0.04
97 67 0.04
105 67 0.04
116 67 0.04
119 67 0.04
125 67 0.04
133 67 0.04
140 67 0.04
144 67 0.04
154 67 0.04
155 67 0.04
21 153 0.052632
25 153 0.052632
52 153 0.052632
70 153 0.052632
75 153 0.052632
76 153 0.052632
88 153 0.052632
94 153 0.052632
115 153 0.052632
116 153 0.052632
121 153 0.052632
123 153 0.052632
136 153 0.052632
141 153 0.052632
143 153 0.052632
146 153 0.052632
157 153 0.052632
158 153 0.052632
161 153 0.052632
24 41 0.0625
25 41 0.0625
27 41 0.0625
39 41 0.0625
55 41 0.0625
58 41 0.0625
65 41 0.0625
68 41 0.0625
69 41 0.0625
77 41 0.0625
94 41 0.0625
95 41 0.0625
115 41 0.0625
149 41 0.0625
156 41 0.0625
159 41 0.0625
26 106 0.066667
30 106 0.066667
39 106 0.066667
43 106 0.066667
68 106 0.066667
69 106 0.066667
73 106 0.066667
80 106 0.066667
84 106 0.066667
115 106 0.066667
122 106 0.066667
123 106 0.066667
138 106 0.066667
145 106 0.066667
156 106 0.066667
34 133 0.047619
38 133 0.047619
46 133 0.047619
52 133 0.047619
63 133 0.047619
66 133 0.047619
67 133 0.047619
68 133 0.047619
69 133 0.047619
71 133 0.047619
79 133 0.047619
82 133 0.047619
86 133 0.047619
93 133 0.047619
100 133 0.047619
101 133 0.047619
107 133 0.047619
115 133 0.047619
119 133 0.047619
135 133 0.047619
146 133 0.047619
16 0 0.038462
24 0 0.038462
27 0 0.038462
33 0 0.038462
38 0 0.038462
39 0 0.038462
51 0 0.038462
52 0 0.038462
59 0 0.038462
62 0 0.038462
65 0 0.038462
70 0 0.038462
85 0 0.038462
88 0 0.038462
100 0 0.038462
103 0 0.038462
112 0 0.038462
113 0 0.038462
116 0 0.038462
119 0 0.038462
121 0 0.038462
122 0 0.038462
123 0 0.038462
137 0 0.038462
143 0 0.038462
160 0 0.038462
6 1 0.041667
7 1 0.041667
10 1 0.041667
14 1 0.041667
15 1 0.041667
16 1 0.041667
17 1 0.041667
24 1 0.041667
29 1 0.041667
34 1 0.041667
39 1 0.041667
43 1 0.041667
44 1 0.041667
53 1 0.041667
57 1 0.041667
76 1 0.041667
92 1 0.041667
94 1 0.041667
108 1 0.041667
113 1 0.041667
122 1 0.041667
138 1 0.041667
150 1 0.041667
154 1 0.041667
6 2 0.052632
12 2 0.052632
16 2 0.052632
33 2 0.052632
35 2 0.052632
73 2 0.052632
85 2 0.052632
92 2 0.052632
94 2 0.052632
102 2 0.052632
107 2 0.052632
112 2 0.052632
113 2 0.052632
126 2 0.052632
132 2 0.052632
134 2 0.052632
139 2 0.052632
144 2 0.052632
160 2 0.052632
9 3 0.038462
11 3 0.038462
14 3 0.038462
16 3 0.038462
19 3 0.038462
21 3 0.038462
31 3 0.038462
34 3 0.038462
38 3 0.038462
48 3 0.038462
54 3 0.038462
61 3 0.038462
64 3 0.038462
69 3 0.038462
78 3 0.038462
81 3 0.038462
82 3 0.038462
94 3 0.038462
117 3 0.038462
118 3 0.038462
125 3 0.038462
128 3 0.038462
131 3 0.038462
142 3 0.038462
143 3 0.038462
156 3 0.038462
6 4 0.045455
11 4 0.045455
22 4 0.045455
27 4 0.045455
43 4 0.045455
44 4 0.045455
52 4 0.045455
61 4 0.045455
68 4 0.045455
69 4 0.045455
71 4 0.045455
85 4 0.045455
94 4 0.045455
100 4 0.045455
107 4 0.045455
127 4 0.045455
132 4 0.045455
135 4 0.045455
150 4 0.045455
156 4 0.045455
158 4 0.045455
161 4 0.045455
8 5 0.052632
20 5 0.052632
35 5 0.052632
37 5 0.052632
46 5 0.052632
51 5 0.052632
52 5 0.052632
57 5 0.052632
60 5 0.052632
75 5 0.052632
84 5 0.052632
86 5 0.052632
96 5 0.052632
104 5 0.052632
109 5 0.052632
117 5 0.052632
124 5 0.052632
135 5 0.052632
152 5 0.052632
20 13 0.045455
23 13 0.045455
27 13 0.045455
28 13 0.045455
42 13 0.045455
55 13 0.045455
61 13 0.045455
72 13 0.045455
82 13 0.045455
86 13 0.045455
90 13 0.045455
102 13 0.045455
108 13 0.045455
113 13 0.045455
115 13 0.045455
121 13 0.045455
125 13 0.045455
128 13 0.045455
129 13 0.045455
135 13 0.045455
147 13 0.045455
157 13 0.045455
