0 8 0.043478
1 8 0.043478
13 8 0.043478
14 8 0.043478
30 8 0.043478
32 8 0.043478
38 8 0.043478
41 8 0.043478
49 8 0.043478
58 8 0.043478
59 8 0.043478
65 8 0.043478
84 8 0.043478
89 8 0.043478
97 8 0.043478
106 8 0.043478
109 8 0.043478
115 8 0.043478
153 8 0.043478
158 8 0.043478
164 8 0.043478
167 8 0.043478
180 8 0.043478
0 10 0.037037
16 10 0.037037
20 10 0.037037
25 10 0.037037
36 10 0.037037
42 10 0.037037
44 10 0.037037
48 10 0.037037
61 10 0.037037
64 10 0.037037
69 10 0.037037
70 10 0.037037
84 10 0.037037
86 10 0.037037
89 10 0.037037
100 10 0.037037
102 10 0.037037
114 10 0.037037
115 10 0.037037
118 10 0.037037
127 10 0.037037
131 10 0.037037
157 10 0.037037
164 10 0.037037
170 10 0.037037
176 10 0.037037
177 10 0.037037
0 19 0.035714
4 19 0.035714
15 19 0.035714
16 19 0.035714
17 19 0.035714
27 19 0.035714
47 19 0.035714
49 19 0.035714
50 19 0.035714
57 19 0.035714
61 19 0.035714
63 19 0.035714
67 19 0.035714
70 19 0.035714
89 19 0.035714
95 19 0.035714
102 19 0.035714
106 19 0.035714
108 19 0.035714
114 19 0.035714
128 19 0.035714
138 19 0.035714
139 19 0.035714
144 19 0.035714
148 19 0.035714
149 19 0.035714
164 19 0.035714
169 19 0.035714
0 25 0.026316
5 25 0.026316
7 25 0.026316
10 25 0.026316
12 25 0.026316
30 25 0.026316
33 25 0.026316
34 25 0.026316
36 25 0.026316
46 25 0.026316
53 25 0.026316
55 25 0.026316
57 25 0.026316
59 25 0.026316
61 25 0.026316
62 25 0.026316
64 25 0.026316
67 25 0.026316
70 25 0.026316
76 25 0.026316
80 25 0.026316
99 25 0.026316
102 25 0.026316
109 25 0.026316
113 25 0.026316
114 25 0.026316
118 25 0.026316
122 25 0.026316
125 25 0.026316
128 25 0.026316
138 25 0.026316
145 25 0.026316
146 25 0.026316
149 25 0.026316
162 25 0.026316
163 25 0.026316
165 25 0.026316
166 25 0.026316
0 35 0.05
7 35 0.05
12 35 0.05
20 35 0.05
31 35 0.05
38 35 0.05
46 35 0.05
60 35 0.05
81 35 0.05
83 35 0.05
87 35 0.05
115 35 0.05
121 35 0.05
122 35 0.05
127 35 0.05
140 35 0.05
165 35 0.05
169 35 0.05
174 35 0.05
176 35 0.05
0 38 0.041667
7 38 0.041667
8 38 0.041667
16 38 0.041667
21 38 0.041667
26 38 0.041667
35 38 0.041667
40 38 0.041667
41 38 0.041667
42 38 0.041667
44 38 0.041667
50 38 0.041667
63 38 0.041667
69 38 0.041667
72 38 0.041667
81 38 0.041667
94 38 0.041667
109 38 0.041667
114 38 0.041667
120 38 0.041667
140 38 0.041667
156 38 0.041667
157 38 0.041667
177 38 0.041667
0 42 0.04
9 42 0.04
10 42 0.04
24 42 0.04
26 42 0.04
28 42 0.04
29 42 0.04
37 42 0.04
38 42 0.04
44 42 0.04
50 42 0.04
83 42 0.04
89 42 0.04
120 42 0.04
123 42 0.04
131 42 0.04
136 42 0.04
148 42 0.04
150 42 0.04
153 42 0.04
154 42 0.04
156 42 0.04
161 42 0.04
163 42 0.04
172 42 0.04
0 43 0.033333
20 43 0.033333
28 43 0.033333
40 43 0.033333
41 43 0.033333
51 43 0.033333
57 43 0.033333
61 43 0.033333
76 43 0.033333
83 43 0.033333
84 43 0.033333
89 43 0.033333
90 43 0.033333
92 43 0.033333
101 43 0.033333
107 43 0.033333
108 43 0.033333
121 43 0.033333
126 43 0.033333
128 43 0.033333
129 43 0.033333
130 43 0.033333
132 43 0.033333
139 43 0.033333
141 43 0.033333
145 43 0.033333
148 43 0.033333
150 43 0.033333
162 43 0.033333
163 43 0.033333
0 44 0.041667
3 44 0.041667
6 44 0.041667
10 44 0.041667
14 44 0.041667
15 44 0.041667
26 44 0.041667
38 44 0.041667
42 44 0.041667
47 44 0.041667
53 44 0.041667
61 44 0.041667
64 44 0.041667
85 44 0.041667
103 44 0.041667
122 44 0.041667
140 44 0.041667
142 44 0.041667
147 44 0.041667
156 44 0.041667
165 44 0.041667
166 44 0.041667
174 44 0.041667
178 44 0.041667
0 47 0.033333
2 47 0.033333
5 47 0.033333
11 47 0.033333
19 47 0.033333
27 47 0.033333
28 47 0.033333
31 47 0.033333
44 47 0.033333
46 47 0.033333
51 47 0.033333
55 47 0.033333
61 47 0.033333
68 47 0.033333
69 47 0.033333
76 47 0.033333
84 47 0.033333
92 47 0.033333
95 47 0.033333
97 47 0.033333
106 47 0.033333
124 47 0.033333
130 47 0.033333
139 47 0.033333
142 47 0.033333
143 47 0.033333
148 47 0.033333
149 47 0.033333
151 47 0.033333
156 47 0.033333
0 55 0.034483
2 55 0.034483
23 55 0.034483
24 55 0.034483
25 55 0.034483
32 55 0.034483
40 55 0.034483
47 55 0.034483
65 55 0.034483
70 55 0.034483
72 55 0.034483
75 55 0.034483
77 55 0.034483
80 55 0.034483
102 55 0.034483
111 55 0.034483
112 55 0.034483
119 55 0.034483
120 55 0.034483
134 55 0.034483
135 55 0.034483
137 55 0.034483
138 55 0.034483
142 55 0.034483
147 55 0.034483
164 55 0.034483
167 55 0.034483
179 55 0.034483
180 55 0.034483
0 56 0.027778
3 56 0.027778
6 56 0.027778
7 56 0.027778
29 56 0.027778
30 56 0.027778
31 56 0.027778
37 56 0.027778
45 56 0.027778
53 56 0.027778
59 56 0.027778
74 56 0.027778
79 56 0.027778
83 56 0.027778
91 56 0.027778
95 56 0.027778
102 56 0.027778
108 56 0.027778
118 56 0.027778
121 56 0.027778
131 56 0.027778
133 56 0.027778
138 56 0.027778
145 56 0.027778
153 56 0.027778
154 56 0.027778
156 56 0.027778
157 56 0.027778
160 56 0.027778
163 56 0.027778
165 56 0.027778
166 56 0.027778
167 56 0.027778
171 56 0.027778
174 56 0.027778
178 56 0.027778
0 60 0.041667
35 60 0.041667
41 60 0.041667
45 60 0.041667
51 60 0.041667
63 60 0.041667
67 60 0.041667
82 60 0.041667
84 60 0.041667
93 60 0.041667
97 60 0.041667
99 60 0.041667
102 60 0.041667
107 60 0.041667
110 60 0.041667
116 60 0.041667
133 60 0.041667
142 60 0.041667
144 60 0.041667
145 60 0.041667
147 60 0.041667
157 60 0.041667
161 60 0.041667
170 60 0.041667
0 64 0.04
10 64 0.04
22 64 0.04
24 64 0.04
25 64 0.04
26 64 0.04
31 64 0.04
32 64 0.04
44 64 0.04
70 64 0.04
78 64 0.04
82 64 0.04
90 64 0.04
93 64 0.04
94 64 0.04
98 64 0.04
101 64 0.04
117 64 0.04
128 64 0.04
130 64 0.04
148 64 0.04
164 64 0.04
166 64 0.04
169 64 0.04
170 64 0.04
0 65 0.029412
7 65 0.029412
8 65 0.029412
13 65 0.029412
14 65 0.029412
16 65 0.029412
27 65 0.029412
30 65 0.029412
34 65 0.029412
40 65 0.029412
53 65 0.029412
55 65 0.029412
58 65 0.029412
61 65 0.029412
67 65 0.029412
73 65 0.029412
76 65 0.029412
82 65 0.029412
87 65 0.029412
89 65 0.029412
94 65 0.029412
95 65 0.029412
103 65 0.029412
120 65 0.029412
131 65 0.029412
132 65 0.029412
134 65 0.029412
150 65 0.029412
156 65 0.029412
162 65 0.029412
166 65 0.029412
167 65 0.029412
170 65 0.029412
177 65 0.029412
0 68 0.03125
7 68 0.03125
9 68 0.03125
21 68 0.03125
27 68 0.03125
29 68 0.03125
31 68 0.03125
39 68 0.03125
41 68 0.03125
45 68 0.03125
47 68 0.03125
50 68 0.03125
51 68 0.03125
57 68 0.03125
61 68 0.03125
69 68 0.03125
74 68 0.03125
78 68 0.03125
94 68 0.03125
101 68 0.03125
105 68 0.03125
113 68 0.03125
114 68 0.03125
133 68 0.03125
138 68 0.03125
143 68 0.03125
146 68 0.03125
154 68 0.03125
161 68 0.03125
163 68 0.03125
173 68 0.03125
178 68 0.03125
0 70 0.028571
4 70 0.028571
5 70 0.028571
6 70 0.028571
10 70 0.028571
14 70 0.028571
15 70 0.028571
18 70 0.028571
19 70 0.028571
25 70 0.028571
27 70 0.028571
28 70 0.028571
30 70 0.028571
49 70 0.028571
52 70 0.028571
55 70 0.028571
62 70 0.028571
64 70 0.028571
67 70 0.028571
71 70 0.028571
72 70 0.028571
73 70 0.028571
83 70 0.028571
89 70 0.028571
99 70 0.028571
100 70 0.028571
103 70 0.028571
108 70 0.028571
127 70 0.028571
141 70 0.028571
151 70 0.028571
155 70 0.028571
170 70 0.028571
172 70 0.028571
173 70 0.028571
0 74 0.04
5 74 0.04
16 74 0.04
24 74 0.04
56 74 0.04
58 74 0.04
59 74 0.04
63 74 0.04
68 74 0.04
75 74 0.04
76 74 0.04
77 74 0.04
85 74 0.04
93 74 0.04
94 74 0.04
96 74 0.04
118 74 0.04
131 74 0.04
134 74 0.04
141 74 0.04
143 74 0.04
145 74 0.04
146 74 0.04
153 74 0.04
165 74 0.04
0 82 0.033333
3 82 0.033333
16 82 0.033333
17 82 0.033333
21 82 0.033333
33 82 0.033333
37 82 0.033333
45 82 0.033333
54 82 0.033333
57 82 0.033333
60 82 0.033333
63 82 0.033333
64 82 0.033333
65 82 0.033333
75 82 0.033333
88 82 0.033333
106 82 0.033333
108 82 0.033333
110 82 0.033333
114 82 0.033333
117 82 0.033333
138 82 0.033333
142 82 0.033333
146 82 0.033333
147 82 0.033333
159 82 0.033333
169 82 0.033333
170 82 0.033333
177 82 0.033333
178 82 0.033333
0 83 0.037037
1 83 0.037037
13 83 0.037037
14 83 0.037037
28 83 0.037037
35 83 0.037037
42 83 0.037037
43 83 0.037037
56 83 0.037037
57 83 0.037037
59 83 0.037037
63 83 0.037037
70 83 0.037037
76 83 0.037037
77 83 0.037037
86 83 0.037037
98 83 0.037037
112 83 0.037037
116 83 0.037037
123 83 0.037037
143 83 0.037037
148 83 0.037037
152 83 0.037037
166 83 0.037037
172 83 0.037037
176 83 0.037037
180 83 0.037037
0 87 0.032258
4 87 0.032258
15 87 0.032258
20 87 0.032258
21 87 0.032258
24 87 0.032258
26 87 0.032258
27 87 0.032258
35 87 0.032258
40 87 0.032258
57 87 0.032258
65 87 0.032258
67 87 0.032258
76 87 0.032258
84 87 0.032258
94 87 0.032258
102 87 0.032258
105 87 0.032258
114 87 0.032258
123 87 0.032258
133 87 0.032258
138 87 0.032258
143 87 0.032258
145 87 0.032258
148 87 0.032258
150 87 0.032258
162 87 0.032258
166 87 0.032258
167 87 0.032258
172 87 0.032258
173 87 0.032258
0 93 0.052632
2 93 0.052632
13 93 0.052632
15 93 0.052632
21 93 0.052632
60 93 0.052632
61 93 0.052632
64 93 0.052632
74 93 0.052632
77 93 0.052632
107 93 0.052632
128 93 0.052632
129 93 0.052632
135 93 0.052632
137 93 0.052632
138 93 0.052632
151 93 0.052632
154 93 0.052632
176 93 0.052632
0 100 0.041667
4 100 0.041667
6 100 0.041667
7 100 0.041667
10 100 0.041667
17 100 0.041667
37 100 0.041667
40 100 0.041667
41 100 0.041667
52 100 0.041667
54 100 0.041667
59 100 0.041667
70 100 0.041667
98 100 0.041667
108 100 0.041667
112 100 0.041667
122 100 0.041667
133 100 0.041667
137 100 0.041667
139 100 0.041667
141 100 0.041667
163 100 0.041667
170 100 0.041667
179 100 0.041667
0 108 0.03125
3 108 0.03125
17 108 0.03125
19 108 0.03125
23 108 0.03125
43 108 0.03125
56 108 0.03125
70 108 0.03125
76 108 0.03125
77 108 0.03125
79 108 0.03125
82 108 0.03125
88 108 0.03125
92 108 0.03125
94 108 0.03125
100 108 0.03125
102 108 0.03125
103 108 0.03125
141 108 0.03125
144 108 0.03125
145 108 0.03125
147 108 0.03125
148 108 0.03125
151 108 0.03125
153 108 0.03125
154 108 0.03125
157 108 0.03125
162 108 0.03125
167 108 0.03125
169 108 0.03125
177 108 0.03125
180 108 0.03125
0 116 0.038462
16 116 0.038462
18 116 0.038462
27 116 0.038462
46 116 0.038462
50 116 0.038462
60 116 0.038462
63 116 0.038462
66 116 0.038462
67 116 0.038462
78 116 0.038462
83 116 0.038462
90 116 0.038462
91 116 0.038462
94 116 0.038462
95 116 0.038462
104 116 0.038462
131 116 0.038462
139 116 0.038462
143 116 0.038462
144 116 0.038462
155 116 0.038462
156 116 0.038462
158 116 0.038462
166 116 0.038462
175 116 0.038462
0 119 0.043478
1 119 0.043478
3 119 0.043478
13 119 0.043478
26 119 0.043478
52 119 0.043478
55 119 0.043478
57 119 0.043478
62 119 0.043478
66 119 0.043478
95 119 0.043478
120 119 0.043478
127 119 0.043478
129 119 0.043478
130 119 0.043478
134 119 0.043478
146 119 0.043478
151 119 0.043478
158 119 0.043478
162 119 0.043478
172 119 0.043478
175 119 0.043478
178 119 0.043478
0 126 0.041667
15 126 0.041667
32 126 0.041667
43 126 0.041667
54 126 0.041667
58 126 0.041667
63 126 0.041667
75 126 0.041667
81 126 0.041667
86 126 0.041667
95 126 0.041667
96 126 0.041667
110 126 0.041667
114 126 0.041667
122 126 0.041667
123 126 0.041667
128 126 0.041667
133 126 0.041667
136 126 0.041667
137 126 0.041667
141 126 0.041667
143 126 0.041667
164 126 0.041667
167 126 0.041667
0 136 0.038462
5 136 0.038462
12 136 0.038462
13 136 0.038462
15 136 0.038462
22 136 0.038462
24 136 0.038462
31 136 0.038462
36 136 0.038462
42 136 0.038462
45 136 0.038462
61 136 0.038462
85 136 0.038462
96 136 0.038462
112 136 0.038462
118 136 0.038462
123 136 0.038462
126 136 0.038462
135 136 0.038462
147 136 0.038462
148 136 0.038462
153 136 0.038462
158 136 0.038462
170 136 0.038462
174 136 0.038462
175 136 0.038462
0 139 0.033333
11 139 0.033333
19 139 0.033333
30 139 0.033333
32 139 0.033333
39 139 0.033333
43 139 0.033333
47 139 0.033333
71 139 0.033333
72 139 0.033333
76 139 0.033333
78 139 0.033333
79 139 0.033333
80 139 0.033333
97 139 0.033333
100 139 0.033333
106 139 0.033333
107 139 0.033333
114 139 0.033333
116 139 0.033333
132 139 0.033333
137 139 0.033333
142 139 0.033333
145 139 0.033333
147 139 0.033333
161 139 0.033333
166 139 0.033333
172 139 0.033333
177 139 0.033333
180 139 0.033333
0 147 0.034483
1 147 0.034483
2 147 0.034483
7 147 0.034483
12 147 0.034483
20 147 0.034483
21 147 0.034483
24 147 0.034483
44 147 0.034483
50 147 0.034483
55 147 0.034483
60 147 0.034483
78 147 0.034483
81 147 0.034483
82 147 0.034483
84 147 0.034483
102 147 0.034483
106 147 0.034483
108 147 0.034483
114 147 0.034483
120 147 0.034483
128 147 0.034483
130 147 0.034483
131 147 0.034483
136 147 0.034483
139 147 0.034483
143 147 0.034483
160 147 0.034483
175 147 0.034483
0 151 0.034483
13 151 0.034483
18 151 0.034483
20 151 0.034483
28 151 0.034483
37 151 0.034483
47 151 0.034483
53 151 0.034483
54 151 0.034483
57 151 0.034483
61 151 0.034483
63 151 0.034483
70 151 0.034483
72 151 0.034483
84 151 0.034483
86 151 0.034483
89 151 0.034483
93 151 0.034483
98 151 0.034483
99 151 0.034483
105 151 0.034483
108 151 0.034483
109 151 0.034483
111 151 0.034483
117 151 0.034483
119 151 0.034483
138 151 0.034483
166 151 0.034483
179 151 0.034483
0 155 0.045455
1 155 0.045455
12 155 0.045455
23 155 0.045455
33 155 0.045455
41 155 0.045455
59 155 0.045455
70 155 0.045455
71 155 0.045455
77 155 0.045455
95 155 0.045455
101 155 0.045455
102 155 0.045455
110 155 0.045455
116 155 0.045455
125 155 0.045455
137 155 0.045455
142 155 0.045455
146 155 0.045455
149 155 0.045455
157 155 0.045455
177 155 0.045455
0 167 0.038462
6 167 0.038462
8 167 0.038462
15 167 0.038462
27 167 0.038462
34 167 0.038462
55 167 0.038462
56 167 0.038462
65 167 0.038462
73 167 0.038462
78 167 0.038462
87 167 0.038462
96 167 0.038462
102 167 0.038462
108 167 0.038462
120 167 0.038462
122 167 0.038462
126 167 0.038462
128 167 0.038462
132 167 0.038462
134 167 0.038462
140 167 0.038462
153 167 0.038462
157 167 0.038462
161 167 0.038462
163 167 0.038462
0 175 0.047619
5 175 0.047619
15 175 0.047619
34 175 0.047619
36 175 0.047619
39 175 0.047619
54 175 0.047619
62 175 0.047619
80 175 0.047619
106 175 0.047619
116 175 0.047619
119 175 0.047619
130 175 0.047619
135 175 0.047619
136 175 0.047619
141 175 0.047619
147 175 0.047619
157 175 0.047619
163 175 0.047619
168 175 0.047619
176 175 0.047619
1 2 0.04
9 2 0.04
13 2 0.04
22 2 0.04
26 2 0.04
39 2 0.04
47 2 0.04
52 2 0.04
55 2 0.04
62 2 0.04
69 2 0.04
93 2 0.04
120 2 0.04
123 2 0.04
127 2 0.04
129 2 0.04
145 2 0.04
147 2 0.04
148 2 0.04
154 2 0.04
156 2 0.04
157 2 0.04
158 2 0.04
177 2 0.04
178 2 0.04
1 9 0.045455
2 9 0.045455
15 9 0.045455
22 9 0.045455
23 9 0.045455
26 9 0.045455
32 9 0.045455
34 9 0.045455
42 9 0.045455
54 9 0.045455
59 9 0.045455
63 9 0.045455
68 9 0.045455
79 9 0.045455
95 9 0.045455
96 9 0.045455
131 9 0.045455
133 9 0.045455
169 9 0.045455
177 9 0.045455
178 9 0.045455
179 9 0.045455
1 11 0.043478
6 11 0.043478
7 11 0.043478
26 11 0.043478
40 11 0.043478
47 11 0.043478
49 11 0.043478
57 11 0.043478
58 11 0.043478
61 11 0.043478
62 11 0.043478
67 11 0.043478
78 11 0.043478
98 11 0.043478
110 11 0.043478
113 11 0.043478
114 11 0.043478
122 11 0.043478
125 11 0.043478
129 11 0.043478
139 11 0.043478
142 11 0.043478
160 11 0.043478
1 14 0.034483
8 14 0.034483
16 14 0.034483
29 14 0.034483
33 14 0.034483
39 14 0.034483
44 14 0.034483
50 14 0.034483
58 14 0.034483
65 14 0.034483
67 14 0.034483
70 14 0.034483
72 14 0.034483
75 14 0.034483
79 14 0.034483
83 14 0.034483
105 14 0.034483
106 14 0.034483
110 14 0.034483
114 14 0.034483
123 14 0.034483
135 14 0.034483
137 14 0.034483
141 14 0.034483
161 14 0.034483
162 14 0.034483
165 14 0.034483
173 14 0.034483
176 14 0.034483
1 26 0.03125
2 26 0.03125
7 26 0.03125
9 26 0.03125
11 26 0.03125
30 26 0.03125
31 26 0.03125
34 26 0.03125
37 26 0.03125
38 26 0.03125
41 26 0.03125
42 26 0.03125
44 26 0.03125
46 26 0.03125
50 26 0.03125
53 26 0.03125
64 26 0.03125
76 26 0.03125
87 26 0.03125
94 26 0.03125
104 26 0.03125
105 26 0.03125
119 26 0.03125
120 26 0.03125
123 26 0.03125
127 26 0.03125
137 26 0.03125
154 26 0.03125
161 26 0.03125
165 26 0.03125
170 26 0.03125
173 26 0.03125
1 30 0.035714
5 30 0.035714
6 30 0.035714
8 30 0.035714
12 30 0.035714
23 30 0.035714
24 30 0.035714
25 30 0.035714
26 30 0.035714
34 30 0.035714
45 30 0.035714
51 30 0.035714
56 30 0.035714
65 30 0.035714
66 30 0.035714
70 30 0.035714
85 30 0.035714
86 30 0.035714
92 30 0.035714
110 30 0.035714
125 30 0.035714
139 30 0.035714
141 30 0.035714
146 30 0.035714
161 30 0.035714
164 30 0.035714
169 30 0.035714
171 30 0.035714
1 32 0.032258
8 32 0.032258
9 32 0.032258
20 32 0.032258
29 32 0.032258
40 32 0.032258
46 32 0.032258
51 32 0.032258
55 32 0.032258
62 32 0.032258
63 32 0.032258
64 32 0.032258
79 32 0.032258
81 32 0.032258
86 32 0.032258
95 32 0.032258
102 32 0.032258
110 32 0.032258
111 32 0.032258
113 32 0.032258
115 32 0.032258
120 32 0.032258
121 32 0.032258
126 32 0.032258
138 32 0.032258
139 32 0.032258
143 32 0.032258
148 32 0.032258
152 32 0.032258
163 32 0.032258
174 32 0.032258
1 45 0.028571
20 45 0.028571
23 45 0.028571
24 45 0.028571
27 45 0.028571
30 45 0.028571
31 45 0.028571
33 45 0.028571
49 45 0.028571
56 45 0.028571
60 45 0.028571
62 45 0.028571
68 45 0.028571
82 45 0.028571
84 45 0.028571
86 45 0.028571
97 45 0.028571
99 45 0.028571
102 45 0.028571
103 45 0.028571
104 45 0.028571
111 45 0.028571
112 45 0.028571
114 45 0.028571
115 45 0.028571
118 45 0.028571
123 45 0.028571
128 45 0.028571
136 45 0.028571
138 45 0.028571
142 45 0.028571
156 45 0.028571
159 45 0.028571
168 45 0.028571
179 45 0.028571
1 48 0.034483
5 48 0.034483
6 48 0.034483
10 48 0.034483
12 48 0.034483
22 48 0.034483
29 48 0.034483
34 48 0.034483
37 48 0.034483
57 48 0.034483
58 48 0.034483
59 48 0.034483
61 48 0.034483
67 48 0.034483
75 48 0.034483
94 48 0.034483
96 48 0.034483
98 48 0.034483
99 48 0.034483
117 48 0.034483
132 48 0.034483
135 48 0.034483
138 48 0.034483
142 48 0.034483
143 48 0.034483
145 48 0.034483
157 48 0.034483
162 48 0.034483
166 48 0.034483
1 59 0.032258
8 59 0.032258
9 59 0.032258
12 59 0.032258
13 59 0.032258
25 59 0.032258
31 59 0.032258
36 59 0.032258
40 59 0.032258
41 59 0.032258
48 59 0.032258
50 59 0.032258
51 59 0.032258
56 59 0.032258
61 59 0.032258
74 59 0.032258
75 59 0.032258
79 59 0.032258
83 59 0.032258
84 59 0.032258
96 59 0.032258
100 59 0.032258
138 59 0.032258
142 59 0.032258
145 59 0.032258
153 59 0.032258
155 59 0.032258
156 59 0.032258
158 59 0.032258
170 59 0.032258
174 59 0.032258
1 71 0.052632
15 71 0.052632
33 71 0.052632
46 71 0.052632
49 71 0.052632
70 71 0.052632
86 71 0.052632
88 71 0.052632
96 71 0.052632
98 71 0.052632
121 71 0.052632
122 71 0.052632
127 71 0.052632
130 71 0.052632
139 71 0.052632
155 71 0.052632
170 71 0.052632
171 71 0.052632
174 71 0.052632
1 75 0.041667
12 75 0.041667
14 75 0.041667
34 75 0.041667
48 75 0.041667
55 75 0.041667
59 75 0.041667
73 75 0.041667
74 75 0.041667
78 75 0.041667
82 75 0.041667
85 75 0.041667
101 75 0.041667
102 75 0.041667
105 75 0.041667
111 75 0.041667
114 75 0.041667
126 75 0.041667
128 75 0.041667
131 75 0.041667
132 75 0.041667
134 75 0.041667
173 75 0.041667
174 75 0.041667
1 84 0.032258
8 84 0.032258
10 84 0.032258
20 84 0.032258
24 84 0.032258
43 84 0.032258
45 84 0.032258
47 84 0.032258
53 84 0.032258
59 84 0.032258
60 84 0.032258
61 84 0.032258
63 84 0.032258
67 84 0.032258
69 84 0.032258
73 84 0.032258
87 84 0.032258
97 84 0.032258
101 84 0.032258
106 84 0.032258
113 84 0.032258
129 84 0.032258
137 84 0.032258
140 84 0.032258
146 84 0.032258
147 84 0.032258
151 84 0.032258
166 84 0.032258
176 84 0.032258
178 84 0.032258
179 84 0.032258
1 85 0.038462
16 85 0.038462
24 85 0.038462
30 85 0.038462
31 85 0.038462
33 85 0.038462
34 85 0.038462
36 85 0.038462
44 85 0.038462
69 85 0.038462
74 85 0.038462
75 85 0.038462
79 85 0.038462
86 85 0.038462
94 85 0.038462
101 85 0.038462
111 85 0.038462
114 85 0.038462
122 85 0.038462
123 85 0.038462
127 85 0.038462
131 85 0.038462
136 85 0.038462
153 85 0.038462
157 85 0.038462
160 85 0.038462
1 103 0.04
12 103 0.04
44 103 0.04
45 103 0.04
54 103 0.04
58 103 0.04
65 103 0.04
67 103 0.04
70 103 0.04
79 103 0.04
81 103 0.04
90 103 0.04
94 103 0.04
97 103 0.04
106 103 0.04
108 103 0.04
111 103 0.04
117 103 0.04
118 103 0.04
125 103 0.04
135 103 0.04
150 103 0.04
152 103 0.04
157 103 0.04
161 103 0.04
1 104 0.035714
5 104 0.035714
17 104 0.035714
18 104 0.035714
24 104 0.035714
26 104 0.035714
45 104 0.035714
57 104 0.035714
61 104 0.035714
62 104 0.035714
72 104 0.035714
91 104 0.035714
98 104 0.035714
99 104 0.035714
102 104 0.035714
111 104 0.035714
113 104 0.035714
116 104 0.035714
122 104 0.035714
130 104 0.035714
134 104 0.035714
135 104 0.035714
145 104 0.035714
153 104 0.035714
161 104 0.035714
163 104 0.035714
170 104 0.035714
176 104 0.035714
1 106 0.037037
8 106 0.037037
14 106 0.037037
19 106 0.037037
47 106 0.037037
51 106 0.037037
54 106 0.037037
61 106 0.037037
82 106 0.037037
84 106 0.037037
90 106 0.037037
96 106 0.037037
103 106 0.037037
118 106 0.037037
125 106 0.037037
127 106 0.037037
131 106 0.037037
134 106 0.037037
139 106 0.037037
140 106 0.037037
144 106 0.037037
145 106 0.037037
147 106 0.037037
156 106 0.037037
161 106 0.037037
162 106 0.037037
175 106 0.037037
1 125 0.030303
5 125 0.030303
7 125 0.030303
11 125 0.030303
23 125 0.030303
25 125 0.030303
30 125 0.030303
34 125 0.030303
46 125 0.030303
57 125 0.030303
77 125 0.030303
81 125 0.030303
89 125 0.030303
95 125 0.030303
97 125 0.030303
98 125 0.030303
103 125 0.030303
105 125 0.030303
106 125 0.030303
107 125 0.030303
114 125 0.030303
124 125 0.030303
129 125 0.030303
130 125 0.030303
134 125 0.030303
140 125 0.030303
146 125 0.030303
155 125 0.030303
159 125 0.030303
164 125 0.030303
166 125 0.030303
168 125 0.030303
169 125 0.030303
1 131 0.035714
9 131 0.035714
10 131 0.035714
29 131 0.035714
36 131 0.035714
42 131 0.035714
46 131 0.035714
52 131 0.035714
54 131 0.035714
56 131 0.035714
63 131 0.035714
65 131 0.035714
74 131 0.035714
75 131 0.035714
85 131 0.035714
91 131 0.035714
106 131 0.035714
112 131 0.035714
116 131 0.035714
133 131 0.035714
134 131 0.035714
140 131 0.035714
147 131 0.035714
165 131 0.035714
166 131 0.035714
171 131 0.035714
176 131 0.035714
179 131 0.035714
1 148 0.03125
2 148 0.03125
13 148 0.03125
19 148 0.03125
32 148 0.03125
33 148 0.03125
34 148 0.03125
42 148 0.03125
43 148 0.03125
47 148 0.03125
50 148 0.03125
53 148 0.03125
63 148 0.03125
64 148 0.03125
83 148 0.03125
87 148 0.03125
98 148 0.03125
108 148 0.03125
109 148 0.03125
111 148 0.03125
113 148 0.03125
115 148 0.03125
121 148 0.03125
130 148 0.03125
136 148 0.03125
138 148 0.03125
146 148 0.03125
150 148 0.03125
152 148 0.03125
156 148 0.03125
157 148 0.03125
160 148 0.03125
1 150 0.037037
7 150 0.037037
16 150 0.037037
21 150 0.037037
36 150 0.037037
40 150 0.037037
42 150 0.037037
43 150 0.037037
54 150 0.037037
63 150 0.037037
65 150 0.037037
78 150 0.037037
87 150 0.037037
90 150 0.037037
96 150 0.037037
103 150 0.037037
112 150 0.037037
117 150 0.037037
121 150 0.037037
128 150 0.037037
130 150 0.037037
132 150 0.037037
148 150 0.037037
152 150 0.037037
153 150 0.037037
154 150 0.037037
172 150 0.037037
1 154 0.037037
2 154 0.037037
12 154 0.037037
16 154 0.037037
17 154 0.037037
26 154 0.037037
34 154 0.037037
42 154 0.037037
46 154 0.037037
49 154 0.037037
56 154 0.037037
68 154 0.037037
78 154 0.037037
86 154 0.037037
91 154 0.037037
93 154 0.037037
101 154 0.037037
108 154 0.037037
111 154 0.037037
112 154 0.037037
140 154 0.037037
142 154 0.037037
149 154 0.037037
150 154 0.037037
157 154 0.037037
160 154 0.037037
177 154 0.037037
1 170 0.033333
10 170 0.033333
12 170 0.033333
16 170 0.033333
21 170 0.033333
23 170 0.033333
24 170 0.033333
26 170 0.033333
29 170 0.033333
54 170 0.033333
59 170 0.033333
60 170 0.033333
64 170 0.033333
65 170 0.033333
70 170 0.033333
71 170 0.033333
79 170 0.033333
82 170 0.033333
88 170 0.033333
97 170 0.033333
100 170 0.033333
104 170 0.033333
111 170 0.033333
127 170 0.033333
128 170 0.033333
136 170 0.033333
146 170 0.033333
156 170 0.033333
159 170 0.033333
168 170 0.033333
2 13 0.04
7 13 0.04
8 13 0.04
17 13 0.04
39 13 0.04
40 13 0.04
52 13 0.04
59 13 0.04
65 13 0.04
76 13 0.04
83 13 0.04
93 13 0.04
94 13 0.04
99 13 0.04
107 13 0.04
113 13 0.04
118 13 0.04
119 13 0.04
132 13 0.04
136 13 0.04
148 13 0.04
151 13 0.04
160 13 0.04
165 13 0.04
176 13 0.04
2 22 0.052632
9 22 0.052632
34 22 0.052632
36 22 0.052632
48 22 0.052632
64 22 0.052632
88 22 0.052632
89 22 0.052632
90 22 0.052632
96 22 0.052632
97 22 0.052632
111 22 0.052632
127 22 0.052632
136 22 0.052632
149 22 0.052632
158 22 0.052632
174 22 0.052632
177 22 0.052632
180 22 0.052632
2 39 0.043478
13 39 0.043478
14 39 0.043478
20 39 0.043478
27 39 0.043478
28 39 0.043478
29 39 0.043478
37 39 0.043478
46 39 0.043478
61 39 0.043478
68 39 0.043478
73 39 0.043478
78 39 0.043478
113 39 0.043478
127 39 0.043478
139 39 0.043478
143 39 0.043478
146 39 0.043478
156 39 0.043478
174 39 0.043478
175 39 0.043478
178 39 0.043478
179 39 0.043478
2 52 0.034483
4 52 0.034483
6 52 0.034483
13 52 0.034483
41 52 0.034483
46 52 0.034483
54 52 0.034483
70 52 0.034483
77 52 0.034483
80 52 0.034483
86 52 0.034483
89 52 0.034483
94 52 0.034483
100 52 0.034483
105 52 0.034483
114 52 0.034483
115 52 0.034483
119 52 0.034483
120 52 0.034483
124 52 0.034483
127 52 0.034483
130 52 0.034483
131 52 0.034483
140 52 0.034483
145 52 0.034483
146 52 0.034483
161 52 0.034483
165 52 0.034483
169 52 0.034483
2 62 0.052632
3 62 0.052632
11 62 0.052632
25 62 0.052632
32 62 0.052632
41 62 0.052632
45 62 0.052632
61 62 0.052632
66 62 0.052632
70 62 0.052632
104 62 0.052632
111 62 0.052632
117 62 0.052632
119 62 0.052632
121 62 0.052632
149 62 0.052632
153 62 0.052632
157 62 0.052632
175 62 0.052632
2 69 0.037037
10 69 0.037037
12 69 0.037037
15 69 0.037037
33 69 0.037037
38 69 0.037037
47 69 0.037037
61 69 0.037037
66 69 0.037037
68 69 0.037037
72 69 0.037037
77 69 0.037037
79 69 0.037037
84 69 0.037037
85 69 0.037037
91 69 0.037037
115 69 0.037037
118 69 0.037037
128 69 0.037037
134 69 0.037037
140 69 0.037037
141 69 0.037037
157 69 0.037037
162 69 0.037037
164 69 0.037037
177 69 0.037037
180 69 0.037037
2 120 0.035714
3 120 0.035714
5 120 0.035714
26 120 0.035714
27 120 0.035714
28 120 0.035714
32 120 0.035714
36 120 0.035714
37 120 0.035714
38 120 0.035714
42 120 0.035714
46 120 0.035714
52 120 0.035714
55 120 0.035714
57 120 0.035714
65 120 0.035714
73 120 0.035714
97 120 0.035714
112 120 0.035714
119 120 0.035714
137 120 0.035714
138 120 0.035714
147 120 0.035714
163 120 0.035714
165 120 0.035714
167 120 0.035714
168 120 0.035714
178 120 0.035714
2 123 0.037037
14 123 0.037037
21 123 0.037037
26 123 0.037037
27 123 0.037037
28 123 0.037037
33 123 0.037037
40 123 0.037037
41 123 0.037037
42 123 0.037037
45 123 0.037037
54 123 0.037037
72 123 0.037037
83 123 0.037037
85 123 0.037037
87 123 0.037037
89 123 0.037037
91 123 0.037037
105 123 0.037037
109 123 0.037037
121 123 0.037037
126 123 0.037037
136 123 0.037037
141 123 0.037037
153 123 0.037037
162 123 0.037037
173 123 0.037037
2 127 0.025641
7 127 0.025641
10 127 0.025641
12 127 0.025641
15 127 0.025641
22 127 0.025641
26 127 0.025641
27 127 0.025641
35 127 0.025641
37 127 0.025641
39 127 0.025641
41 127 0.025641
52 127 0.025641
53 127 0.025641
67 127 0.025641
70 127 0.025641
71 127 0.025641
77 127 0.025641
79 127 0.025641
80 127 0.025641
85 127 0.025641
86 127 0.025641
96 127 0.025641
99 127 0.025641
106 127 0.025641
115 127 0.025641
119 127 0.025641
121 127 0.025641
133 127 0.025641
134 127 0.025641
140 127 0.025641
145 127 0.025641
152 127 0.025641
160 127 0.025641
162 127 0.025641
165 127 0.025641
169 127 0.025641
170 127 0.025641
176 127 0.025641
2 129 0.035714
11 129 0.035714
12 129 0.035714
15 129 0.035714
33 129 0.035714
34 129 0.035714
36 129 0.035714
43 129 0.035714
53 129 0.035714
63 129 0.035714
84 129 0.035714
91 129 0.035714
93 129 0.035714
94 129 0.035714
96 129 0.035714
101 129 0.035714
107 129 0.035714
110 129 0.035714
115 129 0.035714
119 129 0.035714
121 129 0.035714
125 129 0.035714
132 129 0.035714
140 129 0.035714
142 129 0.035714
157 129 0.035714
171 129 0.035714
173 129 0.035714
2 145 0.034483
12 145 0.034483
18 145 0.034483
25 145 0.034483
37 145 0.034483
43 145 0.034483
48 145 0.034483
51 145 0.034483
52 145 0.034483
56 145 0.034483
59 145 0.034483
60 145 0.034483
63 145 0.034483
74 145 0.034483
87 145 0.034483
97 145 0.034483
99 145 0.034483
104 145 0.034483
106 145 0.034483
108 145 0.034483
109 145 0.034483
121 145 0.034483
122 145 0.034483
127 145 0.034483
128 145 0.034483
132 145 0.034483
139 145 0.034483
169 145 0.034483
173 145 0.034483
2 156 0.034483
5 156 0.034483
12 156 0.034483
29 156 0.034483
38 156 0.034483
39 156 0.034483
42 156 0.034483
44 156 0.034483
45 156 0.034483
47 156 0.034483
56 156 0.034483
59 156 0.034483
65 156 0.034483
77 156 0.034483
78 156 0.034483
92 156 0.034483
95 156 0.034483
96 156 0.034483
106 156 0.034483
113 156 0.034483
116 156 0.034483
124 156 0.034483
148 156 0.034483
153 156 0.034483
157 156 0.034483
158 156 0.034483
170 156 0.034483
173 156 0.034483
179 156 0.034483
2 157 0.026316
3 157 0.026316
10 157 0.026316
36 157 0.026316
37 157 0.026316
38 157 0.026316
40 157 0.026316
48 157 0.026316
53 157 0.026316
56 157 0.026316
57 157 0.026316
60 157 0.026316
62 157 0.026316
69 157 0.026316
79 157 0.026316
80 157 0.026316
85 157 0.026316
89 157 0.026316
95 157 0.026316
103 157 0.026316
105 157 0.026316
108 157 0.026316
118 157 0.026316
122 157 0.026316
124 157 0.026316
129 157 0.026316
132 157 0.026316
140 157 0.026316
141 157 0.026316
148 157 0.026316
154 157 0.026316
155 157 0.026316
156 157 0.026316
165 157 0.026316
167 157 0.026316
168 157 0.026316
174 157 0.026316
175 157 0.026316
2 158 0.047619
6 158 0.047619
8 158 0.047619
12 158 0.047619
18 158 0.047619
22 158 0.047619
46 158 0.047619
51 158 0.047619
59 158 0.047619
96 158 0.047619
111 158 0.047619
116 158 0.047619
119 158 0.047619
124 158 0.047619
136 158 0.047619
137 158 0.047619
144 158 0.047619
152 158 0.047619
156 158 0.047619
164 158 0.047619
179 158 0.047619
2 177 0.045455
4 177 0.045455
9 177 0.045455
10 177 0.045455
12 177 0.045455
22 177 0.045455
37 177 0.045455
38 177 0.045455
65 177 0.045455
69 177 0.045455
72 177 0.045455
82 177 0.045455
108 177 0.045455
121 177 0.045455
134 177 0.045455
139 177 0.045455
143 177 0.045455
154 177 0.045455
155 177 0.045455
159 177 0.045455
173 177 0.045455
174 177 0.045455
2 178 0.035714
6 178 0.035714
9 178 0.035714
16 178 0.035714
24 178 0.035714
29 178 0.035714
39 178 0.035714
44 178 0.035714
56 178 0.035714
57 178 0.035714
68 178 0.035714
78 178 0.035714
79 178 0.035714
82 178 0.035714
84 178 0.035714
86 178 0.035714
92 178 0.035714
95 178 0.035714
117 178 0.035714
119 178 0.035714
120 178 0.035714
128 178 0.035714
130 178 0.035714
132 178 0.035714
134 178 0.035714
142 178 0.035714
168 178 0.035714
176 178 0.035714
3 98 0.043478
11 98 0.043478
28 98 0.043478
31 98 0.043478
36 98 0.043478
48 98 0.043478
53 98 0.043478
58 98 0.043478
64 98 0.043478
71 98 0.043478
73 98 0.043478
83 98 0.043478
89 98 0.043478
100 98 0.043478
104 98 0.043478
122 98 0.043478
124 98 0.043478
125 98 0.043478
141 98 0.043478
148 98 0.043478
151 98 0.043478
166 98 0.043478
173 98 0.043478
3 105 0.037037
7 105 0.037037
12 105 0.037037
14 105 0.037037
18 105 0.037037
24 105 0.037037
26 105 0.037037
50 105 0.037037
52 105 0.037037
54 105 0.037037
68 105 0.037037
75 105 0.037037
77 105 0.037037
81 105 0.037037
87 105 0.037037
89 105 0.037037
97 105 0.037037
123 105 0.037037
124 105 0.037037
125 105 0.037037
130 105 0.037037
151 105 0.037037
157 105 0.037037
164 105 0.037037
173 105 0.037037
174 105 0.037037
179 105 0.037037
3 152 0.047619
12 152 0.047619
27 152 0.047619
31 152 0.047619
32 152 0.047619
61 152 0.047619
76 152 0.047619
78 152 0.047619
83 152 0.047619
103 152 0.047619
110 152 0.047619
111 152 0.047619
113 152 0.047619
114 152 0.047619
127 152 0.047619
141 152 0.047619
148 152 0.047619
150 152 0.047619
158 152 0.047619
159 152 0.047619
166 152 0.047619
4 7 0.033333
11 7 0.033333
12 7 0.033333
13 7 0.033333
21 7 0.033333
23 7 0.033333
25 7 0.033333
26 7 0.033333
28 7 0.033333
35 7 0.033333
38 7 0.033333
56 7 0.033333
61 7 0.033333
65 7 0.033333
68 7 0.033333
72 7 0.033333
94 7 0.033333
99 7 0.033333
100 7 0.033333
101 7 0.033333
102 7 0.033333
105 7 0.033333
111 7 0.033333
125 7 0.033333
127 7 0.033333
140 7 0.033333
146 7 0.033333
147 7 0.033333
150 7 0.033333
161 7 0.033333
4 16 0.038462
10 16 0.038462
12 16 0.038462
14 16 0.038462
18 16 0.038462
19 16 0.038462
23 16 0.038462
38 16 0.038462
65 16 0.038462
74 16 0.038462
77 16 0.038462
78 16 0.038462
82 16 0.038462
85 16 0.038462
95 16 0.038462
99 16 0.038462
116 16 0.038462
140 16 0.038462
150 16 0.038462
154 16 0.038462
159 16 0.038462
161 16 0.038462
169 16 0.038462
170 16 0.038462
172 16 0.038462
178 16 0.038462
4 37 0.032258
6 37 0.032258
12 37 0.032258
15 37 0.032258
23 37 0.032258
24 37 0.032258
26 37 0.032258
39 37 0.032258
41 37 0.032258
42 37 0.032258
46 37 0.032258
48 37 0.032258
56 37 0.032258
57 37 0.032258
72 37 0.032258
79 37 0.032258
82 37 0.032258
100 37 0.032258
115 37 0.032258
120 37 0.032258
127 37 0.032258
128 37 0.032258
132 37 0.032258
140 37 0.032258
142 37 0.032258
145 37 0.032258
151 37 0.032258
157 37 0.032258
171 37 0.032258
177 37 0.032258
179 37 0.032258
4 40 0.032258
11 40 0.032258
13 40 0.032258
31 40 0.032258
32 40 0.032258
38 40 0.032258
43 40 0.032258
50 40 0.032258
55 40 0.032258
57 40 0.032258
58 40 0.032258
59 40 0.032258
65 40 0.032258
87 40 0.032258
99 40 0.032258
100 40 0.032258
111 40 0.032258
113 40 0.032258
117 40 0.032258
123 40 0.032258
130 40 0.032258
133 40 0.032258
137 40 0.032258
138 40 0.032258
144 40 0.032258
146 40 0.032258
149 40 0.032258
150 40 0.032258
157 40 0.032258
169 40 0.032258
174 40 0.032258
4 49 0.043478
8 49 0.043478
11 49 0.043478
19 49 0.043478
27 49 0.043478
36 49 0.043478
45 49 0.043478
58 49 0.043478
67 49 0.043478
70 49 0.043478
71 49 0.043478
81 49 0.043478
89 49 0.043478
90 49 0.043478
92 49 0.043478
110 49 0.043478
113 49 0.043478
137 49 0.043478
141 49 0.043478
154 49 0.043478
160 49 0.043478
171 49 0.043478
179 49 0.043478
4 50 0.035714
12 50 0.035714
14 50 0.035714
18 50 0.035714
19 50 0.035714
23 50 0.035714
26 50 0.035714
27 50 0.035714
38 50 0.035714
40 50 0.035714
42 50 0.035714
58 50 0.035714
59 50 0.035714
61 50 0.035714
68 50 0.035714
76 50 0.035714
89 50 0.035714
105 50 0.035714
111 50 0.035714
113 50 0.035714
116 50 0.035714
121 50 0.035714
124 50 0.035714
128 50 0.035714
140 50 0.035714
147 50 0.035714
148 50 0.035714
165 50 0.035714
4 67 0.034483
5 67 0.034483
11 67 0.034483
14 67 0.034483
15 67 0.034483
19 67 0.034483
25 67 0.034483
48 67 0.034483
49 67 0.034483
54 67 0.034483
60 67 0.034483
63 67 0.034483
65 67 0.034483
70 67 0.034483
81 67 0.034483
84 67 0.034483
87 67 0.034483
89 67 0.034483
90 67 0.034483
91 67 0.034483
103 67 0.034483
116 67 0.034483
117 67 0.034483
122 67 0.034483
127 67 0.034483
130 67 0.034483
134 67 0.034483
141 67 0.034483
161 67 0.034483
4 90 0.047619
17 90 0.047619
22 90 0.047619
43 90 0.047619
49 90 0.047619
54 90 0.047619
64 90 0.047619
67 90 0.047619
73 90 0.047619
79 90 0.047619
86 90 0.047619
92 90 0.047619
101 90 0.047619
103 90 0.047619
106 90 0.047619
116 90 0.047619
121 90 0.047619
137 90 0.047619
150 90 0.047619
159 90 0.047619
174 90 0.047619
4 91 0.035714
20 91 0.035714
23 91 0.035714
27 91 0.035714
28 91 0.035714
51 91 0.035714
54 91 0.035714
56 91 0.035714
57 91 0.035714
67 91 0.035714
69 91 0.035714
78 91 0.035714
96 91 0.035714
104 91 0.035714
113 91 0.035714
116 91 0.035714
121 91 0.035714
123 91 0.035714
129 91 0.035714
131 91 0.035714
134 91 0.035714
140 91 0.035714
143 91 0.035714
153 91 0.035714
154 91 0.035714
163 91 0.035714
169 91 0.035714
173 91 0.035714
4 128 0.028571
19 128 0.028571
21 128 0.028571
23 128 0.028571
24 128 0.028571
25 128 0.028571
37 128 0.028571
43 128 0.028571
45 128 0.028571
46 128 0.028571
50 128 0.028571
61 128 0.028571
64 128 0.028571
69 128 0.028571
72 128 0.028571
75 128 0.028571
77 128 0.028571
80 128 0.028571
93 128 0.028571
94 128 0.028571
107 128 0.028571
118 128 0.028571
121 128 0.028571
126 128 0.028571
132 128 0.028571
145 128 0.028571
147 128 0.028571
150 128 0.028571
166 128 0.028571
167 128 0.028571
170 128 0.028571
172 128 0.028571
173 128 0.028571
178 128 0.028571
180 128 0.028571
4 134 0.037037
27 134 0.037037
29 134 0.037037
34 134 0.037037
55 134 0.037037
57 134 0.037037
65 134 0.037037
67 134 0.037037
69 134 0.037037
73 134 0.037037
74 134 0.037037
75 134 0.037037
78 134 0.037037
91 134 0.037037
97 134 0.037037
104 134 0.037037
106 134 0.037037
110 134 0.037037
119 134 0.037037
121 134 0.037037
125 134 0.037037
127 134 0.037037
131 134 0.037037
162 134 0.037037
167 134 0.037037
177 134 0.037037
178 134 0.037037
4 141 0.033333
5 141 0.033333
6 141 0.033333
14 141 0.033333
17 141 0.033333
18 141 0.033333
21 141 0.033333
29 141 0.033333
30 141 0.033333
43 141 0.033333
46 141 0.033333
49 141 0.033333
67 141 0.033333
69 141 0.033333
70 141 0.033333
74 141 0.033333
78 141 0.033333
81 141 0.033333
86 141 0.033333
95 141 0.033333
98 141 0.033333
100 141 0.033333
108 141 0.033333
114 141 0.033333
123 141 0.033333
126 141 0.033333
130 141 0.033333
152 141 0.033333
157 141 0.033333
175 141 0.033333
4 142 0.033333
11 142 0.033333
17 142 0.033333
18 142 0.033333
21 142 0.033333
29 142 0.033333
33 142 0.033333
37 142 0.033333
44 142 0.033333
45 142 0.033333
47 142 0.033333
48 142 0.033333
53 142 0.033333
55 142 0.033333
59 142 0.033333
60 142 0.033333
79 142 0.033333
80 142 0.033333
82 142 0.033333
88 142 0.033333
112 142 0.033333
129 142 0.033333
133 142 0.033333
139 142 0.033333
154 142 0.033333
155 142 0.033333
161 142 0.033333
165 142 0.033333
176 142 0.033333
178 142 0.033333
4 146 0.027778
7 146 0.027778
12 146 0.027778
21 146 0.027778
25 146 0.027778
27 146 0.027778
30 146 0.027778
33 146 0.027778
39 146 0.027778
40 146 0.027778
52 146 0.027778
57 146 0.027778
61 146 0.027778
68 146 0.027778
72 146 0.027778
74 146 0.027778
77 146 0.027778
82 146 0.027778
84 146 0.027778
99 146 0.027778
102 146 0.027778
111 146 0.027778
118 146 0.027778
119 146 0.027778
125 146 0.027778
148 146 0.027778
153 146 0.027778
155 146 0.027778
161 146 0.027778
163 146 0.027778
164 146 0.027778
165 146 0.027778
170 146 0.027778
172 146 0.027778
173 146 0.027778
174 146 0.027778
4 149 0.052632
19 149 0.052632
22 149 0.052632
25 149 0.052632
40 149 0.052632
41 149 0.052632
47 149 0.052632
62 149 0.052632
63 149 0.052632
77 149 0.052632
99 149 0.052632
109 149 0.052632
114 149 0.052632
138 149 0.052632
153 149 0.052632
154 149 0.052632
155 149 0.052632
166 149 0.052632
180 149 0.052632
4 162 0.033333
14 162 0.033333
25 162 0.033333
43 162 0.033333
48 162 0.033333
58 162 0.033333
65 162 0.033333
66 162 0.033333
69 162 0.033333
72 162 0.033333
73 162 0.033333
78 162 0.033333
87 162 0.033333
89 162 0.033333
96 162 0.033333
99 162 0.033333
106 162 0.033333
108 162 0.033333
109 162 0.033333
111 162 0.033333
113 162 0.033333
118 162 0.033333
119 162 0.033333
123 162 0.033333
127 162 0.033333
134 162 0.033333
153 162 0.033333
165 162 0.033333
171 162 0.033333
180 162 0.033333
4 163 0.041667
25 163 0.041667
32 163 0.041667
42 163 0.041667
43 163 0.041667
51 163 0.041667
56 163 0.041667
68 163 0.041667
77 163 0.041667
91 163 0.041667
100 163 0.041667
104 163 0.041667
110 163 0.041667
117 163 0.041667
118 163 0.041667
120 163 0.041667
121 163 0.041667
133 163 0.041667
146 163 0.041667
167 163 0.041667
169 163 0.041667
171 163 0.041667
175 163 0.041667
180 163 0.041667
4 168 0.05
5 168 0.05
6 168 0.05
24 168 0.05
34 168 0.05
45 168 0.05
73 168 0.05
79 168 0.05
88 168 0.05
111 168 0.05
120 168 0.05
125 168 0.05
138 168 0.05
157 168 0.05
159 168 0.05
165 168 0.05
170 168 0.05
175 168 0.05
176 168 0.05
178 168 0.05
4 173 0.033333
5 173 0.033333
14 173 0.033333
26 173 0.033333
36 173 0.033333
57 173 0.033333
63 173 0.033333
68 173 0.033333
70 173 0.033333
73 173 0.033333
75 173 0.033333
80 173 0.033333
87 173 0.033333
91 173 0.033333
94 173 0.033333
98 173 0.033333
99 173 0.033333
105 173 0.033333
117 173 0.033333
123 173 0.033333
128 173 0.033333
129 173 0.033333
133 173 0.033333
135 173 0.033333
143 173 0.033333
145 173 0.033333
146 173 0.033333
156 173 0.033333
174 173 0.033333
177 173 0.033333
5 28 0.037037
7 28 0.037037
18 28 0.037037
20 28 0.037037
24 28 0.037037
29 28 0.037037
34 28 0.037037
39 28 0.037037
42 28 0.037037
43 28 0.037037
47 28 0.037037
70 28 0.037037
83 28 0.037037
91 28 0.037037
96 28 0.037037
98 28 0.037037
107 28 0.037037
114 28 0.037037
115 28 0.037037
120 28 0.037037
123 28 0.037037
132 28 0.037037
133 28 0.037037
140 28 0.037037
151 28 0.037037
159 28 0.037037
164 28 0.037037
5 33 0.037037
14 33 0.037037
15 33 0.037037
20 33 0.037037
25 33 0.037037
34 33 0.037037
45 33 0.037037
69 33 0.037037
71 33 0.037037
77 33 0.037037
79 33 0.037037
80 33 0.037037
82 33 0.037037
85 33 0.037037
88 33 0.037037
95 33 0.037037
123 33 0.037037
129 33 0.037037
135 33 0.037037
137 33 0.037037
138 33 0.037037
142 33 0.037037
146 33 0.037037
148 33 0.037037
155 33 0.037037
161 33 0.037037
165 33 0.037037
5 36 0.035714
10 36 0.035714
17 36 0.035714
18 36 0.035714
22 36 0.035714
23 36 0.035714
24 36 0.035714
25 36 0.035714
27 36 0.035714
49 36 0.035714
58 36 0.035714
59 36 0.035714
85 36 0.035714
86 36 0.035714
96 36 0.035714
98 36 0.035714
113 36 0.035714
114 36 0.035714
120 36 0.035714
122 36 0.035714
129 36 0.035714
131 36 0.035714
136 36 0.035714
150 36 0.035714
157 36 0.035714
173 36 0.035714
174 36 0.035714
175 36 0.035714
5 41 0.032258
6 41 0.032258
8 41 0.032258
20 41 0.032258
21 41 0.032258
26 41 0.032258
29 41 0.032258
37 41 0.032258
38 41 0.032258
43 41 0.032258
52 41 0.032258
57 41 0.032258
59 41 0.032258
60 41 0.032258
62 41 0.032258
68 41 0.032258
81 41 0.032258
100 41 0.032258
110 41 0.032258
113 41 0.032258
114 41 0.032258
118 41 0.032258
123 41 0.032258
124 41 0.032258
127 41 0.032258
130 41 0.032258
133 41 0.032258
149 41 0.032258
155 41 0.032258
161 41 0.032258
164 41 0.032258
5 54 0.035714
9 54 0.035714
17 54 0.035714
29 54 0.035714
31 54 0.035714
34 54 0.035714
52 54 0.035714
67 54 0.035714
72 54 0.035714
82 54 0.035714
88 54 0.035714
90 54 0.035714
91 54 0.035714
96 54 0.035714
100 54 0.035714
103 54 0.035714
105 54 0.035714
106 54 0.035714
112 54 0.035714
113 54 0.035714
123 54 0.035714
126 54 0.035714
131 54 0.035714
143 54 0.035714
150 54 0.035714
151 54 0.035714
170 54 0.035714
175 54 0.035714
5 92 0.058824
17 92 0.058824
30 92 0.058824
43 92 0.058824
47 92 0.058824
49 92 0.058824
63 92 0.058824
81 92 0.058824
90 92 0.058824
108 92 0.058824
114 92 0.058824
122 92 0.058824
140 92 0.058824
143 92 0.058824
153 92 0.058824
156 92 0.058824
178 92 0.058824
5 97 0.035714
6 97 0.035714
8 97 0.035714
21 97 0.035714
22 97 0.035714
23 97 0.035714
24 97 0.035714
31 97 0.035714
45 97 0.035714
46 97 0.035714
47 97 0.035714
60 97 0.035714
80 97 0.035714
84 97 0.035714
103 97 0.035714
105 97 0.035714
107 97 0.035714
120 97 0.035714
125 97 0.035714
134 97 0.035714
138 97 0.035714
139 97 0.035714
145 97 0.035714
160 97 0.035714
164 97 0.035714
165 97 0.035714
170 97 0.035714
172 97 0.035714
5 102 0.032258
7 102 0.032258
10 102 0.032258
15 102 0.032258
19 102 0.032258
20 102 0.032258
21 102 0.032258
25 102 0.032258
32 102 0.032258
45 102 0.032258
53 102 0.032258
55 102 0.032258
56 102 0.032258
60 102 0.032258
72 102 0.032258
75 102 0.032258
78 102 0.032258
81 102 0.032258
86 102 0.032258
87 102 0.032258
104 102 0.032258
108 102 0.032258
124 102 0.032258
130 102 0.032258
133 102 0.032258
146 102 0.032258
147 102 0.032258
155 102 0.032258
167 102 0.032258
169 102 0.032258
171 102 0.032258
5 109 0.047619
8 109 0.047619
23 109 0.047619
25 109 0.047619
38 109 0.047619
76 109 0.047619
78 109 0.047619
81 109 0.047619
112 109 0.047619
121 109 0.047619
122 109 0.047619
123 109 0.047619
130 109 0.047619
132 109 0.047619
145 109 0.047619
148 109 0.047619
149 109 0.047619
151 109 0.047619
162 109 0.047619
171 109 0.047619
179 109 0.047619
5 117 0.04
27 117 0.04
29 117 0.04
40 117 0.04
48 117 0.04
53 117 0.04
62 117 0.04
64 117 0.04
67 117 0.04
77 117 0.04
80 117 0.04
81 117 0.04
82 117 0.04
89 117 0.04
103 117 0.04
121 117 0.04
135 117 0.04
150 117 0.04
151 117 0.04
163 117 0.04
165 117 0.04
172 117 0.04
173 117 0.04
174 117 0.04
178 117 0.04
5 133 0.043478
9 133 0.043478
12 133 0.043478
28 133 0.043478
34 133 0.043478
40 133 0.043478
41 133 0.043478
56 133 0.043478
60 133 0.043478
68 133 0.043478
87 133 0.043478
94 133 0.043478
100 133 0.043478
102 133 0.043478
113 133 0.043478
126 133 0.043478
127 133 0.043478
131 133 0.043478
135 133 0.043478
142 133 0.043478
159 133 0.043478
163 133 0.043478
173 133 0.043478
5 161 0.030303
7 161 0.030303
12 161 0.030303
14 161 0.030303
16 161 0.030303
17 161 0.030303
24 161 0.030303
26 161 0.030303
30 161 0.030303
33 161 0.030303
41 161 0.030303
42 161 0.030303
52 161 0.030303
60 161 0.030303
66 161 0.030303
67 161 0.030303
68 161 0.030303
73 161 0.030303
96 161 0.030303
99 161 0.030303
103 161 0.030303
104 161 0.030303
106 161 0.030303
111 161 0.030303
115 161 0.030303
118 161 0.030303
124 161 0.030303
137 161 0.030303
139 161 0.030303
142 161 0.030303
144 161 0.030303
146 161 0.030303
167 161 0.030303
6 15 0.034483
9 15 0.034483
19 15 0.034483
27 15 0.034483
29 15 0.034483
33 15 0.034483
37 15 0.034483
44 15 0.034483
51 15 0.034483
67 15 0.034483
69 15 0.034483
70 15 0.034483
71 15 0.034483
72 15 0.034483
73 15 0.034483
81 15 0.034483
87 15 0.034483
93 15 0.034483
101 15 0.034483
102 15 0.034483
110 15 0.034483
126 15 0.034483
127 15 0.034483
129 15 0.034483
135 15 0.034483
136 15 0.034483
160 15 0.034483
167 15 0.034483
175 15 0.034483
6 17 0.043478
13 17 0.043478
19 17 0.043478
36 17 0.043478
54 17 0.043478
58 17 0.043478
80 17 0.043478
82 17 0.043478
90 17 0.043478
92 17 0.043478
100 17 0.043478
104 17 0.043478
108 17 0.043478
111 17 0.043478
132 17 0.043478
141 17 0.043478
142 17 0.043478
143 17 0.043478
153 17 0.043478
154 17 0.043478
161 17 0.043478
172 17 0.043478
176 17 0.043478
6 21 0.033333
7 21 0.033333
12 21 0.033333
20 21 0.033333
38 21 0.033333
41 21 0.033333
57 21 0.033333
61 21 0.033333
68 21 0.033333
72 21 0.033333
79 21 0.033333
80 21 0.033333
81 21 0.033333
82 21 0.033333
87 21 0.033333
93 21 0.033333
97 21 0.033333
102 21 0.033333
123 21 0.033333
128 21 0.033333
132 21 0.033333
141 21 0.033333
142 21 0.033333
146 21 0.033333
147 21 0.033333
150 21 0.033333
160 21 0.033333
164 21 0.033333
170 21 0.033333
171 21 0.033333
6 34 0.032258
9 34 0.032258
22 34 0.032258
25 34 0.032258
26 34 0.032258
28 34 0.032258
29 34 0.032258
30 34 0.032258
33 34 0.032258
46 34 0.032258
48 34 0.032258
54 34 0.032258
61 34 0.032258
65 34 0.032258
75 34 0.032258
77 34 0.032258
85 34 0.032258
101 34 0.032258
122 34 0.032258
125 34 0.032258
129 34 0.032258
130 34 0.032258
133 34 0.032258
134 34 0.032258
140 34 0.032258
148 34 0.032258
154 34 0.032258
167 34 0.032258
168 34 0.032258
175 34 0.032258
180 34 0.032258
6 58 0.037037
8 58 0.037037
11 58 0.037037
14 58 0.037037
17 58 0.037037
23 58 0.037037
24 58 0.037037
29 58 0.037037
31 58 0.037037
36 58 0.037037
40 58 0.037037
48 58 0.037037
49 58 0.037037
50 58 0.037037
51 58 0.037037
63 58 0.037037
65 58 0.037037
74 58 0.037037
98 58 0.037037
99 58 0.037037
103 58 0.037037
113 58 0.037037
126 58 0.037037
162 58 0.037037
164 58 0.037037
179 58 0.037037
180 58 0.037037
6 118 0.032258
10 118 0.032258
12 118 0.032258
13 118 0.032258
25 118 0.032258
31 118 0.032258
41 118 0.032258
45 118 0.032258
56 118 0.032258
63 118 0.032258
66 118 0.032258
69 118 0.032258
74 118 0.032258
79 118 0.032258
88 118 0.032258
99 118 0.032258
101 118 0.032258
103 118 0.032258
106 118 0.032258
113 118 0.032258
128 118 0.032258
130 118 0.032258
132 118 0.032258
136 118 0.032258
138 118 0.032258
146 118 0.032258
157 118 0.032258
160 118 0.032258
161 118 0.032258
162 118 0.032258
163 118 0.032258
6 137 0.035714
14 137 0.035714
26 137 0.035714
33 137 0.035714
40 137 0.035714
49 137 0.035714
53 137 0.035714
55 137 0.035714
61 137 0.035714
84 137 0.035714
86 137 0.035714
88 137 0.035714
90 137 0.035714
93 137 0.035714
100 137 0.035714
110 137 0.035714
111 137 0.035714
120 137 0.035714
124 137 0.035714
126 137 0.035714
132 137 0.035714
138 137 0.035714
139 137 0.035714
144 137 0.035714
155 137 0.035714
158 137 0.035714
161 137 0.035714
171 137 0.035714
6 164 0.041667
8 164 0.041667
10 164 0.041667
19 164 0.041667
21 164 0.041667
28 164 0.041667
30 164 0.041667
41 164 0.041667
55 164 0.041667
58 164 0.041667
64 164 0.041667
66 164 0.041667
69 164 0.041667
72 164 0.041667
77 164 0.041667
81 164 0.041667
97 164 0.041667
105 164 0.041667
125 164 0.041667
126 164 0.041667
146 164 0.041667
158 164 0.041667
169 164 0.041667
174 164 0.041667
6 166 0.043478
12 166 0.043478
25 166 0.043478
44 166 0.043478
48 166 0.043478
56 166 0.043478
64 166 0.043478
65 166 0.043478
83 166 0.043478
84 166 0.043478
87 166 0.043478
98 166 0.043478
110 166 0.043478
116 166 0.043478
125 166 0.043478
128 166 0.043478
131 166 0.043478
139 166 0.043478
149 166 0.043478
151 166 0.043478
152 166 0.043478
159 166 0.043478
180 166 0.043478
6 174 0.04
22 174 0.04
32 174 0.04
35 174 0.04
36 174 0.04
39 174 0.04
40 174 0.04
44 174 0.04
56 174 0.04
57 174 0.04
59 174 0.04
61 174 0.04
63 174 0.04
71 174 0.04
75 174 0.04
90 174 0.04
105 174 0.04
117 174 0.04
122 174 0.04
136 174 0.04
146 174 0.04
157 174 0.04
164 174 0.04
173 174 0.04
177 174 0.04
6 179 0.045455
9 179 0.045455
37 179 0.045455
39 179 0.045455
45 179 0.045455
49 179 0.045455
55 179 0.045455
58 179 0.045455
61 179 0.045455
84 179 0.045455
89 179 0.045455
94 179 0.045455
100 179 0.045455
101 179 0.045455
105 179 0.045455
109 179 0.045455
131 179 0.045455
144 179 0.045455
151 179 0.045455
156 179 0.045455
158 179 0.045455
160 179 0.045455
7 12 0.02381
16 12 0.02381
21 12 0.02381
23 12 0.02381
25 12 0.02381
30 12 0.02381
31 12 0.02381
35 12 0.02381
37 12 0.02381
46 12 0.02381
48 12 0.02381
50 12 0.02381
59 12 0.02381
69 12 0.02381
75 12 0.02381
86 12 0.02381
101 12 0.02381
103 12 0.02381
105 12 0.02381
113 12 0.02381
118 12 0.02381
122 12 0.02381
124 12 0.02381
127 12 0.02381
129 12 0.02381
133 12 0.02381
136 12 0.02381
144 12 0.02381
145 12 0.02381
146 12 0.02381
147 12 0.02381
152 12 0.02381
153 12 0.02381
154 12 0.02381
155 12 0.02381
156 12 0.02381
158 12 0.02381
161 12 0.02381
166 12 0.02381
170 12 0.02381
172 12 0.02381
177 12 0.02381
7 23 0.043478
9 23 0.043478
12 23 0.043478
16 23 0.043478
30 23 0.043478
36 23 0.043478
37 23 0.043478
45 23 0.043478
50 23 0.043478
55 23 0.043478
58 23 0.043478
91 23 0.043478
94 23 0.043478
97 23 0.043478
108 23 0.043478
109 23 0.043478
124 23 0.043478
125 23 0.043478
128 23 0.043478
140 23 0.043478
144 23 0.043478
155 23 0.043478
170 23 0.043478
7 61 0.02381
10 61 0.02381
11 61 0.02381
19 61 0.02381
20 61 0.02381
21 61 0.02381
25 61 0.02381
27 61 0.02381
34 61 0.02381
39 61 0.02381
43 61 0.02381
44 61 0.02381
47 61 0.02381
48 61 0.02381
50 61 0.02381
59 61 0.02381
62 61 0.02381
65 61 0.02381
68 61 0.02381
69 61 0.02381
80 61 0.02381
81 61 0.02381
84 61 0.02381
93 61 0.02381
96 61 0.02381
99 61 0.02381
104 61 0.02381
106 61 0.02381
121 61 0.02381
122 61 0.02381
124 61 0.02381
128 61 0.02381
136 61 0.02381
137 61 0.02381
138 61 0.02381
146 61 0.02381
151 61 0.02381
152 61 0.02381
160 61 0.02381
169 61 0.02381
174 61 0.02381
179 61 0.02381
7 72 0.033333
14 72 0.033333
15 72 0.033333
21 72 0.033333
37 72 0.033333
38 72 0.033333
54 72 0.033333
55 72 0.033333
69 72 0.033333
70 72 0.033333
76 72 0.033333
81 72 0.033333
96 72 0.033333
99 72 0.033333
101 72 0.033333
102 72 0.033333
104 72 0.033333
110 72 0.033333
115 72 0.033333
123 72 0.033333
124 72 0.033333
128 72 0.033333
139 72 0.033333
140 72 0.033333
146 72 0.033333
151 72 0.033333
162 72 0.033333
164 72 0.033333
169 72 0.033333
177 72 0.033333
7 94 0.029412
13 94 0.029412
23 94 0.029412
26 94 0.029412
31 94 0.029412
38 94 0.029412
48 94 0.029412
52 94 0.029412
64 94 0.029412
65 94 0.029412
66 94 0.029412
68 94 0.029412
73 94 0.029412
74 94 0.029412
80 94 0.029412
81 94 0.029412
85 94 0.029412
87 94 0.029412
88 94 0.029412
103 94 0.029412
108 94 0.029412
110 94 0.029412
113 94 0.029412
115 94 0.029412
116 94 0.029412
128 94 0.029412
129 94 0.029412
132 94 0.029412
133 94 0.029412
160 94 0.029412
171 94 0.029412
172 94 0.029412
173 94 0.029412
179 94 0.029412
7 99 0.03125
13 99 0.03125
16 99 0.03125
25 99 0.03125
27 99 0.03125
40 99 0.03125
45 99 0.03125
46 99 0.03125
48 99 0.03125
58 99 0.03125
60 99 0.03125
61 99 0.03125
70 99 0.03125
72 99 0.03125
73 99 0.03125
76 99 0.03125
104 99 0.03125
107 99 0.03125
110 99 0.03125
115 99 0.03125
118 99 0.03125
127 99 0.03125
144 99 0.03125
145 99 0.03125
146 99 0.03125
149 99 0.03125
151 99 0.03125
161 99 0.03125
162 99 0.03125
169 99 0.03125
173 99 0.03125
180 99 0.03125
7 101 0.041667
12 101 0.041667
15 101 0.041667
27 101 0.041667
34 101 0.041667
43 101 0.041667
53 101 0.041667
64 101 0.041667
68 101 0.041667
72 101 0.041667
73 101 0.041667
75 101 0.041667
77 101 0.041667
84 101 0.041667
85 101 0.041667
86 101 0.041667
90 101 0.041667
118 101 0.041667
121 101 0.041667
129 101 0.041667
135 101 0.041667
154 101 0.041667
155 101 0.041667
179 101 0.041667
7 111 0.03125
17 111 0.03125
22 111 0.03125
24 111 0.03125
32 111 0.03125
40 111 0.03125
45 111 0.03125
50 111 0.03125
55 111 0.03125
57 111 0.03125
62 111 0.03125
73 111 0.03125
75 111 0.03125
85 111 0.03125
95 111 0.03125
103 111 0.03125
104 111 0.03125
110 111 0.03125
113 111 0.03125
137 111 0.03125
138 111 0.03125
146 111 0.03125
148 111 0.03125
151 111 0.03125
152 111 0.03125
154 111 0.03125
158 111 0.03125
161 111 0.03125
162 111 0.03125
168 111 0.03125
169 111 0.03125
170 111 0.03125
7 140 0.03125
16 140 0.03125
23 140 0.03125
28 140 0.03125
34 140 0.03125
35 140 0.03125
37 140 0.03125
38 140 0.03125
44 140 0.03125
50 140 0.03125
51 140 0.03125
52 140 0.03125
57 140 0.03125
69 140 0.03125
72 140 0.03125
79 140 0.03125
84 140 0.03125
91 140 0.03125
92 140 0.03125
106 140 0.03125
113 140 0.03125
124 140 0.03125
125 140 0.03125
127 140 0.03125
129 140 0.03125
131 140 0.03125
132 140 0.03125
154 140 0.03125
157 140 0.03125
165 140 0.03125
167 140 0.03125
169 140 0.03125
8 89 0.038462
10 89 0.038462
19 89 0.038462
22 89 0.038462
27 89 0.038462
42 89 0.038462
43 89 0.038462
49 89 0.038462
50 89 0.038462
52 89 0.038462
65 89 0.038462
67 89 0.038462
70 89 0.038462
73 89 0.038462
88 89 0.038462
98 89 0.038462
105 89 0.038462
117 89 0.038462
123 89 0.038462
125 89 0.038462
151 89 0.038462
157 89 0.038462
162 89 0.038462
165 89 0.038462
171 89 0.038462
179 89 0.038462
8 115 0.045455
10 115 0.045455
24 115 0.045455
28 115 0.045455
32 115 0.045455
35 115 0.045455
37 115 0.045455
45 115 0.045455
52 115 0.045455
69 115 0.045455
72 115 0.045455
76 115 0.045455
94 115 0.045455
99 115 0.045455
107 115 0.045455
127 115 0.045455
129 115 0.045455
132 115 0.045455
138 115 0.045455
143 115 0.045455
148 115 0.045455
161 115 0.045455
8 153 0.030303
12 153 0.030303
17 153 0.030303
20 153 0.030303
24 153 0.030303
27 153 0.030303
42 153 0.030303
56 153 0.030303
59 153 0.030303
62 153 0.030303
74 153 0.030303
80 153 0.030303
81 153 0.030303
85 153 0.030303
88 153 0.030303
91 153 0.030303
92 153 0.030303
104 153 0.030303
108 153 0.030303
110 153 0.030303
123 153 0.030303
136 153 0.030303
143 153 0.030303
144 153 0.030303
146 153 0.030303
149 153 0.030303
150 153 0.030303
156 153 0.030303
159 153 0.030303
160 153 0.030303
162 153 0.030303
167 153 0.030303
169 153 0.030303
8 180 0.05
22 180 0.05
34 180 0.05
55 180 0.05
58 180 0.05
69 180 0.05
77 180 0.05
79 180 0.05
80 180 0.05
83 180 0.05
95 180 0.05
99 180 0.05
108 180 0.05
113 180 0.05
128 180 0.05
139 180 0.05
149 180 0.05
162 180 0.05
163 180 0.05
166 180 0.05
9 63 0.035714
19 63 0.035714
20 63 0.035714
32 63 0.035714
38 63 0.035714
51 63 0.035714
58 63 0.035714
60 63 0.035714
66 63 0.035714
67 63 0.035714
74 63 0.035714
82 63 0.035714
83 63 0.035714
84 63 0.035714
92 63 0.035714
116 63 0.035714
118 63 0.035714
126 63 0.035714
129 63 0.035714
131 63 0.035714
145 63 0.035714
148 63 0.035714
149 63 0.035714
150 63 0.035714
151 63 0.035714
159 63 0.035714
173 63 0.035714
174 63 0.035714
9 79 0.037037
14 79 0.037037
18 79 0.037037
21 79 0.037037
32 79 0.037037
33 79 0.037037
37 79 0.037037
56 79 0.037037
59 79 0.037037
69 79 0.037037
85 79 0.037037
90 79 0.037037
103 79 0.037037
108 79 0.037037
110 79 0.037037
112 79 0.037037
118 79 0.037037
127 79 0.037037
138 79 0.037037
139 79 0.037037
140 79 0.037037
142 79 0.037037
157 79 0.037037
168 79 0.037037
170 79 0.037037
178 79 0.037037
180 79 0.037037
9 95 0.04
16 95 0.04
19 95 0.04
32 95 0.04
33 95 0.04
47 95 0.04
56 95 0.04
65 95 0.04
76 95 0.04
81 95 0.04
111 95 0.04
116 95 0.04
119 95 0.04
122 95 0.04
124 95 0.04
125 95 0.04
126 95 0.04
138 95 0.04
141 95 0.04
143 95 0.04
155 95 0.04
156 95 0.04
157 95 0.04
178 95 0.04
180 95 0.04
9 96 0.034483
22 96 0.034483
28 96 0.034483
31 96 0.034483
36 96 0.034483
48 96 0.034483
54 96 0.034483
59 96 0.034483
61 96 0.034483
71 96 0.034483
72 96 0.034483
74 96 0.034483
88 96 0.034483
91 96 0.034483
106 96 0.034483
124 96 0.034483
126 96 0.034483
127 96 0.034483
129 96 0.034483
136 96 0.034483
138 96 0.034483
150 96 0.034483
156 96 0.034483
158 96 0.034483
161 96 0.034483
162 96 0.034483
165 96 0.034483
167 96 0.034483
169 96 0.034483
9 169 0.030303
16 169 0.030303
19 169 0.030303
30 169 0.030303
35 169 0.030303
40 169 0.030303
52 169 0.030303
61 169 0.030303
64 169 0.030303
66 169 0.030303
72 169 0.030303
73 169 0.030303
76 169 0.030303
77 169 0.030303
82 169 0.030303
88 169 0.030303
91 169 0.030303
96 169 0.030303
99 169 0.030303
102 169 0.030303
108 169 0.030303
110 169 0.030303
111 169 0.030303
114 169 0.030303
125 169 0.030303
127 169 0.030303
140 169 0.030303
144 169 0.030303
145 169 0.030303
153 169 0.030303
159 169 0.030303
163 169 0.030303
164 169 0.030303
10 20 0.037037
18 20 0.037037
21 20 0.037037
27 20 0.037037
28 20 0.037037
32 20 0.037037
33 20 0.037037
35 20 0.037037
39 20 0.037037
41 20 0.037037
43 20 0.037037
45 20 0.037037
53 20 0.037037
61 20 0.037037
63 20 0.037037
73 20 0.037037
76 20 0.037037
84 20 0.037037
87 20 0.037037
91 20 0.037037
102 20 0.037037
122 20 0.037037
124 20 0.037037
147 20 0.037037
151 20 0.037037
153 20 0.037037
172 20 0.037037
10 86 0.04
12 86 0.04
30 86 0.04
32 86 0.04
36 86 0.04
45 86 0.04
51 86 0.04
52 86 0.04
71 86 0.04
80 86 0.04
83 86 0.04
85 86 0.04
90 86 0.04
101 86 0.04
102 86 0.04
122 86 0.04
126 86 0.04
127 86 0.04
137 86 0.04
141 86 0.04
144 86 0.04
151 86 0.04
154 86 0.04
165 86 0.04
178 86 0.04
10 114 0.030303
11 114 0.030303
14 114 0.030303
19 114 0.030303
25 114 0.030303
27 114 0.030303
28 114 0.030303
36 114 0.030303
38 114 0.030303
41 114 0.030303
45 114 0.030303
52 114 0.030303
68 114 0.030303
73 114 0.030303
75 114 0.030303
76 114 0.030303
80 114 0.030303
82 114 0.030303
85 114 0.030303
87 114 0.030303
92 114 0.030303
107 114 0.030303
112 114 0.030303
113 114 0.030303
125 114 0.030303
126 114 0.030303
139 114 0.030303
141 114 0.030303
147 114 0.030303
149 114 0.030303
152 114 0.030303
165 114 0.030303
169 114 0.030303
10 176 0.043478
13 176 0.043478
14 176 0.043478
17 176 0.043478
24 176 0.043478
27 176 0.043478
35 176 0.043478
53 176 0.043478
66 176 0.043478
73 176 0.043478
77 176 0.043478
83 176 0.043478
84 176 0.043478
93 176 0.043478
104 176 0.043478
127 176 0.043478
131 176 0.043478
135 176 0.043478
142 176 0.043478
168 176 0.043478
172 176 0.043478
175 176 0.043478
178 176 0.043478
11 57 0.030303
19 57 0.030303
21 57 0.030303
25 57 0.030303
37 57 0.030303
40 57 0.030303
41 57 0.030303
43 57 0.030303
48 57 0.030303
53 57 0.030303
68 57 0.030303
76 57 0.030303
77 57 0.030303
82 57 0.030303
83 57 0.030303
87 57 0.030303
91 57 0.030303
104 57 0.030303
111 57 0.030303
119 57 0.030303
120 57 0.030303
125 57 0.030303
132 57 0.030303
134 57 0.030303
138 57 0.030303
140 57 0.030303
146 57 0.030303
151 57 0.030303
157 57 0.030303
160 57 0.030303
173 57 0.030303
174 57 0.030303
178 57 0.030303
11 78 0.038462
16 78 0.038462
18 78 0.038462
31 78 0.038462
39 78 0.038462
64 78 0.038462
68 78 0.038462
75 78 0.038462
80 78 0.038462
91 78 0.038462
102 78 0.038462
109 78 0.038462
112 78 0.038462
116 78 0.038462
121 78 0.038462
134 78 0.038462
139 78 0.038462
141 78 0.038462
147 78 0.038462
150 78 0.038462
152 78 0.038462
154 78 0.038462
156 78 0.038462
162 78 0.038462
167 78 0.038462
178 78 0.038462
11 110 0.030303
14 110 0.030303
15 110 0.030303
24 110 0.030303
30 110 0.030303
32 110 0.030303
41 110 0.030303
49 110 0.030303
51 110 0.030303
60 110 0.030303
72 110 0.030303
79 110 0.030303
80 110 0.030303
81 110 0.030303
82 110 0.030303
88 110 0.030303
94 110 0.030303
99 110 0.030303
111 110 0.030303
112 110 0.030303
122 110 0.030303
126 110 0.030303
129 110 0.030303
132 110 0.030303
134 110 0.030303
137 110 0.030303
152 110 0.030303
153 110 0.030303
155 110 0.030303
160 110 0.030303
163 110 0.030303
166 110 0.030303
169 110 0.030303
11 113 0.028571
12 113 0.028571
13 113 0.028571
25 113 0.028571
27 113 0.028571
32 113 0.028571
36 113 0.028571
39 113 0.028571
40 113 0.028571
41 113 0.028571
46 113 0.028571
49 113 0.028571
50 113 0.028571
53 113 0.028571
54 113 0.028571
58 113 0.028571
68 113 0.028571
77 113 0.028571
84 113 0.028571
91 113 0.028571
94 113 0.028571
104 113 0.028571
107 113 0.028571
111 113 0.028571
114 113 0.028571
118 113 0.028571
133 113 0.028571
135 113 0.028571
140 113 0.028571
148 113 0.028571
152 113 0.028571
156 113 0.028571
162 113 0.028571
165 113 0.028571
180 113 0.028571
11 122 0.034483
12 122 0.034483
20 122 0.034483
25 122 0.034483
34 122 0.034483
35 122 0.034483
36 122 0.034483
44 122 0.034483
61 122 0.034483
67 122 0.034483
71 122 0.034483
73 122 0.034483
85 122 0.034483
86 122 0.034483
88 122 0.034483
92 122 0.034483
95 122 0.034483
98 122 0.034483
100 122 0.034483
104 122 0.034483
109 122 0.034483
110 122 0.034483
121 122 0.034483
126 122 0.034483
145 122 0.034483
157 122 0.034483
165 122 0.034483
167 122 0.034483
174 122 0.034483
11 160 0.05
13 160 0.05
15 160 0.05
21 160 0.05
24 160 0.05
49 160 0.05
56 160 0.05
57 160 0.05
61 160 0.05
85 160 0.05
94 160 0.05
97 160 0.05
110 160 0.05
118 160 0.05
127 160 0.05
147 160 0.05
148 160 0.05
153 160 0.05
154 160 0.05
179 160 0.05
12 31 0.043478
26 31 0.043478
35 31 0.043478
40 31 0.043478
45 31 0.043478
47 31 0.043478
54 31 0.043478
56 31 0.043478
58 31 0.043478
59 31 0.043478
64 31 0.043478
68 31 0.043478
78 31 0.043478
85 31 0.043478
94 31 0.043478
96 31 0.043478
97 31 0.043478
98 31 0.043478
107 31 0.043478
118 31 0.043478
136 31 0.043478
152 31 0.043478
172 31 0.043478
12 46 0.043478
25 46 0.043478
26 46 0.043478
32 46 0.043478
34 46 0.043478
35 46 0.043478
37 46 0.043478
39 46 0.043478
47 46 0.043478
52 46 0.043478
71 46 0.043478
97 46 0.043478
99 46 0.043478
113 46 0.043478
116 46 0.043478
120 46 0.043478
125 46 0.043478
128 46 0.043478
131 46 0.043478
141 46 0.043478
154 46 0.043478
158 46 0.043478
159 46 0.043478
12 124 0.04
20 124 0.04
23 124 0.04
41 124 0.04
47 124 0.04
50 124 0.04
51 124 0.04
52 124 0.04
61 124 0.04
72 124 0.04
73 124 0.04
95 124 0.04
96 124 0.04
98 124 0.04
102 124 0.04
105 124 0.04
125 124 0.04
137 124 0.04
140 124 0.04
156 124 0.04
157 124 0.04
158 124 0.04
161 124 0.04
165 124 0.04
172 124 0.04
12 144 0.05
19 144 0.05
23 144 0.05
40 144 0.05
60 144 0.05
76 144 0.05
86 144 0.05
88 144 0.05
99 144 0.05
106 144 0.05
107 144 0.05
108 144 0.05
116 144 0.05
137 144 0.05
153 144 0.05
158 144 0.05
161 144 0.05
165 144 0.05
169 144 0.05
179 144 0.05
12 172 0.045455
16 172 0.045455
17 172 0.045455
20 172 0.045455
31 172 0.045455
42 172 0.045455
70 172 0.045455
83 172 0.045455
87 172 0.045455
94 172 0.045455
97 172 0.045455
107 172 0.045455
117 172 0.045455
119 172 0.045455
124 172 0.045455
128 172 0.045455
132 172 0.045455
139 172 0.045455
143 172 0.045455
146 172 0.045455
150 172 0.045455
176 172 0.045455
13 76 0.04
20 76 0.04
25 76 0.04
26 76 0.04
43 76 0.04
47 76 0.04
50 76 0.04
57 76 0.04
65 76 0.04
72 76 0.04
74 76 0.04
81 76 0.04
83 76 0.04
87 76 0.04
95 76 0.04
99 76 0.04
108 76 0.04
109 76 0.04
114 76 0.04
115 76 0.04
135 76 0.04
139 76 0.04
144 76 0.04
152 76 0.04
169 76 0.04
13 107 0.05
18 107 0.05
28 107 0.05
31 107 0.05
43 107 0.05
53 107 0.05
60 107 0.05
93 107 0.05
97 107 0.05
99 107 0.05
113 107 0.05
114 107 0.05
115 107 0.05
125 107 0.05
128 107 0.05
129 107 0.05
139 107 0.05
144 107 0.05
159 107 0.05
172 107 0.05
13 132 0.033333
17 132 0.033333
21 132 0.033333
28 132 0.033333
37 132 0.033333
43 132 0.033333
48 132 0.033333
57 132 0.033333
65 132 0.033333
66 132 0.033333
75 132 0.033333
80 132 0.033333
94 132 0.033333
109 132 0.033333
110 132 0.033333
112 132 0.033333
115 132 0.033333
118 132 0.033333
128 132 0.033333
129 132 0.033333
137 132 0.033333
139 132 0.033333
140 132 0.033333
145 132 0.033333
150 132 0.033333
157 132 0.033333
167 132 0.033333
171 132 0.033333
172 132 0.033333
178 132 0.033333
13 165 0.03125
14 165 0.03125
25 165 0.03125
26 165 0.03125
33 165 0.03125
35 165 0.03125
44 165 0.03125
50 165 0.03125
52 165 0.03125
56 165 0.03125
74 165 0.03125
77 165 0.03125
86 165 0.03125
88 165 0.03125
89 165 0.03125
96 165 0.03125
97 165 0.03125
113 165 0.03125
114 165 0.03125
117 165 0.03125
120 165 0.03125
122 165 0.03125
124 165 0.03125
127 165 0.03125
131 165 0.03125
140 165 0.03125
142 165 0.03125
144 165 0.03125
146 165 0.03125
157 165 0.03125
162 165 0.03125
168 165 0.03125
14 29 0.038462
15 29 0.038462
24 29 0.038462
28 29 0.038462
32 29 0.038462
34 29 0.038462
39 29 0.038462
41 29 0.038462
42 29 0.038462
48 29 0.038462
53 29 0.038462
54 29 0.038462
56 29 0.038462
58 29 0.038462
68 29 0.038462
73 29 0.038462
81 29 0.038462
117 29 0.038462
131 29 0.038462
134 29 0.038462
141 29 0.038462
142 29 0.038462
156 29 0.038462
159 29 0.038462
170 29 0.038462
178 29 0.038462
14 135 0.045455
15 135 0.045455
18 135 0.045455
24 135 0.045455
33 135 0.045455
48 135 0.045455
55 135 0.045455
76 135 0.045455
93 135 0.045455
101 135 0.045455
103 135 0.045455
104 135 0.045455
113 135 0.045455
117 135 0.045455
133 135 0.045455
136 135 0.045455
138 135 0.045455
143 135 0.045455
171 135 0.045455
173 135 0.045455
175 135 0.045455
176 135 0.045455
15 27 0.027778
19 27 0.027778
20 27 0.027778
24 27 0.027778
36 27 0.027778
39 27 0.027778
45 27 0.027778
47 27 0.027778
49 27 0.027778
50 27 0.027778
51 27 0.027778
53 27 0.027778
61 27 0.027778
65 27 0.027778
68 27 0.027778
70 27 0.027778
77 27 0.027778
80 27 0.027778
87 27 0.027778
89 27 0.027778
91 27 0.027778
99 27 0.027778
101 27 0.027778
113 27 0.027778
114 27 0.027778
116 27 0.027778
117 27 0.027778
120 27 0.027778
123 27 0.027778
127 27 0.027778
134 27 0.027778
146 27 0.027778
152 27 0.027778
153 27 0.027778
167 27 0.027778
176 27 0.027778
15 51 0.047619
27 51 0.047619
30 51 0.047619
32 51 0.047619
43 51 0.047619
47 51 0.047619
53 51 0.047619
58 51 0.047619
59 51 0.047619
60 51 0.047619
63 51 0.047619
68 51 0.047619
86 51 0.047619
91 51 0.047619
106 51 0.047619
110 51 0.047619
124 51 0.047619
140 51 0.047619
145 51 0.047619
158 51 0.047619
163 51 0.047619
15 73 0.037037
20 73 0.037037
29 73 0.037037
39 73 0.037037
65 73 0.037037
70 73 0.037037
75 73 0.037037
84 73 0.037037
89 73 0.037037
90 73 0.037037
94 73 0.037037
98 73 0.037037
99 73 0.037037
101 73 0.037037
111 73 0.037037
114 73 0.037037
120 73 0.037037
122 73 0.037037
124 73 0.037037
134 73 0.037037
161 73 0.037037
162 73 0.037037
167 73 0.037037
168 73 0.037037
169 73 0.037037
173 73 0.037037
176 73 0.037037
15 81 0.034483
21 81 0.034483
29 81 0.034483
32 81 0.034483
35 81 0.034483
38 81 0.034483
41 81 0.034483
49 81 0.034483
61 81 0.034483
67 81 0.034483
72 81 0.034483
76 81 0.034483
92 81 0.034483
94 81 0.034483
95 81 0.034483
102 81 0.034483
103 81 0.034483
105 81 0.034483
109 81 0.034483
110 81 0.034483
117 81 0.034483
121 81 0.034483
125 81 0.034483
126 81 0.034483
141 81 0.034483
143 81 0.034483
147 81 0.034483
153 81 0.034483
164 81 0.034483
16 18 0.052632
20 18 0.052632
28 18 0.052632
36 18 0.052632
50 18 0.052632
70 18 0.052632
78 18 0.052632
79 18 0.052632
104 18 0.052632
105 18 0.052632
107 18 0.052632
116 18 0.052632
135 18 0.052632
141 18 0.052632
142 18 0.052632
143 18 0.052632
145 18 0.052632
151 18 0.052632
158 18 0.052632
16 77 0.03125
24 77 0.03125
27 77 0.03125
33 77 0.03125
34 77 0.03125
52 77 0.03125
55 77 0.03125
57 77 0.03125
69 77 0.03125
74 77 0.03125
83 77 0.03125
88 77 0.03125
93 77 0.03125
101 77 0.03125
105 77 0.03125
108 77 0.03125
113 77 0.03125
117 77 0.03125
125 77 0.03125
127 77 0.03125
128 77 0.03125
146 77 0.03125
149 77 0.03125
155 77 0.03125
156 77 0.03125
163 77 0.03125
164 77 0.03125
165 77 0.03125
169 77 0.03125
171 77 0.03125
176 77 0.03125
180 77 0.03125
16 159 0.052632
28 159 0.052632
29 159 0.052632
45 159 0.052632
46 159 0.052632
63 159 0.052632
82 159 0.052632
90 159 0.052632
107 159 0.052632
125 159 0.052632
133 159 0.052632
143 159 0.052632
152 159 0.052632
153 159 0.052632
166 159 0.052632
168 159 0.052632
169 159 0.052632
170 159 0.052632
177 159 0.052632
17 80 0.035714
21 80 0.035714
25 80 0.035714
27 80 0.035714
33 80 0.035714
52 80 0.035714
55 80 0.035714
61 80 0.035714
78 80 0.035714
86 80 0.035714
88 80 0.035714
94 80 0.035714
97 80 0.035714
110 80 0.035714
112 80 0.035714
114 80 0.035714
117 80 0.035714
127 80 0.035714
128 80 0.035714
132 80 0.035714
139 80 0.035714
142 80 0.035714
153 80 0.035714
157 80 0.035714
171 80 0.035714
173 80 0.035714
175 80 0.035714
180 80 0.035714
17 143 0.04
18 143 0.04
32 143 0.04
39 143 0.04
47 143 0.04
48 143 0.04
54 143 0.04
68 143 0.04
74 143 0.04
81 143 0.04
83 143 0.04
87 143 0.04
91 143 0.04
92 143 0.04
95 143 0.04
115 143 0.04
116 143 0.04
126 143 0.04
135 143 0.04
147 143 0.04
153 143 0.04
159 143 0.04
172 143 0.04
173 143 0.04
177 143 0.04
19 138 0.03125
25 138 0.03125
32 138 0.03125
33 138 0.03125
40 138 0.03125
45 138 0.03125
48 138 0.03125
53 138 0.03125
55 138 0.03125
56 138 0.03125
57 138 0.03125
59 138 0.03125
61 138 0.03125
68 138 0.03125
79 138 0.03125
82 138 0.03125
87 138 0.03125
93 138 0.03125
95 138 0.03125
96 138 0.03125
97 138 0.03125
111 138 0.03125
115 138 0.03125
118 138 0.03125
120 138 0.03125
130 138 0.03125
135 138 0.03125
137 138 0.03125
148 138 0.03125
149 138 0.03125
151 138 0.03125
168 138 0.03125
20 53 0.035714
25 53 0.035714
26 53 0.035714
27 53 0.035714
29 53 0.035714
44 53 0.035714
51 53 0.035714
56 53 0.035714
57 53 0.035714
65 53 0.035714
84 53 0.035714
98 53 0.035714
101 53 0.035714
102 53 0.035714
107 53 0.035714
112 53 0.035714
113 53 0.035714
117 53 0.035714
127 53 0.035714
129 53 0.035714
137 53 0.035714
138 53 0.035714
142 53 0.035714
148 53 0.035714
151 53 0.035714
157 53 0.035714
171 53 0.035714
176 53 0.035714
21 171 0.05
30 171 0.05
37 171 0.05
49 171 0.05
53 171 0.05
56 171 0.05
71 171 0.05
77 171 0.05
80 171 0.05
89 171 0.05
94 171 0.05
102 171 0.05
109 171 0.05
129 171 0.05
131 171 0.05
132 171 0.05
135 171 0.05
137 171 0.05
162 171 0.05
163 171 0.05
22 88 0.041667
24 88 0.041667
33 88 0.041667
54 88 0.041667
71 88 0.041667
77 88 0.041667
80 88 0.041667
82 88 0.041667
89 88 0.041667
94 88 0.041667
96 88 0.041667
108 88 0.041667
110 88 0.041667
118 88 0.041667
121 88 0.041667
122 88 0.041667
137 88 0.041667
142 88 0.041667
144 88 0.041667
153 88 0.041667
165 88 0.041667
168 88 0.041667
169 88 0.041667
170 88 0.041667
30 66 0.0625
62 66 0.0625
63 66 0.0625
69 66 0.0625
94 66 0.0625
112 66 0.0625
116 66 0.0625
118 66 0.0625
119 66 0.0625
121 66 0.0625
132 66 0.0625
161 66 0.0625
162 66 0.0625
164 66 0.0625
169 66 0.0625
176 66 0.0625
32 121 0.035714
35 121 0.035714
43 121 0.035714
50 121 0.035714
56 121 0.035714
61 121 0.035714
62 121 0.035714
66 121 0.035714
71 121 0.035714
78 121 0.035714
81 121 0.035714
88 121 0.035714
90 121 0.035714
91 121 0.035714
101 121 0.035714
109 121 0.035714
117 121 0.035714
122 121 0.035714
123 121 0.035714
127 121 0.035714
128 121 0.035714
129 121 0.035714
134 121 0.035714
145 121 0.035714
148 121 0.035714
150 121 0.035714
163 121 0.035714
177 121 0.035714
34 130 0.043478
40 130 0.043478
41 130 0.043478
43 130 0.043478
47 130 0.043478
52 130 0.043478
64 130 0.043478
67 130 0.043478
71 130 0.043478
102 130 0.043478
104 130 0.043478
105 130 0.043478
109 130 0.043478
118 130 0.043478
119 130 0.043478
125 130 0.043478
138 130 0.043478
141 130 0.043478
147 130 0.043478
148 130 0.043478
150 130 0.043478
175 130 0.043478
178 130 0.043478
45 112 0.05
53 112 0.05
54 112 0.05
55 112 0.05
66 112 0.05
78 112 0.05
79 112 0.05
80 112 0.05
83 112 0.05
100 112 0.05
109 112 0.05
110 112 0.05
114 112 0.05
120 112 0.05
131 112 0.05
132 112 0.05
136 112 0.05
142 112 0.05
150 112 0.05
154 112 0.05
8 0 0.029412
10 0 0.029412
19 0 0.029412
25 0 0.029412
35 0 0.029412
38 0 0.029412
42 0 0.029412
43 0 0.029412
44 0 0.029412
47 0 0.029412
55 0 0.029412
56 0 0.029412
60 0 0.029412
64 0 0.029412
65 0 0.029412
68 0 0.029412
70 0 0.029412
74 0 0.029412
82 0 0.029412
83 0 0.029412
87 0 0.029412
93 0 0.029412
100 0 0.029412
108 0 0.029412
116 0 0.029412
119 0 0.029412
126 0 0.029412
136 0 0.029412
139 0 0.029412
147 0 0.029412
151 0 0.029412
155 0 0.029412
167 0 0.029412
175 0 0.029412
2 1 0.035714
8 1 0.035714
9 1 0.035714
11 1 0.035714
14 1 0.035714
26 1 0.035714
30 1 0.035714
32 1 0.035714
45 1 0.035714
48 1 0.035714
59 1 0.035714
71 1 0.035714
75 1 0.035714
83 1 0.035714
84 1 0.035714
85 1 0.035714
103 1 0.035714
104 1 0.035714
106 1 0.035714
119 1 0.035714
125 1 0.035714
131 1 0.035714
147 1 0.035714
148 1 0.035714
150 1 0.035714
154 1 0.035714
155 1 0.035714
170 1 0.035714
44 3 0.090909
56 3 0.090909
62 3 0.090909
82 3 0.090909
98 3 0.090909
105 3 0.090909
108 3 0.090909
119 3 0.090909
120 3 0.090909
152 3 0.090909
157 3 0.090909
7 4 0.04
16 4 0.04
19 4 0.04
37 4 0.04
40 4 0.04
49 4 0.04
50 4 0.04
52 4 0.04
67 4 0.04
70 4 0.04
87 4 0.04
90 4 0.04
91 4 0.04
100 4 0.04
128 4 0.04
134 4 0.04
141 4 0.04
142 4 0.04
146 4 0.04
149 4 0.04
162 4 0.04
163 4 0.04
168 4 0.04
173 4 0.04
177 4 0.04
25 5 0.035714
28 5 0.035714
30 5 0.035714
33 5 0.035714
36 5 0.035714
41 5 0.035714
47 5 0.035714
48 5 0.035714
54 5 0.035714
67 5 0.035714
70 5 0.035714
74 5 0.035714
92 5 0.035714
97 5 0.035714
102 5 0.035714
104 5 0.035714
109 5 0.035714
117 5 0.035714
120 5 0.035714
125 5 0.035714
133 5 0.035714
136 5 0.035714
141 5 0.035714
156 5 0.035714
161 5 0.035714
168 5 0.035714
173 5 0.035714
175 5 0.035714
11 6 0.037037
15 6 0.037037
17 6 0.037037
21 6 0.037037
30 6 0.037037
34 6 0.037037
37 6 0.037037
41 6 0.037037
44 6 0.037037
48 6 0.037037
52 6 0.037037
56 6 0.037037
58 6 0.037037
70 6 0.037037
97 6 0.037037
100 6 0.037037
118 6 0.037037
137 6 0.037037
141 6 0.037037
158 6 0.037037
164 6 0.037037
166 6 0.037037
167 6 0.037037
168 6 0.037037
174 6 0.037037
178 6 0.037037
179 6 0.037037
27 24 0.029412
28 24 0.029412
29 24 0.029412
30 24 0.029412
36 24 0.029412
37 24 0.029412
42 24 0.029412
45 24 0.029412
55 24 0.029412
58 24 0.029412
64 24 0.029412
74 24 0.029412
77 24 0.029412
84 24 0.029412
85 24 0.029412
87 24 0.029412
88 24 0.029412
97 24 0.029412
104 24 0.029412
105 24 0.029412
110 24 0.029412
111 24 0.029412
115 24 0.029412
128 24 0.029412
135 24 0.029412
136 24 0.029412
147 24 0.029412
153 24 0.029412
160 24 0.029412
161 24 0.029412
168 24 0.029412
170 24 0.029412
176 24 0.029412
178 24 0.029412
