0 11 0.076923
3 11 0.076923
13 11 0.076923
20 11 0.076923
21 11 0.076923
40 11 0.076923
49 11 0.076923
51 11 0.076923
63 11 0.076923
68 11 0.076923
82 11 0.076923
85 11 0.076923
103 11 0.076923
0 15 0.058824
13 15 0.058824
14 15 0.058824
16 15 0.058824
22 15 0.058824
29 15 0.058824
33 15 0.058824
39 15 0.058824
46 15 0.058824
47 15 0.058824
57 15 0.058824
77 15 0.058824
81 15 0.058824
99 15 0.058824
101 15 0.058824
105 15 0.058824
110 15 0.058824
0 27 0.052632
1 27 0.052632
9 27 0.052632
12 27 0.052632
16 27 0.052632
36 27 0.052632
51 27 0.052632
61 27 0.052632
67 27 0.052632
68 27 0.052632
72 27 0.052632
75 27 0.052632
78 27 0.052632
81 27 0.052632
85 27 0.052632
89 27 0.052632
92 27 0.052632
104 27 0.052632
107 27 0.052632
0 30 0.058824
3 30 0.058824
5 30 0.058824
10 30 0.058824
14 30 0.058824
16 30 0.058824
28 30 0.058824
40 30 0.058824
41 30 0.058824
46 30 0.058824
47 30 0.058824
52 30 0.058824
54 30 0.058824
58 30 0.058824
76 30 0.058824
77 30 0.058824
87 30 0.058824
0 41 0.1
6 41 0.1
30 41 0.1
31 41 0.1
32 41 0.1
65 41 0.1
81 41 0.1
93 41 0.1
102 41 0.1
107 41 0.1
0 43 0.083333
18 43 0.083333
20 43 0.083333
35 43 0.083333
42 43 0.083333
46 43 0.083333
47 43 0.083333
70 43 0.083333
71 43 0.083333
78 43 0.083333
93 43 0.083333
97 43 0.083333
0 45 0.076923
47 45 0.076923
51 45 0.076923
53 45 0.076923
55 45 0.076923
57 45 0.076923
61 45 0.076923
77 45 0.076923
82 45 0.076923
91 45 0.076923
102 45 0.076923
106 45 0.076923
110 45 0.076923
0 47 0.0625
15 47 0.0625
30 47 0.0625
33 47 0.0625
39 47 0.0625
43 47 0.0625
45 47 0.0625
46 47 0.0625
49 47 0.0625
60 47 0.0625
70 47 0.0625
72 47 0.0625
74 47 0.0625
85 47 0.0625
92 47 0.0625
108 47 0.0625
0 53 0.055556
1 53 0.055556
8 53 0.055556
9 53 0.055556
10 53 0.055556
21 53 0.055556
33 53 0.055556
45 53 0.055556
52 53 0.055556
56 53 0.055556
68 53 0.055556
76 53 0.055556
88 53 0.055556
96 53 0.055556
98 53 0.055556
101 53 0.055556
104 53 0.055556
108 53 0.055556
0 55 0.05
4 55 0.05
13 55 0.05
14 55 0.05
19 55 0.05
26 55 0.05
35 55 0.05
45 55 0.05
52 55 0.05
54 55 0.05
59 55 0.05
66 55 0.05
71 55 0.05
75 55 0.05
82 55 0.05
92 55 0.05
98 55 0.05
102 55 0.05
103 55 0.05
108 55 0.05
0 57 0.058824
3 57 0.058824
15 57 0.058824
19 57 0.058824
24 57 0.058824
26 57 0.058824
29 57 0.058824
36 57 0.058824
45 57 0.058824
49 57 0.058824
50 57 0.058824
54 57 0.058824
56 57 0.058824
76 57 0.058824
86 57 0.058824
106 57 0.058824
111 57 0.058824
0 64 0.055556
1 64 0.055556
4 64 0.055556
6 64 0.055556
13 64 0.055556
18 64 0.055556
19 64 0.055556
24 64 0.055556
34 64 0.055556
35 64 0.055556
46 64 0.055556
61 64 0.055556
68 64 0.055556
72 64 0.055556
74 64 0.055556
102 64 0.055556
107 64 0.055556
108 64 0.055556
0 65 0.0625
5 65 0.0625
12 65 0.0625
31 65 0.0625
32 65 0.0625
34 65 0.0625
36 65 0.0625
41 65 0.0625
42 65 0.0625
52 65 0.0625
59 65 0.0625
78 65 0.0625
79 65 0.0625
91 65 0.0625
96 65 0.0625
108 65 0.0625
0 66 0.052632
7 66 0.052632
19 66 0.052632
22 66 0.052632
23 66 0.052632
32 66 0.052632
36 66 0.052632
40 66 0.052632
55 66 0.052632
59 66 0.052632
67 66 0.052632
73 66 0.052632
75 66 0.052632
78 66 0.052632
90 66 0.052632
100 66 0.052632
104 66 0.052632
107 66 0.052632
110 66 0.052632
0 78 0.058824
21 78 0.058824
27 78 0.058824
37 78 0.058824
43 78 0.058824
44 78 0.058824
58 78 0.058824
65 78 0.058824
66 78 0.058824
69 78 0.058824
71 78 0.058824
72 78 0.058824
82 78 0.058824
84 78 0.058824
93 78 0.058824
96 78 0.058824
103 78 0.058824
0 96 0.058824
6 96 0.058824
8 96 0.058824
12 96 0.058824
19 96 0.058824
20 96 0.058824
34 96 0.058824
52 96 0.058824
53 96 0.058824
54 96 0.058824
62 96 0.058824
65 96 0.058824
68 96 0.058824
78 96 0.058824
79 96 0.058824
89 96 0.058824
106 96 0.058824
0 107 0.038462
4 107 0.038462
8 107 0.038462
10 107 0.038462
19 107 0.038462
26 107 0.038462
27 107 0.038462
34 107 0.038462
35 107 0.038462
38 107 0.038462
41 107 0.038462
46 107 0.038462
51 107 0.038462
52 107 0.038462
60 107 0.038462
64 107 0.038462
66 107 0.038462
73 107 0.038462
82 107 0.038462
90 107 0.038462
92 107 0.038462
97 107 0.038462
102 107 0.038462
103 107 0.038462
108 107 0.038462
109 107 0.038462
1 2 0.125
17 2 0.125
28 2 0.125
32 2 0.125
33 2 0.125
36 2 0.125
77 2 0.125
98 2 0.125
1 6 0.066667
16 6 0.066667
17 6 0.066667
21 6 0.066667
24 6 0.066667
39 6 0.066667
41 6 0.066667
52 6 0.066667
64 6 0.066667
81 6 0.066667
86 6 0.066667
87 6 0.066667
91 6 0.066667
96 6 0.066667
108 6 0.066667
1 46 0.043478
3 46 0.043478
5 46 0.043478
15 46 0.043478
28 46 0.043478
30 46 0.043478
33 46 0.043478
34 46 0.043478
40 46 0.043478
43 46 0.043478
47 46 0.043478
49 46 0.043478
59 46 0.043478
64 46 0.043478
67 46 0.043478
68 46 0.043478
81 46 0.043478
83 46 0.043478
91 46 0.043478
92 46 0.043478
95 46 0.043478
98 46 0.043478
107 46 0.043478
1 49 0.041667
11 49 0.041667
12 49 0.041667
13 49 0.041667
16 49 0.041667
23 49 0.041667
36 49 0.041667
46 49 0.041667
47 49 0.041667
51 49 0.041667
57 49 0.041667
58 49 0.041667
61 49 0.041667
80 49 0.041667
84 49 0.041667
86 49 0.041667
88 49 0.041667
91 49 0.041667
92 49 0.041667
93 49 0.041667
99 49 0.041667
101 49 0.041667
103 49 0.041667
109 49 0.041667
1 52 0.041667
6 52 0.041667
10 52 0.041667
12 52 0.041667
28 52 0.041667
30 52 0.041667
51 52 0.041667
53 52 0.041667
55 52 0.041667
59 52 0.041667
60 52 0.041667
63 52 0.041667
65 52 0.041667
76 52 0.041667
80 52 0.041667
83 52 0.041667
87 52 0.041667
89 52 0.041667
92 52 0.041667
95 52 0.041667
96 52 0.041667
105 52 0.041667
107 52 0.041667
111 52 0.041667
1 54 0.0625
8 54 0.0625
22 54 0.0625
24 54 0.0625
29 54 0.0625
30 54 0.0625
36 54 0.0625
55 54 0.0625
57 54 0.0625
62 54 0.0625
70 54 0.0625
81 54 0.0625
89 54 0.0625
92 54 0.0625
95 54 0.0625
96 54 0.0625
1 56 0.055556
9 56 0.055556
21 56 0.055556
22 56 0.055556
24 56 0.055556
34 56 0.055556
37 56 0.055556
44 56 0.055556
51 56 0.055556
53 56 0.055556
57 56 0.055556
63 56 0.055556
82 56 0.055556
91 56 0.055556
102 56 0.055556
104 56 0.055556
110 56 0.055556
111 56 0.055556
1 60 0.041667
16 60 0.041667
19 60 0.041667
22 60 0.041667
35 60 0.041667
36 60 0.041667
38 60 0.041667
40 60 0.041667
44 60 0.041667
47 60 0.041667
50 60 0.041667
51 60 0.041667
52 60 0.041667
59 60 0.041667
68 60 0.041667
85 60 0.041667
87 60 0.041667
88 60 0.041667
91 60 0.041667
94 60 0.041667
97 60 0.041667
104 60 0.041667
107 60 0.041667
111 60 0.041667
1 81 0.055556
4 81 0.055556
5 81 0.055556
6 81 0.055556
13 81 0.055556
15 81 0.055556
20 81 0.055556
22 81 0.055556
27 81 0.055556
35 81 0.055556
37 81 0.055556
38 81 0.055556
41 81 0.055556
46 81 0.055556
51 81 0.055556
54 81 0.055556
97 81 0.055556
104 81 0.055556
1 86 0.058824
6 86 0.058824
9 86 0.058824
13 86 0.058824
22 86 0.058824
35 86 0.058824
36 86 0.058824
48 86 0.058824
49 86 0.058824
57 86 0.058824
69 86 0.058824
82 86 0.058824
91 86 0.058824
95 86 0.058824
99 86 0.058824
103 86 0.058824
109 86 0.058824
1 97 0.071429
4 97 0.071429
14 97 0.071429
24 97 0.071429
38 97 0.071429
43 97 0.071429
48 97 0.071429
58 97 0.071429
60 97 0.071429
73 97 0.071429
81 97 0.071429
85 97 0.071429
95 97 0.071429
107 97 0.071429
1 99 0.066667
4 99 0.066667
5 99 0.066667
10 99 0.066667
15 99 0.066667
20 99 0.066667
22 99 0.066667
38 99 0.066667
49 99 0.066667
50 99 0.066667
51 99 0.066667
76 99 0.066667
86 99 0.066667
91 99 0.066667
110 99 0.066667
1 108 0.041667
6 108 0.041667
7 108 0.041667
9 108 0.041667
18 108 0.041667
26 108 0.041667
33 108 0.041667
44 108 0.041667
47 108 0.041667
53 108 0.041667
55 108 0.041667
58 108 0.041667
59 108 0.041667
64 108 0.041667
65 108 0.041667
72 108 0.041667
80 108 0.041667
92 108 0.041667
100 108 0.041667
103 108 0.041667
105 108 0.041667
107 108 0.041667
109 108 0.041667
111 108 0.041667
1 110 0.083333
10 110 0.083333
15 110 0.083333
40 110 0.083333
45 110 0.083333
56 110 0.083333
66 110 0.083333
69 110 0.083333
89 110 0.083333
94 110 0.083333
99 110 0.083333
104 110 0.083333
1 111 0.090909
21 111 0.090909
28 111 0.090909
52 111 0.090909
56 111 0.090909
57 111 0.090909
58 111 0.090909
60 111 0.090909
76 111 0.090909
95 111 0.090909
108 111 0.090909
2 17 0.083333
4 17 0.083333
6 17 0.083333
21 17 0.083333
23 17 0.083333
39 17 0.083333
44 17 0.083333
69 17 0.083333
72 17 0.083333
83 17 0.083333
104 17 0.083333
109 17 0.083333
2 28 0.047619
9 28 0.047619
12 28 0.047619
16 28 0.047619
22 28 0.047619
30 28 0.047619
32 28 0.047619
38 28 0.047619
46 28 0.047619
52 28 0.047619
72 28 0.047619
76 28 0.047619
84 28 0.047619
87 28 0.047619
92 28 0.047619
93 28 0.047619
94 28 0.047619
95 28 0.047619
101 28 0.047619
104 28 0.047619
111 28 0.047619
2 32 0.090909
28 32 0.090909
39 32 0.090909
41 32 0.090909
65 32 0.090909
66 32 0.090909
74 32 0.090909
77 32 0.090909
100 32 0.090909
101 32 0.090909
103 32 0.090909
2 33 0.058824
3 33 0.058824
15 33 0.058824
20 33 0.058824
40 33 0.058824
46 33 0.058824
47 33 0.058824
48 33 0.058824
50 33 0.058824
53 33 0.058824
62 33 0.058824
74 33 0.058824
79 33 0.058824
89 33 0.058824
104 33 0.058824
105 33 0.058824
108 33 0.058824
2 36 0.058824
8 36 0.058824
16 36 0.058824
24 36 0.058824
27 36 0.058824
40 36 0.058824
44 36 0.058824
49 36 0.058824
50 36 0.058824
54 36 0.058824
57 36 0.058824
60 36 0.058824
63 36 0.058824
65 36 0.058824
66 36 0.058824
70 36 0.058824
86 36 0.058824
2 77 0.071429
3 77 0.071429
9 77 0.071429
10 77 0.071429
15 77 0.071429
18 77 0.071429
30 77 0.071429
32 77 0.071429
38 77 0.071429
45 77 0.071429
48 77 0.071429
50 77 0.071429
71 77 0.071429
100 77 0.071429
2 98 0.076923
46 98 0.076923
53 98 0.076923
55 98 0.076923
59 98 0.076923
61 98 0.076923
67 98 0.076923
70 98 0.076923
72 98 0.076923
75 98 0.076923
88 98 0.076923
90 98 0.076923
104 98 0.076923
3 5 0.0625
9 5 0.0625
14 5 0.0625
25 5 0.0625
30 5 0.0625
39 5 0.0625
46 5 0.0625
51 5 0.0625
65 5 0.0625
81 5 0.0625
82 5 0.0625
85 5 0.0625
92 5 0.0625
99 5 0.0625
101 5 0.0625
103 5 0.0625
3 10 0.058824
4 10 0.058824
9 10 0.058824
13 10 0.058824
14 10 0.058824
24 10 0.058824
30 10 0.058824
31 10 0.058824
50 10 0.058824
52 10 0.058824
53 10 0.058824
63 10 0.058824
77 10 0.058824
99 10 0.058824
107 10 0.058824
109 10 0.058824
110 10 0.058824
3 31 0.1
8 31 0.1
10 31 0.1
14 31 0.1
18 31 0.1
23 31 0.1
41 31 0.1
65 31 0.1
82 31 0.1
105 31 0.1
3 34 0.0625
12 34 0.0625
21 34 0.0625
24 34 0.0625
29 34 0.0625
46 34 0.0625
48 34 0.0625
56 34 0.0625
64 34 0.0625
65 34 0.0625
69 34 0.0625
91 34 0.0625
96 34 0.0625
100 34 0.0625
104 34 0.0625
107 34 0.0625
3 40 0.041667
9 40 0.041667
11 40 0.041667
18 40 0.041667
20 40 0.041667
23 40 0.041667
26 40 0.041667
30 40 0.041667
33 40 0.041667
35 40 0.041667
36 40 0.041667
46 40 0.041667
50 40 0.041667
58 40 0.041667
60 40 0.041667
63 40 0.041667
66 40 0.041667
72 40 0.041667
73 40 0.041667
79 40 0.041667
82 40 0.041667
83 40 0.041667
89 40 0.041667
110 40 0.041667
3 42 0.083333
9 42 0.083333
21 42 0.083333
22 42 0.083333
24 42 0.083333
35 42 0.083333
37 42 0.083333
43 42 0.083333
58 42 0.083333
65 42 0.083333
72 42 0.083333
94 42 0.083333
3 72 0.055556
12 72 0.055556
17 72 0.055556
21 72 0.055556
27 72 0.055556
28 72 0.055556
37 72 0.055556
40 72 0.055556
42 72 0.055556
47 72 0.055556
50 72 0.055556
64 72 0.055556
69 72 0.055556
78 72 0.055556
80 72 0.055556
82 72 0.055556
98 72 0.055556
108 72 0.055556
3 100 0.055556
7 100 0.055556
8 100 0.055556
16 100 0.055556
19 100 0.055556
32 100 0.055556
34 100 0.055556
51 100 0.055556
58 100 0.055556
59 100 0.055556
66 100 0.055556
77 100 0.055556
79 100 0.055556
80 100 0.055556
89 100 0.055556
90 100 0.055556
94 100 0.055556
108 100 0.055556
4 23 0.076923
12 23 0.076923
17 23 0.076923
19 23 0.076923
26 23 0.076923
31 23 0.076923
40 23 0.076923
49 23 0.076923
50 23 0.076923
66 23 0.076923
92 23 0.076923
105 23 0.076923
106 23 0.076923
4 25 0.071429
5 25 0.071429
22 25 0.071429
26 25 0.071429
58 25 0.071429
59 25 0.071429
61 25 0.071429
68 25 0.071429
69 25 0.071429
70 25 0.071429
71 25 0.071429
88 25 0.071429
94 25 0.071429
106 25 0.071429
4 35 0.052632
14 35 0.052632
38 35 0.052632
40 35 0.052632
42 35 0.052632
43 35 0.052632
55 35 0.052632
60 35 0.052632
64 35 0.052632
67 35 0.052632
81 35 0.052632
83 35 0.052632
85 35 0.052632
86 35 0.052632
88 35 0.052632
92 35 0.052632
93 35 0.052632
103 35 0.052632
107 35 0.052632
4 61 0.0625
12 61 0.0625
25 61 0.0625
27 61 0.0625
29 61 0.0625
45 61 0.0625
49 61 0.0625
64 61 0.0625
70 61 0.0625
71 61 0.0625
73 61 0.0625
88 61 0.0625
98 61 0.0625
101 61 0.0625
105 61 0.0625
106 61 0.0625
4 79 0.066667
9 79 0.066667
24 79 0.066667
33 79 0.066667
39 79 0.066667
40 79 0.066667
59 79 0.066667
63 79 0.066667
65 79 0.066667
70 79 0.066667
71 79 0.066667
73 79 0.066667
96 79 0.066667
100 79 0.066667
104 79 0.066667
4 85 0.066667
5 85 0.066667
11 85 0.066667
27 85 0.066667
29 85 0.066667
35 85 0.066667
47 85 0.066667
50 85 0.066667
60 85 0.066667
63 85 0.066667
75 85 0.066667
88 85 0.066667
90 85 0.066667
97 85 0.066667
104 85 0.066667
4 88 0.058824
25 88 0.058824
26 88 0.058824
35 88 0.058824
37 88 0.058824
39 88 0.058824
49 88 0.058824
51 88 0.058824
53 88 0.058824
60 88 0.058824
61 88 0.058824
69 88 0.058824
84 88 0.058824
85 88 0.058824
91 88 0.058824
98 88 0.058824
105 88 0.058824
4 91 0.05
6 91 0.05
18 91 0.05
19 91 0.05
34 91 0.05
37 91 0.05
45 91 0.05
46 91 0.05
49 91 0.05
56 91 0.05
60 91 0.05
65 91 0.05
84 91 0.05
86 91 0.05
88 91 0.05
89 91 0.05
90 91 0.05
93 91 0.05
95 91 0.05
99 91 0.05
4 105 0.058824
9 105 0.058824
13 105 0.058824
15 105 0.058824
20 105 0.058824
22 105 0.058824
23 105 0.058824
31 105 0.058824
33 105 0.058824
37 105 0.058824
52 105 0.058824
61 105 0.058824
62 105 0.058824
76 105 0.058824
88 105 0.058824
104 105 0.058824
108 105 0.058824
4 109 0.05
8 109 0.05
10 109 0.05
17 109 0.05
20 109 0.05
26 109 0.05
37 109 0.05
49 109 0.05
50 109 0.05
51 109 0.05
59 109 0.05
74 109 0.05
76 109 0.05
84 109 0.05
86 109 0.05
89 109 0.05
90 109 0.05
94 109 0.05
107 109 0.05
108 109 0.05
5 9 0.055556
7 9 0.055556
10 9 0.055556
18 9 0.055556
27 9 0.055556
28 9 0.055556
40 9 0.055556
42 9 0.055556
53 9 0.055556
56 9 0.055556
68 9 0.055556
77 9 0.055556
79 9 0.055556
80 9 0.055556
86 9 0.055556
93 9 0.055556
105 9 0.055556
108 9 0.055556
5 14 0.0625
10 14 0.0625
12 14 0.0625
15 14 0.0625
30 14 0.0625
31 14 0.0625
35 14 0.0625
55 14 0.0625
59 14 0.0625
70 14 0.0625
71 14 0.0625
74 14 0.0625
76 14 0.0625
80 14 0.0625
93 14 0.0625
97 14 0.0625
5 39 0.066667
6 39 0.066667
13 39 0.066667
15 39 0.066667
17 39 0.066667
29 39 0.066667
32 39 0.066667
47 39 0.066667
69 39 0.066667
79 39 0.066667
88 39 0.066667
89 39 0.066667
92 39 0.066667
93 39 0.066667
104 39 0.066667
5 51 0.045455
7 51 0.045455
11 51 0.045455
12 51 0.045455
16 51 0.045455
27 51 0.045455
45 51 0.045455
49 51 0.045455
52 51 0.045455
56 51 0.045455
58 51 0.045455
60 51 0.045455
70 51 0.045455
71 51 0.045455
81 51 0.045455
87 51 0.045455
88 51 0.045455
89 51 0.045455
99 51 0.045455
100 51 0.045455
107 51 0.045455
109 51 0.045455
5 82 0.045455
11 82 0.045455
18 82 0.045455
21 82 0.045455
29 82 0.045455
31 82 0.045455
40 82 0.045455
45 82 0.045455
55 82 0.045455
56 82 0.045455
62 82 0.045455
63 82 0.045455
68 82 0.045455
72 82 0.045455
76 82 0.045455
78 82 0.045455
86 82 0.045455
87 82 0.045455
92 82 0.045455
93 82 0.045455
95 82 0.045455
107 82 0.045455
5 92 0.055556
20 92 0.055556
23 92 0.055556
27 92 0.055556
28 92 0.055556
35 92 0.055556
39 92 0.055556
46 92 0.055556
47 92 0.055556
49 92 0.055556
52 92 0.055556
54 92 0.055556
55 92 0.055556
70 92 0.055556
73 92 0.055556
82 92 0.055556
107 92 0.055556
108 92 0.055556
5 101 0.071429
15 101 0.071429
19 101 0.071429
24 101 0.071429
28 101 0.071429
29 101 0.071429
32 101 0.071429
49 101 0.071429
53 101 0.071429
59 101 0.071429
61 101 0.071429
73 101 0.071429
89 101 0.071429
94 101 0.071429
5 103 0.055556
11 103 0.055556
13 103 0.055556
32 103 0.055556
35 103 0.055556
49 103 0.055556
55 103 0.055556
59 103 0.055556
62 103 0.055556
69 103 0.055556
78 103 0.055556
80 103 0.055556
86 103 0.055556
94 103 0.055556
102 103 0.055556
104 103 0.055556
107 103 0.055556
108 103 0.055556
6 16 0.055556
15 16 0.055556
20 16 0.055556
27 16 0.055556
28 16 0.055556
29 16 0.055556
30 16 0.055556
36 16 0.055556
48 16 0.055556
49 16 0.055556
51 16 0.055556
59 16 0.055556
60 16 0.055556
67 16 0.055556
69 16 0.055556
80 16 0.055556
87 16 0.055556
100 16 0.055556
6 21 0.066667
11 21 0.066667
17 21 0.066667
20 21 0.066667
34 21 0.066667
42 21 0.066667
53 21 0.066667
56 21 0.066667
68 21 0.066667
72 21 0.066667
75 21 0.066667
78 21 0.066667
82 21 0.066667
90 21 0.066667
111 21 0.066667
6 24 0.055556
10 24 0.055556
34 24 0.055556
36 24 0.055556
38 24 0.055556
42 24 0.055556
48 24 0.055556
54 24 0.055556
56 24 0.055556
57 24 0.055556
64 24 0.055556
74 24 0.055556
79 24 0.055556
90 24 0.055556
94 24 0.055556
97 24 0.055556
101 24 0.055556
102 24 0.055556
6 87 0.076923
13 87 0.076923
16 87 0.076923
18 87 0.076923
28 87 0.076923
30 87 0.076923
51 87 0.076923
52 87 0.076923
60 87 0.076923
71 87 0.076923
74 87 0.076923
76 87 0.076923
82 87 0.076923
7 22 0.047619
8 22 0.047619
12 22 0.047619
15 22 0.047619
25 22 0.047619
28 22 0.047619
42 22 0.047619
44 22 0.047619
48 22 0.047619
54 22 0.047619
56 22 0.047619
60 22 0.047619
66 22 0.047619
81 22 0.047619
83 22 0.047619
86 22 0.047619
93 22 0.047619
94 22 0.047619
95 22 0.047619
99 22 0.047619
105 22 0.047619
7 26 0.071429
23 26 0.071429
25 26 0.071429
40 26 0.071429
44 26 0.071429
55 26 0.071429
57 26 0.071429
62 26 0.071429
84 26 0.071429
88 26 0.071429
95 26 0.071429
107 26 0.071429
108 26 0.071429
109 26 0.071429
7 69 0.058824
16 69 0.058824
17 69 0.058824
25 69 0.058824
34 69 0.058824
39 69 0.058824
59 69 0.058824
71 69 0.058824
72 69 0.058824
78 69 0.058824
86 69 0.058824
88 69 0.058824
89 69 0.058824
95 69 0.058824
103 69 0.058824
106 69 0.058824
110 69 0.058824
7 74 0.1
14 74 0.1
24 74 0.1
32 74 0.1
33 74 0.1
47 74 0.1
50 74 0.1
64 74 0.1
87 74 0.1
109 74 0.1
8 62 0.1
26 62 0.1
33 62 0.1
48 62 0.1
54 62 0.1
70 62 0.1
82 62 0.1
96 62 0.1
103 62 0.1
105 62 0.1
9 18 0.0625
13 18 0.0625
31 18 0.0625
38 18 0.0625
40 18 0.0625
43 18 0.0625
44 18 0.0625
58 18 0.0625
63 18 0.0625
64 18 0.0625
77 18 0.0625
82 18 0.0625
87 18 0.0625
89 18 0.0625
91 18 0.0625
108 18 0.0625
9 68 0.0625
11 68 0.0625
21 68 0.0625
25 68 0.0625
27 68 0.0625
37 68 0.0625
38 68 0.0625
46 68 0.0625
53 68 0.0625
60 68 0.0625
64 68 0.0625
76 68 0.0625
80 68 0.0625
82 68 0.0625
83 68 0.0625
96 68 0.0625
9 80 0.071429
14 80 0.071429
16 80 0.071429
29 80 0.071429
49 80 0.071429
52 80 0.071429
68 80 0.071429
72 80 0.071429
83 80 0.071429
93 80 0.071429
94 80 0.071429
100 80 0.071429
103 80 0.071429
108 80 0.071429
9 93 0.058824
14 93 0.058824
22 93 0.058824
28 93 0.058824
35 93 0.058824
39 93 0.058824
41 93 0.058824
43 93 0.058824
49 93 0.058824
78 93 0.058824
80 93 0.058824
82 93 0.058824
84 93 0.058824
91 93 0.058824
95 93 0.058824
104 93 0.058824
106 93 0.058824
10 13 0.052632
11 13 0.052632
15 13 0.052632
18 13 0.052632
39 13 0.052632
44 13 0.052632
49 13 0.052632
55 13 0.052632
58 13 0.052632
59 13 0.052632
64 13 0.052632
81 13 0.052632
84 13 0.052632
86 13 0.052632
87 13 0.052632
95 13 0.052632
103 13 0.052632
105 13 0.052632
106 13 0.052632
10 50 0.071429
23 50 0.071429
33 50 0.071429
36 50 0.071429
40 50 0.071429
57 50 0.071429
60 50 0.071429
72 50 0.071429
74 50 0.071429
77 50 0.071429
85 50 0.071429
99 50 0.071429
102 50 0.071429
109 50 0.071429
10 63 0.05
11 63 0.05
18 63 0.05
19 63 0.05
36 63 0.05
40 63 0.05
44 63 0.05
48 63 0.05
52 63 0.05
56 63 0.05
75 63 0.05
76 63 0.05
79 63 0.05
82 63 0.05
84 63 0.05
85 63 0.05
89 63 0.05
94 63 0.05
95 63 0.05
106 63 0.05
11 20 0.076923
16 20 0.076923
21 20 0.076923
33 20 0.076923
40 20 0.076923
43 20 0.076923
58 20 0.076923
81 20 0.076923
92 20 0.076923
96 20 0.076923
99 20 0.076923
105 20 0.076923
109 20 0.076923
12 38 0.0625
18 38 0.0625
24 38 0.0625
28 38 0.0625
35 38 0.0625
44 38 0.0625
48 38 0.0625
60 38 0.0625
68 38 0.0625
77 38 0.0625
81 38 0.0625
84 38 0.0625
90 38 0.0625
97 38 0.0625
99 38 0.0625
107 38 0.0625
12 59 0.04
13 59 0.04
14 59 0.04
16 59 0.04
25 59 0.04
37 59 0.04
46 59 0.04
52 59 0.04
55 59 0.04
58 59 0.04
60 59 0.04
65 59 0.04
66 59 0.04
69 59 0.04
70 59 0.04
79 59 0.04
83 59 0.04
89 59 0.04
95 59 0.04
98 59 0.04
100 59 0.04
101 59 0.04
103 59 0.04
108 59 0.04
109 59 0.04
13 44 0.071429
17 44 0.071429
18 44 0.071429
22 44 0.071429
26 44 0.071429
36 44 0.071429
38 44 0.071429
56 44 0.071429
60 44 0.071429
63 44 0.071429
78 44 0.071429
95 44 0.071429
102 44 0.071429
108 44 0.071429
13 58 0.055556
18 58 0.055556
20 58 0.055556
25 58 0.055556
30 58 0.055556
40 58 0.055556
42 58 0.055556
49 58 0.055556
51 58 0.055556
59 58 0.055556
67 58 0.055556
75 58 0.055556
78 58 0.055556
97 58 0.055556
100 58 0.055556
106 58 0.055556
108 58 0.055556
111 58 0.055556
13 84 0.066667
26 84 0.066667
28 84 0.066667
37 84 0.066667
38 84 0.066667
48 84 0.066667
49 84 0.066667
63 84 0.066667
76 84 0.066667
78 84 0.066667
83 84 0.066667
88 84 0.066667
91 84 0.066667
93 84 0.066667
109 84 0.066667
13 95 0.052632
19 95 0.052632
22 95 0.052632
26 95 0.052632
28 95 0.052632
44 95 0.052632
46 95 0.052632
52 95 0.052632
54 95 0.052632
59 95 0.052632
63 95 0.052632
69 95 0.052632
82 95 0.052632
86 95 0.052632
91 95 0.052632
93 95 0.052632
97 95 0.052632
104 95 0.052632
111 95 0.052632
13 106 0.090909
23 106 0.090909
25 106 0.090909
45 106 0.090909
57 106 0.090909
58 106 0.090909
61 106 0.090909
63 106 0.090909
69 106 0.090909
93 106 0.090909
96 106 0.090909
14 70 0.055556
19 70 0.055556
25 70 0.055556
36 70 0.055556
43 70 0.055556
47 70 0.055556
51 70 0.055556
54 70 0.055556
59 70 0.055556
61 70 0.055556
62 70 0.055556
71 70 0.055556
79 70 0.055556
89 70 0.055556
92 70 0.055556
94 70 0.055556
98 70 0.055556
102 70 0.055556
14 71 0.076923
25 71 0.076923
43 71 0.076923
48 71 0.076923
51 71 0.076923
55 71 0.076923
61 71 0.076923
69 71 0.076923
70 71 0.076923
77 71 0.076923
78 71 0.076923
79 71 0.076923
87 71 0.076923
14 76 0.058824
28 76 0.058824
30 76 0.058824
37 76 0.058824
52 76 0.058824
53 76 0.058824
57 76 0.058824
63 76 0.058824
68 76 0.058824
75 76 0.058824
82 76 0.058824
84 76 0.058824
87 76 0.058824
99 76 0.058824
105 76 0.058824
109 76 0.058824
111 76 0.058824
15 29 0.090909
16 29 0.090909
34 29 0.090909
39 29 0.090909
54 29 0.090909
57 29 0.090909
61 29 0.090909
80 29 0.090909
82 29 0.090909
85 29 0.090909
101 29 0.090909
16 48 0.066667
22 48 0.066667
24 48 0.066667
33 48 0.066667
34 48 0.066667
38 48 0.066667
62 48 0.066667
63 48 0.066667
67 48 0.066667
71 48 0.066667
77 48 0.066667
84 48 0.066667
86 48 0.066667
97 48 0.066667
104 48 0.066667
16 67 0.111111
19 67 0.111111
27 67 0.111111
35 67 0.111111
46 67 0.111111
48 67 0.111111
58 67 0.111111
66 67 0.111111
98 67 0.111111
17 83 0.076923
22 83 0.076923
35 83 0.076923
40 83 0.076923
46 83 0.076923
52 83 0.076923
59 83 0.076923
68 83 0.076923
73 83 0.076923
75 83 0.076923
80 83 0.076923
84 83 0.076923
94 83 0.076923
17 104 0.043478
27 104 0.043478
28 104 0.043478
33 104 0.043478
34 104 0.043478
39 104 0.043478
48 104 0.043478
53 104 0.043478
56 104 0.043478
60 104 0.043478
66 104 0.043478
79 104 0.043478
81 104 0.043478
85 104 0.043478
89 104 0.043478
90 104 0.043478
93 104 0.043478
95 104 0.043478
98 104 0.043478
102 104 0.043478
103 104 0.043478
105 104 0.043478
110 104 0.043478
18 89 0.05
27 89 0.05
33 89 0.05
39 89 0.05
40 89 0.05
51 89 0.05
52 89 0.05
54 89 0.05
59 89 0.05
63 89 0.05
69 89 0.05
70 89 0.05
73 89 0.05
91 89 0.05
96 89 0.05
100 89 0.05
101 89 0.05
104 89 0.05
109 89 0.05
110 89 0.05
21 75 0.1
27 75 0.1
55 75 0.1
58 75 0.1
63 75 0.1
66 75 0.1
76 75 0.1
83 75 0.1
85 75 0.1
98 75 0.1
21 90 0.083333
24 90 0.083333
38 90 0.083333
66 90 0.083333
85 90 0.083333
91 90 0.083333
94 90 0.083333
98 90 0.083333
100 90 0.083333
104 90 0.083333
107 90 0.083333
109 90 0.083333
22 94 0.0625
24 94 0.0625
25 94 0.0625
28 94 0.0625
42 94 0.0625
60 94 0.0625
63 94 0.0625
70 94 0.0625
80 94 0.0625
83 94 0.0625
90 94 0.0625
100 94 0.0625
101 94 0.0625
103 94 0.0625
109 94 0.0625
110 94 0.0625
24 102 0.083333
41 102 0.083333
44 102 0.083333
45 102 0.083333
50 102 0.083333
55 102 0.083333
56 102 0.083333
64 102 0.083333
70 102 0.083333
103 102 0.083333
104 102 0.083333
107 102 0.083333
40 73 0.1
61 73 0.1
66 73 0.1
79 73 0.1
83 73 0.1
89 73 0.1
92 73 0.1
97 73 0.1
101 73 0.1
107 73 0.1
11 0 0.058824
15 0 0.058824
27 0 0.058824
30 0 0.058824
41 0 0.058824
43 0 0.058824
45 0 0.058824
47 0 0.058824
53 0 0.058824
55 0 0.058824
57 0 0.058824
64 0 0.058824
65 0 0.058824
66 0 0.058824
78 0 0.058824
96 0 0.058824
107 0 0.058824
2 1 0.055556
6 1 0.055556
27 1 0.055556
46 1 0.055556
49 1 0.055556
52 1 0.055556
53 1 0.055556
54 1 0.055556
56 1 0.055556
60 1 0.055556
64 1 0.055556
81 1 0.055556
86 1 0.055556
97 1 0.055556
99 1 0.055556
108 1 0.055556
110 1 0.055556
111 1 0.055556
5 3 0.071429
10 3 0.071429
11 3 0.071429
30 3 0.071429
31 3 0.071429
33 3 0.071429
34 3 0.071429
40 3 0.071429
42 3 0.071429
46 3 0.071429
57 3 0.071429
72 3 0.071429
77 3 0.071429
100 3 0.071429
10 4 0.055556
17 4 0.055556
23 4 0.055556
25 4 0.055556
35 4 0.055556
55 4 0.055556
61 4 0.055556
64 4 0.055556
79 4 0.055556
81 4 0.055556
85 4 0.055556
88 4 0.055556
91 4 0.055556
97 4 0.055556
99 4 0.055556
105 4 0.055556
107 4 0.055556
109 4 0.055556
9 7 0.111111
22 7 0.111111
26 7 0.111111
51 7 0.111111
66 7 0.111111
69 7 0.111111
74 7 0.111111
100 7 0.111111
108 7 0.111111
22 8 0.1
31 8 0.1
36 8 0.1
53 8 0.1
54 8 0.1
62 8 0.1
96 8 0.1
100 8 0.1
107 8 0.1
109 8 0.1
14 12 0.066667
22 12 0.066667
23 12 0.066667
27 12 0.066667
28 12 0.066667
34 12 0.066667
38 12 0.066667
49 12 0.066667
51 12 0.066667
52 12 0.066667
59 12 0.066667
61 12 0.066667
65 12 0.066667
72 12 0.066667
96 12 0.066667
23 19 0.066667
55 19 0.066667
57 19 0.066667
60 19 0.066667
63 19 0.066667
64 19 0.066667
66 19 0.066667
67 19 0.066667
70 19 0.066667
91 19 0.066667
95 19 0.066667
96 19 0.066667
100 19 0.066667
101 19 0.066667
107 19 0.066667
42 37 0.076923
56 37 0.076923
59 37 0.076923
68 37 0.076923
72 37 0.076923
76 37 0.076923
78 37 0.076923
81 37 0.076923
84 37 0.076923
88 37 0.076923
91 37 0.076923
105 37 0.076923
109 37 0.076923
