0 14 0.0625
5 14 0.0625
9 14 0.0625
41 14 0.0625
54 14 0.0625
60 14 0.0625
66 14 0.0625
88 14 0.0625
96 14 0.0625
101 14 0.0625
102 14 0.0625
104 14 0.0625
111 14 0.0625
116 14 0.0625
122 14 0.0625
128 14 0.0625
0 21 0.047619
13 21 0.047619
15 21 0.047619
23 21 0.047619
51 21 0.047619
59 21 0.047619
78 21 0.047619
90 21 0.047619
92 21 0.047619
102 21 0.047619
113 21 0.047619
114 21 0.047619
115 21 0.047619
117 21 0.047619
123 21 0.047619
124 21 0.047619
130 21 0.047619
134 21 0.047619
136 21 0.047619
145 21 0.047619
148 21 0.047619
0 39 0.045455
2 39 0.045455
7 39 0.045455
10 39 0.045455
12 39 0.045455
15 39 0.045455
34 39 0.045455
43 39 0.045455
45 39 0.045455
62 39 0.045455
67 39 0.045455
69 39 0.045455
70 39 0.045455
71 39 0.045455
78 39 0.045455
83 39 0.045455
84 39 0.045455
98 39 0.045455
129 39 0.045455
138 39 0.045455
140 39 0.045455
147 39 0.045455
0 46 0.058824
1 46 0.058824
4 46 0.058824
7 46 0.058824
16 46 0.058824
22 46 0.058824
42 46 0.058824
47 46 0.058824
49 46 0.058824
52 46 0.058824
74 46 0.058824
75 46 0.058824
114 46 0.058824
130 46 0.058824
135 46 0.058824
144 46 0.058824
148 46 0.058824
0 51 0.037037
8 51 0.037037
9 51 0.037037
10 51 0.037037
11 51 0.037037
21 51 0.037037
24 51 0.037037
26 51 0.037037
28 51 0.037037
35 51 0.037037
40 51 0.037037
52 51 0.037037
55 51 0.037037
62 51 0.037037
67 51 0.037037
91 51 0.037037
92 51 0.037037
102 51 0.037037
110 51 0.037037
116 51 0.037037
119 51 0.037037
127 51 0.037037
131 51 0.037037
137 51 0.037037
141 51 0.037037
147 51 0.037037
148 51 0.037037
0 53 0.083333
12 53 0.083333
13 53 0.083333
42 53 0.083333
48 53 0.083333
61 53 0.083333
73 53 0.083333
84 53 0.083333
116 53 0.083333
132 53 0.083333
134 53 0.083333
139 53 0.083333
0 55 0.055556
2 55 0.055556
7 55 0.055556
15 55 0.055556
23 55 0.055556
37 55 0.055556
38 55 0.055556
40 55 0.055556
47 55 0.055556
51 55 0.055556
56 55 0.055556
61 55 0.055556
63 55 0.055556
69 55 0.055556
72 55 0.055556
104 55 0.055556
106 55 0.055556
115 55 0.055556
0 57 0.05
11 57 0.05
24 57 0.05
28 57 0.05
31 57 0.05
35 57 0.05
45 57 0.05
63 57 0.05
72 57 0.05
75 57 0.05
78 57 0.05
82 57 0.05
94 57 0.05
96 57 0.05
98 57 0.05
101 57 0.05
104 57 0.05
116 57 0.05
132 57 0.05
137 57 0.05
0 59 0.047619
15 59 0.047619
21 59 0.047619
24 59 0.047619
25 59 0.047619
44 59 0.047619
45 59 0.047619
56 59 0.047619
60 59 0.047619
67 59 0.047619
72 59 0.047619
77 59 0.047619
89 59 0.047619
103 59 0.047619
114 59 0.047619
115 59 0.047619
117 59 0.047619
125 59 0.047619
129 59 0.047619
130 59 0.047619
134 59 0.047619
0 68 0.05
18 68 0.05
23 68 0.05
42 68 0.05
54 68 0.05
61 68 0.05
64 68 0.05
71 68 0.05
74 68 0.05
75 68 0.05
76 68 0.05
78 68 0.05
83 68 0.05
86 68 0.05
92 68 0.05
99 68 0.05
103 68 0.05
108 68 0.05
122 68 0.05
127 68 0.05
0 71 0.041667
1 71 0.041667
8 71 0.041667
16 71 0.041667
23 71 0.041667
24 71 0.041667
32 71 0.041667
35 71 0.041667
39 71 0.041667
52 71 0.041667
68 71 0.041667
72 71 0.041667
91 71 0.041667
97 71 0.041667
103 71 0.041667
111 71 0.041667
120 71 0.041667
124 71 0.041667
132 71 0.041667
134 71 0.041667
137 71 0.041667
139 71 0.041667
141 71 0.041667
144 71 0.041667
0 92 0.04
7 92 0.04
19 92 0.04
21 92 0.04
33 92 0.04
34 92 0.04
37 92 0.04
38 92 0.04
47 92 0.04
51 92 0.04
56 92 0.04
63 92 0.04
65 92 0.04
67 92 0.04
68 92 0.04
99 92 0.04
116 92 0.04
119 92 0.04
121 92 0.04
122 92 0.04
128 92 0.04
130 92 0.04
131 92 0.04
137 92 0.04
139 92 0.04
0 94 0.038462
2 94 0.038462
9 94 0.038462
20 94 0.038462
36 94 0.038462
37 94 0.038462
40 94 0.038462
42 94 0.038462
45 94 0.038462
56 94 0.038462
57 94 0.038462
63 94 0.038462
75 94 0.038462
81 94 0.038462
82 94 0.038462
101 94 0.038462
102 94 0.038462
105 94 0.038462
111 94 0.038462
115 94 0.038462
123 94 0.038462
134 94 0.038462
139 94 0.038462
141 94 0.038462
142 94 0.038462
146 94 0.038462
0 114 0.045455
9 114 0.045455
21 114 0.045455
34 114 0.045455
35 114 0.045455
40 114 0.045455
46 114 0.045455
59 114 0.045455
60 114 0.045455
61 114 0.045455
62 114 0.045455
67 114 0.045455
72 114 0.045455
73 114 0.045455
80 114 0.045455
88 114 0.045455
101 114 0.045455
109 114 0.045455
110 114 0.045455
121 114 0.045455
133 114 0.045455
146 114 0.045455
0 123 0.04
21 123 0.04
23 123 0.04
40 123 0.04
44 123 0.04
45 123 0.04
54 123 0.04
58 123 0.04
60 123 0.04
62 123 0.04
65 123 0.04
70 123 0.04
72 123 0.04
75 123 0.04
80 123 0.04
88 123 0.04
90 123 0.04
91 123 0.04
94 123 0.04
99 123 0.04
124 123 0.04
127 123 0.04
139 123 0.04
144 123 0.04
147 123 0.04
0 131 0.041667
3 131 0.041667
8 131 0.041667
19 131 0.041667
27 131 0.041667
32 131 0.041667
37 131 0.041667
41 131 0.041667
51 131 0.041667
60 131 0.041667
66 131 0.041667
72 131 0.041667
76 131 0.041667
92 131 0.041667
99 131 0.041667
100 131 0.041667
103 131 0.041667
108 131 0.041667
110 131 0.041667
122 131 0.041667
126 131 0.041667
136 131 0.041667
140 131 0.041667
143 131 0.041667
0 143 0.034483
5 143 0.034483
34 143 0.034483
35 143 0.034483
41 143 0.034483
42 143 0.034483
44 143 0.034483
49 143 0.034483
52 143 0.034483
60 143 0.034483
61 143 0.034483
69 143 0.034483
73 143 0.034483
74 143 0.034483
81 143 0.034483
93 143 0.034483
95 143 0.034483
110 143 0.034483
112 143 0.034483
116 143 0.034483
117 143 0.034483
122 143 0.034483
125 143 0.034483
129 143 0.034483
131 143 0.034483
134 143 0.034483
137 143 0.034483
140 143 0.034483
144 143 0.034483
0 144 0.043478
11 144 0.043478
22 144 0.043478
23 144 0.043478
38 144 0.043478
46 144 0.043478
49 144 0.043478
50 144 0.043478
71 144 0.043478
72 144 0.043478
84 144 0.043478
85 144 0.043478
87 144 0.043478
93 144 0.043478
98 144 0.043478
112 144 0.043478
117 144 0.043478
121 144 0.043478
123 144 0.043478
133 144 0.043478
138 144 0.043478
143 144 0.043478
145 144 0.043478
1 20 0.04
5 20 0.04
7 20 0.04
11 20 0.04
28 20 0.04
32 20 0.04
40 20 0.04
42 20 0.04
54 20 0.04
58 20 0.04
62 20 0.04
67 20 0.04
75 20 0.04
78 20 0.04
80 20 0.04
86 20 0.04
89 20 0.04
94 20 0.04
97 20 0.04
104 20 0.04
109 20 0.04
112 20 0.04
122 20 0.04
125 20 0.04
145 20 0.04
1 54 0.055556
3 54 0.055556
4 54 0.055556
14 54 0.055556
20 54 0.055556
42 54 0.055556
44 54 0.055556
47 54 0.055556
64 54 0.055556
68 54 0.055556
70 54 0.055556
78 54 0.055556
83 54 0.055556
122 54 0.055556
123 54 0.055556
124 54 0.055556
125 54 0.055556
127 54 0.055556
1 60 0.030303
8 60 0.030303
12 60 0.030303
14 60 0.030303
30 60 0.030303
33 60 0.030303
34 60 0.030303
36 60 0.030303
37 60 0.030303
42 60 0.030303
45 60 0.030303
50 60 0.030303
59 60 0.030303
63 60 0.030303
66 60 0.030303
73 60 0.030303
77 60 0.030303
80 60 0.030303
85 60 0.030303
96 60 0.030303
97 60 0.030303
99 60 0.030303
105 60 0.030303
114 60 0.030303
115 60 0.030303
117 60 0.030303
123 60 0.030303
129 60 0.030303
130 60 0.030303
131 60 0.030303
132 60 0.030303
138 60 0.030303
143 60 0.030303
1 76 0.04
5 76 0.04
9 76 0.04
16 76 0.04
18 76 0.04
26 76 0.04
29 76 0.04
32 76 0.04
44 76 0.04
45 76 0.04
47 76 0.04
68 76 0.04
77 76 0.04
78 76 0.04
86 76 0.04
93 76 0.04
102 76 0.04
105 76 0.04
116 76 0.04
125 76 0.04
129 76 0.04
131 76 0.04
132 76 0.04
142 76 0.04
146 76 0.04
1 82 0.035714
5 82 0.035714
6 82 0.035714
22 82 0.035714
34 82 0.035714
35 82 0.035714
40 82 0.035714
49 82 0.035714
52 82 0.035714
57 82 0.035714
67 82 0.035714
72 82 0.035714
80 82 0.035714
88 82 0.035714
94 82 0.035714
95 82 0.035714
97 82 0.035714
98 82 0.035714
101 82 0.035714
108 82 0.035714
117 82 0.035714
119 82 0.035714
126 82 0.035714
129 82 0.035714
134 82 0.035714
137 82 0.035714
146 82 0.035714
148 82 0.035714
1 108 0.038462
7 108 0.038462
10 108 0.038462
11 108 0.038462
16 108 0.038462
27 108 0.038462
33 108 0.038462
35 108 0.038462
36 108 0.038462
38 108 0.038462
42 108 0.038462
49 108 0.038462
58 108 0.038462
66 108 0.038462
68 108 0.038462
70 108 0.038462
82 108 0.038462
83 108 0.038462
101 108 0.038462
112 108 0.038462
126 108 0.038462
130 108 0.038462
131 108 0.038462
133 108 0.038462
139 108 0.038462
145 108 0.038462
1 109 0.035714
3 109 0.035714
4 109 0.035714
8 109 0.035714
15 109 0.035714
20 109 0.035714
25 109 0.035714
27 109 0.035714
34 109 0.035714
37 109 0.035714
42 109 0.035714
45 109 0.035714
49 109 0.035714
62 109 0.035714
67 109 0.035714
69 109 0.035714
80 109 0.035714
95 109 0.035714
103 109 0.035714
107 109 0.035714
112 109 0.035714
114 109 0.035714
127 109 0.035714
133 109 0.035714
136 109 0.035714
137 109 0.035714
138 109 0.035714
139 109 0.035714
1 110 0.041667
16 110 0.041667
19 110 0.041667
23 110 0.041667
30 110 0.041667
38 110 0.041667
41 110 0.041667
51 110 0.041667
52 110 0.041667
74 110 0.041667
89 110 0.041667
96 110 0.041667
100 110 0.041667
102 110 0.041667
107 110 0.041667
113 110 0.041667
114 110 0.041667
115 110 0.041667
121 110 0.041667
131 110 0.041667
133 110 0.041667
137 110 0.041667
142 110 0.041667
143 110 0.041667
1 115 0.041667
21 115 0.041667
29 115 0.041667
33 115 0.041667
34 115 0.041667
37 115 0.041667
42 115 0.041667
55 115 0.041667
59 115 0.041667
60 115 0.041667
65 115 0.041667
69 115 0.041667
75 115 0.041667
79 115 0.041667
94 115 0.041667
96 115 0.041667
110 115 0.041667
113 115 0.041667
119 115 0.041667
122 115 0.041667
129 115 0.041667
130 115 0.041667
145 115 0.041667
148 115 0.041667
1 122 0.034483
14 122 0.034483
17 122 0.034483
20 122 0.034483
34 122 0.034483
42 122 0.034483
52 122 0.034483
54 122 0.034483
63 122 0.034483
68 122 0.034483
78 122 0.034483
84 122 0.034483
86 122 0.034483
87 122 0.034483
92 122 0.034483
95 122 0.034483
104 122 0.034483
107 122 0.034483
115 122 0.034483
117 122 0.034483
126 122 0.034483
128 122 0.034483
129 122 0.034483
131 122 0.034483
141 122 0.034483
142 122 0.034483
143 122 0.034483
145 122 0.034483
148 122 0.034483
1 124 0.038462
6 124 0.038462
8 124 0.038462
17 124 0.038462
18 124 0.038462
21 124 0.038462
22 124 0.038462
27 124 0.038462
34 124 0.038462
36 124 0.038462
41 124 0.038462
43 124 0.038462
47 124 0.038462
54 124 0.038462
58 124 0.038462
63 124 0.038462
69 124 0.038462
71 124 0.038462
75 124 0.038462
80 124 0.038462
86 124 0.038462
88 124 0.038462
100 124 0.038462
123 124 0.038462
127 124 0.038462
139 124 0.038462
1 128 0.052632
3 128 0.052632
14 128 0.052632
25 128 0.052632
47 128 0.052632
58 128 0.052632
66 128 0.052632
84 128 0.052632
86 128 0.052632
87 128 0.052632
89 128 0.052632
90 128 0.052632
92 128 0.052632
102 128 0.052632
112 128 0.052632
122 128 0.052632
132 128 0.052632
134 128 0.052632
135 128 0.052632
1 132 0.041667
7 132 0.041667
15 132 0.041667
22 132 0.041667
35 132 0.041667
40 132 0.041667
41 132 0.041667
49 132 0.041667
53 132 0.041667
57 132 0.041667
60 132 0.041667
63 132 0.041667
71 132 0.041667
72 132 0.041667
74 132 0.041667
76 132 0.041667
78 132 0.041667
99 132 0.041667
107 132 0.041667
117 132 0.041667
119 132 0.041667
120 132 0.041667
128 132 0.041667
134 132 0.041667
1 133 0.043478
22 133 0.043478
41 133 0.043478
45 133 0.043478
50 133 0.043478
61 133 0.043478
69 133 0.043478
73 133 0.043478
74 133 0.043478
83 133 0.043478
85 133 0.043478
88 133 0.043478
91 133 0.043478
99 133 0.043478
108 133 0.043478
109 133 0.043478
110 133 0.043478
114 133 0.043478
125 133 0.043478
126 133 0.043478
142 133 0.043478
144 133 0.043478
148 133 0.043478
1 134 0.030303
6 134 0.030303
10 134 0.030303
17 134 0.030303
21 134 0.030303
32 134 0.030303
33 134 0.030303
34 134 0.030303
35 134 0.030303
41 134 0.030303
42 134 0.030303
43 134 0.030303
44 134 0.030303
45 134 0.030303
52 134 0.030303
53 134 0.030303
59 134 0.030303
66 134 0.030303
67 134 0.030303
70 134 0.030303
71 134 0.030303
73 134 0.030303
82 134 0.030303
83 134 0.030303
87 134 0.030303
94 134 0.030303
102 134 0.030303
117 134 0.030303
128 134 0.030303
132 134 0.030303
140 134 0.030303
141 134 0.030303
143 134 0.030303
1 135 0.037037
7 135 0.037037
13 135 0.037037
15 135 0.037037
17 135 0.037037
28 135 0.037037
31 135 0.037037
36 135 0.037037
46 135 0.037037
48 135 0.037037
50 135 0.037037
61 135 0.037037
62 135 0.037037
70 135 0.037037
74 135 0.037037
79 135 0.037037
85 135 0.037037
88 135 0.037037
89 135 0.037037
93 135 0.037037
95 135 0.037037
105 135 0.037037
127 135 0.037037
128 135 0.037037
138 135 0.037037
141 135 0.037037
147 135 0.037037
1 136 0.045455
9 136 0.045455
15 136 0.045455
21 136 0.045455
23 136 0.045455
35 136 0.045455
36 136 0.045455
41 136 0.045455
58 136 0.045455
67 136 0.045455
75 136 0.045455
79 136 0.045455
80 136 0.045455
88 136 0.045455
89 136 0.045455
93 136 0.045455
109 136 0.045455
117 136 0.045455
126 136 0.045455
130 136 0.045455
131 136 0.045455
137 136 0.045455
1 148 0.04
5 148 0.04
9 148 0.04
10 148 0.04
11 148 0.04
18 148 0.04
21 148 0.04
22 148 0.04
24 148 0.04
27 148 0.04
33 148 0.04
46 148 0.04
51 148 0.04
62 148 0.04
65 148 0.04
70 148 0.04
73 148 0.04
81 148 0.04
82 148 0.04
98 148 0.04
100 148 0.04
115 148 0.04
122 148 0.04
133 148 0.04
141 148 0.04
2 4 0.066667
23 4 0.066667
24 4 0.066667
46 4 0.066667
54 4 0.066667
73 4 0.066667
79 4 0.066667
81 4 0.066667
86 4 0.066667
87 4 0.066667
97 4 0.066667
109 4 0.066667
112 4 0.066667
140 4 0.066667
145 4 0.066667
2 5 0.05
9 5 0.05
10 5 0.05
14 5 0.05
20 5 0.05
23 5 0.05
25 5 0.05
26 5 0.05
32 5 0.05
34 5 0.05
43 5 0.05
45 5 0.05
47 5 0.05
74 5 0.05
76 5 0.05
82 5 0.05
90 5 0.05
102 5 0.05
143 5 0.05
148 5 0.05
2 6 0.037037
9 6 0.037037
11 6 0.037037
15 6 0.037037
19 6 0.037037
23 6 0.037037
24 6 0.037037
33 6 0.037037
38 6 0.037037
56 6 0.037037
62 6 0.037037
66 6 0.037037
73 6 0.037037
74 6 0.037037
80 6 0.037037
81 6 0.037037
82 6 0.037037
84 6 0.037037
85 6 0.037037
88 6 0.037037
99 6 0.037037
100 6 0.037037
107 6 0.037037
117 6 0.037037
124 6 0.037037
134 6 0.037037
138 6 0.037037
2 10 0.034483
3 10 0.034483
5 10 0.034483
11 10 0.034483
12 10 0.034483
13 10 0.034483
19 10 0.034483
26 10 0.034483
29 10 0.034483
39 10 0.034483
42 10 0.034483
48 10 0.034483
51 10 0.034483
52 10 0.034483
64 10 0.034483
70 10 0.034483
72 10 0.034483
74 10 0.034483
80 10 0.034483
88 10 0.034483
91 10 0.034483
103 10 0.034483
108 10 0.034483
111 10 0.034483
113 10 0.034483
116 10 0.034483
134 10 0.034483
140 10 0.034483
148 10 0.034483
2 11 0.038462
6 11 0.038462
10 11 0.038462
13 11 0.038462
19 11 0.038462
20 11 0.038462
26 11 0.038462
28 11 0.038462
33 11 0.038462
48 11 0.038462
49 11 0.038462
50 11 0.038462
51 11 0.038462
57 11 0.038462
63 11 0.038462
77 11 0.038462
80 11 0.038462
88 11 0.038462
105 11 0.038462
108 11 0.038462
117 11 0.038462
118 11 0.038462
125 11 0.038462
140 11 0.038462
144 11 0.038462
148 11 0.038462
2 12 0.055556
3 12 0.055556
10 12 0.055556
17 12 0.055556
19 12 0.055556
33 12 0.055556
35 12 0.055556
39 12 0.055556
40 12 0.055556
45 12 0.055556
53 12 0.055556
58 12 0.055556
60 12 0.055556
69 12 0.055556
93 12 0.055556
107 12 0.055556
126 12 0.055556
146 12 0.055556
2 13 0.047619
8 13 0.047619
10 13 0.047619
11 13 0.047619
21 13 0.047619
25 13 0.047619
27 13 0.047619
30 13 0.047619
38 13 0.047619
44 13 0.047619
45 13 0.047619
53 13 0.047619
64 13 0.047619
69 13 0.047619
70 13 0.047619
81 13 0.047619
87 13 0.047619
118 13 0.047619
125 13 0.047619
129 13 0.047619
135 13 0.047619
2 22 0.04
8 22 0.04
9 22 0.04
16 22 0.04
17 22 0.04
19 22 0.04
26 22 0.04
46 22 0.04
52 22 0.04
82 22 0.04
84 22 0.04
89 22 0.04
91 22 0.04
100 22 0.04
113 22 0.04
117 22 0.04
120 22 0.04
124 22 0.04
125 22 0.04
132 22 0.04
133 22 0.04
140 22 0.04
144 22 0.04
147 22 0.04
148 22 0.04
2 24 0.033333
4 24 0.033333
6 24 0.033333
18 24 0.033333
36 24 0.033333
37 24 0.033333
38 24 0.033333
40 24 0.033333
51 24 0.033333
57 24 0.033333
59 24 0.033333
63 24 0.033333
65 24 0.033333
71 24 0.033333
81 24 0.033333
83 24 0.033333
84 24 0.033333
89 24 0.033333
93 24 0.033333
102 24 0.033333
107 24 0.033333
112 24 0.033333
113 24 0.033333
116 24 0.033333
121 24 0.033333
126 24 0.033333
138 24 0.033333
141 24 0.033333
146 24 0.033333
148 24 0.033333
2 32 0.05
5 32 0.05
7 32 0.05
20 32 0.05
27 32 0.05
36 32 0.05
42 32 0.05
48 32 0.05
56 32 0.05
62 32 0.05
71 32 0.05
76 32 0.05
79 32 0.05
93 32 0.05
95 32 0.05
98 32 0.05
116 32 0.05
130 32 0.05
131 32 0.05
134 32 0.05
2 47 0.033333
5 47 0.033333
31 47 0.033333
35 47 0.033333
36 47 0.033333
40 47 0.033333
45 47 0.033333
46 47 0.033333
52 47 0.033333
54 47 0.033333
55 47 0.033333
58 47 0.033333
65 47 0.033333
76 47 0.033333
80 47 0.033333
85 47 0.033333
92 47 0.033333
93 47 0.033333
95 47 0.033333
97 47 0.033333
98 47 0.033333
104 47 0.033333
105 47 0.033333
118 47 0.033333
124 47 0.033333
126 47 0.033333
127 47 0.033333
128 47 0.033333
130 47 0.033333
147 47 0.033333
2 77 0.043478
3 77 0.043478
11 77 0.043478
26 77 0.043478
27 77 0.043478
40 77 0.043478
43 77 0.043478
59 77 0.043478
60 77 0.043478
64 77 0.043478
66 77 0.043478
73 77 0.043478
76 77 0.043478
87 77 0.043478
97 77 0.043478
101 77 0.043478
111 77 0.043478
117 77 0.043478
130 77 0.043478
137 77 0.043478
140 77 0.043478
141 77 0.043478
142 77 0.043478
2 80 0.037037
6 80 0.037037
8 80 0.037037
10 80 0.037037
11 80 0.037037
15 80 0.037037
20 80 0.037037
42 80 0.037037
44 80 0.037037
47 80 0.037037
60 80 0.037037
64 80 0.037037
73 80 0.037037
82 80 0.037037
85 80 0.037037
87 80 0.037037
97 80 0.037037
98 80 0.037037
106 80 0.037037
109 80 0.037037
114 80 0.037037
117 80 0.037037
120 80 0.037037
123 80 0.037037
124 80 0.037037
136 80 0.037037
138 80 0.037037
2 88 0.043478
6 88 0.043478
10 88 0.043478
11 88 0.043478
14 88 0.043478
34 88 0.043478
50 88 0.043478
58 88 0.043478
62 88 0.043478
82 88 0.043478
101 88 0.043478
111 88 0.043478
114 88 0.043478
117 88 0.043478
121 88 0.043478
123 88 0.043478
124 88 0.043478
129 88 0.043478
133 88 0.043478
135 88 0.043478
136 88 0.043478
142 88 0.043478
146 88 0.043478
2 107 0.05
3 107 0.05
6 107 0.05
12 107 0.05
15 107 0.05
24 107 0.05
26 107 0.05
29 107 0.05
34 107 0.05
35 107 0.05
62 107 0.05
84 107 0.05
109 107 0.05
110 107 0.05
113 107 0.05
117 107 0.05
118 107 0.05
122 107 0.05
132 107 0.05
140 107 0.05
2 125 0.055556
8 125 0.055556
11 125 0.055556
13 125 0.055556
18 125 0.055556
20 125 0.055556
22 125 0.055556
41 125 0.055556
54 125 0.055556
59 125 0.055556
76 125 0.055556
102 125 0.055556
106 125 0.055556
112 125 0.055556
133 125 0.055556
138 125 0.055556
141 125 0.055556
143 125 0.055556
2 130 0.038462
16 130 0.038462
17 130 0.038462
21 130 0.038462
23 130 0.038462
25 130 0.038462
27 130 0.038462
32 130 0.038462
40 130 0.038462
46 130 0.038462
47 130 0.038462
59 130 0.038462
60 130 0.038462
61 130 0.038462
65 130 0.038462
75 130 0.038462
77 130 0.038462
91 130 0.038462
92 130 0.038462
105 130 0.038462
108 130 0.038462
111 130 0.038462
112 130 0.038462
115 130 0.038462
136 130 0.038462
141 130 0.038462
2 140 0.041667
4 140 0.041667
10 140 0.041667
11 140 0.041667
16 140 0.041667
18 140 0.041667
22 140 0.041667
34 140 0.041667
35 140 0.041667
36 140 0.041667
39 140 0.041667
40 140 0.041667
41 140 0.041667
77 140 0.041667
91 140 0.041667
98 140 0.041667
100 140 0.041667
107 140 0.041667
117 140 0.041667
119 140 0.041667
131 140 0.041667
134 140 0.041667
137 140 0.041667
143 140 0.041667
3 9 0.038462
5 9 0.038462
6 9 0.038462
14 9 0.038462
19 9 0.038462
22 9 0.038462
40 9 0.038462
41 9 0.038462
43 9 0.038462
51 9 0.038462
58 9 0.038462
62 9 0.038462
70 9 0.038462
76 9 0.038462
89 9 0.038462
94 9 0.038462
95 9 0.038462
101 9 0.038462
106 9 0.038462
112 9 0.038462
114 9 0.038462
117 9 0.038462
136 9 0.038462
145 9 0.038462
146 9 0.038462
148 9 0.038462
3 25 0.052632
5 25 0.052632
8 25 0.052632
13 25 0.052632
35 25 0.052632
50 25 0.052632
58 25 0.052632
59 25 0.052632
61 25 0.052632
69 25 0.052632
70 25 0.052632
87 25 0.052632
95 25 0.052632
109 25 0.052632
126 25 0.052632
127 25 0.052632
128 25 0.052632
130 25 0.052632
146 25 0.052632
3 40 0.034483
9 40 0.034483
12 40 0.034483
16 40 0.034483
20 40 0.034483
24 40 0.034483
27 40 0.034483
29 40 0.034483
33 40 0.034483
34 40 0.034483
47 40 0.034483
51 40 0.034483
55 40 0.034483
56 40 0.034483
58 40 0.034483
77 40 0.034483
79 40 0.034483
82 40 0.034483
85 40 0.034483
87 40 0.034483
93 40 0.034483
94 40 0.034483
100 40 0.034483
114 40 0.034483
121 40 0.034483
123 40 0.034483
130 40 0.034483
132 40 0.034483
140 40 0.034483
3 52 0.038462
8 52 0.038462
10 52 0.038462
18 52 0.038462
19 52 0.038462
22 52 0.038462
26 52 0.038462
27 52 0.038462
30 52 0.038462
42 52 0.038462
46 52 0.038462
47 52 0.038462
51 52 0.038462
56 52 0.038462
67 52 0.038462
71 52 0.038462
74 52 0.038462
82 52 0.038462
93 52 0.038462
95 52 0.038462
96 52 0.038462
100 52 0.038462
110 52 0.038462
122 52 0.038462
134 52 0.038462
143 52 0.038462
3 58 0.032258
9 58 0.032258
12 58 0.032258
19 58 0.032258
20 58 0.032258
25 58 0.032258
26 58 0.032258
30 58 0.032258
34 58 0.032258
35 58 0.032258
40 58 0.032258
45 58 0.032258
47 58 0.032258
64 58 0.032258
65 58 0.032258
78 58 0.032258
83 58 0.032258
88 58 0.032258
96 58 0.032258
99 58 0.032258
104 58 0.032258
108 58 0.032258
119 58 0.032258
123 58 0.032258
124 58 0.032258
126 58 0.032258
127 58 0.032258
128 58 0.032258
136 58 0.032258
142 58 0.032258
145 58 0.032258
3 74 0.041667
5 74 0.041667
6 74 0.041667
10 74 0.041667
37 74 0.041667
42 74 0.041667
43 74 0.041667
46 74 0.041667
49 74 0.041667
52 74 0.041667
68 74 0.041667
73 74 0.041667
95 74 0.041667
96 74 0.041667
104 74 0.041667
110 74 0.041667
112 74 0.041667
113 74 0.041667
119 74 0.041667
126 74 0.041667
132 74 0.041667
133 74 0.041667
135 74 0.041667
143 74 0.041667
3 91 0.055556
8 91 0.055556
10 91 0.055556
22 91 0.055556
51 91 0.055556
69 91 0.055556
71 91 0.055556
72 91 0.055556
75 91 0.055556
103 91 0.055556
120 91 0.055556
123 91 0.055556
127 91 0.055556
130 91 0.055556
133 91 0.055556
139 91 0.055556
140 91 0.055556
142 91 0.055556
3 100 0.045455
6 100 0.045455
22 100 0.045455
35 100 0.045455
40 100 0.045455
42 100 0.045455
43 100 0.045455
48 100 0.045455
52 100 0.045455
56 100 0.045455
63 100 0.045455
66 100 0.045455
72 100 0.045455
83 100 0.045455
87 100 0.045455
110 100 0.045455
121 100 0.045455
124 100 0.045455
131 100 0.045455
140 100 0.045455
141 100 0.045455
148 100 0.045455
4 23 0.04
5 23 0.04
6 23 0.04
16 23 0.04
21 23 0.04
26 23 0.04
42 23 0.04
43 23 0.04
44 23 0.04
55 23 0.04
68 23 0.04
71 23 0.04
83 23 0.04
85 23 0.04
90 23 0.04
110 23 0.04
117 23 0.04
120 23 0.04
123 23 0.04
130 23 0.04
136 23 0.04
137 23 0.04
138 23 0.04
144 23 0.04
146 23 0.04
4 73 0.043478
6 73 0.043478
15 73 0.043478
26 73 0.043478
30 73 0.043478
35 73 0.043478
42 73 0.043478
50 73 0.043478
53 73 0.043478
60 73 0.043478
72 73 0.043478
74 73 0.043478
77 73 0.043478
80 73 0.043478
84 73 0.043478
114 73 0.043478
117 73 0.043478
118 73 0.043478
133 73 0.043478
134 73 0.043478
141 73 0.043478
143 73 0.043478
148 73 0.043478
4 79 0.052632
16 79 0.052632
32 79 0.052632
40 79 0.052632
48 79 0.052632
56 79 0.052632
61 79 0.052632
67 79 0.052632
89 79 0.052632
102 79 0.052632
103 79 0.052632
105 79 0.052632
113 79 0.052632
115 79 0.052632
129 79 0.052632
135 79 0.052632
136 79 0.052632
137 79 0.052632
142 79 0.052632
4 81 0.055556
6 81 0.055556
13 81 0.055556
16 81 0.055556
24 81 0.055556
26 81 0.055556
27 81 0.055556
43 81 0.055556
63 81 0.055556
67 81 0.055556
75 81 0.055556
93 81 0.055556
94 81 0.055556
96 81 0.055556
127 81 0.055556
143 81 0.055556
146 81 0.055556
148 81 0.055556
4 86 0.066667
20 86 0.066667
27 86 0.066667
36 86 0.066667
50 86 0.066667
65 86 0.066667
68 86 0.066667
76 86 0.066667
90 86 0.066667
122 86 0.066667
124 86 0.066667
128 86 0.066667
137 86 0.066667
138 86 0.066667
139 86 0.066667
4 87 0.0625
13 87 0.0625
15 87 0.0625
25 87 0.0625
40 87 0.0625
49 87 0.0625
77 87 0.0625
80 87 0.0625
83 87 0.0625
100 87 0.0625
106 87 0.0625
113 87 0.0625
122 87 0.0625
128 87 0.0625
134 87 0.0625
144 87 0.0625
4 97 0.041667
20 97 0.041667
31 97 0.041667
35 97 0.041667
36 97 0.041667
38 97 0.041667
42 97 0.041667
47 97 0.041667
60 97 0.041667
63 97 0.041667
65 97 0.041667
71 97 0.041667
72 97 0.041667
77 97 0.041667
80 97 0.041667
82 97 0.041667
83 97 0.041667
89 97 0.041667
102 97 0.041667
118 97 0.041667
127 97 0.041667
129 97 0.041667
138 97 0.041667
139 97 0.041667
4 112 0.045455
9 112 0.045455
16 112 0.045455
20 112 0.045455
24 112 0.045455
35 112 0.045455
42 112 0.045455
63 112 0.045455
67 112 0.045455
74 112 0.045455
95 112 0.045455
98 112 0.045455
108 112 0.045455
109 112 0.045455
120 112 0.045455
125 112 0.045455
126 112 0.045455
128 112 0.045455
130 112 0.045455
143 112 0.045455
144 112 0.045455
147 112 0.045455
4 145 0.052632
7 145 0.052632
9 145 0.052632
18 145 0.052632
20 145 0.052632
21 145 0.052632
28 145 0.052632
48 145 0.052632
58 145 0.052632
69 145 0.052632
106 145 0.052632
108 145 0.052632
115 145 0.052632
117 145 0.052632
121 145 0.052632
122 145 0.052632
126 145 0.052632
144 145 0.052632
146 145 0.052632
5 26 0.041667
8 26 0.041667
10 26 0.041667
11 26 0.041667
15 26 0.041667
22 26 0.041667
23 26 0.041667
29 26 0.041667
31 26 0.041667
34 26 0.041667
37 26 0.041667
51 26 0.041667
52 26 0.041667
58 26 0.041667
64 26 0.041667
73 26 0.041667
76 26 0.041667
77 26 0.041667
81 26 0.041667
105 26 0.041667
107 26 0.041667
118 26 0.041667
126 26 0.041667
147 26 0.041667
5 34 0.032258
18 34 0.032258
19 34 0.032258
26 34 0.032258
27 34 0.032258
39 34 0.032258
40 34 0.032258
48 34 0.032258
58 34 0.032258
60 34 0.032258
62 34 0.032258
65 34 0.032258
75 34 0.032258
82 34 0.032258
84 34 0.032258
88 34 0.032258
90 34 0.032258
92 34 0.032258
95 34 0.032258
96 34 0.032258
107 34 0.032258
109 34 0.032258
114 34 0.032258
115 34 0.032258
118 34 0.032258
122 34 0.032258
124 34 0.032258
134 34 0.032258
140 34 0.032258
143 34 0.032258
146 34 0.032258
5 43 0.041667
7 43 0.041667
8 43 0.041667
9 43 0.041667
15 43 0.041667
18 43 0.041667
23 43 0.041667
39 43 0.041667
56 43 0.041667
63 43 0.041667
66 43 0.041667
74 43 0.041667
77 43 0.041667
81 43 0.041667
100 43 0.041667
102 43 0.041667
106 43 0.041667
116 43 0.041667
119 43 0.041667
121 43 0.041667
124 43 0.041667
134 43 0.041667
137 43 0.041667
138 43 0.041667
5 45 0.037037
12 45 0.037037
13 45 0.037037
15 45 0.037037
19 45 0.037037
35 45 0.037037
39 45 0.037037
47 45 0.037037
50 45 0.037037
57 45 0.037037
58 45 0.037037
59 45 0.037037
60 45 0.037037
63 45 0.037037
76 45 0.037037
85 45 0.037037
89 45 0.037037
94 45 0.037037
96 45 0.037037
109 45 0.037037
118 45 0.037037
119 45 0.037037
121 45 0.037037
123 45 0.037037
133 45 0.037037
134 45 0.037037
146 45 0.037037
5 90 0.043478
15 90 0.043478
21 90 0.043478
23 90 0.043478
28 90 0.043478
30 90 0.043478
34 90 0.043478
36 90 0.043478
56 90 0.043478
62 90 0.043478
64 90 0.043478
65 90 0.043478
67 90 0.043478
75 90 0.043478
86 90 0.043478
96 90 0.043478
102 90 0.043478
121 90 0.043478
123 90 0.043478
128 90 0.043478
139 90 0.043478
146 90 0.043478
147 90 0.043478
5 102 0.038462
14 102 0.038462
21 102 0.038462
24 102 0.038462
35 102 0.038462
37 102 0.038462
41 102 0.038462
43 102 0.038462
51 102 0.038462
66 102 0.038462
75 102 0.038462
76 102 0.038462
79 102 0.038462
83 102 0.038462
90 102 0.038462
94 102 0.038462
96 102 0.038462
97 102 0.038462
110 102 0.038462
111 102 0.038462
117 102 0.038462
120 102 0.038462
125 102 0.038462
128 102 0.038462
134 102 0.038462
147 102 0.038462
6 15 0.038462
16 15 0.038462
21 15 0.038462
26 15 0.038462
39 15 0.038462
43 15 0.038462
44 15 0.038462
45 15 0.038462
55 15 0.038462
59 15 0.038462
65 15 0.038462
73 15 0.038462
75 15 0.038462
80 15 0.038462
87 15 0.038462
90 15 0.038462
101 15 0.038462
107 15 0.038462
109 15 0.038462
116 15 0.038462
127 15 0.038462
132 15 0.038462
135 15 0.038462
136 15 0.038462
137 15 0.038462
146 15 0.038462
6 19 0.041667
9 19 0.041667
10 19 0.041667
11 19 0.041667
12 19 0.041667
22 19 0.041667
34 19 0.041667
36 19 0.041667
38 19 0.041667
41 19 0.041667
45 19 0.041667
52 19 0.041667
56 19 0.041667
58 19 0.041667
84 19 0.041667
92 19 0.041667
93 19 0.041667
96 19 0.041667
105 19 0.041667
110 19 0.041667
111 19 0.041667
129 19 0.041667
131 19 0.041667
147 19 0.041667
6 33 0.055556
11 33 0.055556
12 33 0.055556
30 33 0.055556
40 33 0.055556
44 33 0.055556
60 33 0.055556
65 33 0.055556
70 33 0.055556
78 33 0.055556
92 33 0.055556
93 33 0.055556
105 33 0.055556
108 33 0.055556
115 33 0.055556
120 33 0.055556
134 33 0.055556
148 33 0.055556
6 38 0.052632
8 38 0.052632
13 38 0.052632
17 38 0.052632
19 38 0.052632
24 38 0.052632
29 38 0.052632
55 38 0.052632
62 38 0.052632
92 38 0.052632
93 38 0.052632
95 38 0.052632
97 38 0.052632
105 38 0.052632
108 38 0.052632
110 38 0.052632
120 38 0.052632
137 38 0.052632
144 38 0.052632
6 56 0.045455
19 56 0.045455
27 56 0.045455
32 56 0.045455
40 56 0.045455
42 56 0.045455
43 56 0.045455
48 56 0.045455
50 56 0.045455
52 56 0.045455
55 56 0.045455
59 56 0.045455
62 56 0.045455
64 56 0.045455
67 56 0.045455
79 56 0.045455
90 56 0.045455
92 56 0.045455
94 56 0.045455
100 56 0.045455
106 56 0.045455
141 56 0.045455
6 62 0.037037
7 62 0.037037
9 62 0.037037
17 62 0.037037
20 62 0.037037
28 62 0.037037
29 62 0.037037
32 62 0.037037
34 62 0.037037
36 62 0.037037
38 62 0.037037
39 62 0.037037
51 62 0.037037
56 62 0.037037
64 62 0.037037
65 62 0.037037
75 62 0.037037
88 62 0.037037
90 62 0.037037
107 62 0.037037
109 62 0.037037
114 62 0.037037
118 62 0.037037
123 62 0.037037
135 62 0.037037
146 62 0.037037
148 62 0.037037
6 66 0.04
8 66 0.04
14 66 0.04
17 66 0.04
31 66 0.04
35 66 0.04
42 66 0.04
43 66 0.04
49 66 0.04
60 66 0.04
63 66 0.04
67 66 0.04
70 66 0.04
75 66 0.04
77 66 0.04
84 66 0.04
100 66 0.04
102 66 0.04
103 66 0.04
108 66 0.04
121 66 0.04
127 66 0.04
128 66 0.04
131 66 0.04
134 66 0.04
6 84 0.055556
8 84 0.055556
19 84 0.055556
22 84 0.055556
24 84 0.055556
30 84 0.055556
34 84 0.055556
39 84 0.055556
53 84 0.055556
66 84 0.055556
73 84 0.055556
98 84 0.055556
104 84 0.055556
106 84 0.055556
107 84 0.055556
122 84 0.055556
128 84 0.055556
144 84 0.055556
6 85 0.0625
7 85 0.0625
18 85 0.0625
23 85 0.0625
36 85 0.0625
40 85 0.0625
45 85 0.0625
47 85 0.0625
49 85 0.0625
60 85 0.0625
80 85 0.0625
117 85 0.0625
133 85 0.0625
135 85 0.0625
141 85 0.0625
144 85 0.0625
6 99 0.052632
16 99 0.052632
31 99 0.052632
42 99 0.052632
58 99 0.052632
60 99 0.052632
67 99 0.052632
68 99 0.052632
70 99 0.052632
75 99 0.052632
92 99 0.052632
96 99 0.052632
117 99 0.052632
123 99 0.052632
126 99 0.052632
127 99 0.052632
131 99 0.052632
132 99 0.052632
133 99 0.052632
6 117 0.033333
9 117 0.033333
11 117 0.033333
21 117 0.033333
22 117 0.033333
23 117 0.033333
35 117 0.033333
59 117 0.033333
60 117 0.033333
65 117 0.033333
73 117 0.033333
77 117 0.033333
80 117 0.033333
82 117 0.033333
83 117 0.033333
85 117 0.033333
88 117 0.033333
99 117 0.033333
101 117 0.033333
102 117 0.033333
103 117 0.033333
107 117 0.033333
122 117 0.033333
132 117 0.033333
134 117 0.033333
136 117 0.033333
140 117 0.033333
143 117 0.033333
144 117 0.033333
145 117 0.033333
6 138 0.047619
7 138 0.047619
18 138 0.047619
23 138 0.047619
24 138 0.047619
27 138 0.047619
28 138 0.047619
36 138 0.047619
37 138 0.047619
39 138 0.047619
43 138 0.047619
60 138 0.047619
80 138 0.047619
86 138 0.047619
95 138 0.047619
97 138 0.047619
109 138 0.047619
119 138 0.047619
125 138 0.047619
135 138 0.047619
144 138 0.047619
7 17 0.05
12 17 0.05
22 17 0.05
30 17 0.05
35 17 0.05
38 17 0.05
49 17 0.05
62 17 0.05
66 17 0.05
72 17 0.05
95 17 0.05
105 17 0.05
122 17 0.05
124 17 0.05
126 17 0.05
129 17 0.05
130 17 0.05
134 17 0.05
135 17 0.05
141 17 0.05
7 31 0.055556
26 31 0.055556
27 31 0.055556
47 31 0.055556
50 31 0.055556
57 31 0.055556
66 31 0.055556
67 31 0.055556
72 31 0.055556
78 31 0.055556
97 31 0.055556
99 31 0.055556
111 31 0.055556
113 31 0.055556
126 31 0.055556
129 31 0.055556
135 31 0.055556
141 31 0.055556
7 44 0.0625
8 44 0.0625
13 44 0.0625
15 44 0.0625
23 44 0.0625
27 44 0.0625
28 44 0.0625
33 44 0.0625
54 44 0.0625
59 44 0.0625
76 44 0.0625
80 44 0.0625
123 44 0.0625
134 44 0.0625
141 44 0.0625
143 44 0.0625
7 63 0.032258
11 63 0.032258
24 63 0.032258
29 63 0.032258
36 63 0.032258
43 63 0.032258
45 63 0.032258
48 63 0.032258
50 63 0.032258
55 63 0.032258
57 63 0.032258
60 63 0.032258
64 63 0.032258
66 63 0.032258
67 63 0.032258
81 63 0.032258
92 63 0.032258
93 63 0.032258
94 63 0.032258
96 63 0.032258
97 63 0.032258
100 63 0.032258
112 63 0.032258
113 63 0.032258
116 63 0.032258
119 63 0.032258
121 63 0.032258
122 63 0.032258
124 63 0.032258
127 63 0.032258
132 63 0.032258
7 95 0.043478
9 95 0.043478
17 95 0.043478
25 95 0.043478
27 95 0.043478
32 95 0.043478
34 95 0.043478
38 95 0.043478
47 95 0.043478
48 95 0.043478
52 95 0.043478
72 95 0.043478
74 95 0.043478
78 95 0.043478
82 95 0.043478
101 95 0.043478
109 95 0.043478
112 95 0.043478
122 95 0.043478
135 95 0.043478
138 95 0.043478
141 95 0.043478
143 95 0.043478
7 106 0.052632
9 106 0.052632
18 106 0.052632
30 106 0.052632
43 106 0.052632
55 106 0.052632
56 106 0.052632
70 106 0.052632
80 106 0.052632
84 106 0.052632
87 106 0.052632
89 106 0.052632
93 106 0.052632
98 106 0.052632
105 106 0.052632
118 106 0.052632
125 106 0.052632
142 106 0.052632
145 106 0.052632
7 121 0.05
8 121 0.05
24 121 0.05
40 121 0.05
43 121 0.05
45 121 0.05
63 121 0.05
66 121 0.05
78 121 0.05
88 121 0.05
90 121 0.05
92 121 0.05
98 121 0.05
100 121 0.05
110 121 0.05
114 121 0.05
119 121 0.05
137 121 0.05
144 121 0.05
145 121 0.05
7 139 0.05
16 139 0.05
29 139 0.05
35 139 0.05
53 139 0.05
61 139 0.05
71 139 0.05
86 139 0.05
90 139 0.05
91 139 0.05
92 139 0.05
94 139 0.05
97 139 0.05
103 139 0.05
108 139 0.05
109 139 0.05
123 139 0.05
124 139 0.05
142 139 0.05
147 139 0.05
7 142 0.05
28 142 0.05
58 142 0.05
76 142 0.05
77 142 0.05
79 142 0.05
83 142 0.05
88 142 0.05
91 142 0.05
93 142 0.05
94 142 0.05
96 142 0.05
98 142 0.05
104 142 0.05
106 142 0.05
110 142 0.05
119 142 0.05
122 142 0.05
133 142 0.05
139 142 0.05
8 48 0.052632
10 48 0.052632
11 48 0.052632
32 48 0.052632
34 48 0.052632
35 48 0.052632
41 48 0.052632
53 48 0.052632
56 48 0.052632
63 48 0.052632
79 48 0.052632
95 48 0.052632
100 48 0.052632
101 48 0.052632
113 48 0.052632
120 48 0.052632
135 48 0.052632
145 48 0.052632
146 48 0.052632
8 65 0.04
15 65 0.04
16 65 0.04
24 65 0.04
28 65 0.04
30 65 0.04
33 65 0.04
34 65 0.04
47 65 0.04
58 65 0.04
62 65 0.04
78 65 0.04
86 65 0.04
90 65 0.04
92 65 0.04
97 65 0.04
103 65 0.04
115 65 0.04
116 65 0.04
117 65 0.04
123 65 0.04
129 65 0.04
130 65 0.04
146 65 0.04
148 65 0.04
8 67 0.034483
16 67 0.034483
20 67 0.034483
31 67 0.034483
39 67 0.034483
51 67 0.034483
52 67 0.034483
56 67 0.034483
59 67 0.034483
63 67 0.034483
66 67 0.034483
69 67 0.034483
72 67 0.034483
78 67 0.034483
79 67 0.034483
81 67 0.034483
82 67 0.034483
83 67 0.034483
90 67 0.034483
92 67 0.034483
99 67 0.034483
101 67 0.034483
109 67 0.034483
112 67 0.034483
114 67 0.034483
120 67 0.034483
134 67 0.034483
136 67 0.034483
141 67 0.034483
8 83 0.045455
23 83 0.045455
24 83 0.045455
27 83 0.045455
29 83 0.045455
35 83 0.045455
39 83 0.045455
54 83 0.045455
58 83 0.045455
67 83 0.045455
68 83 0.045455
69 83 0.045455
87 83 0.045455
97 83 0.045455
100 83 0.045455
102 83 0.045455
108 83 0.045455
117 83 0.045455
118 83 0.045455
133 83 0.045455
134 83 0.045455
142 83 0.045455
9 41 0.047619
14 41 0.047619
19 41 0.047619
48 41 0.047619
49 41 0.047619
61 41 0.047619
69 41 0.047619
70 41 0.047619
102 41 0.047619
110 41 0.047619
113 41 0.047619
124 41 0.047619
125 41 0.047619
131 41 0.047619
132 41 0.047619
133 41 0.047619
134 41 0.047619
136 41 0.047619
137 41 0.047619
140 41 0.047619
143 41 0.047619
9 70 0.045455
10 70 0.045455
13 70 0.045455
25 70 0.045455
28 70 0.045455
33 70 0.045455
36 70 0.045455
39 70 0.045455
41 70 0.045455
54 70 0.045455
64 70 0.045455
66 70 0.045455
93 70 0.045455
99 70 0.045455
106 70 0.045455
108 70 0.045455
116 70 0.045455
118 70 0.045455
123 70 0.045455
134 70 0.045455
135 70 0.045455
148 70 0.045455
9 89 0.052632
18 89 0.052632
20 89 0.052632
22 89 0.052632
24 89 0.052632
42 89 0.052632
45 89 0.052632
59 89 0.052632
61 89 0.052632
72 89 0.052632
79 89 0.052632
97 89 0.052632
98 89 0.052632
106 89 0.052632
110 89 0.052632
128 89 0.052632
129 89 0.052632
135 89 0.052632
136 89 0.052632
9 101 0.047619
14 101 0.047619
15 101 0.047619
48 101 0.047619
57 101 0.047619
61 101 0.047619
67 101 0.047619
75 101 0.047619
77 101 0.047619
82 101 0.047619
88 101 0.047619
94 101 0.047619
95 101 0.047619
108 101 0.047619
111 101 0.047619
114 101 0.047619
117 101 0.047619
118 101 0.047619
126 101 0.047619
127 101 0.047619
146 101 0.047619
9 146 0.034483
12 146 0.034483
15 146 0.034483
23 146 0.034483
24 146 0.034483
25 146 0.034483
28 146 0.034483
30 146 0.034483
34 146 0.034483
45 146 0.034483
48 146 0.034483
61 146 0.034483
62 146 0.034483
65 146 0.034483
72 146 0.034483
76 146 0.034483
81 146 0.034483
82 146 0.034483
88 146 0.034483
90 146 0.034483
94 146 0.034483
101 146 0.034483
114 146 0.034483
116 146 0.034483
120 146 0.034483
126 146 0.034483
127 146 0.034483
129 146 0.034483
145 146 0.034483
10 29 0.055556
18 29 0.055556
26 29 0.055556
35 29 0.055556
38 29 0.055556
40 29 0.055556
62 29 0.055556
63 29 0.055556
69 29 0.055556
76 29 0.055556
83 29 0.055556
93 29 0.055556
107 29 0.055556
115 29 0.055556
126 29 0.055556
127 29 0.055556
139 29 0.055556
141 29 0.055556
10 42 0.029412
18 42 0.029412
20 42 0.029412
23 42 0.029412
32 42 0.029412
36 42 0.029412
46 42 0.029412
52 42 0.029412
53 42 0.029412
54 42 0.029412
56 42 0.029412
60 42 0.029412
61 42 0.029412
66 42 0.029412
68 42 0.029412
73 42 0.029412
74 42 0.029412
78 42 0.029412
80 42 0.029412
89 42 0.029412
94 42 0.029412
97 42 0.029412
99 42 0.029412
100 42 0.029412
108 42 0.029412
109 42 0.029412
112 42 0.029412
113 42 0.029412
115 42 0.029412
120 42 0.029412
122 42 0.029412
134 42 0.029412
141 42 0.029412
143 42 0.029412
10 64 0.058824
13 64 0.058824
26 64 0.058824
28 64 0.058824
54 64 0.058824
56 64 0.058824
58 64 0.058824
62 64 0.058824
63 64 0.058824
68 64 0.058824
70 64 0.058824
77 64 0.058824
80 64 0.058824
90 64 0.058824
119 64 0.058824
120 64 0.058824
137 64 0.058824
10 72 0.04
17 72 0.04
28 72 0.04
31 72 0.04
55 72 0.04
57 72 0.04
59 72 0.04
67 72 0.04
71 72 0.04
73 72 0.04
75 72 0.04
82 72 0.04
89 72 0.04
91 72 0.04
93 72 0.04
95 72 0.04
97 72 0.04
100 72 0.04
103 72 0.04
114 72 0.04
123 72 0.04
131 72 0.04
132 72 0.04
144 72 0.04
146 72 0.04
10 103 0.055556
16 103 0.055556
30 103 0.055556
36 103 0.055556
59 103 0.055556
65 103 0.055556
66 103 0.055556
68 103 0.055556
71 103 0.055556
72 103 0.055556
79 103 0.055556
91 103 0.055556
105 103 0.055556
109 103 0.055556
117 103 0.055556
127 103 0.055556
131 103 0.055556
139 103 0.055556
10 111 0.0625
14 111 0.0625
18 111 0.0625
19 111 0.0625
31 111 0.0625
35 111 0.0625
61 111 0.0625
71 111 0.0625
77 111 0.0625
88 111 0.0625
94 111 0.0625
96 111 0.0625
101 111 0.0625
102 111 0.0625
119 111 0.0625
130 111 0.0625
10 113 0.052632
21 113 0.052632
22 113 0.052632
24 113 0.052632
31 113 0.052632
36 113 0.052632
41 113 0.052632
42 113 0.052632
48 113 0.052632
63 113 0.052632
74 113 0.052632
79 113 0.052632
87 113 0.052632
93 113 0.052632
96 113 0.052632
105 113 0.052632
107 113 0.052632
110 113 0.052632
115 113 0.052632
10 116 0.055556
14 116 0.055556
15 116 0.055556
24 116 0.055556
32 116 0.055556
43 116 0.055556
49 116 0.055556
51 116 0.055556
53 116 0.055556
57 116 0.055556
63 116 0.055556
65 116 0.055556
70 116 0.055556
76 116 0.055556
92 116 0.055556
104 116 0.055556
143 116 0.055556
146 116 0.055556
11 28 0.047619
16 28 0.047619
20 28 0.047619
35 28 0.047619
44 28 0.047619
49 28 0.047619
51 28 0.047619
57 28 0.047619
62 28 0.047619
64 28 0.047619
65 28 0.047619
70 28 0.047619
72 28 0.047619
90 28 0.047619
93 28 0.047619
105 28 0.047619
135 28 0.047619
138 28 0.047619
142 28 0.047619
145 28 0.047619
146 28 0.047619
11 49 0.047619
17 49 0.047619
27 49 0.047619
28 49 0.047619
37 49 0.047619
41 49 0.047619
46 49 0.047619
66 49 0.047619
74 49 0.047619
78 49 0.047619
82 49 0.047619
85 49 0.047619
87 49 0.047619
93 49 0.047619
108 49 0.047619
109 49 0.047619
116 49 0.047619
132 49 0.047619
141 49 0.047619
143 49 0.047619
144 49 0.047619
11 50 0.066667
25 50 0.066667
31 50 0.066667
45 50 0.066667
56 50 0.066667
60 50 0.066667
63 50 0.066667
73 50 0.066667
78 50 0.066667
86 50 0.066667
88 50 0.066667
105 50 0.066667
133 50 0.066667
135 50 0.066667
144 50 0.066667
11 105 0.045455
17 105 0.045455
19 105 0.045455
26 105 0.045455
28 105 0.045455
33 105 0.045455
38 105 0.045455
47 105 0.045455
50 105 0.045455
60 105 0.045455
69 105 0.045455
76 105 0.045455
79 105 0.045455
94 105 0.045455
103 105 0.045455
106 105 0.045455
113 105 0.045455
119 105 0.045455
127 105 0.045455
130 105 0.045455
135 105 0.045455
141 105 0.045455
11 118 0.052632
13 118 0.052632
26 118 0.052632
30 118 0.052632
34 118 0.052632
36 118 0.052632
45 118 0.052632
47 118 0.052632
62 118 0.052632
70 118 0.052632
73 118 0.052632
75 118 0.052632
83 118 0.052632
93 118 0.052632
97 118 0.052632
101 118 0.052632
106 118 0.052632
107 118 0.052632
119 118 0.052632
12 35 0.029412
17 35 0.029412
25 35 0.029412
28 35 0.029412
29 35 0.029412
45 35 0.029412
47 35 0.029412
48 35 0.029412
51 35 0.029412
57 35 0.029412
58 35 0.029412
66 35 0.029412
71 35 0.029412
73 35 0.029412
82 35 0.029412
83 35 0.029412
93 35 0.029412
97 35 0.029412
100 35 0.029412
102 35 0.029412
107 35 0.029412
108 35 0.029412
111 35 0.029412
112 35 0.029412
114 35 0.029412
117 35 0.029412
120 35 0.029412
132 35 0.029412
134 35 0.029412
136 35 0.029412
139 35 0.029412
140 35 0.029412
141 35 0.029412
143 35 0.029412
12 69 0.047619
13 69 0.047619
25 69 0.047619
27 69 0.047619
29 69 0.047619
39 69 0.047619
41 69 0.047619
55 69 0.047619
61 69 0.047619
67 69 0.047619
75 69 0.047619
83 69 0.047619
91 69 0.047619
96 69 0.047619
105 69 0.047619
109 69 0.047619
115 69 0.047619
124 69 0.047619
133 69 0.047619
143 69 0.047619
145 69 0.047619
12 93 0.034483
19 93 0.034483
24 93 0.034483
28 93 0.034483
29 93 0.034483
32 93 0.034483
33 93 0.034483
35 93 0.034483
36 93 0.034483
37 93 0.034483
38 93 0.034483
40 93 0.034483
47 93 0.034483
49 93 0.034483
52 93 0.034483
63 93 0.034483
70 93 0.034483
72 93 0.034483
76 93 0.034483
81 93 0.034483
106 93 0.034483
113 93 0.034483
118 93 0.034483
127 93 0.034483
135 93 0.034483
136 93 0.034483
142 93 0.034483
143 93 0.034483
144 93 0.034483
12 126 0.038462
17 126 0.038462
18 126 0.038462
24 126 0.038462
25 126 0.038462
26 126 0.038462
27 126 0.038462
29 126 0.038462
30 126 0.038462
31 126 0.038462
47 126 0.038462
58 126 0.038462
74 126 0.038462
82 126 0.038462
99 126 0.038462
101 126 0.038462
108 126 0.038462
112 126 0.038462
120 126 0.038462
122 126 0.038462
131 126 0.038462
133 126 0.038462
136 126 0.038462
141 126 0.038462
145 126 0.038462
146 126 0.038462
13 27 0.038462
30 27 0.038462
31 27 0.038462
32 27 0.038462
34 27 0.038462
37 27 0.038462
40 27 0.038462
44 27 0.038462
49 27 0.038462
52 27 0.038462
56 27 0.038462
69 27 0.038462
77 27 0.038462
81 27 0.038462
83 27 0.038462
86 27 0.038462
95 27 0.038462
108 27 0.038462
109 27 0.038462
124 27 0.038462
126 27 0.038462
129 27 0.038462
130 27 0.038462
131 27 0.038462
138 27 0.038462
148 27 0.038462
13 30 0.055556
17 30 0.055556
27 30 0.055556
33 30 0.055556
37 30 0.055556
52 30 0.055556
58 30 0.055556
60 30 0.055556
65 30 0.055556
73 30 0.055556
84 30 0.055556
90 30 0.055556
103 30 0.055556
106 30 0.055556
110 30 0.055556
118 30 0.055556
126 30 0.055556
146 30 0.055556
13 129 0.05
17 129 0.05
19 129 0.05
27 129 0.05
31 129 0.05
39 129 0.05
59 129 0.05
60 129 0.05
65 129 0.05
76 129 0.05
78 129 0.05
79 129 0.05
82 129 0.05
88 129 0.05
89 129 0.05
97 129 0.05
115 129 0.05
122 129 0.05
143 129 0.05
146 129 0.05
14 96 0.045455
19 96 0.045455
34 96 0.045455
45 96 0.045455
52 96 0.045455
57 96 0.045455
58 96 0.045455
60 96 0.045455
61 96 0.045455
63 96 0.045455
69 96 0.045455
74 96 0.045455
81 96 0.045455
90 96 0.045455
99 96 0.045455
102 96 0.045455
110 96 0.045455
111 96 0.045455
113 96 0.045455
115 96 0.045455
127 96 0.045455
142 96 0.045455
14 104 0.076923
20 104 0.076923
36 104 0.076923
47 104 0.076923
55 104 0.076923
57 104 0.076923
58 104 0.076923
74 104 0.076923
84 104 0.076923
98 104 0.076923
116 104 0.076923
122 104 0.076923
142 104 0.076923
15 16 0.047619
22 16 0.047619
23 16 0.047619
28 16 0.047619
40 16 0.047619
46 16 0.047619
65 16 0.047619
67 16 0.047619
71 16 0.047619
76 16 0.047619
78 16 0.047619
79 16 0.047619
81 16 0.047619
99 16 0.047619
103 16 0.047619
108 16 0.047619
110 16 0.047619
112 16 0.047619
130 16 0.047619
139 16 0.047619
140 16 0.047619
15 75 0.037037
20 75 0.037037
34 75 0.037037
37 75 0.037037
46 75 0.037037
57 75 0.037037
61 75 0.037037
62 75 0.037037
66 75 0.037037
68 75 0.037037
69 75 0.037037
72 75 0.037037
81 75 0.037037
90 75 0.037037
91 75 0.037037
94 75 0.037037
99 75 0.037037
101 75 0.037037
102 75 0.037037
115 75 0.037037
118 75 0.037037
120 75 0.037037
123 75 0.037037
124 75 0.037037
130 75 0.037037
136 75 0.037037
137 75 0.037037
15 127 0.04
25 127 0.04
29 127 0.04
47 127 0.04
51 127 0.04
54 127 0.04
58 127 0.04
63 127 0.04
66 127 0.04
68 127 0.04
81 127 0.04
91 127 0.04
93 127 0.04
96 127 0.04
97 127 0.04
98 127 0.04
99 127 0.04
101 127 0.04
103 127 0.04
105 127 0.04
109 127 0.04
123 127 0.04
124 127 0.04
135 127 0.04
146 127 0.04
15 137 0.04
23 137 0.04
37 137 0.04
38 137 0.04
41 137 0.04
43 137 0.04
51 137 0.04
57 137 0.04
64 137 0.04
71 137 0.04
75 137 0.04
77 137 0.04
78 137 0.04
79 137 0.04
82 137 0.04
86 137 0.04
92 137 0.04
98 137 0.04
109 137 0.04
110 137 0.04
119 137 0.04
121 137 0.04
136 137 0.04
140 137 0.04
143 137 0.04
16 78 0.041667
20 78 0.041667
21 78 0.041667
31 78 0.041667
33 78 0.041667
39 78 0.041667
42 78 0.041667
49 78 0.041667
50 78 0.041667
54 78 0.041667
57 78 0.041667
58 78 0.041667
65 78 0.041667
67 78 0.041667
68 78 0.041667
76 78 0.041667
95 78 0.041667
121 78 0.041667
122 78 0.041667
129 78 0.041667
132 78 0.041667
137 78 0.041667
141 78 0.041667
147 78 0.041667
17 141 0.035714
18 141 0.035714
24 141 0.035714
29 141 0.035714
31 141 0.035714
35 141 0.035714
42 141 0.035714
44 141 0.035714
49 141 0.035714
51 141 0.035714
56 141 0.035714
67 141 0.035714
71 141 0.035714
73 141 0.035714
77 141 0.035714
78 141 0.035714
85 141 0.035714
94 141 0.035714
95 141 0.035714
100 141 0.035714
105 141 0.035714
122 141 0.035714
125 141 0.035714
126 141 0.035714
130 141 0.035714
134 141 0.035714
135 141 0.035714
148 141 0.035714
19 36 0.04
24 36 0.04
32 36 0.04
42 36 0.04
47 36 0.04
60 36 0.04
62 36 0.04
63 36 0.04
70 36 0.04
85 36 0.04
86 36 0.04
90 36 0.04
93 36 0.04
94 36 0.04
97 36 0.04
103 36 0.04
104 36 0.04
108 36 0.04
113 36 0.04
118 36 0.04
124 36 0.04
135 36 0.04
136 36 0.04
138 36 0.04
140 36 0.04
19 147 0.071429
22 147 0.071429
26 147 0.071429
39 147 0.071429
47 147 0.071429
51 147 0.071429
78 147 0.071429
90 147 0.071429
102 147 0.071429
112 147 0.071429
119 147 0.071429
123 147 0.071429
135 147 0.071429
139 147 0.071429
22 120 0.05
23 120 0.05
33 120 0.05
35 120 0.05
38 120 0.05
42 120 0.05
48 120 0.05
61 120 0.05
64 120 0.05
67 120 0.05
71 120 0.05
75 120 0.05
80 120 0.05
91 120 0.05
102 120 0.05
112 120 0.05
119 120 0.05
126 120 0.05
132 120 0.05
146 120 0.05
24 37 0.052632
26 37 0.052632
27 37 0.052632
30 37 0.052632
49 37 0.052632
55 37 0.052632
60 37 0.052632
74 37 0.052632
75 37 0.052632
92 37 0.052632
93 37 0.052632
94 37 0.052632
98 37 0.052632
102 37 0.052632
109 37 0.052632
115 37 0.052632
131 37 0.052632
137 37 0.052632
138 37 0.052632
25 61 0.047619
41 61 0.047619
42 61 0.047619
53 61 0.047619
55 61 0.047619
68 61 0.047619
69 61 0.047619
75 61 0.047619
79 61 0.047619
89 61 0.047619
96 61 0.047619
101 61 0.047619
111 61 0.047619
114 61 0.047619
120 61 0.047619
130 61 0.047619
133 61 0.047619
135 61 0.047619
139 61 0.047619
143 61 0.047619
146 61 0.047619
32 98 0.052632
37 98 0.052632
39 98 0.052632
47 98 0.052632
57 98 0.052632
80 98 0.052632
82 98 0.052632
84 98 0.052632
89 98 0.052632
104 98 0.052632
106 98 0.052632
112 98 0.052632
121 98 0.052632
127 98 0.052632
137 98 0.052632
140 98 0.052632
142 98 0.052632
144 98 0.052632
148 98 0.052632
43 119 0.047619
45 119 0.047619
51 119 0.047619
58 119 0.047619
63 119 0.047619
64 119 0.047619
74 119 0.047619
82 119 0.047619
92 119 0.047619
105 119 0.047619
111 119 0.047619
115 119 0.047619
118 119 0.047619
120 119 0.047619
121 119 0.047619
132 119 0.047619
137 119 0.047619
138 119 0.047619
140 119 0.047619
142 119 0.047619
147 119 0.047619
14 0 0.055556
21 0 0.055556
39 0 0.055556
46 0 0.055556
51 0 0.055556
53 0 0.055556
55 0 0.055556
57 0 0.055556
59 0 0.055556
68 0 0.055556
71 0 0.055556
92 0 0.055556
94 0 0.055556
114 0 0.055556
123 0 0.055556
131 0 0.055556
143 0 0.055556
144 0 0.055556
20 1 0.05
46 1 0.05
54 1 0.05
60 1 0.05
71 1 0.05
76 1 0.05
82 1 0.05
108 1 0.05
109 1 0.05
110 1 0.05
115 1 0.05
122 1 0.05
124 1 0.05
128 1 0.05
132 1 0.05
133 1 0.05
134 1 0.05
135 1 0.05
136 1 0.05
148 1 0.05
4 2 0.047619
5 2 0.047619
6 2 0.047619
10 2 0.047619
11 2 0.047619
12 2 0.047619
13 2 0.047619
22 2 0.047619
24 2 0.047619
32 2 0.047619
39 2 0.047619
47 2 0.047619
55 2 0.047619
77 2 0.047619
80 2 0.047619
88 2 0.047619
94 2 0.047619
107 2 0.047619
125 2 0.047619
130 2 0.047619
140 2 0.047619
9 3 0.0625
10 3 0.0625
12 3 0.0625
25 3 0.0625
40 3 0.0625
52 3 0.0625
54 3 0.0625
58 3 0.0625
74 3 0.0625
77 3 0.0625
91 3 0.0625
100 3 0.0625
107 3 0.0625
109 3 0.0625
128 3 0.0625
131 3 0.0625
17 7 0.043478
20 7 0.043478
31 7 0.043478
32 7 0.043478
39 7 0.043478
43 7 0.043478
44 7 0.043478
46 7 0.043478
55 7 0.043478
62 7 0.043478
63 7 0.043478
85 7 0.043478
92 7 0.043478
95 7 0.043478
106 7 0.043478
108 7 0.043478
121 7 0.043478
132 7 0.043478
135 7 0.043478
138 7 0.043478
139 7 0.043478
142 7 0.043478
145 7 0.043478
13 8 0.041667
22 8 0.041667
25 8 0.041667
26 8 0.041667
38 8 0.041667
43 8 0.041667
44 8 0.041667
48 8 0.041667
51 8 0.041667
52 8 0.041667
60 8 0.041667
65 8 0.041667
66 8 0.041667
67 8 0.041667
71 8 0.041667
80 8 0.041667
83 8 0.041667
84 8 0.041667
91 8 0.041667
109 8 0.041667
121 8 0.041667
124 8 0.041667
125 8 0.041667
131 8 0.041667
24 18 0.05
29 18 0.05
34 18 0.05
42 18 0.05
43 18 0.05
52 18 0.05
68 18 0.05
76 18 0.05
85 18 0.05
89 18 0.05
106 18 0.05
111 18 0.05
124 18 0.05
125 18 0.05
126 18 0.05
138 18 0.05
140 18 0.05
141 18 0.05
145 18 0.05
148 18 0.05
