0 1 0.1
2 1 0.1
3 1 0.1
160 1 0.1
4 1 0.1
159 1 0.1
5 1 0.1
158 1 0.1
36 1 0.1
31 1 0.1
0 160 0.125
1 160 0.125
2 160 0.125
3 160 0.125
156 160 0.125
157 160 0.125
158 160 0.125
159 160 0.125
0 2 0.125
1 2 0.125
3 2 0.125
4 2 0.125
5 2 0.125
160 2 0.125
6 2 0.125
159 2 0.125
0 159 0.125
1 159 0.125
2 159 0.125
155 159 0.125
156 159 0.125
157 159 0.125
158 159 0.125
160 159 0.125
0 3 0.111111
1 3 0.111111
2 3 0.111111
4 3 0.111111
5 3 0.111111
6 3 0.111111
7 3 0.111111
160 3 0.111111
40 3 0.111111
0 158 0.125
1 158 0.125
154 158 0.125
155 158 0.125
156 158 0.125
157 158 0.125
159 158 0.125
160 158 0.125
0 4 0.111111
1 4 0.111111
2 4 0.111111
3 4 0.111111
5 4 0.111111
6 4 0.111111
7 4 0.111111
8 4 0.111111
53 4 0.111111
0 157 0.125
153 157 0.125
154 157 0.125
155 157 0.125
156 157 0.125
158 157 0.125
159 157 0.125
160 157 0.125
1 5 0.111111
2 5 0.111111
3 5 0.111111
4 5 0.111111
6 5 0.111111
7 5 0.111111
8 5 0.111111
9 5 0.111111
80 5 0.111111
1 36 0.125
32 36 0.125
33 36 0.125
34 36 0.125
35 36 0.125
37 36 0.125
38 36 0.125
40 36 0.125
1 31 0.111111
27 31 0.111111
28 31 0.111111
29 31 0.111111
30 31 0.111111
32 31 0.111111
33 31 0.111111
34 31 0.111111
65 31 0.111111
2 6 0.1
3 6 0.1
4 6 0.1
5 6 0.1
7 6 0.1
8 6 0.1
10 6 0.1
149 6 0.1
28 6 0.1
16 6 0.1
3 7 0.125
4 7 0.125
5 7 0.125
6 7 0.125
8 7 0.125
9 7 0.125
10 7 0.125
117 7 0.125
3 40 0.111111
36 40 0.111111
37 40 0.111111
38 40 0.111111
39 40 0.111111
41 40 0.111111
43 40 0.111111
44 40 0.111111
77 40 0.111111
4 8 0.125
5 8 0.125
6 8 0.125
7 8 0.125
9 8 0.125
10 8 0.125
11 8 0.125
12 8 0.125
4 53 0.111111
49 53 0.111111
50 53 0.111111
51 53 0.111111
52 53 0.111111
54 53 0.111111
55 53 0.111111
57 53 0.111111
69 53 0.111111
5 9 0.142857
7 9 0.142857
8 9 0.142857
11 9 0.142857
12 9 0.142857
13 9 0.142857
110 9 0.142857
5 80 0.142857
76 80 0.142857
78 80 0.142857
79 80 0.142857
81 80 0.142857
82 80 0.142857
83 80 0.142857
6 10 0.142857
7 10 0.142857
8 10 0.142857
11 10 0.142857
12 10 0.142857
13 10 0.142857
14 10 0.142857
6 149 0.125
145 149 0.125
146 149 0.125
147 149 0.125
148 149 0.125
150 149 0.125
152 149 0.125
153 149 0.125
6 28 0.111111
15 28 0.111111
24 28 0.111111
25 28 0.111111
26 28 0.111111
27 28 0.111111
29 28 0.111111
30 28 0.111111
31 28 0.111111
6 16 0.142857
12 16 0.142857
14 16 0.142857
15 16 0.142857
17 16 0.142857
18 16 0.142857
19 16 0.142857
7 117 0.125
22 117 0.125
69 117 0.125
114 117 0.125
116 117 0.125
118 117 0.125
119 117 0.125
120 117 0.125
8 11 0.142857
9 11 0.142857
10 11 0.142857
12 11 0.142857
13 11 0.142857
14 11 0.142857
15 11 0.142857
8 12 0.125
9 12 0.125
10 12 0.125
11 12 0.125
13 12 0.125
14 12 0.125
15 12 0.125
16 12 0.125
9 13 0.125
10 13 0.125
11 13 0.125
12 13 0.125
14 13 0.125
15 13 0.125
17 13 0.125
25 13 0.125
9 110 0.125
107 110 0.125
108 110 0.125
109 110 0.125
111 110 0.125
112 110 0.125
113 110 0.125
114 110 0.125
10 14 0.125
11 14 0.125
12 14 0.125
13 14 0.125
15 14 0.125
16 14 0.125
18 14 0.125
47 14 0.125
11 15 0.1
12 15 0.1
13 15 0.1
14 15 0.1
16 15 0.1
17 15 0.1
18 15 0.1
19 15 0.1
49 15 0.1
28 15 0.1
13 17 0.142857
15 17 0.142857
16 17 0.142857
18 17 0.142857
19 17 0.142857
20 17 0.142857
21 17 0.142857
13 25 0.111111
21 25 0.111111
22 25 0.111111
23 25 0.111111
24 25 0.111111
26 25 0.111111
27 25 0.111111
28 25 0.111111
29 25 0.111111
14 18 0.111111
15 18 0.111111
16 18 0.111111
17 18 0.111111
19 18 0.111111
20 18 0.111111
21 18 0.111111
22 18 0.111111
113 18 0.111111
14 47 0.111111
43 47 0.111111
44 47 0.111111
45 47 0.111111
46 47 0.111111
48 47 0.111111
49 47 0.111111
50 47 0.111111
51 47 0.111111
15 19 0.125
16 19 0.125
17 19 0.125
18 19 0.125
20 19 0.125
21 19 0.125
22 19 0.125
23 19 0.125
15 49 0.1
45 49 0.1
46 49 0.1
47 49 0.1
48 49 0.1
50 49 0.1
52 49 0.1
53 49 0.1
118 49 0.1
135 49 0.1
17 20 0.142857
18 20 0.142857
19 20 0.142857
21 20 0.142857
22 20 0.142857
23 20 0.142857
24 20 0.142857
17 21 0.125
18 21 0.125
19 21 0.125
20 21 0.125
22 21 0.125
23 21 0.125
24 21 0.125
25 21 0.125
18 22 0.111111
19 22 0.111111
20 22 0.111111
21 22 0.111111
24 22 0.111111
25 22 0.111111
26 22 0.111111
114 22 0.111111
117 22 0.111111
18 113 0.125
109 113 0.125
110 113 0.125
111 113 0.125
112 113 0.125
114 113 0.125
115 113 0.125
116 113 0.125
19 23 0.142857
20 23 0.142857
21 23 0.142857
24 23 0.142857
25 23 0.142857
26 23 0.142857
27 23 0.142857
20 24 0.1
21 24 0.1
22 24 0.1
23 24 0.1
25 24 0.1
26 24 0.1
27 24 0.1
28 24 0.1
95 24 0.1
100 24 0.1
22 26 0.125
23 26 0.125
24 26 0.125
25 26 0.125
27 26 0.125
28 26 0.125
29 26 0.125
30 26 0.125
22 114 0.111111
110 114 0.111111
111 114 0.111111
112 114 0.111111
113 114 0.111111
115 114 0.111111
116 114 0.111111
117 114 0.111111
118 114 0.111111
23 27 0.125
24 27 0.125
25 27 0.125
26 27 0.125
28 27 0.125
29 27 0.125
30 27 0.125
31 27 0.125
24 95 0.125
91 95 0.125
92 95 0.125
93 95 0.125
94 95 0.125
97 95 0.125
98 95 0.125
99 95 0.125
24 100 0.125
96 100 0.125
97 100 0.125
98 100 0.125
99 100 0.125
101 100 0.125
103 100 0.125
104 100 0.125
25 29 0.111111
26 29 0.111111
27 29 0.111111
28 29 0.111111
30 29 0.111111
31 29 0.111111
33 29 0.111111
38 29 0.111111
62 29 0.111111
26 30 0.125
27 30 0.125
28 30 0.125
29 30 0.125
31 30 0.125
32 30 0.125
33 30 0.125
34 30 0.125
29 33 0.125
30 33 0.125
31 33 0.125
32 33 0.125
34 33 0.125
35 33 0.125
36 33 0.125
37 33 0.125
29 38 0.111111
34 38 0.111111
35 38 0.111111
36 38 0.111111
37 38 0.111111
39 38 0.111111
40 38 0.111111
41 38 0.111111
42 38 0.111111
29 62 0.1
58 62 0.1
59 62 0.1
60 62 0.1
61 62 0.1
63 62 0.1
64 62 0.1
65 62 0.1
91 62 0.1
131 62 0.1
30 32 0.166667
31 32 0.166667
33 32 0.166667
34 32 0.166667
35 32 0.166667
36 32 0.166667
30 34 0.125
31 34 0.125
32 34 0.125
33 34 0.125
35 34 0.125
36 34 0.125
37 34 0.125
38 34 0.125
31 65 0.125
60 65 0.125
61 65 0.125
62 65 0.125
63 65 0.125
64 65 0.125
66 65 0.125
68 65 0.125
32 35 0.142857
33 35 0.142857
34 35 0.142857
36 35 0.142857
37 35 0.142857
38 35 0.142857
39 35 0.142857
33 37 0.125
34 37 0.125
35 37 0.125
36 37 0.125
38 37 0.125
39 37 0.125
40 37 0.125
41 37 0.125
35 39 0.142857
37 39 0.142857
38 39 0.142857
40 39 0.142857
41 39 0.142857
42 39 0.142857
43 39 0.142857
37 41 0.125
38 41 0.125
39 41 0.125
40 41 0.125
42 41 0.125
43 41 0.125
44 41 0.125
45 41 0.125
38 42 0.142857
39 42 0.142857
41 42 0.142857
43 42 0.142857
44 42 0.142857
45 42 0.142857
46 42 0.142857
39 43 0.125
40 43 0.125
41 43 0.125
42 43 0.125
44 43 0.125
45 43 0.125
46 43 0.125
47 43 0.125
40 44 0.111111
41 44 0.111111
42 44 0.111111
43 44 0.111111
45 44 0.111111
46 44 0.111111
47 44 0.111111
48 44 0.111111
71 44 0.111111
40 77 0.125
73 77 0.125
74 77 0.125
75 77 0.125
76 77 0.125
78 77 0.125
79 77 0.125
81 77 0.125
41 45 0.125
42 45 0.125
43 45 0.125
44 45 0.125
46 45 0.125
47 45 0.125
48 45 0.125
49 45 0.125
42 46 0.125
43 46 0.125
44 46 0.125
45 46 0.125
47 46 0.125
48 46 0.125
49 46 0.125
50 46 0.125
44 48 0.125
45 48 0.125
46 48 0.125
47 48 0.125
49 48 0.125
50 48 0.125
51 48 0.125
52 48 0.125
44 71 0.142857
67 71 0.142857
68 71 0.142857
70 71 0.142857
73 71 0.142857
74 71 0.142857
75 71 0.142857
46 50 0.125
47 50 0.125
48 50 0.125
49 50 0.125
51 50 0.125
52 50 0.125
53 50 0.125
54 50 0.125
47 51 0.142857
48 51 0.142857
50 51 0.142857
52 51 0.142857
53 51 0.142857
54 51 0.142857
55 51 0.142857
48 52 0.125
49 52 0.125
50 52 0.125
51 52 0.125
53 52 0.125
54 52 0.125
55 52 0.125
56 52 0.125
49 118 0.125
114 118 0.125
115 118 0.125
116 118 0.125
117 118 0.125
119 118 0.125
121 118 0.125
122 118 0.125
49 135 0.125
68 135 0.125
131 135 0.125
132 135 0.125
133 135 0.125
134 135 0.125
136 135 0.125
138 135 0.125
50 54 0.125
51 54 0.125
52 54 0.125
53 54 0.125
55 54 0.125
56 54 0.125
57 54 0.125
58 54 0.125
51 55 0.125
52 55 0.125
53 55 0.125
54 55 0.125
56 55 0.125
57 55 0.125
59 55 0.125
93 55 0.125
52 56 0.125
54 56 0.125
55 56 0.125
57 56 0.125
58 56 0.125
59 56 0.125
60 56 0.125
86 56 0.125
53 57 0.125
54 57 0.125
55 57 0.125
56 57 0.125
58 57 0.125
59 57 0.125
60 57 0.125
61 57 0.125
53 69 0.142857
58 69 0.142857
66 69 0.142857
67 69 0.142857
68 69 0.142857
72 69 0.142857
117 69 0.142857
54 58 0.125
56 58 0.125
57 58 0.125
59 58 0.125
60 58 0.125
61 58 0.125
62 58 0.125
69 58 0.125
55 59 0.111111
56 59 0.111111
57 59 0.111111
58 59 0.111111
60 59 0.111111
61 59 0.111111
62 59 0.111111
63 59 0.111111
66 59 0.111111
55 93 0.125
89 93 0.125
90 93 0.125
94 93 0.125
95 93 0.125
96 93 0.125
97 93 0.125
130 93 0.125
56 60 0.1
57 60 0.1
58 60 0.1
59 60 0.1
61 60 0.1
62 60 0.1
63 60 0.1
64 60 0.1
65 60 0.1
140 60 0.1
56 86 0.142857
83 86 0.142857
84 86 0.142857
85 86 0.142857
88 86 0.142857
89 86 0.142857
90 86 0.142857
57 61 0.111111
58 61 0.111111
59 61 0.111111
60 61 0.111111
62 61 0.111111
63 61 0.111111
64 61 0.111111
65 61 0.111111
106 61 0.111111
59 63 0.125
60 63 0.125
61 63 0.125
62 63 0.125
64 63 0.125
65 63 0.125
66 63 0.125
72 63 0.125
59 66 0.142857
63 66 0.142857
64 66 0.142857
65 66 0.142857
68 66 0.142857
69 66 0.142857
70 66 0.142857
60 64 0.111111
61 64 0.111111
62 64 0.111111
63 64 0.111111
65 64 0.111111
66 64 0.111111
67 64 0.111111
68 64 0.111111
96 64 0.111111
60 140 0.125
136 140 0.125
137 140 0.125
138 140 0.125
139 140 0.125
141 140 0.125
143 140 0.125
144 140 0.125
61 106 0.125
102 106 0.125
103 106 0.125
104 106 0.125
105 106 0.125
107 106 0.125
108 106 0.125
109 106 0.125
62 91 0.125
87 91 0.125
88 91 0.125
89 91 0.125
90 91 0.125
92 91 0.125
94 91 0.125
95 91 0.125
62 131 0.142857
127 131 0.142857
129 131 0.142857
130 131 0.142857
132 131 0.142857
134 131 0.142857
135 131 0.142857
63 72 0.125
68 72 0.125
69 72 0.125
70 72 0.125
73 72 0.125
74 72 0.125
75 72 0.125
76 72 0.125
64 67 0.2
68 67 0.2
69 67 0.2
70 67 0.2
71 67 0.2
64 68 0.1
65 68 0.1
66 68 0.1
67 68 0.1
69 68 0.1
70 68 0.1
71 68 0.1
72 68 0.1
135 68 0.1
82 68 0.1
64 96 0.142857
92 96 0.142857
93 96 0.142857
94 96 0.142857
98 96 0.142857
99 96 0.142857
100 96 0.142857
66 70 0.142857
67 70 0.142857
68 70 0.142857
71 70 0.142857
72 70 0.142857
73 70 0.142857
74 70 0.142857
68 82 0.142857
78 82 0.142857
79 82 0.142857
80 82 0.142857
83 82 0.142857
84 82 0.142857
85 82 0.142857
70 73 0.125
71 73 0.125
72 73 0.125
74 73 0.125
75 73 0.125
76 73 0.125
77 73 0.125
81 73 0.125
70 74 0.125
71 74 0.125
72 74 0.125
73 74 0.125
75 74 0.125
76 74 0.125
77 74 0.125
78 74 0.125
71 75 0.125
72 75 0.125
73 75 0.125
74 75 0.125
76 75 0.125
77 75 0.125
78 75 0.125
79 75 0.125
72 76 0.125
73 76 0.125
74 76 0.125
75 76 0.125
77 76 0.125
78 76 0.125
79 76 0.125
80 76 0.125
73 81 0.125
77 81 0.125
78 81 0.125
79 81 0.125
80 81 0.125
83 81 0.125
84 81 0.125
85 81 0.125
74 78 0.125
75 78 0.125
76 78 0.125
77 78 0.125
79 78 0.125
80 78 0.125
81 78 0.125
82 78 0.125
75 79 0.125
76 79 0.125
77 79 0.125
78 79 0.125
80 79 0.125
81 79 0.125
82 79 0.125
83 79 0.125
79 83 0.125
80 83 0.125
81 83 0.125
82 83 0.125
84 83 0.125
85 83 0.125
86 83 0.125
87 83 0.125
81 84 0.125
82 84 0.125
83 84 0.125
85 84 0.125
86 84 0.125
87 84 0.125
88 84 0.125
94 84 0.125
81 85 0.125
82 85 0.125
83 85 0.125
84 85 0.125
86 85 0.125
87 85 0.125
88 85 0.125
89 85 0.125
83 87 0.111111
84 87 0.111111
85 87 0.111111
89 87 0.111111
90 87 0.111111
91 87 0.111111
102 87 0.111111
133 87 0.111111
105 87 0.111111
84 88 0.125
85 88 0.125
86 88 0.125
89 88 0.125
90 88 0.125
91 88 0.125
92 88 0.125
147 88 0.125
84 94 0.125
91 94 0.125
92 94 0.125
93 94 0.125
95 94 0.125
96 94 0.125
98 94 0.125
115 94 0.125
85 89 0.125
86 89 0.125
87 89 0.125
88 89 0.125
90 89 0.125
91 89 0.125
92 89 0.125
93 89 0.125
86 90 0.125
87 90 0.125
88 90 0.125
89 90 0.125
91 90 0.125
92 90 0.125
93 90 0.125
127 90 0.125
87 102 0.125
92 102 0.125
98 102 0.125
99 102 0.125
101 102 0.125
104 102 0.125
105 102 0.125
106 102 0.125
87 133 0.142857
129 133 0.142857
130 133 0.142857
132 133 0.142857
135 133 0.142857
136 133 0.142857
137 133 0.142857
87 105 0.111111
101 105 0.111111
102 105 0.111111
103 105 0.111111
104 105 0.111111
106 105 0.111111
108 105 0.111111
109 105 0.111111
128 105 0.111111
88 92 0.1
89 92 0.1
90 92 0.1
91 92 0.1
94 92 0.1
95 92 0.1
96 92 0.1
150 92 0.1
102 92 0.1
108 92 0.1
88 147 0.125
143 147 0.125
144 147 0.125
145 147 0.125
146 147 0.125
149 147 0.125
150 147 0.125
151 147 0.125
90 127 0.111111
123 127 0.111111
124 127 0.111111
125 127 0.111111
126 127 0.111111
128 127 0.111111
129 127 0.111111
130 127 0.111111
131 127 0.111111
92 150 0.111111
146 150 0.111111
147 150 0.111111
148 150 0.111111
149 150 0.111111
151 150 0.111111
152 150 0.111111
153 150 0.111111
154 150 0.111111
92 108 0.125
104 108 0.125
105 108 0.125
106 108 0.125
107 108 0.125
109 108 0.125
110 108 0.125
111 108 0.125
93 97 0.166667
95 97 0.166667
98 97 0.166667
99 97 0.166667
100 97 0.166667
101 97 0.166667
93 130 0.125
126 130 0.125
127 130 0.125
128 130 0.125
129 130 0.125
131 130 0.125
132 130 0.125
133 130 0.125
94 98 0.125
95 98 0.125
96 98 0.125
97 98 0.125
99 98 0.125
100 98 0.125
101 98 0.125
102 98 0.125
94 115 0.111111
111 115 0.111111
112 115 0.111111
113 115 0.111111
114 115 0.111111
116 115 0.111111
118 115 0.111111
119 115 0.111111
143 115 0.111111
95 99 0.125
96 99 0.125
97 99 0.125
98 99 0.125
100 99 0.125
101 99 0.125
102 99 0.125
103 99 0.125
97 101 0.125
98 101 0.125
99 101 0.125
100 101 0.125
102 101 0.125
103 101 0.125
104 101 0.125
105 101 0.125
99 103 0.142857
100 103 0.142857
101 103 0.142857
104 103 0.142857
105 103 0.142857
106 103 0.142857
107 103 0.142857
100 104 0.125
101 104 0.125
102 104 0.125
103 104 0.125
105 104 0.125
106 104 0.125
107 104 0.125
108 104 0.125
103 107 0.142857
104 107 0.142857
106 107 0.142857
108 107 0.142857
109 107 0.142857
110 107 0.142857
111 107 0.142857
105 109 0.125
106 109 0.125
107 109 0.125
108 109 0.125
110 109 0.125
111 109 0.125
112 109 0.125
113 109 0.125
105 128 0.125
124 128 0.125
125 128 0.125
126 128 0.125
127 128 0.125
129 128 0.125
130 128 0.125
132 128 0.125
107 111 0.125
108 111 0.125
109 111 0.125
110 111 0.125
112 111 0.125
113 111 0.125
114 111 0.125
115 111 0.125
109 112 0.142857
110 112 0.142857
111 112 0.142857
113 112 0.142857
114 112 0.142857
115 112 0.142857
139 112 0.142857
112 139 0.125
136 139 0.125
137 139 0.125
138 139 0.125
140 139 0.125
141 139 0.125
142 139 0.125
143 139 0.125
113 116 0.142857
114 116 0.142857
115 116 0.142857
117 116 0.142857
118 116 0.142857
119 116 0.142857
120 116 0.142857
115 119 0.125
116 119 0.125
117 119 0.125
118 119 0.125
120 119 0.125
121 119 0.125
122 119 0.125
123 119 0.125
115 143 0.125
139 143 0.125
140 143 0.125
141 143 0.125
142 143 0.125
144 143 0.125
145 143 0.125
147 143 0.125
116 120 0.142857
117 120 0.142857
119 120 0.142857
121 120 0.142857
122 120 0.142857
123 120 0.142857
124 120 0.142857
118 121 0.142857
119 121 0.142857
120 121 0.142857
122 121 0.142857
123 121 0.142857
124 121 0.142857
125 121 0.142857
118 122 0.125
119 122 0.125
120 122 0.125
121 122 0.125
123 122 0.125
124 122 0.125
125 122 0.125
126 122 0.125
119 123 0.125
120 123 0.125
121 123 0.125
122 123 0.125
124 123 0.125
125 123 0.125
126 123 0.125
127 123 0.125
120 124 0.125
121 124 0.125
122 124 0.125
123 124 0.125
125 124 0.125
126 124 0.125
127 124 0.125
128 124 0.125
121 125 0.111111
122 125 0.111111
123 125 0.111111
124 125 0.111111
126 125 0.111111
127 125 0.111111
128 125 0.111111
129 125 0.111111
152 125 0.111111
122 126 0.125
123 126 0.125
124 126 0.125
125 126 0.125
127 126 0.125
128 126 0.125
129 126 0.125
130 126 0.125
125 129 0.125
126 129 0.125
127 129 0.125
128 129 0.125
130 129 0.125
131 129 0.125
132 129 0.125
133 129 0.125
125 152 0.125
148 152 0.125
149 152 0.125
150 152 0.125
151 152 0.125
154 152 0.125
155 152 0.125
156 152 0.125
128 132 0.125
129 132 0.125
130 132 0.125
131 132 0.125
133 132 0.125
134 132 0.125
135 132 0.125
136 132 0.125
131 134 0.166667
132 134 0.166667
135 134 0.166667
136 134 0.166667
137 134 0.166667
138 134 0.166667
132 136 0.125
133 136 0.125
134 136 0.125
135 136 0.125
137 136 0.125
138 136 0.125
139 136 0.125
140 136 0.125
133 137 0.142857
134 137 0.142857
136 137 0.142857
138 137 0.142857
139 137 0.142857
140 137 0.142857
141 137 0.142857
134 138 0.125
135 138 0.125
136 138 0.125
137 138 0.125
139 138 0.125
140 138 0.125
141 138 0.125
142 138 0.125
137 141 0.125
138 141 0.125
139 141 0.125
140 141 0.125
142 141 0.125
143 141 0.125
144 141 0.125
145 141 0.125
138 142 0.142857
139 142 0.142857
141 142 0.142857
143 142 0.142857
144 142 0.142857
145 142 0.142857
146 142 0.142857
140 144 0.125
141 144 0.125
142 144 0.125
143 144 0.125
145 144 0.125
146 144 0.125
147 144 0.125
148 144 0.125
141 145 0.125
142 145 0.125
143 145 0.125
144 145 0.125
146 145 0.125
147 145 0.125
148 145 0.125
149 145 0.125
142 146 0.142857
144 146 0.142857
145 146 0.142857
147 146 0.142857
148 146 0.142857
149 146 0.142857
150 146 0.142857
144 148 0.142857
145 148 0.142857
146 148 0.142857
149 148 0.142857
150 148 0.142857
151 148 0.142857
152 148 0.142857
147 151 0.142857
148 151 0.142857
150 151 0.142857
152 151 0.142857
153 151 0.142857
154 151 0.142857
155 151 0.142857
149 153 0.142857
150 153 0.142857
151 153 0.142857
154 153 0.142857
155 153 0.142857
156 153 0.142857
157 153 0.142857
150 154 0.125
151 154 0.125
152 154 0.125
153 154 0.125
155 154 0.125
156 154 0.125
157 154 0.125
158 154 0.125
151 155 0.125
152 155 0.125
153 155 0.125
154 155 0.125
156 155 0.125
157 155 0.125
158 155 0.125
159 155 0.125
152 156 0.125
153 156 0.125
154 156 0.125
155 156 0.125
157 156 0.125
158 156 0.125
159 156 0.125
160 156 0.125
1 0 0.125
160 0 0.125
2 0 0.125
159 0 0.125
3 0 0.125
158 0 0.125
4 0 0.125
157 0 0.125
