0 1 0.142857
2 1 0.142857
3 1 0.142857
183 1 0.142857
4 1 0.142857
182 1 0.142857
5 1 0.142857
0 183 0.111111
1 183 0.111111
2 183 0.111111
3 183 0.111111
44 183 0.111111
179 183 0.111111
180 183 0.111111
181 183 0.111111
182 183 0.111111
0 2 0.125
1 2 0.125
3 2 0.125
5 2 0.125
183 2 0.125
6 2 0.125
134 2 0.125
114 2 0.125
0 182 0.125
1 182 0.125
24 182 0.125
79 182 0.125
178 182 0.125
179 182 0.125
181 182 0.125
183 182 0.125
0 3 0.111111
1 3 0.111111
2 3 0.111111
4 3 0.111111
5 3 0.111111
6 3 0.111111
7 3 0.111111
183 3 0.111111
159 3 0.111111
0 181 0.125
127 181 0.125
177 181 0.125
178 181 0.125
179 181 0.125
180 181 0.125
182 181 0.125
183 181 0.125
0 4 0.111111
1 4 0.111111
3 4 0.111111
6 4 0.111111
7 4 0.111111
8 4 0.111111
59 4 0.111111
141 4 0.111111
127 4 0.111111
0 180 0.142857
124 180 0.142857
176 180 0.142857
177 180 0.142857
178 180 0.142857
181 180 0.142857
183 180 0.142857
1 5 0.111111
2 5 0.111111
3 5 0.111111
6 5 0.111111
8 5 0.111111
9 5 0.111111
106 5 0.111111
14 5 0.111111
89 5 0.111111
2 6 0.111111
3 6 0.111111
4 6 0.111111
5 6 0.111111
7 6 0.111111
8 6 0.111111
9 6 0.111111
10 6 0.111111
120 6 0.111111
2 134 0.1
121 134 0.1
130 134 0.1
131 134 0.1
132 134 0.1
133 134 0.1
135 134 0.1
136 134 0.1
137 134 0.1
138 134 0.1
2 114 0.111111
46 114 0.111111
110 114 0.111111
111 114 0.111111
112 114 0.111111
113 114 0.111111
115 114 0.111111
116 114 0.111111
118 114 0.111111
3 7 0.142857
4 7 0.142857
6 7 0.142857
8 7 0.142857
9 7 0.142857
10 7 0.142857
11 7 0.142857
3 159 0.142857
9 159 0.142857
156 159 0.142857
157 159 0.142857
158 159 0.142857
162 159 0.142857
163 159 0.142857
4 8 0.125
5 8 0.125
6 8 0.125
7 8 0.125
10 8 0.125
11 8 0.125
12 8 0.125
94 8 0.125
4 59 0.125
56 59 0.125
57 59 0.125
58 59 0.125
60 59 0.125
61 59 0.125
62 59 0.125
63 59 0.125
4 141 0.111111
30 141 0.111111
137 141 0.111111
138 141 0.111111
139 141 0.111111
140 141 0.111111
143 141 0.111111
144 141 0.111111
145 141 0.111111
4 127 0.1
99 127 0.1
123 127 0.1
124 127 0.1
125 127 0.1
126 127 0.1
128 127 0.1
129 127 0.1
146 127 0.1
181 127 0.1
5 9 0.125
6 9 0.125
7 9 0.125
10 9 0.125
11 9 0.125
12 9 0.125
13 9 0.125
159 9 0.125
5 106 0.125
102 106 0.125
103 106 0.125
104 106 0.125
105 106 0.125
108 106 0.125
109 106 0.125
110 106 0.125
5 14 0.111111
11 14 0.111111
12 14 0.111111
13 14 0.111111
15 14 0.111111
17 14 0.111111
18 14 0.111111
50 14 0.111111
30 14 0.111111
5 89 0.125
85 89 0.125
86 89 0.125
87 89 0.125
88 89 0.125
90 89 0.125
91 89 0.125
92 89 0.125
6 10 0.125
7 10 0.125
8 10 0.125
9 10 0.125
11 10 0.125
12 10 0.125
13 10 0.125
66 10 0.125
6 120 0.125
116 120 0.125
117 120 0.125
118 120 0.125
119 120 0.125
122 120 0.125
123 120 0.125
124 120 0.125
7 11 0.125
8 11 0.125
9 11 0.125
10 11 0.125
12 11 0.125
13 11 0.125
14 11 0.125
15 11 0.125
8 12 0.111111
9 12 0.111111
10 12 0.111111
11 12 0.111111
13 12 0.111111
14 12 0.111111
15 12 0.111111
16 12 0.111111
117 12 0.111111
8 94 0.111111
90 94 0.111111
91 94 0.111111
92 94 0.111111
93 94 0.111111
95 94 0.111111
97 94 0.111111
98 94 0.111111
142 94 0.111111
9 13 0.125
10 13 0.125
11 13 0.125
12 13 0.125
14 13 0.125
15 13 0.125
16 13 0.125
17 13 0.125
10 66 0.111111
62 66 0.111111
63 66 0.111111
64 66 0.111111
65 66 0.111111
67 66 0.111111
68 66 0.111111
69 66 0.111111
70 66 0.111111
11 15 0.125
12 15 0.125
13 15 0.125
14 15 0.125
16 15 0.125
18 15 0.125
19 15 0.125
156 15 0.125
12 16 0.111111
13 16 0.111111
15 16 0.111111
17 16 0.111111
18 16 0.111111
20 16 0.111111
129 16 0.111111
148 16 0.111111
28 16 0.111111
12 117 0.142857
91 117 0.142857
113 117 0.142857
116 117 0.142857
119 117 0.142857
120 117 0.142857
121 117 0.142857
13 17 0.142857
14 17 0.142857
16 17 0.142857
18 17 0.142857
19 17 0.142857
20 17 0.142857
21 17 0.142857
14 18 0.111111
15 18 0.111111
16 18 0.111111
17 18 0.111111
20 18 0.111111
21 18 0.111111
22 18 0.111111
44 18 0.111111
151 18 0.111111
14 50 0.111111
46 50 0.111111
47 50 0.111111
48 50 0.111111
49 50 0.111111
51 50 0.111111
52 50 0.111111
53 50 0.111111
54 50 0.111111
14 30 0.111111
26 30 0.111111
27 30 0.111111
28 30 0.111111
29 30 0.111111
31 30 0.111111
33 30 0.111111
141 30 0.111111
37 30 0.111111
15 19 0.166667
17 19 0.166667
20 19 0.166667
21 19 0.166667
22 19 0.166667
23 19 0.166667
15 156 0.1
98 156 0.1
152 156 0.1
153 156 0.1
154 156 0.1
155 156 0.1
157 156 0.1
158 156 0.1
159 156 0.1
160 156 0.1
16 20 0.1
17 20 0.1
18 20 0.1
19 20 0.1
21 20 0.1
22 20 0.1
23 20 0.1
24 20 0.1
41 20 0.1
101 20 0.1
16 129 0.125
125 129 0.125
126 129 0.125
127 129 0.125
128 129 0.125
130 129 0.125
132 129 0.125
133 129 0.125
16 148 0.125
144 148 0.125
146 148 0.125
147 148 0.125
149 148 0.125
150 148 0.125
151 148 0.125
152 148 0.125
16 28 0.125
25 28 0.125
26 28 0.125
27 28 0.125
29 28 0.125
30 28 0.125
80 28 0.125
160 28 0.125
17 21 0.125
18 21 0.125
19 21 0.125
20 21 0.125
22 21 0.125
23 21 0.125
24 21 0.125
176 21 0.125
18 22 0.125
19 22 0.125
20 22 0.125
21 22 0.125
23 22 0.125
24 22 0.125
25 22 0.125
26 22 0.125
18 44 0.1
40 44 0.1
41 44 0.1
42 44 0.1
43 44 0.1
45 44 0.1
47 44 0.1
48 44 0.1
183 44 0.1
68 44 0.1
18 151 0.125
147 151 0.125
148 151 0.125
149 151 0.125
150 151 0.125
153 151 0.125
154 151 0.125
155 151 0.125
19 23 0.125
20 23 0.125
21 23 0.125
22 23 0.125
25 23 0.125
26 23 0.125
27 23 0.125
83 23 0.125
20 24 0.142857
21 24 0.142857
22 24 0.142857
25 24 0.142857
26 24 0.142857
27 24 0.142857
182 24 0.142857
20 41 0.142857
38 41 0.142857
39 41 0.142857
40 41 0.142857
42 41 0.142857
44 41 0.142857
45 41 0.142857
20 101 0.111111
97 101 0.111111
98 101 0.111111
99 101 0.111111
100 101 0.111111
102 101 0.111111
103 101 0.111111
105 101 0.111111
165 101 0.111111
21 176 0.125
172 176 0.125
173 176 0.125
175 176 0.125
177 176 0.125
178 176 0.125
179 176 0.125
180 176 0.125
22 25 0.142857
23 25 0.142857
24 25 0.142857
26 25 0.142857
28 25 0.142857
29 25 0.142857
34 25 0.142857
22 26 0.125
23 26 0.125
24 26 0.125
25 26 0.125
27 26 0.125
28 26 0.125
29 26 0.125
30 26 0.125
23 27 0.125
24 27 0.125
26 27 0.125
28 27 0.125
29 27 0.125
30 27 0.125
95 27 0.125
92 27 0.125
23 83 0.111111
79 83 0.111111
80 83 0.111111
81 83 0.111111
82 83 0.111111
84 83 0.111111
85 83 0.111111
86 83 0.111111
126 83 0.111111
25 29 0.125
26 29 0.125
27 29 0.125
28 29 0.125
30 29 0.125
31 29 0.125
32 29 0.125
33 29 0.125
25 34 0.125
31 34 0.125
32 34 0.125
33 34 0.125
35 34 0.125
36 34 0.125
37 34 0.125
38 34 0.125
27 95 0.111111
91 95 0.111111
92 95 0.111111
93 95 0.111111
94 95 0.111111
97 95 0.111111
98 95 0.111111
99 95 0.111111
135 95 0.111111
27 92 0.111111
88 92 0.111111
89 92 0.111111
90 92 0.111111
91 92 0.111111
93 92 0.111111
94 92 0.111111
95 92 0.111111
96 92 0.111111
28 80 0.142857
76 80 0.142857
78 80 0.142857
79 80 0.142857
82 80 0.142857
83 80 0.142857
84 80 0.142857
28 160 0.125
65 160 0.125
156 160 0.125
157 160 0.125
158 160 0.125
161 160 0.125
162 160 0.125
164 160 0.125
29 31 0.166667
30 31 0.166667
32 31 0.166667
34 31 0.166667
35 31 0.166667
87 31 0.166667
29 32 0.166667
31 32 0.166667
33 32 0.166667
34 32 0.166667
35 32 0.166667
36 32 0.166667
29 33 0.142857
30 33 0.142857
32 33 0.142857
34 33 0.142857
35 33 0.142857
36 33 0.142857
37 33 0.142857
30 37 0.125
33 37 0.125
34 37 0.125
35 37 0.125
36 37 0.125
38 37 0.125
39 37 0.125
40 37 0.125
31 35 0.125
32 35 0.125
33 35 0.125
34 35 0.125
36 35 0.125
37 35 0.125
38 35 0.125
39 35 0.125
31 87 0.125
84 87 0.125
85 87 0.125
86 87 0.125
89 87 0.125
90 87 0.125
91 87 0.125
155 87 0.125
32 36 0.125
33 36 0.125
34 36 0.125
35 36 0.125
37 36 0.125
38 36 0.125
39 36 0.125
40 36 0.125
34 38 0.125
35 38 0.125
36 38 0.125
37 38 0.125
39 38 0.125
40 38 0.125
41 38 0.125
42 38 0.125
35 39 0.125
36 39 0.125
37 39 0.125
38 39 0.125
41 39 0.125
42 39 0.125
43 39 0.125
57 39 0.125
36 40 0.125
37 40 0.125
38 40 0.125
41 40 0.125
43 40 0.125
44 40 0.125
144 40 0.125
70 40 0.125
38 42 0.142857
39 42 0.142857
41 42 0.142857
43 42 0.142857
44 42 0.142857
45 42 0.142857
46 42 0.142857
39 43 0.125
40 43 0.125
42 43 0.125
44 43 0.125
45 43 0.125
46 43 0.125
47 43 0.125
155 43 0.125
39 57 0.1
53 57 0.1
54 57 0.1
55 57 0.1
56 57 0.1
58 57 0.1
59 57 0.1
60 57 0.1
61 57 0.1
150 57 0.1
40 144 0.1
55 144 0.1
140 144 0.1
141 144 0.1
142 144 0.1
143 144 0.1
145 144 0.1
146 144 0.1
147 144 0.1
148 144 0.1
40 70 0.142857
66 70 0.142857
67 70 0.142857
69 70 0.142857
71 70 0.142857
72 70 0.142857
74 70 0.142857
41 45 0.125
42 45 0.125
43 45 0.125
44 45 0.125
46 45 0.125
47 45 0.125
48 45 0.125
49 45 0.125
42 46 0.125
43 46 0.125
45 46 0.125
48 46 0.125
49 46 0.125
50 46 0.125
114 46 0.125
145 46 0.125
43 47 0.125
44 47 0.125
45 47 0.125
48 47 0.125
49 47 0.125
50 47 0.125
147 47 0.125
73 47 0.125
43 155 0.111111
87 155 0.111111
151 155 0.111111
152 155 0.111111
153 155 0.111111
154 155 0.111111
156 155 0.111111
157 155 0.111111
158 155 0.111111
44 48 0.125
45 48 0.125
46 48 0.125
47 48 0.125
49 48 0.125
50 48 0.125
51 48 0.125
52 48 0.125
44 68 0.125
64 68 0.125
65 68 0.125
66 68 0.125
67 68 0.125
69 68 0.125
71 68 0.125
72 68 0.125
45 49 0.111111
46 49 0.111111
47 49 0.111111
48 49 0.111111
50 49 0.111111
51 49 0.111111
52 49 0.111111
53 49 0.111111
115 49 0.111111
46 145 0.111111
108 145 0.111111
141 145 0.111111
142 145 0.111111
143 145 0.111111
144 145 0.111111
146 145 0.111111
147 145 0.111111
149 145 0.111111
47 147 0.125
143 147 0.125
144 147 0.125
145 147 0.125
146 147 0.125
148 147 0.125
149 147 0.125
151 147 0.125
47 73 0.111111
69 73 0.111111
71 73 0.111111
72 73 0.111111
74 73 0.111111
75 73 0.111111
76 73 0.111111
77 73 0.111111
102 73 0.111111
48 51 0.142857
49 51 0.142857
50 51 0.142857
52 51 0.142857
53 51 0.142857
54 51 0.142857
55 51 0.142857
48 52 0.125
49 52 0.125
50 52 0.125
51 52 0.125
53 52 0.125
54 52 0.125
55 52 0.125
56 52 0.125
49 53 0.125
50 53 0.125
51 53 0.125
52 53 0.125
54 53 0.125
55 53 0.125
56 53 0.125
57 53 0.125
49 115 0.125
56 115 0.125
111 115 0.125
112 115 0.125
113 115 0.125
114 115 0.125
116 115 0.125
118 115 0.125
50 54 0.125
51 54 0.125
52 54 0.125
53 54 0.125
55 54 0.125
56 54 0.125
57 54 0.125
58 54 0.125
51 55 0.125
52 55 0.125
53 55 0.125
54 55 0.125
57 55 0.125
58 55 0.125
100 55 0.125
144 55 0.125
52 56 0.125
53 56 0.125
54 56 0.125
57 56 0.125
58 56 0.125
59 56 0.125
60 56 0.125
115 56 0.125
54 58 0.111111
55 58 0.111111
56 58 0.111111
57 58 0.111111
59 58 0.111111
60 58 0.111111
61 58 0.111111
62 58 0.111111
161 58 0.111111
55 100 0.111111
96 100 0.111111
97 100 0.111111
98 100 0.111111
99 100 0.111111
101 100 0.111111
102 100 0.111111
103 100 0.111111
104 100 0.111111
56 60 0.125
57 60 0.125
58 60 0.125
59 60 0.125
61 60 0.125
62 60 0.125
63 60 0.125
64 60 0.125
57 61 0.125
58 61 0.125
59 61 0.125
60 61 0.125
62 61 0.125
63 61 0.125
64 61 0.125
65 61 0.125
57 150 0.142857
146 150 0.142857
148 150 0.142857
149 150 0.142857
151 150 0.142857
152 150 0.142857
154 150 0.142857
58 62 0.125
59 62 0.125
60 62 0.125
61 62 0.125
64 62 0.125
65 62 0.125
66 62 0.125
137 62 0.125
58 161 0.142857
157 161 0.142857
158 161 0.142857
160 161 0.142857
162 161 0.142857
164 161 0.142857
165 161 0.142857
59 63 0.142857
60 63 0.142857
61 63 0.142857
64 63 0.142857
65 63 0.142857
66 63 0.142857
67 63 0.142857
60 64 0.125
61 64 0.125
62 64 0.125
63 64 0.125
65 64 0.125
66 64 0.125
67 64 0.125
68 64 0.125
61 65 0.111111
62 65 0.111111
63 65 0.111111
64 65 0.111111
66 65 0.111111
67 65 0.111111
68 65 0.111111
69 65 0.111111
160 65 0.111111
62 137 0.125
133 137 0.125
134 137 0.125
136 137 0.125
138 137 0.125
139 137 0.125
140 137 0.125
141 137 0.125
63 67 0.125
64 67 0.125
65 67 0.125
66 67 0.125
68 67 0.125
69 67 0.125
70 67 0.125
71 67 0.125
65 69 0.125
66 69 0.125
67 69 0.125
68 69 0.125
70 69 0.125
71 69 0.125
72 69 0.125
73 69 0.125
67 71 0.125
68 71 0.125
69 71 0.125
70 71 0.125
72 71 0.125
73 71 0.125
74 71 0.125
75 71 0.125
68 72 0.111111
69 72 0.111111
70 72 0.111111
71 72 0.111111
73 72 0.111111
74 72 0.111111
75 72 0.111111
76 72 0.111111
135 72 0.111111
70 74 0.125
71 74 0.125
72 74 0.125
73 74 0.125
75 74 0.125
77 74 0.125
78 74 0.125
107 74 0.125
71 75 0.125
72 75 0.125
73 75 0.125
74 75 0.125
76 75 0.125
77 75 0.125
78 75 0.125
79 75 0.125
72 76 0.142857
73 76 0.142857
75 76 0.142857
77 76 0.142857
78 76 0.142857
79 76 0.142857
80 76 0.142857
72 135 0.142857
95 135 0.142857
131 135 0.142857
132 135 0.142857
134 135 0.142857
136 135 0.142857
139 135 0.142857
73 77 0.125
74 77 0.125
75 77 0.125
76 77 0.125
78 77 0.125
79 77 0.125
81 77 0.125
85 77 0.125
73 102 0.125
98 102 0.125
99 102 0.125
100 102 0.125
101 102 0.125
103 102 0.125
105 102 0.125
106 102 0.125
74 78 0.125
75 78 0.125
76 78 0.125
77 78 0.125
79 78 0.125
80 78 0.125
81 78 0.125
82 78 0.125
74 107 0.1
103 107 0.1
104 107 0.1
105 107 0.1
108 107 0.1
109 107 0.1
110 107 0.1
111 107 0.1
174 107 0.1
163 107 0.1
75 79 0.111111
76 79 0.111111
77 79 0.111111
78 79 0.111111
80 79 0.111111
81 79 0.111111
82 79 0.111111
83 79 0.111111
182 79 0.111111
77 81 0.142857
78 81 0.142857
79 81 0.142857
82 81 0.142857
83 81 0.142857
84 81 0.142857
85 81 0.142857
77 85 0.111111
81 85 0.111111
82 85 0.111111
83 85 0.111111
84 85 0.111111
86 85 0.111111
87 85 0.111111
88 85 0.111111
89 85 0.111111
78 82 0.125
79 82 0.125
80 82 0.125
81 82 0.125
83 82 0.125
84 82 0.125
85 82 0.125
86 82 0.125
80 84 0.125
81 84 0.125
82 84 0.125
83 84 0.125
85 84 0.125
86 84 0.125
87 84 0.125
88 84 0.125
82 86 0.125
83 86 0.125
84 86 0.125
85 86 0.125
87 86 0.125
88 86 0.125
89 86 0.125
90 86 0.125
83 126 0.125
123 126 0.125
124 126 0.125
125 126 0.125
127 126 0.125
128 126 0.125
129 126 0.125
130 126 0.125
84 88 0.142857
85 88 0.142857
86 88 0.142857
89 88 0.142857
90 88 0.142857
91 88 0.142857
92 88 0.142857
86 90 0.125
87 90 0.125
88 90 0.125
89 90 0.125
91 90 0.125
92 90 0.125
93 90 0.125
94 90 0.125
87 91 0.111111
88 91 0.111111
89 91 0.111111
90 91 0.111111
92 91 0.111111
94 91 0.111111
95 91 0.111111
117 91 0.111111
174 91 0.111111
90 93 0.166667
92 93 0.166667
94 93 0.166667
95 93 0.166667
96 93 0.166667
97 93 0.166667
91 174 0.125
107 174 0.125
170 174 0.125
171 174 0.125
172 174 0.125
173 174 0.125
177 174 0.125
178 174 0.125
92 96 0.166667
93 96 0.166667
97 96 0.166667
98 96 0.166667
99 96 0.166667
100 96 0.166667
93 97 0.125
94 97 0.125
95 97 0.125
96 97 0.125
98 97 0.125
99 97 0.125
100 97 0.125
101 97 0.125
94 98 0.125
95 98 0.125
96 98 0.125
97 98 0.125
100 98 0.125
101 98 0.125
102 98 0.125
156 98 0.125
94 142 0.111111
133 142 0.111111
138 142 0.111111
139 142 0.111111
140 142 0.111111
143 142 0.111111
144 142 0.111111
145 142 0.111111
146 142 0.111111
95 99 0.125
96 99 0.125
97 99 0.125
100 99 0.125
101 99 0.125
102 99 0.125
103 99 0.125
127 99 0.125
99 103 0.125
100 103 0.125
101 103 0.125
102 103 0.125
104 103 0.125
105 103 0.125
106 103 0.125
107 103 0.125
100 104 0.166667
103 104 0.166667
105 104 0.166667
106 104 0.166667
107 104 0.166667
108 104 0.166667
101 105 0.125
102 105 0.125
103 105 0.125
104 105 0.125
106 105 0.125
107 105 0.125
108 105 0.125
109 105 0.125
101 165 0.142857
161 165 0.142857
162 165 0.142857
164 165 0.142857
167 165 0.142857
168 165 0.142857
169 165 0.142857
104 108 0.125
105 108 0.125
106 108 0.125
107 108 0.125
109 108 0.125
110 108 0.125
111 108 0.125
145 108 0.125
105 109 0.125
106 109 0.125
107 109 0.125
108 109 0.125
110 109 0.125
111 109 0.125
112 109 0.125
113 109 0.125
106 110 0.125
107 110 0.125
108 110 0.125
109 110 0.125
111 110 0.125
112 110 0.125
113 110 0.125
114 110 0.125
107 111 0.125
108 111 0.125
109 111 0.125
110 111 0.125
112 111 0.125
113 111 0.125
114 111 0.125
115 111 0.125
107 163 0.166667
159 163 0.166667
162 163 0.166667
164 163 0.166667
166 163 0.166667
167 163 0.166667
109 112 0.142857
110 112 0.142857
111 112 0.142857
113 112 0.142857
114 112 0.142857
115 112 0.142857
116 112 0.142857
109 113 0.125
110 113 0.125
111 113 0.125
112 113 0.125
114 113 0.125
115 113 0.125
116 113 0.125
117 113 0.125
112 116 0.125
113 116 0.125
114 116 0.125
115 116 0.125
117 116 0.125
118 116 0.125
119 116 0.125
120 116 0.125
114 118 0.142857
115 118 0.142857
116 118 0.142857
119 118 0.142857
120 118 0.142857
121 118 0.142857
122 118 0.142857
116 119 0.142857
117 119 0.142857
118 119 0.142857
120 119 0.142857
121 119 0.142857
122 119 0.142857
123 119 0.142857
117 121 0.142857
118 121 0.142857
119 121 0.142857
122 121 0.142857
123 121 0.142857
124 121 0.142857
134 121 0.142857
118 122 0.125
119 122 0.125
120 122 0.125
121 122 0.125
123 122 0.125
124 122 0.125
125 122 0.125
138 122 0.125
119 123 0.125
120 123 0.125
121 123 0.125
122 123 0.125
124 123 0.125
125 123 0.125
126 123 0.125
127 123 0.125
120 124 0.111111
121 124 0.111111
122 124 0.111111
123 124 0.111111
125 124 0.111111
126 124 0.111111
127 124 0.111111
128 124 0.111111
180 124 0.111111
122 125 0.142857
123 125 0.142857
124 125 0.142857
126 125 0.142857
127 125 0.142857
128 125 0.142857
129 125 0.142857
122 138 0.125
134 138 0.125
136 138 0.125
137 138 0.125
139 138 0.125
140 138 0.125
141 138 0.125
142 138 0.125
124 128 0.125
125 128 0.125
126 128 0.125
127 128 0.125
129 128 0.125
130 128 0.125
131 128 0.125
132 128 0.125
126 130 0.125
128 130 0.125
129 130 0.125
131 130 0.125
132 130 0.125
133 130 0.125
134 130 0.125
162 130 0.125
127 146 0.125
142 146 0.125
143 146 0.125
144 146 0.125
145 146 0.125
147 146 0.125
148 146 0.125
150 146 0.125
128 131 0.166667
130 131 0.166667
132 131 0.166667
133 131 0.166667
134 131 0.166667
135 131 0.166667
128 132 0.125
129 132 0.125
130 132 0.125
131 132 0.125
133 132 0.125
134 132 0.125
135 132 0.125
136 132 0.125
129 133 0.111111
130 133 0.111111
131 133 0.111111
132 133 0.111111
134 133 0.111111
136 133 0.111111
137 133 0.111111
179 133 0.111111
142 133 0.111111
130 162 0.111111
158 162 0.111111
159 162 0.111111
160 162 0.111111
161 162 0.111111
163 162 0.111111
164 162 0.111111
165 162 0.111111
168 162 0.111111
132 136 0.125
133 136 0.125
134 136 0.125
135 136 0.125
137 136 0.125
138 136 0.125
139 136 0.125
140 136 0.125
133 179 0.125
175 179 0.125
176 179 0.125
177 179 0.125
178 179 0.125
181 179 0.125
182 179 0.125
183 179 0.125
135 139 0.125
136 139 0.125
137 139 0.125
138 139 0.125
140 139 0.125
141 139 0.125
142 139 0.125
143 139 0.125
136 140 0.125
137 140 0.125
138 140 0.125
139 140 0.125
141 140 0.125
142 140 0.125
143 140 0.125
144 140 0.125
139 143 0.125
140 143 0.125
141 143 0.125
142 143 0.125
144 143 0.125
145 143 0.125
146 143 0.125
147 143 0.125
145 149 0.142857
147 149 0.142857
148 149 0.142857
150 149 0.142857
151 149 0.142857
152 149 0.142857
153 149 0.142857
148 152 0.142857
149 152 0.142857
150 152 0.142857
153 152 0.142857
154 152 0.142857
155 152 0.142857
156 152 0.142857
149 153 0.142857
151 153 0.142857
152 153 0.142857
154 153 0.142857
155 153 0.142857
156 153 0.142857
157 153 0.142857
150 154 0.125
151 154 0.125
152 154 0.125
153 154 0.125
155 154 0.125
156 154 0.125
157 154 0.125
158 154 0.125
153 157 0.125
154 157 0.125
155 157 0.125
156 157 0.125
158 157 0.125
159 157 0.125
160 157 0.125
161 157 0.125
154 158 0.125
155 158 0.125
156 158 0.125
157 158 0.125
159 158 0.125
160 158 0.125
161 158 0.125
162 158 0.125
160 164 0.125
161 164 0.125
162 164 0.125
163 164 0.125
165 164 0.125
166 164 0.125
167 164 0.125
168 164 0.125
162 168 0.125
164 168 0.125
165 168 0.125
166 168 0.125
167 168 0.125
169 168 0.125
170 168 0.125
171 168 0.125
163 166 0.166667
164 166 0.166667
167 166 0.166667
168 166 0.166667
169 166 0.166667
170 166 0.166667
163 167 0.125
164 167 0.125
165 167 0.125
166 167 0.125
168 167 0.125
169 167 0.125
170 167 0.125
171 167 0.125
165 169 0.125
166 169 0.125
167 169 0.125
168 169 0.125
170 169 0.125
171 169 0.125
172 169 0.125
173 169 0.125
166 170 0.125
167 170 0.125
168 170 0.125
169 170 0.125
171 170 0.125
172 170 0.125
173 170 0.125
174 170 0.125
167 171 0.125
168 171 0.125
169 171 0.125
170 171 0.125
172 171 0.125
173 171 0.125
174 171 0.125
175 171 0.125
169 172 0.142857
170 172 0.142857
171 172 0.142857
173 172 0.142857
174 172 0.142857
175 172 0.142857
176 172 0.142857
169 173 0.125
170 173 0.125
171 173 0.125
172 173 0.125
174 173 0.125
175 173 0.125
176 173 0.125
177 173 0.125
171 175 0.142857
172 175 0.142857
173 175 0.142857
176 175 0.142857
177 175 0.142857
178 175 0.142857
179 175 0.142857
173 177 0.125
174 177 0.125
175 177 0.125
176 177 0.125
178 177 0.125
179 177 0.125
180 177 0.125
181 177 0.125
174 178 0.125
175 178 0.125
176 178 0.125
177 178 0.125
179 178 0.125
180 178 0.125
181 178 0.125
182 178 0.125
1 0 0.125
183 0 0.125
2 0 0.125
182 0 0.125
3 0 0.125
181 0 0.125
4 0 0.125
180 0 0.125
