0 1 0.142857
2 1 0.142857
3 1 0.142857
426 1 0.142857
4 1 0.142857
5 1 0.142857
424 1 0.142857
0 426 0.125
1 426 0.125
3 426 0.125
126 426 0.125
198 426 0.125
422 426 0.125
424 426 0.125
425 426 0.125
0 425 0.1
148 425 0.1
326 425 0.1
360 425 0.1
390 425 0.1
394 425 0.1
421 425 0.1
422 425 0.1
423 425 0.1
426 425 0.1
0 3 0.125
1 3 0.125
2 3 0.125
4 3 0.125
5 3 0.125
6 3 0.125
7 3 0.125
426 3 0.125
0 424 0.142857
1 424 0.142857
83 424 0.142857
420 424 0.142857
421 424 0.142857
422 424 0.142857
426 424 0.142857
0 4 0.125
1 4 0.125
2 4 0.125
3 4 0.125
5 4 0.125
6 4 0.125
7 4 0.125
8 4 0.125
0 423 0.142857
207 423 0.142857
405 423 0.142857
420 423 0.142857
421 423 0.142857
422 423 0.142857
425 423 0.142857
0 264 0.111111
260 264 0.111111
261 264 0.111111
262 264 0.111111
263 264 0.111111
265 264 0.111111
266 264 0.111111
267 264 0.111111
268 264 0.111111
1 2 0.166667
3 2 0.166667
4 2 0.166667
5 2 0.166667
6 2 0.166667
124 2 0.166667
1 5 0.125
2 5 0.125
3 5 0.125
4 5 0.125
6 5 0.125
7 5 0.125
8 5 0.125
9 5 0.125
2 6 0.125
3 6 0.125
4 6 0.125
5 6 0.125
7 6 0.125
8 6 0.125
9 6 0.125
10 6 0.125
2 124 0.125
120 124 0.125
121 124 0.125
122 124 0.125
123 124 0.125
125 124 0.125
127 124 0.125
274 124 0.125
3 7 0.111111
4 7 0.111111
5 7 0.111111
6 7 0.111111
8 7 0.111111
9 7 0.111111
10 7 0.111111
366 7 0.111111
12 7 0.111111
4 8 0.125
5 8 0.125
6 8 0.125
7 8 0.125
9 8 0.125
10 8 0.125
11 8 0.125
134 8 0.125
5 9 0.125
6 9 0.125
7 9 0.125
8 9 0.125
10 9 0.125
11 9 0.125
12 9 0.125
13 9 0.125
6 10 0.111111
7 10 0.111111
8 10 0.111111
9 10 0.111111
11 10 0.111111
12 10 0.111111
13 10 0.111111
14 10 0.111111
345 10 0.111111
7 366 0.125
362 366 0.125
363 366 0.125
364 366 0.125
365 366 0.125
367 366 0.125
368 366 0.125
370 366 0.125
7 12 0.125
9 12 0.125
10 12 0.125
13 12 0.125
14 12 0.125
15 12 0.125
16 12 0.125
263 12 0.125
8 11 0.125
9 11 0.125
10 11 0.125
13 11 0.125
14 11 0.125
15 11 0.125
79 11 0.125
243 11 0.125
8 134 0.111111
130 134 0.111111
131 134 0.111111
132 134 0.111111
133 134 0.111111
135 134 0.111111
136 134 0.111111
137 134 0.111111
138 134 0.111111
9 13 0.125
10 13 0.125
11 13 0.125
12 13 0.125
14 13 0.125
15 13 0.125
16 13 0.125
309 13 0.125
10 14 0.125
11 14 0.125
12 14 0.125
13 14 0.125
15 14 0.125
16 14 0.125
17 14 0.125
18 14 0.125
10 345 0.111111
99 345 0.111111
341 345 0.111111
342 345 0.111111
343 345 0.111111
344 345 0.111111
346 345 0.111111
347 345 0.111111
349 345 0.111111
11 15 0.125
12 15 0.125
13 15 0.125
14 15 0.125
16 15 0.125
17 15 0.125
18 15 0.125
19 15 0.125
11 79 0.111111
75 79 0.111111
76 79 0.111111
77 79 0.111111
78 79 0.111111
80 79 0.111111
81 79 0.111111
82 79 0.111111
83 79 0.111111
11 243 0.125
239 243 0.125
240 243 0.125
241 243 0.125
242 243 0.125
244 243 0.125
246 243 0.125
247 243 0.125
12 16 0.125
13 16 0.125
14 16 0.125
15 16 0.125
17 16 0.125
19 16 0.125
20 16 0.125
34 16 0.125
12 263 0.125
259 263 0.125
260 263 0.125
261 263 0.125
262 263 0.125
264 263 0.125
266 263 0.125
267 263 0.125
13 309 0.125
305 309 0.125
306 309 0.125
308 309 0.125
310 309 0.125
311 309 0.125
312 309 0.125
313 309 0.125
14 17 0.125
15 17 0.125
16 17 0.125
18 17 0.125
19 17 0.125
20 17 0.125
21 17 0.125
419 17 0.125
14 18 0.142857
15 18 0.142857
17 18 0.142857
19 18 0.142857
20 18 0.142857
21 18 0.142857
22 18 0.142857
15 19 0.125
16 19 0.125
17 19 0.125
18 19 0.125
20 19 0.125
21 19 0.125
22 19 0.125
23 19 0.125
16 20 0.125
17 20 0.125
18 20 0.125
19 20 0.125
21 20 0.125
22 20 0.125
23 20 0.125
24 20 0.125
16 34 0.111111
30 34 0.111111
31 34 0.111111
32 34 0.111111
33 34 0.111111
35 34 0.111111
36 34 0.111111
38 34 0.111111
396 34 0.111111
17 21 0.125
18 21 0.125
19 21 0.125
20 21 0.125
22 21 0.125
23 21 0.125
24 21 0.125
25 21 0.125
17 419 0.1
105 419 0.1
181 419 0.1
273 419 0.1
415 419 0.1
416 419 0.1
417 419 0.1
418 419 0.1
420 419 0.1
421 419 0.1
18 22 0.125
19 22 0.125
20 22 0.125
21 22 0.125
23 22 0.125
24 22 0.125
25 22 0.125
26 22 0.125
19 23 0.090909
20 23 0.090909
21 23 0.090909
22 23 0.090909
24 23 0.090909
25 23 0.090909
26 23 0.090909
27 23 0.090909
316 23 0.090909
130 23 0.090909
149 23 0.090909
20 24 0.111111
21 24 0.111111
22 24 0.111111
23 24 0.111111
26 24 0.111111
27 24 0.111111
28 24 0.111111
131 24 0.111111
337 24 0.111111
21 25 0.142857
22 25 0.142857
23 25 0.142857
26 25 0.142857
27 25 0.142857
28 25 0.142857
29 25 0.142857
22 26 0.125
23 26 0.125
24 26 0.125
25 26 0.125
27 26 0.125
28 26 0.125
30 26 0.125
254 26 0.125
23 27 0.125
24 27 0.125
25 27 0.125
26 27 0.125
28 27 0.125
29 27 0.125
30 27 0.125
31 27 0.125
23 316 0.125
172 316 0.125
313 316 0.125
314 316 0.125
315 316 0.125
318 316 0.125
319 316 0.125
320 316 0.125
23 130 0.142857
127 130 0.142857
128 130 0.142857
129 130 0.142857
131 130 0.142857
133 130 0.142857
134 130 0.142857
23 149 0.111111
49 149 0.111111
60 149 0.111111
145 149 0.111111
146 149 0.111111
147 149 0.111111
148 149 0.111111
151 149 0.111111
152 149 0.111111
24 28 0.125
25 28 0.125
26 28 0.125
27 28 0.125
29 28 0.125
30 28 0.125
31 28 0.125
32 28 0.125
24 131 0.1
127 131 0.1
128 131 0.1
129 131 0.1
130 131 0.1
132 131 0.1
133 131 0.1
134 131 0.1
135 131 0.1
291 131 0.1
24 337 0.125
333 337 0.125
334 337 0.125
335 337 0.125
336 337 0.125
339 337 0.125
340 337 0.125
341 337 0.125
25 29 0.125
27 29 0.125
28 29 0.125
30 29 0.125
31 29 0.125
32 29 0.125
33 29 0.125
409 29 0.125
26 30 0.125
27 30 0.125
28 30 0.125
29 30 0.125
31 30 0.125
32 30 0.125
33 30 0.125
34 30 0.125
26 254 0.1
250 254 0.1
251 254 0.1
252 254 0.1
253 254 0.1
255 254 0.1
256 254 0.1
257 254 0.1
258 254 0.1
295 254 0.1
27 31 0.111111
28 31 0.111111
29 31 0.111111
30 31 0.111111
32 31 0.111111
33 31 0.111111
34 31 0.111111
35 31 0.111111
138 31 0.111111
28 32 0.111111
29 32 0.111111
30 32 0.111111
31 32 0.111111
33 32 0.111111
34 32 0.111111
35 32 0.111111
36 32 0.111111
85 32 0.111111
29 33 0.125
30 33 0.125
31 33 0.125
32 33 0.125
34 33 0.125
35 33 0.125
36 33 0.125
37 33 0.125
29 409 0.125
405 409 0.125
406 409 0.125
407 409 0.125
408 409 0.125
410 409 0.125
411 409 0.125
413 409 0.125
31 35 0.125
32 35 0.125
33 35 0.125
34 35 0.125
36 35 0.125
37 35 0.125
38 35 0.125
39 35 0.125
31 138 0.125
134 138 0.125
135 138 0.125
136 138 0.125
137 138 0.125
139 138 0.125
140 138 0.125
142 138 0.125
32 36 0.125
33 36 0.125
34 36 0.125
35 36 0.125
37 36 0.125
38 36 0.125
39 36 0.125
273 36 0.125
32 85 0.111111
81 85 0.111111
82 85 0.111111
83 85 0.111111
84 85 0.111111
87 85 0.111111
89 85 0.111111
389 85 0.111111
335 85 0.111111
33 37 0.142857
35 37 0.142857
36 37 0.142857
38 37 0.142857
39 37 0.142857
40 37 0.142857
41 37 0.142857
34 38 0.125
35 38 0.125
36 38 0.125
37 38 0.125
39 38 0.125
40 38 0.125
41 38 0.125
42 38 0.125
34 396 0.111111
210 396 0.111111
392 396 0.111111
393 396 0.111111
395 396 0.111111
397 396 0.111111
398 396 0.111111
399 396 0.111111
400 396 0.111111
35 39 0.125
36 39 0.125
37 39 0.125
38 39 0.125
40 39 0.125
41 39 0.125
42 39 0.125
43 39 0.125
36 273 0.111111
269 273 0.111111
270 273 0.111111
271 273 0.111111
272 273 0.111111
274 273 0.111111
277 273 0.111111
319 273 0.111111
419 273 0.111111
37 40 0.142857
38 40 0.142857
39 40 0.142857
41 40 0.142857
42 40 0.142857
43 40 0.142857
44 40 0.142857
37 41 0.125
38 41 0.125
39 41 0.125
40 41 0.125
42 41 0.125
43 41 0.125
44 41 0.125
415 41 0.125
38 42 0.1
39 42 0.1
40 42 0.1
41 42 0.1
43 42 0.1
44 42 0.1
45 42 0.1
46 42 0.1
208 42 0.1
397 42 0.1
39 43 0.1
40 43 0.1
41 43 0.1
42 43 0.1
44 43 0.1
45 43 0.1
46 43 0.1
47 43 0.1
92 43 0.1
329 43 0.1
40 44 0.125
41 44 0.125
42 44 0.125
43 44 0.125
45 44 0.125
46 44 0.125
47 44 0.125
48 44 0.125
41 415 0.142857
411 415 0.142857
413 415 0.142857
416 415 0.142857
417 415 0.142857
418 415 0.142857
419 415 0.142857
42 45 0.142857
43 45 0.142857
44 45 0.142857
46 45 0.142857
47 45 0.142857
48 45 0.142857
49 45 0.142857
42 46 0.111111
43 46 0.111111
44 46 0.111111
45 46 0.111111
47 46 0.111111
48 46 0.111111
50 46 0.111111
300 46 0.111111
146 46 0.111111
42 208 0.125
204 208 0.125
205 208 0.125
206 208 0.125
207 208 0.125
209 208 0.125
210 208 0.125
212 208 0.125
42 397 0.125
393 397 0.125
394 397 0.125
395 397 0.125
396 397 0.125
398 397 0.125
399 397 0.125
401 397 0.125
43 47 0.125
44 47 0.125
45 47 0.125
46 47 0.125
48 47 0.125
49 47 0.125
50 47 0.125
51 47 0.125
43 92 0.125
88 92 0.125
89 92 0.125
90 92 0.125
91 92 0.125
94 92 0.125
96 92 0.125
279 92 0.125
43 329 0.142857
326 329 0.142857
327 329 0.142857
328 329 0.142857
331 329 0.142857
332 329 0.142857
333 329 0.142857
44 48 0.111111
45 48 0.111111
46 48 0.111111
47 48 0.111111
49 48 0.111111
50 48 0.111111
51 48 0.111111
52 48 0.111111
169 48 0.111111
45 49 0.125
47 49 0.125
48 49 0.125
50 49 0.125
51 49 0.125
52 49 0.125
53 49 0.125
149 49 0.125
46 50 0.125
47 50 0.125
48 50 0.125
49 50 0.125
51 50 0.125
52 50 0.125
53 50 0.125
54 50 0.125
46 300 0.142857
296 300 0.142857
297 300 0.142857
299 300 0.142857
302 300 0.142857
303 300 0.142857
364 300 0.142857
46 146 0.111111
142 146 0.111111
143 146 0.111111
144 146 0.111111
145 146 0.111111
147 146 0.111111
148 146 0.111111
149 146 0.111111
150 146 0.111111
47 51 0.125
48 51 0.125
49 51 0.125
50 51 0.125
52 51 0.125
53 51 0.125
54 51 0.125
365 51 0.125
48 52 0.111111
49 52 0.111111
50 52 0.111111
51 52 0.111111
53 52 0.111111
54 52 0.111111
55 52 0.111111
56 52 0.111111
324 52 0.111111
48 169 0.125
165 169 0.125
166 169 0.125
167 169 0.125
168 169 0.125
171 169 0.125
172 169 0.125
173 169 0.125
49 53 0.125
50 53 0.125
51 53 0.125
52 53 0.125
54 53 0.125
56 53 0.125
57 53 0.125
223 53 0.125
50 54 0.111111
51 54 0.111111
52 54 0.111111
53 54 0.111111
55 54 0.111111
56 54 0.111111
57 54 0.111111
58 54 0.111111
326 54 0.111111
51 365 0.111111
361 365 0.111111
362 365 0.111111
363 365 0.111111
364 365 0.111111
366 365 0.111111
367 365 0.111111
368 365 0.111111
369 365 0.111111
52 55 0.166667
54 55 0.166667
56 55 0.166667
57 55 0.166667
58 55 0.166667
59 55 0.166667
52 56 0.125
53 56 0.125
54 56 0.125
55 56 0.125
58 56 0.125
59 56 0.125
60 56 0.125
62 56 0.125
52 324 0.125
320 324 0.125
321 324 0.125
322 324 0.125
323 324 0.125
325 324 0.125
327 324 0.125
328 324 0.125
53 57 0.142857
54 57 0.142857
55 57 0.142857
58 57 0.142857
59 57 0.142857
225 57 0.142857
118 57 0.142857
53 223 0.1
191 223 0.1
219 223 0.1
220 223 0.1
221 223 0.1
222 223 0.1
224 223 0.1
225 223 0.1
226 223 0.1
227 223 0.1
54 58 0.125
55 58 0.125
56 58 0.125
57 58 0.125
59 58 0.125
60 58 0.125
61 58 0.125
62 58 0.125
54 326 0.142857
322 326 0.142857
323 326 0.142857
325 326 0.142857
328 326 0.142857
329 326 0.142857
425 326 0.142857
55 59 0.111111
56 59 0.111111
57 59 0.111111
58 59 0.111111
60 59 0.111111
61 59 0.111111
62 59 0.111111
63 59 0.111111
180 59 0.111111
56 60 0.125
58 60 0.125
59 60 0.125
62 60 0.125
63 60 0.125
64 60 0.125
149 60 0.125
161 60 0.125
56 62 0.111111
58 62 0.111111
59 62 0.111111
60 62 0.111111
61 62 0.111111
63 62 0.111111
65 62 0.111111
66 62 0.111111
290 62 0.111111
57 225 0.111111
221 225 0.111111
222 225 0.111111
223 225 0.111111
224 225 0.111111
226 225 0.111111
227 225 0.111111
228 225 0.111111
229 225 0.111111
57 118 0.111111
114 118 0.111111
115 118 0.111111
116 118 0.111111
117 118 0.111111
119 118 0.111111
120 118 0.111111
121 118 0.111111
122 118 0.111111
58 61 0.166667
59 61 0.166667
62 61 0.166667
63 61 0.166667
64 61 0.166667
65 61 0.166667
59 63 0.125
60 63 0.125
61 63 0.125
62 63 0.125
64 63 0.125
65 63 0.125
66 63 0.125
67 63 0.125
59 180 0.125
176 180 0.125
177 180 0.125
178 180 0.125
179 180 0.125
182 180 0.125
183 180 0.125
184 180 0.125
60 64 0.125
61 64 0.125
63 64 0.125
65 64 0.125
66 64 0.125
67 64 0.125
68 64 0.125
94 64 0.125
60 161 0.125
157 161 0.125
158 161 0.125
159 161 0.125
160 161 0.125
162 161 0.125
164 161 0.125
165 161 0.125
61 65 0.125
62 65 0.125
63 65 0.125
64 65 0.125
66 65 0.125
67 65 0.125
68 65 0.125
69 65 0.125
62 66 0.111111
63 66 0.111111
64 66 0.111111
65 66 0.111111
67 66 0.111111
68 66 0.111111
69 66 0.111111
70 66 0.111111
166 66 0.111111
62 290 0.111111
286 290 0.111111
287 290 0.111111
288 290 0.111111
289 290 0.111111
291 290 0.111111
292 290 0.111111
293 290 0.111111
294 290 0.111111
63 67 0.125
64 67 0.125
65 67 0.125
66 67 0.125
68 67 0.125
69 67 0.125
70 67 0.125
71 67 0.125
64 68 0.125
65 68 0.125
66 68 0.125
67 68 0.125
70 68 0.125
71 68 0.125
72 68 0.125
216 68 0.125
64 94 0.125
90 94 0.125
91 94 0.125
92 94 0.125
95 94 0.125
96 94 0.125
281 94 0.125
194 94 0.125
65 69 0.142857
66 69 0.142857
67 69 0.142857
70 69 0.142857
71 69 0.142857
72 69 0.142857
73 69 0.142857
66 70 0.111111
67 70 0.111111
68 70 0.111111
69 70 0.111111
72 70 0.111111
73 70 0.111111
74 70 0.111111
197 70 0.111111
238 70 0.111111
66 166 0.125
162 166 0.125
163 166 0.125
164 166 0.125
165 166 0.125
167 166 0.125
169 166 0.125
377 166 0.125
67 71 0.142857
68 71 0.142857
69 71 0.142857
72 71 0.142857
73 71 0.142857
74 71 0.142857
75 71 0.142857
68 72 0.111111
69 72 0.111111
70 72 0.111111
71 72 0.111111
74 72 0.111111
75 72 0.111111
76 72 0.111111
281 72 0.111111
375 72 0.111111
68 216 0.1
212 216 0.1
213 216 0.1
214 216 0.1
215 216 0.1
217 216 0.1
218 216 0.1
219 216 0.1
220 216 0.1
387 216 0.1
69 73 0.142857
70 73 0.142857
71 73 0.142857
74 73 0.142857
75 73 0.142857
76 73 0.142857
77 73 0.142857
70 74 0.125
71 74 0.125
72 74 0.125
73 74 0.125
75 74 0.125
76 74 0.125
77 74 0.125
78 74 0.125
70 197 0.142857
194 197 0.142857
195 197 0.142857
198 197 0.142857
199 197 0.142857
200 197 0.142857
201 197 0.142857
70 238 0.1
183 238 0.1
203 238 0.1
234 238 0.1
235 238 0.1
236 238 0.1
237 238 0.1
240 238 0.1
241 238 0.1
242 238 0.1
71 75 0.125
72 75 0.125
73 75 0.125
74 75 0.125
76 75 0.125
77 75 0.125
78 75 0.125
79 75 0.125
72 76 0.111111
73 76 0.111111
74 76 0.111111
75 76 0.111111
77 76 0.111111
78 76 0.111111
79 76 0.111111
80 76 0.111111
314 76 0.111111
72 281 0.1
94 281 0.1
277 281 0.1
279 281 0.1
280 281 0.1
283 281 0.1
284 281 0.1
285 281 0.1
303 281 0.1
414 281 0.1
72 375 0.125
283 375 0.125
371 375 0.125
372 375 0.125
373 375 0.125
374 375 0.125
376 375 0.125
379 375 0.125
73 77 0.125
74 77 0.125
75 77 0.125
76 77 0.125
78 77 0.125
79 77 0.125
80 77 0.125
81 77 0.125
74 78 0.111111
75 78 0.111111
76 78 0.111111
77 78 0.111111
79 78 0.111111
80 78 0.111111
81 78 0.111111
82 78 0.111111
389 78 0.111111
76 80 0.125
77 80 0.125
78 80 0.125
79 80 0.125
81 80 0.125
82 80 0.125
83 80 0.125
84 80 0.125
76 314 0.142857
310 314 0.142857
311 314 0.142857
313 314 0.142857
316 314 0.142857
317 314 0.142857
318 314 0.142857
77 81 0.125
78 81 0.125
79 81 0.125
80 81 0.125
82 81 0.125
84 81 0.125
85 81 0.125
162 81 0.125
78 82 0.125
79 82 0.125
80 82 0.125
81 82 0.125
83 82 0.125
84 82 0.125
85 82 0.125
86 82 0.125
78 389 0.111111
85 389 0.111111
385 389 0.111111
386 389 0.111111
387 389 0.111111
388 389 0.111111
390 389 0.111111
391 389 0.111111
392 389 0.111111
79 83 0.125
80 83 0.125
82 83 0.125
84 83 0.125
85 83 0.125
86 83 0.125
87 83 0.125
424 83 0.125
80 84 0.111111
81 84 0.111111
82 84 0.111111
83 84 0.111111
85 84 0.111111
86 84 0.111111
87 84 0.111111
88 84 0.111111
332 84 0.111111
81 162 0.125
159 162 0.125
160 162 0.125
161 162 0.125
163 162 0.125
164 162 0.125
165 162 0.125
166 162 0.125
82 86 0.125
83 86 0.125
84 86 0.125
87 86 0.125
88 86 0.125
89 86 0.125
90 86 0.125
120 86 0.125
83 87 0.125
84 87 0.125
85 87 0.125
86 87 0.125
88 87 0.125
89 87 0.125
90 87 0.125
91 87 0.125
84 88 0.142857
86 88 0.142857
87 88 0.142857
89 88 0.142857
90 88 0.142857
91 88 0.142857
92 88 0.142857
84 332 0.111111
328 332 0.111111
329 332 0.111111
330 332 0.111111
331 332 0.111111
334 332 0.111111
335 332 0.111111
336 332 0.111111
350 332 0.111111
85 89 0.111111
86 89 0.111111
87 89 0.111111
88 89 0.111111
91 89 0.111111
92 89 0.111111
93 89 0.111111
404 89 0.111111
200 89 0.111111
85 335 0.142857
331 335 0.142857
332 335 0.142857
334 335 0.142857
337 335 0.142857
339 335 0.142857
367 335 0.142857
86 90 0.125
87 90 0.125
88 90 0.125
91 90 0.125
92 90 0.125
94 90 0.125
129 90 0.125
203 90 0.125
86 120 0.111111
105 120 0.111111
116 120 0.111111
117 120 0.111111
118 120 0.111111
119 120 0.111111
122 120 0.111111
123 120 0.111111
124 120 0.111111
87 91 0.125
88 91 0.125
89 91 0.125
90 91 0.125
92 91 0.125
93 91 0.125
94 91 0.125
95 91 0.125
89 93 0.166667
91 93 0.166667
95 93 0.166667
96 93 0.166667
97 93 0.166667
319 93 0.166667
89 404 0.111111
400 404 0.111111
401 404 0.111111
402 404 0.111111
403 404 0.111111
405 404 0.111111
406 404 0.111111
407 404 0.111111
408 404 0.111111
89 200 0.125
196 200 0.125
197 200 0.125
198 200 0.125
199 200 0.125
201 200 0.125
202 200 0.125
204 200 0.125
90 129 0.111111
125 129 0.111111
126 129 0.111111
127 129 0.111111
128 129 0.111111
130 129 0.111111
131 129 0.111111
132 129 0.111111
133 129 0.111111
90 203 0.142857
199 203 0.142857
201 203 0.142857
202 203 0.142857
207 203 0.142857
238 203 0.142857
380 203 0.142857
91 95 0.142857
93 95 0.142857
94 95 0.142857
96 95 0.142857
97 95 0.142857
98 95 0.142857
99 95 0.142857
92 96 0.125
93 96 0.125
94 96 0.125
95 96 0.125
97 96 0.125
98 96 0.125
99 96 0.125
100 96 0.125
92 279 0.111111
275 279 0.111111
276 279 0.111111
277 279 0.111111
278 279 0.111111
280 279 0.111111
281 279 0.111111
282 279 0.111111
395 279 0.111111
93 97 0.142857
95 97 0.142857
96 97 0.142857
98 97 0.142857
99 97 0.142857
100 97 0.142857
101 97 0.142857
93 319 0.1
273 319 0.1
315 319 0.1
316 319 0.1
317 319 0.1
318 319 0.1
320 319 0.1
321 319 0.1
322 319 0.1
323 319 0.1
94 194 0.111111
190 194 0.111111
192 194 0.111111
193 194 0.111111
195 194 0.111111
196 194 0.111111
197 194 0.111111
198 194 0.111111
359 194 0.111111
95 98 0.125
96 98 0.125
97 98 0.125
99 98 0.125
100 98 0.125
101 98 0.125
102 98 0.125
256 98 0.125
95 99 0.125
96 99 0.125
97 99 0.125
98 99 0.125
100 99 0.125
102 99 0.125
103 99 0.125
345 99 0.125
96 100 0.125
97 100 0.125
98 100 0.125
99 100 0.125
101 100 0.125
102 100 0.125
103 100 0.125
104 100 0.125
97 101 0.125
98 101 0.125
100 101 0.125
102 101 0.125
103 101 0.125
104 101 0.125
105 101 0.125
325 101 0.125
98 102 0.125
99 102 0.125
100 102 0.125
101 102 0.125
103 102 0.125
104 102 0.125
105 102 0.125
106 102 0.125
98 256 0.125
160 256 0.125
252 256 0.125
253 256 0.125
254 256 0.125
255 256 0.125
258 256 0.125
259 256 0.125
99 103 0.125
100 103 0.125
101 103 0.125
102 103 0.125
104 103 0.125
105 103 0.125
106 103 0.125
107 103 0.125
100 104 0.111111
101 104 0.111111
102 104 0.111111
103 104 0.111111
105 104 0.111111
107 104 0.111111
108 104 0.111111
113 104 0.111111
313 104 0.111111
101 105 0.111111
102 105 0.111111
103 105 0.111111
104 105 0.111111
106 105 0.111111
239 105 0.111111
226 105 0.111111
419 105 0.111111
120 105 0.111111
101 325 0.125
321 325 0.125
323 325 0.125
324 325 0.125
326 325 0.125
327 325 0.125
328 325 0.125
383 325 0.125
102 106 0.142857
103 106 0.142857
105 106 0.142857
107 106 0.142857
108 106 0.142857
109 106 0.142857
110 106 0.142857
103 107 0.142857
104 107 0.142857
106 107 0.142857
108 107 0.142857
109 107 0.142857
110 107 0.142857
111 107 0.142857
104 108 0.142857
106 108 0.142857
107 108 0.142857
109 108 0.142857
110 108 0.142857
111 108 0.142857
112 108 0.142857
104 113 0.111111
109 113 0.111111
110 113 0.111111
111 113 0.111111
112 113 0.111111
114 113 0.111111
115 113 0.111111
116 113 0.111111
403 113 0.111111
104 313 0.142857
309 313 0.142857
310 313 0.142857
311 313 0.142857
314 313 0.142857
316 313 0.142857
317 313 0.142857
105 239 0.125
156 239 0.125
235 239 0.125
236 239 0.125
237 239 0.125
241 239 0.125
242 239 0.125
243 239 0.125
105 226 0.111111
222 226 0.111111
223 226 0.111111
224 226 0.111111
225 226 0.111111
227 226 0.111111
230 226 0.111111
384 226 0.111111
331 226 0.111111
106 109 0.142857
107 109 0.142857
108 109 0.142857
110 109 0.142857
112 109 0.142857
113 109 0.142857
152 109 0.142857
106 110 0.125
107 110 0.125
108 110 0.125
109 110 0.125
111 110 0.125
112 110 0.125
113 110 0.125
114 110 0.125
107 111 0.125
108 111 0.125
110 111 0.125
112 111 0.125
113 111 0.125
114 111 0.125
115 111 0.125
164 111 0.125
108 112 0.125
109 112 0.125
110 112 0.125
111 112 0.125
113 112 0.125
114 112 0.125
116 112 0.125
198 112 0.125
109 152 0.125
149 152 0.125
150 152 0.125
151 152 0.125
153 152 0.125
154 152 0.125
155 152 0.125
251 152 0.125
110 114 0.125
111 114 0.125
112 114 0.125
113 114 0.125
115 114 0.125
116 114 0.125
117 114 0.125
118 114 0.125
111 115 0.142857
113 115 0.142857
114 115 0.142857
116 115 0.142857
117 115 0.142857
118 115 0.142857
119 115 0.142857
111 164 0.111111
160 164 0.111111
161 164 0.111111
162 164 0.111111
163 164 0.111111
166 164 0.111111
167 164 0.111111
187 164 0.111111
312 164 0.111111
112 116 0.125
113 116 0.125
114 116 0.125
115 116 0.125
118 116 0.125
119 116 0.125
120 116 0.125
334 116 0.125
112 198 0.111111
194 198 0.111111
195 198 0.111111
196 198 0.111111
197 198 0.111111
199 198 0.111111
200 198 0.111111
202 198 0.111111
426 198 0.111111
113 403 0.090909
285 403 0.090909
348 403 0.090909
399 403 0.090909
400 403 0.090909
401 403 0.090909
402 403 0.090909
404 403 0.090909
405 403 0.090909
406 403 0.090909
407 403 0.090909
114 117 0.166667
115 117 0.166667
118 117 0.166667
119 117 0.166667
120 117 0.166667
121 117 0.166667
115 119 0.125
116 119 0.125
117 119 0.125
118 119 0.125
120 119 0.125
121 119 0.125
122 119 0.125
123 119 0.125
116 334 0.090909
278 334 0.090909
330 334 0.090909
331 334 0.090909
332 334 0.090909
333 334 0.090909
335 334 0.090909
337 334 0.090909
338 334 0.090909
391 334 0.090909
373 334 0.090909
117 121 0.142857
118 121 0.142857
119 121 0.142857
122 121 0.142857
123 121 0.142857
124 121 0.142857
125 121 0.142857
118 122 0.125
119 122 0.125
120 122 0.125
121 122 0.125
123 122 0.125
124 122 0.125
125 122 0.125
126 122 0.125
119 123 0.1
120 123 0.1
121 123 0.1
122 123 0.1
124 123 0.1
125 123 0.1
126 123 0.1
127 123 0.1
333 123 0.1
215 123 0.1
121 125 0.1
122 125 0.1
123 125 0.1
124 125 0.1
126 125 0.1
127 125 0.1
128 125 0.1
129 125 0.1
196 125 0.1
242 125 0.1
122 126 0.125
123 126 0.125
125 126 0.125
127 126 0.125
128 126 0.125
129 126 0.125
426 126 0.125
233 126 0.125
123 127 0.111111
124 127 0.111111
125 127 0.111111
126 127 0.111111
128 127 0.111111
129 127 0.111111
130 127 0.111111
131 127 0.111111
185 127 0.111111
123 333 0.142857
329 333 0.142857
330 333 0.142857
331 333 0.142857
334 333 0.142857
336 333 0.142857
337 333 0.142857
123 215 0.125
211 215 0.125
212 215 0.125
213 215 0.125
214 215 0.125
216 215 0.125
217 215 0.125
353 215 0.125
124 274 0.111111
270 274 0.111111
271 274 0.111111
272 274 0.111111
273 274 0.111111
275 274 0.111111
276 274 0.111111
277 274 0.111111
278 274 0.111111
125 128 0.142857
126 128 0.142857
127 128 0.142857
129 128 0.142857
130 128 0.142857
131 128 0.142857
132 128 0.142857
125 196 0.1
192 196 0.1
193 196 0.1
194 196 0.1
195 196 0.1
198 196 0.1
199 196 0.1
200 196 0.1
330 196 0.1
322 196 0.1
125 242 0.125
238 242 0.125
239 242 0.125
240 242 0.125
241 242 0.125
243 242 0.125
244 242 0.125
372 242 0.125
126 233 0.111111
229 233 0.111111
230 233 0.111111
231 233 0.111111
232 233 0.111111
234 233 0.111111
235 233 0.111111
236 233 0.111111
237 233 0.111111
127 185 0.111111
181 185 0.111111
182 185 0.111111
183 185 0.111111
184 185 0.111111
186 185 0.111111
188 185 0.111111
189 185 0.111111
360 185 0.111111
128 132 0.142857
129 132 0.142857
131 132 0.142857
133 132 0.142857
134 132 0.142857
135 132 0.142857
136 132 0.142857
129 133 0.111111
130 133 0.111111
131 133 0.111111
132 133 0.111111
134 133 0.111111
135 133 0.111111
136 133 0.111111
137 133 0.111111
372 133 0.111111
131 135 0.1
132 135 0.1
133 135 0.1
134 135 0.1
136 135 0.1
137 135 0.1
138 135 0.1
139 135 0.1
265 135 0.1
288 135 0.1
131 291 0.142857
287 291 0.142857
289 291 0.142857
290 291 0.142857
293 291 0.142857
294 291 0.142857
295 291 0.142857
132 136 0.125
133 136 0.125
134 136 0.125
135 136 0.125
137 136 0.125
138 136 0.125
139 136 0.125
140 136 0.125
133 137 0.125
134 137 0.125
135 137 0.125
136 137 0.125
138 137 0.125
139 137 0.125
140 137 0.125
141 137 0.125
133 372 0.111111
242 372 0.111111
368 372 0.111111
369 372 0.111111
370 372 0.111111
371 372 0.111111
373 372 0.111111
374 372 0.111111
375 372 0.111111
135 139 0.125
136 139 0.125
137 139 0.125
138 139 0.125
140 139 0.125
141 139 0.125
142 139 0.125
143 139 0.125
135 265 0.142857
261 265 0.142857
262 265 0.142857
264 265 0.142857
266 265 0.142857
267 265 0.142857
269 265 0.142857
135 288 0.125
158 288 0.125
284 288 0.125
286 288 0.125
287 288 0.125
289 288 0.125
290 288 0.125
292 288 0.125
136 140 0.125
137 140 0.125
138 140 0.125
139 140 0.125
141 140 0.125
142 140 0.125
143 140 0.125
144 140 0.125
137 141 0.142857
139 141 0.142857
140 141 0.142857
142 141 0.142857
143 141 0.142857
144 141 0.142857
145 141 0.142857
138 142 0.125
139 142 0.125
140 142 0.125
141 142 0.125
143 142 0.125
144 142 0.125
145 142 0.125
146 142 0.125
139 143 0.125
140 143 0.125
141 143 0.125
142 143 0.125
144 143 0.125
145 143 0.125
146 143 0.125
147 143 0.125
140 144 0.125
141 144 0.125
142 144 0.125
143 144 0.125
145 144 0.125
146 144 0.125
147 144 0.125
148 144 0.125
141 145 0.111111
142 145 0.111111
143 145 0.111111
144 145 0.111111
146 145 0.111111
147 145 0.111111
148 145 0.111111
149 145 0.111111
398 145 0.111111
143 147 0.125
144 147 0.125
145 147 0.125
146 147 0.125
148 147 0.125
149 147 0.125
150 147 0.125
151 147 0.125
144 148 0.125
145 148 0.125
146 148 0.125
147 148 0.125
149 148 0.125
150 148 0.125
151 148 0.125
425 148 0.125
145 398 0.125
394 398 0.125
395 398 0.125
396 398 0.125
397 398 0.125
400 398 0.125
401 398 0.125
402 398 0.125
146 150 0.142857
147 150 0.142857
148 150 0.142857
151 150 0.142857
152 150 0.142857
153 150 0.142857
154 150 0.142857
147 151 0.125
148 151 0.125
149 151 0.125
150 151 0.125
152 151 0.125
154 151 0.125
155 151 0.125
269 151 0.125
150 153 0.166667
152 153 0.166667
154 153 0.166667
155 153 0.166667
156 153 0.166667
157 153 0.166667
150 154 0.125
151 154 0.125
152 154 0.125
153 154 0.125
155 154 0.125
156 154 0.125
158 154 0.125
275 154 0.125
151 155 0.125
152 155 0.125
153 155 0.125
154 155 0.125
156 155 0.125
157 155 0.125
158 155 0.125
159 155 0.125
151 269 0.111111
265 269 0.111111
266 269 0.111111
267 269 0.111111
270 269 0.111111
271 269 0.111111
272 269 0.111111
273 269 0.111111
285 269 0.111111
152 251 0.111111
247 251 0.111111
248 251 0.111111
249 251 0.111111
250 251 0.111111
252 251 0.111111
253 251 0.111111
254 251 0.111111
255 251 0.111111
153 156 0.125
154 156 0.125
155 156 0.125
157 156 0.125
158 156 0.125
159 156 0.125
160 156 0.125
239 156 0.125
153 157 0.125
155 157 0.125
156 157 0.125
158 157 0.125
159 157 0.125
160 157 0.125
161 157 0.125
307 157 0.125
154 158 0.125
155 158 0.125
156 158 0.125
157 158 0.125
159 158 0.125
161 158 0.125
222 158 0.125
288 158 0.125
154 275 0.125
271 275 0.125
272 275 0.125
274 275 0.125
276 275 0.125
277 275 0.125
278 275 0.125
279 275 0.125
155 159 0.125
156 159 0.125
157 159 0.125
158 159 0.125
160 159 0.125
161 159 0.125
162 159 0.125
163 159 0.125
156 160 0.111111
157 160 0.111111
159 160 0.111111
161 160 0.111111
162 160 0.111111
163 160 0.111111
164 160 0.111111
354 160 0.111111
256 160 0.111111
157 307 0.125
303 307 0.125
304 307 0.125
305 307 0.125
306 307 0.125
308 307 0.125
310 307 0.125
311 307 0.125
158 222 0.111111
218 222 0.111111
219 222 0.111111
220 222 0.111111
221 222 0.111111
223 222 0.111111
224 222 0.111111
225 222 0.111111
226 222 0.111111
159 163 0.142857
160 163 0.142857
162 163 0.142857
164 163 0.142857
165 163 0.142857
166 163 0.142857
167 163 0.142857
160 354 0.142857
351 354 0.142857
352 354 0.142857
353 354 0.142857
356 354 0.142857
357 354 0.142857
358 354 0.142857
161 165 0.142857
162 165 0.142857
163 165 0.142857
166 165 0.142857
167 165 0.142857
168 165 0.142857
169 165 0.142857
163 167 0.125
164 167 0.125
165 167 0.125
166 167 0.125
168 167 0.125
169 167 0.125
170 167 0.125
171 167 0.125
164 187 0.125
183 187 0.125
184 187 0.125
186 187 0.125
188 187 0.125
189 187 0.125
190 187 0.125
191 187 0.125
164 312 0.125
186 312 0.125
308 312 0.125
309 312 0.125
310 312 0.125
311 312 0.125
315 312 0.125
378 312 0.125
165 168 0.166667
167 168 0.166667
169 168 0.166667
170 168 0.166667
172 168 0.166667
368 168 0.166667
166 377 0.125
199 377 0.125
373 377 0.125
374 377 0.125
376 377 0.125
378 377 0.125
379 377 0.125
380 377 0.125
167 170 0.166667
168 170 0.166667
171 170 0.166667
172 170 0.166667
173 170 0.166667
174 170 0.166667
167 171 0.142857
169 171 0.142857
170 171 0.142857
172 171 0.142857
173 171 0.142857
174 171 0.142857
175 171 0.142857
168 172 0.125
169 172 0.125
170 172 0.125
171 172 0.125
173 172 0.125
175 172 0.125
176 172 0.125
316 172 0.125
168 368 0.1
207 368 0.1
364 368 0.1
365 368 0.1
366 368 0.1
367 368 0.1
369 368 0.1
370 368 0.1
371 368 0.1
372 368 0.1
169 173 0.111111
170 173 0.111111
171 173 0.111111
172 173 0.111111
174 173 0.111111
175 173 0.111111
177 173 0.111111
224 173 0.111111
253 173 0.111111
170 174 0.142857
171 174 0.142857
173 174 0.142857
175 174 0.142857
176 174 0.142857
177 174 0.142857
178 174 0.142857
171 175 0.125
172 175 0.125
173 175 0.125
174 175 0.125
176 175 0.125
177 175 0.125
178 175 0.125
179 175 0.125
172 176 0.142857
174 176 0.142857
175 176 0.142857
177 176 0.142857
178 176 0.142857
179 176 0.142857
180 176 0.142857
173 177 0.111111
174 177 0.111111
175 177 0.111111
176 177 0.111111
178 177 0.111111
179 177 0.111111
180 177 0.111111
181 177 0.111111
339 177 0.111111
173 224 0.111111
220 224 0.111111
221 224 0.111111
222 224 0.111111
223 224 0.111111
225 224 0.111111
226 224 0.111111
227 224 0.111111
343 224 0.111111
173 253 0.125
249 253 0.125
250 253 0.125
251 253 0.125
252 253 0.125
254 253 0.125
255 253 0.125
256 253 0.125
174 178 0.111111
175 178 0.111111
176 178 0.111111
177 178 0.111111
179 178 0.111111
180 178 0.111111
181 178 0.111111
182 178 0.111111
344 178 0.111111
175 179 0.125
176 179 0.125
177 179 0.125
178 179 0.125
180 179 0.125
181 179 0.125
182 179 0.125
183 179 0.125
177 181 0.111111
178 181 0.111111
179 181 0.111111
182 181 0.111111
183 181 0.111111
184 181 0.111111
185 181 0.111111
189 181 0.111111
419 181 0.111111
177 339 0.125
335 339 0.125
336 339 0.125
337 339 0.125
338 339 0.125
341 339 0.125
342 339 0.125
343 339 0.125
178 182 0.125
179 182 0.125
180 182 0.125
181 182 0.125
183 182 0.125
184 182 0.125
185 182 0.125
186 182 0.125
178 344 0.142857
340 344 0.142857
342 344 0.142857
343 344 0.142857
345 344 0.142857
347 344 0.142857
348 344 0.142857
179 183 0.125
180 183 0.125
181 183 0.125
182 183 0.125
185 183 0.125
186 183 0.125
187 183 0.125
238 183 0.125
180 184 0.125
181 184 0.125
182 184 0.125
185 184 0.125
186 184 0.125
187 184 0.125
188 184 0.125
308 184 0.125
181 189 0.125
185 189 0.125
186 189 0.125
187 189 0.125
188 189 0.125
190 189 0.125
191 189 0.125
192 189 0.125
182 186 0.111111
183 186 0.111111
184 186 0.111111
185 186 0.111111
187 186 0.111111
188 186 0.111111
189 186 0.111111
190 186 0.111111
312 186 0.111111
184 188 0.125
185 188 0.125
186 188 0.125
187 188 0.125
189 188 0.125
190 188 0.125
191 188 0.125
192 188 0.125
184 308 0.125
304 308 0.125
305 308 0.125
306 308 0.125
307 308 0.125
309 308 0.125
310 308 0.125
312 308 0.125
185 360 0.111111
356 360 0.111111
357 360 0.111111
358 360 0.111111
359 360 0.111111
361 360 0.111111
362 360 0.111111
364 360 0.111111
425 360 0.111111
186 190 0.125
187 190 0.125
188 190 0.125
189 190 0.125
191 190 0.125
192 190 0.125
193 190 0.125
194 190 0.125
187 191 0.125
188 191 0.125
189 191 0.125
190 191 0.125
192 191 0.125
193 191 0.125
195 191 0.125
223 191 0.125
188 192 0.111111
189 192 0.111111
190 192 0.111111
191 192 0.111111
193 192 0.111111
194 192 0.111111
195 192 0.111111
196 192 0.111111
381 192 0.111111
190 193 0.142857
191 193 0.142857
192 193 0.142857
194 193 0.142857
195 193 0.142857
196 193 0.142857
301 193 0.142857
191 195 0.125
192 195 0.125
193 195 0.125
194 195 0.125
196 195 0.125
197 195 0.125
198 195 0.125
199 195 0.125
192 381 0.125
286 381 0.125
367 381 0.125
378 381 0.125
379 381 0.125
380 381 0.125
382 381 0.125
383 381 0.125
193 301 0.125
297 301 0.125
298 301 0.125
299 301 0.125
302 301 0.125
304 301 0.125
305 301 0.125
317 301 0.125
194 359 0.125
355 359 0.125
356 359 0.125
357 359 0.125
358 359 0.125
360 359 0.125
361 359 0.125
362 359 0.125
195 199 0.111111
196 199 0.111111
197 199 0.111111
198 199 0.111111
200 199 0.111111
201 199 0.111111
202 199 0.111111
203 199 0.111111
377 199 0.111111
196 330 0.166667
327 330 0.166667
328 330 0.166667
332 330 0.166667
333 330 0.166667
334 330 0.166667
196 322 0.125
318 322 0.125
319 322 0.125
320 322 0.125
321 322 0.125
323 322 0.125
324 322 0.125
326 322 0.125
197 201 0.142857
199 201 0.142857
200 201 0.142857
202 201 0.142857
203 201 0.142857
204 201 0.142857
205 201 0.142857
198 202 0.125
199 202 0.125
200 202 0.125
201 202 0.125
203 202 0.125
204 202 0.125
205 202 0.125
206 202 0.125
200 204 0.142857
201 204 0.142857
202 204 0.142857
205 204 0.142857
207 204 0.142857
208 204 0.142857
247 204 0.142857
201 205 0.142857
202 205 0.142857
204 205 0.142857
206 205 0.142857
207 205 0.142857
208 205 0.142857
209 205 0.142857
202 206 0.166667
205 206 0.166667
207 206 0.166667
208 206 0.166667
209 206 0.166667
210 206 0.166667
203 207 0.111111
204 207 0.111111
205 207 0.111111
206 207 0.111111
208 207 0.111111
209 207 0.111111
210 207 0.111111
423 207 0.111111
368 207 0.111111
203 380 0.111111
376 380 0.111111
377 380 0.111111
378 380 0.111111
379 380 0.111111
381 380 0.111111
382 380 0.111111
383 380 0.111111
384 380 0.111111
204 247 0.111111
243 247 0.111111
244 247 0.111111
245 247 0.111111
246 247 0.111111
248 247 0.111111
249 247 0.111111
250 247 0.111111
251 247 0.111111
205 209 0.125
206 209 0.125
207 209 0.125
208 209 0.125
210 209 0.125
212 209 0.125
213 209 0.125
299 209 0.125
206 210 0.125
207 210 0.125
208 210 0.125
209 210 0.125
211 210 0.125
212 210 0.125
213 210 0.125
396 210 0.125
208 212 0.125
209 212 0.125
210 212 0.125
211 212 0.125
213 212 0.125
214 212 0.125
215 212 0.125
216 212 0.125
209 213 0.125
210 213 0.125
211 213 0.125
212 213 0.125
214 213 0.125
215 213 0.125
216 213 0.125
217 213 0.125
209 299 0.111111
295 299 0.111111
296 299 0.111111
297 299 0.111111
298 299 0.111111
300 299 0.111111
301 299 0.111111
302 299 0.111111
303 299 0.111111
210 211 0.166667
212 211 0.166667
213 211 0.166667
214 211 0.166667
215 211 0.166667
392 211 0.166667
211 214 0.142857
212 214 0.142857
213 214 0.142857
215 214 0.142857
216 214 0.142857
217 214 0.142857
218 214 0.142857
211 392 0.142857
340 392 0.142857
388 392 0.142857
389 392 0.142857
390 392 0.142857
394 392 0.142857
396 392 0.142857
213 217 0.125
214 217 0.125
215 217 0.125
216 217 0.125
218 217 0.125
219 217 0.125
220 217 0.125
221 217 0.125
214 218 0.142857
216 218 0.142857
217 218 0.142857
219 218 0.142857
220 218 0.142857
221 218 0.142857
222 218 0.142857
215 353 0.111111
219 353 0.111111
349 353 0.111111
350 353 0.111111
351 353 0.111111
352 353 0.111111
354 353 0.111111
356 353 0.111111
357 353 0.111111
216 219 0.125
217 219 0.125
218 219 0.125
220 219 0.125
221 219 0.125
222 219 0.125
223 219 0.125
353 219 0.125
216 220 0.125
217 220 0.125
218 220 0.125
219 220 0.125
221 220 0.125
222 220 0.125
223 220 0.125
224 220 0.125
216 387 0.125
383 387 0.125
384 387 0.125
385 387 0.125
386 387 0.125
389 387 0.125
390 387 0.125
391 387 0.125
217 221 0.125
218 221 0.125
219 221 0.125
220 221 0.125
222 221 0.125
223 221 0.125
224 221 0.125
225 221 0.125
223 227 0.125
224 227 0.125
225 227 0.125
226 227 0.125
229 227 0.125
230 227 0.125
231 227 0.125
361 227 0.125
224 343 0.125
339 343 0.125
341 343 0.125
342 343 0.125
344 343 0.125
345 343 0.125
346 343 0.125
347 343 0.125
225 228 0.2
229 228 0.2
230 228 0.2
231 228 0.2
232 228 0.2
225 229 0.142857
227 229 0.142857
228 229 0.142857
230 229 0.142857
231 229 0.142857
232 229 0.142857
233 229 0.142857
226 230 0.125
227 230 0.125
228 230 0.125
229 230 0.125
231 230 0.125
233 230 0.125
234 230 0.125
292 230 0.125
226 384 0.142857
380 384 0.142857
382 384 0.142857
383 384 0.142857
386 384 0.142857
387 384 0.142857
388 384 0.142857
226 331 0.125
327 331 0.125
328 331 0.125
329 331 0.125
332 331 0.125
333 331 0.125
334 331 0.125
335 331 0.125
227 231 0.125
228 231 0.125
229 231 0.125
230 231 0.125
232 231 0.125
233 231 0.125
234 231 0.125
235 231 0.125
227 361 0.1
357 361 0.1
358 361 0.1
359 361 0.1
360 361 0.1
362 361 0.1
363 361 0.1
364 361 0.1
365 361 0.1
394 361 0.1
228 232 0.142857
229 232 0.142857
231 232 0.142857
233 232 0.142857
234 232 0.142857
235 232 0.142857
236 232 0.142857
230 234 0.111111
231 234 0.111111
232 234 0.111111
233 234 0.111111
235 234 0.111111
236 234 0.111111
237 234 0.111111
238 234 0.111111
268 234 0.111111
230 292 0.125
288 292 0.125
289 292 0.125
290 292 0.125
293 292 0.125
294 292 0.125
295 292 0.125
296 292 0.125
231 235 0.125
232 235 0.125
233 235 0.125
234 235 0.125
236 235 0.125
237 235 0.125
238 235 0.125
239 235 0.125
232 236 0.125
233 236 0.125
234 236 0.125
235 236 0.125
237 236 0.125
238 236 0.125
239 236 0.125
240 236 0.125
233 237 0.111111
234 237 0.111111
235 237 0.111111
236 237 0.111111
238 237 0.111111
239 237 0.111111
240 237 0.111111
241 237 0.111111
298 237 0.111111
234 268 0.142857
264 268 0.142857
266 268 0.142857
267 268 0.142857
270 268 0.142857
271 268 0.142857
272 268 0.142857
236 240 0.142857
237 240 0.142857
238 240 0.142857
241 240 0.142857
242 240 0.142857
243 240 0.142857
244 240 0.142857
237 241 0.125
238 241 0.125
239 241 0.125
240 241 0.125
242 241 0.125
243 241 0.125
244 241 0.125
245 241 0.125
237 298 0.125
294 298 0.125
295 298 0.125
296 298 0.125
297 298 0.125
299 298 0.125
301 298 0.125
302 298 0.125
240 244 0.125
241 244 0.125
242 244 0.125
243 244 0.125
245 244 0.125
246 244 0.125
247 244 0.125
248 244 0.125
241 245 0.166667
244 245 0.166667
247 245 0.166667
248 245 0.166667
249 245 0.166667
272 245 0.166667
243 246 0.166667
244 246 0.166667
247 246 0.166667
248 246 0.166667
249 246 0.166667
250 246 0.166667
244 248 0.125
245 248 0.125
246 248 0.125
247 248 0.125
249 248 0.125
250 248 0.125
251 248 0.125
252 248 0.125
245 249 0.125
246 249 0.125
247 249 0.125
248 249 0.125
250 249 0.125
251 249 0.125
252 249 0.125
253 249 0.125
245 272 0.111111
268 272 0.111111
269 272 0.111111
270 272 0.111111
271 272 0.111111
273 272 0.111111
274 272 0.111111
275 272 0.111111
276 272 0.111111
246 250 0.111111
247 250 0.111111
248 250 0.111111
249 250 0.111111
251 250 0.111111
252 250 0.111111
253 250 0.111111
254 250 0.111111
391 250 0.111111
248 252 0.125
249 252 0.125
250 252 0.125
251 252 0.125
253 252 0.125
254 252 0.125
255 252 0.125
256 252 0.125
250 391 0.125
334 391 0.125
387 391 0.125
388 391 0.125
389 391 0.125
390 391 0.125
394 391 0.125
395 391 0.125
251 255 0.125
252 255 0.125
253 255 0.125
254 255 0.125
256 255 0.125
257 255 0.125
258 255 0.125
259 255 0.125
254 257 0.166667
255 257 0.166667
258 257 0.166667
259 257 0.166667
260 257 0.166667
261 257 0.166667
254 258 0.125
255 258 0.125
256 258 0.125
257 258 0.125
259 258 0.125
260 258 0.125
261 258 0.125
262 258 0.125
254 295 0.125
291 295 0.125
292 295 0.125
293 295 0.125
294 295 0.125
296 295 0.125
298 295 0.125
299 295 0.125
255 259 0.125
256 259 0.125
257 259 0.125
258 259 0.125
260 259 0.125
261 259 0.125
262 259 0.125
263 259 0.125
257 260 0.142857
258 260 0.142857
259 260 0.142857
261 260 0.142857
262 260 0.142857
263 260 0.142857
264 260 0.142857
257 261 0.125
258 261 0.125
259 261 0.125
260 261 0.125
262 261 0.125
263 261 0.125
264 261 0.125
265 261 0.125
258 262 0.125
259 262 0.125
260 262 0.125
261 262 0.125
263 262 0.125
264 262 0.125
265 262 0.125
266 262 0.125
262 266 0.111111
263 266 0.111111
264 266 0.111111
265 266 0.111111
267 266 0.111111
268 266 0.111111
269 266 0.111111
270 266 0.111111
412 266 0.111111
263 267 0.125
264 267 0.125
265 267 0.125
266 267 0.125
268 267 0.125
269 267 0.125
270 267 0.125
271 267 0.125
266 270 0.125
267 270 0.125
268 270 0.125
269 270 0.125
271 270 0.125
272 270 0.125
273 270 0.125
274 270 0.125
266 412 0.125
382 412 0.125
408 412 0.125
410 412 0.125
411 412 0.125
413 412 0.125
414 412 0.125
416 412 0.125
267 271 0.125
268 271 0.125
269 271 0.125
270 271 0.125
272 271 0.125
273 271 0.125
274 271 0.125
275 271 0.125
269 285 0.111111
277 285 0.111111
281 285 0.111111
282 285 0.111111
283 285 0.111111
284 285 0.111111
287 285 0.111111
289 285 0.111111
403 285 0.111111
272 276 0.142857
274 276 0.142857
275 276 0.142857
277 276 0.142857
278 276 0.142857
279 276 0.142857
280 276 0.142857
273 277 0.125
274 277 0.125
275 277 0.125
276 277 0.125
278 277 0.125
279 277 0.125
281 277 0.125
285 277 0.125
274 278 0.125
275 278 0.125
276 278 0.125
277 278 0.125
279 278 0.125
280 278 0.125
282 278 0.125
334 278 0.125
276 280 0.142857
278 280 0.142857
279 280 0.142857
281 280 0.142857
282 280 0.142857
283 280 0.142857
421 280 0.142857
278 282 0.142857
279 282 0.142857
280 282 0.142857
283 282 0.142857
284 282 0.142857
285 282 0.142857
286 282 0.142857
279 395 0.125
391 395 0.125
393 395 0.125
394 395 0.125
396 395 0.125
397 395 0.125
398 395 0.125
399 395 0.125
280 283 0.125
281 283 0.125
282 283 0.125
284 283 0.125
285 283 0.125
286 283 0.125
287 283 0.125
375 283 0.125
280 421 0.111111
417 421 0.111111
418 421 0.111111
419 421 0.111111
420 421 0.111111
422 421 0.111111
423 421 0.111111
424 421 0.111111
425 421 0.111111
281 284 0.125
282 284 0.125
283 284 0.125
285 284 0.125
286 284 0.125
287 284 0.125
288 284 0.125
341 284 0.125
281 303 0.142857
299 303 0.142857
300 303 0.142857
302 303 0.142857
305 303 0.142857
306 303 0.142857
307 303 0.142857
281 414 0.125
410 414 0.125
411 414 0.125
412 414 0.125
413 414 0.125
416 414 0.125
417 414 0.125
418 414 0.125
282 286 0.142857
283 286 0.142857
284 286 0.142857
288 286 0.142857
289 286 0.142857
290 286 0.142857
381 286 0.142857
283 287 0.142857
284 287 0.142857
285 287 0.142857
288 287 0.142857
290 287 0.142857
291 287 0.142857
317 287 0.142857
284 341 0.125
337 341 0.125
338 341 0.125
339 341 0.125
340 341 0.125
342 341 0.125
343 341 0.125
345 341 0.125
285 289 0.142857
286 289 0.142857
288 289 0.142857
290 289 0.142857
291 289 0.142857
292 289 0.142857
293 289 0.142857
287 317 0.111111
301 317 0.111111
313 317 0.111111
314 317 0.111111
315 317 0.111111
318 317 0.111111
319 317 0.111111
320 317 0.111111
321 317 0.111111
289 293 0.125
290 293 0.125
291 293 0.125
292 293 0.125
294 293 0.125
295 293 0.125
296 293 0.125
297 293 0.125
290 294 0.125
291 294 0.125
292 294 0.125
293 294 0.125
295 294 0.125
296 294 0.125
297 294 0.125
298 294 0.125
292 296 0.125
293 296 0.125
294 296 0.125
295 296 0.125
297 296 0.125
298 296 0.125
299 296 0.125
300 296 0.125
293 297 0.142857
294 297 0.142857
296 297 0.142857
298 297 0.142857
299 297 0.142857
300 297 0.142857
301 297 0.142857
298 302 0.125
299 302 0.125
300 302 0.125
301 302 0.125
303 302 0.125
304 302 0.125
305 302 0.125
306 302 0.125
300 364 0.111111
360 364 0.111111
361 364 0.111111
362 364 0.111111
363 364 0.111111
365 364 0.111111
366 364 0.111111
367 364 0.111111
368 364 0.111111
301 304 0.166667
302 304 0.166667
305 304 0.166667
306 304 0.166667
307 304 0.166667
308 304 0.166667
301 305 0.125
302 305 0.125
303 305 0.125
304 305 0.125
306 305 0.125
307 305 0.125
308 305 0.125
309 305 0.125
302 306 0.125
303 306 0.125
304 306 0.125
305 306 0.125
307 306 0.125
308 306 0.125
309 306 0.125
310 306 0.125
306 310 0.125
307 310 0.125
308 310 0.125
309 310 0.125
311 310 0.125
312 310 0.125
313 310 0.125
314 310 0.125
307 311 0.142857
309 311 0.142857
310 311 0.142857
312 311 0.142857
313 311 0.142857
314 311 0.142857
315 311 0.142857
311 315 0.142857
312 315 0.142857
316 315 0.142857
317 315 0.142857
318 315 0.142857
319 315 0.142857
340 315 0.142857
312 378 0.125
374 378 0.125
376 378 0.125
377 378 0.125
379 378 0.125
380 378 0.125
381 378 0.125
382 378 0.125
314 318 0.125
315 318 0.125
316 318 0.125
317 318 0.125
319 318 0.125
320 318 0.125
321 318 0.125
322 318 0.125
315 340 0.125
336 340 0.125
337 340 0.125
338 340 0.125
341 340 0.125
342 340 0.125
344 340 0.125
392 340 0.125
316 320 0.125
317 320 0.125
318 320 0.125
319 320 0.125
321 320 0.125
322 320 0.125
323 320 0.125
324 320 0.125
317 321 0.125
318 321 0.125
319 321 0.125
320 321 0.125
322 321 0.125
323 321 0.125
324 321 0.125
325 321 0.125
319 323 0.125
320 323 0.125
321 323 0.125
322 323 0.125
324 323 0.125
325 323 0.125
326 323 0.125
327 323 0.125
323 327 0.142857
324 327 0.142857
325 327 0.142857
328 327 0.142857
329 327 0.142857
330 327 0.142857
331 327 0.142857
324 328 0.125
325 328 0.125
326 328 0.125
327 328 0.125
329 328 0.125
330 328 0.125
331 328 0.125
332 328 0.125
325 383 0.125
379 383 0.125
380 383 0.125
381 383 0.125
382 383 0.125
384 383 0.125
385 383 0.125
387 383 0.125
332 336 0.166667
333 336 0.166667
337 336 0.166667
338 336 0.166667
339 336 0.166667
340 336 0.166667
332 350 0.125
346 350 0.125
347 350 0.125
348 350 0.125
349 350 0.125
351 350 0.125
352 350 0.125
353 350 0.125
334 338 0.166667
336 338 0.166667
339 338 0.166667
340 338 0.166667
341 338 0.166667
342 338 0.166667
334 373 0.111111
369 373 0.111111
370 373 0.111111
371 373 0.111111
372 373 0.111111
374 373 0.111111
375 373 0.111111
376 373 0.111111
377 373 0.111111
335 367 0.1
363 367 0.1
364 367 0.1
365 367 0.1
366 367 0.1
368 367 0.1
369 367 0.1
370 367 0.1
371 367 0.1
381 367 0.1
338 342 0.111111
339 342 0.111111
340 342 0.111111
341 342 0.111111
343 342 0.111111
344 342 0.111111
345 342 0.111111
346 342 0.111111
402 342 0.111111
342 346 0.142857
343 346 0.142857
345 346 0.142857
347 346 0.142857
348 346 0.142857
349 346 0.142857
350 346 0.142857
342 402 0.125
398 402 0.125
399 402 0.125
400 402 0.125
401 402 0.125
403 402 0.125
404 402 0.125
405 402 0.125
343 347 0.125
344 347 0.125
345 347 0.125
346 347 0.125
348 347 0.125
349 347 0.125
350 347 0.125
351 347 0.125
344 348 0.142857
346 348 0.142857
347 348 0.142857
349 348 0.142857
350 348 0.142857
352 348 0.142857
403 348 0.142857
345 349 0.125
346 349 0.125
347 349 0.125
348 349 0.125
350 349 0.125
351 349 0.125
352 349 0.125
353 349 0.125
347 351 0.142857
349 351 0.142857
350 351 0.142857
352 351 0.142857
353 351 0.142857
354 351 0.142857
355 351 0.142857
348 352 0.125
349 352 0.125
350 352 0.125
351 352 0.125
353 352 0.125
354 352 0.125
355 352 0.125
356 352 0.125
351 355 0.166667
352 355 0.166667
356 355 0.166667
357 355 0.166667
358 355 0.166667
359 355 0.166667
352 356 0.125
353 356 0.125
354 356 0.125
355 356 0.125
357 356 0.125
358 356 0.125
359 356 0.125
360 356 0.125
353 357 0.125
354 357 0.125
355 357 0.125
356 357 0.125
358 357 0.125
359 357 0.125
360 357 0.125
361 357 0.125
354 358 0.125
355 358 0.125
356 358 0.125
357 358 0.125
359 358 0.125
360 358 0.125
361 358 0.125
362 358 0.125
358 362 0.125
359 362 0.125
360 362 0.125
361 362 0.125
363 362 0.125
364 362 0.125
365 362 0.125
366 362 0.125
361 363 0.166667
362 363 0.166667
364 363 0.166667
365 363 0.166667
366 363 0.166667
367 363 0.166667
361 394 0.111111
390 394 0.111111
391 394 0.111111
392 394 0.111111
393 394 0.111111
395 394 0.111111
397 394 0.111111
398 394 0.111111
425 394 0.111111
365 369 0.142857
367 369 0.142857
368 369 0.142857
370 369 0.142857
371 369 0.142857
372 369 0.142857
373 369 0.142857
366 370 0.125
367 370 0.125
368 370 0.125
369 370 0.125
371 370 0.125
372 370 0.125
373 370 0.125
374 370 0.125
367 371 0.125
368 371 0.125
369 371 0.125
370 371 0.125
372 371 0.125
373 371 0.125
374 371 0.125
375 371 0.125
370 374 0.125
371 374 0.125
372 374 0.125
373 374 0.125
375 374 0.125
376 374 0.125
377 374 0.125
378 374 0.125
373 376 0.142857
374 376 0.142857
375 376 0.142857
377 376 0.142857
378 376 0.142857
379 376 0.142857
380 376 0.142857
375 379 0.125
376 379 0.125
377 379 0.125
378 379 0.125
380 379 0.125
381 379 0.125
382 379 0.125
383 379 0.125
378 382 0.125
379 382 0.125
380 382 0.125
381 382 0.125
383 382 0.125
384 382 0.125
386 382 0.125
412 382 0.125
382 386 0.142857
384 386 0.142857
385 386 0.142857
387 386 0.142857
388 386 0.142857
389 386 0.142857
390 386 0.142857
383 385 0.2
386 385 0.2
387 385 0.2
388 385 0.2
389 385 0.2
384 388 0.142857
385 388 0.142857
386 388 0.142857
389 388 0.142857
390 388 0.142857
391 388 0.142857
392 388 0.142857
386 390 0.125
387 390 0.125
388 390 0.125
389 390 0.125
391 390 0.125
392 390 0.125
394 390 0.125
425 390 0.125
395 399 0.142857
396 399 0.142857
397 399 0.142857
400 399 0.142857
401 399 0.142857
402 399 0.142857
403 399 0.142857
396 400 0.142857
398 400 0.142857
399 400 0.142857
401 400 0.142857
402 400 0.142857
403 400 0.142857
404 400 0.142857
397 401 0.125
398 401 0.125
399 401 0.125
400 401 0.125
402 401 0.125
403 401 0.125
404 401 0.125
405 401 0.125
401 405 0.111111
402 405 0.111111
403 405 0.111111
404 405 0.111111
406 405 0.111111
407 405 0.111111
408 405 0.111111
409 405 0.111111
423 405 0.111111
403 406 0.142857
404 406 0.142857
405 406 0.142857
407 406 0.142857
408 406 0.142857
409 406 0.142857
410 406 0.142857
403 407 0.125
404 407 0.125
405 407 0.125
406 407 0.125
408 407 0.125
409 407 0.125
410 407 0.125
411 407 0.125
404 408 0.125
405 408 0.125
406 408 0.125
407 408 0.125
409 408 0.125
410 408 0.125
411 408 0.125
412 408 0.125
406 410 0.125
407 410 0.125
408 410 0.125
409 410 0.125
411 410 0.125
412 410 0.125
413 410 0.125
414 410 0.125
407 411 0.125
408 411 0.125
409 411 0.125
410 411 0.125
412 411 0.125
413 411 0.125
414 411 0.125
415 411 0.125
409 413 0.125
410 413 0.125
411 413 0.125
412 413 0.125
414 413 0.125
415 413 0.125
416 413 0.125
417 413 0.125
412 416 0.125
413 416 0.125
414 416 0.125
415 416 0.125
417 416 0.125
418 416 0.125
419 416 0.125
420 416 0.125
413 417 0.125
414 417 0.125
415 417 0.125
416 417 0.125
418 417 0.125
419 417 0.125
420 417 0.125
421 417 0.125
414 418 0.125
415 418 0.125
416 418 0.125
417 418 0.125
419 418 0.125
420 418 0.125
421 418 0.125
422 418 0.125
416 420 0.125
417 420 0.125
418 420 0.125
419 420 0.125
421 420 0.125
422 420 0.125
423 420 0.125
424 420 0.125
418 422 0.142857
420 422 0.142857
421 422 0.142857
423 422 0.142857
424 422 0.142857
425 422 0.142857
426 422 0.142857
1 0 0.125
426 0 0.125
425 0 0.125
3 0 0.125
424 0 0.125
4 0 0.125
423 0 0.125
264 0 0.125
394 393 0.25
395 393 0.25
396 393 0.25
397 393 0.25
