0 2 0.05
11 2 0.05
14 2 0.05
38 2 0.05
53 2 0.05
60 2 0.05
61 2 0.05
73 2 0.05
80 2 0.05
95 2 0.05
100 2 0.05
105 2 0.05
107 2 0.05
112 2 0.05
115 2 0.05
118 2 0.05
124 2 0.05
126 2 0.05
131 2 0.05
144 2 0.05
0 15 0.041667
5 15 0.041667
6 15 0.041667
9 15 0.041667
14 15 0.041667
17 15 0.041667
20 15 0.041667
25 15 0.041667
33 15 0.041667
34 15 0.041667
44 15 0.041667
52 15 0.041667
62 15 0.041667
64 15 0.041667
71 15 0.041667
73 15 0.041667
76 15 0.041667
90 15 0.041667
105 15 0.041667
111 15 0.041667
113 15 0.041667
123 15 0.041667
129 15 0.041667
136 15 0.041667
0 21 0.043478
11 21 0.043478
14 21 0.043478
30 21 0.043478
35 21 0.043478
36 21 0.043478
55 21 0.043478
60 21 0.043478
61 21 0.043478
71 21 0.043478
72 21 0.043478
73 21 0.043478
74 21 0.043478
89 21 0.043478
90 21 0.043478
93 21 0.043478
114 21 0.043478
116 21 0.043478
117 21 0.043478
118 21 0.043478
124 21 0.043478
132 21 0.043478
141 21 0.043478
0 30 0.043478
3 30 0.043478
5 30 0.043478
11 30 0.043478
16 30 0.043478
21 30 0.043478
22 30 0.043478
35 30 0.043478
38 30 0.043478
39 30 0.043478
54 30 0.043478
56 30 0.043478
62 30 0.043478
65 30 0.043478
80 30 0.043478
82 30 0.043478
99 30 0.043478
123 30 0.043478
130 30 0.043478
131 30 0.043478
133 30 0.043478
145 30 0.043478
146 30 0.043478
0 39 0.04
6 39 0.04
25 39 0.04
30 39 0.04
31 39 0.04
36 39 0.04
54 39 0.04
58 39 0.04
60 39 0.04
62 39 0.04
71 39 0.04
77 39 0.04
79 39 0.04
82 39 0.04
84 39 0.04
86 39 0.04
89 39 0.04
92 39 0.04
100 39 0.04
101 39 0.04
111 39 0.04
134 39 0.04
135 39 0.04
145 39 0.04
149 39 0.04
0 41 0.045455
1 41 0.045455
3 41 0.045455
4 41 0.045455
17 41 0.045455
33 41 0.045455
51 41 0.045455
52 41 0.045455
53 41 0.045455
59 41 0.045455
65 41 0.045455
74 41 0.045455
77 41 0.045455
78 41 0.045455
82 41 0.045455
86 41 0.045455
87 41 0.045455
91 41 0.045455
94 41 0.045455
105 41 0.045455
115 41 0.045455
119 41 0.045455
0 44 0.037037
6 44 0.037037
15 44 0.037037
17 44 0.037037
24 44 0.037037
32 44 0.037037
37 44 0.037037
49 44 0.037037
55 44 0.037037
58 44 0.037037
59 44 0.037037
66 44 0.037037
70 44 0.037037
78 44 0.037037
84 44 0.037037
86 44 0.037037
91 44 0.037037
92 44 0.037037
99 44 0.037037
101 44 0.037037
103 44 0.037037
105 44 0.037037
115 44 0.037037
121 44 0.037037
125 44 0.037037
138 44 0.037037
140 44 0.037037
0 64 0.034483
5 64 0.034483
8 64 0.034483
12 64 0.034483
15 64 0.034483
19 64 0.034483
23 64 0.034483
25 64 0.034483
27 64 0.034483
32 64 0.034483
37 64 0.034483
42 64 0.034483
50 64 0.034483
55 64 0.034483
60 64 0.034483
61 64 0.034483
74 64 0.034483
75 64 0.034483
76 64 0.034483
79 64 0.034483
86 64 0.034483
87 64 0.034483
98 64 0.034483
105 64 0.034483
121 64 0.034483
129 64 0.034483
139 64 0.034483
140 64 0.034483
151 64 0.034483
0 67 0.035714
1 67 0.035714
5 67 0.035714
10 67 0.035714
16 67 0.035714
19 67 0.035714
20 67 0.035714
26 67 0.035714
48 67 0.035714
62 67 0.035714
71 67 0.035714
79 67 0.035714
82 67 0.035714
84 67 0.035714
87 67 0.035714
96 67 0.035714
99 67 0.035714
103 67 0.035714
105 67 0.035714
110 67 0.035714
123 67 0.035714
132 67 0.035714
133 67 0.035714
135 67 0.035714
142 67 0.035714
144 67 0.035714
146 67 0.035714
147 67 0.035714
0 70 0.04
5 70 0.04
8 70 0.04
11 70 0.04
28 70 0.04
40 70 0.04
44 70 0.04
48 70 0.04
53 70 0.04
63 70 0.04
84 70 0.04
86 70 0.04
91 70 0.04
92 70 0.04
96 70 0.04
100 70 0.04
115 70 0.04
118 70 0.04
125 70 0.04
128 70 0.04
129 70 0.04
130 70 0.04
137 70 0.04
139 70 0.04
148 70 0.04
0 72 0.058824
1 72 0.058824
21 72 0.058824
25 72 0.058824
31 72 0.058824
33 72 0.058824
35 72 0.058824
47 72 0.058824
55 72 0.058824
61 72 0.058824
83 72 0.058824
105 72 0.058824
119 72 0.058824
120 72 0.058824
125 72 0.058824
138 72 0.058824
144 72 0.058824
0 74 0.034483
1 74 0.034483
12 74 0.034483
21 74 0.034483
22 74 0.034483
27 74 0.034483
31 74 0.034483
41 74 0.034483
42 74 0.034483
52 74 0.034483
55 74 0.034483
59 74 0.034483
62 74 0.034483
64 74 0.034483
68 74 0.034483
71 74 0.034483
73 74 0.034483
81 74 0.034483
89 74 0.034483
95 74 0.034483
102 74 0.034483
115 74 0.034483
117 74 0.034483
119 74 0.034483
120 74 0.034483
127 74 0.034483
129 74 0.034483
140 74 0.034483
142 74 0.034483
0 75 0.058824
8 75 0.058824
13 75 0.058824
22 75 0.058824
24 75 0.058824
46 75 0.058824
62 75 0.058824
64 75 0.058824
77 75 0.058824
85 75 0.058824
96 75 0.058824
104 75 0.058824
114 75 0.058824
125 75 0.058824
128 75 0.058824
137 75 0.058824
140 75 0.058824
0 80 0.03125
2 80 0.03125
4 80 0.03125
7 80 0.03125
8 80 0.03125
10 80 0.03125
12 80 0.03125
18 80 0.03125
23 80 0.03125
28 80 0.03125
29 80 0.03125
30 80 0.03125
32 80 0.03125
35 80 0.03125
40 80 0.03125
48 80 0.03125
54 80 0.03125
66 80 0.03125
73 80 0.03125
78 80 0.03125
85 80 0.03125
95 80 0.03125
100 80 0.03125
116 80 0.03125
121 80 0.03125
128 80 0.03125
129 80 0.03125
132 80 0.03125
143 80 0.03125
144 80 0.03125
148 80 0.03125
149 80 0.03125
0 96 0.052632
1 96 0.052632
11 96 0.052632
19 96 0.052632
34 96 0.052632
40 96 0.052632
49 96 0.052632
67 96 0.052632
70 96 0.052632
75 96 0.052632
101 96 0.052632
106 96 0.052632
107 96 0.052632
130 96 0.052632
136 96 0.052632
140 96 0.052632
142 96 0.052632
148 96 0.052632
151 96 0.052632
0 100 0.043478
2 100 0.043478
10 100 0.043478
23 100 0.043478
24 100 0.043478
26 100 0.043478
39 100 0.043478
48 100 0.043478
52 100 0.043478
53 100 0.043478
59 100 0.043478
69 100 0.043478
70 100 0.043478
79 100 0.043478
80 100 0.043478
88 100 0.043478
89 100 0.043478
107 100 0.043478
113 100 0.043478
118 100 0.043478
120 100 0.043478
140 100 0.043478
148 100 0.043478
0 103 0.076923
20 103 0.076923
24 103 0.076923
44 103 0.076923
50 103 0.076923
67 103 0.076923
68 103 0.076923
69 103 0.076923
82 103 0.076923
90 103 0.076923
106 103 0.076923
121 103 0.076923
134 103 0.076923
0 107 0.03125
1 107 0.03125
2 107 0.03125
4 107 0.03125
7 107 0.03125
9 107 0.03125
16 107 0.03125
18 107 0.03125
24 107 0.03125
27 107 0.03125
37 107 0.03125
43 107 0.03125
47 107 0.03125
50 107 0.03125
51 107 0.03125
54 107 0.03125
60 107 0.03125
63 107 0.03125
65 107 0.03125
79 107 0.03125
88 107 0.03125
91 107 0.03125
94 107 0.03125
96 107 0.03125
100 107 0.03125
118 107 0.03125
119 107 0.03125
124 107 0.03125
128 107 0.03125
131 107 0.03125
135 107 0.03125
136 107 0.03125
0 114 0.041667
18 114 0.041667
21 114 0.041667
25 114 0.041667
26 114 0.041667
29 114 0.041667
33 114 0.041667
45 114 0.041667
55 114 0.041667
58 114 0.041667
63 114 0.041667
75 114 0.041667
83 114 0.041667
97 114 0.041667
102 114 0.041667
105 114 0.041667
116 114 0.041667
117 114 0.041667
120 114 0.041667
134 114 0.041667
135 114 0.041667
136 114 0.041667
143 114 0.041667
144 114 0.041667
0 115 0.038462
2 115 0.038462
6 115 0.038462
14 115 0.038462
16 115 0.038462
23 115 0.038462
24 115 0.038462
41 115 0.038462
44 115 0.038462
51 115 0.038462
54 115 0.038462
56 115 0.038462
62 115 0.038462
63 115 0.038462
70 115 0.038462
74 115 0.038462
77 115 0.038462
78 115 0.038462
85 115 0.038462
105 115 0.038462
110 115 0.038462
116 115 0.038462
121 115 0.038462
131 115 0.038462
146 115 0.038462
151 115 0.038462
0 117 0.043478
4 117 0.043478
14 117 0.043478
21 117 0.043478
23 117 0.043478
28 117 0.043478
33 117 0.043478
40 117 0.043478
43 117 0.043478
53 117 0.043478
68 117 0.043478
69 117 0.043478
74 117 0.043478
79 117 0.043478
81 117 0.043478
84 117 0.043478
85 117 0.043478
97 117 0.043478
101 117 0.043478
104 117 0.043478
113 117 0.043478
114 117 0.043478
129 117 0.043478
0 118 0.045455
2 118 0.045455
8 118 0.045455
10 118 0.045455
16 118 0.045455
21 118 0.045455
28 118 0.045455
43 118 0.045455
51 118 0.045455
54 118 0.045455
70 118 0.045455
76 118 0.045455
87 118 0.045455
100 118 0.045455
107 118 0.045455
108 118 0.045455
110 118 0.045455
111 118 0.045455
124 118 0.045455
131 118 0.045455
138 118 0.045455
147 118 0.045455
0 119 0.034483
1 119 0.034483
9 119 0.034483
14 119 0.034483
16 119 0.034483
17 119 0.034483
22 119 0.034483
23 119 0.034483
25 119 0.034483
29 119 0.034483
33 119 0.034483
41 119 0.034483
48 119 0.034483
55 119 0.034483
56 119 0.034483
59 119 0.034483
60 119 0.034483
66 119 0.034483
72 119 0.034483
74 119 0.034483
76 119 0.034483
78 119 0.034483
79 119 0.034483
85 119 0.034483
86 119 0.034483
107 119 0.034483
109 119 0.034483
147 119 0.034483
151 119 0.034483
0 123 0.035714
3 123 0.035714
6 123 0.035714
7 123 0.035714
8 123 0.035714
15 123 0.035714
17 123 0.035714
20 123 0.035714
24 123 0.035714
30 123 0.035714
34 123 0.035714
38 123 0.035714
42 123 0.035714
49 123 0.035714
62 123 0.035714
63 123 0.035714
67 123 0.035714
76 123 0.035714
78 123 0.035714
79 123 0.035714
108 123 0.035714
122 123 0.035714
127 123 0.035714
128 123 0.035714
141 123 0.035714
143 123 0.035714
149 123 0.035714
150 123 0.035714
0 127 0.043478
5 127 0.043478
11 127 0.043478
18 127 0.043478
28 127 0.043478
37 127 0.043478
54 127 0.043478
55 127 0.043478
59 127 0.043478
69 127 0.043478
74 127 0.043478
76 127 0.043478
88 127 0.043478
104 127 0.043478
110 127 0.043478
116 127 0.043478
122 127 0.043478
123 127 0.043478
126 127 0.043478
133 127 0.043478
141 127 0.043478
150 127 0.043478
151 127 0.043478
0 128 0.037037
3 128 0.037037
4 128 0.037037
19 128 0.037037
20 128 0.037037
25 128 0.037037
26 128 0.037037
33 128 0.037037
46 128 0.037037
47 128 0.037037
50 128 0.037037
62 128 0.037037
69 128 0.037037
70 128 0.037037
73 128 0.037037
75 128 0.037037
80 128 0.037037
81 128 0.037037
86 128 0.037037
87 128 0.037037
97 128 0.037037
98 128 0.037037
107 128 0.037037
111 128 0.037037
123 128 0.037037
129 128 0.037037
135 128 0.037037
0 141 0.043478
21 141 0.043478
29 141 0.043478
31 141 0.043478
32 141 0.043478
35 141 0.043478
43 141 0.043478
48 141 0.043478
49 141 0.043478
57 141 0.043478
59 141 0.043478
71 141 0.043478
78 141 0.043478
82 141 0.043478
87 141 0.043478
121 141 0.043478
122 141 0.043478
123 141 0.043478
127 141 0.043478
133 141 0.043478
138 141 0.043478
140 141 0.043478
148 141 0.043478
0 144 0.052632
2 144 0.052632
5 144 0.052632
9 144 0.052632
12 144 0.052632
17 144 0.052632
22 144 0.052632
26 144 0.052632
51 144 0.052632
67 144 0.052632
72 144 0.052632
80 144 0.052632
88 144 0.052632
99 144 0.052632
111 144 0.052632
114 144 0.052632
121 144 0.052632
130 144 0.052632
137 144 0.052632
0 150 0.058824
8 150 0.058824
22 150 0.058824
32 150 0.058824
50 150 0.058824
55 150 0.058824
58 150 0.058824
62 150 0.058824
79 150 0.058824
81 150 0.058824
91 150 0.058824
113 150 0.058824
123 150 0.058824
127 150 0.058824
132 150 0.058824
135 150 0.058824
138 150 0.058824
0 151 0.0625
3 151 0.0625
14 151 0.0625
64 151 0.0625
69 151 0.0625
79 151 0.0625
81 151 0.0625
87 151 0.0625
96 151 0.0625
108 151 0.0625
111 151 0.0625
115 151 0.0625
119 151 0.0625
125 151 0.0625
127 151 0.0625
145 151 0.0625
1 46 0.047619
6 46 0.047619
18 46 0.047619
23 46 0.047619
31 46 0.047619
33 46 0.047619
40 46 0.047619
49 46 0.047619
66 46 0.047619
68 46 0.047619
75 46 0.047619
87 46 0.047619
89 46 0.047619
93 46 0.047619
98 46 0.047619
101 46 0.047619
109 46 0.047619
125 46 0.047619
128 46 0.047619
132 46 0.047619
138 46 0.047619
1 50 0.043478
19 50 0.043478
20 50 0.043478
27 50 0.043478
34 50 0.043478
45 50 0.043478
57 50 0.043478
60 50 0.043478
64 50 0.043478
66 50 0.043478
76 50 0.043478
81 50 0.043478
86 50 0.043478
97 50 0.043478
103 50 0.043478
107 50 0.043478
128 50 0.043478
129 50 0.043478
134 50 0.043478
145 50 0.043478
146 50 0.043478
147 50 0.043478
150 50 0.043478
1 53 0.043478
2 53 0.043478
3 53 0.043478
6 53 0.043478
10 53 0.043478
12 53 0.043478
17 53 0.043478
20 53 0.043478
25 53 0.043478
29 53 0.043478
34 53 0.043478
41 53 0.043478
47 53 0.043478
68 53 0.043478
70 53 0.043478
86 53 0.043478
91 53 0.043478
100 53 0.043478
117 53 0.043478
121 53 0.043478
124 53 0.043478
129 53 0.043478
147 53 0.043478
1 62 0.041667
3 62 0.041667
11 62 0.041667
14 62 0.041667
15 62 0.041667
30 62 0.041667
32 62 0.041667
38 62 0.041667
39 62 0.041667
55 62 0.041667
65 62 0.041667
67 62 0.041667
69 62 0.041667
74 62 0.041667
75 62 0.041667
86 62 0.041667
91 62 0.041667
106 62 0.041667
115 62 0.041667
123 62 0.041667
128 62 0.041667
132 62 0.041667
137 62 0.041667
150 62 0.041667
1 66 0.047619
6 66 0.047619
12 66 0.047619
20 66 0.047619
28 66 0.047619
29 66 0.047619
40 66 0.047619
44 66 0.047619
46 66 0.047619
50 66 0.047619
60 66 0.047619
79 66 0.047619
80 66 0.047619
93 66 0.047619
97 66 0.047619
99 66 0.047619
108 66 0.047619
119 66 0.047619
131 66 0.047619
132 66 0.047619
135 66 0.047619
1 73 0.047619
2 73 0.047619
15 73 0.047619
20 73 0.047619
21 73 0.047619
26 73 0.047619
29 73 0.047619
38 73 0.047619
42 73 0.047619
43 73 0.047619
45 73 0.047619
54 73 0.047619
56 73 0.047619
74 73 0.047619
80 73 0.047619
128 73 0.047619
129 73 0.047619
133 73 0.047619
134 73 0.047619
135 73 0.047619
147 73 0.047619
1 78 0.041667
9 78 0.041667
11 78 0.041667
13 78 0.041667
26 78 0.041667
33 78 0.041667
36 78 0.041667
38 78 0.041667
41 78 0.041667
44 78 0.041667
45 78 0.041667
57 78 0.041667
80 78 0.041667
98 78 0.041667
113 78 0.041667
115 78 0.041667
119 78 0.041667
120 78 0.041667
123 78 0.041667
132 78 0.041667
138 78 0.041667
141 78 0.041667
143 78 0.041667
147 78 0.041667
1 84 0.045455
13 84 0.045455
20 84 0.045455
31 84 0.045455
32 84 0.045455
33 84 0.045455
39 84 0.045455
44 84 0.045455
48 84 0.045455
52 84 0.045455
57 84 0.045455
67 84 0.045455
70 84 0.045455
85 84 0.045455
88 84 0.045455
110 84 0.045455
117 84 0.045455
121 84 0.045455
122 84 0.045455
126 84 0.045455
132 84 0.045455
140 84 0.045455
1 87 0.04
4 87 0.04
6 87 0.04
7 87 0.04
20 87 0.04
24 87 0.04
28 87 0.04
33 87 0.04
41 87 0.04
46 87 0.04
54 87 0.04
60 87 0.04
64 87 0.04
65 87 0.04
67 87 0.04
86 87 0.04
92 87 0.04
102 87 0.04
118 87 0.04
128 87 0.04
130 87 0.04
133 87 0.04
135 87 0.04
141 87 0.04
151 87 0.04
1 98 0.058824
3 98 0.058824
5 98 0.058824
7 98 0.058824
18 98 0.058824
46 98 0.058824
56 98 0.058824
57 98 0.058824
64 98 0.058824
76 98 0.058824
78 98 0.058824
93 98 0.058824
111 98 0.058824
124 98 0.058824
128 98 0.058824
137 98 0.058824
140 98 0.058824
1 121 0.033333
8 121 0.033333
14 121 0.033333
26 121 0.033333
33 121 0.033333
35 121 0.033333
37 121 0.033333
44 121 0.033333
51 121 0.033333
53 121 0.033333
54 121 0.033333
60 121 0.033333
64 121 0.033333
69 121 0.033333
71 121 0.033333
80 121 0.033333
81 121 0.033333
83 121 0.033333
84 121 0.033333
90 121 0.033333
91 121 0.033333
101 121 0.033333
103 121 0.033333
115 121 0.033333
116 121 0.033333
130 121 0.033333
131 121 0.033333
141 121 0.033333
143 121 0.033333
144 121 0.033333
2 11 0.041667
4 11 0.041667
5 11 0.041667
17 11 0.041667
18 11 0.041667
20 11 0.041667
21 11 0.041667
28 11 0.041667
30 11 0.041667
33 11 0.041667
35 11 0.041667
54 11 0.041667
62 11 0.041667
70 11 0.041667
78 11 0.041667
86 11 0.041667
96 11 0.041667
102 11 0.041667
105 11 0.041667
112 11 0.041667
124 11 0.041667
127 11 0.041667
133 11 0.041667
148 11 0.041667
2 14 0.052632
4 14 0.052632
7 14 0.052632
13 14 0.052632
15 14 0.052632
21 14 0.052632
56 14 0.052632
62 14 0.052632
69 14 0.052632
88 14 0.052632
90 14 0.052632
97 14 0.052632
115 14 0.052632
117 14 0.052632
119 14 0.052632
121 14 0.052632
131 14 0.052632
149 14 0.052632
151 14 0.052632
2 38 0.043478
20 38 0.043478
30 38 0.043478
34 38 0.043478
40 38 0.043478
48 38 0.043478
49 38 0.043478
62 38 0.043478
63 38 0.043478
73 38 0.043478
78 38 0.043478
91 38 0.043478
99 38 0.043478
101 38 0.043478
102 38 0.043478
109 38 0.043478
123 38 0.043478
124 38 0.043478
133 38 0.043478
135 38 0.043478
137 38 0.043478
138 38 0.043478
139 38 0.043478
2 60 0.04
21 60 0.04
25 60 0.04
26 60 0.04
29 60 0.04
31 60 0.04
35 60 0.04
39 60 0.04
43 60 0.04
50 60 0.04
56 60 0.04
64 60 0.04
66 60 0.04
69 60 0.04
82 60 0.04
87 60 0.04
90 60 0.04
95 60 0.04
97 60 0.04
107 60 0.04
119 60 0.04
120 60 0.04
121 60 0.04
124 60 0.04
133 60 0.04
2 61 0.076923
21 61 0.076923
64 61 0.076923
72 61 0.076923
81 61 0.076923
86 61 0.076923
101 61 0.076923
104 61 0.076923
108 61 0.076923
122 61 0.076923
131 61 0.076923
137 61 0.076923
140 61 0.076923
2 95 0.047619
20 95 0.047619
23 95 0.047619
37 95 0.047619
40 95 0.047619
56 95 0.047619
60 95 0.047619
65 95 0.047619
74 95 0.047619
80 95 0.047619
86 95 0.047619
89 95 0.047619
92 95 0.047619
97 95 0.047619
99 95 0.047619
105 95 0.047619
122 95 0.047619
137 95 0.047619
140 95 0.047619
142 95 0.047619
148 95 0.047619
2 105 0.047619
10 105 0.047619
11 105 0.047619
15 105 0.047619
27 105 0.047619
41 105 0.047619
44 105 0.047619
55 105 0.047619
64 105 0.047619
67 105 0.047619
72 105 0.047619
86 105 0.047619
89 105 0.047619
91 105 0.047619
95 105 0.047619
104 105 0.047619
114 105 0.047619
115 105 0.047619
120 105 0.047619
133 105 0.047619
138 105 0.047619
2 112 0.05
3 112 0.05
4 112 0.05
5 112 0.05
6 112 0.05
8 112 0.05
11 112 0.05
16 112 0.05
35 112 0.05
42 112 0.05
52 112 0.05
58 112 0.05
79 112 0.05
89 112 0.05
94 112 0.05
97 112 0.05
102 112 0.05
131 112 0.05
136 112 0.05
140 112 0.05
2 124 0.033333
3 124 0.033333
11 124 0.033333
20 124 0.033333
21 124 0.033333
24 124 0.033333
26 124 0.033333
28 124 0.033333
38 124 0.033333
45 124 0.033333
47 124 0.033333
51 124 0.033333
53 124 0.033333
54 124 0.033333
58 124 0.033333
60 124 0.033333
77 124 0.033333
85 124 0.033333
86 124 0.033333
93 124 0.033333
98 124 0.033333
104 124 0.033333
107 124 0.033333
118 124 0.033333
126 124 0.033333
129 124 0.033333
140 124 0.033333
143 124 0.033333
147 124 0.033333
148 124 0.033333
2 126 0.05
5 126 0.05
6 126 0.05
22 126 0.05
29 126 0.05
34 126 0.05
49 126 0.05
55 126 0.05
84 126 0.05
88 126 0.05
90 126 0.05
101 126 0.05
102 126 0.05
124 126 0.05
127 126 0.05
132 126 0.05
137 126 0.05
140 126 0.05
142 126 0.05
149 126 0.05
2 131 0.055556
14 131 0.055556
23 131 0.055556
30 131 0.055556
49 131 0.055556
61 131 0.055556
65 131 0.055556
66 131 0.055556
71 131 0.055556
79 131 0.055556
107 131 0.055556
112 131 0.055556
115 131 0.055556
118 131 0.055556
121 131 0.055556
125 131 0.055556
137 131 0.055556
140 131 0.055556
3 9 0.037037
4 9 0.037037
5 9 0.037037
7 9 0.037037
8 9 0.037037
15 9 0.037037
18 9 0.037037
20 9 0.037037
26 9 0.037037
28 9 0.037037
37 9 0.037037
52 9 0.037037
59 9 0.037037
77 9 0.037037
78 9 0.037037
81 9 0.037037
107 9 0.037037
108 9 0.037037
109 9 0.037037
119 9 0.037037
120 9 0.037037
132 9 0.037037
139 9 0.037037
140 9 0.037037
144 9 0.037037
145 9 0.037037
147 9 0.037037
3 10 0.04
16 10 0.04
26 10 0.04
31 10 0.04
34 10 0.04
37 10 0.04
53 10 0.04
67 10 0.04
69 10 0.04
80 10 0.04
85 10 0.04
90 10 0.04
97 10 0.04
99 10 0.04
100 10 0.04
102 10 0.04
105 10 0.04
109 10 0.04
113 10 0.04
118 10 0.04
130 10 0.04
135 10 0.04
136 10 0.04
145 10 0.04
147 10 0.04
3 25 0.033333
7 25 0.033333
8 25 0.033333
13 25 0.033333
15 25 0.033333
17 25 0.033333
29 25 0.033333
31 25 0.033333
34 25 0.033333
37 25 0.033333
39 25 0.033333
45 25 0.033333
53 25 0.033333
57 25 0.033333
58 25 0.033333
60 25 0.033333
64 25 0.033333
71 25 0.033333
72 25 0.033333
82 25 0.033333
97 25 0.033333
106 25 0.033333
114 25 0.033333
116 25 0.033333
119 25 0.033333
128 25 0.033333
134 25 0.033333
137 25 0.033333
142 25 0.033333
143 25 0.033333
3 42 0.0625
12 42 0.0625
18 42 0.0625
26 42 0.0625
34 42 0.0625
54 42 0.0625
64 42 0.0625
73 42 0.0625
74 42 0.0625
86 42 0.0625
111 42 0.0625
112 42 0.0625
122 42 0.0625
123 42 0.0625
146 42 0.0625
147 42 0.0625
3 51 0.052632
13 51 0.052632
33 51 0.052632
34 51 0.052632
40 51 0.052632
41 51 0.052632
59 51 0.052632
88 51 0.052632
91 51 0.052632
93 51 0.052632
102 51 0.052632
107 51 0.052632
115 51 0.052632
118 51 0.052632
121 51 0.052632
124 51 0.052632
130 51 0.052632
139 51 0.052632
144 51 0.052632
3 57 0.066667
13 57 0.066667
16 57 0.066667
25 57 0.066667
26 57 0.066667
50 57 0.066667
54 57 0.066667
78 57 0.066667
81 57 0.066667
84 57 0.066667
98 57 0.066667
110 57 0.066667
116 57 0.066667
129 57 0.066667
141 57 0.066667
3 65 0.04
13 65 0.04
24 65 0.04
28 65 0.04
30 65 0.04
32 65 0.04
36 65 0.04
41 65 0.04
43 65 0.04
48 65 0.04
59 65 0.04
62 65 0.04
86 65 0.04
87 65 0.04
93 65 0.04
95 65 0.04
107 65 0.04
131 65 0.04
132 65 0.04
135 65 0.04
140 65 0.04
142 65 0.04
143 65 0.04
145 65 0.04
147 65 0.04
3 76 0.052632
15 76 0.052632
23 76 0.052632
50 76 0.052632
54 76 0.052632
64 76 0.052632
71 76 0.052632
77 76 0.052632
79 76 0.052632
89 76 0.052632
92 76 0.052632
98 76 0.052632
118 76 0.052632
119 76 0.052632
123 76 0.052632
125 76 0.052632
127 76 0.052632
136 76 0.052632
148 76 0.052632
3 86 0.032258
11 86 0.032258
22 86 0.032258
27 86 0.032258
28 86 0.032258
39 86 0.032258
41 86 0.032258
42 86 0.032258
44 86 0.032258
50 86 0.032258
52 86 0.032258
53 86 0.032258
61 86 0.032258
62 86 0.032258
64 86 0.032258
65 86 0.032258
70 86 0.032258
83 86 0.032258
87 86 0.032258
95 86 0.032258
104 86 0.032258
105 86 0.032258
109 86 0.032258
119 86 0.032258
124 86 0.032258
128 86 0.032258
129 86 0.032258
135 86 0.032258
139 86 0.032258
145 86 0.032258
146 86 0.032258
3 106 0.058824
5 106 0.058824
18 106 0.058824
25 106 0.058824
43 106 0.058824
62 106 0.058824
77 106 0.058824
79 106 0.058824
88 106 0.058824
89 106 0.058824
96 106 0.058824
102 106 0.058824
103 106 0.058824
111 106 0.058824
113 106 0.058824
139 106 0.058824
147 106 0.058824
3 120 0.045455
5 120 0.045455
6 120 0.045455
9 120 0.045455
18 120 0.045455
27 120 0.045455
29 120 0.045455
58 120 0.045455
60 120 0.045455
72 120 0.045455
74 120 0.045455
78 120 0.045455
88 120 0.045455
100 120 0.045455
105 120 0.045455
109 120 0.045455
111 120 0.045455
114 120 0.045455
137 120 0.045455
142 120 0.045455
143 120 0.045455
146 120 0.045455
3 129 0.041667
15 129 0.041667
20 129 0.041667
23 129 0.041667
24 129 0.041667
37 129 0.041667
50 129 0.041667
53 129 0.041667
57 129 0.041667
58 129 0.041667
63 129 0.041667
64 129 0.041667
70 129 0.041667
73 129 0.041667
74 129 0.041667
80 129 0.041667
86 129 0.041667
88 129 0.041667
89 129 0.041667
97 129 0.041667
117 129 0.041667
124 129 0.041667
128 129 0.041667
132 129 0.041667
3 139 0.035714
9 139 0.035714
33 139 0.035714
38 139 0.035714
47 139 0.035714
49 139 0.035714
51 139 0.035714
52 139 0.035714
55 139 0.035714
56 139 0.035714
59 139 0.035714
64 139 0.035714
68 139 0.035714
70 139 0.035714
79 139 0.035714
81 139 0.035714
83 139 0.035714
86 139 0.035714
92 139 0.035714
93 139 0.035714
106 139 0.035714
109 139 0.035714
113 139 0.035714
116 139 0.035714
130 139 0.035714
137 139 0.035714
138 139 0.035714
145 139 0.035714
3 145 0.043478
5 145 0.043478
9 145 0.043478
10 145 0.043478
16 145 0.043478
24 145 0.043478
28 145 0.043478
29 145 0.043478
30 145 0.043478
39 145 0.043478
49 145 0.043478
50 145 0.043478
65 145 0.043478
68 145 0.043478
77 145 0.043478
82 145 0.043478
85 145 0.043478
86 145 0.043478
102 145 0.043478
125 145 0.043478
136 145 0.043478
139 145 0.043478
151 145 0.043478
3 148 0.045455
11 148 0.045455
19 148 0.045455
28 148 0.045455
48 148 0.045455
55 148 0.045455
70 148 0.045455
76 148 0.045455
80 148 0.045455
82 148 0.045455
92 148 0.045455
95 148 0.045455
96 148 0.045455
99 148 0.045455
100 148 0.045455
102 148 0.045455
111 148 0.045455
124 148 0.045455
132 148 0.045455
141 148 0.045455
142 148 0.045455
143 148 0.045455
3 149 0.045455
14 149 0.045455
19 149 0.045455
20 149 0.045455
22 149 0.045455
31 149 0.045455
36 149 0.045455
39 149 0.045455
47 149 0.045455
48 149 0.045455
80 149 0.045455
81 149 0.045455
82 149 0.045455
89 149 0.045455
99 149 0.045455
116 149 0.045455
123 149 0.045455
126 149 0.045455
130 149 0.045455
135 149 0.045455
137 149 0.045455
146 149 0.045455
4 6 0.041667
7 6 0.041667
13 6 0.041667
15 6 0.041667
16 6 0.041667
17 6 0.041667
26 6 0.041667
31 6 0.041667
34 6 0.041667
39 6 0.041667
44 6 0.041667
46 6 0.041667
53 6 0.041667
59 6 0.041667
66 6 0.041667
87 6 0.041667
112 6 0.041667
115 6 0.041667
120 6 0.041667
123 6 0.041667
125 6 0.041667
126 6 0.041667
136 6 0.041667
147 6 0.041667
4 22 0.047619
7 22 0.047619
16 22 0.047619
18 22 0.047619
30 22 0.047619
63 22 0.047619
68 22 0.047619
74 22 0.047619
75 22 0.047619
85 22 0.047619
86 22 0.047619
94 22 0.047619
99 22 0.047619
119 22 0.047619
122 22 0.047619
126 22 0.047619
134 22 0.047619
138 22 0.047619
144 22 0.047619
149 22 0.047619
150 22 0.047619
4 24 0.043478
7 24 0.043478
37 24 0.043478
44 24 0.043478
48 24 0.043478
49 24 0.043478
52 24 0.043478
58 24 0.043478
65 24 0.043478
75 24 0.043478
77 24 0.043478
82 24 0.043478
87 24 0.043478
99 24 0.043478
100 24 0.043478
103 24 0.043478
107 24 0.043478
115 24 0.043478
123 24 0.043478
124 24 0.043478
129 24 0.043478
145 24 0.043478
147 24 0.043478
4 29 0.034483
19 29 0.034483
23 29 0.034483
25 29 0.034483
26 29 0.034483
36 29 0.034483
45 29 0.034483
47 29 0.034483
53 29 0.034483
59 29 0.034483
60 29 0.034483
66 29 0.034483
73 29 0.034483
80 29 0.034483
82 29 0.034483
93 29 0.034483
102 29 0.034483
104 29 0.034483
110 29 0.034483
114 29 0.034483
119 29 0.034483
120 29 0.034483
122 29 0.034483
126 29 0.034483
130 29 0.034483
132 29 0.034483
137 29 0.034483
141 29 0.034483
145 29 0.034483
4 34 0.04
6 34 0.04
10 34 0.04
15 34 0.04
16 34 0.04
18 34 0.04
25 34 0.04
26 34 0.04
38 34 0.04
40 34 0.04
42 34 0.04
50 34 0.04
51 34 0.04
53 34 0.04
55 34 0.04
71 34 0.04
77 34 0.04
81 34 0.04
92 34 0.04
96 34 0.04
123 34 0.04
126 34 0.04
137 34 0.04
138 34 0.04
142 34 0.04
4 35 0.047619
11 35 0.047619
13 35 0.047619
21 35 0.047619
26 35 0.047619
30 35 0.047619
49 35 0.047619
54 35 0.047619
55 35 0.047619
60 35 0.047619
72 35 0.047619
80 35 0.047619
85 35 0.047619
90 35 0.047619
94 35 0.047619
112 35 0.047619
121 35 0.047619
125 35 0.047619
134 35 0.047619
140 35 0.047619
141 35 0.047619
4 56 0.045455
5 56 0.045455
7 56 0.045455
14 56 0.045455
19 56 0.045455
30 56 0.045455
36 56 0.045455
40 56 0.045455
45 56 0.045455
52 56 0.045455
55 56 0.045455
60 56 0.045455
73 56 0.045455
83 56 0.045455
95 56 0.045455
98 56 0.045455
109 56 0.045455
115 56 0.045455
119 56 0.045455
135 56 0.045455
139 56 0.045455
143 56 0.045455
4 69 0.03125
5 69 0.03125
7 69 0.03125
8 69 0.03125
10 69 0.03125
14 69 0.03125
28 69 0.03125
40 69 0.03125
47 69 0.03125
60 69 0.03125
62 69 0.03125
71 69 0.03125
79 69 0.03125
83 69 0.03125
90 69 0.03125
91 69 0.03125
93 69 0.03125
97 69 0.03125
100 69 0.03125
102 69 0.03125
103 69 0.03125
108 69 0.03125
110 69 0.03125
111 69 0.03125
116 69 0.03125
117 69 0.03125
121 69 0.03125
125 69 0.03125
127 69 0.03125
128 69 0.03125
143 69 0.03125
151 69 0.03125
4 89 0.038462
12 89 0.038462
21 89 0.038462
27 89 0.038462
36 89 0.038462
39 89 0.038462
46 89 0.038462
48 89 0.038462
54 89 0.038462
68 89 0.038462
74 89 0.038462
76 89 0.038462
85 89 0.038462
88 89 0.038462
91 89 0.038462
92 89 0.038462
95 89 0.038462
100 89 0.038462
105 89 0.038462
106 89 0.038462
108 89 0.038462
110 89 0.038462
112 89 0.038462
129 89 0.038462
146 89 0.038462
149 89 0.038462
4 93 0.0625
21 93 0.0625
29 93 0.0625
40 93 0.0625
46 93 0.0625
51 93 0.0625
65 93 0.0625
66 93 0.0625
69 93 0.0625
98 93 0.0625
110 93 0.0625
116 93 0.0625
122 93 0.0625
124 93 0.0625
139 93 0.0625
147 93 0.0625
4 94 0.0625
22 94 0.0625
26 94 0.0625
27 94 0.0625
28 94 0.0625
35 94 0.0625
41 94 0.0625
47 94 0.0625
49 94 0.0625
52 94 0.0625
79 94 0.0625
102 94 0.0625
107 94 0.0625
112 94 0.0625
122 94 0.0625
134 94 0.0625
4 104 0.052632
17 104 0.052632
20 104 0.052632
26 104 0.052632
29 104 0.052632
37 104 0.052632
61 104 0.052632
71 104 0.052632
75 104 0.052632
82 104 0.052632
83 104 0.052632
86 104 0.052632
90 104 0.052632
105 104 0.052632
117 104 0.052632
122 104 0.052632
124 104 0.052632
127 104 0.052632
135 104 0.052632
4 110 0.058824
7 110 0.058824
13 110 0.058824
19 110 0.058824
27 110 0.058824
29 110 0.058824
32 110 0.058824
49 110 0.058824
57 110 0.058824
67 110 0.058824
69 110 0.058824
84 110 0.058824
89 110 0.058824
93 110 0.058824
115 110 0.058824
118 110 0.058824
127 110 0.058824
4 125 0.047619
6 125 0.047619
17 125 0.047619
20 125 0.047619
33 125 0.047619
35 125 0.047619
44 125 0.047619
46 125 0.047619
69 125 0.047619
70 125 0.047619
72 125 0.047619
75 125 0.047619
76 125 0.047619
77 125 0.047619
79 125 0.047619
82 125 0.047619
92 125 0.047619
131 125 0.047619
133 125 0.047619
145 125 0.047619
151 125 0.047619
5 8 0.052632
9 8 0.052632
25 8 0.052632
43 8 0.052632
58 8 0.052632
59 8 0.052632
64 8 0.052632
69 8 0.052632
70 8 0.052632
71 8 0.052632
75 8 0.052632
80 8 0.052632
112 8 0.052632
113 8 0.052632
118 8 0.052632
121 8 0.052632
123 8 0.052632
136 8 0.052632
150 8 0.052632
5 17 0.055556
6 17 0.055556
11 17 0.055556
15 17 0.055556
23 17 0.055556
25 17 0.055556
41 17 0.055556
44 17 0.055556
53 17 0.055556
54 17 0.055556
58 17 0.055556
104 17 0.055556
119 17 0.055556
123 17 0.055556
125 17 0.055556
143 17 0.055556
144 17 0.055556
147 17 0.055556
5 23 0.043478
17 23 0.043478
19 23 0.043478
29 23 0.043478
33 23 0.043478
46 23 0.043478
64 23 0.043478
71 23 0.043478
76 23 0.043478
77 23 0.043478
80 23 0.043478
91 23 0.043478
95 23 0.043478
97 23 0.043478
100 23 0.043478
115 23 0.043478
117 23 0.043478
119 23 0.043478
129 23 0.043478
130 23 0.043478
131 23 0.043478
136 23 0.043478
143 23 0.043478
5 26 0.032258
6 26 0.032258
9 26 0.032258
10 26 0.032258
29 26 0.032258
32 26 0.032258
33 26 0.032258
34 26 0.032258
35 26 0.032258
40 26 0.032258
42 26 0.032258
43 26 0.032258
48 26 0.032258
57 26 0.032258
60 26 0.032258
67 26 0.032258
73 26 0.032258
78 26 0.032258
88 26 0.032258
94 26 0.032258
100 26 0.032258
102 26 0.032258
104 26 0.032258
114 26 0.032258
116 26 0.032258
121 26 0.032258
124 26 0.032258
128 26 0.032258
134 26 0.032258
136 26 0.032258
144 26 0.032258
5 43 0.043478
8 43 0.043478
20 43 0.043478
26 43 0.043478
55 43 0.043478
59 43 0.043478
60 43 0.043478
65 43 0.043478
73 43 0.043478
81 43 0.043478
83 43 0.043478
85 43 0.043478
99 43 0.043478
101 43 0.043478
106 43 0.043478
107 43 0.043478
117 43 0.043478
118 43 0.043478
133 43 0.043478
140 43 0.043478
141 43 0.043478
143 43 0.043478
147 43 0.043478
5 45 0.071429
25 45 0.071429
28 45 0.071429
29 45 0.071429
32 45 0.071429
50 45 0.071429
56 45 0.071429
73 45 0.071429
78 45 0.071429
79 45 0.071429
88 45 0.071429
91 45 0.071429
114 45 0.071429
124 45 0.071429
5 47 0.037037
18 47 0.037037
19 47 0.037037
28 47 0.037037
29 47 0.037037
33 47 0.037037
40 47 0.037037
48 47 0.037037
53 47 0.037037
68 47 0.037037
69 47 0.037037
72 47 0.037037
77 47 0.037037
79 47 0.037037
92 47 0.037037
94 47 0.037037
101 47 0.037037
102 47 0.037037
107 47 0.037037
111 47 0.037037
124 47 0.037037
128 47 0.037037
132 47 0.037037
136 47 0.037037
139 47 0.037037
146 47 0.037037
149 47 0.037037
5 88 0.04
14 88 0.04
18 88 0.04
26 88 0.04
45 88 0.04
48 88 0.04
51 88 0.04
52 88 0.04
58 88 0.04
63 88 0.04
84 88 0.04
89 88 0.04
100 88 0.04
101 88 0.04
106 88 0.04
107 88 0.04
120 88 0.04
122 88 0.04
126 88 0.04
127 88 0.04
129 88 0.04
132 88 0.04
135 88 0.04
140 88 0.04
144 88 0.04
5 91 0.034483
18 91 0.034483
19 91 0.034483
23 91 0.034483
28 91 0.034483
38 91 0.034483
40 91 0.034483
41 91 0.034483
44 91 0.034483
45 91 0.034483
51 91 0.034483
53 91 0.034483
55 91 0.034483
59 91 0.034483
62 91 0.034483
63 91 0.034483
69 91 0.034483
70 91 0.034483
82 91 0.034483
85 91 0.034483
89 91 0.034483
97 91 0.034483
105 91 0.034483
107 91 0.034483
109 91 0.034483
116 91 0.034483
121 91 0.034483
146 91 0.034483
150 91 0.034483
5 135 0.038462
10 135 0.038462
20 135 0.038462
28 135 0.038462
38 135 0.038462
39 135 0.038462
49 135 0.038462
56 135 0.038462
65 135 0.038462
66 135 0.038462
67 135 0.038462
73 135 0.038462
81 135 0.038462
86 135 0.038462
87 135 0.038462
88 135 0.038462
104 135 0.038462
107 135 0.038462
114 135 0.038462
128 135 0.038462
132 135 0.038462
138 135 0.038462
143 135 0.038462
146 135 0.038462
149 135 0.038462
150 135 0.038462
5 136 0.052632
6 136 0.052632
8 136 0.052632
10 136 0.052632
15 136 0.052632
16 136 0.052632
23 136 0.052632
26 136 0.052632
36 136 0.052632
47 136 0.052632
76 136 0.052632
96 136 0.052632
107 136 0.052632
108 136 0.052632
112 136 0.052632
114 136 0.052632
137 136 0.052632
145 136 0.052632
147 136 0.052632
5 138 0.037037
7 138 0.037037
12 138 0.037037
16 138 0.037037
18 138 0.037037
22 138 0.037037
32 138 0.037037
34 138 0.037037
38 138 0.037037
44 138 0.037037
46 138 0.037037
52 138 0.037037
55 138 0.037037
59 138 0.037037
72 138 0.037037
78 138 0.037037
90 138 0.037037
105 138 0.037037
118 138 0.037037
122 138 0.037037
132 138 0.037037
134 138 0.037037
135 138 0.037037
139 138 0.037037
141 138 0.037037
142 138 0.037037
150 138 0.037037
6 7 0.047619
9 7 0.047619
14 7 0.047619
22 7 0.047619
24 7 0.047619
25 7 0.047619
56 7 0.047619
63 7 0.047619
69 7 0.047619
80 7 0.047619
87 7 0.047619
92 7 0.047619
98 7 0.047619
99 7 0.047619
107 7 0.047619
110 7 0.047619
111 7 0.047619
123 7 0.047619
130 7 0.047619
138 7 0.047619
143 7 0.047619
6 13 0.058824
14 13 0.058824
19 13 0.058824
25 13 0.058824
28 13 0.058824
35 13 0.058824
49 13 0.058824
51 13 0.058824
55 13 0.058824
57 13 0.058824
58 13 0.058824
65 13 0.058824
75 13 0.058824
78 13 0.058824
84 13 0.058824
108 13 0.058824
110 13 0.058824
6 16 0.043478
10 16 0.043478
22 16 0.043478
27 16 0.043478
30 16 0.043478
34 16 0.043478
57 16 0.043478
58 16 0.043478
67 16 0.043478
97 16 0.043478
107 16 0.043478
108 16 0.043478
112 16 0.043478
115 16 0.043478
118 16 0.043478
119 16 0.043478
130 16 0.043478
132 16 0.043478
133 16 0.043478
136 16 0.043478
138 16 0.043478
145 16 0.043478
146 16 0.043478
6 31 0.047619
10 31 0.047619
20 31 0.047619
25 31 0.047619
32 31 0.047619
36 31 0.047619
39 31 0.047619
46 31 0.047619
48 31 0.047619
60 31 0.047619
71 31 0.047619
72 31 0.047619
74 31 0.047619
77 31 0.047619
81 31 0.047619
84 31 0.047619
90 31 0.047619
102 31 0.047619
133 31 0.047619
141 31 0.047619
149 31 0.047619
6 59 0.04
8 59 0.04
9 59 0.04
29 59 0.04
41 59 0.04
43 59 0.04
44 59 0.04
48 59 0.04
51 59 0.04
52 59 0.04
63 59 0.04
65 59 0.04
74 59 0.04
91 59 0.04
100 59 0.04
101 59 0.04
102 59 0.04
119 59 0.04
122 59 0.04
127 59 0.04
138 59 0.04
139 59 0.04
141 59 0.04
143 59 0.04
146 59 0.04
6 147 0.038462
9 147 0.038462
10 147 0.038462
17 147 0.038462
24 147 0.038462
28 147 0.038462
36 147 0.038462
37 147 0.038462
42 147 0.038462
43 147 0.038462
50 147 0.038462
53 147 0.038462
65 147 0.038462
67 147 0.038462
68 147 0.038462
73 147 0.038462
78 147 0.038462
82 147 0.038462
93 147 0.038462
106 147 0.038462
118 147 0.038462
119 147 0.038462
124 147 0.038462
130 147 0.038462
136 147 0.038462
142 147 0.038462
7 63 0.043478
22 63 0.043478
27 63 0.043478
28 63 0.043478
33 63 0.043478
38 63 0.043478
54 63 0.043478
59 63 0.043478
70 63 0.043478
77 63 0.043478
79 63 0.043478
81 63 0.043478
85 63 0.043478
88 63 0.043478
91 63 0.043478
97 63 0.043478
107 63 0.043478
109 63 0.043478
114 63 0.043478
115 63 0.043478
123 63 0.043478
129 63 0.043478
143 63 0.043478
7 92 0.041667
27 92 0.041667
32 92 0.041667
34 92 0.041667
39 92 0.041667
44 92 0.041667
47 92 0.041667
52 92 0.041667
54 92 0.041667
70 92 0.041667
76 92 0.041667
81 92 0.041667
87 92 0.041667
89 92 0.041667
95 92 0.041667
108 92 0.041667
109 92 0.041667
125 92 0.041667
130 92 0.041667
134 92 0.041667
137 92 0.041667
139 92 0.041667
140 92 0.041667
148 92 0.041667
7 99 0.043478
10 99 0.043478
18 99 0.043478
19 99 0.043478
22 99 0.043478
24 99 0.043478
27 99 0.043478
30 99 0.043478
33 99 0.043478
38 99 0.043478
43 99 0.043478
44 99 0.043478
66 99 0.043478
67 99 0.043478
83 99 0.043478
85 99 0.043478
95 99 0.043478
101 99 0.043478
122 99 0.043478
137 99 0.043478
144 99 0.043478
148 99 0.043478
149 99 0.043478
7 111 0.05
15 111 0.05
39 111 0.05
40 111 0.05
42 111 0.05
47 111 0.05
68 111 0.05
69 111 0.05
77 111 0.05
97 111 0.05
98 111 0.05
106 111 0.05
118 111 0.05
120 111 0.05
122 111 0.05
128 111 0.05
137 111 0.05
144 111 0.05
148 111 0.05
151 111 0.05
7 130 0.038462
10 130 0.038462
16 130 0.038462
19 130 0.038462
23 130 0.038462
29 130 0.038462
30 130 0.038462
36 130 0.038462
51 130 0.038462
52 130 0.038462
70 130 0.038462
71 130 0.038462
79 130 0.038462
83 130 0.038462
87 130 0.038462
92 130 0.038462
96 130 0.038462
102 130 0.038462
113 130 0.038462
121 130 0.038462
134 130 0.038462
139 130 0.038462
143 130 0.038462
144 130 0.038462
147 130 0.038462
149 130 0.038462
7 143 0.038462
17 143 0.038462
19 143 0.038462
23 143 0.038462
25 143 0.038462
43 143 0.038462
56 143 0.038462
59 143 0.038462
63 143 0.038462
65 143 0.038462
69 143 0.038462
77 143 0.038462
78 143 0.038462
79 143 0.038462
80 143 0.038462
85 143 0.038462
113 143 0.038462
114 143 0.038462
120 143 0.038462
121 143 0.038462
123 143 0.038462
124 143 0.038462
130 143 0.038462
134 143 0.038462
135 143 0.038462
148 143 0.038462
8 58 0.052632
13 58 0.052632
16 58 0.052632
17 58 0.052632
24 58 0.052632
25 58 0.052632
33 58 0.052632
37 58 0.052632
39 58 0.052632
44 58 0.052632
68 58 0.052632
82 58 0.052632
88 58 0.052632
112 58 0.052632
114 58 0.052632
120 58 0.052632
124 58 0.052632
129 58 0.052632
150 58 0.052632
8 71 0.045455
15 71 0.045455
19 71 0.045455
21 71 0.045455
23 71 0.045455
25 71 0.045455
31 71 0.045455
34 71 0.045455
39 71 0.045455
49 71 0.045455
52 71 0.045455
55 71 0.045455
67 71 0.045455
69 71 0.045455
74 71 0.045455
76 71 0.045455
104 71 0.045455
121 71 0.045455
130 71 0.045455
131 71 0.045455
137 71 0.045455
141 71 0.045455
8 113 0.05
10 113 0.05
15 113 0.05
18 113 0.05
40 113 0.05
48 113 0.05
54 113 0.05
77 113 0.05
78 113 0.05
79 113 0.05
97 113 0.05
100 113 0.05
106 113 0.05
109 113 0.05
117 113 0.05
130 113 0.05
134 113 0.05
139 113 0.05
143 113 0.05
150 113 0.05
9 18 0.04
11 18 0.04
22 18 0.04
33 18 0.04
34 18 0.04
42 18 0.04
46 18 0.04
47 18 0.04
48 18 0.04
80 18 0.04
83 18 0.04
88 18 0.04
91 18 0.04
98 18 0.04
99 18 0.04
106 18 0.04
107 18 0.04
109 18 0.04
113 18 0.04
114 18 0.04
120 18 0.04
127 18 0.04
132 18 0.04
138 18 0.04
146 18 0.04
9 20 0.037037
11 20 0.037037
15 20 0.037037
31 20 0.037037
33 20 0.037037
38 20 0.037037
43 20 0.037037
50 20 0.037037
53 20 0.037037
66 20 0.037037
67 20 0.037037
73 20 0.037037
84 20 0.037037
87 20 0.037037
95 20 0.037037
102 20 0.037037
103 20 0.037037
104 20 0.037037
109 20 0.037037
123 20 0.037037
124 20 0.037037
125 20 0.037037
128 20 0.037037
129 20 0.037037
133 20 0.037037
135 20 0.037037
149 20 0.037037
9 28 0.033333
11 28 0.033333
13 28 0.033333
19 28 0.033333
45 28 0.033333
47 28 0.033333
55 28 0.033333
63 28 0.033333
65 28 0.033333
66 28 0.033333
69 28 0.033333
70 28 0.033333
80 28 0.033333
85 28 0.033333
86 28 0.033333
87 28 0.033333
91 28 0.033333
94 28 0.033333
108 28 0.033333
116 28 0.033333
117 28 0.033333
118 28 0.033333
124 28 0.033333
127 28 0.033333
132 28 0.033333
135 28 0.033333
145 28 0.033333
146 28 0.033333
147 28 0.033333
148 28 0.033333
9 37 0.045455
10 37 0.045455
24 37 0.045455
25 37 0.045455
44 37 0.045455
58 37 0.045455
64 37 0.045455
68 37 0.045455
85 37 0.045455
90 37 0.045455
95 37 0.045455
104 37 0.045455
107 37 0.045455
121 37 0.045455
122 37 0.045455
127 37 0.045455
129 37 0.045455
133 37 0.045455
134 37 0.045455
142 37 0.045455
146 37 0.045455
147 37 0.045455
9 52 0.05
15 52 0.05
24 52 0.05
41 52 0.05
56 52 0.05
59 52 0.05
71 52 0.05
74 52 0.05
82 52 0.05
84 52 0.05
86 52 0.05
88 52 0.05
92 52 0.05
94 52 0.05
100 52 0.05
112 52 0.05
130 52 0.05
138 52 0.05
139 52 0.05
142 52 0.05
9 77 0.04
19 77 0.04
23 77 0.04
24 77 0.04
31 77 0.04
32 77 0.04
34 77 0.04
39 77 0.04
41 77 0.04
47 77 0.04
54 77 0.04
55 77 0.04
63 77 0.04
75 77 0.04
76 77 0.04
97 77 0.04
106 77 0.04
111 77 0.04
113 77 0.04
115 77 0.04
124 77 0.04
125 77 0.04
137 77 0.04
143 77 0.04
145 77 0.04
9 81 0.045455
31 81 0.045455
34 81 0.045455
43 81 0.045455
50 81 0.045455
57 81 0.045455
61 81 0.045455
63 81 0.045455
74 81 0.045455
79 81 0.045455
92 81 0.045455
108 81 0.045455
117 81 0.045455
121 81 0.045455
122 81 0.045455
128 81 0.045455
135 81 0.045455
139 81 0.045455
140 81 0.045455
149 81 0.045455
150 81 0.045455
151 81 0.045455
9 108 0.055556
13 108 0.055556
16 108 0.055556
28 108 0.055556
32 108 0.055556
61 108 0.055556
66 108 0.055556
69 108 0.055556
81 108 0.055556
89 108 0.055556
92 108 0.055556
101 108 0.055556
118 108 0.055556
123 108 0.055556
136 108 0.055556
142 108 0.055556
146 108 0.055556
151 108 0.055556
9 109 0.05
10 109 0.05
18 109 0.05
19 109 0.05
20 109 0.05
36 109 0.05
38 109 0.05
46 109 0.05
55 109 0.05
56 109 0.05
63 109 0.05
82 109 0.05
86 109 0.05
91 109 0.05
92 109 0.05
113 109 0.05
119 109 0.05
120 109 0.05
139 109 0.05
140 109 0.05
9 132 0.037037
16 132 0.037037
18 132 0.037037
19 132 0.037037
21 132 0.037037
28 132 0.037037
29 132 0.037037
36 132 0.037037
46 132 0.037037
47 132 0.037037
62 132 0.037037
65 132 0.037037
66 132 0.037037
67 132 0.037037
78 132 0.037037
80 132 0.037037
82 132 0.037037
84 132 0.037037
88 132 0.037037
126 132 0.037037
129 132 0.037037
134 132 0.037037
135 132 0.037037
138 132 0.037037
146 132 0.037037
148 132 0.037037
150 132 0.037037
9 140 0.037037
12 140 0.037037
19 140 0.037037
35 140 0.037037
43 140 0.037037
44 140 0.037037
54 140 0.037037
61 140 0.037037
64 140 0.037037
65 140 0.037037
74 140 0.037037
75 140 0.037037
79 140 0.037037
81 140 0.037037
84 140 0.037037
88 140 0.037037
92 140 0.037037
95 140 0.037037
96 140 0.037037
98 140 0.037037
100 140 0.037037
109 140 0.037037
112 140 0.037037
124 140 0.037037
126 140 0.037037
131 140 0.037037
141 140 0.037037
10 85 0.041667
22 85 0.041667
28 85 0.041667
35 85 0.041667
36 85 0.041667
37 85 0.041667
43 85 0.041667
48 85 0.041667
49 85 0.041667
63 85 0.041667
75 85 0.041667
80 85 0.041667
83 85 0.041667
84 85 0.041667
89 85 0.041667
91 85 0.041667
97 85 0.041667
99 85 0.041667
115 85 0.041667
117 85 0.041667
119 85 0.041667
124 85 0.041667
143 85 0.041667
145 85 0.041667
10 90 0.055556
14 90 0.055556
15 90 0.055556
21 90 0.055556
31 90 0.055556
32 90 0.055556
35 90 0.055556
37 90 0.055556
49 90 0.055556
60 90 0.055556
69 90 0.055556
83 90 0.055556
103 90 0.055556
104 90 0.055556
121 90 0.055556
126 90 0.055556
133 90 0.055556
138 90 0.055556
10 97 0.035714
14 97 0.035714
16 97 0.035714
19 97 0.035714
23 97 0.035714
25 97 0.035714
48 97 0.035714
50 97 0.035714
60 97 0.035714
63 97 0.035714
66 97 0.035714
68 97 0.035714
69 97 0.035714
77 97 0.035714
85 97 0.035714
91 97 0.035714
95 97 0.035714
101 97 0.035714
111 97 0.035714
112 97 0.035714
113 97 0.035714
114 97 0.035714
116 97 0.035714
117 97 0.035714
128 97 0.035714
129 97 0.035714
133 97 0.035714
137 97 0.035714
10 102 0.04
11 102 0.04
20 102 0.04
26 102 0.04
29 102 0.04
31 102 0.04
33 102 0.04
38 102 0.04
47 102 0.04
49 102 0.04
51 102 0.04
59 102 0.04
69 102 0.04
74 102 0.04
79 102 0.04
87 102 0.04
94 102 0.04
106 102 0.04
112 102 0.04
114 102 0.04
116 102 0.04
126 102 0.04
130 102 0.04
145 102 0.04
148 102 0.04
11 33 0.035714
15 33 0.035714
18 33 0.035714
19 33 0.035714
20 33 0.035714
23 33 0.035714
26 33 0.035714
41 33 0.035714
46 33 0.035714
47 33 0.035714
51 33 0.035714
54 33 0.035714
55 33 0.035714
58 33 0.035714
63 33 0.035714
72 33 0.035714
78 33 0.035714
84 33 0.035714
87 33 0.035714
99 33 0.035714
102 33 0.035714
114 33 0.035714
117 33 0.035714
119 33 0.035714
121 33 0.035714
125 33 0.035714
128 33 0.035714
139 33 0.035714
11 54 0.035714
12 54 0.035714
17 54 0.035714
30 54 0.035714
33 54 0.035714
35 54 0.035714
36 54 0.035714
39 54 0.035714
42 54 0.035714
57 54 0.035714
63 54 0.035714
68 54 0.035714
73 54 0.035714
76 54 0.035714
77 54 0.035714
80 54 0.035714
87 54 0.035714
89 54 0.035714
92 54 0.035714
107 54 0.035714
113 54 0.035714
115 54 0.035714
118 54 0.035714
121 54 0.035714
124 54 0.035714
127 54 0.035714
134 54 0.035714
140 54 0.035714
11 133 0.041667
12 133 0.041667
16 133 0.041667
20 133 0.041667
27 133 0.041667
30 133 0.041667
31 133 0.041667
36 133 0.041667
37 133 0.041667
38 133 0.041667
43 133 0.041667
48 133 0.041667
60 133 0.041667
67 133 0.041667
68 133 0.041667
73 133 0.041667
87 133 0.041667
90 133 0.041667
97 133 0.041667
105 133 0.041667
125 133 0.041667
127 133 0.041667
141 133 0.041667
142 133 0.041667
13 19 0.034483
23 19 0.034483
28 19 0.034483
29 19 0.034483
32 19 0.034483
33 19 0.034483
40 19 0.034483
47 19 0.034483
50 19 0.034483
56 19 0.034483
64 19 0.034483
67 19 0.034483
71 19 0.034483
77 19 0.034483
91 19 0.034483
96 19 0.034483
97 19 0.034483
99 19 0.034483
101 19 0.034483
109 19 0.034483
110 19 0.034483
128 19 0.034483
130 19 0.034483
132 19 0.034483
140 19 0.034483
143 19 0.034483
146 19 0.034483
148 19 0.034483
149 19 0.034483
13 49 0.047619
24 49 0.047619
35 49 0.047619
36 49 0.047619
38 49 0.047619
44 49 0.047619
46 49 0.047619
71 49 0.047619
85 49 0.047619
90 49 0.047619
94 49 0.047619
96 49 0.047619
102 49 0.047619
110 49 0.047619
123 49 0.047619
126 49 0.047619
131 49 0.047619
135 49 0.047619
139 49 0.047619
141 49 0.047619
145 49 0.047619
13 55 0.035714
21 55 0.035714
28 55 0.035714
33 55 0.035714
34 55 0.035714
35 55 0.035714
43 55 0.035714
44 55 0.035714
48 55 0.035714
56 55 0.035714
62 55 0.035714
64 55 0.035714
68 55 0.035714
71 55 0.035714
72 55 0.035714
74 55 0.035714
77 55 0.035714
91 55 0.035714
105 55 0.035714
109 55 0.035714
114 55 0.035714
119 55 0.035714
126 55 0.035714
127 55 0.035714
138 55 0.035714
139 55 0.035714
148 55 0.035714
150 55 0.035714
16 27 0.0625
50 27 0.0625
63 27 0.0625
64 27 0.0625
74 27 0.0625
79 27 0.0625
86 27 0.0625
89 27 0.0625
92 27 0.0625
94 27 0.0625
99 27 0.0625
105 27 0.0625
107 27 0.0625
110 27 0.0625
120 27 0.0625
133 27 0.0625
16 146 0.04
18 146 0.04
19 146 0.04
28 146 0.04
30 146 0.04
36 146 0.04
37 146 0.04
42 146 0.04
47 146 0.04
48 146 0.04
50 146 0.04
59 146 0.04
67 146 0.04
82 146 0.04
86 146 0.04
89 146 0.04
91 146 0.04
101 146 0.04
108 146 0.04
115 146 0.04
120 146 0.04
132 146 0.04
134 146 0.04
135 146 0.04
149 146 0.04
18 48 0.034483
24 48 0.034483
26 48 0.034483
31 48 0.034483
32 48 0.034483
36 48 0.034483
38 48 0.034483
40 48 0.034483
47 48 0.034483
55 48 0.034483
59 48 0.034483
65 48 0.034483
67 48 0.034483
70 48 0.034483
80 48 0.034483
84 48 0.034483
85 48 0.034483
88 48 0.034483
89 48 0.034483
97 48 0.034483
100 48 0.034483
113 48 0.034483
119 48 0.034483
133 48 0.034483
141 48 0.034483
142 48 0.034483
146 48 0.034483
148 48 0.034483
149 48 0.034483
18 83 0.066667
43 83 0.066667
56 83 0.066667
69 83 0.066667
72 83 0.066667
85 83 0.066667
86 83 0.066667
90 83 0.066667
99 83 0.066667
104 83 0.066667
114 83 0.066667
121 83 0.066667
130 83 0.066667
139 83 0.066667
142 83 0.066667
19 32 0.047619
26 32 0.047619
31 32 0.047619
44 32 0.047619
45 32 0.047619
48 32 0.047619
62 32 0.047619
64 32 0.047619
65 32 0.047619
77 32 0.047619
79 32 0.047619
80 32 0.047619
84 32 0.047619
90 32 0.047619
92 32 0.047619
108 32 0.047619
110 32 0.047619
137 32 0.047619
138 32 0.047619
141 32 0.047619
150 32 0.047619
19 40 0.045455
26 40 0.045455
34 40 0.045455
38 40 0.045455
46 40 0.045455
47 40 0.045455
48 40 0.045455
51 40 0.045455
56 40 0.045455
66 40 0.045455
69 40 0.045455
70 40 0.045455
80 40 0.045455
91 40 0.045455
93 40 0.045455
95 40 0.045455
96 40 0.045455
111 40 0.045455
113 40 0.045455
116 40 0.045455
117 40 0.045455
134 40 0.045455
19 101 0.047619
38 101 0.047619
39 101 0.047619
43 101 0.047619
44 101 0.047619
46 101 0.047619
47 101 0.047619
59 101 0.047619
61 101 0.047619
68 101 0.047619
82 101 0.047619
88 101 0.047619
96 101 0.047619
97 101 0.047619
99 101 0.047619
108 101 0.047619
117 101 0.047619
121 101 0.047619
126 101 0.047619
137 101 0.047619
146 101 0.047619
21 36 0.047619
29 36 0.047619
31 36 0.047619
39 36 0.047619
48 36 0.047619
49 36 0.047619
54 36 0.047619
56 36 0.047619
65 36 0.047619
78 36 0.047619
85 36 0.047619
89 36 0.047619
109 36 0.047619
122 36 0.047619
130 36 0.047619
132 36 0.047619
133 36 0.047619
136 36 0.047619
146 36 0.047619
147 36 0.047619
149 36 0.047619
21 116 0.047619
25 116 0.047619
26 116 0.047619
28 116 0.047619
40 116 0.047619
57 116 0.047619
68 116 0.047619
69 116 0.047619
80 116 0.047619
82 116 0.047619
91 116 0.047619
93 116 0.047619
97 116 0.047619
102 116 0.047619
114 116 0.047619
115 116 0.047619
121 116 0.047619
127 116 0.047619
139 116 0.047619
142 116 0.047619
149 116 0.047619
22 68 0.05
37 68 0.05
46 68 0.05
47 68 0.05
53 68 0.05
54 68 0.05
55 68 0.05
58 68 0.05
74 68 0.05
89 68 0.05
97 68 0.05
101 68 0.05
103 68 0.05
111 68 0.05
116 68 0.05
117 68 0.05
133 68 0.05
139 68 0.05
145 68 0.05
147 68 0.05
22 122 0.047619
29 122 0.047619
36 122 0.047619
37 122 0.047619
42 122 0.047619
59 122 0.047619
61 122 0.047619
81 122 0.047619
84 122 0.047619
88 122 0.047619
93 122 0.047619
94 122 0.047619
95 122 0.047619
99 122 0.047619
104 122 0.047619
111 122 0.047619
123 122 0.047619
127 122 0.047619
134 122 0.047619
138 122 0.047619
141 122 0.047619
22 134 0.047619
25 134 0.047619
26 134 0.047619
35 134 0.047619
37 134 0.047619
39 134 0.047619
40 134 0.047619
50 134 0.047619
54 134 0.047619
73 134 0.047619
92 134 0.047619
94 134 0.047619
103 134 0.047619
113 134 0.047619
114 134 0.047619
122 134 0.047619
130 134 0.047619
132 134 0.047619
138 134 0.047619
143 134 0.047619
146 134 0.047619
24 82 0.041667
25 82 0.041667
29 82 0.041667
30 82 0.041667
39 82 0.041667
41 82 0.041667
52 82 0.041667
58 82 0.041667
60 82 0.041667
67 82 0.041667
91 82 0.041667
101 82 0.041667
103 82 0.041667
104 82 0.041667
109 82 0.041667
116 82 0.041667
125 82 0.041667
132 82 0.041667
141 82 0.041667
145 82 0.041667
146 82 0.041667
147 82 0.041667
148 82 0.041667
149 82 0.041667
25 137 0.038462
29 137 0.038462
32 137 0.038462
34 137 0.038462
38 137 0.038462
61 137 0.038462
62 137 0.038462
70 137 0.038462
71 137 0.038462
75 137 0.038462
77 137 0.038462
92 137 0.038462
95 137 0.038462
97 137 0.038462
98 137 0.038462
99 137 0.038462
101 137 0.038462
111 137 0.038462
120 137 0.038462
126 137 0.038462
131 137 0.038462
136 137 0.038462
139 137 0.038462
142 137 0.038462
144 137 0.038462
149 137 0.038462
25 142 0.05
34 142 0.05
37 142 0.05
48 142 0.05
52 142 0.05
65 142 0.05
67 142 0.05
74 142 0.05
83 142 0.05
95 142 0.05
96 142 0.05
108 142 0.05
116 142 0.05
120 142 0.05
126 142 0.05
133 142 0.05
137 142 0.05
138 142 0.05
147 142 0.05
148 142 0.05
27 79 0.033333
32 79 0.033333
39 79 0.033333
45 79 0.033333
47 79 0.033333
63 79 0.033333
64 79 0.033333
66 79 0.033333
67 79 0.033333
69 79 0.033333
76 79 0.033333
81 79 0.033333
94 79 0.033333
100 79 0.033333
102 79 0.033333
106 79 0.033333
107 79 0.033333
112 79 0.033333
113 79 0.033333
117 79 0.033333
119 79 0.033333
123 79 0.033333
125 79 0.033333
130 79 0.033333
131 79 0.033333
139 79 0.033333
140 79 0.033333
143 79 0.033333
150 79 0.033333
151 79 0.033333
2 0 0.033333
15 0 0.033333
21 0 0.033333
30 0 0.033333
39 0 0.033333
41 0 0.033333
44 0 0.033333
64 0 0.033333
67 0 0.033333
70 0 0.033333
72 0 0.033333
74 0 0.033333
75 0 0.033333
80 0 0.033333
96 0 0.033333
100 0 0.033333
103 0 0.033333
107 0 0.033333
114 0 0.033333
115 0 0.033333
117 0 0.033333
118 0 0.033333
119 0 0.033333
123 0 0.033333
127 0 0.033333
128 0 0.033333
141 0 0.033333
144 0 0.033333
150 0 0.033333
151 0 0.033333
41 1 0.055556
46 1 0.055556
50 1 0.055556
53 1 0.055556
62 1 0.055556
66 1 0.055556
67 1 0.055556
72 1 0.055556
73 1 0.055556
74 1 0.055556
78 1 0.055556
84 1 0.055556
87 1 0.055556
96 1 0.055556
98 1 0.055556
107 1 0.055556
119 1 0.055556
121 1 0.055556
9 3 0.038462
10 3 0.038462
25 3 0.038462
30 3 0.038462
41 3 0.038462
42 3 0.038462
51 3 0.038462
53 3 0.038462
57 3 0.038462
62 3 0.038462
65 3 0.038462
76 3 0.038462
86 3 0.038462
98 3 0.038462
106 3 0.038462
112 3 0.038462
120 3 0.038462
123 3 0.038462
124 3 0.038462
128 3 0.038462
129 3 0.038462
139 3 0.038462
145 3 0.038462
148 3 0.038462
149 3 0.038462
151 3 0.038462
6 4 0.041667
9 4 0.041667
11 4 0.041667
14 4 0.041667
22 4 0.041667
24 4 0.041667
29 4 0.041667
34 4 0.041667
35 4 0.041667
41 4 0.041667
56 4 0.041667
69 4 0.041667
80 4 0.041667
87 4 0.041667
89 4 0.041667
93 4 0.041667
94 4 0.041667
104 4 0.041667
107 4 0.041667
110 4 0.041667
112 4 0.041667
117 4 0.041667
125 4 0.041667
128 4 0.041667
8 5 0.034483
9 5 0.034483
11 5 0.034483
15 5 0.034483
17 5 0.034483
23 5 0.034483
26 5 0.034483
30 5 0.034483
43 5 0.034483
45 5 0.034483
47 5 0.034483
56 5 0.034483
64 5 0.034483
67 5 0.034483
69 5 0.034483
70 5 0.034483
88 5 0.034483
91 5 0.034483
98 5 0.034483
106 5 0.034483
112 5 0.034483
120 5 0.034483
126 5 0.034483
127 5 0.034483
135 5 0.034483
136 5 0.034483
138 5 0.034483
144 5 0.034483
145 5 0.034483
42 12 0.083333
53 12 0.083333
54 12 0.083333
64 12 0.083333
66 12 0.083333
74 12 0.083333
80 12 0.083333
89 12 0.083333
133 12 0.083333
138 12 0.083333
140 12 0.083333
144 12 0.083333
