0 1 0.125
2 1 0.125
3 1 0.125
316 1 0.125
4 1 0.125
315 1 0.125
314 1 0.125
236 1 0.125
0 316 0.125
1 316 0.125
2 316 0.125
3 316 0.125
312 316 0.125
313 316 0.125
314 316 0.125
315 316 0.125
0 2 0.125
1 2 0.125
3 2 0.125
4 2 0.125
5 2 0.125
316 2 0.125
6 2 0.125
315 2 0.125
0 315 0.142857
1 315 0.142857
2 315 0.142857
312 315 0.142857
313 315 0.142857
314 315 0.142857
316 315 0.142857
0 3 0.111111
1 3 0.111111
2 3 0.111111
4 3 0.111111
5 3 0.111111
6 3 0.111111
7 3 0.111111
316 3 0.111111
289 3 0.111111
0 314 0.125
1 314 0.125
310 314 0.125
311 314 0.125
312 314 0.125
313 314 0.125
315 314 0.125
316 314 0.125
0 4 0.125
1 4 0.125
2 4 0.125
3 4 0.125
5 4 0.125
6 4 0.125
265 4 0.125
77 4 0.125
0 313 0.142857
309 313 0.142857
311 313 0.142857
312 313 0.142857
314 313 0.142857
315 313 0.142857
316 313 0.142857
1 236 0.111111
59 236 0.111111
232 236 0.111111
233 236 0.111111
234 236 0.111111
235 236 0.111111
237 236 0.111111
239 236 0.111111
240 236 0.111111
2 5 0.142857
3 5 0.142857
4 5 0.142857
7 5 0.142857
8 5 0.142857
9 5 0.142857
198 5 0.142857
2 6 0.125
3 6 0.125
4 6 0.125
7 6 0.125
8 6 0.125
9 6 0.125
10 6 0.125
143 6 0.125
3 7 0.142857
5 7 0.142857
6 7 0.142857
8 7 0.142857
9 7 0.142857
10 7 0.142857
11 7 0.142857
3 289 0.111111
273 289 0.111111
285 289 0.111111
286 289 0.111111
287 289 0.111111
288 289 0.111111
290 289 0.111111
292 289 0.111111
293 289 0.111111
4 265 0.111111
261 265 0.111111
262 265 0.111111
263 265 0.111111
264 265 0.111111
266 265 0.111111
267 265 0.111111
268 265 0.111111
269 265 0.111111
4 77 0.111111
73 77 0.111111
74 77 0.111111
75 77 0.111111
76 77 0.111111
78 77 0.111111
79 77 0.111111
80 77 0.111111
81 77 0.111111
5 8 0.142857
6 8 0.142857
7 8 0.142857
9 8 0.142857
10 8 0.142857
11 8 0.142857
12 8 0.142857
5 9 0.1
6 9 0.1
7 9 0.1
8 9 0.1
10 9 0.1
11 9 0.1
12 9 0.1
13 9 0.1
45 9 0.1
55 9 0.1
5 198 0.125
195 198 0.125
196 198 0.125
197 198 0.125
199 198 0.125
200 198 0.125
201 198 0.125
202 198 0.125
6 10 0.125
7 10 0.125
8 10 0.125
9 10 0.125
11 10 0.125
12 10 0.125
13 10 0.125
14 10 0.125
6 143 0.125
123 143 0.125
139 143 0.125
141 143 0.125
142 143 0.125
145 143 0.125
146 143 0.125
147 143 0.125
7 11 0.125
8 11 0.125
9 11 0.125
10 11 0.125
12 11 0.125
13 11 0.125
14 11 0.125
15 11 0.125
8 12 0.125
9 12 0.125
10 12 0.125
11 12 0.125
13 12 0.125
14 12 0.125
15 12 0.125
16 12 0.125
9 13 0.125
10 13 0.125
11 13 0.125
12 13 0.125
14 13 0.125
15 13 0.125
16 13 0.125
17 13 0.125
9 45 0.111111
39 45 0.111111
41 45 0.111111
42 45 0.111111
43 45 0.111111
44 45 0.111111
47 45 0.111111
48 45 0.111111
49 45 0.111111
9 55 0.125
51 55 0.125
52 55 0.125
53 55 0.125
54 55 0.125
57 55 0.125
58 55 0.125
59 55 0.125
10 14 0.125
11 14 0.125
12 14 0.125
13 14 0.125
15 14 0.125
16 14 0.125
17 14 0.125
18 14 0.125
11 15 0.125
12 15 0.125
13 15 0.125
14 15 0.125
16 15 0.125
17 15 0.125
18 15 0.125
19 15 0.125
12 16 0.090909
13 16 0.090909
14 16 0.090909
15 16 0.090909
17 16 0.090909
18 16 0.090909
19 16 0.090909
20 16 0.090909
132 16 0.090909
142 16 0.090909
54 16 0.090909
13 17 0.125
14 17 0.125
15 17 0.125
16 17 0.125
18 17 0.125
19 17 0.125
20 17 0.125
21 17 0.125
14 18 0.125
15 18 0.125
16 18 0.125
17 18 0.125
19 18 0.125
20 18 0.125
21 18 0.125
22 18 0.125
15 19 0.111111
16 19 0.111111
17 19 0.111111
18 19 0.111111
21 19 0.111111
22 19 0.111111
23 19 0.111111
175 19 0.111111
246 19 0.111111
16 20 0.142857
17 20 0.142857
18 20 0.142857
21 20 0.142857
22 20 0.142857
23 20 0.142857
24 20 0.142857
16 132 0.125
128 132 0.125
129 132 0.125
130 132 0.125
131 132 0.125
133 132 0.125
135 132 0.125
136 132 0.125
16 142 0.125
138 142 0.125
139 142 0.125
140 142 0.125
141 142 0.125
143 142 0.125
145 142 0.125
146 142 0.125
16 54 0.166667
50 54 0.166667
53 54 0.166667
55 54 0.166667
56 54 0.166667
57 54 0.166667
17 21 0.1
18 21 0.1
19 21 0.1
20 21 0.1
22 21 0.1
23 21 0.1
24 21 0.1
25 21 0.1
273 21 0.1
249 21 0.1
18 22 0.111111
19 22 0.111111
20 22 0.111111
21 22 0.111111
23 22 0.111111
24 22 0.111111
25 22 0.111111
26 22 0.111111
152 22 0.111111
19 23 0.125
20 23 0.125
21 23 0.125
22 23 0.125
24 23 0.125
25 23 0.125
26 23 0.125
283 23 0.125
19 175 0.111111
171 175 0.111111
172 175 0.111111
173 175 0.111111
174 175 0.111111
177 175 0.111111
178 175 0.111111
300 175 0.111111
269 175 0.111111
19 246 0.125
242 246 0.125
243 246 0.125
244 246 0.125
245 246 0.125
249 246 0.125
250 246 0.125
305 246 0.125
20 24 0.125
21 24 0.125
22 24 0.125
23 24 0.125
25 24 0.125
26 24 0.125
27 24 0.125
28 24 0.125
21 25 0.125
22 25 0.125
23 25 0.125
24 25 0.125
26 25 0.125
27 25 0.125
29 25 0.125
177 25 0.125
21 273 0.111111
179 273 0.111111
269 273 0.111111
270 273 0.111111
271 273 0.111111
272 273 0.111111
275 273 0.111111
277 273 0.111111
289 273 0.111111
21 249 0.125
245 249 0.125
246 249 0.125
247 249 0.125
248 249 0.125
250 249 0.125
251 249 0.125
252 249 0.125
22 26 0.125
23 26 0.125
24 26 0.125
25 26 0.125
27 26 0.125
28 26 0.125
30 26 0.125
275 26 0.125
22 152 0.111111
148 152 0.111111
149 152 0.111111
150 152 0.111111
151 152 0.111111
153 152 0.111111
156 152 0.111111
205 152 0.111111
185 152 0.111111
23 283 0.090909
193 283 0.090909
234 283 0.090909
242 283 0.090909
279 283 0.090909
280 283 0.090909
281 283 0.090909
282 283 0.090909
284 283 0.090909
285 283 0.090909
286 283 0.090909
24 27 0.142857
25 27 0.142857
26 27 0.142857
29 27 0.142857
30 27 0.142857
31 27 0.142857
107 27 0.142857
24 28 0.142857
26 28 0.142857
29 28 0.142857
30 28 0.142857
31 28 0.142857
32 28 0.142857
101 28 0.142857
25 29 0.142857
27 29 0.142857
28 29 0.142857
30 29 0.142857
31 29 0.142857
32 29 0.142857
33 29 0.142857
25 177 0.125
173 177 0.125
174 177 0.125
175 177 0.125
178 177 0.125
179 177 0.125
180 177 0.125
181 177 0.125
26 30 0.125
27 30 0.125
28 30 0.125
29 30 0.125
31 30 0.125
32 30 0.125
33 30 0.125
34 30 0.125
26 275 0.111111
218 275 0.111111
271 275 0.111111
272 275 0.111111
273 275 0.111111
274 275 0.111111
277 275 0.111111
278 275 0.111111
279 275 0.111111
27 31 0.111111
28 31 0.111111
29 31 0.111111
30 31 0.111111
32 31 0.111111
33 31 0.111111
35 31 0.111111
154 31 0.111111
150 31 0.111111
27 107 0.111111
103 107 0.111111
104 107 0.111111
105 107 0.111111
106 107 0.111111
108 107 0.111111
109 107 0.111111
110 107 0.111111
111 107 0.111111
28 32 0.125
29 32 0.125
30 32 0.125
31 32 0.125
34 32 0.125
35 32 0.125
36 32 0.125
58 32 0.125
28 101 0.125
97 101 0.125
98 101 0.125
99 101 0.125
100 101 0.125
102 101 0.125
103 101 0.125
105 101 0.125
29 33 0.142857
30 33 0.142857
31 33 0.142857
34 33 0.142857
37 33 0.142857
140 33 0.142857
133 33 0.142857
30 34 0.142857
32 34 0.142857
33 34 0.142857
35 34 0.142857
36 34 0.142857
37 34 0.142857
38 34 0.142857
31 35 0.125
32 35 0.125
34 35 0.125
36 35 0.125
37 35 0.125
38 35 0.125
39 35 0.125
167 35 0.125
31 154 0.125
151 154 0.125
153 154 0.125
155 154 0.125
156 154 0.125
157 154 0.125
158 154 0.125
287 154 0.125
31 150 0.125
146 150 0.125
147 150 0.125
148 150 0.125
149 150 0.125
151 150 0.125
152 150 0.125
153 150 0.125
32 36 0.142857
34 36 0.142857
35 36 0.142857
37 36 0.142857
38 36 0.142857
40 36 0.142857
282 36 0.142857
32 58 0.142857
55 58 0.142857
56 58 0.142857
59 58 0.142857
60 58 0.142857
61 58 0.142857
62 58 0.142857
33 37 0.125
34 37 0.125
35 37 0.125
36 37 0.125
38 37 0.125
39 37 0.125
40 37 0.125
41 37 0.125
33 140 0.125
120 140 0.125
136 140 0.125
137 140 0.125
139 140 0.125
142 140 0.125
144 140 0.125
180 140 0.125
33 133 0.1
42 133 0.1
129 133 0.1
130 133 0.1
131 133 0.1
132 133 0.1
134 133 0.1
136 133 0.1
137 133 0.1
210 133 0.1
34 38 0.125
35 38 0.125
36 38 0.125
37 38 0.125
39 38 0.125
40 38 0.125
41 38 0.125
42 38 0.125
35 39 0.142857
37 39 0.142857
38 39 0.142857
40 39 0.142857
41 39 0.142857
42 39 0.142857
45 39 0.142857
35 167 0.111111
163 167 0.111111
164 167 0.111111
165 167 0.111111
166 167 0.111111
168 167 0.111111
169 167 0.111111
252 167 0.111111
303 167 0.111111
36 40 0.1
37 40 0.1
38 40 0.1
39 40 0.1
41 40 0.1
43 40 0.1
44 40 0.1
112 40 0.1
53 40 0.1
311 40 0.1
36 282 0.125
279 282 0.125
280 282 0.125
281 282 0.125
283 282 0.125
284 282 0.125
285 282 0.125
286 282 0.125
37 41 0.111111
38 41 0.111111
39 41 0.111111
40 41 0.111111
43 41 0.111111
44 41 0.111111
45 41 0.111111
300 41 0.111111
70 41 0.111111
38 42 0.125
39 42 0.125
43 42 0.125
44 42 0.125
45 42 0.125
46 42 0.125
133 42 0.125
202 42 0.125
40 43 0.142857
41 43 0.142857
42 43 0.142857
44 43 0.142857
45 43 0.142857
46 43 0.142857
229 43 0.142857
40 44 0.125
41 44 0.125
42 44 0.125
43 44 0.125
45 44 0.125
46 44 0.125
47 44 0.125
48 44 0.125
40 112 0.125
100 112 0.125
108 112 0.125
110 112 0.125
111 112 0.125
114 112 0.125
115 112 0.125
116 112 0.125
40 53 0.125
49 53 0.125
50 53 0.125
51 53 0.125
52 53 0.125
54 53 0.125
55 53 0.125
56 53 0.125
40 311 0.111111
56 311 0.111111
307 311 0.111111
308 311 0.111111
309 311 0.111111
310 311 0.111111
312 311 0.111111
313 311 0.111111
314 311 0.111111
41 300 0.1
78 300 0.1
175 300 0.1
296 300 0.1
297 300 0.1
298 300 0.1
299 300 0.1
301 300 0.1
303 300 0.1
304 300 0.1
41 70 0.166667
66 70 0.166667
68 70 0.166667
71 70 0.166667
73 70 0.166667
312 70 0.166667
42 46 0.142857
43 46 0.142857
44 46 0.142857
47 46 0.142857
49 46 0.142857
50 46 0.142857
248 46 0.142857
42 202 0.125
198 202 0.125
199 202 0.125
200 202 0.125
201 202 0.125
203 202 0.125
204 202 0.125
206 202 0.125
43 229 0.1
225 229 0.1
226 229 0.1
227 229 0.1
228 229 0.1
230 229 0.1
231 229 0.1
232 229 0.1
233 229 0.1
293 229 0.1
44 47 0.111111
45 47 0.111111
46 47 0.111111
48 47 0.111111
49 47 0.111111
50 47 0.111111
51 47 0.111111
207 47 0.111111
261 47 0.111111
44 48 0.142857
45 48 0.142857
47 48 0.142857
49 48 0.142857
50 48 0.142857
51 48 0.142857
52 48 0.142857
45 49 0.111111
46 49 0.111111
47 49 0.111111
48 49 0.111111
50 49 0.111111
51 49 0.111111
52 49 0.111111
53 49 0.111111
138 49 0.111111
46 50 0.125
47 50 0.125
48 50 0.125
49 50 0.125
51 50 0.125
52 50 0.125
53 50 0.125
54 50 0.125
46 248 0.125
244 248 0.125
245 248 0.125
247 248 0.125
249 248 0.125
250 248 0.125
251 248 0.125
252 248 0.125
47 51 0.125
48 51 0.125
49 51 0.125
50 51 0.125
52 51 0.125
53 51 0.125
55 51 0.125
116 51 0.125
47 207 0.142857
203 207 0.142857
204 207 0.142857
205 207 0.142857
208 207 0.142857
209 207 0.142857
211 207 0.142857
47 261 0.111111
193 261 0.111111
257 261 0.111111
258 261 0.111111
259 261 0.111111
260 261 0.111111
263 261 0.111111
265 261 0.111111
264 261 0.111111
48 52 0.111111
49 52 0.111111
50 52 0.111111
51 52 0.111111
53 52 0.111111
55 52 0.111111
56 52 0.111111
241 52 0.111111
268 52 0.111111
49 138 0.125
134 138 0.125
135 138 0.125
136 138 0.125
137 138 0.125
139 138 0.125
141 138 0.125
142 138 0.125
51 116 0.111111
112 116 0.111111
113 116 0.111111
114 116 0.111111
115 116 0.111111
117 116 0.111111
118 116 0.111111
119 116 0.111111
120 116 0.111111
52 56 0.125
53 56 0.125
54 56 0.125
57 56 0.125
58 56 0.125
60 56 0.125
286 56 0.125
311 56 0.125
52 241 0.111111
237 241 0.111111
238 241 0.111111
239 241 0.111111
240 241 0.111111
242 241 0.111111
243 241 0.111111
244 241 0.111111
245 241 0.111111
52 268 0.142857
265 268 0.142857
266 268 0.142857
267 268 0.142857
269 268 0.142857
270 268 0.142857
272 268 0.142857
54 57 0.142857
55 57 0.142857
56 57 0.142857
59 57 0.142857
60 57 0.142857
61 57 0.142857
122 57 0.142857
55 59 0.125
57 59 0.125
58 59 0.125
60 59 0.125
61 59 0.125
62 59 0.125
63 59 0.125
236 59 0.125
56 60 0.125
57 60 0.125
58 60 0.125
59 60 0.125
61 60 0.125
62 60 0.125
63 60 0.125
64 60 0.125
56 286 0.125
282 286 0.125
283 286 0.125
284 286 0.125
285 286 0.125
287 286 0.125
289 286 0.125
290 286 0.125
57 61 0.111111
58 61 0.111111
59 61 0.111111
60 61 0.111111
62 61 0.111111
63 61 0.111111
64 61 0.111111
247 61 0.111111
122 61 0.111111
57 122 0.090909
61 122 0.090909
118 122 0.090909
119 122 0.090909
120 122 0.090909
121 122 0.090909
123 122 0.090909
124 122 0.090909
125 122 0.090909
126 122 0.090909
276 122 0.090909
58 62 0.125
59 62 0.125
60 62 0.125
61 62 0.125
63 62 0.125
64 62 0.125
65 62 0.125
66 62 0.125
59 63 0.125
60 63 0.125
61 63 0.125
62 63 0.125
65 63 0.125
66 63 0.125
67 63 0.125
184 63 0.125
60 64 0.142857
61 64 0.142857
62 64 0.142857
65 64 0.142857
66 64 0.142857
67 64 0.142857
68 64 0.142857
61 247 0.142857
243 247 0.142857
244 247 0.142857
245 247 0.142857
248 247 0.142857
249 247 0.142857
251 247 0.142857
62 65 0.142857
63 65 0.142857
64 65 0.142857
66 65 0.142857
67 65 0.142857
68 65 0.142857
69 65 0.142857
62 66 0.125
63 66 0.125
64 66 0.125
65 66 0.125
67 66 0.125
68 66 0.125
69 66 0.125
70 66 0.125
63 67 0.125
64 67 0.125
65 67 0.125
66 67 0.125
68 67 0.125
71 67 0.125
193 67 0.125
218 67 0.125
63 184 0.111111
91 184 0.111111
180 184 0.111111
181 184 0.111111
182 184 0.111111
183 184 0.111111
185 184 0.111111
186 184 0.111111
188 184 0.111111
64 68 0.111111
65 68 0.111111
66 68 0.111111
67 68 0.111111
69 68 0.111111
70 68 0.111111
71 68 0.111111
72 68 0.111111
301 68 0.111111
65 69 0.142857
66 69 0.142857
68 69 0.142857
71 69 0.142857
73 69 0.142857
200 69 0.142857
277 69 0.142857
67 71 0.125
68 71 0.125
69 71 0.125
70 71 0.125
72 71 0.125
73 71 0.125
75 71 0.125
281 71 0.125
67 193 0.083333
189 193 0.083333
190 193 0.083333
191 193 0.083333
192 193 0.083333
194 193 0.083333
195 193 0.083333
196 193 0.083333
197 193 0.083333
261 193 0.083333
235 193 0.083333
283 193 0.083333
67 218 0.1
172 218 0.1
214 218 0.1
215 218 0.1
216 218 0.1
217 218 0.1
220 218 0.1
221 218 0.1
222 218 0.1
275 218 0.1
68 72 0.166667
71 72 0.166667
73 72 0.166667
74 72 0.166667
75 72 0.166667
76 72 0.166667
68 301 0.142857
271 301 0.142857
297 301 0.142857
298 301 0.142857
300 301 0.142857
304 301 0.142857
305 301 0.142857
69 73 0.125
70 73 0.125
71 73 0.125
72 73 0.125
74 73 0.125
76 73 0.125
77 73 0.125
285 73 0.125
69 200 0.125
196 200 0.125
197 200 0.125
198 200 0.125
201 200 0.125
202 200 0.125
203 200 0.125
204 200 0.125
69 277 0.1
153 277 0.1
273 277 0.1
274 277 0.1
275 277 0.1
276 277 0.1
278 277 0.1
279 277 0.1
280 277 0.1
281 277 0.1
70 312 0.1
201 312 0.1
308 312 0.1
309 312 0.1
310 312 0.1
311 312 0.1
313 312 0.1
314 312 0.1
315 312 0.1
316 312 0.1
71 75 0.125
72 75 0.125
74 75 0.125
76 75 0.125
77 75 0.125
78 75 0.125
79 75 0.125
194 75 0.125
71 281 0.1
97 281 0.1
277 281 0.1
278 281 0.1
279 281 0.1
280 281 0.1
282 281 0.1
283 281 0.1
284 281 0.1
285 281 0.1
72 74 0.166667
73 74 0.166667
75 74 0.166667
76 74 0.166667
77 74 0.166667
78 74 0.166667
72 76 0.125
73 76 0.125
74 76 0.125
75 76 0.125
77 76 0.125
78 76 0.125
79 76 0.125
255 76 0.125
73 285 0.1
110 285 0.1
281 285 0.1
282 285 0.1
283 285 0.1
284 285 0.1
286 285 0.1
287 285 0.1
288 285 0.1
289 285 0.1
74 78 0.1
75 78 0.1
76 78 0.1
77 78 0.1
79 78 0.1
80 78 0.1
81 78 0.1
82 78 0.1
300 78 0.1
125 78 0.1
75 79 0.111111
76 79 0.111111
77 79 0.111111
78 79 0.111111
80 79 0.111111
81 79 0.111111
82 79 0.111111
83 79 0.111111
199 79 0.111111
75 194 0.111111
190 194 0.111111
191 194 0.111111
192 194 0.111111
193 194 0.111111
195 194 0.111111
196 194 0.111111
197 194 0.111111
254 194 0.111111
76 255 0.111111
251 255 0.111111
252 255 0.111111
253 255 0.111111
254 255 0.111111
256 255 0.111111
257 255 0.111111
258 255 0.111111
259 255 0.111111
77 80 0.142857
78 80 0.142857
79 80 0.142857
81 80 0.142857
82 80 0.142857
83 80 0.142857
145 80 0.142857
77 81 0.125
78 81 0.125
79 81 0.125
80 81 0.125
82 81 0.125
83 81 0.125
84 81 0.125
85 81 0.125
78 82 0.125
79 82 0.125
80 82 0.125
81 82 0.125
83 82 0.125
84 82 0.125
85 82 0.125
86 82 0.125
78 125 0.142857
121 125 0.142857
122 125 0.142857
124 125 0.142857
127 125 0.142857
128 125 0.142857
162 125 0.142857
79 83 0.1
80 83 0.1
81 83 0.1
82 83 0.1
84 83 0.1
85 83 0.1
86 83 0.1
87 83 0.1
185 83 0.1
186 83 0.1
79 199 0.142857
195 199 0.142857
197 199 0.142857
198 199 0.142857
201 199 0.142857
202 199 0.142857
203 199 0.142857
80 145 0.111111
121 145 0.111111
141 145 0.111111
142 145 0.111111
143 145 0.111111
144 145 0.111111
146 145 0.111111
147 145 0.111111
148 145 0.111111
81 84 0.142857
82 84 0.142857
83 84 0.142857
85 84 0.142857
86 84 0.142857
87 84 0.142857
88 84 0.142857
81 85 0.125
82 85 0.125
83 85 0.125
84 85 0.125
86 85 0.125
87 85 0.125
88 85 0.125
89 85 0.125
82 86 0.125
83 86 0.125
84 86 0.125
85 86 0.125
87 86 0.125
88 86 0.125
89 86 0.125
291 86 0.125
83 87 0.125
84 87 0.125
85 87 0.125
86 87 0.125
88 87 0.125
89 87 0.125
90 87 0.125
91 87 0.125
83 185 0.142857
152 185 0.142857
181 185 0.142857
182 185 0.142857
184 185 0.142857
186 185 0.142857
189 185 0.142857
83 186 0.125
180 186 0.125
182 186 0.125
184 186 0.125
185 186 0.125
187 186 0.125
188 186 0.125
201 186 0.125
84 88 0.125
85 88 0.125
86 88 0.125
87 88 0.125
89 88 0.125
90 88 0.125
91 88 0.125
92 88 0.125
85 89 0.125
86 89 0.125
87 89 0.125
88 89 0.125
90 89 0.125
91 89 0.125
92 89 0.125
93 89 0.125
86 291 0.125
287 291 0.125
288 291 0.125
290 291 0.125
292 291 0.125
293 291 0.125
294 291 0.125
295 291 0.125
87 90 0.142857
88 90 0.142857
89 90 0.142857
91 90 0.142857
92 90 0.142857
94 90 0.142857
203 90 0.142857
87 91 0.111111
88 91 0.111111
89 91 0.111111
90 91 0.111111
92 91 0.111111
93 91 0.111111
94 91 0.111111
95 91 0.111111
184 91 0.111111
88 92 0.125
89 92 0.125
90 92 0.125
91 92 0.125
93 92 0.125
94 92 0.125
95 92 0.125
96 92 0.125
89 93 0.142857
91 93 0.142857
92 93 0.142857
94 93 0.142857
95 93 0.142857
96 93 0.142857
97 93 0.142857
90 94 0.1
91 94 0.1
92 94 0.1
93 94 0.1
95 94 0.1
96 94 0.1
97 94 0.1
98 94 0.1
206 94 0.1
183 94 0.1
90 203 0.125
199 203 0.125
200 203 0.125
202 203 0.125
204 203 0.125
205 203 0.125
206 203 0.125
207 203 0.125
91 95 0.125
92 95 0.125
93 95 0.125
94 95 0.125
97 95 0.125
98 95 0.125
99 95 0.125
115 95 0.125
92 96 0.125
93 96 0.125
94 96 0.125
97 96 0.125
98 96 0.125
100 96 0.125
119 96 0.125
144 96 0.125
93 97 0.111111
94 97 0.111111
95 97 0.111111
96 97 0.111111
98 97 0.111111
100 97 0.111111
101 97 0.111111
221 97 0.111111
281 97 0.111111
94 98 0.125
95 98 0.125
96 98 0.125
97 98 0.125
100 98 0.125
101 98 0.125
102 98 0.125
244 98 0.125
94 206 0.125
202 206 0.125
203 206 0.125
204 206 0.125
205 206 0.125
208 206 0.125
209 206 0.125
210 206 0.125
94 183 0.142857
179 183 0.142857
181 183 0.142857
182 183 0.142857
184 183 0.142857
187 183 0.142857
297 183 0.142857
95 99 0.2
100 99 0.2
101 99 0.2
102 99 0.2
103 99 0.2
95 115 0.111111
111 115 0.111111
112 115 0.111111
113 115 0.111111
114 115 0.111111
116 115 0.111111
117 115 0.111111
118 115 0.111111
119 115 0.111111
96 100 0.111111
97 100 0.111111
98 100 0.111111
99 100 0.111111
101 100 0.111111
102 100 0.111111
103 100 0.111111
104 100 0.111111
112 100 0.111111
96 119 0.111111
115 119 0.111111
116 119 0.111111
117 119 0.111111
118 119 0.111111
120 119 0.111111
122 119 0.111111
123 119 0.111111
254 119 0.111111
96 144 0.142857
140 144 0.142857
141 144 0.142857
145 144 0.142857
146 144 0.142857
147 144 0.142857
148 144 0.142857
97 221 0.125
217 221 0.125
218 221 0.125
219 221 0.125
220 221 0.125
223 221 0.125
224 221 0.125
290 221 0.125
98 102 0.111111
99 102 0.111111
100 102 0.111111
101 102 0.111111
103 102 0.111111
104 102 0.111111
105 102 0.111111
106 102 0.111111
250 102 0.111111
98 244 0.111111
240 244 0.111111
241 244 0.111111
242 244 0.111111
243 244 0.111111
245 244 0.111111
246 244 0.111111
247 244 0.111111
248 244 0.111111
99 103 0.125
100 103 0.125
101 103 0.125
102 103 0.125
105 103 0.125
106 103 0.125
107 103 0.125
129 103 0.125
100 104 0.166667
102 104 0.166667
105 104 0.166667
106 104 0.166667
107 104 0.166667
108 104 0.166667
101 105 0.125
102 105 0.125
103 105 0.125
104 105 0.125
106 105 0.125
107 105 0.125
108 105 0.125
109 105 0.125
102 106 0.125
103 106 0.125
104 106 0.125
105 106 0.125
107 106 0.125
108 106 0.125
109 106 0.125
110 106 0.125
102 250 0.142857
246 250 0.142857
248 250 0.142857
249 250 0.142857
251 250 0.142857
253 250 0.142857
254 250 0.142857
103 129 0.111111
126 129 0.111111
127 129 0.111111
128 129 0.111111
130 129 0.111111
131 129 0.111111
132 129 0.111111
133 129 0.111111
310 129 0.111111
104 108 0.125
105 108 0.125
106 108 0.125
107 108 0.125
109 108 0.125
110 108 0.125
111 108 0.125
112 108 0.125
105 109 0.125
106 109 0.125
107 109 0.125
108 109 0.125
110 109 0.125
111 109 0.125
113 109 0.125
153 109 0.125
106 110 0.1
107 110 0.1
108 110 0.1
109 110 0.1
112 110 0.1
113 110 0.1
114 110 0.1
285 110 0.1
180 110 0.1
233 110 0.1
107 111 0.142857
108 111 0.142857
109 111 0.142857
112 111 0.142857
113 111 0.142857
114 111 0.142857
115 111 0.142857
109 113 0.142857
110 113 0.142857
111 113 0.142857
114 113 0.142857
115 113 0.142857
116 113 0.142857
117 113 0.142857
109 153 0.1
149 153 0.1
150 153 0.1
151 153 0.1
152 153 0.1
154 153 0.1
155 153 0.1
157 153 0.1
277 153 0.1
191 153 0.1
110 114 0.125
111 114 0.125
112 114 0.125
113 114 0.125
115 114 0.125
116 114 0.125
117 114 0.125
118 114 0.125
110 180 0.1
140 180 0.1
176 180 0.1
177 180 0.1
178 180 0.1
181 180 0.1
182 180 0.1
184 180 0.1
186 180 0.1
278 180 0.1
110 233 0.125
229 233 0.125
230 233 0.125
231 233 0.125
232 233 0.125
234 233 0.125
235 233 0.125
236 233 0.125
113 117 0.125
114 117 0.125
115 117 0.125
116 117 0.125
118 117 0.125
119 117 0.125
120 117 0.125
121 117 0.125
114 118 0.125
115 118 0.125
116 118 0.125
117 118 0.125
119 118 0.125
120 118 0.125
121 118 0.125
122 118 0.125
116 120 0.111111
117 120 0.111111
118 120 0.111111
119 120 0.111111
121 120 0.111111
122 120 0.111111
124 120 0.111111
140 120 0.111111
170 120 0.111111
117 121 0.125
118 121 0.125
120 121 0.125
122 121 0.125
123 121 0.125
124 121 0.125
125 121 0.125
145 121 0.125
119 123 0.142857
121 123 0.142857
122 123 0.142857
124 123 0.142857
126 123 0.142857
127 123 0.142857
143 123 0.142857
119 254 0.125
194 254 0.125
204 254 0.125
250 254 0.125
251 254 0.125
253 254 0.125
255 254 0.125
257 254 0.125
120 124 0.125
121 124 0.125
122 124 0.125
123 124 0.125
125 124 0.125
126 124 0.125
127 124 0.125
128 124 0.125
120 170 0.142857
166 170 0.142857
169 170 0.142857
171 170 0.142857
172 170 0.142857
173 170 0.142857
174 170 0.142857
122 126 0.142857
123 126 0.142857
124 126 0.142857
127 126 0.142857
128 126 0.142857
129 126 0.142857
298 126 0.142857
122 276 0.166667
162 276 0.166667
272 276 0.166667
274 276 0.166667
277 276 0.166667
279 276 0.166667
123 127 0.125
124 127 0.125
125 127 0.125
126 127 0.125
128 127 0.125
129 127 0.125
130 127 0.125
131 127 0.125
124 128 0.125
125 128 0.125
126 128 0.125
127 128 0.125
129 128 0.125
130 128 0.125
131 128 0.125
132 128 0.125
125 162 0.1
158 162 0.1
159 162 0.1
160 162 0.1
161 162 0.1
163 162 0.1
164 162 0.1
165 162 0.1
166 162 0.1
276 162 0.1
126 298 0.111111
294 298 0.111111
295 298 0.111111
296 298 0.111111
297 298 0.111111
299 298 0.111111
300 298 0.111111
301 298 0.111111
302 298 0.111111
127 130 0.142857
128 130 0.142857
129 130 0.142857
131 130 0.142857
132 130 0.142857
133 130 0.142857
134 130 0.142857
127 131 0.125
128 131 0.125
129 131 0.125
130 131 0.125
132 131 0.125
133 131 0.125
134 131 0.125
135 131 0.125
129 310 0.125
306 310 0.125
307 310 0.125
308 310 0.125
309 310 0.125
311 310 0.125
312 310 0.125
314 310 0.125
130 134 0.142857
131 134 0.142857
133 134 0.142857
135 134 0.142857
136 134 0.142857
137 134 0.142857
138 134 0.142857
131 135 0.142857
132 135 0.142857
134 135 0.142857
136 135 0.142857
137 135 0.142857
138 135 0.142857
139 135 0.142857
132 136 0.111111
133 136 0.111111
134 136 0.111111
135 136 0.111111
137 136 0.111111
138 136 0.111111
139 136 0.111111
140 136 0.111111
156 136 0.111111
133 137 0.125
134 137 0.125
135 137 0.125
136 137 0.125
138 137 0.125
139 137 0.125
140 137 0.125
141 137 0.125
133 210 0.142857
206 210 0.142857
208 210 0.142857
209 210 0.142857
212 210 0.142857
213 210 0.142857
214 210 0.142857
135 139 0.125
136 139 0.125
137 139 0.125
138 139 0.125
140 139 0.125
141 139 0.125
142 139 0.125
143 139 0.125
136 156 0.142857
152 156 0.142857
154 156 0.142857
155 156 0.142857
157 156 0.142857
158 156 0.142857
159 156 0.142857
137 141 0.142857
138 141 0.142857
139 141 0.142857
142 141 0.142857
143 141 0.142857
144 141 0.142857
145 141 0.142857
142 146 0.125
143 146 0.125
144 146 0.125
145 146 0.125
147 146 0.125
148 146 0.125
149 146 0.125
150 146 0.125
143 147 0.125
144 147 0.125
145 147 0.125
146 147 0.125
148 147 0.125
149 147 0.125
150 147 0.125
151 147 0.125
144 148 0.125
145 148 0.125
146 148 0.125
147 148 0.125
149 148 0.125
150 148 0.125
151 148 0.125
152 148 0.125
146 149 0.142857
147 149 0.142857
148 149 0.142857
150 149 0.142857
151 149 0.142857
152 149 0.142857
153 149 0.142857
147 151 0.111111
148 151 0.111111
149 151 0.111111
150 151 0.111111
152 151 0.111111
153 151 0.111111
154 151 0.111111
155 151 0.111111
299 151 0.111111
151 155 0.142857
153 155 0.142857
154 155 0.142857
156 155 0.142857
157 155 0.142857
158 155 0.142857
159 155 0.142857
151 299 0.125
295 299 0.125
296 299 0.125
297 299 0.125
298 299 0.125
300 299 0.125
302 299 0.125
303 299 0.125
152 205 0.142857
201 205 0.142857
203 205 0.142857
206 205 0.142857
207 205 0.142857
208 205 0.142857
209 205 0.142857
153 157 0.125
154 157 0.125
155 157 0.125
156 157 0.125
158 157 0.125
159 157 0.125
160 157 0.125
161 157 0.125
153 191 0.125
187 191 0.125
188 191 0.125
189 191 0.125
190 191 0.125
192 191 0.125
193 191 0.125
194 191 0.125
154 158 0.125
155 158 0.125
156 158 0.125
157 158 0.125
159 158 0.125
160 158 0.125
161 158 0.125
162 158 0.125
154 287 0.142857
284 287 0.142857
285 287 0.142857
286 287 0.142857
288 287 0.142857
289 287 0.142857
291 287 0.142857
155 159 0.125
156 159 0.125
157 159 0.125
158 159 0.125
160 159 0.125
162 159 0.125
163 159 0.125
297 159 0.125
157 160 0.125
158 160 0.125
159 160 0.125
162 160 0.125
163 160 0.125
164 160 0.125
309 160 0.125
240 160 0.125
157 161 0.166667
158 161 0.166667
162 161 0.166667
163 161 0.166667
164 161 0.166667
165 161 0.166667
159 163 0.111111
160 163 0.111111
161 163 0.111111
162 163 0.111111
164 163 0.111111
165 163 0.111111
166 163 0.111111
167 163 0.111111
230 163 0.111111
159 297 0.1
183 297 0.1
293 297 0.1
294 297 0.1
295 297 0.1
296 297 0.1
298 297 0.1
299 297 0.1
300 297 0.1
301 297 0.1
160 164 0.125
161 164 0.125
162 164 0.125
163 164 0.125
165 164 0.125
166 164 0.125
167 164 0.125
168 164 0.125
160 309 0.111111
305 309 0.111111
306 309 0.111111
307 309 0.111111
308 309 0.111111
310 309 0.111111
311 309 0.111111
312 309 0.111111
313 309 0.111111
160 240 0.125
236 240 0.125
237 240 0.125
238 240 0.125
239 240 0.125
241 240 0.125
243 240 0.125
244 240 0.125
161 165 0.125
162 165 0.125
163 165 0.125
164 165 0.125
166 165 0.125
167 165 0.125
168 165 0.125
169 165 0.125
162 166 0.125
163 166 0.125
164 166 0.125
165 166 0.125
167 166 0.125
168 166 0.125
169 166 0.125
170 166 0.125
163 230 0.125
226 230 0.125
227 230 0.125
228 230 0.125
229 230 0.125
231 230 0.125
232 230 0.125
233 230 0.125
164 168 0.125
165 168 0.125
166 168 0.125
167 168 0.125
169 168 0.125
171 168 0.125
172 168 0.125
274 168 0.125
165 169 0.125
166 169 0.125
167 169 0.125
168 169 0.125
170 169 0.125
171 169 0.125
172 169 0.125
173 169 0.125
167 252 0.142857
248 252 0.142857
249 252 0.142857
251 252 0.142857
253 252 0.142857
255 252 0.142857
256 252 0.142857
167 303 0.125
299 303 0.125
300 303 0.125
302 303 0.125
304 303 0.125
305 303 0.125
306 303 0.125
307 303 0.125
168 171 0.142857
169 171 0.142857
170 171 0.142857
172 171 0.142857
173 171 0.142857
174 171 0.142857
175 171 0.142857
168 172 0.111111
169 172 0.111111
170 172 0.111111
171 172 0.111111
173 172 0.111111
174 172 0.111111
175 172 0.111111
176 172 0.111111
218 172 0.111111
168 274 0.125
270 274 0.125
271 274 0.125
272 274 0.125
275 274 0.125
276 274 0.125
277 274 0.125
278 274 0.125
169 173 0.125
170 173 0.125
171 173 0.125
172 173 0.125
174 173 0.125
175 173 0.125
176 173 0.125
177 173 0.125
170 174 0.125
171 174 0.125
172 174 0.125
173 174 0.125
175 174 0.125
176 174 0.125
177 174 0.125
178 174 0.125
172 176 0.142857
173 176 0.142857
174 176 0.142857
178 176 0.142857
179 176 0.142857
180 176 0.142857
272 176 0.142857
174 178 0.125
175 178 0.125
176 178 0.125
177 178 0.125
179 178 0.125
180 178 0.125
181 178 0.125
182 178 0.125
175 269 0.111111
265 269 0.111111
266 269 0.111111
267 269 0.111111
268 269 0.111111
270 269 0.111111
271 269 0.111111
272 269 0.111111
273 269 0.111111
176 179 0.142857
177 179 0.142857
178 179 0.142857
181 179 0.142857
182 179 0.142857
183 179 0.142857
273 179 0.142857
176 272 0.111111
268 272 0.111111
269 272 0.111111
270 272 0.111111
271 272 0.111111
273 272 0.111111
274 272 0.111111
275 272 0.111111
276 272 0.111111
177 181 0.125
178 181 0.125
179 181 0.125
180 181 0.125
182 181 0.125
183 181 0.125
184 181 0.125
185 181 0.125
178 182 0.125
179 182 0.125
180 182 0.125
181 182 0.125
183 182 0.125
184 182 0.125
185 182 0.125
186 182 0.125
180 278 0.142857
274 278 0.142857
275 278 0.142857
277 278 0.142857
279 278 0.142857
280 278 0.142857
281 278 0.142857
183 187 0.166667
186 187 0.166667
188 187 0.166667
189 187 0.166667
190 187 0.166667
191 187 0.166667
184 188 0.142857
186 188 0.142857
187 188 0.142857
189 188 0.142857
190 188 0.142857
191 188 0.142857
192 188 0.142857
185 189 0.142857
187 189 0.142857
188 189 0.142857
190 189 0.142857
191 189 0.142857
192 189 0.142857
193 189 0.142857
186 201 0.125
197 201 0.125
198 201 0.125
199 201 0.125
200 201 0.125
202 201 0.125
205 201 0.125
312 201 0.125
187 190 0.142857
188 190 0.142857
189 190 0.142857
191 190 0.142857
192 190 0.142857
193 190 0.142857
194 190 0.142857
188 192 0.125
189 192 0.125
190 192 0.125
191 192 0.125
193 192 0.125
194 192 0.125
195 192 0.125
196 192 0.125
192 195 0.142857
193 195 0.142857
194 195 0.142857
196 195 0.142857
197 195 0.142857
198 195 0.142857
199 195 0.142857
192 196 0.125
193 196 0.125
194 196 0.125
195 196 0.125
197 196 0.125
198 196 0.125
200 196 0.125
258 196 0.125
193 197 0.125
194 197 0.125
195 197 0.125
196 197 0.125
198 197 0.125
199 197 0.125
200 197 0.125
201 197 0.125
193 235 0.142857
231 235 0.142857
232 235 0.142857
233 235 0.142857
236 235 0.142857
238 235 0.142857
239 235 0.142857
196 258 0.142857
255 258 0.142857
256 258 0.142857
259 258 0.142857
260 258 0.142857
261 258 0.142857
262 258 0.142857
200 204 0.142857
202 204 0.142857
203 204 0.142857
206 204 0.142857
207 204 0.142857
208 204 0.142857
254 204 0.142857
204 208 0.125
205 208 0.125
206 208 0.125
207 208 0.125
209 208 0.125
210 208 0.125
211 208 0.125
212 208 0.125
205 209 0.125
206 209 0.125
207 209 0.125
208 209 0.125
210 209 0.125
211 209 0.125
212 209 0.125
213 209 0.125
207 211 0.142857
208 211 0.142857
209 211 0.142857
212 211 0.142857
213 211 0.142857
214 211 0.142857
215 211 0.142857
208 212 0.125
209 212 0.125
210 212 0.125
211 212 0.125
213 212 0.125
214 212 0.125
215 212 0.125
216 212 0.125
209 213 0.125
210 213 0.125
211 213 0.125
212 213 0.125
214 213 0.125
215 213 0.125
216 213 0.125
217 213 0.125
210 214 0.125
211 214 0.125
212 214 0.125
213 214 0.125
215 214 0.125
216 214 0.125
217 214 0.125
218 214 0.125
211 215 0.125
212 215 0.125
213 215 0.125
214 215 0.125
216 215 0.125
217 215 0.125
218 215 0.125
219 215 0.125
212 216 0.125
213 216 0.125
214 216 0.125
215 216 0.125
217 216 0.125
218 216 0.125
219 216 0.125
220 216 0.125
213 217 0.125
214 217 0.125
215 217 0.125
216 217 0.125
218 217 0.125
219 217 0.125
220 217 0.125
221 217 0.125
215 219 0.142857
216 219 0.142857
217 219 0.142857
220 219 0.142857
221 219 0.142857
222 219 0.142857
223 219 0.142857
216 220 0.125
217 220 0.125
218 220 0.125
219 220 0.125
221 220 0.125
222 220 0.125
223 220 0.125
224 220 0.125
218 222 0.142857
219 222 0.142857
220 222 0.142857
223 222 0.142857
224 222 0.142857
225 222 0.142857
226 222 0.142857
219 223 0.125
220 223 0.125
221 223 0.125
222 223 0.125
224 223 0.125
225 223 0.125
226 223 0.125
227 223 0.125
220 224 0.125
221 224 0.125
222 224 0.125
223 224 0.125
225 224 0.125
226 224 0.125
227 224 0.125
228 224 0.125
221 290 0.125
286 290 0.125
288 290 0.125
289 290 0.125
291 290 0.125
292 290 0.125
293 290 0.125
294 290 0.125
222 225 0.142857
223 225 0.142857
224 225 0.142857
226 225 0.142857
227 225 0.142857
228 225 0.142857
229 225 0.142857
222 226 0.125
223 226 0.125
224 226 0.125
225 226 0.125
227 226 0.125
228 226 0.125
229 226 0.125
230 226 0.125
223 227 0.125
224 227 0.125
225 227 0.125
226 227 0.125
228 227 0.125
229 227 0.125
230 227 0.125
231 227 0.125
224 228 0.125
225 228 0.125
226 228 0.125
227 228 0.125
229 228 0.125
230 228 0.125
231 228 0.125
232 228 0.125
227 231 0.125
228 231 0.125
229 231 0.125
230 231 0.125
232 231 0.125
233 231 0.125
234 231 0.125
235 231 0.125
228 232 0.125
229 232 0.125
230 232 0.125
231 232 0.125
233 232 0.125
234 232 0.125
235 232 0.125
236 232 0.125
229 293 0.125
289 293 0.125
290 293 0.125
291 293 0.125
292 293 0.125
294 293 0.125
296 293 0.125
297 293 0.125
231 234 0.142857
232 234 0.142857
233 234 0.142857
236 234 0.142857
237 234 0.142857
238 234 0.142857
283 234 0.142857
234 237 0.166667
236 237 0.166667
238 237 0.166667
239 237 0.166667
240 237 0.166667
241 237 0.166667
234 238 0.142857
235 238 0.142857
237 238 0.142857
239 238 0.142857
240 238 0.142857
241 238 0.142857
242 238 0.142857
235 239 0.125
236 239 0.125
237 239 0.125
238 239 0.125
240 239 0.125
241 239 0.125
242 239 0.125
243 239 0.125
238 242 0.142857
239 242 0.142857
241 242 0.142857
244 242 0.142857
245 242 0.142857
246 242 0.142857
283 242 0.142857
239 243 0.142857
240 243 0.142857
241 243 0.142857
244 243 0.142857
245 243 0.142857
246 243 0.142857
247 243 0.142857
241 245 0.111111
242 245 0.111111
243 245 0.111111
244 245 0.111111
246 245 0.111111
247 245 0.111111
248 245 0.111111
249 245 0.111111
260 245 0.111111
245 260 0.125
256 260 0.125
257 260 0.125
258 260 0.125
259 260 0.125
261 260 0.125
263 260 0.125
264 260 0.125
246 305 0.111111
301 305 0.111111
302 305 0.111111
303 305 0.111111
304 305 0.111111
306 305 0.111111
307 305 0.111111
308 305 0.111111
309 305 0.111111
247 251 0.125
248 251 0.125
249 251 0.125
250 251 0.125
252 251 0.125
253 251 0.125
254 251 0.125
255 251 0.125
250 253 0.142857
251 253 0.142857
252 253 0.142857
254 253 0.142857
255 253 0.142857
256 253 0.142857
257 253 0.142857
252 256 0.142857
253 256 0.142857
255 256 0.142857
257 256 0.142857
258 256 0.142857
259 256 0.142857
260 256 0.142857
253 257 0.125
254 257 0.125
255 257 0.125
256 257 0.125
259 257 0.125
260 257 0.125
261 257 0.125
262 257 0.125
255 259 0.125
256 259 0.125
257 259 0.125
258 259 0.125
260 259 0.125
261 259 0.125
262 259 0.125
263 259 0.125
257 262 0.142857
258 262 0.142857
259 262 0.142857
263 262 0.142857
264 262 0.142857
265 262 0.142857
266 262 0.142857
259 263 0.125
260 263 0.125
261 263 0.125
262 263 0.125
264 263 0.125
265 263 0.125
266 263 0.125
267 263 0.125
260 264 0.142857
261 264 0.142857
262 264 0.142857
263 264 0.142857
265 264 0.142857
266 264 0.142857
267 264 0.142857
262 266 0.125
263 266 0.125
264 266 0.125
265 266 0.125
267 266 0.125
268 266 0.125
269 266 0.125
270 266 0.125
263 267 0.125
264 267 0.125
265 267 0.125
266 267 0.125
268 267 0.125
269 267 0.125
270 267 0.125
271 267 0.125
266 270 0.125
267 270 0.125
268 270 0.125
269 270 0.125
271 270 0.125
272 270 0.125
273 270 0.125
274 270 0.125
267 271 0.125
269 271 0.125
270 271 0.125
272 271 0.125
273 271 0.125
274 271 0.125
275 271 0.125
301 271 0.125
275 279 0.125
276 279 0.125
277 279 0.125
278 279 0.125
280 279 0.125
281 279 0.125
282 279 0.125
283 279 0.125
277 280 0.142857
278 280 0.142857
279 280 0.142857
281 280 0.142857
282 280 0.142857
283 280 0.142857
284 280 0.142857
280 284 0.125
281 284 0.125
282 284 0.125
283 284 0.125
285 284 0.125
286 284 0.125
287 284 0.125
288 284 0.125
284 288 0.142857
285 288 0.142857
287 288 0.142857
289 288 0.142857
290 288 0.142857
291 288 0.142857
292 288 0.142857
288 292 0.125
289 292 0.125
290 292 0.125
291 292 0.125
293 292 0.125
294 292 0.125
295 292 0.125
296 292 0.125
290 294 0.125
291 294 0.125
292 294 0.125
293 294 0.125
295 294 0.125
296 294 0.125
297 294 0.125
298 294 0.125
291 295 0.142857
292 295 0.142857
294 295 0.142857
296 295 0.142857
297 295 0.142857
298 295 0.142857
299 295 0.142857
292 296 0.125
293 296 0.125
294 296 0.125
295 296 0.125
297 296 0.125
298 296 0.125
299 296 0.125
300 296 0.125
298 302 0.166667
299 302 0.166667
303 302 0.166667
304 302 0.166667
305 302 0.166667
306 302 0.166667
300 304 0.125
301 304 0.125
302 304 0.125
303 304 0.125
305 304 0.125
306 304 0.125
307 304 0.125
308 304 0.125
302 306 0.125
303 306 0.125
304 306 0.125
305 306 0.125
307 306 0.125
308 306 0.125
309 306 0.125
310 306 0.125
303 307 0.125
304 307 0.125
305 307 0.125
306 307 0.125
308 307 0.125
309 307 0.125
310 307 0.125
311 307 0.125
304 308 0.125
305 308 0.125
306 308 0.125
307 308 0.125
309 308 0.125
310 308 0.125
311 308 0.125
312 308 0.125
1 0 0.125
316 0 0.125
2 0 0.125
315 0 0.125
3 0 0.125
314 0 0.125
4 0 0.125
313 0 0.125
