0 1 0.142857
2 1 0.142857
3 1 0.142857
4 1 0.142857
381 1 0.142857
5 1 0.142857
380 1 0.142857
0 382 0.142857
2 382 0.142857
3 382 0.142857
188 382 0.142857
378 382 0.142857
379 382 0.142857
381 382 0.142857
0 2 0.111111
1 2 0.111111
3 2 0.111111
4 2 0.111111
5 2 0.111111
382 2 0.111111
6 2 0.111111
381 2 0.111111
282 2 0.111111
0 381 0.125
1 381 0.125
2 381 0.125
377 381 0.125
378 381 0.125
379 381 0.125
380 381 0.125
382 381 0.125
0 380 0.125
1 380 0.125
51 380 0.125
376 380 0.125
377 380 0.125
378 380 0.125
379 380 0.125
381 380 0.125
0 4 0.125
1 4 0.125
2 4 0.125
3 4 0.125
6 4 0.125
7 4 0.125
8 4 0.125
99 4 0.125
0 379 0.125
375 379 0.125
376 379 0.125
377 379 0.125
378 379 0.125
380 379 0.125
381 379 0.125
382 379 0.125
0 368 0.125
364 368 0.125
365 368 0.125
366 368 0.125
367 368 0.125
370 368 0.125
371 368 0.125
372 368 0.125
0 200 0.1
169 200 0.1
196 200 0.1
197 200 0.1
198 200 0.1
199 200 0.1
201 200 0.1
202 200 0.1
203 200 0.1
204 200 0.1
1 3 0.142857
2 3 0.142857
4 3 0.142857
5 3 0.142857
6 3 0.142857
7 3 0.142857
382 3 0.142857
1 5 0.142857
2 5 0.142857
3 5 0.142857
6 5 0.142857
7 5 0.142857
8 5 0.142857
348 5 0.142857
2 6 0.1
3 6 0.1
4 6 0.1
5 6 0.1
7 6 0.1
9 6 0.1
10 6 0.1
261 6 0.1
306 6 0.1
274 6 0.1
2 282 0.125
278 282 0.125
279 282 0.125
280 282 0.125
281 282 0.125
284 282 0.125
285 282 0.125
286 282 0.125
3 7 0.125
4 7 0.125
5 7 0.125
6 7 0.125
8 7 0.125
9 7 0.125
10 7 0.125
11 7 0.125
4 8 0.142857
5 8 0.142857
7 8 0.142857
9 8 0.142857
10 8 0.142857
11 8 0.142857
12 8 0.142857
4 99 0.111111
95 99 0.111111
96 99 0.111111
97 99 0.111111
98 99 0.111111
101 99 0.111111
102 99 0.111111
103 99 0.111111
366 99 0.111111
5 348 0.111111
344 348 0.111111
345 348 0.111111
346 348 0.111111
347 348 0.111111
349 348 0.111111
350 348 0.111111
351 348 0.111111
352 348 0.111111
6 9 0.142857
7 9 0.142857
8 9 0.142857
10 9 0.142857
11 9 0.142857
12 9 0.142857
13 9 0.142857
6 10 0.1
7 10 0.1
8 10 0.1
9 10 0.1
11 10 0.1
13 10 0.1
14 10 0.1
21 10 0.1
278 10 0.1
237 10 0.1
6 261 0.125
257 261 0.125
258 261 0.125
260 261 0.125
262 261 0.125
263 261 0.125
264 261 0.125
265 261 0.125
6 306 0.125
302 306 0.125
303 306 0.125
304 306 0.125
305 306 0.125
307 306 0.125
308 306 0.125
310 306 0.125
6 274 0.125
270 274 0.125
271 274 0.125
272 274 0.125
273 274 0.125
275 274 0.125
276 274 0.125
277 274 0.125
7 11 0.125
8 11 0.125
9 11 0.125
10 11 0.125
12 11 0.125
13 11 0.125
14 11 0.125
15 11 0.125
8 12 0.142857
9 12 0.142857
11 12 0.142857
13 12 0.142857
14 12 0.142857
15 12 0.142857
16 12 0.142857
9 13 0.111111
10 13 0.111111
11 13 0.111111
12 13 0.111111
15 13 0.111111
16 13 0.111111
17 13 0.111111
285 13 0.111111
61 13 0.111111
10 14 0.142857
11 14 0.142857
12 14 0.142857
15 14 0.142857
16 14 0.142857
17 14 0.142857
18 14 0.142857
10 21 0.125
17 21 0.125
18 21 0.125
20 21 0.125
22 21 0.125
23 21 0.125
24 21 0.125
149 21 0.125
10 278 0.111111
166 278 0.111111
275 278 0.111111
276 278 0.111111
277 278 0.111111
279 278 0.111111
281 278 0.111111
282 278 0.111111
321 278 0.111111
10 237 0.142857
234 237 0.142857
235 237 0.142857
236 237 0.142857
238 237 0.142857
239 237 0.142857
240 237 0.142857
11 15 0.111111
12 15 0.111111
13 15 0.111111
14 15 0.111111
16 15 0.111111
17 15 0.111111
18 15 0.111111
19 15 0.111111
204 15 0.111111
12 16 0.125
13 16 0.125
14 16 0.125
15 16 0.125
17 16 0.125
18 16 0.125
19 16 0.125
20 16 0.125
13 17 0.125
14 17 0.125
15 17 0.125
16 17 0.125
18 17 0.125
19 17 0.125
21 17 0.125
148 17 0.125
13 285 0.111111
281 285 0.111111
282 285 0.111111
283 285 0.111111
284 285 0.111111
286 285 0.111111
287 285 0.111111
288 285 0.111111
289 285 0.111111
13 61 0.142857
58 61 0.142857
59 61 0.142857
60 61 0.142857
62 61 0.142857
63 61 0.142857
64 61 0.142857
14 18 0.125
15 18 0.125
16 18 0.125
17 18 0.125
19 18 0.125
20 18 0.125
21 18 0.125
22 18 0.125
15 19 0.125
16 19 0.125
17 19 0.125
18 19 0.125
20 19 0.125
22 19 0.125
23 19 0.125
291 19 0.125
15 204 0.125
200 204 0.125
201 204 0.125
203 204 0.125
205 204 0.125
207 204 0.125
208 204 0.125
364 204 0.125
16 20 0.142857
18 20 0.142857
19 20 0.142857
21 20 0.142857
22 20 0.142857
24 20 0.142857
25 20 0.142857
17 148 0.111111
144 148 0.111111
145 148 0.111111
146 148 0.111111
147 148 0.111111
149 148 0.111111
150 148 0.111111
151 148 0.111111
152 148 0.111111
18 22 0.125
19 22 0.125
20 22 0.125
21 22 0.125
23 22 0.125
24 22 0.125
25 22 0.125
26 22 0.125
19 23 0.142857
21 23 0.142857
22 23 0.142857
26 23 0.142857
27 23 0.142857
341 23 0.142857
373 23 0.142857
19 291 0.1
197 291 0.1
259 291 0.1
287 291 0.1
288 291 0.1
290 291 0.1
292 291 0.1
293 291 0.1
294 291 0.1
295 291 0.1
20 24 0.142857
21 24 0.142857
22 24 0.142857
25 24 0.142857
26 24 0.142857
27 24 0.142857
28 24 0.142857
20 25 0.111111
22 25 0.111111
24 25 0.111111
26 25 0.111111
27 25 0.111111
28 25 0.111111
29 25 0.111111
82 25 0.111111
371 25 0.111111
21 149 0.142857
147 149 0.142857
148 149 0.142857
150 149 0.142857
152 149 0.142857
153 149 0.142857
260 149 0.142857
22 26 0.125
23 26 0.125
24 26 0.125
25 26 0.125
27 26 0.125
28 26 0.125
29 26 0.125
30 26 0.125
23 27 0.125
24 27 0.125
25 27 0.125
26 27 0.125
28 27 0.125
30 27 0.125
31 27 0.125
314 27 0.125
23 341 0.111111
238 341 0.111111
337 341 0.111111
339 341 0.111111
340 341 0.111111
342 341 0.111111
343 341 0.111111
344 341 0.111111
345 341 0.111111
23 373 0.111111
41 373 0.111111
369 373 0.111111
370 373 0.111111
371 373 0.111111
372 373 0.111111
375 373 0.111111
376 373 0.111111
377 373 0.111111
24 28 0.125
25 28 0.125
26 28 0.125
27 28 0.125
29 28 0.125
30 28 0.125
31 28 0.125
32 28 0.125
25 29 0.142857
26 29 0.142857
28 29 0.142857
30 29 0.142857
31 29 0.142857
33 29 0.142857
119 29 0.142857
25 82 0.125
78 82 0.125
79 82 0.125
80 82 0.125
81 82 0.125
83 82 0.125
85 82 0.125
86 82 0.125
25 371 0.125
367 371 0.125
368 371 0.125
369 371 0.125
370 371 0.125
372 371 0.125
373 371 0.125
374 371 0.125
26 30 0.125
27 30 0.125
28 30 0.125
29 30 0.125
31 30 0.125
32 30 0.125
33 30 0.125
34 30 0.125
27 31 0.125
28 31 0.125
29 31 0.125
30 31 0.125
32 31 0.125
33 31 0.125
34 31 0.125
35 31 0.125
27 314 0.125
310 314 0.125
311 314 0.125
313 314 0.125
315 314 0.125
316 314 0.125
317 314 0.125
318 314 0.125
28 32 0.142857
30 32 0.142857
31 32 0.142857
33 32 0.142857
34 32 0.142857
35 32 0.142857
36 32 0.142857
29 33 0.111111
30 33 0.111111
31 33 0.111111
32 33 0.111111
34 33 0.111111
35 33 0.111111
36 33 0.111111
37 33 0.111111
265 33 0.111111
29 119 0.111111
115 119 0.111111
116 119 0.111111
117 119 0.111111
118 119 0.111111
120 119 0.111111
121 119 0.111111
122 119 0.111111
123 119 0.111111
30 34 0.125
31 34 0.125
32 34 0.125
33 34 0.125
35 34 0.125
36 34 0.125
37 34 0.125
38 34 0.125
31 35 0.125
32 35 0.125
33 35 0.125
34 35 0.125
36 35 0.125
37 35 0.125
39 35 0.125
267 35 0.125
32 36 0.125
33 36 0.125
34 36 0.125
35 36 0.125
37 36 0.125
38 36 0.125
39 36 0.125
40 36 0.125
33 37 0.125
34 37 0.125
35 37 0.125
36 37 0.125
38 37 0.125
39 37 0.125
40 37 0.125
276 37 0.125
33 265 0.142857
261 265 0.142857
262 265 0.142857
263 265 0.142857
267 265 0.142857
268 265 0.142857
269 265 0.142857
34 38 0.125
36 38 0.125
37 38 0.125
39 38 0.125
40 38 0.125
41 38 0.125
42 38 0.125
223 38 0.125
35 39 0.125
36 39 0.125
37 39 0.125
38 39 0.125
40 39 0.125
41 39 0.125
42 39 0.125
43 39 0.125
35 267 0.090909
57 267 0.090909
239 267 0.090909
263 267 0.090909
264 267 0.090909
265 267 0.090909
266 267 0.090909
268 267 0.090909
269 267 0.090909
270 267 0.090909
271 267 0.090909
36 40 0.125
37 40 0.125
38 40 0.125
39 40 0.125
41 40 0.125
42 40 0.125
43 40 0.125
44 40 0.125
37 276 0.111111
272 276 0.111111
273 276 0.111111
274 276 0.111111
275 276 0.111111
277 276 0.111111
278 276 0.111111
279 276 0.111111
280 276 0.111111
38 41 0.111111
39 41 0.111111
40 41 0.111111
42 41 0.111111
43 41 0.111111
44 41 0.111111
45 41 0.111111
373 41 0.111111
71 41 0.111111
38 42 0.125
39 42 0.125
40 42 0.125
41 42 0.125
43 42 0.125
44 42 0.125
45 42 0.125
46 42 0.125
38 223 0.125
46 223 0.125
219 223 0.125
220 223 0.125
222 223 0.125
224 223 0.125
226 223 0.125
227 223 0.125
39 43 0.111111
40 43 0.111111
41 43 0.111111
42 43 0.111111
44 43 0.111111
45 43 0.111111
46 43 0.111111
47 43 0.111111
260 43 0.111111
40 44 0.111111
41 44 0.111111
42 44 0.111111
43 44 0.111111
45 44 0.111111
46 44 0.111111
47 44 0.111111
48 44 0.111111
160 44 0.111111
41 45 0.125
42 45 0.125
43 45 0.125
44 45 0.125
46 45 0.125
47 45 0.125
48 45 0.125
49 45 0.125
41 71 0.125
67 71 0.125
68 71 0.125
69 71 0.125
70 71 0.125
72 71 0.125
74 71 0.125
186 71 0.125
42 46 0.125
43 46 0.125
44 46 0.125
45 46 0.125
47 46 0.125
48 46 0.125
49 46 0.125
223 46 0.125
43 47 0.125
44 47 0.125
45 47 0.125
46 47 0.125
48 47 0.125
49 47 0.125
50 47 0.125
51 47 0.125
43 260 0.111111
149 260 0.111111
256 260 0.111111
257 260 0.111111
258 260 0.111111
259 260 0.111111
261 260 0.111111
262 260 0.111111
263 260 0.111111
44 48 0.125
45 48 0.125
46 48 0.125
47 48 0.125
49 48 0.125
50 48 0.125
51 48 0.125
52 48 0.125
44 160 0.125
156 160 0.125
157 160 0.125
158 160 0.125
159 160 0.125
161 160 0.125
162 160 0.125
164 160 0.125
45 49 0.125
46 49 0.125
47 49 0.125
48 49 0.125
50 49 0.125
51 49 0.125
52 49 0.125
53 49 0.125
47 50 0.125
48 50 0.125
49 50 0.125
51 50 0.125
52 50 0.125
53 50 0.125
54 50 0.125
226 50 0.125
47 51 0.111111
48 51 0.111111
49 51 0.111111
50 51 0.111111
52 51 0.111111
53 51 0.111111
54 51 0.111111
55 51 0.111111
380 51 0.111111
48 52 0.125
49 52 0.125
50 52 0.125
51 52 0.125
53 52 0.125
55 52 0.125
56 52 0.125
128 52 0.125
49 53 0.125
50 53 0.125
51 53 0.125
52 53 0.125
54 53 0.125
55 53 0.125
56 53 0.125
57 53 0.125
50 54 0.142857
51 54 0.142857
53 54 0.142857
55 54 0.142857
56 54 0.142857
57 54 0.142857
58 54 0.142857
50 226 0.111111
222 226 0.111111
223 226 0.111111
224 226 0.111111
225 226 0.111111
227 226 0.111111
229 226 0.111111
230 226 0.111111
275 226 0.111111
51 55 0.125
52 55 0.125
53 55 0.125
54 55 0.125
56 55 0.125
57 55 0.125
147 55 0.125
126 55 0.125
52 56 0.111111
53 56 0.111111
54 56 0.111111
55 56 0.111111
57 56 0.111111
58 56 0.111111
59 56 0.111111
60 56 0.111111
113 56 0.111111
52 128 0.125
124 128 0.125
125 128 0.125
126 128 0.125
129 128 0.125
131 128 0.125
132 128 0.125
165 128 0.125
53 57 0.125
54 57 0.125
55 57 0.125
56 57 0.125
58 57 0.125
59 57 0.125
60 57 0.125
267 57 0.125
54 58 0.125
56 58 0.125
57 58 0.125
59 58 0.125
60 58 0.125
61 58 0.125
62 58 0.125
155 58 0.125
55 147 0.111111
143 147 0.111111
144 147 0.111111
145 147 0.111111
146 147 0.111111
148 147 0.111111
149 147 0.111111
150 147 0.111111
151 147 0.111111
55 126 0.111111
122 126 0.111111
123 126 0.111111
124 126 0.111111
125 126 0.111111
127 126 0.111111
128 126 0.111111
129 126 0.111111
130 126 0.111111
56 59 0.142857
57 59 0.142857
58 59 0.142857
60 59 0.142857
61 59 0.142857
62 59 0.142857
63 59 0.142857
56 60 0.125
57 60 0.125
58 60 0.125
59 60 0.125
61 60 0.125
62 60 0.125
63 60 0.125
64 60 0.125
56 113 0.111111
109 113 0.111111
110 113 0.111111
111 113 0.111111
112 113 0.111111
114 113 0.111111
115 113 0.111111
117 113 0.111111
161 113 0.111111
58 62 0.111111
59 62 0.111111
60 62 0.111111
61 62 0.111111
63 62 0.111111
64 62 0.111111
65 62 0.111111
66 62 0.111111
171 62 0.111111
58 155 0.125
151 155 0.125
152 155 0.125
153 155 0.125
154 155 0.125
156 155 0.125
157 155 0.125
158 155 0.125
59 63 0.090909
60 63 0.090909
61 63 0.090909
62 63 0.090909
64 63 0.090909
66 63 0.090909
67 63 0.090909
312 63 0.090909
133 63 0.090909
251 63 0.090909
357 63 0.090909
60 64 0.1
61 64 0.1
62 64 0.1
63 64 0.1
65 64 0.1
66 64 0.1
67 64 0.1
68 64 0.1
352 64 0.1
360 64 0.1
62 65 0.166667
64 65 0.166667
66 65 0.166667
67 65 0.166667
68 65 0.166667
69 65 0.166667
62 66 0.125
63 66 0.125
64 66 0.125
65 66 0.125
67 66 0.125
68 66 0.125
69 66 0.125
70 66 0.125
62 171 0.125
167 171 0.125
168 171 0.125
169 171 0.125
170 171 0.125
172 171 0.125
173 171 0.125
174 171 0.125
63 67 0.125
64 67 0.125
65 67 0.125
66 67 0.125
68 67 0.125
69 67 0.125
70 67 0.125
71 67 0.125
63 312 0.1
190 312 0.1
211 312 0.1
308 312 0.1
309 312 0.1
310 312 0.1
311 312 0.1
313 312 0.1
315 312 0.1
316 312 0.1
63 133 0.142857
130 133 0.142857
131 133 0.142857
132 133 0.142857
134 133 0.142857
136 133 0.142857
137 133 0.142857
63 251 0.111111
247 251 0.111111
248 251 0.111111
249 251 0.111111
250 251 0.111111
252 251 0.111111
253 251 0.111111
255 251 0.111111
377 251 0.111111
63 357 0.142857
353 357 0.142857
354 357 0.142857
356 357 0.142857
358 357 0.142857
359 357 0.142857
361 357 0.142857
64 68 0.125
65 68 0.125
66 68 0.125
67 68 0.125
69 68 0.125
70 68 0.125
71 68 0.125
72 68 0.125
64 352 0.125
348 352 0.125
349 352 0.125
350 352 0.125
351 352 0.125
354 352 0.125
355 352 0.125
356 352 0.125
64 360 0.142857
356 360 0.142857
358 360 0.142857
359 360 0.142857
361 360 0.142857
362 360 0.142857
363 360 0.142857
65 69 0.111111
66 69 0.111111
67 69 0.111111
68 69 0.111111
70 69 0.111111
71 69 0.111111
72 69 0.111111
73 69 0.111111
217 69 0.111111
66 70 0.125
67 70 0.125
68 70 0.125
69 70 0.125
71 70 0.125
72 70 0.125
73 70 0.125
74 70 0.125
68 72 0.125
69 72 0.125
70 72 0.125
71 72 0.125
73 72 0.125
74 72 0.125
75 72 0.125
76 72 0.125
69 73 0.111111
70 73 0.111111
72 73 0.111111
74 73 0.111111
75 73 0.111111
77 73 0.111111
150 73 0.111111
364 73 0.111111
293 73 0.111111
69 217 0.166667
213 217 0.166667
216 217 0.166667
218 217 0.166667
220 217 0.166667
221 217 0.166667
70 74 0.111111
71 74 0.111111
72 74 0.111111
73 74 0.111111
75 74 0.111111
76 74 0.111111
77 74 0.111111
78 74 0.111111
79 74 0.111111
71 186 0.111111
182 186 0.111111
183 186 0.111111
184 186 0.111111
185 186 0.111111
187 186 0.111111
188 186 0.111111
189 186 0.111111
190 186 0.111111
72 75 0.125
73 75 0.125
74 75 0.125
76 75 0.125
77 75 0.125
78 75 0.125
79 75 0.125
245 75 0.125
72 76 0.125
74 76 0.125
75 76 0.125
77 76 0.125
78 76 0.125
79 76 0.125
80 76 0.125
264 76 0.125
73 77 0.1
74 77 0.1
75 77 0.1
76 77 0.1
78 77 0.1
79 77 0.1
80 77 0.1
81 77 0.1
354 77 0.1
277 77 0.1
73 150 0.142857
147 150 0.142857
148 150 0.142857
149 150 0.142857
151 150 0.142857
153 150 0.142857
154 150 0.142857
73 364 0.125
204 364 0.125
361 364 0.125
362 364 0.125
363 364 0.125
366 364 0.125
367 364 0.125
368 364 0.125
73 293 0.1
182 293 0.1
231 293 0.1
289 293 0.1
290 293 0.1
291 293 0.1
292 293 0.1
295 293 0.1
297 293 0.1
325 293 0.1
74 78 0.125
75 78 0.125
76 78 0.125
77 78 0.125
79 78 0.125
80 78 0.125
81 78 0.125
82 78 0.125
74 79 0.125
75 79 0.125
76 79 0.125
77 79 0.125
78 79 0.125
80 79 0.125
82 79 0.125
83 79 0.125
75 245 0.125
241 245 0.125
242 245 0.125
243 245 0.125
244 245 0.125
246 245 0.125
248 245 0.125
249 245 0.125
76 80 0.111111
77 80 0.111111
78 80 0.111111
79 80 0.111111
81 80 0.111111
82 80 0.111111
83 80 0.111111
84 80 0.111111
264 80 0.111111
76 264 0.142857
80 264 0.142857
259 264 0.142857
261 264 0.142857
263 264 0.142857
267 264 0.142857
268 264 0.142857
77 81 0.142857
78 81 0.142857
80 81 0.142857
82 81 0.142857
84 81 0.142857
85 81 0.142857
337 81 0.142857
77 354 0.125
350 354 0.125
351 354 0.125
352 354 0.125
353 354 0.125
356 354 0.125
357 354 0.125
358 354 0.125
77 277 0.125
273 277 0.125
274 277 0.125
275 277 0.125
276 277 0.125
278 277 0.125
279 277 0.125
280 277 0.125
79 83 0.142857
80 83 0.142857
82 83 0.142857
84 83 0.142857
85 83 0.142857
86 83 0.142857
87 83 0.142857
80 84 0.1
81 84 0.1
83 84 0.1
85 84 0.1
86 84 0.1
87 84 0.1
88 84 0.1
254 84 0.1
262 84 0.1
218 84 0.1
81 85 0.125
82 85 0.125
83 85 0.125
84 85 0.125
86 85 0.125
87 85 0.125
89 85 0.125
242 85 0.125
81 337 0.111111
175 337 0.111111
333 337 0.111111
334 337 0.111111
335 337 0.111111
336 337 0.111111
338 337 0.111111
340 337 0.111111
341 337 0.111111
82 86 0.125
83 86 0.125
84 86 0.125
85 86 0.125
87 86 0.125
88 86 0.125
89 86 0.125
90 86 0.125
83 87 0.125
84 87 0.125
85 87 0.125
86 87 0.125
88 87 0.125
89 87 0.125
90 87 0.125
91 87 0.125
84 88 0.142857
86 88 0.142857
87 88 0.142857
89 88 0.142857
90 88 0.142857
91 88 0.142857
92 88 0.142857
84 254 0.142857
250 254 0.142857
252 254 0.142857
253 254 0.142857
255 254 0.142857
257 254 0.142857
258 254 0.142857
84 262 0.142857
259 262 0.142857
260 262 0.142857
261 262 0.142857
263 262 0.142857
265 262 0.142857
266 262 0.142857
84 218 0.125
214 218 0.125
215 218 0.125
216 218 0.125
217 218 0.125
220 218 0.125
222 218 0.125
271 218 0.125
85 89 0.111111
86 89 0.111111
87 89 0.111111
88 89 0.111111
90 89 0.111111
91 89 0.111111
92 89 0.111111
93 89 0.111111
146 89 0.111111
85 242 0.111111
238 242 0.111111
239 242 0.111111
240 242 0.111111
241 242 0.111111
243 242 0.111111
244 242 0.111111
245 242 0.111111
246 242 0.111111
86 90 0.125
87 90 0.125
88 90 0.125
89 90 0.125
91 90 0.125
92 90 0.125
93 90 0.125
94 90 0.125
87 91 0.125
88 91 0.125
89 91 0.125
90 91 0.125
92 91 0.125
93 91 0.125
94 91 0.125
95 91 0.125
88 92 0.125
89 92 0.125
90 92 0.125
91 92 0.125
93 92 0.125
94 92 0.125
95 92 0.125
96 92 0.125
89 93 0.111111
90 93 0.111111
91 93 0.111111
92 93 0.111111
94 93 0.111111
95 93 0.111111
96 93 0.111111
97 93 0.111111
304 93 0.111111
89 146 0.125
142 146 0.125
143 146 0.125
144 146 0.125
145 146 0.125
147 146 0.125
148 146 0.125
356 146 0.125
90 94 0.125
91 94 0.125
92 94 0.125
93 94 0.125
95 94 0.125
96 94 0.125
97 94 0.125
98 94 0.125
91 95 0.125
92 95 0.125
93 95 0.125
94 95 0.125
96 95 0.125
97 95 0.125
98 95 0.125
99 95 0.125
92 96 0.125
93 96 0.125
94 96 0.125
95 96 0.125
97 96 0.125
98 96 0.125
99 96 0.125
100 96 0.125
93 97 0.125
94 97 0.125
95 97 0.125
96 97 0.125
98 97 0.125
99 97 0.125
100 97 0.125
101 97 0.125
93 304 0.111111
300 304 0.111111
301 304 0.111111
302 304 0.111111
303 304 0.111111
305 304 0.111111
306 304 0.111111
308 304 0.111111
338 304 0.111111
94 98 0.125
95 98 0.125
96 98 0.125
97 98 0.125
99 98 0.125
100 98 0.125
101 98 0.125
102 98 0.125
96 100 0.125
97 100 0.125
98 100 0.125
101 100 0.125
102 100 0.125
103 100 0.125
104 100 0.125
258 100 0.125
97 101 0.111111
98 101 0.111111
99 101 0.111111
100 101 0.111111
102 101 0.111111
103 101 0.111111
104 101 0.111111
105 101 0.111111
208 101 0.111111
98 102 0.125
99 102 0.125
100 102 0.125
101 102 0.125
103 102 0.125
104 102 0.125
105 102 0.125
106 102 0.125
99 103 0.125
100 103 0.125
101 103 0.125
102 103 0.125
104 103 0.125
105 103 0.125
106 103 0.125
107 103 0.125
99 366 0.125
362 366 0.125
364 366 0.125
365 366 0.125
367 366 0.125
368 366 0.125
369 366 0.125
370 366 0.125
100 104 0.125
101 104 0.125
102 104 0.125
103 104 0.125
106 104 0.125
107 104 0.125
108 104 0.125
127 104 0.125
100 258 0.125
254 258 0.125
255 258 0.125
256 258 0.125
257 258 0.125
259 258 0.125
260 258 0.125
261 258 0.125
101 105 0.142857
102 105 0.142857
103 105 0.142857
106 105 0.142857
107 105 0.142857
108 105 0.142857
109 105 0.142857
101 208 0.125
204 208 0.125
205 208 0.125
206 208 0.125
207 208 0.125
210 208 0.125
211 208 0.125
212 208 0.125
102 106 0.125
103 106 0.125
104 106 0.125
105 106 0.125
108 106 0.125
109 106 0.125
110 106 0.125
374 106 0.125
103 107 0.142857
104 107 0.142857
105 107 0.142857
108 107 0.142857
109 107 0.142857
110 107 0.142857
111 107 0.142857
104 108 0.125
105 108 0.125
106 108 0.125
107 108 0.125
109 108 0.125
110 108 0.125
111 108 0.125
112 108 0.125
104 127 0.125
123 127 0.125
124 127 0.125
126 127 0.125
129 127 0.125
130 127 0.125
131 127 0.125
143 127 0.125
105 109 0.125
106 109 0.125
107 109 0.125
108 109 0.125
110 109 0.125
111 109 0.125
112 109 0.125
113 109 0.125
106 110 0.125
107 110 0.125
108 110 0.125
109 110 0.125
111 110 0.125
112 110 0.125
113 110 0.125
114 110 0.125
106 374 0.111111
367 374 0.111111
370 374 0.111111
371 374 0.111111
372 374 0.111111
375 374 0.111111
376 374 0.111111
377 374 0.111111
378 374 0.111111
107 111 0.125
108 111 0.125
109 111 0.125
110 111 0.125
112 111 0.125
113 111 0.125
114 111 0.125
115 111 0.125
108 112 0.125
109 112 0.125
110 112 0.125
111 112 0.125
113 112 0.125
114 112 0.125
115 112 0.125
116 112 0.125
110 114 0.125
111 114 0.125
112 114 0.125
113 114 0.125
115 114 0.125
117 114 0.125
118 114 0.125
224 114 0.125
111 115 0.111111
112 115 0.111111
113 115 0.111111
114 115 0.111111
116 115 0.111111
117 115 0.111111
118 115 0.111111
119 115 0.111111
362 115 0.111111
112 116 0.166667
115 116 0.166667
117 116 0.166667
118 116 0.166667
119 116 0.166667
120 116 0.166667
113 117 0.125
114 117 0.125
115 117 0.125
116 117 0.125
118 117 0.125
119 117 0.125
121 117 0.125
376 117 0.125
113 161 0.125
157 161 0.125
158 161 0.125
159 161 0.125
160 161 0.125
162 161 0.125
163 161 0.125
165 161 0.125
114 118 0.125
115 118 0.125
116 118 0.125
117 118 0.125
119 118 0.125
121 118 0.125
122 118 0.125
220 118 0.125
114 224 0.111111
220 224 0.111111
221 224 0.111111
222 224 0.111111
223 224 0.111111
225 224 0.111111
226 224 0.111111
228 224 0.111111
279 224 0.111111
115 362 0.125
358 362 0.125
359 362 0.125
360 362 0.125
361 362 0.125
363 362 0.125
364 362 0.125
366 362 0.125
116 120 0.166667
119 120 0.166667
121 120 0.166667
123 120 0.166667
124 120 0.166667
216 120 0.166667
117 121 0.125
118 121 0.125
119 121 0.125
120 121 0.125
122 121 0.125
123 121 0.125
124 121 0.125
125 121 0.125
117 376 0.125
373 376 0.125
374 376 0.125
375 376 0.125
377 376 0.125
378 376 0.125
379 376 0.125
380 376 0.125
118 122 0.142857
119 122 0.142857
121 122 0.142857
123 122 0.142857
124 122 0.142857
125 122 0.142857
126 122 0.142857
118 220 0.111111
216 220 0.111111
217 220 0.111111
218 220 0.111111
219 220 0.111111
221 220 0.111111
222 220 0.111111
223 220 0.111111
224 220 0.111111
119 123 0.111111
120 123 0.111111
121 123 0.111111
122 123 0.111111
124 123 0.111111
125 123 0.111111
126 123 0.111111
127 123 0.111111
279 123 0.111111
120 124 0.125
121 124 0.125
122 124 0.125
123 124 0.125
125 124 0.125
126 124 0.125
127 124 0.125
128 124 0.125
120 216 0.111111
212 216 0.111111
213 216 0.111111
214 216 0.111111
215 216 0.111111
217 216 0.111111
218 216 0.111111
219 216 0.111111
220 216 0.111111
121 125 0.125
122 125 0.125
123 125 0.125
124 125 0.125
126 125 0.125
128 125 0.125
129 125 0.125
143 125 0.125
123 279 0.125
224 279 0.125
276 279 0.125
277 279 0.125
278 279 0.125
281 279 0.125
282 279 0.125
283 279 0.125
125 129 0.111111
126 129 0.111111
127 129 0.111111
128 129 0.111111
130 129 0.111111
131 129 0.111111
132 129 0.111111
315 129 0.111111
281 129 0.111111
125 143 0.1
127 143 0.1
139 143 0.1
140 143 0.1
141 143 0.1
142 143 0.1
144 143 0.1
145 143 0.1
146 143 0.1
147 143 0.1
126 130 0.142857
127 130 0.142857
129 130 0.142857
131 130 0.142857
132 130 0.142857
133 130 0.142857
134 130 0.142857
127 131 0.125
128 131 0.125
129 131 0.125
130 131 0.125
132 131 0.125
133 131 0.125
134 131 0.125
135 131 0.125
128 132 0.111111
129 132 0.111111
130 132 0.111111
131 132 0.111111
133 132 0.111111
134 132 0.111111
135 132 0.111111
136 132 0.111111
165 132 0.111111
128 165 0.111111
132 165 0.111111
161 165 0.111111
162 165 0.111111
163 165 0.111111
164 165 0.111111
166 165 0.111111
168 165 0.111111
169 165 0.111111
129 315 0.125
311 315 0.125
312 315 0.125
313 315 0.125
314 315 0.125
317 315 0.125
318 315 0.125
319 315 0.125
129 281 0.125
278 281 0.125
279 281 0.125
280 281 0.125
282 281 0.125
283 281 0.125
284 281 0.125
285 281 0.125
130 134 0.125
131 134 0.125
132 134 0.125
133 134 0.125
135 134 0.125
136 134 0.125
137 134 0.125
138 134 0.125
131 135 0.125
132 135 0.125
134 135 0.125
136 135 0.125
137 135 0.125
138 135 0.125
139 135 0.125
215 135 0.125
132 136 0.125
133 136 0.125
134 136 0.125
135 136 0.125
137 136 0.125
138 136 0.125
139 136 0.125
140 136 0.125
133 137 0.125
134 137 0.125
135 137 0.125
136 137 0.125
138 137 0.125
139 137 0.125
140 137 0.125
141 137 0.125
134 138 0.111111
135 138 0.111111
136 138 0.111111
137 138 0.111111
139 138 0.111111
140 138 0.111111
141 138 0.111111
142 138 0.111111
225 138 0.111111
135 139 0.125
136 139 0.125
137 139 0.125
138 139 0.125
141 139 0.125
142 139 0.125
143 139 0.125
307 139 0.125
135 215 0.125
211 215 0.125
212 215 0.125
213 215 0.125
214 215 0.125
216 215 0.125
218 215 0.125
219 215 0.125
136 140 0.142857
137 140 0.142857
138 140 0.142857
141 140 0.142857
142 140 0.142857
143 140 0.142857
144 140 0.142857
137 141 0.111111
138 141 0.111111
139 141 0.111111
140 141 0.111111
142 141 0.111111
143 141 0.111111
144 141 0.111111
145 141 0.111111
184 141 0.111111
138 142 0.111111
139 142 0.111111
140 142 0.111111
141 142 0.111111
143 142 0.111111
144 142 0.111111
145 142 0.111111
146 142 0.111111
328 142 0.111111
138 225 0.142857
145 225 0.142857
221 225 0.142857
222 225 0.142857
224 225 0.142857
226 225 0.142857
229 225 0.142857
139 307 0.125
290 307 0.125
297 307 0.125
303 307 0.125
305 307 0.125
306 307 0.125
309 307 0.125
310 307 0.125
140 144 0.125
141 144 0.125
142 144 0.125
143 144 0.125
145 144 0.125
146 144 0.125
147 144 0.125
148 144 0.125
141 145 0.111111
142 145 0.111111
143 145 0.111111
144 145 0.111111
146 145 0.111111
147 145 0.111111
148 145 0.111111
225 145 0.111111
235 145 0.111111
141 184 0.142857
180 184 0.142857
181 184 0.142857
183 184 0.142857
185 184 0.142857
186 184 0.142857
187 184 0.142857
142 328 0.125
324 328 0.125
325 328 0.125
326 328 0.125
327 328 0.125
329 328 0.125
330 328 0.125
331 328 0.125
145 235 0.111111
231 235 0.111111
232 235 0.111111
233 235 0.111111
234 235 0.111111
236 235 0.111111
237 235 0.111111
238 235 0.111111
239 235 0.111111
146 356 0.111111
352 356 0.111111
353 356 0.111111
354 356 0.111111
355 356 0.111111
357 356 0.111111
358 356 0.111111
359 356 0.111111
360 356 0.111111
147 151 0.142857
148 151 0.142857
150 151 0.142857
152 151 0.142857
153 151 0.142857
155 151 0.142857
280 151 0.142857
148 152 0.142857
149 152 0.142857
151 152 0.142857
153 152 0.142857
154 152 0.142857
155 152 0.142857
156 152 0.142857
149 153 0.111111
150 153 0.111111
151 153 0.111111
152 153 0.111111
154 153 0.111111
155 153 0.111111
156 153 0.111111
157 153 0.111111
355 153 0.111111
150 154 0.142857
152 154 0.142857
153 154 0.142857
155 154 0.142857
156 154 0.142857
157 154 0.142857
158 154 0.142857
151 280 0.142857
276 280 0.142857
277 280 0.142857
281 280 0.142857
282 280 0.142857
283 280 0.142857
284 280 0.142857
152 156 0.125
153 156 0.125
154 156 0.125
155 156 0.125
157 156 0.125
158 156 0.125
159 156 0.125
160 156 0.125
153 157 0.125
154 157 0.125
155 157 0.125
156 157 0.125
158 157 0.125
159 157 0.125
160 157 0.125
161 157 0.125
153 355 0.142857
351 355 0.142857
352 355 0.142857
353 355 0.142857
356 355 0.142857
358 355 0.142857
359 355 0.142857
154 158 0.125
155 158 0.125
156 158 0.125
157 158 0.125
159 158 0.125
160 158 0.125
161 158 0.125
162 158 0.125
156 159 0.142857
157 159 0.142857
158 159 0.142857
160 159 0.142857
161 159 0.142857
162 159 0.142857
163 159 0.142857
158 162 0.111111
159 162 0.111111
160 162 0.111111
161 162 0.111111
163 162 0.111111
164 162 0.111111
165 162 0.111111
166 162 0.111111
233 162 0.111111
159 163 0.142857
161 163 0.142857
162 163 0.142857
164 163 0.142857
165 163 0.142857
166 163 0.142857
167 163 0.142857
160 164 0.142857
162 164 0.142857
163 164 0.142857
165 164 0.142857
166 164 0.142857
167 164 0.142857
168 164 0.142857
162 166 0.125
163 166 0.125
164 166 0.125
165 166 0.125
167 166 0.125
168 166 0.125
169 166 0.125
278 166 0.125
162 233 0.111111
229 233 0.111111
230 233 0.111111
231 233 0.111111
232 233 0.111111
235 233 0.111111
236 233 0.111111
369 233 0.111111
332 233 0.111111
163 167 0.142857
164 167 0.142857
166 167 0.142857
168 167 0.142857
169 167 0.142857
170 167 0.142857
171 167 0.142857
164 168 0.111111
165 168 0.111111
166 168 0.111111
167 168 0.111111
169 168 0.111111
170 168 0.111111
171 168 0.111111
172 168 0.111111
363 168 0.111111
165 169 0.125
166 169 0.125
167 169 0.125
168 169 0.125
170 169 0.125
171 169 0.125
172 169 0.125
200 169 0.125
167 170 0.142857
168 170 0.142857
169 170 0.142857
171 170 0.142857
172 170 0.142857
173 170 0.142857
174 170 0.142857
168 172 0.111111
169 172 0.111111
170 172 0.111111
171 172 0.111111
173 172 0.111111
174 172 0.111111
175 172 0.111111
176 172 0.111111
202 172 0.111111
168 363 0.142857
179 363 0.142857
360 363 0.142857
361 363 0.142857
362 363 0.142857
364 363 0.142857
367 363 0.142857
170 173 0.125
171 173 0.125
172 173 0.125
174 173 0.125
175 173 0.125
176 173 0.125
177 173 0.125
199 173 0.125
170 174 0.125
171 174 0.125
172 174 0.125
173 174 0.125
175 174 0.125
176 174 0.125
177 174 0.125
178 174 0.125
172 175 0.125
173 175 0.125
174 175 0.125
176 175 0.125
177 175 0.125
178 175 0.125
179 175 0.125
337 175 0.125
172 176 0.125
173 176 0.125
174 176 0.125
175 176 0.125
177 176 0.125
178 176 0.125
179 176 0.125
180 176 0.125
172 202 0.142857
198 202 0.142857
200 202 0.142857
201 202 0.142857
203 202 0.142857
205 202 0.142857
206 202 0.142857
173 177 0.1
174 177 0.1
175 177 0.1
176 177 0.1
178 177 0.1
179 177 0.1
180 177 0.1
181 177 0.1
287 177 0.1
289 177 0.1
173 199 0.125
195 199 0.125
196 199 0.125
197 199 0.125
198 199 0.125
200 199 0.125
201 199 0.125
203 199 0.125
174 178 0.125
175 178 0.125
176 178 0.125
177 178 0.125
179 178 0.125
180 178 0.125
181 178 0.125
182 178 0.125
175 179 0.111111
176 179 0.111111
177 179 0.111111
178 179 0.111111
180 179 0.111111
181 179 0.111111
182 179 0.111111
183 179 0.111111
363 179 0.111111
176 180 0.125
177 180 0.125
178 180 0.125
179 180 0.125
181 180 0.125
182 180 0.125
183 180 0.125
184 180 0.125
177 181 0.125
178 181 0.125
179 181 0.125
180 181 0.125
182 181 0.125
183 181 0.125
184 181 0.125
185 181 0.125
177 287 0.125
283 287 0.125
284 287 0.125
285 287 0.125
286 287 0.125
289 287 0.125
290 287 0.125
291 287 0.125
177 289 0.125
285 289 0.125
286 289 0.125
287 289 0.125
288 289 0.125
290 289 0.125
292 289 0.125
293 289 0.125
178 182 0.111111
179 182 0.111111
180 182 0.111111
181 182 0.111111
183 182 0.111111
185 182 0.111111
186 182 0.111111
293 182 0.111111
221 182 0.111111
179 183 0.125
180 183 0.125
181 183 0.125
182 183 0.125
184 183 0.125
185 183 0.125
186 183 0.125
187 183 0.125
181 185 0.125
182 185 0.125
183 185 0.125
184 185 0.125
186 185 0.125
187 185 0.125
188 185 0.125
189 185 0.125
182 221 0.142857
217 221 0.142857
219 221 0.142857
220 221 0.142857
222 221 0.142857
224 221 0.142857
225 221 0.142857
183 187 0.125
184 187 0.125
185 187 0.125
186 187 0.125
188 187 0.125
189 187 0.125
190 187 0.125
191 187 0.125
185 188 0.125
186 188 0.125
187 188 0.125
189 188 0.125
190 188 0.125
191 188 0.125
192 188 0.125
382 188 0.125
185 189 0.125
186 189 0.125
187 189 0.125
188 189 0.125
190 189 0.125
191 189 0.125
192 189 0.125
193 189 0.125
186 190 0.111111
187 190 0.111111
188 190 0.111111
189 190 0.111111
191 190 0.111111
192 190 0.111111
193 190 0.111111
194 190 0.111111
312 190 0.111111
187 191 0.125
188 191 0.125
189 191 0.125
190 191 0.125
192 191 0.125
193 191 0.125
194 191 0.125
195 191 0.125
188 192 0.125
189 192 0.125
190 192 0.125
191 192 0.125
193 192 0.125
194 192 0.125
195 192 0.125
196 192 0.125
189 193 0.125
190 193 0.125
191 193 0.125
192 193 0.125
194 193 0.125
195 193 0.125
196 193 0.125
197 193 0.125
190 194 0.125
191 194 0.125
192 194 0.125
193 194 0.125
195 194 0.125
196 194 0.125
197 194 0.125
198 194 0.125
191 195 0.125
192 195 0.125
193 195 0.125
194 195 0.125
196 195 0.125
197 195 0.125
198 195 0.125
199 195 0.125
192 196 0.125
193 196 0.125
194 196 0.125
195 196 0.125
197 196 0.125
198 196 0.125
199 196 0.125
200 196 0.125
193 197 0.125
194 197 0.125
195 197 0.125
196 197 0.125
199 197 0.125
200 197 0.125
201 197 0.125
291 197 0.125
194 198 0.125
195 198 0.125
196 198 0.125
199 198 0.125
200 198 0.125
201 198 0.125
202 198 0.125
210 198 0.125
197 201 0.125
198 201 0.125
199 201 0.125
200 201 0.125
202 201 0.125
203 201 0.125
204 201 0.125
205 201 0.125
198 210 0.125
206 210 0.125
207 210 0.125
208 210 0.125
209 210 0.125
211 210 0.125
212 210 0.125
214 210 0.125
199 203 0.125
200 203 0.125
201 203 0.125
202 203 0.125
204 203 0.125
205 203 0.125
206 203 0.125
207 203 0.125
201 205 0.125
202 205 0.125
203 205 0.125
204 205 0.125
206 205 0.125
207 205 0.125
208 205 0.125
209 205 0.125
202 206 0.142857
203 206 0.142857
205 206 0.142857
207 206 0.142857
208 206 0.142857
209 206 0.142857
210 206 0.142857
203 207 0.125
204 207 0.125
205 207 0.125
206 207 0.125
208 207 0.125
209 207 0.125
210 207 0.125
211 207 0.125
205 209 0.142857
206 209 0.142857
207 209 0.142857
210 209 0.142857
211 209 0.142857
212 209 0.142857
213 209 0.142857
207 211 0.125
208 211 0.125
209 211 0.125
210 211 0.125
212 211 0.125
213 211 0.125
215 211 0.125
312 211 0.125
208 212 0.111111
209 212 0.111111
210 212 0.111111
211 212 0.111111
213 212 0.111111
214 212 0.111111
215 212 0.111111
216 212 0.111111
294 212 0.111111
209 213 0.142857
211 213 0.142857
212 213 0.142857
214 213 0.142857
215 213 0.142857
216 213 0.142857
217 213 0.142857
210 214 0.142857
212 214 0.142857
213 214 0.142857
215 214 0.142857
216 214 0.142857
218 214 0.142857
301 214 0.142857
212 294 0.142857
290 294 0.142857
291 294 0.142857
292 294 0.142857
295 294 0.142857
296 294 0.142857
298 294 0.142857
214 301 0.1
229 301 0.1
297 301 0.1
298 301 0.1
299 301 0.1
300 301 0.1
302 301 0.1
303 301 0.1
304 301 0.1
305 301 0.1
215 219 0.166667
216 219 0.166667
220 219 0.166667
221 219 0.166667
222 219 0.166667
223 219 0.166667
218 222 0.125
219 222 0.125
220 222 0.125
221 222 0.125
223 222 0.125
224 222 0.125
225 222 0.125
226 222 0.125
218 271 0.111111
267 271 0.111111
268 271 0.111111
269 271 0.111111
270 271 0.111111
272 271 0.111111
273 271 0.111111
274 271 0.111111
275 271 0.111111
223 227 0.166667
226 227 0.166667
228 227 0.166667
229 227 0.166667
231 227 0.166667
336 227 0.166667
224 228 0.166667
227 228 0.166667
229 228 0.166667
230 228 0.166667
231 228 0.166667
232 228 0.166667
225 229 0.111111
226 229 0.111111
227 229 0.111111
228 229 0.111111
230 229 0.111111
231 229 0.111111
233 229 0.111111
301 229 0.111111
292 229 0.111111
226 230 0.142857
228 230 0.142857
229 230 0.142857
231 230 0.142857
232 230 0.142857
233 230 0.142857
234 230 0.142857
226 275 0.125
271 275 0.125
272 275 0.125
273 275 0.125
274 275 0.125
276 275 0.125
277 275 0.125
278 275 0.125
227 231 0.111111
228 231 0.111111
229 231 0.111111
230 231 0.111111
232 231 0.111111
233 231 0.111111
234 231 0.111111
235 231 0.111111
293 231 0.111111
227 336 0.125
333 336 0.125
334 336 0.125
335 336 0.125
337 336 0.125
338 336 0.125
339 336 0.125
340 336 0.125
228 232 0.142857
230 232 0.142857
231 232 0.142857
233 232 0.142857
234 232 0.142857
235 232 0.142857
236 232 0.142857
229 292 0.125
288 292 0.125
289 292 0.125
290 292 0.125
291 292 0.125
293 292 0.125
294 292 0.125
295 292 0.125
230 234 0.142857
231 234 0.142857
232 234 0.142857
235 234 0.142857
236 234 0.142857
237 234 0.142857
238 234 0.142857
232 236 0.125
233 236 0.125
234 236 0.125
235 236 0.125
237 236 0.125
238 236 0.125
239 236 0.125
240 236 0.125
233 369 0.125
320 369 0.125
365 369 0.125
366 369 0.125
367 369 0.125
371 369 0.125
372 369 0.125
373 369 0.125
233 332 0.142857
329 332 0.142857
330 332 0.142857
331 332 0.142857
333 332 0.142857
334 332 0.142857
335 332 0.142857
234 238 0.125
235 238 0.125
236 238 0.125
237 238 0.125
240 238 0.125
241 238 0.125
242 238 0.125
341 238 0.125
235 239 0.142857
236 239 0.142857
237 239 0.142857
240 239 0.142857
241 239 0.142857
242 239 0.142857
267 239 0.142857
236 240 0.125
237 240 0.125
238 240 0.125
239 240 0.125
241 240 0.125
242 240 0.125
243 240 0.125
244 240 0.125
238 241 0.125
239 241 0.125
240 241 0.125
242 241 0.125
243 241 0.125
244 241 0.125
245 241 0.125
372 241 0.125
240 243 0.142857
241 243 0.142857
242 243 0.142857
244 243 0.142857
245 243 0.142857
246 243 0.142857
247 243 0.142857
240 244 0.125
241 244 0.125
242 244 0.125
243 244 0.125
245 244 0.125
246 244 0.125
247 244 0.125
248 244 0.125
241 372 0.125
368 372 0.125
369 372 0.125
370 372 0.125
371 372 0.125
373 372 0.125
374 372 0.125
375 372 0.125
242 246 0.125
243 246 0.125
244 246 0.125
245 246 0.125
247 246 0.125
248 246 0.125
249 246 0.125
250 246 0.125
243 247 0.142857
244 247 0.142857
246 247 0.142857
248 247 0.142857
249 247 0.142857
250 247 0.142857
251 247 0.142857
244 248 0.125
245 248 0.125
246 248 0.125
247 248 0.125
249 248 0.125
250 248 0.125
251 248 0.125
252 248 0.125
245 249 0.125
246 249 0.125
247 249 0.125
248 249 0.125
250 249 0.125
251 249 0.125
252 249 0.125
253 249 0.125
246 250 0.125
247 250 0.125
248 250 0.125
249 250 0.125
251 250 0.125
252 250 0.125
253 250 0.125
254 250 0.125
248 252 0.125
249 252 0.125
250 252 0.125
251 252 0.125
253 252 0.125
254 252 0.125
255 252 0.125
256 252 0.125
249 253 0.125
250 253 0.125
251 253 0.125
252 253 0.125
254 253 0.125
256 253 0.125
257 253 0.125
300 253 0.125
251 255 0.142857
252 255 0.142857
254 255 0.142857
256 255 0.142857
257 255 0.142857
258 255 0.142857
259 255 0.142857
251 377 0.125
373 377 0.125
374 377 0.125
375 377 0.125
376 377 0.125
379 377 0.125
380 377 0.125
381 377 0.125
252 256 0.111111
253 256 0.111111
255 256 0.111111
257 256 0.111111
258 256 0.111111
259 256 0.111111
260 256 0.111111
327 256 0.111111
331 256 0.111111
253 257 0.111111
254 257 0.111111
255 257 0.111111
256 257 0.111111
258 257 0.111111
259 257 0.111111
260 257 0.111111
261 257 0.111111
359 257 0.111111
253 300 0.111111
296 300 0.111111
297 300 0.111111
298 300 0.111111
299 300 0.111111
301 300 0.111111
302 300 0.111111
303 300 0.111111
304 300 0.111111
255 259 0.125
256 259 0.125
257 259 0.125
258 259 0.125
260 259 0.125
262 259 0.125
264 259 0.125
291 259 0.125
256 327 0.125
323 327 0.125
324 327 0.125
325 327 0.125
326 327 0.125
328 327 0.125
330 327 0.125
331 327 0.125
256 331 0.125
327 331 0.125
328 331 0.125
329 331 0.125
330 331 0.125
332 331 0.125
334 331 0.125
335 331 0.125
257 359 0.125
355 359 0.125
356 359 0.125
357 359 0.125
358 359 0.125
360 359 0.125
361 359 0.125
362 359 0.125
260 263 0.142857
261 263 0.142857
262 263 0.142857
264 263 0.142857
265 263 0.142857
266 263 0.142857
267 263 0.142857
262 266 0.166667
263 266 0.166667
267 266 0.166667
268 266 0.166667
269 266 0.166667
270 266 0.166667
264 268 0.125
265 268 0.125
266 268 0.125
267 268 0.125
269 268 0.125
270 268 0.125
271 268 0.125
272 268 0.125
265 269 0.125
266 269 0.125
267 269 0.125
268 269 0.125
270 269 0.125
271 269 0.125
272 269 0.125
273 269 0.125
266 270 0.111111
267 270 0.111111
268 270 0.111111
269 270 0.111111
271 270 0.111111
272 270 0.111111
273 270 0.111111
274 270 0.111111
338 270 0.111111
268 272 0.125
269 272 0.125
270 272 0.125
271 272 0.125
273 272 0.125
274 272 0.125
275 272 0.125
276 272 0.125
269 273 0.125
270 273 0.125
271 273 0.125
272 273 0.125
274 273 0.125
275 273 0.125
276 273 0.125
277 273 0.125
270 338 0.125
304 338 0.125
334 338 0.125
335 338 0.125
336 338 0.125
337 338 0.125
340 338 0.125
342 338 0.125
278 321 0.125
317 321 0.125
318 321 0.125
319 321 0.125
320 321 0.125
322 321 0.125
323 321 0.125
324 321 0.125
279 283 0.142857
280 283 0.142857
281 283 0.142857
284 283 0.142857
285 283 0.142857
286 283 0.142857
287 283 0.142857
280 284 0.125
281 284 0.125
282 284 0.125
283 284 0.125
285 284 0.125
286 284 0.125
287 284 0.125
288 284 0.125
282 286 0.125
283 286 0.125
284 286 0.125
285 286 0.125
287 286 0.125
288 286 0.125
289 286 0.125
290 286 0.125
284 288 0.142857
285 288 0.142857
286 288 0.142857
289 288 0.142857
290 288 0.142857
291 288 0.142857
292 288 0.142857
286 290 0.111111
287 290 0.111111
288 290 0.111111
289 290 0.111111
291 290 0.111111
292 290 0.111111
293 290 0.111111
294 290 0.111111
307 290 0.111111
291 295 0.125
292 295 0.125
293 295 0.125
294 295 0.125
296 295 0.125
297 295 0.125
298 295 0.125
299 295 0.125
293 297 0.125
295 297 0.125
296 297 0.125
298 297 0.125
299 297 0.125
300 297 0.125
301 297 0.125
307 297 0.125
293 325 0.142857
322 325 0.142857
323 325 0.142857
324 325 0.142857
326 325 0.142857
327 325 0.142857
328 325 0.142857
294 296 0.166667
295 296 0.166667
297 296 0.166667
298 296 0.166667
299 296 0.166667
300 296 0.166667
294 298 0.125
295 298 0.125
296 298 0.125
297 298 0.125
299 298 0.125
300 298 0.125
301 298 0.125
302 298 0.125
295 299 0.125
296 299 0.125
297 299 0.125
298 299 0.125
300 299 0.125
301 299 0.125
302 299 0.125
303 299 0.125
298 302 0.125
299 302 0.125
300 302 0.125
301 302 0.125
303 302 0.125
304 302 0.125
305 302 0.125
306 302 0.125
299 303 0.125
300 303 0.125
301 303 0.125
302 303 0.125
304 303 0.125
305 303 0.125
306 303 0.125
307 303 0.125
301 305 0.125
302 305 0.125
303 305 0.125
304 305 0.125
306 305 0.125
307 305 0.125
308 305 0.125
309 305 0.125
304 308 0.142857
305 308 0.142857
306 308 0.142857
309 308 0.142857
310 308 0.142857
311 308 0.142857
312 308 0.142857
305 309 0.142857
307 309 0.142857
308 309 0.142857
310 309 0.142857
311 309 0.142857
312 309 0.142857
313 309 0.142857
306 310 0.125
307 310 0.125
308 310 0.125
309 310 0.125
311 310 0.125
312 310 0.125
313 310 0.125
314 310 0.125
308 311 0.142857
309 311 0.142857
310 311 0.142857
312 311 0.142857
313 311 0.142857
314 311 0.142857
315 311 0.142857
309 313 0.125
310 313 0.125
311 313 0.125
312 313 0.125
314 313 0.125
315 313 0.125
317 313 0.125
361 313 0.125
312 316 0.166667
314 316 0.166667
317 316 0.166667
318 316 0.166667
319 316 0.166667
320 316 0.166667
313 317 0.125
314 317 0.125
315 317 0.125
316 317 0.125
318 317 0.125
319 317 0.125
320 317 0.125
321 317 0.125
313 361 0.111111
357 361 0.111111
358 361 0.111111
359 361 0.111111
360 361 0.111111
362 361 0.111111
363 361 0.111111
364 361 0.111111
365 361 0.111111
314 318 0.125
315 318 0.125
316 318 0.125
317 318 0.125
319 318 0.125
320 318 0.125
321 318 0.125
322 318 0.125
315 319 0.125
316 319 0.125
317 319 0.125
318 319 0.125
320 319 0.125
321 319 0.125
322 319 0.125
323 319 0.125
316 320 0.111111
317 320 0.111111
318 320 0.111111
319 320 0.111111
321 320 0.111111
322 320 0.111111
323 320 0.111111
324 320 0.111111
369 320 0.111111
318 322 0.125
319 322 0.125
320 322 0.125
321 322 0.125
323 322 0.125
324 322 0.125
325 322 0.125
326 322 0.125
319 323 0.125
320 323 0.125
321 323 0.125
322 323 0.125
324 323 0.125
325 323 0.125
326 323 0.125
327 323 0.125
320 324 0.125
321 324 0.125
322 324 0.125
323 324 0.125
325 324 0.125
326 324 0.125
327 324 0.125
328 324 0.125
322 326 0.125
323 326 0.125
324 326 0.125
325 326 0.125
327 326 0.125
328 326 0.125
329 326 0.125
330 326 0.125
326 329 0.166667
328 329 0.166667
330 329 0.166667
331 329 0.166667
332 329 0.166667
333 329 0.166667
326 330 0.125
327 330 0.125
328 330 0.125
329 330 0.125
331 330 0.125
332 330 0.125
333 330 0.125
334 330 0.125
329 333 0.142857
330 333 0.142857
332 333 0.142857
334 333 0.142857
335 333 0.142857
336 333 0.142857
337 333 0.142857
330 334 0.125
331 334 0.125
332 334 0.125
333 334 0.125
335 334 0.125
336 334 0.125
337 334 0.125
338 334 0.125
331 335 0.125
332 335 0.125
333 335 0.125
334 335 0.125
336 335 0.125
337 335 0.125
338 335 0.125
339 335 0.125
335 339 0.166667
336 339 0.166667
340 339 0.166667
341 339 0.166667
342 339 0.166667
343 339 0.166667
336 340 0.125
337 340 0.125
338 340 0.125
339 340 0.125
341 340 0.125
342 340 0.125
343 340 0.125
344 340 0.125
338 342 0.125
339 342 0.125
340 342 0.125
341 342 0.125
343 342 0.125
344 342 0.125
345 342 0.125
346 342 0.125
339 343 0.125
340 343 0.125
341 343 0.125
342 343 0.125
344 343 0.125
345 343 0.125
346 343 0.125
347 343 0.125
340 344 0.125
341 344 0.125
342 344 0.125
343 344 0.125
345 344 0.125
346 344 0.125
347 344 0.125
348 344 0.125
341 345 0.125
342 345 0.125
343 345 0.125
344 345 0.125
346 345 0.125
347 345 0.125
348 345 0.125
349 345 0.125
342 346 0.125
343 346 0.125
344 346 0.125
345 346 0.125
347 346 0.125
348 346 0.125
349 346 0.125
350 346 0.125
343 347 0.125
344 347 0.125
345 347 0.125
346 347 0.125
348 347 0.125
349 347 0.125
350 347 0.125
351 347 0.125
345 349 0.125
346 349 0.125
347 349 0.125
348 349 0.125
350 349 0.125
351 349 0.125
352 349 0.125
353 349 0.125
346 350 0.125
347 350 0.125
348 350 0.125
349 350 0.125
351 350 0.125
352 350 0.125
353 350 0.125
354 350 0.125
347 351 0.125
348 351 0.125
349 351 0.125
350 351 0.125
352 351 0.125
353 351 0.125
354 351 0.125
355 351 0.125
349 353 0.142857
350 353 0.142857
351 353 0.142857
354 353 0.142857
355 353 0.142857
356 353 0.142857
357 353 0.142857
354 358 0.125
355 358 0.125
356 358 0.125
357 358 0.125
359 358 0.125
360 358 0.125
361 358 0.125
362 358 0.125
361 365 0.2
366 365 0.2
367 365 0.2
368 365 0.2
369 365 0.2
363 367 0.125
364 367 0.125
365 367 0.125
366 367 0.125
368 367 0.125
369 367 0.125
371 367 0.125
374 367 0.125
366 370 0.166667
368 370 0.166667
371 370 0.166667
372 370 0.166667
373 370 0.166667
374 370 0.166667
372 375 0.142857
373 375 0.142857
374 375 0.142857
376 375 0.142857
377 375 0.142857
378 375 0.142857
379 375 0.142857
374 378 0.142857
375 378 0.142857
376 378 0.142857
379 378 0.142857
380 378 0.142857
381 378 0.142857
382 378 0.142857
1 0 0.111111
382 0 0.111111
2 0 0.111111
381 0 0.111111
380 0 0.111111
4 0 0.111111
379 0 0.111111
368 0 0.111111
200 0 0.111111
