0 1 0.125
3 1 0.125
382 1 0.125
4 1 0.125
381 1 0.125
5 1 0.125
30 1 0.125
42 1 0.125
0 382 0.125
1 382 0.125
2 382 0.125
160 382 0.125
378 382 0.125
379 382 0.125
380 382 0.125
381 382 0.125
0 2 0.142857
3 2 0.142857
4 2 0.142857
5 2 0.142857
382 2 0.142857
6 2 0.142857
381 2 0.142857
0 381 0.111111
1 381 0.111111
2 381 0.111111
337 381 0.111111
377 381 0.111111
378 381 0.111111
379 381 0.111111
380 381 0.111111
382 381 0.111111
0 3 0.111111
1 3 0.111111
2 3 0.111111
4 3 0.111111
5 3 0.111111
6 3 0.111111
7 3 0.111111
46 3 0.111111
274 3 0.111111
0 380 0.125
307 380 0.125
376 380 0.125
377 380 0.125
378 380 0.125
379 380 0.125
381 380 0.125
382 380 0.125
0 4 0.125
1 4 0.125
2 4 0.125
3 4 0.125
5 4 0.125
6 4 0.125
7 4 0.125
8 4 0.125
0 379 0.1
72 379 0.1
288 379 0.1
375 379 0.1
376 379 0.1
377 379 0.1
378 379 0.1
380 379 0.1
381 379 0.1
382 379 0.1
1 5 0.125
2 5 0.125
3 5 0.125
4 5 0.125
6 5 0.125
7 5 0.125
8 5 0.125
9 5 0.125
1 30 0.125
27 30 0.125
28 30 0.125
29 30 0.125
31 30 0.125
32 30 0.125
33 30 0.125
100 30 0.125
1 42 0.111111
38 42 0.111111
39 42 0.111111
40 42 0.111111
41 42 0.111111
44 42 0.111111
45 42 0.111111
46 42 0.111111
183 42 0.111111
2 6 0.1
3 6 0.1
4 6 0.1
5 6 0.1
7 6 0.1
8 6 0.1
9 6 0.1
145 6 0.1
196 6 0.1
106 6 0.1
3 7 0.125
4 7 0.125
5 7 0.125
6 7 0.125
8 7 0.125
9 7 0.125
10 7 0.125
11 7 0.125
3 46 0.142857
42 46 0.142857
44 46 0.142857
45 46 0.142857
47 46 0.142857
49 46 0.142857
50 46 0.142857
3 274 0.125
270 274 0.125
271 274 0.125
272 274 0.125
273 274 0.125
275 274 0.125
277 274 0.125
278 274 0.125
4 8 0.125
5 8 0.125
6 8 0.125
7 8 0.125
10 8 0.125
12 8 0.125
60 8 0.125
337 8 0.125
5 9 0.142857
6 9 0.142857
7 9 0.142857
11 9 0.142857
12 9 0.142857
13 9 0.142857
322 9 0.142857
6 145 0.125
70 145 0.125
141 145 0.125
142 145 0.125
143 145 0.125
144 145 0.125
148 145 0.125
149 145 0.125
6 196 0.125
192 196 0.125
193 196 0.125
194 196 0.125
195 196 0.125
197 196 0.125
198 196 0.125
200 196 0.125
6 106 0.1
102 106 0.1
103 106 0.1
104 106 0.1
105 106 0.1
107 106 0.1
109 106 0.1
110 106 0.1
334 106 0.1
316 106 0.1
7 10 0.166667
8 10 0.166667
11 10 0.166667
12 10 0.166667
13 10 0.166667
14 10 0.166667
7 11 0.142857
9 11 0.142857
10 11 0.142857
12 11 0.142857
14 11 0.142857
15 11 0.142857
147 11 0.142857
8 12 0.125
9 12 0.125
10 12 0.125
11 12 0.125
13 12 0.125
14 12 0.125
15 12 0.125
16 12 0.125
8 60 0.111111
56 60 0.111111
57 60 0.111111
58 60 0.111111
59 60 0.111111
61 60 0.111111
62 60 0.111111
63 60 0.111111
64 60 0.111111
8 337 0.125
333 337 0.125
334 337 0.125
335 337 0.125
338 337 0.125
340 337 0.125
341 337 0.125
381 337 0.125
9 13 0.142857
10 13 0.142857
12 13 0.142857
14 13 0.142857
15 13 0.142857
16 13 0.142857
88 13 0.142857
9 322 0.142857
319 322 0.142857
320 322 0.142857
323 322 0.142857
324 322 0.142857
325 322 0.142857
326 322 0.142857
10 14 0.111111
11 14 0.111111
12 14 0.111111
13 14 0.111111
15 14 0.111111
16 14 0.111111
17 14 0.111111
18 14 0.111111
265 14 0.111111
11 15 0.125
12 15 0.125
13 15 0.125
14 15 0.125
16 15 0.125
17 15 0.125
18 15 0.125
19 15 0.125
11 147 0.125
143 147 0.125
144 147 0.125
146 147 0.125
148 147 0.125
149 147 0.125
151 147 0.125
207 147 0.125
12 16 0.125
13 16 0.125
14 16 0.125
15 16 0.125
17 16 0.125
18 16 0.125
19 16 0.125
20 16 0.125
13 88 0.111111
84 88 0.111111
85 88 0.111111
86 88 0.111111
87 88 0.111111
89 88 0.111111
90 88 0.111111
91 88 0.111111
92 88 0.111111
14 17 0.125
15 17 0.125
16 17 0.125
18 17 0.125
19 17 0.125
21 17 0.125
85 17 0.125
56 17 0.125
14 18 0.125
15 18 0.125
16 18 0.125
17 18 0.125
19 18 0.125
20 18 0.125
21 18 0.125
22 18 0.125
14 265 0.125
261 265 0.125
262 265 0.125
263 265 0.125
264 265 0.125
266 265 0.125
267 265 0.125
269 265 0.125
15 19 0.125
16 19 0.125
17 19 0.125
18 19 0.125
21 19 0.125
297 19 0.125
176 19 0.125
128 19 0.125
16 20 0.142857
18 20 0.142857
21 20 0.142857
22 20 0.142857
23 20 0.142857
24 20 0.142857
285 20 0.142857
17 21 0.125
18 21 0.125
19 21 0.125
20 21 0.125
23 21 0.125
24 21 0.125
25 21 0.125
213 21 0.125
17 85 0.142857
81 85 0.142857
83 85 0.142857
84 85 0.142857
87 85 0.142857
88 85 0.142857
89 85 0.142857
17 56 0.1
52 56 0.1
53 56 0.1
54 56 0.1
55 56 0.1
57 56 0.1
58 56 0.1
59 56 0.1
60 56 0.1
363 56 0.1
18 22 0.142857
20 22 0.142857
23 22 0.142857
24 22 0.142857
26 22 0.142857
290 22 0.142857
128 22 0.142857
19 297 0.125
293 297 0.125
294 297 0.125
296 297 0.125
298 297 0.125
299 297 0.125
300 297 0.125
301 297 0.125
19 176 0.1
172 176 0.1
173 176 0.1
174 176 0.1
175 176 0.1
177 176 0.1
178 176 0.1
179 176 0.1
223 176 0.1
360 176 0.1
19 128 0.111111
22 128 0.111111
124 128 0.111111
125 128 0.111111
126 128 0.111111
127 128 0.111111
129 128 0.111111
130 128 0.111111
132 128 0.111111
20 23 0.142857
21 23 0.142857
22 23 0.142857
24 23 0.142857
25 23 0.142857
26 23 0.142857
55 23 0.142857
20 24 0.125
21 24 0.125
22 24 0.125
23 24 0.125
25 24 0.125
26 24 0.125
27 24 0.125
28 24 0.125
20 285 0.142857
281 285 0.142857
282 285 0.142857
284 285 0.142857
288 285 0.142857
289 285 0.142857
291 285 0.142857
21 25 0.125
23 25 0.125
24 25 0.125
26 25 0.125
27 25 0.125
28 25 0.125
29 25 0.125
344 25 0.125
21 213 0.111111
108 213 0.111111
209 213 0.111111
210 213 0.111111
211 213 0.111111
212 213 0.111111
215 213 0.111111
216 213 0.111111
217 213 0.111111
22 26 0.125
23 26 0.125
24 26 0.125
25 26 0.125
27 26 0.125
28 26 0.125
29 26 0.125
251 26 0.125
22 290 0.111111
286 290 0.111111
287 290 0.111111
288 290 0.111111
289 290 0.111111
291 290 0.111111
292 290 0.111111
293 290 0.111111
294 290 0.111111
23 55 0.111111
51 55 0.111111
52 55 0.111111
53 55 0.111111
54 55 0.111111
56 55 0.111111
58 55 0.111111
59 55 0.111111
209 55 0.111111
24 27 0.125
25 27 0.125
26 27 0.125
29 27 0.125
30 27 0.125
31 27 0.125
347 27 0.125
310 27 0.125
24 28 0.142857
25 28 0.142857
26 28 0.142857
29 28 0.142857
30 28 0.142857
31 28 0.142857
372 28 0.142857
25 29 0.125
26 29 0.125
27 29 0.125
28 29 0.125
30 29 0.125
31 29 0.125
32 29 0.125
33 29 0.125
25 344 0.125
340 344 0.125
341 344 0.125
342 344 0.125
343 344 0.125
345 344 0.125
347 344 0.125
348 344 0.125
26 251 0.125
248 251 0.125
249 251 0.125
250 251 0.125
252 251 0.125
253 251 0.125
254 251 0.125
255 251 0.125
27 31 0.125
28 31 0.125
29 31 0.125
30 31 0.125
32 31 0.125
33 31 0.125
34 31 0.125
319 31 0.125
27 347 0.111111
343 347 0.111111
344 347 0.111111
345 347 0.111111
346 347 0.111111
348 347 0.111111
349 347 0.111111
350 347 0.111111
351 347 0.111111
27 310 0.125
306 310 0.125
307 310 0.125
308 310 0.125
309 310 0.125
311 310 0.125
313 310 0.125
314 310 0.125
28 372 0.1
333 372 0.1
368 372 0.1
369 372 0.1
370 372 0.1
371 372 0.1
373 372 0.1
374 372 0.1
375 372 0.1
376 372 0.1
29 32 0.142857
30 32 0.142857
31 32 0.142857
33 32 0.142857
34 32 0.142857
35 32 0.142857
366 32 0.142857
29 33 0.111111
30 33 0.111111
31 33 0.111111
32 33 0.111111
34 33 0.111111
35 33 0.111111
36 33 0.111111
37 33 0.111111
287 33 0.111111
30 100 0.125
96 100 0.125
98 100 0.125
99 100 0.125
101 100 0.125
103 100 0.125
104 100 0.125
256 100 0.125
31 34 0.125
32 34 0.125
33 34 0.125
35 34 0.125
36 34 0.125
37 34 0.125
38 34 0.125
311 34 0.125
31 319 0.1
140 319 0.1
207 319 0.1
315 319 0.1
316 319 0.1
317 319 0.1
318 319 0.1
320 319 0.1
321 319 0.1
322 319 0.1
32 35 0.142857
33 35 0.142857
34 35 0.142857
36 35 0.142857
38 35 0.142857
39 35 0.142857
95 35 0.142857
32 366 0.111111
182 366 0.111111
304 366 0.111111
362 366 0.111111
364 366 0.111111
365 366 0.111111
367 366 0.111111
368 366 0.111111
369 366 0.111111
33 36 0.142857
34 36 0.142857
35 36 0.142857
37 36 0.142857
38 36 0.142857
39 36 0.142857
40 36 0.142857
33 37 0.1
34 37 0.1
36 37 0.1
38 37 0.1
39 37 0.1
41 37 0.1
252 37 0.1
368 37 0.1
209 37 0.1
117 37 0.1
33 287 0.142857
283 287 0.142857
284 287 0.142857
286 287 0.142857
289 287 0.142857
290 287 0.142857
291 287 0.142857
34 38 0.111111
35 38 0.111111
36 38 0.111111
37 38 0.111111
39 38 0.111111
41 38 0.111111
42 38 0.111111
233 38 0.111111
248 38 0.111111
34 311 0.125
307 311 0.125
308 311 0.125
309 311 0.125
310 311 0.125
312 311 0.125
314 311 0.125
315 311 0.125
35 39 0.125
36 39 0.125
37 39 0.125
38 39 0.125
40 39 0.125
42 39 0.125
43 39 0.125
121 39 0.125
35 95 0.125
57 95 0.125
91 95 0.125
92 95 0.125
93 95 0.125
99 95 0.125
151 95 0.125
101 95 0.125
36 40 0.166667
39 40 0.166667
41 40 0.166667
42 40 0.166667
43 40 0.166667
44 40 0.166667
37 41 0.125
38 41 0.125
40 41 0.125
42 41 0.125
43 41 0.125
44 41 0.125
45 41 0.125
61 41 0.125
37 252 0.111111
248 252 0.111111
249 252 0.111111
250 252 0.111111
251 252 0.111111
254 252 0.111111
255 252 0.111111
256 252 0.111111
354 252 0.111111
37 368 0.125
364 368 0.125
365 368 0.125
366 368 0.125
367 368 0.125
369 368 0.125
371 368 0.125
372 368 0.125
37 209 0.1
55 209 0.1
205 209 0.1
206 209 0.1
207 209 0.1
208 209 0.1
210 209 0.1
211 209 0.1
212 209 0.1
213 209 0.1
37 117 0.111111
113 117 0.111111
114 117 0.111111
115 117 0.111111
116 117 0.111111
118 117 0.111111
119 117 0.111111
121 117 0.111111
363 117 0.111111
38 233 0.125
229 233 0.125
230 233 0.125
231 233 0.125
232 233 0.125
236 233 0.125
237 233 0.125
350 233 0.125
38 248 0.125
244 248 0.125
245 248 0.125
246 248 0.125
249 248 0.125
250 248 0.125
251 248 0.125
252 248 0.125
39 43 0.125
40 43 0.125
41 43 0.125
44 43 0.125
45 43 0.125
47 43 0.125
151 43 0.125
187 43 0.125
39 121 0.111111
117 121 0.111111
118 121 0.111111
119 121 0.111111
120 121 0.111111
122 121 0.111111
123 121 0.111111
124 121 0.111111
125 121 0.111111
40 44 0.111111
41 44 0.111111
42 44 0.111111
43 44 0.111111
45 44 0.111111
46 44 0.111111
47 44 0.111111
48 44 0.111111
184 44 0.111111
41 45 0.125
42 45 0.125
43 45 0.125
44 45 0.125
46 45 0.125
47 45 0.125
48 45 0.125
49 45 0.125
41 61 0.125
57 61 0.125
58 61 0.125
59 61 0.125
60 61 0.125
62 61 0.125
64 61 0.125
65 61 0.125
42 183 0.125
179 183 0.125
180 183 0.125
181 183 0.125
182 183 0.125
184 183 0.125
185 183 0.125
187 183 0.125
43 47 0.125
44 47 0.125
45 47 0.125
46 47 0.125
49 47 0.125
50 47 0.125
51 47 0.125
164 47 0.125
43 151 0.111111
95 151 0.111111
147 151 0.111111
148 151 0.111111
149 151 0.111111
150 151 0.111111
153 151 0.111111
154 151 0.111111
155 151 0.111111
43 187 0.111111
183 187 0.111111
184 187 0.111111
185 187 0.111111
186 187 0.111111
188 187 0.111111
189 187 0.111111
190 187 0.111111
191 187 0.111111
44 48 0.166667
45 48 0.166667
49 48 0.166667
50 48 0.166667
51 48 0.166667
52 48 0.166667
44 184 0.125
180 184 0.125
181 184 0.125
182 184 0.125
183 184 0.125
185 184 0.125
186 184 0.125
187 184 0.125
45 49 0.111111
46 49 0.111111
47 49 0.111111
48 49 0.111111
51 49 0.111111
52 49 0.111111
53 49 0.111111
304 49 0.111111
296 49 0.111111
46 50 0.142857
47 50 0.142857
48 50 0.142857
51 50 0.142857
53 50 0.142857
54 50 0.142857
191 50 0.142857
47 51 0.125
48 51 0.125
49 51 0.125
50 51 0.125
52 51 0.125
53 51 0.125
55 51 0.125
202 51 0.125
47 164 0.111111
160 164 0.111111
161 164 0.111111
162 164 0.111111
163 164 0.111111
165 164 0.111111
166 164 0.111111
167 164 0.111111
168 164 0.111111
48 52 0.142857
49 52 0.142857
51 52 0.142857
53 52 0.142857
54 52 0.142857
55 52 0.142857
56 52 0.142857
49 53 0.125
50 53 0.125
51 53 0.125
52 53 0.125
54 53 0.125
55 53 0.125
56 53 0.125
57 53 0.125
49 304 0.111111
72 304 0.111111
300 304 0.111111
301 304 0.111111
302 304 0.111111
303 304 0.111111
306 304 0.111111
308 304 0.111111
366 304 0.111111
49 296 0.111111
292 296 0.111111
293 296 0.111111
294 296 0.111111
295 296 0.111111
297 296 0.111111
298 296 0.111111
300 296 0.111111
346 296 0.111111
50 54 0.142857
52 54 0.142857
53 54 0.142857
55 54 0.142857
56 54 0.142857
57 54 0.142857
58 54 0.142857
50 191 0.111111
187 191 0.111111
188 191 0.111111
189 191 0.111111
190 191 0.111111
192 191 0.111111
193 191 0.111111
194 191 0.111111
195 191 0.111111
51 202 0.111111
109 202 0.111111
198 202 0.111111
199 202 0.111111
200 202 0.111111
201 202 0.111111
203 202 0.111111
204 202 0.111111
206 202 0.111111
53 57 0.125
54 57 0.125
56 57 0.125
58 57 0.125
59 57 0.125
60 57 0.125
61 57 0.125
95 57 0.125
54 58 0.125
55 58 0.125
56 58 0.125
57 58 0.125
59 58 0.125
60 58 0.125
61 58 0.125
62 58 0.125
55 59 0.111111
56 59 0.111111
57 59 0.111111
58 59 0.111111
60 59 0.111111
61 59 0.111111
62 59 0.111111
63 59 0.111111
231 59 0.111111
56 363 0.111111
117 363 0.111111
359 363 0.111111
360 363 0.111111
361 363 0.111111
362 363 0.111111
364 363 0.111111
367 363 0.111111
371 363 0.111111
58 62 0.125
59 62 0.125
60 62 0.125
61 62 0.125
63 62 0.125
64 62 0.125
65 62 0.125
66 62 0.125
59 63 0.142857
60 63 0.142857
62 63 0.142857
64 63 0.142857
65 63 0.142857
66 63 0.142857
67 63 0.142857
59 231 0.125
227 231 0.125
228 231 0.125
229 231 0.125
230 231 0.125
233 231 0.125
234 231 0.125
235 231 0.125
60 64 0.125
61 64 0.125
62 64 0.125
63 64 0.125
65 64 0.125
66 64 0.125
67 64 0.125
68 64 0.125
61 65 0.125
62 65 0.125
63 65 0.125
64 65 0.125
66 65 0.125
67 65 0.125
68 65 0.125
69 65 0.125
62 66 0.1
63 66 0.1
64 66 0.1
65 66 0.1
67 66 0.1
68 66 0.1
70 66 0.1
253 66 0.1
260 66 0.1
313 66 0.1
63 67 0.111111
64 67 0.111111
65 67 0.111111
66 67 0.111111
68 67 0.111111
69 67 0.111111
70 67 0.111111
71 67 0.111111
142 67 0.111111
64 68 0.125
65 68 0.125
66 68 0.125
67 68 0.125
69 68 0.125
70 68 0.125
71 68 0.125
72 68 0.125
65 69 0.111111
67 69 0.111111
68 69 0.111111
71 69 0.111111
72 69 0.111111
73 69 0.111111
179 69 0.111111
277 69 0.111111
105 69 0.111111
66 70 0.111111
67 70 0.111111
68 70 0.111111
71 70 0.111111
72 70 0.111111
73 70 0.111111
74 70 0.111111
145 70 0.111111
336 70 0.111111
66 253 0.142857
249 253 0.142857
250 253 0.142857
251 253 0.142857
254 253 0.142857
256 253 0.142857
257 253 0.142857
66 260 0.142857
256 260 0.142857
258 260 0.142857
259 260 0.142857
261 260 0.142857
263 260 0.142857
264 260 0.142857
66 313 0.142857
309 313 0.142857
310 313 0.142857
314 313 0.142857
315 313 0.142857
316 313 0.142857
317 313 0.142857
67 71 0.111111
68 71 0.111111
69 71 0.111111
70 71 0.111111
73 71 0.111111
74 71 0.111111
75 71 0.111111
237 71 0.111111
199 71 0.111111
67 142 0.125
138 142 0.125
139 142 0.125
140 142 0.125
141 142 0.125
143 142 0.125
145 142 0.125
146 142 0.125
68 72 0.125
69 72 0.125
70 72 0.125
73 72 0.125
75 72 0.125
76 72 0.125
304 72 0.125
379 72 0.125
69 73 0.125
70 73 0.125
71 73 0.125
72 73 0.125
74 73 0.125
75 73 0.125
76 73 0.125
77 73 0.125
69 179 0.111111
110 179 0.111111
175 179 0.111111
176 179 0.111111
177 179 0.111111
178 179 0.111111
180 179 0.111111
181 179 0.111111
183 179 0.111111
69 277 0.125
273 277 0.125
274 277 0.125
275 277 0.125
276 277 0.125
279 277 0.125
280 277 0.125
281 277 0.125
69 105 0.125
101 105 0.125
102 105 0.125
103 105 0.125
104 105 0.125
106 105 0.125
108 105 0.125
109 105 0.125
70 74 0.142857
71 74 0.142857
73 74 0.142857
75 74 0.142857
76 74 0.142857
78 74 0.142857
177 74 0.142857
70 336 0.125
84 336 0.125
150 336 0.125
332 336 0.125
334 336 0.125
335 336 0.125
339 336 0.125
340 336 0.125
71 75 0.125
72 75 0.125
73 75 0.125
74 75 0.125
76 75 0.125
77 75 0.125
78 75 0.125
79 75 0.125
71 237 0.111111
233 237 0.111111
234 237 0.111111
235 237 0.111111
236 237 0.111111
238 237 0.111111
240 237 0.111111
241 237 0.111111
278 237 0.111111
71 199 0.142857
195 199 0.142857
197 199 0.142857
198 199 0.142857
201 199 0.142857
202 199 0.142857
203 199 0.142857
72 76 0.111111
73 76 0.111111
74 76 0.111111
75 76 0.111111
78 76 0.111111
79 76 0.111111
80 76 0.111111
241 76 0.111111
84 76 0.111111
73 77 0.166667
75 77 0.166667
78 77 0.166667
79 77 0.166667
80 77 0.166667
81 77 0.166667
74 78 0.125
75 78 0.125
76 78 0.125
77 78 0.125
79 78 0.125
80 78 0.125
81 78 0.125
82 78 0.125
74 177 0.1
173 177 0.1
174 177 0.1
175 177 0.1
176 177 0.1
179 177 0.1
180 177 0.1
181 177 0.1
318 177 0.1
348 177 0.1
75 79 0.111111
76 79 0.111111
77 79 0.111111
78 79 0.111111
80 79 0.111111
81 79 0.111111
83 79 0.111111
219 79 0.111111
125 79 0.111111
76 80 0.111111
77 80 0.111111
78 80 0.111111
79 80 0.111111
81 80 0.111111
82 80 0.111111
83 80 0.111111
84 80 0.111111
321 80 0.111111
76 241 0.1
104 241 0.1
237 241 0.1
238 241 0.1
239 241 0.1
240 241 0.1
242 241 0.1
243 241 0.1
244 241 0.1
245 241 0.1
76 84 0.125
80 84 0.125
81 84 0.125
82 84 0.125
83 84 0.125
85 84 0.125
88 84 0.125
336 84 0.125
77 81 0.125
78 81 0.125
79 81 0.125
80 81 0.125
82 81 0.125
83 81 0.125
84 81 0.125
85 81 0.125
78 82 0.142857
80 82 0.142857
81 82 0.142857
83 82 0.142857
84 82 0.142857
86 82 0.142857
146 82 0.142857
79 83 0.125
80 83 0.125
81 83 0.125
82 83 0.125
84 83 0.125
85 83 0.125
86 83 0.125
87 83 0.125
79 219 0.125
216 219 0.125
217 219 0.125
218 219 0.125
220 219 0.125
221 219 0.125
222 219 0.125
223 219 0.125
79 125 0.111111
121 125 0.111111
122 125 0.111111
123 125 0.111111
124 125 0.111111
126 125 0.111111
127 125 0.111111
128 125 0.111111
153 125 0.111111
80 321 0.125
192 321 0.125
318 321 0.125
319 321 0.125
320 321 0.125
323 321 0.125
324 321 0.125
325 321 0.125
82 86 0.166667
83 86 0.166667
87 86 0.166667
88 86 0.166667
89 86 0.166667
90 86 0.166667
82 146 0.111111
142 146 0.111111
143 146 0.111111
144 146 0.111111
147 146 0.111111
148 146 0.111111
149 146 0.111111
150 146 0.111111
293 146 0.111111
83 87 0.142857
85 87 0.142857
86 87 0.142857
88 87 0.142857
89 87 0.142857
91 87 0.142857
107 87 0.142857
85 89 0.125
86 89 0.125
87 89 0.125
88 89 0.125
90 89 0.125
91 89 0.125
92 89 0.125
93 89 0.125
86 90 0.125
88 90 0.125
89 90 0.125
91 90 0.125
92 90 0.125
93 90 0.125
94 90 0.125
317 90 0.125
87 91 0.111111
88 91 0.111111
89 91 0.111111
90 91 0.111111
92 91 0.111111
93 91 0.111111
94 91 0.111111
95 91 0.111111
226 91 0.111111
87 107 0.125
103 107 0.125
104 107 0.125
106 107 0.125
108 107 0.125
109 107 0.125
111 107 0.125
375 107 0.125
88 92 0.125
89 92 0.125
90 92 0.125
91 92 0.125
93 92 0.125
94 92 0.125
95 92 0.125
96 92 0.125
89 93 0.125
90 93 0.125
91 93 0.125
92 93 0.125
94 93 0.125
95 93 0.125
96 93 0.125
97 93 0.125
90 94 0.111111
91 94 0.111111
92 94 0.111111
93 94 0.111111
96 94 0.111111
97 94 0.111111
98 94 0.111111
126 94 0.111111
352 94 0.111111
90 317 0.125
313 317 0.125
314 317 0.125
315 317 0.125
316 317 0.125
318 317 0.125
319 317 0.125
345 317 0.125
91 226 0.125
222 226 0.125
223 226 0.125
225 226 0.125
228 226 0.125
229 226 0.125
230 226 0.125
286 226 0.125
92 96 0.142857
93 96 0.142857
94 96 0.142857
97 96 0.142857
99 96 0.142857
100 96 0.142857
115 96 0.142857
93 97 0.142857
94 97 0.142857
96 97 0.142857
98 97 0.142857
99 97 0.142857
101 97 0.142857
281 97 0.142857
94 98 0.166667
97 98 0.166667
99 98 0.166667
100 98 0.166667
101 98 0.166667
102 98 0.166667
94 126 0.111111
123 126 0.111111
124 126 0.111111
125 126 0.111111
127 126 0.111111
128 126 0.111111
129 126 0.111111
130 126 0.111111
257 126 0.111111
94 352 0.125
348 352 0.125
349 352 0.125
350 352 0.125
351 352 0.125
353 352 0.125
355 352 0.125
356 352 0.125
95 99 0.125
96 99 0.125
97 99 0.125
98 99 0.125
100 99 0.125
101 99 0.125
102 99 0.125
103 99 0.125
95 101 0.111111
97 101 0.111111
98 101 0.111111
99 101 0.111111
100 101 0.111111
102 101 0.111111
103 101 0.111111
104 101 0.111111
105 101 0.111111
96 115 0.111111
111 115 0.111111
112 115 0.111111
113 115 0.111111
114 115 0.111111
116 115 0.111111
117 115 0.111111
119 115 0.111111
268 115 0.111111
97 281 0.1
277 281 0.1
278 281 0.1
279 281 0.1
280 281 0.1
282 281 0.1
283 281 0.1
284 281 0.1
285 281 0.1
291 281 0.1
98 102 0.142857
99 102 0.142857
101 102 0.142857
103 102 0.142857
104 102 0.142857
105 102 0.142857
106 102 0.142857
99 103 0.125
100 103 0.125
101 103 0.125
102 103 0.125
105 103 0.125
106 103 0.125
107 103 0.125
221 103 0.125
100 104 0.142857
101 104 0.142857
102 104 0.142857
105 104 0.142857
106 104 0.142857
107 104 0.142857
241 104 0.142857
100 256 0.111111
252 256 0.111111
253 256 0.111111
254 256 0.111111
255 256 0.111111
257 256 0.111111
258 256 0.111111
259 256 0.111111
260 256 0.111111
103 221 0.111111
217 221 0.111111
218 221 0.111111
219 221 0.111111
220 221 0.111111
222 221 0.111111
223 221 0.111111
224 221 0.111111
225 221 0.111111
105 108 0.142857
107 108 0.142857
109 108 0.142857
110 108 0.142857
111 108 0.142857
112 108 0.142857
213 108 0.142857
105 109 0.111111
106 109 0.111111
107 109 0.111111
108 109 0.111111
110 109 0.111111
111 109 0.111111
112 109 0.111111
113 109 0.111111
202 109 0.111111
106 110 0.111111
108 110 0.111111
109 110 0.111111
111 110 0.111111
113 110 0.111111
114 110 0.111111
312 110 0.111111
273 110 0.111111
179 110 0.111111
106 334 0.111111
330 334 0.111111
331 334 0.111111
332 334 0.111111
333 334 0.111111
335 334 0.111111
336 334 0.111111
337 334 0.111111
338 334 0.111111
106 316 0.111111
178 316 0.111111
312 316 0.111111
313 316 0.111111
314 316 0.111111
315 316 0.111111
317 316 0.111111
318 316 0.111111
319 316 0.111111
107 111 0.125
108 111 0.125
109 111 0.125
110 111 0.125
112 111 0.125
113 111 0.125
114 111 0.125
115 111 0.125
107 375 0.111111
182 375 0.111111
371 375 0.111111
372 375 0.111111
373 375 0.111111
376 375 0.111111
377 375 0.111111
378 375 0.111111
379 375 0.111111
108 112 0.142857
109 112 0.142857
111 112 0.142857
113 112 0.142857
114 112 0.142857
115 112 0.142857
116 112 0.142857
109 113 0.125
110 113 0.125
111 113 0.125
112 113 0.125
114 113 0.125
115 113 0.125
116 113 0.125
117 113 0.125
110 114 0.125
111 114 0.125
112 114 0.125
113 114 0.125
115 114 0.125
116 114 0.125
117 114 0.125
118 114 0.125
110 312 0.142857
308 312 0.142857
309 312 0.142857
311 312 0.142857
314 312 0.142857
315 312 0.142857
316 312 0.142857
110 273 0.111111
269 273 0.111111
270 273 0.111111
271 273 0.111111
272 273 0.111111
274 273 0.111111
275 273 0.111111
276 273 0.111111
277 273 0.111111
112 116 0.125
113 116 0.125
114 116 0.125
115 116 0.125
117 116 0.125
118 116 0.125
120 116 0.125
210 116 0.125
114 118 0.142857
116 118 0.142857
117 118 0.142857
119 118 0.142857
120 118 0.142857
121 118 0.142857
122 118 0.142857
115 119 0.125
117 119 0.125
118 119 0.125
120 119 0.125
121 119 0.125
122 119 0.125
123 119 0.125
283 119 0.125
115 268 0.125
264 268 0.125
266 268 0.125
267 268 0.125
269 268 0.125
270 268 0.125
271 268 0.125
272 268 0.125
116 120 0.142857
118 120 0.142857
119 120 0.142857
121 120 0.142857
122 120 0.142857
123 120 0.142857
124 120 0.142857
116 210 0.111111
206 210 0.111111
207 210 0.111111
208 210 0.111111
209 210 0.111111
211 210 0.111111
212 210 0.111111
213 210 0.111111
214 210 0.111111
118 122 0.125
119 122 0.125
120 122 0.125
121 122 0.125
123 122 0.125
125 122 0.125
324 122 0.125
218 122 0.125
119 123 0.111111
120 123 0.111111
121 123 0.111111
122 123 0.111111
124 123 0.111111
125 123 0.111111
126 123 0.111111
127 123 0.111111
224 123 0.111111
119 283 0.125
279 283 0.125
280 283 0.125
281 283 0.125
282 283 0.125
284 283 0.125
286 283 0.125
287 283 0.125
120 124 0.125
121 124 0.125
123 124 0.125
125 124 0.125
126 124 0.125
127 124 0.125
128 124 0.125
374 124 0.125
122 324 0.111111
320 324 0.111111
321 324 0.111111
322 324 0.111111
323 324 0.111111
325 324 0.111111
326 324 0.111111
327 324 0.111111
328 324 0.111111
122 218 0.111111
214 218 0.111111
215 218 0.111111
216 218 0.111111
217 218 0.111111
219 218 0.111111
220 218 0.111111
221 218 0.111111
222 218 0.111111
123 127 0.125
124 127 0.125
125 127 0.125
126 127 0.125
128 127 0.125
129 127 0.125
130 127 0.125
131 127 0.125
123 224 0.142857
220 224 0.142857
221 224 0.142857
222 224 0.142857
225 224 0.142857
227 224 0.142857
228 224 0.142857
124 374 0.142857
370 374 0.142857
371 374 0.142857
372 374 0.142857
376 374 0.142857
377 374 0.142857
378 374 0.142857
125 153 0.125
149 153 0.125
150 153 0.125
151 153 0.125
152 153 0.125
154 153 0.125
156 153 0.125
157 153 0.125
126 129 0.142857
127 129 0.142857
128 129 0.142857
130 129 0.142857
131 129 0.142857
132 129 0.142857
133 129 0.142857
126 130 0.111111
127 130 0.111111
128 130 0.111111
129 130 0.111111
131 130 0.111111
132 130 0.111111
133 130 0.111111
134 130 0.111111
373 130 0.111111
126 257 0.111111
253 257 0.111111
254 257 0.111111
255 257 0.111111
256 257 0.111111
258 257 0.111111
259 257 0.111111
261 257 0.111111
306 257 0.111111
127 131 0.125
129 131 0.125
130 131 0.125
132 131 0.125
133 131 0.125
134 131 0.125
135 131 0.125
261 131 0.125
128 132 0.125
129 132 0.125
130 132 0.125
131 132 0.125
133 132 0.125
134 132 0.125
135 132 0.125
136 132 0.125
129 133 0.125
130 133 0.125
131 133 0.125
132 133 0.125
134 133 0.125
135 133 0.125
136 133 0.125
137 133 0.125
130 134 0.125
131 134 0.125
132 134 0.125
133 134 0.125
135 134 0.125
136 134 0.125
137 134 0.125
138 134 0.125
130 373 0.142857
369 373 0.142857
370 373 0.142857
372 373 0.142857
375 373 0.142857
376 373 0.142857
377 373 0.142857
131 135 0.125
132 135 0.125
133 135 0.125
134 135 0.125
136 135 0.125
137 135 0.125
138 135 0.125
139 135 0.125
131 261 0.1
222 261 0.1
257 261 0.1
258 261 0.1
259 261 0.1
260 261 0.1
262 261 0.1
264 261 0.1
265 261 0.1
358 261 0.1
132 136 0.125
133 136 0.125
134 136 0.125
135 136 0.125
137 136 0.125
138 136 0.125
139 136 0.125
140 136 0.125
133 137 0.111111
134 137 0.111111
135 137 0.111111
136 137 0.111111
138 137 0.111111
139 137 0.111111
140 137 0.111111
141 137 0.111111
370 137 0.111111
134 138 0.125
135 138 0.125
136 138 0.125
137 138 0.125
139 138 0.125
140 138 0.125
141 138 0.125
142 138 0.125
135 139 0.125
136 139 0.125
137 139 0.125
138 139 0.125
140 139 0.125
141 139 0.125
142 139 0.125
143 139 0.125
136 140 0.111111
137 140 0.111111
138 140 0.111111
139 140 0.111111
141 140 0.111111
142 140 0.111111
143 140 0.111111
144 140 0.111111
319 140 0.111111
137 141 0.111111
138 141 0.111111
139 141 0.111111
140 141 0.111111
142 141 0.111111
143 141 0.111111
144 141 0.111111
145 141 0.111111
185 141 0.111111
137 370 0.166667
367 370 0.166667
369 370 0.166667
372 370 0.166667
373 370 0.166667
374 370 0.166667
139 143 0.125
140 143 0.125
141 143 0.125
142 143 0.125
144 143 0.125
145 143 0.125
146 143 0.125
147 143 0.125
140 144 0.142857
141 144 0.142857
143 144 0.142857
145 144 0.142857
146 144 0.142857
147 144 0.142857
148 144 0.142857
141 185 0.125
181 185 0.125
182 185 0.125
183 185 0.125
184 185 0.125
186 185 0.125
187 185 0.125
189 185 0.125
144 148 0.111111
145 148 0.111111
146 148 0.111111
147 148 0.111111
149 148 0.111111
150 148 0.111111
151 148 0.111111
152 148 0.111111
225 148 0.111111
145 149 0.125
146 149 0.125
147 149 0.125
148 149 0.125
150 149 0.125
151 149 0.125
152 149 0.125
153 149 0.125
146 150 0.125
148 150 0.125
149 150 0.125
151 150 0.125
152 150 0.125
153 150 0.125
154 150 0.125
336 150 0.125
146 293 0.125
289 293 0.125
290 293 0.125
291 293 0.125
292 293 0.125
294 293 0.125
296 293 0.125
297 293 0.125
147 207 0.1
171 207 0.1
203 207 0.1
204 207 0.1
205 207 0.1
206 207 0.1
209 207 0.1
210 207 0.1
211 207 0.1
319 207 0.1
148 152 0.142857
149 152 0.142857
150 152 0.142857
153 152 0.142857
154 152 0.142857
155 152 0.142857
156 152 0.142857
148 225 0.125
221 225 0.125
222 225 0.125
223 225 0.125
224 225 0.125
226 225 0.125
227 225 0.125
229 225 0.125
150 154 0.125
151 154 0.125
152 154 0.125
153 154 0.125
156 154 0.125
157 154 0.125
158 154 0.125
378 154 0.125
151 155 0.166667
152 155 0.166667
156 155 0.166667
157 155 0.166667
158 155 0.166667
159 155 0.166667
152 156 0.125
153 156 0.125
154 156 0.125
155 156 0.125
157 156 0.125
158 156 0.125
159 156 0.125
160 156 0.125
153 157 0.125
154 157 0.125
155 157 0.125
156 157 0.125
158 157 0.125
159 157 0.125
160 157 0.125
161 157 0.125
154 158 0.125
155 158 0.125
156 158 0.125
157 158 0.125
159 158 0.125
160 158 0.125
161 158 0.125
162 158 0.125
154 378 0.111111
374 378 0.111111
375 378 0.111111
376 378 0.111111
377 378 0.111111
379 378 0.111111
380 378 0.111111
381 378 0.111111
382 378 0.111111
155 159 0.111111
156 159 0.111111
157 159 0.111111
158 159 0.111111
160 159 0.111111
161 159 0.111111
162 159 0.111111
163 159 0.111111
330 159 0.111111
156 160 0.1
157 160 0.1
158 160 0.1
159 160 0.1
161 160 0.1
162 160 0.1
164 160 0.1
216 160 0.1
325 160 0.1
382 160 0.1
157 161 0.125
158 161 0.125
159 161 0.125
160 161 0.125
162 161 0.125
163 161 0.125
164 161 0.125
165 161 0.125
158 162 0.125
159 162 0.125
160 162 0.125
161 162 0.125
163 162 0.125
164 162 0.125
165 162 0.125
166 162 0.125
159 163 0.142857
161 163 0.142857
162 163 0.142857
164 163 0.142857
165 163 0.142857
166 163 0.142857
167 163 0.142857
159 330 0.125
326 330 0.125
327 330 0.125
328 330 0.125
329 330 0.125
331 330 0.125
333 330 0.125
334 330 0.125
160 216 0.125
212 216 0.125
213 216 0.125
214 216 0.125
215 216 0.125
218 216 0.125
219 216 0.125
220 216 0.125
160 325 0.111111
321 325 0.111111
322 325 0.111111
323 325 0.111111
324 325 0.111111
326 325 0.111111
327 325 0.111111
328 325 0.111111
329 325 0.111111
161 165 0.125
162 165 0.125
163 165 0.125
164 165 0.125
166 165 0.125
167 165 0.125
168 165 0.125
169 165 0.125
162 166 0.125
163 166 0.125
164 166 0.125
165 166 0.125
167 166 0.125
169 166 0.125
170 166 0.125
353 166 0.125
163 167 0.125
164 167 0.125
165 167 0.125
166 167 0.125
169 167 0.125
170 167 0.125
171 167 0.125
320 167 0.125
164 168 0.166667
165 168 0.166667
169 168 0.166667
170 168 0.166667
171 168 0.166667
172 168 0.166667
165 169 0.111111
166 169 0.111111
167 169 0.111111
168 169 0.111111
170 169 0.111111
171 169 0.111111
172 169 0.111111
173 169 0.111111
178 169 0.111111
166 170 0.125
167 170 0.125
168 170 0.125
169 170 0.125
171 170 0.125
172 170 0.125
173 170 0.125
174 170 0.125
166 353 0.1
349 353 0.1
350 353 0.1
351 353 0.1
352 353 0.1
354 353 0.1
355 353 0.1
356 353 0.1
357 353 0.1
362 353 0.1
167 171 0.125
168 171 0.125
169 171 0.125
170 171 0.125
173 171 0.125
174 171 0.125
175 171 0.125
207 171 0.125
167 320 0.142857
318 320 0.142857
319 320 0.142857
321 320 0.142857
322 320 0.142857
323 320 0.142857
324 320 0.142857
168 172 0.125
169 172 0.125
170 172 0.125
173 172 0.125
174 172 0.125
175 172 0.125
176 172 0.125
295 172 0.125
169 173 0.125
170 173 0.125
171 173 0.125
172 173 0.125
174 173 0.125
175 173 0.125
176 173 0.125
177 173 0.125
169 178 0.166667
175 178 0.166667
176 178 0.166667
179 178 0.166667
181 178 0.166667
316 178 0.166667
170 174 0.125
171 174 0.125
172 174 0.125
173 174 0.125
175 174 0.125
176 174 0.125
177 174 0.125
327 174 0.125
171 175 0.125
172 175 0.125
173 175 0.125
174 175 0.125
176 175 0.125
177 175 0.125
178 175 0.125
179 175 0.125
172 295 0.142857
259 295 0.142857
291 295 0.142857
292 295 0.142857
294 295 0.142857
296 295 0.142857
298 295 0.142857
174 327 0.111111
323 327 0.111111
324 327 0.111111
325 327 0.111111
326 327 0.111111
328 327 0.111111
329 327 0.111111
330 327 0.111111
331 327 0.111111
176 223 0.142857
219 223 0.142857
220 223 0.142857
221 223 0.142857
225 223 0.142857
226 223 0.142857
227 223 0.142857
176 360 0.111111
356 360 0.111111
357 360 0.111111
358 360 0.111111
359 360 0.111111
361 360 0.111111
362 360 0.111111
363 360 0.111111
364 360 0.111111
177 180 0.166667
179 180 0.166667
181 180 0.166667
182 180 0.166667
183 180 0.166667
184 180 0.166667
177 181 0.125
178 181 0.125
179 181 0.125
180 181 0.125
182 181 0.125
183 181 0.125
184 181 0.125
185 181 0.125
177 318 0.111111
239 318 0.111111
314 318 0.111111
315 318 0.111111
316 318 0.111111
317 318 0.111111
319 318 0.111111
320 318 0.111111
321 318 0.111111
177 348 0.125
344 348 0.125
345 348 0.125
346 348 0.125
347 348 0.125
350 348 0.125
351 348 0.125
352 348 0.125
180 182 0.142857
181 182 0.142857
183 182 0.142857
184 182 0.142857
185 182 0.142857
375 182 0.142857
366 182 0.142857
184 186 0.166667
185 186 0.166667
187 186 0.166667
188 186 0.166667
189 186 0.166667
190 186 0.166667
185 189 0.111111
186 189 0.111111
187 189 0.111111
188 189 0.111111
190 189 0.111111
191 189 0.111111
192 189 0.111111
193 189 0.111111
365 189 0.111111
186 188 0.166667
187 188 0.166667
189 188 0.166667
190 188 0.166667
191 188 0.166667
192 188 0.166667
186 190 0.125
187 190 0.125
188 190 0.125
189 190 0.125
191 190 0.125
192 190 0.125
193 190 0.125
194 190 0.125
188 192 0.125
189 192 0.125
190 192 0.125
191 192 0.125
193 192 0.125
195 192 0.125
196 192 0.125
321 192 0.125
189 193 0.125
190 193 0.125
191 193 0.125
192 193 0.125
194 193 0.125
195 193 0.125
196 193 0.125
197 193 0.125
189 365 0.125
242 365 0.125
361 365 0.125
362 365 0.125
364 365 0.125
366 365 0.125
367 365 0.125
368 365 0.125
190 194 0.142857
191 194 0.142857
193 194 0.142857
195 194 0.142857
196 194 0.142857
197 194 0.142857
198 194 0.142857
191 195 0.125
192 195 0.125
193 195 0.125
194 195 0.125
196 195 0.125
197 195 0.125
198 195 0.125
199 195 0.125
193 197 0.125
194 197 0.125
195 197 0.125
196 197 0.125
198 197 0.125
199 197 0.125
200 197 0.125
201 197 0.125
194 198 0.125
195 198 0.125
196 198 0.125
197 198 0.125
199 198 0.125
200 198 0.125
201 198 0.125
202 198 0.125
196 200 0.142857
197 200 0.142857
198 200 0.142857
201 200 0.142857
202 200 0.142857
203 200 0.142857
204 200 0.142857
197 201 0.125
198 201 0.125
199 201 0.125
200 201 0.125
202 201 0.125
203 201 0.125
204 201 0.125
205 201 0.125
199 203 0.125
200 203 0.125
201 203 0.125
202 203 0.125
204 203 0.125
205 203 0.125
206 203 0.125
207 203 0.125
200 204 0.125
201 204 0.125
202 204 0.125
203 204 0.125
205 204 0.125
206 204 0.125
207 204 0.125
208 204 0.125
201 205 0.142857
203 205 0.142857
204 205 0.142857
206 205 0.142857
207 205 0.142857
208 205 0.142857
209 205 0.142857
202 206 0.111111
203 206 0.111111
204 206 0.111111
205 206 0.111111
207 206 0.111111
208 206 0.111111
209 206 0.111111
210 206 0.111111
212 206 0.111111
204 208 0.142857
205 208 0.142857
206 208 0.142857
209 208 0.142857
210 208 0.142857
211 208 0.142857
212 208 0.142857
206 212 0.125
208 212 0.125
209 212 0.125
210 212 0.125
211 212 0.125
213 212 0.125
214 212 0.125
216 212 0.125
207 211 0.125
208 211 0.125
209 211 0.125
210 211 0.125
212 211 0.125
213 211 0.125
214 211 0.125
215 211 0.125
210 214 0.142857
211 214 0.142857
212 214 0.142857
215 214 0.142857
216 214 0.142857
217 214 0.142857
218 214 0.142857
211 215 0.142857
213 215 0.142857
214 215 0.142857
216 215 0.142857
217 215 0.142857
218 215 0.142857
270 215 0.142857
213 217 0.142857
214 217 0.142857
215 217 0.142857
218 217 0.142857
219 217 0.142857
220 217 0.142857
221 217 0.142857
215 270 0.1
247 270 0.1
266 270 0.1
267 270 0.1
268 270 0.1
269 270 0.1
271 270 0.1
272 270 0.1
273 270 0.1
274 270 0.1
216 220 0.125
217 220 0.125
218 220 0.125
219 220 0.125
221 220 0.125
222 220 0.125
223 220 0.125
224 220 0.125
218 222 0.125
219 222 0.125
220 222 0.125
221 222 0.125
224 222 0.125
225 222 0.125
226 222 0.125
261 222 0.125
223 227 0.142857
224 227 0.142857
225 227 0.142857
228 227 0.142857
229 227 0.142857
230 227 0.142857
231 227 0.142857
224 228 0.142857
226 228 0.142857
227 228 0.142857
229 228 0.142857
230 228 0.142857
231 228 0.142857
232 228 0.142857
225 229 0.125
226 229 0.125
227 229 0.125
228 229 0.125
230 229 0.125
231 229 0.125
232 229 0.125
233 229 0.125
226 230 0.125
227 230 0.125
228 230 0.125
229 230 0.125
231 230 0.125
232 230 0.125
233 230 0.125
234 230 0.125
226 286 0.142857
282 286 0.142857
283 286 0.142857
284 286 0.142857
287 286 0.142857
288 286 0.142857
290 286 0.142857
228 232 0.142857
229 232 0.142857
230 232 0.142857
233 232 0.142857
234 232 0.142857
235 232 0.142857
236 232 0.142857
230 234 0.142857
231 234 0.142857
232 234 0.142857
235 234 0.142857
236 234 0.142857
237 234 0.142857
238 234 0.142857
231 235 0.142857
232 235 0.142857
234 235 0.142857
236 235 0.142857
237 235 0.142857
238 235 0.142857
239 235 0.142857
232 236 0.125
233 236 0.125
234 236 0.125
235 236 0.125
237 236 0.125
238 236 0.125
239 236 0.125
240 236 0.125
233 350 0.111111
346 350 0.111111
347 350 0.111111
348 350 0.111111
349 350 0.111111
351 350 0.111111
352 350 0.111111
353 350 0.111111
354 350 0.111111
234 238 0.125
235 238 0.125
236 238 0.125
237 238 0.125
239 238 0.125
240 238 0.125
241 238 0.125
242 238 0.125
235 239 0.125
236 239 0.125
238 239 0.125
240 239 0.125
241 239 0.125
242 239 0.125
243 239 0.125
318 239 0.125
236 240 0.125
237 240 0.125
238 240 0.125
239 240 0.125
241 240 0.125
242 240 0.125
243 240 0.125
244 240 0.125
237 278 0.125
274 278 0.125
275 278 0.125
276 278 0.125
279 278 0.125
280 278 0.125
281 278 0.125
282 278 0.125
238 242 0.125
239 242 0.125
240 242 0.125
241 242 0.125
244 242 0.125
245 242 0.125
246 242 0.125
365 242 0.125
239 243 0.142857
240 243 0.142857
241 243 0.142857
244 243 0.142857
245 243 0.142857
246 243 0.142857
247 243 0.142857
240 244 0.125
241 244 0.125
242 244 0.125
243 244 0.125
245 244 0.125
246 244 0.125
247 244 0.125
248 244 0.125
241 245 0.125
242 245 0.125
243 245 0.125
244 245 0.125
246 245 0.125
247 245 0.125
248 245 0.125
249 245 0.125
242 246 0.111111
243 246 0.111111
244 246 0.111111
245 246 0.111111
247 246 0.111111
248 246 0.111111
249 246 0.111111
250 246 0.111111
298 246 0.111111
243 247 0.125
244 247 0.125
245 247 0.125
246 247 0.125
249 247 0.125
250 247 0.125
270 247 0.125
362 247 0.125
245 249 0.125
246 249 0.125
247 249 0.125
248 249 0.125
250 249 0.125
251 249 0.125
252 249 0.125
253 249 0.125
246 250 0.125
247 250 0.125
248 250 0.125
249 250 0.125
251 250 0.125
252 250 0.125
253 250 0.125
254 250 0.125
246 298 0.125
294 298 0.125
295 298 0.125
296 298 0.125
297 298 0.125
299 298 0.125
300 298 0.125
302 298 0.125
247 362 0.111111
353 362 0.111111
358 362 0.111111
359 362 0.111111
360 362 0.111111
361 362 0.111111
363 362 0.111111
365 362 0.111111
366 362 0.111111
250 254 0.125
251 254 0.125
252 254 0.125
253 254 0.125
255 254 0.125
256 254 0.125
257 254 0.125
258 254 0.125
251 255 0.142857
252 255 0.142857
254 255 0.142857
256 255 0.142857
257 255 0.142857
258 255 0.142857
259 255 0.142857
252 354 0.142857
350 354 0.142857
351 354 0.142857
353 354 0.142857
355 354 0.142857
358 354 0.142857
356 354 0.142857
254 258 0.125
255 258 0.125
256 258 0.125
257 258 0.125
259 258 0.125
260 258 0.125
261 258 0.125
262 258 0.125
255 259 0.111111
256 259 0.111111
257 259 0.111111
258 259 0.111111
260 259 0.111111
261 259 0.111111
262 259 0.111111
263 259 0.111111
295 259 0.111111
257 306 0.125
302 306 0.125
303 306 0.125
304 306 0.125
305 306 0.125
307 306 0.125
308 306 0.125
310 306 0.125
258 262 0.142857
259 262 0.142857
261 262 0.142857
263 262 0.142857
264 262 0.142857
265 262 0.142857
266 262 0.142857
259 263 0.142857
260 263 0.142857
262 263 0.142857
264 263 0.142857
265 263 0.142857
266 263 0.142857
267 263 0.142857
260 264 0.125
261 264 0.125
262 264 0.125
263 264 0.125
265 264 0.125
266 264 0.125
267 264 0.125
268 264 0.125
261 358 0.125
354 358 0.125
355 358 0.125
356 358 0.125
357 358 0.125
359 358 0.125
360 358 0.125
362 358 0.125
262 266 0.125
263 266 0.125
264 266 0.125
265 266 0.125
267 266 0.125
268 266 0.125
269 266 0.125
270 266 0.125
263 267 0.125
264 267 0.125
265 267 0.125
266 267 0.125
268 267 0.125
270 267 0.125
271 267 0.125
369 267 0.125
265 269 0.142857
266 269 0.142857
268 269 0.142857
270 269 0.142857
271 269 0.142857
272 269 0.142857
273 269 0.142857
267 271 0.125
268 271 0.125
269 271 0.125
270 271 0.125
272 271 0.125
273 271 0.125
274 271 0.125
331 271 0.125
267 369 0.125
366 369 0.125
367 369 0.125
368 369 0.125
370 369 0.125
371 369 0.125
372 369 0.125
373 369 0.125
268 272 0.125
269 272 0.125
270 272 0.125
271 272 0.125
273 272 0.125
274 272 0.125
275 272 0.125
276 272 0.125
271 331 0.111111
301 331 0.111111
327 331 0.111111
328 331 0.111111
329 331 0.111111
330 331 0.111111
333 331 0.111111
334 331 0.111111
335 331 0.111111
272 275 0.142857
273 275 0.142857
274 275 0.142857
276 275 0.142857
277 275 0.142857
278 275 0.142857
279 275 0.142857
272 276 0.142857
273 276 0.142857
275 276 0.142857
277 276 0.142857
278 276 0.142857
279 276 0.142857
280 276 0.142857
275 279 0.125
276 279 0.125
277 279 0.125
278 279 0.125
280 279 0.125
281 279 0.125
282 279 0.125
283 279 0.125
276 280 0.125
277 280 0.125
278 280 0.125
279 280 0.125
281 280 0.125
282 280 0.125
283 280 0.125
284 280 0.125
278 282 0.125
279 282 0.125
280 282 0.125
281 282 0.125
283 282 0.125
284 282 0.125
285 282 0.125
286 282 0.125
280 284 0.125
281 284 0.125
282 284 0.125
283 284 0.125
285 284 0.125
286 284 0.125
287 284 0.125
288 284 0.125
281 291 0.111111
285 291 0.111111
287 291 0.111111
288 291 0.111111
289 291 0.111111
290 291 0.111111
292 291 0.111111
293 291 0.111111
295 291 0.111111
284 288 0.142857
285 288 0.142857
286 288 0.142857
289 288 0.142857
290 288 0.142857
291 288 0.142857
379 288 0.142857
285 289 0.142857
287 289 0.142857
288 289 0.142857
290 289 0.142857
291 289 0.142857
292 289 0.142857
293 289 0.142857
289 292 0.142857
290 292 0.142857
291 292 0.142857
293 292 0.142857
294 292 0.142857
295 292 0.142857
296 292 0.142857
290 294 0.142857
292 294 0.142857
293 294 0.142857
295 294 0.142857
296 294 0.142857
297 294 0.142857
298 294 0.142857
296 300 0.125
297 300 0.125
298 300 0.125
299 300 0.125
301 300 0.125
302 300 0.125
303 300 0.125
304 300 0.125
296 346 0.142857
342 346 0.142857
343 346 0.142857
345 346 0.142857
347 346 0.142857
348 346 0.142857
350 346 0.142857
297 299 0.166667
298 299 0.166667
300 299 0.166667
301 299 0.166667
302 299 0.166667
303 299 0.166667
297 301 0.125
299 301 0.125
300 301 0.125
302 301 0.125
303 301 0.125
304 301 0.125
305 301 0.125
331 301 0.125
298 302 0.125
299 302 0.125
300 302 0.125
301 302 0.125
303 302 0.125
304 302 0.125
305 302 0.125
306 302 0.125
299 303 0.125
300 303 0.125
301 303 0.125
302 303 0.125
304 303 0.125
305 303 0.125
306 303 0.125
307 303 0.125
301 305 0.142857
302 305 0.142857
303 305 0.142857
306 305 0.142857
307 305 0.142857
308 305 0.142857
309 305 0.142857
303 307 0.125
305 307 0.125
306 307 0.125
308 307 0.125
309 307 0.125
310 307 0.125
311 307 0.125
380 307 0.125
304 308 0.125
305 308 0.125
306 308 0.125
307 308 0.125
309 308 0.125
310 308 0.125
311 308 0.125
312 308 0.125
305 309 0.142857
307 309 0.142857
308 309 0.142857
310 309 0.142857
311 309 0.142857
312 309 0.142857
313 309 0.142857
310 314 0.125
311 314 0.125
312 314 0.125
313 314 0.125
315 314 0.125
316 314 0.125
317 314 0.125
318 314 0.125
311 315 0.125
312 315 0.125
313 315 0.125
314 315 0.125
316 315 0.125
317 315 0.125
318 315 0.125
319 315 0.125
317 345 0.111111
341 345 0.111111
342 345 0.111111
343 345 0.111111
344 345 0.111111
346 345 0.111111
347 345 0.111111
348 345 0.111111
349 345 0.111111
320 323 0.142857
321 323 0.142857
322 323 0.142857
324 323 0.142857
325 323 0.142857
326 323 0.142857
327 323 0.142857
322 326 0.125
323 326 0.125
324 326 0.125
325 326 0.125
327 326 0.125
328 326 0.125
329 326 0.125
330 326 0.125
324 328 0.125
325 328 0.125
326 328 0.125
327 328 0.125
329 328 0.125
330 328 0.125
331 328 0.125
332 328 0.125
325 329 0.125
326 329 0.125
327 329 0.125
328 329 0.125
330 329 0.125
331 329 0.125
332 329 0.125
333 329 0.125
328 332 0.166667
329 332 0.166667
333 332 0.166667
334 332 0.166667
335 332 0.166667
336 332 0.166667
329 333 0.125
330 333 0.125
331 333 0.125
332 333 0.125
334 333 0.125
335 333 0.125
337 333 0.125
372 333 0.125
331 335 0.125
332 335 0.125
333 335 0.125
334 335 0.125
336 335 0.125
337 335 0.125
338 335 0.125
339 335 0.125
334 338 0.142857
335 338 0.142857
337 338 0.142857
339 338 0.142857
340 338 0.142857
341 338 0.142857
342 338 0.142857
335 339 0.142857
336 339 0.142857
338 339 0.142857
340 339 0.142857
341 339 0.142857
342 339 0.142857
343 339 0.142857
336 340 0.125
337 340 0.125
338 340 0.125
339 340 0.125
341 340 0.125
342 340 0.125
343 340 0.125
344 340 0.125
337 341 0.125
338 341 0.125
339 341 0.125
340 341 0.125
342 341 0.125
343 341 0.125
344 341 0.125
345 341 0.125
338 342 0.125
339 342 0.125
340 342 0.125
341 342 0.125
343 342 0.125
344 342 0.125
345 342 0.125
346 342 0.125
339 343 0.125
340 343 0.125
341 343 0.125
342 343 0.125
344 343 0.125
345 343 0.125
346 343 0.125
347 343 0.125
345 349 0.166667
347 349 0.166667
350 349 0.166667
351 349 0.166667
352 349 0.166667
353 349 0.166667
347 351 0.125
348 351 0.125
349 351 0.125
350 351 0.125
352 351 0.125
353 351 0.125
354 351 0.125
355 351 0.125
351 355 0.125
352 355 0.125
353 355 0.125
354 355 0.125
356 355 0.125
357 355 0.125
358 355 0.125
359 355 0.125
352 356 0.125
353 356 0.125
354 356 0.125
355 356 0.125
357 356 0.125
358 356 0.125
359 356 0.125
360 356 0.125
353 357 0.142857
355 357 0.142857
356 357 0.142857
358 357 0.142857
359 357 0.142857
360 357 0.142857
361 357 0.142857
355 359 0.125
356 359 0.125
357 359 0.125
358 359 0.125
360 359 0.125
361 359 0.125
362 359 0.125
363 359 0.125
357 361 0.142857
359 361 0.142857
360 361 0.142857
362 361 0.142857
363 361 0.142857
364 361 0.142857
365 361 0.142857
360 364 0.142857
361 364 0.142857
363 364 0.142857
365 364 0.142857
366 364 0.142857
367 364 0.142857
368 364 0.142857
363 367 0.125
364 367 0.125
365 367 0.125
366 367 0.125
368 367 0.125
369 367 0.125
370 367 0.125
371 367 0.125
363 371 0.142857
367 371 0.142857
368 371 0.142857
369 371 0.142857
372 371 0.142857
374 371 0.142857
375 371 0.142857
372 376 0.125
373 376 0.125
374 376 0.125
375 376 0.125
377 376 0.125
378 376 0.125
379 376 0.125
380 376 0.125
373 377 0.125
374 377 0.125
375 377 0.125
376 377 0.125
378 377 0.125
379 377 0.125
380 377 0.125
381 377 0.125
1 0 0.125
382 0 0.125
2 0 0.125
381 0 0.125
3 0 0.125
380 0 0.125
4 0 0.125
379 0 0.125
