0 1 0.125
2 1 0.125
3 1 0.125
403 1 0.125
4 1 0.125
402 1 0.125
401 1 0.125
243 1 0.125
0 403 0.142857
1 403 0.142857
2 403 0.142857
3 403 0.142857
399 403 0.142857
400 403 0.142857
401 403 0.142857
0 402 0.142857
1 402 0.142857
2 402 0.142857
150 402 0.142857
398 402 0.142857
399 402 0.142857
401 402 0.142857
0 3 0.1
1 3 0.1
2 3 0.1
5 3 0.1
6 3 0.1
7 3 0.1
403 3 0.1
148 3 0.1
151 3 0.1
355 3 0.1
0 401 0.142857
1 401 0.142857
10 401 0.142857
397 401 0.142857
399 401 0.142857
402 401 0.142857
403 401 0.142857
0 4 0.142857
1 4 0.142857
2 4 0.142857
5 4 0.142857
6 4 0.142857
7 4 0.142857
8 4 0.142857
0 400 0.166667
137 400 0.166667
292 400 0.166667
397 400 0.166667
398 400 0.166667
403 400 0.166667
0 210 0.111111
206 210 0.111111
207 210 0.111111
208 210 0.111111
209 210 0.111111
211 210 0.111111
212 210 0.111111
213 210 0.111111
214 210 0.111111
1 2 0.142857
3 2 0.142857
4 2 0.142857
5 2 0.142857
403 2 0.142857
6 2 0.142857
402 2 0.142857
1 243 0.111111
239 243 0.111111
240 243 0.111111
241 243 0.111111
242 243 0.111111
244 243 0.111111
245 243 0.111111
246 243 0.111111
247 243 0.111111
2 5 0.142857
3 5 0.142857
4 5 0.142857
6 5 0.142857
8 5 0.142857
9 5 0.142857
85 5 0.142857
2 6 0.125
3 6 0.125
4 6 0.125
5 6 0.125
7 6 0.125
8 6 0.125
10 6 0.125
208 6 0.125
3 7 0.142857
4 7 0.142857
6 7 0.142857
8 7 0.142857
9 7 0.142857
10 7 0.142857
11 7 0.142857
3 148 0.111111
144 148 0.111111
145 148 0.111111
146 148 0.111111
147 148 0.111111
149 148 0.111111
150 148 0.111111
151 148 0.111111
152 148 0.111111
3 151 0.125
90 151 0.125
147 151 0.125
148 151 0.125
149 151 0.125
152 151 0.125
154 151 0.125
155 151 0.125
3 355 0.142857
212 355 0.142857
351 355 0.142857
352 355 0.142857
354 355 0.142857
356 355 0.142857
357 355 0.142857
4 8 0.125
5 8 0.125
6 8 0.125
7 8 0.125
9 8 0.125
10 8 0.125
11 8 0.125
12 8 0.125
5 9 0.125
7 9 0.125
8 9 0.125
10 9 0.125
11 9 0.125
12 9 0.125
13 9 0.125
399 9 0.125
5 85 0.111111
81 85 0.111111
82 85 0.111111
83 85 0.111111
84 85 0.111111
86 85 0.111111
87 85 0.111111
88 85 0.111111
89 85 0.111111
6 10 0.1
7 10 0.1
8 10 0.1
9 10 0.1
11 10 0.1
12 10 0.1
13 10 0.1
45 10 0.1
372 10 0.1
401 10 0.1
6 208 0.125
23 208 0.125
205 208 0.125
206 208 0.125
207 208 0.125
209 208 0.125
210 208 0.125
211 208 0.125
7 11 0.125
8 11 0.125
9 11 0.125
10 11 0.125
12 11 0.125
13 11 0.125
14 11 0.125
15 11 0.125
8 12 0.125
9 12 0.125
10 12 0.125
11 12 0.125
13 12 0.125
14 12 0.125
15 12 0.125
16 12 0.125
9 13 0.125
10 13 0.125
11 13 0.125
12 13 0.125
14 13 0.125
15 13 0.125
16 13 0.125
17 13 0.125
9 399 0.142857
395 399 0.142857
397 399 0.142857
398 399 0.142857
401 399 0.142857
402 399 0.142857
403 399 0.142857
10 45 0.125
41 45 0.125
42 45 0.125
43 45 0.125
44 45 0.125
47 45 0.125
49 45 0.125
58 45 0.125
10 372 0.142857
163 372 0.142857
369 372 0.142857
370 372 0.142857
371 372 0.142857
375 372 0.142857
376 372 0.142857
11 14 0.142857
12 14 0.142857
13 14 0.142857
15 14 0.142857
16 14 0.142857
17 14 0.142857
18 14 0.142857
11 15 0.111111
12 15 0.111111
13 15 0.111111
14 15 0.111111
16 15 0.111111
17 15 0.111111
18 15 0.111111
19 15 0.111111
285 15 0.111111
12 16 0.125
13 16 0.125
14 16 0.125
15 16 0.125
17 16 0.125
18 16 0.125
19 16 0.125
20 16 0.125
13 17 0.111111
14 17 0.111111
15 17 0.111111
16 17 0.111111
18 17 0.111111
19 17 0.111111
20 17 0.111111
21 17 0.111111
23 17 0.111111
14 18 0.111111
15 18 0.111111
16 18 0.111111
17 18 0.111111
19 18 0.111111
21 18 0.111111
350 18 0.111111
395 18 0.111111
176 18 0.111111
15 19 0.111111
16 19 0.111111
17 19 0.111111
18 19 0.111111
20 19 0.111111
21 19 0.111111
23 19 0.111111
206 19 0.111111
301 19 0.111111
15 285 0.142857
282 285 0.142857
283 285 0.142857
284 285 0.142857
286 285 0.142857
288 285 0.142857
289 285 0.142857
16 20 0.111111
17 20 0.111111
19 20 0.111111
21 20 0.111111
356 20 0.111111
25 20 0.111111
267 20 0.111111
198 20 0.111111
248 20 0.111111
17 21 0.125
18 21 0.125
19 21 0.125
20 21 0.125
22 21 0.125
23 21 0.125
24 21 0.125
25 21 0.125
17 23 0.125
19 23 0.125
21 23 0.125
22 23 0.125
25 23 0.125
26 23 0.125
27 23 0.125
208 23 0.125
18 350 0.111111
346 350 0.111111
347 350 0.111111
348 350 0.111111
349 350 0.111111
351 350 0.111111
352 350 0.111111
353 350 0.111111
354 350 0.111111
18 395 0.166667
391 395 0.166667
394 395 0.166667
396 395 0.166667
397 395 0.166667
399 395 0.166667
18 176 0.1
172 176 0.1
173 176 0.1
174 176 0.1
175 176 0.1
177 176 0.1
178 176 0.1
182 176 0.1
342 176 0.1
337 176 0.1
19 206 0.125
202 206 0.125
203 206 0.125
204 206 0.125
205 206 0.125
208 206 0.125
209 206 0.125
210 206 0.125
19 301 0.111111
297 301 0.111111
298 301 0.111111
299 301 0.111111
300 301 0.111111
302 301 0.111111
303 301 0.111111
304 301 0.111111
305 301 0.111111
20 356 0.111111
257 356 0.111111
352 356 0.111111
353 356 0.111111
354 356 0.111111
355 356 0.111111
358 356 0.111111
360 356 0.111111
378 356 0.111111
20 25 0.111111
21 25 0.111111
22 25 0.111111
23 25 0.111111
24 25 0.111111
26 25 0.111111
27 25 0.111111
28 25 0.111111
29 25 0.111111
20 267 0.111111
263 267 0.111111
264 267 0.111111
265 267 0.111111
266 267 0.111111
268 267 0.111111
269 267 0.111111
270 267 0.111111
271 267 0.111111
20 198 0.111111
194 198 0.111111
195 198 0.111111
196 198 0.111111
197 198 0.111111
199 198 0.111111
200 198 0.111111
201 198 0.111111
202 198 0.111111
20 248 0.125
244 248 0.125
245 248 0.125
246 248 0.125
247 248 0.125
249 248 0.125
250 248 0.125
251 248 0.125
21 22 0.166667
23 22 0.166667
24 22 0.166667
25 22 0.166667
26 22 0.166667
103 22 0.166667
21 24 0.166667
22 24 0.166667
25 24 0.166667
26 24 0.166667
27 24 0.166667
28 24 0.166667
22 26 0.125
23 26 0.125
24 26 0.125
25 26 0.125
28 26 0.125
30 26 0.125
373 26 0.125
99 26 0.125
22 103 0.142857
65 103 0.142857
100 103 0.142857
101 103 0.142857
102 103 0.142857
105 103 0.142857
106 103 0.142857
23 27 0.125
24 27 0.125
25 27 0.125
28 27 0.125
29 27 0.125
30 27 0.125
31 27 0.125
345 27 0.125
24 28 0.111111
25 28 0.111111
26 28 0.111111
27 28 0.111111
29 28 0.111111
30 28 0.111111
31 28 0.111111
32 28 0.111111
253 28 0.111111
25 29 0.142857
27 29 0.142857
28 29 0.142857
30 29 0.142857
32 29 0.142857
33 29 0.142857
171 29 0.142857
26 30 0.125
27 30 0.125
28 30 0.125
29 30 0.125
31 30 0.125
32 30 0.125
33 30 0.125
34 30 0.125
26 373 0.142857
315 373 0.142857
370 373 0.142857
371 373 0.142857
374 373 0.142857
376 373 0.142857
377 373 0.142857
26 99 0.111111
95 99 0.111111
96 99 0.111111
97 99 0.111111
98 99 0.111111
100 99 0.111111
101 99 0.111111
102 99 0.111111
112 99 0.111111
27 31 0.142857
28 31 0.142857
30 31 0.142857
32 31 0.142857
33 31 0.142857
35 31 0.142857
188 31 0.142857
27 345 0.125
341 345 0.125
342 345 0.125
343 345 0.125
344 345 0.125
348 345 0.125
349 345 0.125
396 345 0.125
28 32 0.125
29 32 0.125
30 32 0.125
31 32 0.125
33 32 0.125
34 32 0.125
35 32 0.125
36 32 0.125
28 253 0.111111
167 253 0.111111
249 253 0.111111
250 253 0.111111
251 253 0.111111
252 253 0.111111
254 253 0.111111
256 253 0.111111
257 253 0.111111
29 33 0.1
30 33 0.1
31 33 0.1
32 33 0.1
34 33 0.1
35 33 0.1
36 33 0.1
37 33 0.1
264 33 0.1
339 33 0.1
29 171 0.125
168 171 0.125
169 171 0.125
170 171 0.125
172 171 0.125
173 171 0.125
174 171 0.125
175 171 0.125
30 34 0.142857
32 34 0.142857
33 34 0.142857
35 34 0.142857
36 34 0.142857
37 34 0.142857
63 34 0.142857
31 35 0.111111
32 35 0.111111
33 35 0.111111
34 35 0.111111
36 35 0.111111
37 35 0.111111
38 35 0.111111
214 35 0.111111
274 35 0.111111
31 188 0.111111
184 188 0.111111
185 188 0.111111
186 188 0.111111
187 188 0.111111
189 188 0.111111
190 188 0.111111
191 188 0.111111
192 188 0.111111
32 36 0.125
33 36 0.125
34 36 0.125
35 36 0.125
37 36 0.125
38 36 0.125
39 36 0.125
40 36 0.125
33 37 0.111111
34 37 0.111111
35 37 0.111111
36 37 0.111111
38 37 0.111111
39 37 0.111111
41 37 0.111111
266 37 0.111111
282 37 0.111111
33 264 0.125
260 264 0.125
261 264 0.125
262 264 0.125
263 264 0.125
265 264 0.125
267 264 0.125
268 264 0.125
33 339 0.125
335 339 0.125
336 339 0.125
337 339 0.125
338 339 0.125
340 339 0.125
341 339 0.125
343 339 0.125
34 63 0.111111
59 63 0.111111
60 63 0.111111
61 63 0.111111
62 63 0.111111
64 63 0.111111
65 63 0.111111
66 63 0.111111
67 63 0.111111
35 38 0.142857
36 38 0.142857
37 38 0.142857
39 38 0.142857
41 38 0.142857
42 38 0.142857
84 38 0.142857
35 214 0.125
115 214 0.125
136 214 0.125
210 214 0.125
211 214 0.125
213 214 0.125
217 214 0.125
218 214 0.125
35 274 0.083333
78 274 0.083333
183 274 0.083333
270 274 0.083333
271 274 0.083333
272 274 0.083333
273 274 0.083333
275 274 0.083333
276 274 0.083333
277 274 0.083333
278 274 0.083333
330 274 0.083333
36 39 0.142857
37 39 0.142857
38 39 0.142857
40 39 0.142857
42 39 0.142857
376 39 0.142857
235 39 0.142857
36 40 0.142857
39 40 0.142857
41 40 0.142857
42 40 0.142857
43 40 0.142857
44 40 0.142857
393 40 0.142857
37 41 0.142857
38 41 0.142857
40 41 0.142857
42 41 0.142857
43 41 0.142857
44 41 0.142857
45 41 0.142857
37 266 0.111111
83 266 0.111111
229 266 0.111111
262 266 0.111111
263 266 0.111111
265 266 0.111111
267 266 0.111111
270 266 0.111111
288 266 0.111111
37 282 0.142857
178 282 0.142857
278 282 0.142857
280 282 0.142857
281 282 0.142857
284 282 0.142857
285 282 0.142857
38 42 0.125
39 42 0.125
40 42 0.125
41 42 0.125
43 42 0.125
44 42 0.125
45 42 0.125
46 42 0.125
38 84 0.1
80 84 0.1
81 84 0.1
82 84 0.1
83 84 0.1
85 84 0.1
86 84 0.1
87 84 0.1
88 84 0.1
199 84 0.1
39 376 0.1
143 376 0.1
372 376 0.1
373 376 0.1
374 376 0.1
375 376 0.1
377 376 0.1
378 376 0.1
380 376 0.1
386 376 0.1
39 235 0.125
231 235 0.125
233 235 0.125
234 235 0.125
236 235 0.125
238 235 0.125
239 235 0.125
323 235 0.125
40 43 0.125
41 43 0.125
42 43 0.125
44 43 0.125
45 43 0.125
46 43 0.125
47 43 0.125
310 43 0.125
40 44 0.125
41 44 0.125
42 44 0.125
43 44 0.125
45 44 0.125
46 44 0.125
47 44 0.125
48 44 0.125
40 393 0.142857
389 393 0.142857
390 393 0.142857
391 393 0.142857
394 393 0.142857
396 393 0.142857
397 393 0.142857
42 46 0.125
43 46 0.125
44 46 0.125
47 46 0.125
48 46 0.125
49 46 0.125
50 46 0.125
327 46 0.125
43 47 0.125
44 47 0.125
45 47 0.125
46 47 0.125
48 47 0.125
49 47 0.125
51 47 0.125
361 47 0.125
43 310 0.166667
179 310 0.166667
309 310 0.166667
311 310 0.166667
313 310 0.166667
314 310 0.166667
44 48 0.142857
46 48 0.142857
47 48 0.142857
49 48 0.142857
52 48 0.142857
58 48 0.142857
262 48 0.142857
45 49 0.111111
46 49 0.111111
47 49 0.111111
48 49 0.111111
50 49 0.111111
51 49 0.111111
53 49 0.111111
201 49 0.111111
279 49 0.111111
45 58 0.1
48 58 0.1
54 58 0.1
55 58 0.1
56 58 0.1
57 58 0.1
59 58 0.1
60 58 0.1
61 58 0.1
240 58 0.1
46 50 0.166667
49 50 0.166667
51 50 0.166667
54 50 0.166667
138 50 0.166667
258 50 0.166667
46 327 0.125
323 327 0.125
324 327 0.125
325 327 0.125
326 327 0.125
329 327 0.125
330 327 0.125
331 327 0.125
47 51 0.142857
49 51 0.142857
50 51 0.142857
52 51 0.142857
54 51 0.142857
55 51 0.142857
107 51 0.142857
47 361 0.125
357 361 0.125
358 361 0.125
359 361 0.125
362 361 0.125
363 361 0.125
364 361 0.125
365 361 0.125
48 52 0.166667
51 52 0.166667
53 52 0.166667
54 52 0.166667
55 52 0.166667
56 52 0.166667
48 262 0.111111
258 262 0.111111
259 262 0.111111
260 262 0.111111
261 262 0.111111
263 262 0.111111
264 262 0.111111
265 262 0.111111
266 262 0.111111
49 53 0.125
52 53 0.125
54 53 0.125
55 53 0.125
56 53 0.125
57 53 0.125
222 53 0.125
353 53 0.125
49 201 0.142857
198 201 0.142857
200 201 0.142857
202 201 0.142857
203 201 0.142857
204 201 0.142857
205 201 0.142857
49 279 0.111111
275 279 0.111111
276 279 0.111111
277 279 0.111111
278 279 0.111111
280 279 0.111111
281 279 0.111111
283 279 0.111111
368 279 0.111111
50 54 0.111111
51 54 0.111111
52 54 0.111111
53 54 0.111111
55 54 0.111111
56 54 0.111111
57 54 0.111111
58 54 0.111111
303 54 0.111111
50 138 0.125
134 138 0.125
135 138 0.125
137 138 0.125
139 138 0.125
140 138 0.125
141 138 0.125
142 138 0.125
50 258 0.1
175 258 0.1
254 258 0.1
255 258 0.1
256 258 0.1
257 258 0.1
259 258 0.1
260 258 0.1
261 258 0.1
262 258 0.1
51 55 0.111111
52 55 0.111111
53 55 0.111111
54 55 0.111111
56 55 0.111111
57 55 0.111111
58 55 0.111111
59 55 0.111111
299 55 0.111111
51 107 0.125
104 107 0.125
105 107 0.125
106 107 0.125
109 107 0.125
110 107 0.125
111 107 0.125
212 107 0.125
52 56 0.125
53 56 0.125
54 56 0.125
55 56 0.125
57 56 0.125
58 56 0.125
59 56 0.125
60 56 0.125
53 57 0.125
54 57 0.125
55 57 0.125
56 57 0.125
58 57 0.125
59 57 0.125
60 57 0.125
61 57 0.125
53 222 0.142857
218 222 0.142857
220 222 0.142857
221 222 0.142857
224 222 0.142857
225 222 0.142857
226 222 0.142857
53 353 0.142857
218 353 0.142857
350 353 0.142857
351 353 0.142857
354 353 0.142857
356 353 0.142857
357 353 0.142857
54 303 0.125
252 303 0.125
300 303 0.125
301 303 0.125
302 303 0.125
304 303 0.125
305 303 0.125
306 303 0.125
55 59 0.125
56 59 0.125
57 59 0.125
58 59 0.125
60 59 0.125
61 59 0.125
62 59 0.125
63 59 0.125
55 299 0.111111
273 299 0.111111
295 299 0.111111
296 299 0.111111
297 299 0.111111
298 299 0.111111
301 299 0.111111
302 299 0.111111
368 299 0.111111
56 60 0.125
57 60 0.125
58 60 0.125
59 60 0.125
61 60 0.125
63 60 0.125
64 60 0.125
385 60 0.125
57 61 0.111111
58 61 0.111111
59 61 0.111111
60 61 0.111111
62 61 0.111111
63 61 0.111111
64 61 0.111111
91 61 0.111111
238 61 0.111111
58 240 0.125
236 240 0.125
237 240 0.125
238 240 0.125
242 240 0.125
243 240 0.125
244 240 0.125
290 240 0.125
59 62 0.166667
61 62 0.166667
63 62 0.166667
64 62 0.166667
65 62 0.166667
66 62 0.166667
60 64 0.125
61 64 0.125
62 64 0.125
63 64 0.125
66 64 0.125
67 64 0.125
68 64 0.125
169 64 0.125
60 385 0.111111
65 385 0.111111
381 385 0.111111
382 385 0.111111
383 385 0.111111
384 385 0.111111
386 385 0.111111
387 385 0.111111
389 385 0.111111
61 91 0.142857
75 91 0.142857
87 91 0.142857
88 91 0.142857
89 91 0.142857
93 91 0.142857
94 91 0.142857
61 238 0.125
235 238 0.125
236 238 0.125
237 238 0.125
239 238 0.125
240 238 0.125
241 238 0.125
290 238 0.125
62 65 0.125
63 65 0.125
66 65 0.125
67 65 0.125
68 65 0.125
69 65 0.125
385 65 0.125
103 65 0.125
62 66 0.125
63 66 0.125
64 66 0.125
65 66 0.125
68 66 0.125
69 66 0.125
70 66 0.125
200 66 0.125
63 67 0.142857
64 67 0.142857
65 67 0.142857
68 67 0.142857
69 67 0.142857
70 67 0.142857
71 67 0.142857
64 68 0.125
65 68 0.125
66 68 0.125
67 68 0.125
69 68 0.125
70 68 0.125
71 68 0.125
72 68 0.125
64 169 0.1
165 169 0.1
166 169 0.1
168 169 0.1
170 169 0.1
171 169 0.1
172 169 0.1
173 169 0.1
348 169 0.1
197 169 0.1
65 69 0.125
66 69 0.125
67 69 0.125
68 69 0.125
70 69 0.125
71 69 0.125
72 69 0.125
73 69 0.125
66 70 0.125
67 70 0.125
68 70 0.125
69 70 0.125
71 70 0.125
72 70 0.125
73 70 0.125
74 70 0.125
66 200 0.090909
196 200 0.090909
197 200 0.090909
198 200 0.090909
199 200 0.090909
201 200 0.090909
202 200 0.090909
203 200 0.090909
204 200 0.090909
212 200 0.090909
291 200 0.090909
67 71 0.125
68 71 0.125
69 71 0.125
70 71 0.125
72 71 0.125
73 71 0.125
74 71 0.125
75 71 0.125
68 72 0.125
69 72 0.125
70 72 0.125
71 72 0.125
73 72 0.125
74 72 0.125
75 72 0.125
76 72 0.125
69 73 0.125
70 73 0.125
71 73 0.125
72 73 0.125
74 73 0.125
75 73 0.125
76 73 0.125
77 73 0.125
70 74 0.125
71 74 0.125
72 74 0.125
73 74 0.125
75 74 0.125
76 74 0.125
77 74 0.125
78 74 0.125
71 75 0.111111
72 75 0.111111
73 75 0.111111
74 75 0.111111
76 75 0.111111
77 75 0.111111
78 75 0.111111
79 75 0.111111
91 75 0.111111
72 76 0.125
73 76 0.125
74 76 0.125
75 76 0.125
77 76 0.125
78 76 0.125
79 76 0.125
80 76 0.125
73 77 0.125
74 77 0.125
75 77 0.125
76 77 0.125
78 77 0.125
79 77 0.125
80 77 0.125
81 77 0.125
74 78 0.111111
75 78 0.111111
76 78 0.111111
77 78 0.111111
79 78 0.111111
80 78 0.111111
82 78 0.111111
274 78 0.111111
307 78 0.111111
75 79 0.125
76 79 0.125
77 79 0.125
78 79 0.125
80 79 0.125
81 79 0.125
82 79 0.125
83 79 0.125
76 80 0.125
77 80 0.125
78 80 0.125
79 80 0.125
81 80 0.125
83 80 0.125
84 80 0.125
161 80 0.125
77 81 0.142857
79 81 0.142857
80 81 0.142857
82 81 0.142857
83 81 0.142857
84 81 0.142857
85 81 0.142857
78 82 0.142857
79 82 0.142857
81 82 0.142857
83 82 0.142857
84 82 0.142857
85 82 0.142857
86 82 0.142857
78 307 0.142857
304 307 0.142857
305 307 0.142857
306 307 0.142857
309 307 0.142857
311 307 0.142857
360 307 0.142857
79 83 0.125
80 83 0.125
81 83 0.125
82 83 0.125
84 83 0.125
85 83 0.125
87 83 0.125
266 83 0.125
80 161 0.111111
157 161 0.111111
158 161 0.111111
159 161 0.111111
160 161 0.111111
162 161 0.111111
163 161 0.111111
164 161 0.111111
165 161 0.111111
82 86 0.142857
84 86 0.142857
85 86 0.142857
87 86 0.142857
88 86 0.142857
89 86 0.142857
90 86 0.142857
83 87 0.125
84 87 0.125
85 87 0.125
86 87 0.125
88 87 0.125
89 87 0.125
90 87 0.125
91 87 0.125
84 88 0.111111
85 88 0.111111
86 88 0.111111
87 88 0.111111
89 88 0.111111
90 88 0.111111
91 88 0.111111
92 88 0.111111
296 88 0.111111
84 199 0.125
195 199 0.125
196 199 0.125
197 199 0.125
198 199 0.125
200 199 0.125
202 199 0.125
203 199 0.125
85 89 0.125
86 89 0.125
87 89 0.125
88 89 0.125
90 89 0.125
91 89 0.125
92 89 0.125
93 89 0.125
86 90 0.125
87 90 0.125
88 90 0.125
89 90 0.125
93 90 0.125
94 90 0.125
398 90 0.125
151 90 0.125
88 92 0.166667
89 92 0.166667
93 92 0.166667
95 92 0.166667
96 92 0.166667
296 92 0.166667
88 296 0.111111
92 296 0.111111
292 296 0.111111
293 296 0.111111
294 296 0.111111
295 296 0.111111
298 296 0.111111
299 296 0.111111
300 296 0.111111
89 93 0.111111
90 93 0.111111
91 93 0.111111
92 93 0.111111
94 93 0.111111
95 93 0.111111
96 93 0.111111
97 93 0.111111
369 93 0.111111
90 94 0.142857
91 94 0.142857
93 94 0.142857
95 94 0.142857
96 94 0.142857
97 94 0.142857
98 94 0.142857
90 398 0.111111
195 398 0.111111
347 398 0.111111
394 398 0.111111
396 398 0.111111
397 398 0.111111
399 398 0.111111
400 398 0.111111
402 398 0.111111
92 95 0.142857
93 95 0.142857
94 95 0.142857
96 95 0.142857
97 95 0.142857
98 95 0.142857
99 95 0.142857
92 96 0.125
93 96 0.125
94 96 0.125
95 96 0.125
98 96 0.125
99 96 0.125
100 96 0.125
363 96 0.125
93 97 0.142857
94 97 0.142857
95 97 0.142857
98 97 0.142857
99 97 0.142857
101 97 0.142857
178 97 0.142857
93 369 0.125
365 369 0.125
366 369 0.125
367 369 0.125
368 369 0.125
370 369 0.125
371 369 0.125
372 369 0.125
94 98 0.125
95 98 0.125
96 98 0.125
97 98 0.125
99 98 0.125
101 98 0.125
102 98 0.125
341 98 0.125
96 100 0.166667
99 100 0.166667
101 100 0.166667
102 100 0.166667
103 100 0.166667
104 100 0.166667
96 363 0.1
219 363 0.1
359 363 0.1
360 363 0.1
361 363 0.1
362 363 0.1
364 363 0.1
365 363 0.1
366 363 0.1
367 363 0.1
97 101 0.125
98 101 0.125
99 101 0.125
100 101 0.125
102 101 0.125
103 101 0.125
104 101 0.125
105 101 0.125
97 178 0.111111
174 178 0.111111
176 178 0.111111
177 178 0.111111
179 178 0.111111
180 178 0.111111
181 178 0.111111
182 178 0.111111
282 178 0.111111
98 102 0.125
99 102 0.125
100 102 0.125
101 102 0.125
103 102 0.125
104 102 0.125
105 102 0.125
106 102 0.125
98 341 0.111111
337 341 0.111111
338 341 0.111111
339 341 0.111111
340 341 0.111111
342 341 0.111111
343 341 0.111111
344 341 0.111111
345 341 0.111111
99 112 0.125
108 112 0.125
109 112 0.125
111 112 0.125
113 112 0.125
115 112 0.125
116 112 0.125
131 112 0.125
100 104 0.142857
101 104 0.142857
102 104 0.142857
105 104 0.142857
106 104 0.142857
107 104 0.142857
108 104 0.142857
101 105 0.125
102 105 0.125
103 105 0.125
104 105 0.125
106 105 0.125
107 105 0.125
108 105 0.125
109 105 0.125
102 106 0.125
103 106 0.125
104 106 0.125
105 106 0.125
107 106 0.125
108 106 0.125
110 106 0.125
263 106 0.125
104 108 0.142857
105 108 0.142857
106 108 0.142857
109 108 0.142857
110 108 0.142857
111 108 0.142857
112 108 0.142857
105 109 0.125
107 109 0.125
108 109 0.125
110 109 0.125
111 109 0.125
112 109 0.125
127 109 0.125
260 109 0.125
106 110 0.125
107 110 0.125
108 110 0.125
109 110 0.125
111 110 0.125
113 110 0.125
114 110 0.125
194 110 0.125
106 263 0.111111
259 263 0.111111
260 263 0.111111
261 263 0.111111
262 263 0.111111
264 263 0.111111
265 263 0.111111
266 263 0.111111
267 263 0.111111
107 111 0.125
108 111 0.125
109 111 0.125
110 111 0.125
112 111 0.125
113 111 0.125
114 111 0.125
115 111 0.125
107 212 0.1
141 212 0.1
200 212 0.1
209 212 0.1
210 212 0.1
211 212 0.1
213 212 0.1
215 212 0.1
216 212 0.1
355 212 0.1
109 127 0.125
123 127 0.125
124 127 0.125
125 127 0.125
126 127 0.125
128 127 0.125
130 127 0.125
131 127 0.125
109 260 0.083333
234 260 0.083333
236 260 0.083333
256 260 0.083333
257 260 0.083333
258 260 0.083333
259 260 0.083333
261 260 0.083333
262 260 0.083333
263 260 0.083333
264 260 0.083333
396 260 0.083333
110 113 0.142857
111 113 0.142857
112 113 0.142857
114 113 0.142857
115 113 0.142857
116 113 0.142857
117 113 0.142857
110 114 0.142857
111 114 0.142857
113 114 0.142857
115 114 0.142857
116 114 0.142857
118 114 0.142857
221 114 0.142857
110 194 0.111111
159 194 0.111111
190 194 0.111111
191 194 0.111111
192 194 0.111111
193 194 0.111111
195 194 0.111111
198 194 0.111111
360 194 0.111111
111 115 0.111111
112 115 0.111111
113 115 0.111111
114 115 0.111111
116 115 0.111111
117 115 0.111111
118 115 0.111111
119 115 0.111111
214 115 0.111111
112 116 0.125
113 116 0.125
114 116 0.125
115 116 0.125
117 116 0.125
118 116 0.125
119 116 0.125
120 116 0.125
112 131 0.1
127 131 0.1
128 131 0.1
129 131 0.1
130 131 0.1
132 131 0.1
133 131 0.1
134 131 0.1
135 131 0.1
162 131 0.1
113 117 0.142857
115 117 0.142857
116 117 0.142857
118 117 0.142857
119 117 0.142857
120 117 0.142857
121 117 0.142857
114 118 0.125
115 118 0.125
116 118 0.125
117 118 0.125
119 118 0.125
120 118 0.125
122 118 0.125
388 118 0.125
114 221 0.125
217 221 0.125
219 221 0.125
220 221 0.125
222 221 0.125
223 221 0.125
224 221 0.125
225 221 0.125
115 119 0.111111
116 119 0.111111
117 119 0.111111
118 119 0.111111
120 119 0.111111
121 119 0.111111
122 119 0.111111
123 119 0.111111
308 119 0.111111
116 120 0.125
117 120 0.125
118 120 0.125
119 120 0.125
122 120 0.125
123 120 0.125
124 120 0.125
312 120 0.125
117 121 0.142857
119 121 0.142857
122 121 0.142857
123 121 0.142857
124 121 0.142857
125 121 0.142857
167 121 0.142857
118 122 0.125
119 122 0.125
120 122 0.125
121 122 0.125
123 122 0.125
124 122 0.125
126 122 0.125
228 122 0.125
118 388 0.125
384 388 0.125
386 388 0.125
387 388 0.125
389 388 0.125
390 388 0.125
391 388 0.125
392 388 0.125
119 123 0.125
120 123 0.125
121 123 0.125
122 123 0.125
124 123 0.125
125 123 0.125
126 123 0.125
127 123 0.125
119 308 0.125
304 308 0.125
305 308 0.125
306 308 0.125
309 308 0.125
311 308 0.125
312 308 0.125
315 308 0.125
120 124 0.125
121 124 0.125
122 124 0.125
123 124 0.125
125 124 0.125
126 124 0.125
127 124 0.125
128 124 0.125
120 312 0.111111
209 312 0.111111
308 312 0.111111
309 312 0.111111
311 312 0.111111
313 312 0.111111
314 312 0.111111
315 312 0.111111
316 312 0.111111
121 125 0.111111
123 125 0.111111
124 125 0.111111
126 125 0.111111
127 125 0.111111
128 125 0.111111
129 125 0.111111
145 125 0.111111
220 125 0.111111
121 167 0.111111
163 167 0.111111
164 167 0.111111
165 167 0.111111
166 167 0.111111
168 167 0.111111
170 167 0.111111
180 167 0.111111
253 167 0.111111
122 126 0.125
123 126 0.125
124 126 0.125
125 126 0.125
127 126 0.125
128 126 0.125
129 126 0.125
130 126 0.125
122 228 0.111111
224 228 0.111111
225 228 0.111111
226 228 0.111111
227 228 0.111111
229 228 0.111111
230 228 0.111111
231 228 0.111111
261 228 0.111111
124 128 0.111111
125 128 0.111111
126 128 0.111111
127 128 0.111111
129 128 0.111111
130 128 0.111111
131 128 0.111111
132 128 0.111111
234 128 0.111111
125 129 0.142857
126 129 0.142857
128 129 0.142857
130 129 0.142857
131 129 0.142857
132 129 0.142857
133 129 0.142857
125 145 0.125
141 145 0.125
142 145 0.125
143 145 0.125
144 145 0.125
148 145 0.125
149 145 0.125
349 145 0.125
125 220 0.142857
216 220 0.142857
217 220 0.142857
219 220 0.142857
221 220 0.142857
222 220 0.142857
223 220 0.142857
126 130 0.125
127 130 0.125
128 130 0.125
129 130 0.125
131 130 0.125
132 130 0.125
133 130 0.125
134 130 0.125
128 132 0.125
129 132 0.125
130 132 0.125
131 132 0.125
133 132 0.125
134 132 0.125
135 132 0.125
136 132 0.125
128 234 0.125
230 234 0.125
231 234 0.125
232 234 0.125
233 234 0.125
235 234 0.125
237 234 0.125
260 234 0.125
129 133 0.111111
130 133 0.111111
131 133 0.111111
132 133 0.111111
134 133 0.111111
136 133 0.111111
137 133 0.111111
259 133 0.111111
358 133 0.111111
130 134 0.125
131 134 0.125
132 134 0.125
133 134 0.125
135 134 0.125
136 134 0.125
137 134 0.125
138 134 0.125
131 135 0.125
132 135 0.125
134 135 0.125
136 135 0.125
137 135 0.125
138 135 0.125
139 135 0.125
160 135 0.125
131 162 0.111111
158 162 0.111111
159 162 0.111111
160 162 0.111111
161 162 0.111111
163 162 0.111111
165 162 0.111111
166 162 0.111111
349 162 0.111111
132 136 0.125
133 136 0.125
134 136 0.125
135 136 0.125
137 136 0.125
139 136 0.125
140 136 0.125
214 136 0.125
133 137 0.111111
134 137 0.111111
135 137 0.111111
136 137 0.111111
138 137 0.111111
140 137 0.111111
141 137 0.111111
400 137 0.111111
192 137 0.111111
133 259 0.111111
255 259 0.111111
256 259 0.111111
257 259 0.111111
258 259 0.111111
260 259 0.111111
261 259 0.111111
262 259 0.111111
263 259 0.111111
133 358 0.142857
180 358 0.142857
354 358 0.142857
356 358 0.142857
357 358 0.142857
361 358 0.142857
362 358 0.142857
135 139 0.142857
136 139 0.142857
138 139 0.142857
140 139 0.142857
141 139 0.142857
142 139 0.142857
143 139 0.142857
135 160 0.125
156 160 0.125
157 160 0.125
158 160 0.125
159 160 0.125
161 160 0.125
162 160 0.125
163 160 0.125
136 140 0.111111
137 140 0.111111
138 140 0.111111
139 140 0.111111
141 140 0.111111
142 140 0.111111
143 140 0.111111
144 140 0.111111
392 140 0.111111
137 141 0.125
138 141 0.125
139 141 0.125
140 141 0.125
143 141 0.125
144 141 0.125
145 141 0.125
212 141 0.125
137 192 0.111111
188 192 0.111111
189 192 0.111111
190 192 0.111111
191 192 0.111111
193 192 0.111111
194 192 0.111111
195 192 0.111111
196 192 0.111111
138 142 0.125
139 142 0.125
140 142 0.125
143 142 0.125
144 142 0.125
145 142 0.125
146 142 0.125
321 142 0.125
139 143 0.111111
140 143 0.111111
141 143 0.111111
142 143 0.111111
144 143 0.111111
145 143 0.111111
146 143 0.111111
147 143 0.111111
376 143 0.111111
140 144 0.125
141 144 0.125
142 144 0.125
143 144 0.125
145 144 0.125
146 144 0.125
147 144 0.125
148 144 0.125
140 392 0.125
283 392 0.125
388 392 0.125
389 392 0.125
390 392 0.125
391 392 0.125
394 392 0.125
396 392 0.125
142 146 0.142857
143 146 0.142857
144 146 0.142857
147 146 0.142857
148 146 0.142857
149 146 0.142857
150 146 0.142857
142 321 0.125
317 321 0.125
318 321 0.125
319 321 0.125
320 321 0.125
322 321 0.125
323 321 0.125
325 321 0.125
143 147 0.142857
144 147 0.142857
146 147 0.142857
148 147 0.142857
149 147 0.142857
151 147 0.142857
223 147 0.142857
145 149 0.125
146 149 0.125
147 149 0.125
148 149 0.125
150 149 0.125
151 149 0.125
152 149 0.125
153 149 0.125
145 349 0.111111
162 349 0.111111
257 349 0.111111
345 349 0.111111
346 349 0.111111
347 349 0.111111
348 349 0.111111
350 349 0.111111
351 349 0.111111
146 150 0.125
148 150 0.125
149 150 0.125
152 150 0.125
153 150 0.125
154 150 0.125
280 150 0.125
402 150 0.125
147 223 0.125
219 223 0.125
220 223 0.125
221 223 0.125
224 223 0.125
225 223 0.125
226 223 0.125
227 223 0.125
148 152 0.125
149 152 0.125
150 152 0.125
151 152 0.125
153 152 0.125
154 152 0.125
155 152 0.125
156 152 0.125
149 153 0.142857
150 153 0.142857
152 153 0.142857
154 153 0.142857
155 153 0.142857
156 153 0.142857
157 153 0.142857
150 154 0.125
151 154 0.125
152 154 0.125
153 154 0.125
155 154 0.125
156 154 0.125
157 154 0.125
158 154 0.125
150 280 0.125
276 280 0.125
278 280 0.125
279 280 0.125
281 280 0.125
282 280 0.125
283 280 0.125
284 280 0.125
151 155 0.125
152 155 0.125
153 155 0.125
154 155 0.125
156 155 0.125
158 155 0.125
159 155 0.125
340 155 0.125
152 156 0.125
153 156 0.125
154 156 0.125
155 156 0.125
157 156 0.125
158 156 0.125
159 156 0.125
160 156 0.125
153 157 0.142857
154 157 0.142857
156 157 0.142857
158 157 0.142857
159 157 0.142857
160 157 0.142857
161 157 0.142857
154 158 0.125
155 158 0.125
156 158 0.125
157 158 0.125
159 158 0.125
160 158 0.125
161 158 0.125
162 158 0.125
155 159 0.111111
156 159 0.111111
157 159 0.111111
158 159 0.111111
160 159 0.111111
161 159 0.111111
162 159 0.111111
163 159 0.111111
194 159 0.111111
155 340 0.111111
336 340 0.111111
337 340 0.111111
338 340 0.111111
339 340 0.111111
341 340 0.111111
342 340 0.111111
343 340 0.111111
344 340 0.111111
159 163 0.111111
160 163 0.111111
161 163 0.111111
162 163 0.111111
164 163 0.111111
165 163 0.111111
167 163 0.111111
372 163 0.111111
275 163 0.111111
161 164 0.166667
163 164 0.166667
165 164 0.166667
166 164 0.166667
167 164 0.166667
168 164 0.166667
161 165 0.125
162 165 0.125
163 165 0.125
164 165 0.125
166 165 0.125
167 165 0.125
168 165 0.125
169 165 0.125
162 166 0.142857
164 166 0.142857
165 166 0.142857
167 166 0.142857
168 166 0.142857
169 166 0.142857
170 166 0.142857
163 275 0.111111
271 275 0.111111
272 275 0.111111
273 275 0.111111
274 275 0.111111
276 275 0.111111
277 275 0.111111
278 275 0.111111
279 275 0.111111
164 168 0.125
165 168 0.125
166 168 0.125
167 168 0.125
169 168 0.125
170 168 0.125
171 168 0.125
172 168 0.125
166 170 0.125
167 170 0.125
168 170 0.125
169 170 0.125
171 170 0.125
172 170 0.125
173 170 0.125
174 170 0.125
167 180 0.125
177 180 0.125
178 180 0.125
179 180 0.125
181 180 0.125
183 180 0.125
184 180 0.125
358 180 0.125
168 172 0.125
169 172 0.125
170 172 0.125
171 172 0.125
173 172 0.125
174 172 0.125
175 172 0.125
176 172 0.125
169 173 0.125
170 173 0.125
171 173 0.125
172 173 0.125
175 173 0.125
176 173 0.125
177 173 0.125
215 173 0.125
169 348 0.125
344 348 0.125
345 348 0.125
346 348 0.125
347 348 0.125
349 348 0.125
350 348 0.125
352 348 0.125
169 197 0.166667
193 197 0.166667
196 197 0.166667
198 197 0.166667
199 197 0.166667
200 197 0.166667
170 174 0.142857
171 174 0.142857
172 174 0.142857
175 174 0.142857
176 174 0.142857
177 174 0.142857
178 174 0.142857
171 175 0.125
172 175 0.125
173 175 0.125
174 175 0.125
176 175 0.125
177 175 0.125
241 175 0.125
258 175 0.125
173 177 0.125
174 177 0.125
175 177 0.125
176 177 0.125
178 177 0.125
179 177 0.125
180 177 0.125
181 177 0.125
173 215 0.125
211 215 0.125
212 215 0.125
213 215 0.125
216 215 0.125
217 215 0.125
218 215 0.125
219 215 0.125
175 241 0.125
237 241 0.125
238 241 0.125
239 241 0.125
242 241 0.125
243 241 0.125
244 241 0.125
245 241 0.125
176 182 0.166667
178 182 0.166667
179 182 0.166667
183 182 0.166667
185 182 0.166667
186 182 0.166667
176 342 0.125
335 342 0.125
338 342 0.125
340 342 0.125
341 342 0.125
343 342 0.125
345 342 0.125
346 342 0.125
176 337 0.142857
334 337 0.142857
335 337 0.142857
338 337 0.142857
339 337 0.142857
340 337 0.142857
341 337 0.142857
177 179 0.166667
178 179 0.166667
180 179 0.166667
181 179 0.166667
182 179 0.166667
310 179 0.166667
177 181 0.125
178 181 0.125
179 181 0.125
180 181 0.125
183 181 0.125
184 181 0.125
185 181 0.125
384 181 0.125
180 183 0.142857
181 183 0.142857
182 183 0.142857
184 183 0.142857
186 183 0.142857
187 183 0.142857
274 183 0.142857
180 184 0.142857
181 184 0.142857
183 184 0.142857
185 184 0.142857
186 184 0.142857
187 184 0.142857
188 184 0.142857
181 185 0.142857
182 185 0.142857
184 185 0.142857
186 185 0.142857
187 185 0.142857
188 185 0.142857
189 185 0.142857
181 384 0.111111
380 384 0.111111
381 384 0.111111
382 384 0.111111
383 384 0.111111
385 384 0.111111
386 384 0.111111
387 384 0.111111
388 384 0.111111
182 186 0.125
183 186 0.125
184 186 0.125
185 186 0.125
187 186 0.125
188 186 0.125
189 186 0.125
190 186 0.125
183 187 0.111111
184 187 0.111111
185 187 0.111111
186 187 0.111111
188 187 0.111111
189 187 0.111111
190 187 0.111111
191 187 0.111111
245 187 0.111111
185 189 0.125
186 189 0.125
187 189 0.125
188 189 0.125
190 189 0.125
191 189 0.125
192 189 0.125
193 189 0.125
186 190 0.125
187 190 0.125
188 190 0.125
189 190 0.125
191 190 0.125
192 190 0.125
193 190 0.125
194 190 0.125
187 191 0.125
188 191 0.125
189 191 0.125
190 191 0.125
192 191 0.125
193 191 0.125
194 191 0.125
195 191 0.125
187 245 0.1
241 245 0.1
242 245 0.1
243 245 0.1
244 245 0.1
247 245 0.1
248 245 0.1
249 245 0.1
378 245 0.1
287 245 0.1
189 193 0.125
190 193 0.125
191 193 0.125
192 193 0.125
194 193 0.125
195 193 0.125
196 193 0.125
197 193 0.125
191 195 0.125
192 195 0.125
193 195 0.125
194 195 0.125
196 195 0.125
198 195 0.125
199 195 0.125
398 195 0.125
192 196 0.142857
193 196 0.142857
195 196 0.142857
197 196 0.142857
198 196 0.142857
199 196 0.142857
200 196 0.142857
194 360 0.125
265 360 0.125
307 360 0.125
356 360 0.125
359 360 0.125
362 360 0.125
363 360 0.125
364 360 0.125
198 202 0.125
199 202 0.125
200 202 0.125
201 202 0.125
203 202 0.125
204 202 0.125
205 202 0.125
206 202 0.125
199 203 0.125
200 203 0.125
201 203 0.125
202 203 0.125
204 203 0.125
205 203 0.125
206 203 0.125
207 203 0.125
200 204 0.125
201 204 0.125
202 204 0.125
203 204 0.125
205 204 0.125
206 204 0.125
207 204 0.125
254 204 0.125
200 291 0.142857
288 291 0.142857
289 291 0.142857
290 291 0.142857
292 291 0.142857
293 291 0.142857
294 291 0.142857
201 205 0.125
202 205 0.125
203 205 0.125
204 205 0.125
206 205 0.125
207 205 0.125
208 205 0.125
209 205 0.125
203 207 0.142857
204 207 0.142857
205 207 0.142857
208 207 0.142857
209 207 0.142857
210 207 0.142857
211 207 0.142857
204 254 0.111111
250 254 0.111111
251 254 0.111111
252 254 0.111111
253 254 0.111111
255 254 0.111111
256 254 0.111111
257 254 0.111111
258 254 0.111111
205 209 0.125
206 209 0.125
207 209 0.125
208 209 0.125
210 209 0.125
211 209 0.125
212 209 0.125
312 209 0.125
207 211 0.111111
208 211 0.111111
209 211 0.111111
210 211 0.111111
212 211 0.111111
213 211 0.111111
214 211 0.111111
215 211 0.111111
290 211 0.111111
210 213 0.142857
211 213 0.142857
212 213 0.142857
214 213 0.142857
215 213 0.142857
216 213 0.142857
217 213 0.142857
211 290 0.090909
238 290 0.090909
240 290 0.090909
286 290 0.090909
287 290 0.090909
288 290 0.090909
289 290 0.090909
291 290 0.090909
292 290 0.090909
293 290 0.090909
325 290 0.090909
212 216 0.142857
213 216 0.142857
215 216 0.142857
217 216 0.142857
218 216 0.142857
219 216 0.142857
220 216 0.142857
213 217 0.125
214 217 0.125
215 217 0.125
216 217 0.125
218 217 0.125
219 217 0.125
220 217 0.125
221 217 0.125
214 218 0.125
215 218 0.125
216 218 0.125
217 218 0.125
219 218 0.125
222 218 0.125
256 218 0.125
353 218 0.125
215 219 0.125
216 219 0.125
217 219 0.125
218 219 0.125
220 219 0.125
221 219 0.125
223 219 0.125
363 219 0.125
218 256 0.142857
253 256 0.142857
254 256 0.142857
257 256 0.142857
258 256 0.142857
259 256 0.142857
260 256 0.142857
221 224 0.142857
222 224 0.142857
223 224 0.142857
225 224 0.142857
226 224 0.142857
227 224 0.142857
228 224 0.142857
221 225 0.125
222 225 0.125
223 225 0.125
224 225 0.125
226 225 0.125
227 225 0.125
228 225 0.125
334 225 0.125
222 226 0.125
223 226 0.125
224 226 0.125
225 226 0.125
227 226 0.125
228 226 0.125
229 226 0.125
230 226 0.125
223 227 0.125
224 227 0.125
225 227 0.125
226 227 0.125
228 227 0.125
229 227 0.125
230 227 0.125
231 227 0.125
225 334 0.111111
330 334 0.111111
331 334 0.111111
332 334 0.111111
333 334 0.111111
335 334 0.111111
336 334 0.111111
337 334 0.111111
338 334 0.111111
226 229 0.111111
227 229 0.111111
228 229 0.111111
230 229 0.111111
231 229 0.111111
232 229 0.111111
233 229 0.111111
336 229 0.111111
266 229 0.111111
226 230 0.125
227 230 0.125
228 230 0.125
229 230 0.125
231 230 0.125
232 230 0.125
233 230 0.125
234 230 0.125
227 231 0.125
228 231 0.125
229 231 0.125
230 231 0.125
232 231 0.125
233 231 0.125
234 231 0.125
235 231 0.125
228 261 0.111111
257 261 0.111111
258 261 0.111111
259 261 0.111111
260 261 0.111111
262 261 0.111111
263 261 0.111111
264 261 0.111111
265 261 0.111111
229 232 0.142857
230 232 0.142857
231 232 0.142857
233 232 0.142857
234 232 0.142857
236 232 0.142857
269 232 0.142857
229 233 0.125
230 233 0.125
231 233 0.125
232 233 0.125
234 233 0.125
235 233 0.125
236 233 0.125
237 233 0.125
229 336 0.125
332 336 0.125
333 336 0.125
334 336 0.125
335 336 0.125
338 336 0.125
339 336 0.125
340 336 0.125
232 236 0.125
233 236 0.125
235 236 0.125
237 236 0.125
238 236 0.125
240 236 0.125
260 236 0.125
277 236 0.125
232 269 0.125
265 269 0.125
267 269 0.125
268 269 0.125
270 269 0.125
271 269 0.125
272 269 0.125
273 269 0.125
233 237 0.142857
234 237 0.142857
236 237 0.142857
238 237 0.142857
239 237 0.142857
240 237 0.142857
241 237 0.142857
235 239 0.142857
237 239 0.142857
238 239 0.142857
241 239 0.142857
242 239 0.142857
243 239 0.142857
278 239 0.142857
235 323 0.111111
319 323 0.111111
320 323 0.111111
321 323 0.111111
322 323 0.111111
324 323 0.111111
325 323 0.111111
326 323 0.111111
327 323 0.111111
236 277 0.125
273 277 0.125
274 277 0.125
275 277 0.125
276 277 0.125
278 277 0.125
279 277 0.125
281 277 0.125
239 242 0.142857
240 242 0.142857
241 242 0.142857
243 242 0.142857
244 242 0.142857
245 242 0.142857
246 242 0.142857
239 278 0.111111
274 278 0.111111
275 278 0.111111
276 278 0.111111
277 278 0.111111
279 278 0.111111
280 278 0.111111
281 278 0.111111
282 278 0.111111
240 244 0.111111
241 244 0.111111
242 244 0.111111
243 244 0.111111
245 244 0.111111
246 244 0.111111
247 244 0.111111
248 244 0.111111
306 244 0.111111
242 246 0.142857
243 246 0.142857
244 246 0.142857
247 246 0.142857
248 246 0.142857
249 246 0.142857
250 246 0.142857
243 247 0.125
244 247 0.125
245 247 0.125
246 247 0.125
248 247 0.125
249 247 0.125
250 247 0.125
251 247 0.125
244 306 0.125
302 306 0.125
303 306 0.125
304 306 0.125
305 306 0.125
307 306 0.125
308 306 0.125
309 306 0.125
245 249 0.125
246 249 0.125
247 249 0.125
248 249 0.125
250 249 0.125
251 249 0.125
252 249 0.125
253 249 0.125
245 378 0.125
356 378 0.125
374 378 0.125
375 378 0.125
376 378 0.125
377 378 0.125
380 378 0.125
382 378 0.125
245 287 0.142857
283 287 0.142857
284 287 0.142857
286 287 0.142857
288 287 0.142857
289 287 0.142857
290 287 0.142857
246 250 0.125
247 250 0.125
248 250 0.125
249 250 0.125
251 250 0.125
252 250 0.125
253 250 0.125
254 250 0.125
247 251 0.125
248 251 0.125
249 251 0.125
250 251 0.125
252 251 0.125
253 251 0.125
254 251 0.125
255 251 0.125
249 252 0.142857
250 252 0.142857
251 252 0.142857
253 252 0.142857
254 252 0.142857
255 252 0.142857
303 252 0.142857
251 255 0.142857
252 255 0.142857
254 255 0.142857
257 255 0.142857
258 255 0.142857
259 255 0.142857
302 255 0.142857
253 257 0.1
254 257 0.1
255 257 0.1
256 257 0.1
258 257 0.1
259 257 0.1
260 257 0.1
261 257 0.1
356 257 0.1
349 257 0.1
255 302 0.111111
298 302 0.111111
299 302 0.111111
300 302 0.111111
301 302 0.111111
303 302 0.111111
304 302 0.111111
305 302 0.111111
306 302 0.111111
260 396 0.111111
345 396 0.111111
347 396 0.111111
392 396 0.111111
393 396 0.111111
394 396 0.111111
395 396 0.111111
397 396 0.111111
398 396 0.111111
261 265 0.111111
262 265 0.111111
263 265 0.111111
264 265 0.111111
266 265 0.111111
267 265 0.111111
268 265 0.111111
269 265 0.111111
360 265 0.111111
264 268 0.142857
265 268 0.142857
267 268 0.142857
269 268 0.142857
270 268 0.142857
271 268 0.142857
272 268 0.142857
266 270 0.125
267 270 0.125
268 270 0.125
269 270 0.125
272 270 0.125
273 270 0.125
274 270 0.125
295 270 0.125
266 288 0.111111
284 288 0.111111
285 288 0.111111
286 288 0.111111
287 288 0.111111
289 288 0.111111
290 288 0.111111
291 288 0.111111
292 288 0.111111
267 271 0.142857
268 271 0.142857
269 271 0.142857
272 271 0.142857
273 271 0.142857
274 271 0.142857
275 271 0.142857
268 272 0.125
269 272 0.125
270 272 0.125
271 272 0.125
273 272 0.125
274 272 0.125
275 272 0.125
276 272 0.125
269 273 0.111111
270 273 0.111111
271 273 0.111111
272 273 0.111111
274 273 0.111111
275 273 0.111111
276 273 0.111111
277 273 0.111111
299 273 0.111111
270 295 0.125
292 295 0.125
293 295 0.125
294 295 0.125
296 295 0.125
297 295 0.125
298 295 0.125
299 295 0.125
272 276 0.125
273 276 0.125
274 276 0.125
275 276 0.125
277 276 0.125
278 276 0.125
279 276 0.125
280 276 0.125
274 330 0.125
326 330 0.125
327 330 0.125
328 330 0.125
329 330 0.125
331 330 0.125
333 330 0.125
334 330 0.125
277 281 0.125
278 281 0.125
279 281 0.125
280 281 0.125
282 281 0.125
283 281 0.125
284 281 0.125
354 281 0.125
279 283 0.111111
280 283 0.111111
281 283 0.111111
284 283 0.111111
285 283 0.111111
286 283 0.111111
287 283 0.111111
392 283 0.111111
333 283 0.111111
279 368 0.125
299 368 0.125
364 368 0.125
365 368 0.125
366 368 0.125
367 368 0.125
369 368 0.125
370 368 0.125
280 284 0.125
281 284 0.125
282 284 0.125
283 284 0.125
285 284 0.125
286 284 0.125
287 284 0.125
288 284 0.125
281 354 0.111111
350 354 0.111111
351 354 0.111111
352 354 0.111111
353 354 0.111111
355 354 0.111111
356 354 0.111111
357 354 0.111111
358 354 0.111111
283 286 0.142857
284 286 0.142857
285 286 0.142857
287 286 0.142857
288 286 0.142857
290 286 0.142857
332 286 0.142857
283 333 0.125
329 333 0.125
330 333 0.125
331 333 0.125
332 333 0.125
334 333 0.125
335 333 0.125
336 333 0.125
285 289 0.142857
287 289 0.142857
288 289 0.142857
290 289 0.142857
291 289 0.142857
292 289 0.142857
293 289 0.142857
286 332 0.125
328 332 0.125
329 332 0.125
331 332 0.125
333 332 0.125
334 332 0.125
335 332 0.125
336 332 0.125
288 292 0.111111
289 292 0.111111
290 292 0.111111
291 292 0.111111
293 292 0.111111
294 292 0.111111
295 292 0.111111
296 292 0.111111
400 292 0.111111
289 293 0.125
290 293 0.125
291 293 0.125
292 293 0.125
294 293 0.125
295 293 0.125
296 293 0.125
297 293 0.125
290 325 0.125
321 325 0.125
322 325 0.125
323 325 0.125
324 325 0.125
326 325 0.125
327 325 0.125
328 325 0.125
291 294 0.125
292 294 0.125
293 294 0.125
295 294 0.125
296 294 0.125
297 294 0.125
298 294 0.125
351 294 0.125
293 297 0.142857
294 297 0.142857
295 297 0.142857
298 297 0.142857
299 297 0.142857
300 297 0.142857
301 297 0.142857
294 298 0.125
295 298 0.125
296 298 0.125
297 298 0.125
299 298 0.125
300 298 0.125
301 298 0.125
302 298 0.125
294 351 0.142857
347 351 0.142857
349 351 0.142857
350 351 0.142857
353 351 0.142857
354 351 0.142857
355 351 0.142857
296 300 0.142857
297 300 0.142857
298 300 0.142857
301 300 0.142857
302 300 0.142857
303 300 0.142857
304 300 0.142857
300 304 0.125
301 304 0.125
302 304 0.125
303 304 0.125
305 304 0.125
306 304 0.125
307 304 0.125
308 304 0.125
301 305 0.125
302 305 0.125
303 305 0.125
304 305 0.125
306 305 0.125
307 305 0.125
308 305 0.125
309 305 0.125
305 309 0.125
306 309 0.125
307 309 0.125
308 309 0.125
310 309 0.125
311 309 0.125
312 309 0.125
313 309 0.125
307 311 0.125
308 311 0.125
309 311 0.125
310 311 0.125
312 311 0.125
313 311 0.125
314 311 0.125
315 311 0.125
308 315 0.1
311 315 0.1
312 315 0.1
313 315 0.1
314 315 0.1
317 315 0.1
318 315 0.1
319 315 0.1
352 315 0.1
373 315 0.1
309 313 0.125
310 313 0.125
311 313 0.125
312 313 0.125
314 313 0.125
315 313 0.125
316 313 0.125
317 313 0.125
310 314 0.125
311 314 0.125
312 314 0.125
313 314 0.125
315 314 0.125
316 314 0.125
317 314 0.125
318 314 0.125
312 316 0.142857
313 316 0.142857
314 316 0.142857
317 316 0.142857
318 316 0.142857
319 316 0.142857
320 316 0.142857
313 317 0.125
314 317 0.125
315 317 0.125
316 317 0.125
318 317 0.125
319 317 0.125
320 317 0.125
321 317 0.125
314 318 0.125
315 318 0.125
316 318 0.125
317 318 0.125
319 318 0.125
320 318 0.125
321 318 0.125
322 318 0.125
315 319 0.125
316 319 0.125
317 319 0.125
318 319 0.125
320 319 0.125
321 319 0.125
322 319 0.125
323 319 0.125
315 352 0.166667
348 352 0.166667
350 352 0.166667
354 352 0.166667
355 352 0.166667
356 352 0.166667
316 320 0.111111
317 320 0.111111
318 320 0.111111
319 320 0.111111
321 320 0.111111
322 320 0.111111
323 320 0.111111
324 320 0.111111
357 320 0.111111
318 322 0.125
319 322 0.125
320 322 0.125
321 322 0.125
323 322 0.125
324 322 0.125
325 322 0.125
326 322 0.125
320 324 0.142857
322 324 0.142857
323 324 0.142857
325 324 0.142857
326 324 0.142857
327 324 0.142857
328 324 0.142857
320 357 0.142857
353 357 0.142857
354 357 0.142857
355 357 0.142857
358 357 0.142857
359 357 0.142857
361 357 0.142857
322 326 0.125
323 326 0.125
324 326 0.125
325 326 0.125
327 326 0.125
328 326 0.125
329 326 0.125
330 326 0.125
324 328 0.142857
325 328 0.142857
326 328 0.142857
329 328 0.142857
330 328 0.142857
331 328 0.142857
332 328 0.142857
326 329 0.142857
327 329 0.142857
328 329 0.142857
330 329 0.142857
331 329 0.142857
332 329 0.142857
333 329 0.142857
327 331 0.125
328 331 0.125
329 331 0.125
330 331 0.125
332 331 0.125
333 331 0.125
334 331 0.125
335 331 0.125
331 335 0.111111
332 335 0.111111
333 335 0.111111
334 335 0.111111
336 335 0.111111
337 335 0.111111
338 335 0.111111
339 335 0.111111
342 335 0.111111
334 338 0.125
335 338 0.125
336 338 0.125
337 338 0.125
339 338 0.125
340 338 0.125
341 338 0.125
342 338 0.125
339 343 0.125
340 343 0.125
341 343 0.125
342 343 0.125
344 343 0.125
345 343 0.125
346 343 0.125
347 343 0.125
340 344 0.142857
341 344 0.142857
343 344 0.142857
345 344 0.142857
346 344 0.142857
347 344 0.142857
348 344 0.142857
342 346 0.142857
343 346 0.142857
344 346 0.142857
347 346 0.142857
348 346 0.142857
349 346 0.142857
350 346 0.142857
343 347 0.111111
344 347 0.111111
346 347 0.111111
348 347 0.111111
349 347 0.111111
350 347 0.111111
351 347 0.111111
396 347 0.111111
398 347 0.111111
357 359 0.2
360 359 0.2
361 359 0.2
362 359 0.2
363 359 0.2
358 362 0.125
359 362 0.125
360 362 0.125
361 362 0.125
363 362 0.125
364 362 0.125
366 362 0.125
381 362 0.125
360 364 0.125
361 364 0.125
362 364 0.125
363 364 0.125
365 364 0.125
366 364 0.125
367 364 0.125
368 364 0.125
361 365 0.142857
363 365 0.142857
364 365 0.142857
366 365 0.142857
367 365 0.142857
368 365 0.142857
369 365 0.142857
362 366 0.125
363 366 0.125
364 366 0.125
365 366 0.125
367 366 0.125
368 366 0.125
369 366 0.125
370 366 0.125
362 381 0.125
377 381 0.125
379 381 0.125
380 381 0.125
382 381 0.125
383 381 0.125
384 381 0.125
385 381 0.125
363 367 0.125
364 367 0.125
365 367 0.125
366 367 0.125
368 367 0.125
369 367 0.125
370 367 0.125
371 367 0.125
366 370 0.125
367 370 0.125
368 370 0.125
369 370 0.125
371 370 0.125
372 370 0.125
373 370 0.125
374 370 0.125
367 371 0.142857
369 371 0.142857
370 371 0.142857
372 371 0.142857
373 371 0.142857
374 371 0.142857
375 371 0.142857
370 374 0.142857
371 374 0.142857
373 374 0.142857
375 374 0.142857
376 374 0.142857
377 374 0.142857
378 374 0.142857
371 375 0.142857
372 375 0.142857
374 375 0.142857
376 375 0.142857
377 375 0.142857
378 375 0.142857
379 375 0.142857
373 377 0.125
374 377 0.125
375 377 0.125
376 377 0.125
378 377 0.125
379 377 0.125
380 377 0.125
381 377 0.125
375 379 0.166667
377 379 0.166667
380 379 0.166667
381 379 0.166667
382 379 0.166667
383 379 0.166667
376 380 0.125
377 380 0.125
378 380 0.125
379 380 0.125
381 380 0.125
382 380 0.125
383 380 0.125
384 380 0.125
376 386 0.125
382 386 0.125
383 386 0.125
384 386 0.125
385 386 0.125
387 386 0.125
388 386 0.125
389 386 0.125
378 382 0.125
379 382 0.125
380 382 0.125
381 382 0.125
383 382 0.125
384 382 0.125
385 382 0.125
386 382 0.125
379 383 0.125
380 383 0.125
381 383 0.125
382 383 0.125
384 383 0.125
385 383 0.125
386 383 0.125
387 383 0.125
383 387 0.125
384 387 0.125
385 387 0.125
386 387 0.125
388 387 0.125
389 387 0.125
390 387 0.125
391 387 0.125
385 389 0.125
386 389 0.125
387 389 0.125
388 389 0.125
390 389 0.125
391 389 0.125
392 389 0.125
393 389 0.125
387 390 0.142857
388 390 0.142857
389 390 0.142857
391 390 0.142857
392 390 0.142857
393 390 0.142857
394 390 0.142857
387 391 0.125
388 391 0.125
389 391 0.125
390 391 0.125
392 391 0.125
393 391 0.125
394 391 0.125
395 391 0.125
390 394 0.125
391 394 0.125
392 394 0.125
393 394 0.125
395 394 0.125
396 394 0.125
397 394 0.125
398 394 0.125
393 397 0.125
394 397 0.125
395 397 0.125
396 397 0.125
398 397 0.125
399 397 0.125
400 397 0.125
401 397 0.125
1 0 0.125
403 0 0.125
402 0 0.125
3 0 0.125
401 0 0.125
4 0 0.125
400 0 0.125
210 0 0.125
