0 1 0.125
3 1 0.125
485 1 0.125
484 1 0.125
5 1 0.125
483 1 0.125
268 1 0.125
309 1 0.125
0 2 0.142857
3 2 0.142857
4 2 0.142857
5 2 0.142857
485 2 0.142857
6 2 0.142857
484 2 0.142857
0 484 0.111111
1 484 0.111111
2 484 0.111111
282 484 0.111111
480 484 0.111111
481 484 0.111111
482 484 0.111111
483 484 0.111111
485 484 0.111111
0 3 0.111111
1 3 0.111111
2 3 0.111111
4 3 0.111111
6 3 0.111111
7 3 0.111111
485 3 0.111111
165 3 0.111111
422 3 0.111111
0 483 0.125
1 483 0.125
479 483 0.125
480 483 0.125
481 483 0.125
482 483 0.125
484 483 0.125
485 483 0.125
0 4 0.125
2 4 0.125
3 4 0.125
5 4 0.125
6 4 0.125
7 4 0.125
8 4 0.125
226 4 0.125
0 482 0.125
407 482 0.125
479 482 0.125
480 482 0.125
481 482 0.125
483 482 0.125
484 482 0.125
485 482 0.125
1 485 0.142857
2 485 0.142857
3 485 0.142857
279 485 0.142857
482 485 0.142857
483 485 0.142857
484 485 0.142857
1 5 0.142857
2 5 0.142857
4 5 0.142857
6 5 0.142857
7 5 0.142857
8 5 0.142857
9 5 0.142857
1 268 0.111111
64 268 0.111111
264 268 0.111111
265 268 0.111111
266 268 0.111111
267 268 0.111111
269 268 0.111111
270 268 0.111111
389 268 0.111111
1 309 0.111111
305 309 0.111111
306 309 0.111111
307 309 0.111111
308 309 0.111111
310 309 0.111111
311 309 0.111111
312 309 0.111111
313 309 0.111111
2 6 0.125
3 6 0.125
4 6 0.125
5 6 0.125
7 6 0.125
8 6 0.125
9 6 0.125
10 6 0.125
3 7 0.111111
4 7 0.111111
5 7 0.111111
6 7 0.111111
8 7 0.111111
9 7 0.111111
10 7 0.111111
11 7 0.111111
376 7 0.111111
3 165 0.111111
161 165 0.111111
162 165 0.111111
163 165 0.111111
164 165 0.111111
166 165 0.111111
168 165 0.111111
169 165 0.111111
335 165 0.111111
3 422 0.125
334 422 0.125
418 422 0.125
419 422 0.125
420 422 0.125
421 422 0.125
423 422 0.125
424 422 0.125
4 8 0.1
5 8 0.1
6 8 0.1
7 8 0.1
9 8 0.1
10 8 0.1
11 8 0.1
153 8 0.1
254 8 0.1
307 8 0.1
4 226 0.125
222 226 0.125
223 226 0.125
224 226 0.125
225 226 0.125
227 226 0.125
228 226 0.125
230 226 0.125
5 9 0.125
6 9 0.125
7 9 0.125
8 9 0.125
10 9 0.125
11 9 0.125
12 9 0.125
13 9 0.125
6 10 0.125
7 10 0.125
8 10 0.125
9 10 0.125
11 10 0.125
12 10 0.125
13 10 0.125
14 10 0.125
7 11 0.125
8 11 0.125
9 11 0.125
10 11 0.125
12 11 0.125
13 11 0.125
14 11 0.125
439 11 0.125
7 376 0.125
372 376 0.125
373 376 0.125
374 376 0.125
375 376 0.125
377 376 0.125
379 376 0.125
380 376 0.125
8 153 0.125
149 153 0.125
150 153 0.125
152 153 0.125
154 153 0.125
156 153 0.125
157 153 0.125
413 153 0.125
8 254 0.125
250 254 0.125
251 254 0.125
252 254 0.125
253 254 0.125
255 254 0.125
256 254 0.125
258 254 0.125
8 307 0.090909
243 307 0.090909
270 307 0.090909
276 307 0.090909
303 307 0.090909
304 307 0.090909
305 307 0.090909
308 307 0.090909
309 307 0.090909
310 307 0.090909
452 307 0.090909
9 12 0.1
10 12 0.1
11 12 0.1
14 12 0.1
15 12 0.1
16 12 0.1
394 12 0.1
144 12 0.1
160 12 0.1
471 12 0.1
9 13 0.142857
10 13 0.142857
11 13 0.142857
14 13 0.142857
15 13 0.142857
16 13 0.142857
17 13 0.142857
10 14 0.125
11 14 0.125
12 14 0.125
13 14 0.125
16 14 0.125
18 14 0.125
258 14 0.125
143 14 0.125
11 439 0.111111
396 439 0.111111
435 439 0.111111
436 439 0.111111
437 439 0.111111
438 439 0.111111
440 439 0.111111
441 439 0.111111
443 439 0.111111
12 15 0.166667
13 15 0.166667
16 15 0.166667
17 15 0.166667
18 15 0.166667
19 15 0.166667
12 16 0.125
13 16 0.125
14 16 0.125
15 16 0.125
17 16 0.125
18 16 0.125
19 16 0.125
20 16 0.125
12 394 0.1
194 394 0.1
390 394 0.1
391 394 0.1
392 394 0.1
393 394 0.1
395 394 0.1
396 394 0.1
397 394 0.1
453 394 0.1
12 144 0.125
140 144 0.125
141 144 0.125
142 144 0.125
143 144 0.125
145 144 0.125
147 144 0.125
148 144 0.125
12 160 0.125
156 160 0.125
158 160 0.125
159 160 0.125
161 160 0.125
163 160 0.125
164 160 0.125
469 160 0.125
12 471 0.142857
467 471 0.142857
468 471 0.142857
470 471 0.142857
472 471 0.142857
473 471 0.142857
474 471 0.142857
13 17 0.142857
15 17 0.142857
16 17 0.142857
19 17 0.142857
20 17 0.142857
21 17 0.142857
283 17 0.142857
14 18 0.111111
15 18 0.111111
16 18 0.111111
19 18 0.111111
20 18 0.111111
21 18 0.111111
450 18 0.111111
281 18 0.111111
122 18 0.111111
14 258 0.111111
254 258 0.111111
255 258 0.111111
256 258 0.111111
257 258 0.111111
259 258 0.111111
260 258 0.111111
261 258 0.111111
262 258 0.111111
14 143 0.111111
139 143 0.111111
140 143 0.111111
141 143 0.111111
142 143 0.111111
144 143 0.111111
145 143 0.111111
147 143 0.111111
186 143 0.111111
15 19 0.125
16 19 0.125
17 19 0.125
18 19 0.125
20 19 0.125
21 19 0.125
23 19 0.125
214 19 0.125
16 20 0.125
17 20 0.125
18 20 0.125
19 20 0.125
21 20 0.125
22 20 0.125
23 20 0.125
24 20 0.125
17 21 0.125
18 21 0.125
19 21 0.125
20 21 0.125
22 21 0.125
23 21 0.125
24 21 0.125
25 21 0.125
17 283 0.111111
279 283 0.111111
280 283 0.111111
281 283 0.111111
282 283 0.111111
284 283 0.111111
285 283 0.111111
287 283 0.111111
461 283 0.111111
18 450 0.111111
262 450 0.111111
446 450 0.111111
447 450 0.111111
448 450 0.111111
449 450 0.111111
452 450 0.111111
453 450 0.111111
454 450 0.111111
18 281 0.125
94 281 0.125
277 281 0.125
278 281 0.125
280 281 0.125
283 281 0.125
284 281 0.125
285 281 0.125
18 122 0.125
118 122 0.125
119 122 0.125
120 122 0.125
121 122 0.125
123 122 0.125
124 122 0.125
125 122 0.125
19 23 0.125
20 23 0.125
21 23 0.125
22 23 0.125
24 23 0.125
26 23 0.125
27 23 0.125
235 23 0.125
19 214 0.1
204 214 0.1
210 214 0.1
211 214 0.1
212 214 0.1
213 214 0.1
215 214 0.1
216 214 0.1
217 214 0.1
218 214 0.1
20 22 0.125
21 22 0.125
23 22 0.125
24 22 0.125
25 22 0.125
26 22 0.125
401 22 0.125
247 22 0.125
20 24 0.125
21 24 0.125
22 24 0.125
23 24 0.125
25 24 0.125
26 24 0.125
27 24 0.125
28 24 0.125
21 25 0.142857
22 25 0.142857
24 25 0.142857
27 25 0.142857
28 25 0.142857
29 25 0.142857
378 25 0.142857
22 26 0.142857
23 26 0.142857
24 26 0.142857
27 26 0.142857
28 26 0.142857
29 26 0.142857
188 26 0.142857
22 401 0.142857
397 401 0.142857
398 401 0.142857
400 401 0.142857
403 401 0.142857
404 401 0.142857
405 401 0.142857
22 247 0.125
45 247 0.125
85 247 0.125
245 247 0.125
246 247 0.125
248 247 0.125
249 247 0.125
250 247 0.125
23 27 0.125
24 27 0.125
25 27 0.125
26 27 0.125
28 27 0.125
29 27 0.125
30 27 0.125
31 27 0.125
23 235 0.111111
231 235 0.111111
232 235 0.111111
233 235 0.111111
234 235 0.111111
236 235 0.111111
237 235 0.111111
238 235 0.111111
239 235 0.111111
24 28 0.125
25 28 0.125
26 28 0.125
27 28 0.125
29 28 0.125
30 28 0.125
31 28 0.125
32 28 0.125
25 29 0.111111
26 29 0.111111
27 29 0.111111
28 29 0.111111
30 29 0.111111
32 29 0.111111
33 29 0.111111
329 29 0.111111
107 29 0.111111
25 378 0.125
374 378 0.125
375 378 0.125
377 378 0.125
379 378 0.125
380 378 0.125
381 378 0.125
382 378 0.125
26 188 0.111111
184 188 0.111111
185 188 0.111111
186 188 0.111111
187 188 0.111111
189 188 0.111111
190 188 0.111111
191 188 0.111111
192 188 0.111111
27 30 0.125
28 30 0.125
29 30 0.125
31 30 0.125
32 30 0.125
33 30 0.125
34 30 0.125
364 30 0.125
27 31 0.111111
28 31 0.111111
30 31 0.111111
32 31 0.111111
33 31 0.111111
34 31 0.111111
35 31 0.111111
135 31 0.111111
428 31 0.111111
28 32 0.125
29 32 0.125
30 32 0.125
31 32 0.125
33 32 0.125
34 32 0.125
35 32 0.125
36 32 0.125
29 33 0.125
30 33 0.125
31 33 0.125
32 33 0.125
34 33 0.125
35 33 0.125
37 33 0.125
282 33 0.125
29 329 0.111111
325 329 0.111111
326 329 0.111111
327 329 0.111111
328 329 0.111111
331 329 0.111111
332 329 0.111111
333 329 0.111111
367 329 0.111111
29 107 0.1
103 107 0.1
104 107 0.1
105 107 0.1
106 107 0.1
108 107 0.1
109 107 0.1
110 107 0.1
111 107 0.1
331 107 0.1
30 34 0.125
31 34 0.125
32 34 0.125
33 34 0.125
35 34 0.125
36 34 0.125
37 34 0.125
38 34 0.125
30 364 0.142857
360 364 0.142857
362 364 0.142857
363 364 0.142857
365 364 0.142857
366 364 0.142857
367 364 0.142857
31 35 0.1
32 35 0.1
33 35 0.1
34 35 0.1
36 35 0.1
37 35 0.1
38 35 0.1
39 35 0.1
44 35 0.1
129 35 0.1
31 135 0.125
131 135 0.125
132 135 0.125
133 135 0.125
134 135 0.125
136 135 0.125
137 135 0.125
139 135 0.125
31 428 0.125
308 428 0.125
424 428 0.125
425 428 0.125
426 428 0.125
427 428 0.125
429 428 0.125
430 428 0.125
32 36 0.142857
34 36 0.142857
35 36 0.142857
37 36 0.142857
38 36 0.142857
39 36 0.142857
40 36 0.142857
33 37 0.125
34 37 0.125
35 37 0.125
36 37 0.125
38 37 0.125
39 37 0.125
40 37 0.125
41 37 0.125
33 282 0.125
278 282 0.125
279 282 0.125
280 282 0.125
283 282 0.125
284 282 0.125
285 282 0.125
484 282 0.125
34 38 0.111111
35 38 0.111111
36 38 0.111111
37 38 0.111111
39 38 0.111111
40 38 0.111111
41 38 0.111111
42 38 0.111111
431 38 0.111111
35 39 0.125
36 39 0.125
37 39 0.125
38 39 0.125
40 39 0.125
41 39 0.125
42 39 0.125
43 39 0.125
35 44 0.125
40 44 0.125
41 44 0.125
42 44 0.125
43 44 0.125
46 44 0.125
47 44 0.125
48 44 0.125
35 129 0.125
125 129 0.125
126 129 0.125
127 129 0.125
128 129 0.125
130 129 0.125
131 129 0.125
133 129 0.125
36 40 0.125
37 40 0.125
38 40 0.125
39 40 0.125
41 40 0.125
43 40 0.125
44 40 0.125
137 40 0.125
37 41 0.125
38 41 0.125
39 41 0.125
40 41 0.125
42 41 0.125
43 41 0.125
44 41 0.125
45 41 0.125
38 42 0.142857
39 42 0.142857
41 42 0.142857
43 42 0.142857
44 42 0.142857
45 42 0.142857
46 42 0.142857
38 431 0.166667
222 431 0.166667
256 431 0.166667
427 431 0.166667
429 431 0.166667
435 431 0.166667
39 43 0.111111
40 43 0.111111
41 43 0.111111
42 43 0.111111
44 43 0.111111
45 43 0.111111
46 43 0.111111
47 43 0.111111
52 43 0.111111
40 137 0.1
133 137 0.1
134 137 0.1
135 137 0.1
136 137 0.1
138 137 0.1
139 137 0.1
140 137 0.1
141 137 0.1
222 137 0.1
41 45 0.142857
42 45 0.142857
43 45 0.142857
46 45 0.142857
47 45 0.142857
49 45 0.142857
247 45 0.142857
42 46 0.125
43 46 0.125
44 46 0.125
45 46 0.125
47 46 0.125
48 46 0.125
49 46 0.125
50 46 0.125
43 47 0.125
44 47 0.125
45 47 0.125
46 47 0.125
48 47 0.125
49 47 0.125
50 47 0.125
51 47 0.125
43 52 0.166667
49 52 0.166667
51 52 0.166667
53 52 0.166667
54 52 0.166667
55 52 0.166667
44 48 0.125
46 48 0.125
47 48 0.125
49 48 0.125
50 48 0.125
51 48 0.125
60 48 0.125
481 48 0.125
45 49 0.125
46 49 0.125
47 49 0.125
48 49 0.125
51 49 0.125
52 49 0.125
277 49 0.125
355 49 0.125
46 50 0.142857
47 50 0.142857
48 50 0.142857
51 50 0.142857
53 50 0.142857
54 50 0.142857
121 50 0.142857
47 51 0.125
48 51 0.125
49 51 0.125
50 51 0.125
52 51 0.125
53 51 0.125
54 51 0.125
55 51 0.125
48 60 0.142857
56 60 0.142857
57 60 0.142857
59 60 0.142857
61 60 0.142857
63 60 0.142857
64 60 0.142857
48 481 0.125
272 481 0.125
477 481 0.125
478 481 0.125
479 481 0.125
482 481 0.125
483 481 0.125
484 481 0.125
49 277 0.125
273 277 0.125
275 277 0.125
276 277 0.125
278 277 0.125
279 277 0.125
280 277 0.125
281 277 0.125
49 355 0.125
351 355 0.125
352 355 0.125
354 355 0.125
356 355 0.125
357 355 0.125
358 355 0.125
359 355 0.125
50 53 0.125
51 53 0.125
52 53 0.125
55 53 0.125
56 53 0.125
240 53 0.125
242 53 0.125
66 53 0.125
50 54 0.142857
51 54 0.142857
52 54 0.142857
55 54 0.142857
56 54 0.142857
57 54 0.142857
58 54 0.142857
50 121 0.111111
106 121 0.111111
117 121 0.111111
119 121 0.111111
120 121 0.111111
122 121 0.111111
123 121 0.111111
124 121 0.111111
125 121 0.111111
51 55 0.111111
52 55 0.111111
53 55 0.111111
54 55 0.111111
56 55 0.111111
57 55 0.111111
58 55 0.111111
59 55 0.111111
415 55 0.111111
53 56 0.125
54 56 0.125
55 56 0.125
57 56 0.125
58 56 0.125
59 56 0.125
60 56 0.125
264 56 0.125
53 240 0.125
236 240 0.125
238 240 0.125
239 240 0.125
241 240 0.125
242 240 0.125
243 240 0.125
244 240 0.125
53 242 0.1
238 242 0.1
239 242 0.1
240 242 0.1
241 242 0.1
243 242 0.1
244 242 0.1
245 242 0.1
246 242 0.1
261 242 0.1
53 66 0.125
62 66 0.125
63 66 0.125
64 66 0.125
65 66 0.125
67 66 0.125
68 66 0.125
69 66 0.125
54 57 0.142857
55 57 0.142857
56 57 0.142857
58 57 0.142857
59 57 0.142857
60 57 0.142857
61 57 0.142857
54 58 0.125
55 58 0.125
56 58 0.125
57 58 0.125
59 58 0.125
61 58 0.125
62 58 0.125
118 58 0.125
55 59 0.111111
56 59 0.111111
57 59 0.111111
58 59 0.111111
60 59 0.111111
61 59 0.111111
63 59 0.111111
472 59 0.111111
86 59 0.111111
55 415 0.142857
412 415 0.142857
413 415 0.142857
414 415 0.142857
416 415 0.142857
417 415 0.142857
419 415 0.142857
56 264 0.142857
260 264 0.142857
261 264 0.142857
263 264 0.142857
265 264 0.142857
267 264 0.142857
268 264 0.142857
57 61 0.111111
58 61 0.111111
59 61 0.111111
60 61 0.111111
62 61 0.111111
63 61 0.111111
65 61 0.111111
110 61 0.111111
322 61 0.111111
58 62 0.166667
61 62 0.166667
63 62 0.166667
64 62 0.166667
65 62 0.166667
66 62 0.166667
58 118 0.111111
114 118 0.111111
115 118 0.111111
116 118 0.111111
117 118 0.111111
119 118 0.111111
120 118 0.111111
122 118 0.111111
345 118 0.111111
59 63 0.125
60 63 0.125
61 63 0.125
62 63 0.125
64 63 0.125
65 63 0.125
66 63 0.125
67 63 0.125
59 472 0.111111
468 472 0.111111
469 472 0.111111
470 472 0.111111
471 472 0.111111
473 472 0.111111
474 472 0.111111
475 472 0.111111
476 472 0.111111
59 86 0.125
82 86 0.125
83 86 0.125
84 86 0.125
88 86 0.125
90 86 0.125
417 86 0.125
149 86 0.125
60 64 0.111111
62 64 0.111111
63 64 0.111111
65 64 0.111111
66 64 0.111111
67 64 0.111111
68 64 0.111111
446 64 0.111111
268 64 0.111111
61 65 0.125
62 65 0.125
63 65 0.125
64 65 0.125
66 65 0.125
67 65 0.125
68 65 0.125
69 65 0.125
61 110 0.125
106 110 0.125
107 110 0.125
108 110 0.125
109 110 0.125
111 110 0.125
113 110 0.125
114 110 0.125
61 322 0.111111
318 322 0.111111
319 322 0.111111
320 322 0.111111
321 322 0.111111
323 322 0.111111
324 322 0.111111
325 322 0.111111
326 322 0.111111
63 67 0.125
64 67 0.125
65 67 0.125
66 67 0.125
68 67 0.125
69 67 0.125
70 67 0.125
71 67 0.125
64 68 0.125
65 68 0.125
66 68 0.125
67 68 0.125
69 68 0.125
70 68 0.125
71 68 0.125
72 68 0.125
64 446 0.125
442 446 0.125
443 446 0.125
444 446 0.125
445 446 0.125
447 446 0.125
449 446 0.125
450 446 0.125
65 69 0.125
66 69 0.125
67 69 0.125
68 69 0.125
70 69 0.125
72 69 0.125
73 69 0.125
435 69 0.125
67 70 0.142857
68 70 0.142857
69 70 0.142857
71 70 0.142857
72 70 0.142857
73 70 0.142857
74 70 0.142857
67 71 0.142857
68 71 0.142857
70 71 0.142857
72 71 0.142857
73 71 0.142857
74 71 0.142857
75 71 0.142857
68 72 0.125
69 72 0.125
70 72 0.125
71 72 0.125
74 72 0.125
243 72 0.125
391 72 0.125
156 72 0.125
69 73 0.142857
70 73 0.142857
71 73 0.142857
74 73 0.142857
75 73 0.142857
76 73 0.142857
77 73 0.142857
69 435 0.111111
301 435 0.111111
431 435 0.111111
432 435 0.111111
433 435 0.111111
436 435 0.111111
437 435 0.111111
438 435 0.111111
439 435 0.111111
70 74 0.111111
71 74 0.111111
72 74 0.111111
73 74 0.111111
75 74 0.111111
77 74 0.111111
78 74 0.111111
275 74 0.111111
279 74 0.111111
71 75 0.142857
73 75 0.142857
74 75 0.142857
76 75 0.142857
77 75 0.142857
78 75 0.142857
79 75 0.142857
72 243 0.111111
186 243 0.111111
239 243 0.111111
240 243 0.111111
241 243 0.111111
242 243 0.111111
244 243 0.111111
245 243 0.111111
307 243 0.111111
72 391 0.111111
387 391 0.111111
388 391 0.111111
389 391 0.111111
390 391 0.111111
392 391 0.111111
393 391 0.111111
394 391 0.111111
395 391 0.111111
72 156 0.125
152 156 0.125
153 156 0.125
154 156 0.125
157 156 0.125
158 156 0.125
159 156 0.125
160 156 0.125
73 76 0.166667
75 76 0.166667
77 76 0.166667
78 76 0.166667
79 76 0.166667
80 76 0.166667
73 77 0.125
74 77 0.125
75 77 0.125
76 77 0.125
78 77 0.125
79 77 0.125
80 77 0.125
81 77 0.125
74 78 0.125
75 78 0.125
76 78 0.125
77 78 0.125
79 78 0.125
80 78 0.125
81 78 0.125
82 78 0.125
74 275 0.111111
271 275 0.111111
272 275 0.111111
273 275 0.111111
274 275 0.111111
276 275 0.111111
277 275 0.111111
278 275 0.111111
279 275 0.111111
74 279 0.111111
275 279 0.111111
276 279 0.111111
277 279 0.111111
278 279 0.111111
280 279 0.111111
282 279 0.111111
283 279 0.111111
485 279 0.111111
75 79 0.125
76 79 0.125
77 79 0.125
78 79 0.125
80 79 0.125
81 79 0.125
82 79 0.125
83 79 0.125
76 80 0.125
77 80 0.125
78 80 0.125
79 80 0.125
81 80 0.125
82 80 0.125
83 80 0.125
84 80 0.125
77 81 0.125
78 81 0.125
79 81 0.125
80 81 0.125
82 81 0.125
83 81 0.125
84 81 0.125
85 81 0.125
78 82 0.125
79 82 0.125
80 82 0.125
81 82 0.125
83 82 0.125
84 82 0.125
85 82 0.125
86 82 0.125
79 83 0.125
80 83 0.125
81 83 0.125
82 83 0.125
84 83 0.125
85 83 0.125
86 83 0.125
87 83 0.125
80 84 0.125
81 84 0.125
82 84 0.125
83 84 0.125
85 84 0.125
86 84 0.125
87 84 0.125
88 84 0.125
81 85 0.125
82 85 0.125
83 85 0.125
84 85 0.125
88 85 0.125
89 85 0.125
203 85 0.125
247 85 0.125
83 87 0.166667
84 87 0.166667
88 87 0.166667
89 87 0.166667
90 87 0.166667
91 87 0.166667
84 88 0.125
85 88 0.125
86 88 0.125
87 88 0.125
89 88 0.125
90 88 0.125
91 88 0.125
92 88 0.125
85 89 0.142857
87 89 0.142857
88 89 0.142857
90 89 0.142857
91 89 0.142857
93 89 0.142857
234 89 0.142857
85 203 0.111111
199 203 0.111111
200 203 0.111111
201 203 0.111111
202 203 0.111111
204 203 0.111111
205 203 0.111111
206 203 0.111111
207 203 0.111111
86 90 0.125
87 90 0.125
88 90 0.125
89 90 0.125
91 90 0.125
92 90 0.125
93 90 0.125
94 90 0.125
86 417 0.111111
231 417 0.111111
414 417 0.111111
415 417 0.111111
416 417 0.111111
418 417 0.111111
419 417 0.111111
420 417 0.111111
421 417 0.111111
86 149 0.125
145 149 0.125
146 149 0.125
147 149 0.125
150 149 0.125
153 149 0.125
221 149 0.125
209 149 0.125
87 91 0.125
88 91 0.125
89 91 0.125
90 91 0.125
93 91 0.125
94 91 0.125
95 91 0.125
207 91 0.125
88 92 0.166667
90 92 0.166667
93 92 0.166667
94 92 0.166667
95 92 0.166667
96 92 0.166667
89 93 0.111111
90 93 0.111111
91 93 0.111111
92 93 0.111111
94 93 0.111111
95 93 0.111111
96 93 0.111111
97 93 0.111111
253 93 0.111111
89 234 0.125
230 234 0.125
232 234 0.125
233 234 0.125
235 234 0.125
236 234 0.125
237 234 0.125
238 234 0.125
90 94 0.111111
91 94 0.111111
92 94 0.111111
93 94 0.111111
96 94 0.111111
97 94 0.111111
98 94 0.111111
115 94 0.111111
281 94 0.111111
91 95 0.142857
92 95 0.142857
93 95 0.142857
96 95 0.142857
97 95 0.142857
98 95 0.142857
99 95 0.142857
91 207 0.125
203 207 0.125
205 207 0.125
206 207 0.125
208 207 0.125
209 207 0.125
210 207 0.125
303 207 0.125
92 96 0.111111
93 96 0.111111
94 96 0.111111
95 96 0.111111
97 96 0.111111
98 96 0.111111
99 96 0.111111
100 96 0.111111
217 96 0.111111
93 97 0.125
94 97 0.125
95 97 0.125
96 97 0.125
98 97 0.125
99 97 0.125
100 97 0.125
101 97 0.125
93 253 0.125
249 253 0.125
250 253 0.125
251 253 0.125
252 253 0.125
254 253 0.125
257 253 0.125
327 253 0.125
94 98 0.125
95 98 0.125
96 98 0.125
97 98 0.125
99 98 0.125
100 98 0.125
101 98 0.125
102 98 0.125
94 115 0.111111
111 115 0.111111
112 115 0.111111
113 115 0.111111
114 115 0.111111
116 115 0.111111
117 115 0.111111
118 115 0.111111
119 115 0.111111
95 99 0.125
96 99 0.125
97 99 0.125
98 99 0.125
100 99 0.125
101 99 0.125
102 99 0.125
103 99 0.125
96 100 0.125
97 100 0.125
98 100 0.125
99 100 0.125
101 100 0.125
102 100 0.125
103 100 0.125
104 100 0.125
96 217 0.111111
213 217 0.111111
214 217 0.111111
215 217 0.111111
216 217 0.111111
218 217 0.111111
219 217 0.111111
221 217 0.111111
346 217 0.111111
97 101 0.125
98 101 0.125
99 101 0.125
100 101 0.125
102 101 0.125
103 101 0.125
104 101 0.125
105 101 0.125
98 102 0.125
99 102 0.125
100 102 0.125
101 102 0.125
103 102 0.125
104 102 0.125
105 102 0.125
106 102 0.125
99 103 0.111111
100 103 0.111111
101 103 0.111111
102 103 0.111111
104 103 0.111111
105 103 0.111111
106 103 0.111111
107 103 0.111111
385 103 0.111111
100 104 0.125
101 104 0.125
102 104 0.125
103 104 0.125
105 104 0.125
106 104 0.125
107 104 0.125
108 104 0.125
101 105 0.125
102 105 0.125
103 105 0.125
104 105 0.125
106 105 0.125
107 105 0.125
108 105 0.125
109 105 0.125
102 106 0.125
103 106 0.125
104 106 0.125
105 106 0.125
107 106 0.125
109 106 0.125
110 106 0.125
121 106 0.125
103 385 0.125
381 385 0.125
382 385 0.125
383 385 0.125
384 385 0.125
386 385 0.125
388 385 0.125
389 385 0.125
104 108 0.125
105 108 0.125
107 108 0.125
109 108 0.125
110 108 0.125
111 108 0.125
112 108 0.125
411 108 0.125
105 109 0.125
106 109 0.125
107 109 0.125
108 109 0.125
110 109 0.125
111 109 0.125
112 109 0.125
113 109 0.125
107 111 0.111111
108 111 0.111111
109 111 0.111111
110 111 0.111111
112 111 0.111111
113 111 0.111111
114 111 0.111111
115 111 0.111111
316 111 0.111111
107 331 0.125
327 331 0.125
328 331 0.125
329 331 0.125
330 331 0.125
332 331 0.125
334 331 0.125
335 331 0.125
108 112 0.142857
109 112 0.142857
111 112 0.142857
113 112 0.142857
114 112 0.142857
115 112 0.142857
116 112 0.142857
108 411 0.125
406 411 0.125
407 411 0.125
408 411 0.125
409 411 0.125
410 411 0.125
412 411 0.125
414 411 0.125
109 113 0.125
110 113 0.125
111 113 0.125
112 113 0.125
114 113 0.125
115 113 0.125
116 113 0.125
117 113 0.125
110 114 0.111111
111 114 0.111111
112 114 0.111111
113 114 0.111111
115 114 0.111111
116 114 0.111111
117 114 0.111111
118 114 0.111111
257 114 0.111111
111 316 0.125
312 316 0.125
313 316 0.125
314 316 0.125
315 316 0.125
317 316 0.125
318 316 0.125
319 316 0.125
112 116 0.111111
113 116 0.111111
114 116 0.111111
115 116 0.111111
117 116 0.111111
118 116 0.111111
119 116 0.111111
120 116 0.111111
320 116 0.111111
113 117 0.125
114 117 0.125
115 117 0.125
116 117 0.125
118 117 0.125
119 117 0.125
120 117 0.125
121 117 0.125
114 257 0.142857
253 257 0.142857
255 257 0.142857
256 257 0.142857
258 257 0.142857
259 257 0.142857
261 257 0.142857
115 119 0.125
116 119 0.125
117 119 0.125
118 119 0.125
120 119 0.125
121 119 0.125
122 119 0.125
123 119 0.125
116 120 0.111111
117 120 0.111111
118 120 0.111111
119 120 0.111111
121 120 0.111111
122 120 0.111111
123 120 0.111111
124 120 0.111111
265 120 0.111111
116 320 0.142857
317 320 0.142857
318 320 0.142857
319 320 0.142857
321 320 0.142857
322 320 0.142857
323 320 0.142857
118 345 0.111111
302 345 0.111111
342 345 0.111111
343 345 0.111111
344 345 0.111111
346 345 0.111111
347 345 0.111111
348 345 0.111111
349 345 0.111111
119 123 0.111111
120 123 0.111111
121 123 0.111111
122 123 0.111111
124 123 0.111111
125 123 0.111111
126 123 0.111111
127 123 0.111111
386 123 0.111111
120 124 0.125
121 124 0.125
122 124 0.125
123 124 0.125
125 124 0.125
126 124 0.125
127 124 0.125
128 124 0.125
120 265 0.142857
261 265 0.142857
263 265 0.142857
264 265 0.142857
267 265 0.142857
268 265 0.142857
269 265 0.142857
121 125 0.111111
122 125 0.111111
123 125 0.111111
124 125 0.111111
126 125 0.111111
128 125 0.111111
129 125 0.111111
395 125 0.111111
183 125 0.111111
123 126 0.125
124 126 0.125
125 126 0.125
127 126 0.125
128 126 0.125
129 126 0.125
130 126 0.125
473 126 0.125
123 127 0.125
124 127 0.125
126 127 0.125
128 127 0.125
129 127 0.125
130 127 0.125
131 127 0.125
402 127 0.125
123 386 0.125
382 386 0.125
383 386 0.125
384 386 0.125
385 386 0.125
387 386 0.125
389 386 0.125
390 386 0.125
124 128 0.125
125 128 0.125
126 128 0.125
127 128 0.125
129 128 0.125
131 128 0.125
132 128 0.125
229 128 0.125
125 395 0.111111
301 395 0.111111
391 395 0.111111
392 395 0.111111
393 395 0.111111
394 395 0.111111
396 395 0.111111
397 395 0.111111
398 395 0.111111
125 183 0.125
179 183 0.125
180 183 0.125
181 183 0.125
182 183 0.125
184 183 0.125
186 183 0.125
187 183 0.125
126 130 0.142857
127 130 0.142857
129 130 0.142857
131 130 0.142857
132 130 0.142857
133 130 0.142857
134 130 0.142857
126 473 0.125
441 473 0.125
469 473 0.125
470 473 0.125
471 473 0.125
472 473 0.125
474 473 0.125
476 473 0.125
127 131 0.125
128 131 0.125
129 131 0.125
130 131 0.125
132 131 0.125
133 131 0.125
134 131 0.125
135 131 0.125
127 402 0.125
230 402 0.125
398 402 0.125
399 402 0.125
400 402 0.125
403 402 0.125
404 402 0.125
405 402 0.125
128 132 0.142857
130 132 0.142857
131 132 0.142857
133 132 0.142857
134 132 0.142857
135 132 0.142857
136 132 0.142857
128 229 0.142857
227 229 0.142857
228 229 0.142857
230 229 0.142857
231 229 0.142857
232 229 0.142857
233 229 0.142857
129 133 0.125
130 133 0.125
131 133 0.125
132 133 0.125
134 133 0.125
135 133 0.125
136 133 0.125
137 133 0.125
130 134 0.125
131 134 0.125
132 134 0.125
133 134 0.125
135 134 0.125
137 134 0.125
138 134 0.125
201 134 0.125
132 136 0.142857
133 136 0.142857
135 136 0.142857
137 136 0.142857
138 136 0.142857
139 136 0.142857
140 136 0.142857
134 138 0.142857
136 138 0.142857
137 138 0.142857
139 138 0.142857
140 138 0.142857
141 138 0.142857
142 138 0.142857
134 201 0.125
197 201 0.125
199 201 0.125
200 201 0.125
202 201 0.125
203 201 0.125
204 201 0.125
205 201 0.125
135 139 0.125
136 139 0.125
137 139 0.125
138 139 0.125
140 139 0.125
142 139 0.125
143 139 0.125
189 139 0.125
136 140 0.125
137 140 0.125
138 140 0.125
139 140 0.125
141 140 0.125
142 140 0.125
143 140 0.125
144 140 0.125
137 141 0.142857
138 141 0.142857
140 141 0.142857
142 141 0.142857
143 141 0.142857
144 141 0.142857
145 141 0.142857
137 222 0.1
155 222 0.1
218 222 0.1
219 222 0.1
220 222 0.1
221 222 0.1
223 222 0.1
225 222 0.1
226 222 0.1
431 222 0.1
138 142 0.125
139 142 0.125
140 142 0.125
141 142 0.125
143 142 0.125
144 142 0.125
145 142 0.125
146 142 0.125
139 189 0.1
185 189 0.1
186 189 0.1
187 189 0.1
188 189 0.1
190 189 0.1
191 189 0.1
192 189 0.1
193 189 0.1
476 189 0.1
141 145 0.125
142 145 0.125
143 145 0.125
144 145 0.125
146 145 0.125
147 145 0.125
148 145 0.125
149 145 0.125
142 146 0.166667
145 146 0.166667
147 146 0.166667
148 146 0.166667
149 146 0.166667
150 146 0.166667
143 147 0.125
144 147 0.125
145 147 0.125
146 147 0.125
148 147 0.125
149 147 0.125
150 147 0.125
151 147 0.125
143 186 0.090909
182 186 0.090909
183 186 0.090909
184 186 0.090909
185 186 0.090909
187 186 0.090909
188 186 0.090909
189 186 0.090909
190 186 0.090909
243 186 0.090909
274 186 0.090909
144 148 0.125
145 148 0.125
146 148 0.125
147 148 0.125
150 148 0.125
151 148 0.125
152 148 0.125
367 148 0.125
146 150 0.125
147 150 0.125
148 150 0.125
149 150 0.125
152 150 0.125
153 150 0.125
154 150 0.125
192 150 0.125
147 151 0.142857
148 151 0.142857
152 151 0.142857
154 151 0.142857
155 151 0.142857
295 151 0.142857
159 151 0.142857
148 152 0.142857
150 152 0.142857
151 152 0.142857
153 152 0.142857
154 152 0.142857
155 152 0.142857
156 152 0.142857
148 367 0.125
329 367 0.125
364 367 0.125
365 367 0.125
366 367 0.125
369 367 0.125
370 367 0.125
371 367 0.125
149 221 0.111111
217 221 0.111111
218 221 0.111111
219 221 0.111111
220 221 0.111111
222 221 0.111111
223 221 0.111111
224 221 0.111111
225 221 0.111111
149 209 0.111111
176 209 0.111111
205 209 0.111111
206 209 0.111111
207 209 0.111111
208 209 0.111111
210 209 0.111111
211 209 0.111111
213 209 0.111111
150 154 0.125
151 154 0.125
152 154 0.125
153 154 0.125
156 154 0.125
157 154 0.125
158 154 0.125
299 154 0.125
150 192 0.111111
188 192 0.111111
189 192 0.111111
190 192 0.111111
191 192 0.111111
193 192 0.111111
194 192 0.111111
195 192 0.111111
196 192 0.111111
151 155 0.166667
152 155 0.166667
157 155 0.166667
159 155 0.166667
222 155 0.166667
269 155 0.166667
151 295 0.125
291 295 0.125
292 295 0.125
293 295 0.125
294 295 0.125
297 295 0.125
298 295 0.125
299 295 0.125
151 159 0.111111
155 159 0.111111
156 159 0.111111
157 159 0.111111
158 159 0.111111
160 159 0.111111
161 159 0.111111
162 159 0.111111
163 159 0.111111
153 157 0.125
154 157 0.125
155 157 0.125
156 157 0.125
158 157 0.125
159 157 0.125
161 157 0.125
410 157 0.125
153 413 0.142857
409 413 0.142857
410 413 0.142857
412 413 0.142857
414 413 0.142857
415 413 0.142857
416 413 0.142857
154 158 0.125
156 158 0.125
157 158 0.125
159 158 0.125
160 158 0.125
161 158 0.125
162 158 0.125
464 158 0.125
154 299 0.111111
295 299 0.111111
296 299 0.111111
297 299 0.111111
298 299 0.111111
300 299 0.111111
301 299 0.111111
302 299 0.111111
303 299 0.111111
155 269 0.111111
265 269 0.111111
266 269 0.111111
267 269 0.111111
268 269 0.111111
270 269 0.111111
271 269 0.111111
272 269 0.111111
273 269 0.111111
157 161 0.125
158 161 0.125
159 161 0.125
160 161 0.125
162 161 0.125
163 161 0.125
164 161 0.125
165 161 0.125
157 410 0.125
406 410 0.125
408 410 0.125
409 410 0.125
411 410 0.125
412 410 0.125
413 410 0.125
414 410 0.125
158 162 0.125
159 162 0.125
161 162 0.125
163 162 0.125
164 162 0.125
165 162 0.125
166 162 0.125
387 162 0.125
158 464 0.125
460 464 0.125
461 464 0.125
462 464 0.125
463 464 0.125
465 464 0.125
467 464 0.125
468 464 0.125
159 163 0.125
160 163 0.125
161 163 0.125
162 163 0.125
164 163 0.125
165 163 0.125
166 163 0.125
167 163 0.125
160 164 0.111111
161 164 0.111111
162 164 0.111111
163 164 0.111111
165 164 0.111111
166 164 0.111111
167 164 0.111111
168 164 0.111111
244 164 0.111111
160 469 0.125
465 469 0.125
466 469 0.125
467 469 0.125
468 469 0.125
470 469 0.125
472 469 0.125
473 469 0.125
162 166 0.125
163 166 0.125
164 166 0.125
165 166 0.125
167 166 0.125
168 166 0.125
169 166 0.125
170 166 0.125
162 387 0.125
285 387 0.125
383 387 0.125
384 387 0.125
386 387 0.125
389 387 0.125
390 387 0.125
391 387 0.125
163 167 0.142857
164 167 0.142857
166 167 0.142857
168 167 0.142857
169 167 0.142857
170 167 0.142857
171 167 0.142857
164 168 0.125
165 168 0.125
166 168 0.125
167 168 0.125
169 168 0.125
170 168 0.125
171 168 0.125
172 168 0.125
164 244 0.125
240 244 0.125
241 244 0.125
242 244 0.125
243 244 0.125
245 244 0.125
246 244 0.125
248 244 0.125
165 169 0.125
166 169 0.125
167 169 0.125
168 169 0.125
171 169 0.125
172 169 0.125
173 169 0.125
342 169 0.125
165 335 0.111111
273 335 0.111111
331 335 0.111111
332 335 0.111111
333 335 0.111111
334 335 0.111111
336 335 0.111111
337 335 0.111111
338 335 0.111111
166 170 0.142857
167 170 0.142857
168 170 0.142857
171 170 0.142857
172 170 0.142857
173 170 0.142857
174 170 0.142857
167 171 0.125
168 171 0.125
169 171 0.125
170 171 0.125
172 171 0.125
173 171 0.125
174 171 0.125
175 171 0.125
168 172 0.125
169 172 0.125
170 172 0.125
171 172 0.125
173 172 0.125
174 172 0.125
175 172 0.125
176 172 0.125
169 173 0.125
170 173 0.125
171 173 0.125
172 173 0.125
174 173 0.125
175 173 0.125
176 173 0.125
177 173 0.125
169 342 0.125
338 342 0.125
339 342 0.125
341 342 0.125
343 342 0.125
344 342 0.125
345 342 0.125
346 342 0.125
170 174 0.1
171 174 0.1
172 174 0.1
173 174 0.1
175 174 0.1
176 174 0.1
177 174 0.1
178 174 0.1
430 174 0.1
416 174 0.1
171 175 0.125
172 175 0.125
173 175 0.125
174 175 0.125
176 175 0.125
177 175 0.125
178 175 0.125
179 175 0.125
172 176 0.125
173 176 0.125
174 176 0.125
175 176 0.125
178 176 0.125
179 176 0.125
180 176 0.125
209 176 0.125
173 177 0.142857
174 177 0.142857
175 177 0.142857
178 177 0.142857
179 177 0.142857
180 177 0.142857
181 177 0.142857
174 178 0.1
175 178 0.1
176 178 0.1
177 178 0.1
179 178 0.1
180 178 0.1
181 178 0.1
182 178 0.1
434 178 0.1
456 178 0.1
174 430 0.142857
426 430 0.142857
427 430 0.142857
428 430 0.142857
432 430 0.142857
433 430 0.142857
434 430 0.142857
174 416 0.111111
196 416 0.111111
412 416 0.111111
413 416 0.111111
414 416 0.111111
415 416 0.111111
417 416 0.111111
418 416 0.111111
419 416 0.111111
175 179 0.125
176 179 0.125
177 179 0.125
178 179 0.125
180 179 0.125
181 179 0.125
182 179 0.125
183 179 0.125
176 180 0.125
177 180 0.125
178 180 0.125
179 180 0.125
181 180 0.125
182 180 0.125
183 180 0.125
184 180 0.125
177 181 0.125
178 181 0.125
179 181 0.125
180 181 0.125
182 181 0.125
183 181 0.125
184 181 0.125
185 181 0.125
178 182 0.125
179 182 0.125
180 182 0.125
181 182 0.125
183 182 0.125
184 182 0.125
185 182 0.125
186 182 0.125
178 434 0.142857
292 434 0.142857
430 434 0.142857
432 434 0.142857
433 434 0.142857
436 434 0.142857
438 434 0.142857
178 456 0.125
452 456 0.125
453 456 0.125
454 456 0.125
455 456 0.125
457 456 0.125
458 456 0.125
460 456 0.125
180 184 0.125
181 184 0.125
182 184 0.125
183 184 0.125
185 184 0.125
186 184 0.125
187 184 0.125
188 184 0.125
181 185 0.142857
182 185 0.142857
184 185 0.142857
186 185 0.142857
187 185 0.142857
188 185 0.142857
189 185 0.142857
183 187 0.125
184 187 0.125
185 187 0.125
186 187 0.125
188 187 0.125
189 187 0.125
190 187 0.125
191 187 0.125
186 190 0.125
187 190 0.125
188 190 0.125
189 190 0.125
191 190 0.125
192 190 0.125
194 190 0.125
421 190 0.125
186 274 0.142857
271 274 0.142857
272 274 0.142857
273 274 0.142857
275 274 0.142857
276 274 0.142857
278 274 0.142857
187 191 0.125
188 191 0.125
189 191 0.125
190 191 0.125
192 191 0.125
193 191 0.125
194 191 0.125
195 191 0.125
189 193 0.142857
191 193 0.142857
192 193 0.142857
194 193 0.142857
195 193 0.142857
196 193 0.142857
197 193 0.142857
189 476 0.125
472 476 0.125
473 476 0.125
474 476 0.125
475 476 0.125
478 476 0.125
479 476 0.125
480 476 0.125
190 194 0.111111
191 194 0.111111
192 194 0.111111
193 194 0.111111
195 194 0.111111
196 194 0.111111
197 194 0.111111
198 194 0.111111
394 194 0.111111
190 421 0.111111
417 421 0.111111
418 421 0.111111
419 421 0.111111
420 421 0.111111
422 421 0.111111
423 421 0.111111
424 421 0.111111
425 421 0.111111
191 195 0.111111
192 195 0.111111
193 195 0.111111
194 195 0.111111
196 195 0.111111
197 195 0.111111
198 195 0.111111
199 195 0.111111
341 195 0.111111
192 196 0.111111
193 196 0.111111
194 196 0.111111
195 196 0.111111
197 196 0.111111
198 196 0.111111
200 196 0.111111
416 196 0.111111
211 196 0.111111
193 197 0.125
194 197 0.125
195 197 0.125
196 197 0.125
198 197 0.125
199 197 0.125
200 197 0.125
201 197 0.125
194 198 0.125
195 198 0.125
196 198 0.125
197 198 0.125
199 198 0.125
200 198 0.125
202 198 0.125
326 198 0.125
195 199 0.142857
197 199 0.142857
198 199 0.142857
200 199 0.142857
201 199 0.142857
202 199 0.142857
203 199 0.142857
195 341 0.142857
338 341 0.142857
339 341 0.142857
340 341 0.142857
342 341 0.142857
343 341 0.142857
344 341 0.142857
196 200 0.125
197 200 0.125
198 200 0.125
199 200 0.125
201 200 0.125
202 200 0.125
203 200 0.125
204 200 0.125
196 211 0.142857
208 211 0.142857
209 211 0.142857
210 211 0.142857
212 211 0.142857
213 211 0.142857
214 211 0.142857
198 202 0.125
199 202 0.125
200 202 0.125
201 202 0.125
203 202 0.125
204 202 0.125
205 202 0.125
206 202 0.125
198 326 0.111111
322 326 0.111111
323 326 0.111111
324 326 0.111111
325 326 0.111111
327 326 0.111111
328 326 0.111111
329 326 0.111111
330 326 0.111111
200 204 0.125
201 204 0.125
202 204 0.125
203 204 0.125
205 204 0.125
206 204 0.125
208 204 0.125
214 204 0.125
201 205 0.125
202 205 0.125
203 205 0.125
204 205 0.125
206 205 0.125
207 205 0.125
208 205 0.125
209 205 0.125
202 206 0.111111
203 206 0.111111
204 206 0.111111
205 206 0.111111
207 206 0.111111
208 206 0.111111
209 206 0.111111
210 206 0.111111
216 206 0.111111
204 208 0.125
205 208 0.125
206 208 0.125
207 208 0.125
209 208 0.125
211 208 0.125
212 208 0.125
447 208 0.125
206 210 0.111111
207 210 0.111111
209 210 0.111111
211 210 0.111111
212 210 0.111111
213 210 0.111111
214 210 0.111111
403 210 0.111111
336 210 0.111111
206 216 0.142857
213 216 0.142857
214 216 0.142857
215 216 0.142857
217 216 0.142857
218 216 0.142857
220 216 0.142857
207 303 0.111111
299 303 0.111111
300 303 0.111111
301 303 0.111111
302 303 0.111111
304 303 0.111111
305 303 0.111111
306 303 0.111111
307 303 0.111111
208 212 0.142857
210 212 0.142857
211 212 0.142857
213 212 0.142857
214 212 0.142857
215 212 0.142857
373 212 0.142857
208 447 0.111111
443 447 0.111111
444 447 0.111111
445 447 0.111111
446 447 0.111111
448 447 0.111111
449 447 0.111111
450 447 0.111111
451 447 0.111111
209 213 0.111111
210 213 0.111111
211 213 0.111111
212 213 0.111111
214 213 0.111111
216 213 0.111111
217 213 0.111111
480 213 0.111111
419 213 0.111111
210 403 0.125
399 403 0.125
400 403 0.125
401 403 0.125
402 403 0.125
405 403 0.125
406 403 0.125
407 403 0.125
210 336 0.125
332 336 0.125
333 336 0.125
334 336 0.125
335 336 0.125
337 336 0.125
339 336 0.125
340 336 0.125
212 215 0.166667
214 215 0.166667
216 215 0.166667
217 215 0.166667
218 215 0.166667
219 215 0.166667
212 373 0.1
337 373 0.1
369 373 0.1
370 373 0.1
371 373 0.1
372 373 0.1
374 373 0.1
375 373 0.1
376 373 0.1
377 373 0.1
213 480 0.125
476 480 0.125
477 480 0.125
478 480 0.125
479 480 0.125
482 480 0.125
483 480 0.125
484 480 0.125
213 419 0.111111
415 419 0.111111
416 419 0.111111
417 419 0.111111
418 419 0.111111
420 419 0.111111
421 419 0.111111
422 419 0.111111
423 419 0.111111
214 218 0.125
215 218 0.125
216 218 0.125
217 218 0.125
219 218 0.125
220 218 0.125
221 218 0.125
222 218 0.125
215 219 0.142857
217 219 0.142857
218 219 0.142857
220 219 0.142857
221 219 0.142857
222 219 0.142857
223 219 0.142857
216 220 0.142857
218 220 0.142857
219 220 0.142857
221 220 0.142857
222 220 0.142857
223 220 0.142857
224 220 0.142857
217 346 0.125
342 346 0.125
343 346 0.125
344 346 0.125
345 346 0.125
348 346 0.125
349 346 0.125
350 346 0.125
219 223 0.125
220 223 0.125
221 223 0.125
222 223 0.125
224 223 0.125
225 223 0.125
226 223 0.125
227 223 0.125
220 224 0.142857
221 224 0.142857
223 224 0.142857
225 224 0.142857
226 224 0.142857
227 224 0.142857
228 224 0.142857
221 225 0.125
222 225 0.125
223 225 0.125
224 225 0.125
226 225 0.125
227 225 0.125
228 225 0.125
432 225 0.125
223 227 0.125
224 227 0.125
225 227 0.125
226 227 0.125
228 227 0.125
229 227 0.125
230 227 0.125
231 227 0.125
224 228 0.111111
225 228 0.111111
226 228 0.111111
227 228 0.111111
229 228 0.111111
230 228 0.111111
231 228 0.111111
232 228 0.111111
397 228 0.111111
225 432 0.125
366 432 0.125
429 432 0.125
430 432 0.125
433 432 0.125
434 432 0.125
435 432 0.125
436 432 0.125
226 230 0.125
227 230 0.125
228 230 0.125
229 230 0.125
232 230 0.125
233 230 0.125
234 230 0.125
402 230 0.125
227 231 0.142857
228 231 0.142857
229 231 0.142857
232 231 0.142857
233 231 0.142857
235 231 0.142857
417 231 0.142857
228 232 0.125
229 232 0.125
230 232 0.125
231 232 0.125
233 232 0.125
234 232 0.125
235 232 0.125
236 232 0.125
228 397 0.125
393 397 0.125
394 397 0.125
395 397 0.125
396 397 0.125
398 397 0.125
399 397 0.125
401 397 0.125
229 233 0.125
230 233 0.125
231 233 0.125
232 233 0.125
234 233 0.125
235 233 0.125
236 233 0.125
237 233 0.125
232 236 0.125
233 236 0.125
234 236 0.125
235 236 0.125
237 236 0.125
238 236 0.125
239 236 0.125
240 236 0.125
233 237 0.111111
234 237 0.111111
235 237 0.111111
236 237 0.111111
238 237 0.111111
239 237 0.111111
241 237 0.111111
306 237 0.111111
370 237 0.111111
234 238 0.125
235 238 0.125
236 238 0.125
237 238 0.125
239 238 0.125
240 238 0.125
241 238 0.125
242 238 0.125
235 239 0.125
236 239 0.125
237 239 0.125
238 239 0.125
240 239 0.125
241 239 0.125
242 239 0.125
243 239 0.125
237 241 0.125
238 241 0.125
239 241 0.125
240 241 0.125
242 241 0.125
243 241 0.125
244 241 0.125
245 241 0.125
237 306 0.125
302 306 0.125
303 306 0.125
304 306 0.125
305 306 0.125
308 306 0.125
309 306 0.125
310 306 0.125
237 370 0.125
367 370 0.125
368 370 0.125
369 370 0.125
371 370 0.125
372 370 0.125
373 370 0.125
374 370 0.125
241 245 0.111111
242 245 0.111111
243 245 0.111111
244 245 0.111111
246 245 0.111111
247 245 0.111111
248 245 0.111111
249 245 0.111111
317 245 0.111111
242 246 0.142857
244 246 0.142857
245 246 0.142857
247 246 0.142857
248 246 0.142857
249 246 0.142857
250 246 0.142857
242 261 0.125
257 261 0.125
258 261 0.125
259 261 0.125
260 261 0.125
263 261 0.125
264 261 0.125
265 261 0.125
244 248 0.125
245 248 0.125
246 248 0.125
247 248 0.125
249 248 0.125
250 248 0.125
251 248 0.125
252 248 0.125
245 249 0.111111
246 249 0.111111
247 249 0.111111
248 249 0.111111
250 249 0.111111
251 249 0.111111
252 249 0.111111
253 249 0.111111
429 249 0.111111
245 317 0.125
313 317 0.125
314 317 0.125
315 317 0.125
316 317 0.125
318 317 0.125
320 317 0.125
321 317 0.125
246 250 0.111111
247 250 0.111111
248 250 0.111111
249 250 0.111111
251 250 0.111111
252 250 0.111111
253 250 0.111111
254 250 0.111111
459 250 0.111111
248 251 0.142857
249 251 0.142857
250 251 0.142857
252 251 0.142857
253 251 0.142857
254 251 0.142857
255 251 0.142857
248 252 0.125
249 252 0.125
250 252 0.125
251 252 0.125
253 252 0.125
254 252 0.125
256 252 0.125
424 252 0.125
249 429 0.125
425 429 0.125
426 429 0.125
427 429 0.125
428 429 0.125
431 429 0.125
432 429 0.125
433 429 0.125
250 459 0.142857
455 459 0.142857
457 459 0.142857
458 459 0.142857
460 459 0.142857
461 459 0.142857
462 459 0.142857
251 255 0.166667
254 255 0.166667
256 255 0.166667
257 255 0.166667
258 255 0.166667
259 255 0.166667
252 256 0.125
254 256 0.125
255 256 0.125
257 256 0.125
258 256 0.125
259 256 0.125
260 256 0.125
431 256 0.125
252 424 0.111111
420 424 0.111111
421 424 0.111111
422 424 0.111111
423 424 0.111111
425 424 0.111111
426 424 0.111111
427 424 0.111111
428 424 0.111111
253 327 0.111111
323 327 0.111111
324 327 0.111111
325 327 0.111111
326 327 0.111111
328 327 0.111111
329 327 0.111111
330 327 0.111111
331 327 0.111111
255 259 0.125
256 259 0.125
257 259 0.125
258 259 0.125
260 259 0.125
261 259 0.125
262 259 0.125
263 259 0.125
256 260 0.142857
258 260 0.142857
259 260 0.142857
261 260 0.142857
262 260 0.142857
263 260 0.142857
264 260 0.142857
258 262 0.142857
259 262 0.142857
260 262 0.142857
263 262 0.142857
266 262 0.142857
280 262 0.142857
450 262 0.142857
259 263 0.111111
260 263 0.111111
261 263 0.111111
262 263 0.111111
264 263 0.111111
265 263 0.111111
266 263 0.111111
267 263 0.111111
400 263 0.111111
262 266 0.142857
263 266 0.142857
267 266 0.142857
268 266 0.142857
269 266 0.142857
405 266 0.142857
296 266 0.142857
262 280 0.083333
276 280 0.083333
277 280 0.083333
278 280 0.083333
279 280 0.083333
281 280 0.083333
282 280 0.083333
283 280 0.083333
284 280 0.083333
353 280 0.083333
444 280 0.083333
478 280 0.083333
263 267 0.125
264 267 0.125
265 267 0.125
266 267 0.125
268 267 0.125
269 267 0.125
405 267 0.125
324 267 0.125
263 400 0.142857
396 400 0.142857
398 400 0.142857
399 400 0.142857
401 400 0.142857
402 400 0.142857
403 400 0.142857
266 405 0.111111
267 405 0.111111
401 405 0.111111
402 405 0.111111
403 405 0.111111
404 405 0.111111
407 405 0.111111
408 405 0.111111
409 405 0.111111
266 296 0.125
292 296 0.125
293 296 0.125
294 296 0.125
297 296 0.125
298 296 0.125
299 296 0.125
300 296 0.125
267 324 0.125
321 324 0.125
322 324 0.125
323 324 0.125
325 324 0.125
326 324 0.125
327 324 0.125
328 324 0.125
268 270 0.166667
269 270 0.166667
271 270 0.166667
272 270 0.166667
273 270 0.166667
307 270 0.166667
268 389 0.111111
385 389 0.111111
386 389 0.111111
387 389 0.111111
388 389 0.111111
390 389 0.111111
391 389 0.111111
392 389 0.111111
393 389 0.111111
269 271 0.142857
270 271 0.142857
272 271 0.142857
273 271 0.142857
274 271 0.142857
275 271 0.142857
361 271 0.142857
269 272 0.125
270 272 0.125
271 272 0.125
273 272 0.125
274 272 0.125
275 272 0.125
276 272 0.125
481 272 0.125
269 273 0.111111
270 273 0.111111
271 273 0.111111
272 273 0.111111
274 273 0.111111
275 273 0.111111
276 273 0.111111
277 273 0.111111
335 273 0.111111
271 361 0.125
357 361 0.125
358 361 0.125
359 361 0.125
360 361 0.125
362 361 0.125
363 361 0.125
365 361 0.125
272 276 0.111111
273 276 0.111111
274 276 0.111111
275 276 0.111111
277 276 0.111111
278 276 0.111111
279 276 0.111111
280 276 0.111111
307 276 0.111111
274 278 0.111111
275 278 0.111111
276 278 0.111111
277 278 0.111111
279 278 0.111111
280 278 0.111111
281 278 0.111111
282 278 0.111111
360 278 0.111111
278 360 0.125
356 360 0.125
357 360 0.125
358 360 0.125
359 360 0.125
361 360 0.125
364 360 0.125
437 360 0.125
280 284 0.125
281 284 0.125
282 284 0.125
283 284 0.125
285 284 0.125
286 284 0.125
287 284 0.125
288 284 0.125
280 353 0.125
349 353 0.125
350 353 0.125
351 353 0.125
352 353 0.125
354 353 0.125
356 353 0.125
357 353 0.125
280 444 0.111111
340 444 0.111111
440 444 0.111111
441 444 0.111111
442 444 0.111111
443 444 0.111111
445 444 0.111111
446 444 0.111111
447 444 0.111111
280 478 0.125
474 478 0.125
475 478 0.125
476 478 0.125
477 478 0.125
479 478 0.125
480 478 0.125
481 478 0.125
281 285 0.125
282 285 0.125
283 285 0.125
284 285 0.125
286 285 0.125
287 285 0.125
288 285 0.125
387 285 0.125
283 287 0.125
284 287 0.125
285 287 0.125
286 287 0.125
288 287 0.125
289 287 0.125
290 287 0.125
291 287 0.125
283 461 0.125
458 461 0.125
459 461 0.125
460 461 0.125
462 461 0.125
463 461 0.125
464 461 0.125
465 461 0.125
284 286 0.166667
285 286 0.166667
287 286 0.166667
288 286 0.166667
289 286 0.166667
334 286 0.166667
284 288 0.125
285 288 0.125
286 288 0.125
287 288 0.125
289 288 0.125
290 288 0.125
291 288 0.125
292 288 0.125
286 289 0.142857
287 289 0.142857
288 289 0.142857
290 289 0.142857
291 289 0.142857
292 289 0.142857
293 289 0.142857
286 334 0.090909
330 334 0.090909
331 334 0.090909
332 334 0.090909
333 334 0.090909
335 334 0.090909
336 334 0.090909
337 334 0.090909
338 334 0.090909
457 334 0.090909
422 334 0.090909
287 290 0.142857
288 290 0.142857
289 290 0.142857
291 290 0.142857
292 290 0.142857
293 290 0.142857
294 290 0.142857
287 291 0.125
288 291 0.125
289 291 0.125
290 291 0.125
292 291 0.125
293 291 0.125
294 291 0.125
295 291 0.125
288 292 0.111111
289 292 0.111111
290 292 0.111111
291 292 0.111111
293 292 0.111111
294 292 0.111111
295 292 0.111111
296 292 0.111111
434 292 0.111111
289 293 0.125
290 293 0.125
291 293 0.125
292 293 0.125
294 293 0.125
295 293 0.125
296 293 0.125
297 293 0.125
290 294 0.125
291 294 0.125
292 294 0.125
293 294 0.125
295 294 0.125
296 294 0.125
297 294 0.125
298 294 0.125
293 297 0.125
294 297 0.125
295 297 0.125
296 297 0.125
298 297 0.125
299 297 0.125
300 297 0.125
301 297 0.125
294 298 0.125
295 298 0.125
296 298 0.125
297 298 0.125
299 298 0.125
300 298 0.125
301 298 0.125
302 298 0.125
296 300 0.125
297 300 0.125
298 300 0.125
299 300 0.125
301 300 0.125
302 300 0.125
303 300 0.125
304 300 0.125
297 301 0.111111
298 301 0.111111
299 301 0.111111
300 301 0.111111
302 301 0.111111
303 301 0.111111
304 301 0.111111
435 301 0.111111
395 301 0.111111
298 302 0.125
299 302 0.125
300 302 0.125
301 302 0.125
303 302 0.125
305 302 0.125
306 302 0.125
345 302 0.125
300 304 0.142857
301 304 0.142857
303 304 0.142857
305 304 0.142857
306 304 0.142857
307 304 0.142857
308 304 0.142857
302 305 0.142857
303 305 0.142857
304 305 0.142857
306 305 0.142857
307 305 0.142857
308 305 0.142857
309 305 0.142857
304 308 0.111111
305 308 0.111111
306 308 0.111111
307 308 0.111111
309 308 0.111111
310 308 0.111111
312 308 0.111111
362 308 0.111111
428 308 0.111111
306 310 0.125
307 310 0.125
308 310 0.125
309 310 0.125
311 310 0.125
312 310 0.125
313 310 0.125
314 310 0.125
307 452 0.125
448 452 0.125
449 452 0.125
450 452 0.125
451 452 0.125
454 452 0.125
455 452 0.125
456 452 0.125
308 312 0.111111
309 312 0.111111
310 312 0.111111
311 312 0.111111
313 312 0.111111
314 312 0.111111
315 312 0.111111
316 312 0.111111
338 312 0.111111
308 362 0.125
358 362 0.125
359 362 0.125
361 362 0.125
363 362 0.125
364 362 0.125
365 362 0.125
366 362 0.125
309 311 0.166667
310 311 0.166667
312 311 0.166667
313 311 0.166667
314 311 0.166667
315 311 0.166667
309 313 0.125
310 313 0.125
311 313 0.125
312 313 0.125
314 313 0.125
315 313 0.125
316 313 0.125
317 313 0.125
310 314 0.125
311 314 0.125
312 314 0.125
313 314 0.125
315 314 0.125
316 314 0.125
317 314 0.125
318 314 0.125
311 315 0.125
312 315 0.125
313 315 0.125
314 315 0.125
316 315 0.125
317 315 0.125
318 315 0.125
319 315 0.125
312 338 0.142857
334 338 0.142857
335 338 0.142857
337 338 0.142857
340 338 0.142857
341 338 0.142857
342 338 0.142857
314 318 0.125
315 318 0.125
316 318 0.125
317 318 0.125
319 318 0.125
320 318 0.125
321 318 0.125
322 318 0.125
315 319 0.142857
316 319 0.142857
318 319 0.142857
320 319 0.142857
321 319 0.142857
322 319 0.142857
323 319 0.142857
317 321 0.125
318 321 0.125
319 321 0.125
320 321 0.125
322 321 0.125
323 321 0.125
324 321 0.125
325 321 0.125
319 323 0.125
320 323 0.125
321 323 0.125
322 323 0.125
324 323 0.125
325 323 0.125
326 323 0.125
327 323 0.125
321 325 0.111111
322 325 0.111111
323 325 0.111111
324 325 0.111111
326 325 0.111111
327 325 0.111111
328 325 0.111111
329 325 0.111111
457 325 0.111111
324 328 0.111111
325 328 0.111111
326 328 0.111111
327 328 0.111111
329 328 0.111111
330 328 0.111111
331 328 0.111111
332 328 0.111111
426 328 0.111111
325 457 0.125
334 457 0.125
453 457 0.125
454 457 0.125
455 457 0.125
456 457 0.125
458 457 0.125
459 457 0.125
326 330 0.142857
327 330 0.142857
328 330 0.142857
331 330 0.142857
332 330 0.142857
333 330 0.142857
334 330 0.142857
328 332 0.125
329 332 0.125
330 332 0.125
331 332 0.125
333 332 0.125
334 332 0.125
335 332 0.125
336 332 0.125
328 426 0.166667
423 426 0.166667
424 426 0.166667
428 426 0.166667
429 426 0.166667
430 426 0.166667
329 333 0.142857
330 333 0.142857
332 333 0.142857
334 333 0.142857
335 333 0.142857
336 333 0.142857
337 333 0.142857
333 337 0.125
334 337 0.125
335 337 0.125
336 337 0.125
338 337 0.125
339 337 0.125
340 337 0.125
373 337 0.125
336 339 0.166667
337 339 0.166667
340 339 0.166667
341 339 0.166667
342 339 0.166667
343 339 0.166667
336 340 0.125
337 340 0.125
338 340 0.125
339 340 0.125
341 340 0.125
343 340 0.125
344 340 0.125
444 340 0.125
339 343 0.125
340 343 0.125
341 343 0.125
342 343 0.125
345 343 0.125
346 343 0.125
347 343 0.125
442 343 0.125
340 344 0.142857
341 344 0.142857
342 344 0.142857
345 344 0.142857
346 344 0.142857
347 344 0.142857
348 344 0.142857
343 347 0.142857
344 347 0.142857
345 347 0.142857
348 347 0.142857
350 347 0.142857
351 347 0.142857
418 347 0.142857
343 442 0.125
438 442 0.125
440 442 0.125
441 442 0.125
443 442 0.125
444 442 0.125
445 442 0.125
446 442 0.125
344 348 0.125
345 348 0.125
346 348 0.125
347 348 0.125
349 348 0.125
350 348 0.125
351 348 0.125
352 348 0.125
345 349 0.142857
346 349 0.142857
348 349 0.142857
350 349 0.142857
351 349 0.142857
352 349 0.142857
353 349 0.142857
346 350 0.125
347 350 0.125
348 350 0.125
349 350 0.125
351 350 0.125
352 350 0.125
353 350 0.125
354 350 0.125
347 351 0.125
348 351 0.125
349 351 0.125
350 351 0.125
352 351 0.125
353 351 0.125
354 351 0.125
355 351 0.125
347 418 0.125
414 418 0.125
416 418 0.125
417 418 0.125
419 418 0.125
420 418 0.125
421 418 0.125
422 418 0.125
348 352 0.125
349 352 0.125
350 352 0.125
351 352 0.125
353 352 0.125
354 352 0.125
355 352 0.125
356 352 0.125
350 354 0.111111
351 354 0.111111
352 354 0.111111
353 354 0.111111
355 354 0.111111
356 354 0.111111
357 354 0.111111
358 354 0.111111
365 354 0.111111
352 356 0.125
353 356 0.125
354 356 0.125
355 356 0.125
357 356 0.125
358 356 0.125
359 356 0.125
360 356 0.125
353 357 0.125
354 357 0.125
355 357 0.125
356 357 0.125
358 357 0.125
359 357 0.125
360 357 0.125
361 357 0.125
354 358 0.125
355 358 0.125
356 358 0.125
357 358 0.125
359 358 0.125
360 358 0.125
361 358 0.125
362 358 0.125
354 365 0.125
361 365 0.125
362 365 0.125
363 365 0.125
364 365 0.125
366 365 0.125
367 365 0.125
368 365 0.125
355 359 0.125
356 359 0.125
357 359 0.125
358 359 0.125
360 359 0.125
361 359 0.125
362 359 0.125
363 359 0.125
359 363 0.142857
361 363 0.142857
362 363 0.142857
364 363 0.142857
365 363 0.142857
366 363 0.142857
396 363 0.142857
360 437 0.125
433 437 0.125
435 437 0.125
436 437 0.125
438 437 0.125
439 437 0.125
440 437 0.125
441 437 0.125
362 366 0.125
363 366 0.125
364 366 0.125
365 366 0.125
367 366 0.125
368 366 0.125
369 366 0.125
432 366 0.125
363 396 0.1
392 396 0.1
393 396 0.1
394 396 0.1
395 396 0.1
397 396 0.1
398 396 0.1
399 396 0.1
400 396 0.1
439 396 0.1
365 368 0.166667
366 368 0.166667
369 368 0.166667
370 368 0.166667
371 368 0.166667
372 368 0.166667
366 369 0.142857
367 369 0.142857
368 369 0.142857
370 369 0.142857
371 369 0.142857
372 369 0.142857
373 369 0.142857
367 371 0.125
368 371 0.125
369 371 0.125
370 371 0.125
372 371 0.125
373 371 0.125
374 371 0.125
375 371 0.125
368 372 0.125
369 372 0.125
370 372 0.125
371 372 0.125
373 372 0.125
374 372 0.125
375 372 0.125
376 372 0.125
370 374 0.125
371 374 0.125
372 374 0.125
373 374 0.125
375 374 0.125
376 374 0.125
377 374 0.125
378 374 0.125
371 375 0.125
372 375 0.125
373 375 0.125
374 375 0.125
376 375 0.125
377 375 0.125
378 375 0.125
379 375 0.125
373 377 0.125
374 377 0.125
375 377 0.125
376 377 0.125
378 377 0.125
379 377 0.125
380 377 0.125
381 377 0.125
375 379 0.111111
376 379 0.111111
377 379 0.111111
378 379 0.111111
380 379 0.111111
381 379 0.111111
382 379 0.111111
383 379 0.111111
425 379 0.111111
376 380 0.125
377 380 0.125
378 380 0.125
379 380 0.125
381 380 0.125
382 380 0.125
383 380 0.125
384 380 0.125
377 381 0.125
378 381 0.125
379 381 0.125
380 381 0.125
382 381 0.125
383 381 0.125
384 381 0.125
385 381 0.125
378 382 0.125
379 382 0.125
380 382 0.125
381 382 0.125
383 382 0.125
384 382 0.125
385 382 0.125
386 382 0.125
379 383 0.125
380 383 0.125
381 383 0.125
382 383 0.125
384 383 0.125
385 383 0.125
386 383 0.125
387 383 0.125
379 425 0.142857
421 425 0.142857
423 425 0.142857
424 425 0.142857
427 425 0.142857
428 425 0.142857
429 425 0.142857
380 384 0.125
381 384 0.125
382 384 0.125
383 384 0.125
385 384 0.125
386 384 0.125
387 384 0.125
388 384 0.125
384 388 0.166667
385 388 0.166667
389 388 0.166667
390 388 0.166667
391 388 0.166667
392 388 0.166667
386 390 0.125
387 390 0.125
388 390 0.125
389 390 0.125
391 390 0.125
392 390 0.125
393 390 0.125
394 390 0.125
388 392 0.111111
389 392 0.111111
390 392 0.111111
391 392 0.111111
394 392 0.111111
395 392 0.111111
396 392 0.111111
465 392 0.111111
399 392 0.111111
389 393 0.142857
390 393 0.142857
391 393 0.142857
394 393 0.142857
395 393 0.142857
396 393 0.142857
397 393 0.142857
392 465 0.111111
461 465 0.111111
462 465 0.111111
463 465 0.111111
464 465 0.111111
466 465 0.111111
467 465 0.111111
468 465 0.111111
469 465 0.111111
392 399 0.142857
396 399 0.142857
397 399 0.142857
398 399 0.142857
400 399 0.142857
402 399 0.142857
403 399 0.142857
394 453 0.142857
449 453 0.142857
450 453 0.142857
451 453 0.142857
454 453 0.142857
456 453 0.142857
457 453 0.142857
395 398 0.142857
396 398 0.142857
397 398 0.142857
399 398 0.142857
400 398 0.142857
401 398 0.142857
402 398 0.142857
401 404 0.166667
402 404 0.166667
405 404 0.166667
406 404 0.166667
407 404 0.166667
408 404 0.166667
403 406 0.142857
404 406 0.142857
407 406 0.142857
408 406 0.142857
409 406 0.142857
410 406 0.142857
411 406 0.142857
403 407 0.125
404 407 0.125
405 407 0.125
406 407 0.125
408 407 0.125
409 407 0.125
411 407 0.125
482 407 0.125
404 408 0.125
405 408 0.125
406 408 0.125
407 408 0.125
409 408 0.125
410 408 0.125
411 408 0.125
412 408 0.125
405 409 0.125
406 409 0.125
407 409 0.125
408 409 0.125
410 409 0.125
411 409 0.125
412 409 0.125
413 409 0.125
408 412 0.125
409 412 0.125
410 412 0.125
411 412 0.125
413 412 0.125
414 412 0.125
415 412 0.125
416 412 0.125
410 414 0.125
411 414 0.125
412 414 0.125
413 414 0.125
415 414 0.125
416 414 0.125
417 414 0.125
418 414 0.125
417 420 0.142857
418 420 0.142857
419 420 0.142857
421 420 0.142857
422 420 0.142857
423 420 0.142857
424 420 0.142857
419 423 0.125
420 423 0.125
421 423 0.125
422 423 0.125
424 423 0.125
425 423 0.125
426 423 0.125
427 423 0.125
423 427 0.142857
424 427 0.142857
425 427 0.142857
428 427 0.142857
429 427 0.142857
430 427 0.142857
431 427 0.142857
429 433 0.142857
430 433 0.142857
432 433 0.142857
434 433 0.142857
435 433 0.142857
436 433 0.142857
437 433 0.142857
432 436 0.125
433 436 0.125
434 436 0.125
435 436 0.125
437 436 0.125
438 436 0.125
439 436 0.125
440 436 0.125
434 438 0.125
435 438 0.125
436 438 0.125
437 438 0.125
439 438 0.125
440 438 0.125
441 438 0.125
442 438 0.125
436 440 0.125
437 440 0.125
438 440 0.125
439 440 0.125
441 440 0.125
442 440 0.125
443 440 0.125
444 440 0.125
437 441 0.111111
438 441 0.111111
439 441 0.111111
440 441 0.111111
442 441 0.111111
443 441 0.111111
444 441 0.111111
445 441 0.111111
473 441 0.111111
439 443 0.125
440 443 0.125
441 443 0.125
442 443 0.125
444 443 0.125
445 443 0.125
446 443 0.125
447 443 0.125
441 445 0.125
442 445 0.125
443 445 0.125
444 445 0.125
446 445 0.125
447 445 0.125
448 445 0.125
449 445 0.125
445 448 0.166667
447 448 0.166667
449 448 0.166667
450 448 0.166667
451 448 0.166667
452 448 0.166667
445 449 0.125
446 449 0.125
447 449 0.125
448 449 0.125
450 449 0.125
451 449 0.125
452 449 0.125
453 449 0.125
447 451 0.142857
448 451 0.142857
449 451 0.142857
452 451 0.142857
453 451 0.142857
454 451 0.142857
455 451 0.142857
450 454 0.125
451 454 0.125
452 454 0.125
453 454 0.125
455 454 0.125
456 454 0.125
457 454 0.125
458 454 0.125
451 455 0.142857
452 455 0.142857
454 455 0.142857
456 455 0.142857
457 455 0.142857
458 455 0.142857
459 455 0.142857
454 458 0.125
455 458 0.125
456 458 0.125
457 458 0.125
459 458 0.125
460 458 0.125
461 458 0.125
462 458 0.125
456 460 0.142857
458 460 0.142857
459 460 0.142857
461 460 0.142857
462 460 0.142857
463 460 0.142857
464 460 0.142857
458 462 0.125
459 462 0.125
460 462 0.125
461 462 0.125
463 462 0.125
464 462 0.125
465 462 0.125
466 462 0.125
460 463 0.142857
461 463 0.142857
462 463 0.142857
464 463 0.142857
465 463 0.142857
466 463 0.142857
467 463 0.142857
462 466 0.142857
463 466 0.142857
465 466 0.142857
467 466 0.142857
468 466 0.142857
469 466 0.142857
470 466 0.142857
463 467 0.125
464 467 0.125
465 467 0.125
466 467 0.125
468 467 0.125
469 467 0.125
470 467 0.125
471 467 0.125
464 468 0.125
465 468 0.125
466 468 0.125
467 468 0.125
469 468 0.125
470 468 0.125
471 468 0.125
472 468 0.125
466 470 0.125
467 470 0.125
468 470 0.125
469 470 0.125
471 470 0.125
472 470 0.125
473 470 0.125
474 470 0.125
470 474 0.125
471 474 0.125
472 474 0.125
473 474 0.125
475 474 0.125
476 474 0.125
477 474 0.125
478 474 0.125
472 475 0.166667
474 475 0.166667
476 475 0.166667
477 475 0.166667
478 475 0.166667
479 475 0.166667
474 477 0.166667
475 477 0.166667
478 477 0.166667
479 477 0.166667
480 477 0.166667
481 477 0.166667
475 479 0.125
476 479 0.125
477 479 0.125
478 479 0.125
480 479 0.125
481 479 0.125
482 479 0.125
483 479 0.125
1 0 0.142857
2 0 0.142857
484 0 0.142857
3 0 0.142857
483 0 0.142857
4 0 0.142857
482 0 0.142857
