0 4 0.05
13 4 0.05
17 4 0.05
30 4 0.05
38 4 0.05
48 4 0.05
50 4 0.05
59 4 0.05
60 4 0.05
75 4 0.05
86 4 0.05
87 4 0.05
102 4 0.05
103 4 0.05
115 4 0.05
117 4 0.05
123 4 0.05
124 4 0.05
125 4 0.05
133 4 0.05
0 6 0.037037
11 6 0.037037
12 6 0.037037
14 6 0.037037
21 6 0.037037
24 6 0.037037
26 6 0.037037
31 6 0.037037
32 6 0.037037
33 6 0.037037
35 6 0.037037
42 6 0.037037
44 6 0.037037
48 6 0.037037
51 6 0.037037
52 6 0.037037
66 6 0.037037
72 6 0.037037
78 6 0.037037
90 6 0.037037
92 6 0.037037
102 6 0.037037
114 6 0.037037
117 6 0.037037
119 6 0.037037
124 6 0.037037
129 6 0.037037
0 8 0.0625
17 8 0.0625
43 8 0.0625
70 8 0.0625
72 8 0.0625
77 8 0.0625
78 8 0.0625
85 8 0.0625
90 8 0.0625
91 8 0.0625
99 8 0.0625
103 8 0.0625
109 8 0.0625
112 8 0.0625
115 8 0.0625
132 8 0.0625
0 11 0.071429
6 11 0.071429
9 11 0.071429
12 11 0.071429
31 11 0.071429
59 11 0.071429
66 11 0.071429
75 11 0.071429
77 11 0.071429
85 11 0.071429
109 11 0.071429
120 11 0.071429
127 11 0.071429
129 11 0.071429
0 14 0.041667
6 14 0.041667
16 14 0.041667
18 14 0.041667
28 14 0.041667
30 14 0.041667
32 14 0.041667
36 14 0.041667
41 14 0.041667
46 14 0.041667
48 14 0.041667
57 14 0.041667
61 14 0.041667
63 14 0.041667
64 14 0.041667
73 14 0.041667
92 14 0.041667
102 14 0.041667
103 14 0.041667
110 14 0.041667
115 14 0.041667
117 14 0.041667
130 14 0.041667
132 14 0.041667
0 31 0.043478
1 31 0.043478
6 31 0.043478
9 31 0.043478
11 31 0.043478
29 31 0.043478
34 31 0.043478
37 31 0.043478
39 31 0.043478
40 31 0.043478
44 31 0.043478
48 31 0.043478
58 31 0.043478
70 31 0.043478
90 31 0.043478
94 31 0.043478
98 31 0.043478
99 31 0.043478
103 31 0.043478
105 31 0.043478
119 31 0.043478
120 31 0.043478
132 31 0.043478
0 46 0.037037
14 46 0.037037
16 46 0.037037
17 46 0.037037
21 46 0.037037
24 46 0.037037
28 46 0.037037
30 46 0.037037
33 46 0.037037
34 46 0.037037
37 46 0.037037
47 46 0.037037
53 46 0.037037
60 46 0.037037
63 46 0.037037
66 46 0.037037
73 46 0.037037
82 46 0.037037
88 46 0.037037
102 46 0.037037
106 46 0.037037
111 46 0.037037
112 46 0.037037
123 46 0.037037
127 46 0.037037
128 46 0.037037
130 46 0.037037
0 60 0.047619
4 60 0.047619
5 60 0.047619
7 60 0.047619
9 60 0.047619
19 60 0.047619
42 60 0.047619
46 60 0.047619
58 60 0.047619
68 60 0.047619
69 60 0.047619
72 60 0.047619
74 60 0.047619
89 60 0.047619
97 60 0.047619
103 60 0.047619
106 60 0.047619
107 60 0.047619
113 60 0.047619
128 60 0.047619
129 60 0.047619
0 61 0.052632
5 61 0.052632
10 61 0.052632
14 61 0.052632
22 61 0.052632
34 61 0.052632
36 61 0.052632
41 61 0.052632
48 61 0.052632
56 61 0.052632
68 61 0.052632
73 61 0.052632
79 61 0.052632
94 61 0.052632
111 61 0.052632
112 61 0.052632
114 61 0.052632
117 61 0.052632
118 61 0.052632
0 72 0.041667
6 72 0.041667
8 72 0.041667
9 72 0.041667
13 72 0.041667
16 72 0.041667
30 72 0.041667
50 72 0.041667
60 72 0.041667
68 72 0.041667
70 72 0.041667
71 72 0.041667
76 72 0.041667
89 72 0.041667
93 72 0.041667
97 72 0.041667
105 72 0.041667
106 72 0.041667
111 72 0.041667
114 72 0.041667
117 72 0.041667
120 72 0.041667
126 72 0.041667
131 72 0.041667
0 86 0.038462
4 86 0.038462
20 86 0.038462
26 86 0.038462
28 86 0.038462
29 86 0.038462
30 86 0.038462
33 86 0.038462
56 86 0.038462
73 86 0.038462
77 86 0.038462
78 86 0.038462
82 86 0.038462
89 86 0.038462
94 86 0.038462
95 86 0.038462
98 86 0.038462
99 86 0.038462
102 86 0.038462
103 86 0.038462
106 86 0.038462
115 86 0.038462
116 86 0.038462
117 86 0.038462
130 86 0.038462
131 86 0.038462
0 93 0.047619
20 93 0.047619
21 93 0.047619
33 93 0.047619
38 93 0.047619
58 93 0.047619
69 93 0.047619
71 93 0.047619
72 93 0.047619
77 93 0.047619
79 93 0.047619
82 93 0.047619
91 93 0.047619
95 93 0.047619
96 93 0.047619
107 93 0.047619
112 93 0.047619
115 93 0.047619
124 93 0.047619
129 93 0.047619
132 93 0.047619
0 95 0.041667
9 95 0.041667
24 95 0.041667
28 95 0.041667
29 95 0.041667
34 95 0.041667
42 95 0.041667
48 95 0.041667
49 95 0.041667
53 95 0.041667
55 95 0.041667
56 95 0.041667
66 95 0.041667
83 95 0.041667
86 95 0.041667
89 95 0.041667
90 95 0.041667
93 95 0.041667
94 95 0.041667
109 95 0.041667
114 95 0.041667
115 95 0.041667
126 95 0.041667
127 95 0.041667
0 96 0.066667
7 96 0.066667
13 96 0.066667
19 96 0.066667
44 96 0.066667
50 96 0.066667
66 96 0.066667
68 96 0.066667
73 96 0.066667
92 96 0.066667
93 96 0.066667
99 96 0.066667
107 96 0.066667
113 96 0.066667
128 96 0.066667
0 115 0.038462
4 115 0.038462
8 115 0.038462
14 115 0.038462
19 115 0.038462
22 115 0.038462
28 115 0.038462
38 115 0.038462
51 115 0.038462
63 115 0.038462
73 115 0.038462
79 115 0.038462
86 115 0.038462
90 115 0.038462
93 115 0.038462
95 115 0.038462
97 115 0.038462
98 115 0.038462
100 115 0.038462
104 115 0.038462
109 115 0.038462
121 115 0.038462
122 115 0.038462
127 115 0.038462
133 115 0.038462
134 115 0.038462
0 120 0.058824
11 120 0.058824
16 120 0.058824
27 120 0.058824
31 120 0.058824
41 120 0.058824
42 120 0.058824
50 120 0.058824
55 120 0.058824
68 120 0.058824
70 120 0.058824
72 120 0.058824
89 120 0.058824
91 120 0.058824
107 120 0.058824
122 120 0.058824
125 120 0.058824
1 2 0.047619
15 2 0.047619
17 2 0.047619
20 2 0.047619
29 2 0.047619
47 2 0.047619
49 2 0.047619
65 2 0.047619
74 2 0.047619
76 2 0.047619
82 2 0.047619
84 2 0.047619
85 2 0.047619
98 2 0.047619
103 2 0.047619
104 2 0.047619
107 2 0.047619
108 2 0.047619
119 2 0.047619
127 2 0.047619
128 2 0.047619
1 16 0.047619
14 16 0.047619
15 16 0.047619
17 16 0.047619
22 16 0.047619
32 16 0.047619
45 16 0.047619
46 16 0.047619
49 16 0.047619
51 16 0.047619
72 16 0.047619
73 16 0.047619
83 16 0.047619
85 16 0.047619
91 16 0.047619
99 16 0.047619
102 16 0.047619
103 16 0.047619
119 16 0.047619
120 16 0.047619
123 16 0.047619
1 27 0.052632
19 27 0.052632
20 27 0.052632
29 27 0.052632
39 27 0.052632
42 27 0.052632
51 27 0.052632
52 27 0.052632
58 27 0.052632
63 27 0.052632
73 27 0.052632
74 27 0.052632
85 27 0.052632
87 27 0.052632
101 27 0.052632
112 27 0.052632
113 27 0.052632
120 27 0.052632
131 27 0.052632
1 29 0.052632
2 29 0.052632
5 29 0.052632
12 29 0.052632
24 29 0.052632
27 29 0.052632
31 29 0.052632
59 29 0.052632
67 29 0.052632
69 29 0.052632
73 29 0.052632
77 29 0.052632
86 29 0.052632
95 29 0.052632
97 29 0.052632
108 29 0.052632
116 29 0.052632
118 29 0.052632
129 29 0.052632
1 35 0.066667
6 35 0.066667
26 35 0.066667
36 35 0.066667
41 35 0.066667
44 35 0.066667
53 35 0.066667
69 35 0.066667
73 35 0.066667
91 35 0.066667
92 35 0.066667
98 35 0.066667
99 35 0.066667
117 35 0.066667
121 35 0.066667
1 53 0.041667
12 53 0.041667
25 53 0.041667
30 53 0.041667
34 53 0.041667
35 53 0.041667
37 53 0.041667
40 53 0.041667
42 53 0.041667
43 53 0.041667
46 53 0.041667
49 53 0.041667
57 53 0.041667
62 53 0.041667
68 53 0.041667
69 53 0.041667
71 53 0.041667
78 53 0.041667
95 53 0.041667
99 53 0.041667
101 53 0.041667
107 53 0.041667
110 53 0.041667
130 53 0.041667
1 69 0.041667
7 69 0.041667
13 69 0.041667
17 69 0.041667
29 69 0.041667
32 69 0.041667
35 69 0.041667
37 69 0.041667
38 69 0.041667
45 69 0.041667
51 69 0.041667
53 69 0.041667
57 69 0.041667
60 69 0.041667
65 69 0.041667
76 69 0.041667
87 69 0.041667
89 69 0.041667
93 69 0.041667
117 69 0.041667
118 69 0.041667
129 69 0.041667
130 69 0.041667
131 69 0.041667
1 75 0.052632
4 75 0.052632
5 75 0.052632
11 75 0.052632
19 75 0.052632
32 75 0.052632
38 75 0.052632
40 75 0.052632
47 75 0.052632
48 75 0.052632
71 75 0.052632
78 75 0.052632
94 75 0.052632
101 75 0.052632
107 75 0.052632
110 75 0.052632
119 75 0.052632
124 75 0.052632
126 75 0.052632
1 84 0.058824
2 84 0.058824
3 84 0.058824
7 84 0.058824
9 84 0.058824
15 84 0.058824
23 84 0.058824
36 84 0.058824
38 84 0.058824
44 84 0.058824
57 84 0.058824
73 84 0.058824
77 84 0.058824
94 84 0.058824
98 84 0.058824
99 84 0.058824
128 84 0.058824
1 97 0.058824
7 97 0.058824
17 97 0.058824
19 97 0.058824
24 97 0.058824
29 97 0.058824
32 97 0.058824
38 97 0.058824
50 97 0.058824
58 97 0.058824
60 97 0.058824
72 97 0.058824
77 97 0.058824
89 97 0.058824
98 97 0.058824
101 97 0.058824
115 97 0.058824
1 107 0.04
2 107 0.04
7 107 0.04
12 107 0.04
18 107 0.04
24 107 0.04
30 107 0.04
39 107 0.04
41 107 0.04
48 107 0.04
53 107 0.04
60 107 0.04
68 107 0.04
74 107 0.04
75 107 0.04
80 107 0.04
87 107 0.04
92 107 0.04
93 107 0.04
96 107 0.04
113 107 0.04
118 107 0.04
119 107 0.04
120 107 0.04
129 107 0.04
1 109 0.071429
8 109 0.071429
11 109 0.071429
15 109 0.071429
23 109 0.071429
40 109 0.071429
43 109 0.071429
64 109 0.071429
78 109 0.071429
79 109 0.071429
95 109 0.071429
103 109 0.071429
115 109 0.071429
131 109 0.071429
1 112 0.034483
7 112 0.034483
8 112 0.034483
10 112 0.034483
12 112 0.034483
18 112 0.034483
21 112 0.034483
27 112 0.034483
34 112 0.034483
40 112 0.034483
43 112 0.034483
45 112 0.034483
46 112 0.034483
50 112 0.034483
52 112 0.034483
54 112 0.034483
61 112 0.034483
77 112 0.034483
87 112 0.034483
93 112 0.034483
94 112 0.034483
100 112 0.034483
104 112 0.034483
106 112 0.034483
110 112 0.034483
111 112 0.034483
114 112 0.034483
116 112 0.034483
131 112 0.034483
1 125 0.04
4 125 0.04
5 125 0.04
22 125 0.04
30 125 0.04
49 125 0.04
52 125 0.04
62 125 0.04
64 125 0.04
65 125 0.04
67 125 0.04
71 125 0.04
74 125 0.04
79 125 0.04
80 125 0.04
87 125 0.04
88 125 0.04
89 125 0.04
90 125 0.04
91 125 0.04
101 125 0.04
104 125 0.04
108 125 0.04
120 125 0.04
129 125 0.04
2 15 0.043478
16 15 0.043478
18 15 0.043478
19 15 0.043478
20 15 0.043478
21 15 0.043478
22 15 0.043478
34 15 0.043478
38 15 0.043478
40 15 0.043478
43 15 0.043478
52 15 0.043478
59 15 0.043478
76 15 0.043478
84 15 0.043478
92 15 0.043478
100 15 0.043478
104 15 0.043478
109 15 0.043478
119 15 0.043478
124 15 0.043478
128 15 0.043478
131 15 0.043478
2 17 0.066667
4 17 0.066667
8 17 0.066667
16 17 0.066667
46 17 0.066667
56 17 0.066667
58 17 0.066667
62 17 0.066667
65 17 0.066667
68 17 0.066667
69 17 0.066667
70 17 0.066667
78 17 0.066667
97 17 0.066667
133 17 0.066667
2 20 0.045455
3 20 0.045455
15 20 0.045455
19 20 0.045455
24 20 0.045455
26 20 0.045455
27 20 0.045455
34 20 0.045455
39 20 0.045455
45 20 0.045455
62 20 0.045455
65 20 0.045455
73 20 0.045455
82 20 0.045455
86 20 0.045455
91 20 0.045455
93 20 0.045455
106 20 0.045455
114 20 0.045455
122 20 0.045455
130 20 0.045455
133 20 0.045455
2 47 0.066667
7 47 0.066667
9 47 0.066667
23 47 0.066667
32 47 0.066667
46 47 0.066667
52 47 0.066667
74 47 0.066667
75 47 0.066667
81 47 0.066667
83 47 0.066667
102 47 0.066667
114 47 0.066667
131 47 0.066667
132 47 0.066667
2 49 0.066667
16 49 0.066667
19 49 0.066667
28 49 0.066667
53 49 0.066667
55 49 0.066667
56 49 0.066667
62 49 0.066667
76 49 0.066667
87 49 0.066667
95 49 0.066667
101 49 0.066667
119 49 0.066667
125 49 0.066667
129 49 0.066667
2 65 0.045455
17 65 0.045455
18 65 0.045455
20 65 0.045455
24 65 0.045455
28 65 0.045455
30 65 0.045455
37 65 0.045455
40 65 0.045455
45 65 0.045455
48 65 0.045455
54 65 0.045455
56 65 0.045455
59 65 0.045455
66 65 0.045455
69 65 0.045455
79 65 0.045455
99 65 0.045455
122 65 0.045455
125 65 0.045455
126 65 0.045455
134 65 0.045455
2 74 0.04
5 74 0.04
12 74 0.04
18 74 0.04
19 74 0.04
26 74 0.04
27 74 0.04
43 74 0.04
47 74 0.04
48 74 0.04
50 74 0.04
57 74 0.04
60 74 0.04
64 74 0.04
78 74 0.04
79 74 0.04
85 74 0.04
87 74 0.04
89 74 0.04
100 74 0.04
102 74 0.04
107 74 0.04
123 74 0.04
125 74 0.04
132 74 0.04
2 76 0.043478
15 76 0.043478
26 76 0.043478
33 76 0.043478
36 76 0.043478
40 76 0.043478
41 76 0.043478
42 76 0.043478
49 76 0.043478
55 76 0.043478
69 76 0.043478
71 76 0.043478
72 76 0.043478
77 76 0.043478
78 76 0.043478
79 76 0.043478
83 76 0.043478
91 76 0.043478
108 76 0.043478
110 76 0.043478
111 76 0.043478
117 76 0.043478
129 76 0.043478
2 82 0.05
3 82 0.05
7 82 0.05
19 82 0.05
20 82 0.05
37 82 0.05
45 82 0.05
46 82 0.05
56 82 0.05
59 82 0.05
79 82 0.05
83 82 0.05
86 82 0.05
93 82 0.05
100 82 0.05
106 82 0.05
114 82 0.05
117 82 0.05
124 82 0.05
126 82 0.05
2 85 0.05
8 85 0.05
11 85 0.05
16 85 0.05
22 85 0.05
27 85 0.05
41 85 0.05
48 85 0.05
52 85 0.05
71 85 0.05
74 85 0.05
88 85 0.05
94 85 0.05
105 85 0.05
110 85 0.05
111 85 0.05
113 85 0.05
118 85 0.05
132 85 0.05
134 85 0.05
2 98 0.043478
3 98 0.043478
25 98 0.043478
26 98 0.043478
31 98 0.043478
35 98 0.043478
56 98 0.043478
63 98 0.043478
64 98 0.043478
71 98 0.043478
81 98 0.043478
83 98 0.043478
84 98 0.043478
86 98 0.043478
94 98 0.043478
97 98 0.043478
102 98 0.043478
104 98 0.043478
108 98 0.043478
115 98 0.043478
116 98 0.043478
123 98 0.043478
133 98 0.043478
2 103 0.066667
4 103 0.066667
8 103 0.066667
14 103 0.066667
16 103 0.066667
21 103 0.066667
31 103 0.066667
45 103 0.066667
60 103 0.066667
63 103 0.066667
86 103 0.066667
88 103 0.066667
99 103 0.066667
109 103 0.066667
122 103 0.066667
2 104 0.055556
12 104 0.055556
15 104 0.055556
18 104 0.055556
36 104 0.055556
37 104 0.055556
51 104 0.055556
58 104 0.055556
81 104 0.055556
83 104 0.055556
98 104 0.055556
112 104 0.055556
115 104 0.055556
125 104 0.055556
126 104 0.055556
127 104 0.055556
131 104 0.055556
133 104 0.055556
2 108 0.058824
5 108 0.058824
29 108 0.058824
32 108 0.058824
34 108 0.058824
52 108 0.058824
63 108 0.058824
76 108 0.058824
78 108 0.058824
91 108 0.058824
98 108 0.058824
101 108 0.058824
105 108 0.058824
118 108 0.058824
125 108 0.058824
130 108 0.058824
132 108 0.058824
2 119 0.052632
3 119 0.052632
6 119 0.052632
13 119 0.052632
15 119 0.052632
16 119 0.052632
21 119 0.052632
22 119 0.052632
31 119 0.052632
42 119 0.052632
43 119 0.052632
49 119 0.052632
52 119 0.052632
71 119 0.052632
75 119 0.052632
80 119 0.052632
107 119 0.052632
111 119 0.052632
129 119 0.052632
2 127 0.043478
7 127 0.043478
11 127 0.043478
18 127 0.043478
23 127 0.043478
38 127 0.043478
40 127 0.043478
46 127 0.043478
48 127 0.043478
55 127 0.043478
66 127 0.043478
67 127 0.043478
70 127 0.043478
71 127 0.043478
81 127 0.043478
87 127 0.043478
88 127 0.043478
95 127 0.043478
104 127 0.043478
113 127 0.043478
115 127 0.043478
116 127 0.043478
134 127 0.043478
2 128 0.052632
12 128 0.052632
13 128 0.052632
15 128 0.052632
28 128 0.052632
36 128 0.052632
46 128 0.052632
60 128 0.052632
63 128 0.052632
70 128 0.052632
84 128 0.052632
87 128 0.052632
92 128 0.052632
94 128 0.052632
96 128 0.052632
122 128 0.052632
123 128 0.052632
126 128 0.052632
129 128 0.052632
3 25 0.066667
12 25 0.066667
13 25 0.066667
23 25 0.066667
39 25 0.066667
53 25 0.066667
59 25 0.066667
78 25 0.066667
81 25 0.066667
87 25 0.066667
98 25 0.066667
105 25 0.066667
106 25 0.066667
113 25 0.066667
130 25 0.066667
3 30 0.047619
4 30 0.047619
14 30 0.047619
28 30 0.047619
36 30 0.047619
37 30 0.047619
41 30 0.047619
46 30 0.047619
51 30 0.047619
53 30 0.047619
65 30 0.047619
72 30 0.047619
73 30 0.047619
81 30 0.047619
86 30 0.047619
89 30 0.047619
92 30 0.047619
107 30 0.047619
111 30 0.047619
125 30 0.047619
132 30 0.047619
3 44 0.052632
6 44 0.052632
9 44 0.052632
10 44 0.052632
13 44 0.052632
18 44 0.052632
31 44 0.052632
35 44 0.052632
36 44 0.052632
39 44 0.052632
42 44 0.052632
68 44 0.052632
70 44 0.052632
73 44 0.052632
84 44 0.052632
96 44 0.052632
106 44 0.052632
110 44 0.052632
131 44 0.052632
3 59 0.041667
4 59 0.041667
5 59 0.041667
11 59 0.041667
15 59 0.041667
25 59 0.041667
29 59 0.041667
36 59 0.041667
38 59 0.041667
40 59 0.041667
41 59 0.041667
43 59 0.041667
63 59 0.041667
65 59 0.041667
66 59 0.041667
77 59 0.041667
82 59 0.041667
83 59 0.041667
88 59 0.041667
110 59 0.041667
116 59 0.041667
117 59 0.041667
126 59 0.041667
129 59 0.041667
3 99 0.0625
7 99 0.0625
8 99 0.0625
16 99 0.0625
31 99 0.0625
35 99 0.0625
45 99 0.0625
53 99 0.0625
62 99 0.0625
65 99 0.0625
84 99 0.0625
86 99 0.0625
96 99 0.0625
103 99 0.0625
121 99 0.0625
122 99 0.0625
3 122 0.05
10 122 0.05
20 122 0.05
21 122 0.05
33 122 0.05
40 122 0.05
41 122 0.05
50 122 0.05
54 122 0.05
57 122 0.05
65 122 0.05
67 122 0.05
77 122 0.05
79 122 0.05
99 122 0.05
103 122 0.05
115 122 0.05
120 122 0.05
124 122 0.05
128 122 0.05
3 130 0.045455
14 130 0.045455
19 130 0.045455
20 130 0.045455
22 130 0.045455
25 130 0.045455
36 130 0.045455
38 130 0.045455
41 130 0.045455
45 130 0.045455
46 130 0.045455
51 130 0.045455
52 130 0.045455
53 130 0.045455
62 130 0.045455
63 130 0.045455
69 130 0.045455
83 130 0.045455
86 130 0.045455
102 130 0.045455
108 130 0.045455
113 130 0.045455
4 13 0.052632
9 13 0.052632
18 13 0.052632
25 13 0.052632
33 13 0.052632
44 13 0.052632
50 13 0.052632
55 13 0.052632
64 13 0.052632
69 13 0.052632
72 13 0.052632
77 13 0.052632
96 13 0.052632
105 13 0.052632
110 13 0.052632
119 13 0.052632
126 13 0.052632
128 13 0.052632
133 13 0.052632
4 38 0.05
15 38 0.05
32 38 0.05
42 38 0.05
48 38 0.05
52 38 0.05
57 38 0.05
59 38 0.05
62 38 0.05
69 38 0.05
75 38 0.05
77 38 0.05
84 38 0.05
93 38 0.05
94 38 0.05
97 38 0.05
115 38 0.05
127 38 0.05
129 38 0.05
130 38 0.05
4 48 0.041667
5 48 0.041667
6 48 0.041667
10 48 0.041667
14 48 0.041667
21 48 0.041667
31 48 0.041667
32 48 0.041667
38 48 0.041667
43 48 0.041667
58 48 0.041667
61 48 0.041667
62 48 0.041667
65 48 0.041667
70 48 0.041667
74 48 0.041667
75 48 0.041667
85 48 0.041667
92 48 0.041667
95 48 0.041667
107 48 0.041667
117 48 0.041667
127 48 0.041667
134 48 0.041667
4 50 0.041667
12 50 0.041667
13 50 0.041667
19 50 0.041667
33 50 0.041667
39 50 0.041667
45 50 0.041667
51 50 0.041667
56 50 0.041667
57 50 0.041667
62 50 0.041667
63 50 0.041667
64 50 0.041667
72 50 0.041667
74 50 0.041667
78 50 0.041667
96 50 0.041667
97 50 0.041667
102 50 0.041667
110 50 0.041667
112 50 0.041667
116 50 0.041667
120 50 0.041667
122 50 0.041667
4 87 0.047619
9 87 0.047619
19 87 0.047619
25 87 0.047619
27 87 0.047619
28 87 0.047619
37 87 0.047619
49 87 0.047619
62 87 0.047619
66 87 0.047619
69 87 0.047619
74 87 0.047619
80 87 0.047619
88 87 0.047619
107 87 0.047619
112 87 0.047619
113 87 0.047619
121 87 0.047619
125 87 0.047619
127 87 0.047619
128 87 0.047619
4 102 0.05
6 102 0.05
14 102 0.05
16 102 0.05
43 102 0.05
46 102 0.05
47 102 0.05
50 102 0.05
54 102 0.05
63 102 0.05
64 102 0.05
67 102 0.05
74 102 0.05
77 102 0.05
86 102 0.05
98 102 0.05
110 102 0.05
116 102 0.05
130 102 0.05
133 102 0.05
4 117 0.043478
6 117 0.043478
14 117 0.043478
23 117 0.043478
24 117 0.043478
28 117 0.043478
35 117 0.043478
39 117 0.043478
42 117 0.043478
48 117 0.043478
59 117 0.043478
61 117 0.043478
62 117 0.043478
69 117 0.043478
70 117 0.043478
72 117 0.043478
76 117 0.043478
80 117 0.043478
82 117 0.043478
86 117 0.043478
90 117 0.043478
113 117 0.043478
123 117 0.043478
4 123 0.05
10 123 0.05
16 123 0.05
26 123 0.05
33 123 0.05
39 123 0.05
40 123 0.05
46 123 0.05
56 123 0.05
68 123 0.05
74 123 0.05
88 123 0.05
98 123 0.05
106 123 0.05
117 123 0.05
124 123 0.05
128 123 0.05
129 123 0.05
131 123 0.05
133 123 0.05
4 124 0.055556
6 124 0.055556
10 124 0.055556
15 124 0.055556
37 124 0.055556
43 124 0.055556
52 124 0.055556
54 124 0.055556
56 124 0.055556
62 124 0.055556
67 124 0.055556
70 124 0.055556
75 124 0.055556
82 124 0.055556
93 124 0.055556
121 124 0.055556
122 124 0.055556
123 124 0.055556
4 133 0.045455
9 133 0.045455
13 133 0.045455
17 133 0.045455
20 133 0.045455
23 133 0.045455
24 133 0.045455
52 133 0.045455
56 133 0.045455
57 133 0.045455
66 133 0.045455
88 133 0.045455
98 133 0.045455
100 133 0.045455
102 133 0.045455
104 133 0.045455
113 133 0.045455
115 133 0.045455
121 133 0.045455
123 133 0.045455
131 133 0.045455
132 133 0.045455
5 33 0.05
6 33 0.05
13 33 0.05
26 33 0.05
28 33 0.05
39 33 0.05
46 33 0.05
50 33 0.05
51 33 0.05
54 33 0.05
57 33 0.05
64 33 0.05
76 33 0.05
81 33 0.05
86 33 0.05
93 33 0.05
94 33 0.05
122 33 0.05
123 33 0.05
126 33 0.05
5 56 0.045455
17 56 0.045455
18 56 0.045455
21 56 0.045455
22 56 0.045455
39 56 0.045455
49 56 0.045455
50 56 0.045455
52 56 0.045455
57 56 0.045455
61 56 0.045455
63 56 0.045455
65 56 0.045455
82 56 0.045455
83 56 0.045455
86 56 0.045455
95 56 0.045455
98 56 0.045455
100 56 0.045455
123 56 0.045455
124 56 0.045455
133 56 0.045455
5 58 0.0625
17 58 0.0625
18 58 0.0625
27 58 0.0625
28 58 0.0625
31 58 0.0625
42 58 0.0625
48 58 0.0625
60 58 0.0625
68 58 0.0625
70 58 0.0625
79 58 0.0625
92 58 0.0625
93 58 0.0625
97 58 0.0625
104 58 0.0625
5 100 0.05
15 100 0.05
19 100 0.05
36 100 0.05
55 100 0.05
56 100 0.05
57 100 0.05
63 100 0.05
71 100 0.05
74 100 0.05
79 100 0.05
82 100 0.05
88 100 0.05
106 100 0.05
110 100 0.05
112 100 0.05
114 100 0.05
115 100 0.05
133 100 0.05
134 100 0.05
6 12 0.052632
9 12 0.052632
11 12 0.052632
18 12 0.052632
23 12 0.052632
24 12 0.052632
25 12 0.052632
29 12 0.052632
45 12 0.052632
50 12 0.052632
53 12 0.052632
63 12 0.052632
68 12 0.052632
74 12 0.052632
104 12 0.052632
107 12 0.052632
112 12 0.052632
128 12 0.052632
129 12 0.052632
6 21 0.066667
15 21 0.066667
28 21 0.066667
46 21 0.066667
48 21 0.066667
52 21 0.066667
56 21 0.066667
79 21 0.066667
88 21 0.066667
93 21 0.066667
103 21 0.066667
112 21 0.066667
118 21 0.066667
119 21 0.066667
122 21 0.066667
6 24 0.052632
12 24 0.052632
20 24 0.052632
26 24 0.052632
29 24 0.052632
37 24 0.052632
41 24 0.052632
46 24 0.052632
65 24 0.052632
67 24 0.052632
90 24 0.052632
95 24 0.052632
97 24 0.052632
101 24 0.052632
107 24 0.052632
117 24 0.052632
118 24 0.052632
129 24 0.052632
133 24 0.052632
6 26 0.055556
19 26 0.055556
20 26 0.055556
23 26 0.055556
24 26 0.055556
32 26 0.055556
33 26 0.055556
35 26 0.055556
45 26 0.055556
68 26 0.055556
74 26 0.055556
76 26 0.055556
83 26 0.055556
86 26 0.055556
98 26 0.055556
113 26 0.055556
118 26 0.055556
123 26 0.055556
6 32 0.05
14 32 0.05
16 32 0.05
26 32 0.05
38 32 0.05
39 32 0.05
42 32 0.05
47 32 0.05
48 32 0.05
51 32 0.05
55 32 0.05
57 32 0.05
63 32 0.05
69 32 0.05
75 32 0.05
97 32 0.05
108 32 0.05
114 32 0.05
126 32 0.05
132 32 0.05
6 42 0.043478
27 42 0.043478
32 42 0.043478
36 42 0.043478
38 42 0.043478
40 42 0.043478
43 42 0.043478
44 42 0.043478
51 42 0.043478
53 42 0.043478
55 42 0.043478
58 42 0.043478
60 42 0.043478
71 42 0.043478
76 42 0.043478
83 42 0.043478
95 42 0.043478
110 42 0.043478
116 42 0.043478
117 42 0.043478
119 42 0.043478
120 42 0.043478
132 42 0.043478
6 51 0.058824
16 51 0.058824
18 51 0.058824
27 51 0.058824
30 51 0.058824
32 51 0.058824
33 51 0.058824
41 51 0.058824
42 51 0.058824
50 51 0.058824
69 51 0.058824
73 51 0.058824
79 51 0.058824
104 51 0.058824
106 51 0.058824
115 51 0.058824
130 51 0.058824
6 52 0.052632
15 52 0.052632
21 52 0.052632
27 52 0.052632
38 52 0.052632
47 52 0.052632
54 52 0.052632
55 52 0.052632
56 52 0.052632
70 52 0.052632
85 52 0.052632
108 52 0.052632
110 52 0.052632
112 52 0.052632
119 52 0.052632
124 52 0.052632
125 52 0.052632
130 52 0.052632
133 52 0.052632
6 66 0.045455
9 66 0.045455
11 66 0.045455
37 66 0.045455
46 66 0.045455
55 66 0.045455
59 66 0.045455
65 66 0.045455
68 66 0.045455
70 66 0.045455
71 66 0.045455
81 66 0.045455
87 66 0.045455
88 66 0.045455
89 66 0.045455
95 66 0.045455
96 66 0.045455
101 66 0.045455
110 66 0.045455
126 66 0.045455
127 66 0.045455
133 66 0.045455
6 78 0.04
8 78 0.04
10 78 0.04
17 78 0.04
23 78 0.04
25 78 0.04
40 78 0.04
43 78 0.04
45 78 0.04
50 78 0.04
53 78 0.04
63 78 0.04
68 78 0.04
74 78 0.04
75 78 0.04
76 78 0.04
77 78 0.04
80 78 0.04
86 78 0.04
89 78 0.04
90 78 0.04
106 78 0.04
108 78 0.04
109 78 0.04
113 78 0.04
6 90 0.05
8 90 0.05
19 90 0.05
22 90 0.05
24 90 0.05
28 90 0.05
31 90 0.05
34 90 0.05
41 90 0.05
43 90 0.05
64 90 0.05
73 90 0.05
77 90 0.05
78 90 0.05
79 90 0.05
94 90 0.05
95 90 0.05
115 90 0.05
117 90 0.05
125 90 0.05
6 92 0.045455
14 92 0.045455
15 92 0.045455
18 92 0.045455
23 92 0.045455
30 92 0.045455
35 92 0.045455
40 92 0.045455
48 92 0.045455
58 92 0.045455
77 92 0.045455
79 92 0.045455
83 92 0.045455
88 92 0.045455
96 92 0.045455
105 92 0.045455
107 92 0.045455
114 92 0.045455
118 92 0.045455
126 92 0.045455
128 92 0.045455
131 92 0.045455
6 114 0.066667
20 114 0.066667
32 114 0.066667
40 114 0.066667
47 114 0.066667
57 114 0.066667
61 114 0.066667
72 114 0.066667
77 114 0.066667
82 114 0.066667
92 114 0.066667
95 114 0.066667
100 114 0.066667
112 114 0.066667
126 114 0.066667
6 129 0.04
10 129 0.04
11 129 0.04
12 129 0.04
18 129 0.04
24 129 0.04
29 129 0.04
38 129 0.04
43 129 0.04
49 129 0.04
54 129 0.04
55 129 0.04
59 129 0.04
60 129 0.04
69 129 0.04
76 129 0.04
88 129 0.04
93 129 0.04
106 129 0.04
107 129 0.04
110 129 0.04
119 129 0.04
123 129 0.04
125 129 0.04
128 129 0.04
7 36 0.045455
14 36 0.045455
30 36 0.045455
34 36 0.045455
35 36 0.045455
37 36 0.045455
39 36 0.045455
42 36 0.045455
44 36 0.045455
57 36 0.045455
59 36 0.045455
61 36 0.045455
67 36 0.045455
73 36 0.045455
76 36 0.045455
84 36 0.045455
100 36 0.045455
101 36 0.045455
104 36 0.045455
128 36 0.045455
130 36 0.045455
131 36 0.045455
7 73 0.045455
14 73 0.045455
16 73 0.045455
20 73 0.045455
23 73 0.045455
27 73 0.045455
29 73 0.045455
30 73 0.045455
35 73 0.045455
36 73 0.045455
39 73 0.045455
43 73 0.045455
44 73 0.045455
46 73 0.045455
51 73 0.045455
61 73 0.045455
70 73 0.045455
84 73 0.045455
86 73 0.045455
90 73 0.045455
96 73 0.045455
115 73 0.045455
7 105 0.076923
13 105 0.076923
25 105 0.076923
31 105 0.076923
72 105 0.076923
79 105 0.076923
85 105 0.076923
88 105 0.076923
89 105 0.076923
92 105 0.076923
108 105 0.076923
126 105 0.076923
132 105 0.076923
8 43 0.04
15 43 0.04
18 43 0.04
41 43 0.04
42 43 0.04
48 43 0.04
53 43 0.04
55 43 0.04
59 43 0.04
70 43 0.04
73 43 0.04
74 43 0.04
78 43 0.04
79 43 0.04
81 43 0.04
83 43 0.04
90 43 0.04
102 43 0.04
109 43 0.04
111 43 0.04
112 43 0.04
119 43 0.04
121 43 0.04
124 43 0.04
129 43 0.04
8 70 0.045455
9 70 0.045455
10 70 0.045455
17 70 0.045455
31 70 0.045455
40 70 0.045455
43 70 0.045455
44 70 0.045455
48 70 0.045455
52 70 0.045455
58 70 0.045455
64 70 0.045455
66 70 0.045455
72 70 0.045455
73 70 0.045455
79 70 0.045455
113 70 0.045455
117 70 0.045455
120 70 0.045455
124 70 0.045455
127 70 0.045455
128 70 0.045455
8 77 0.047619
11 77 0.047619
13 77 0.047619
29 77 0.047619
38 77 0.047619
59 77 0.047619
71 77 0.047619
76 77 0.047619
78 77 0.047619
83 77 0.047619
84 77 0.047619
86 77 0.047619
90 77 0.047619
92 77 0.047619
93 77 0.047619
97 77 0.047619
102 77 0.047619
112 77 0.047619
114 77 0.047619
116 77 0.047619
122 77 0.047619
8 91 0.058824
9 91 0.058824
16 91 0.058824
20 91 0.058824
22 91 0.058824
34 91 0.058824
35 91 0.058824
45 91 0.058824
63 91 0.058824
64 91 0.058824
76 91 0.058824
81 91 0.058824
93 91 0.058824
108 91 0.058824
120 91 0.058824
125 91 0.058824
134 91 0.058824
8 132 0.058824
10 132 0.058824
14 132 0.058824
30 132 0.058824
31 132 0.058824
32 132 0.058824
42 132 0.058824
47 132 0.058824
62 132 0.058824
71 132 0.058824
74 132 0.058824
85 132 0.058824
93 132 0.058824
105 132 0.058824
108 132 0.058824
126 132 0.058824
133 132 0.058824
9 41 0.043478
14 41 0.043478
19 41 0.043478
24 41 0.043478
30 41 0.043478
35 41 0.043478
43 41 0.043478
51 41 0.043478
54 41 0.043478
59 41 0.043478
61 41 0.043478
62 41 0.043478
67 41 0.043478
76 41 0.043478
85 41 0.043478
90 41 0.043478
106 41 0.043478
107 41 0.043478
118 41 0.043478
120 41 0.043478
122 41 0.043478
130 41 0.043478
134 41 0.043478
9 81 0.052632
10 81 0.052632
23 81 0.052632
25 81 0.052632
30 81 0.052632
33 81 0.052632
34 81 0.052632
43 81 0.052632
47 81 0.052632
55 81 0.052632
64 81 0.052632
66 81 0.052632
83 81 0.052632
91 81 0.052632
98 81 0.052632
101 81 0.052632
104 81 0.052632
127 81 0.052632
131 81 0.052632
9 83 0.047619
16 83 0.047619
26 83 0.047619
42 83 0.047619
43 83 0.047619
47 83 0.047619
55 83 0.047619
56 83 0.047619
59 83 0.047619
76 83 0.047619
77 83 0.047619
81 83 0.047619
82 83 0.047619
92 83 0.047619
95 83 0.047619
98 83 0.047619
101 83 0.047619
104 83 0.047619
111 83 0.047619
118 83 0.047619
130 83 0.047619
9 101 0.058824
24 101 0.058824
27 101 0.058824
28 101 0.058824
36 101 0.058824
39 101 0.058824
49 101 0.058824
53 101 0.058824
62 101 0.058824
66 101 0.058824
75 101 0.058824
81 101 0.058824
83 101 0.058824
97 101 0.058824
108 101 0.058824
125 101 0.058824
131 101 0.058824
10 22 0.055556
15 22 0.055556
16 22 0.055556
28 22 0.055556
56 22 0.055556
61 22 0.055556
63 22 0.055556
64 22 0.055556
68 22 0.055556
85 22 0.055556
88 22 0.055556
90 22 0.055556
91 22 0.055556
111 22 0.055556
115 22 0.055556
119 22 0.055556
125 22 0.055556
130 22 0.055556
10 62 0.043478
17 62 0.043478
20 62 0.043478
38 62 0.043478
40 62 0.043478
41 62 0.043478
48 62 0.043478
49 62 0.043478
50 62 0.043478
53 62 0.043478
57 62 0.043478
68 62 0.043478
79 62 0.043478
87 62 0.043478
88 62 0.043478
99 62 0.043478
101 62 0.043478
116 62 0.043478
117 62 0.043478
124 62 0.043478
125 62 0.043478
130 62 0.043478
132 62 0.043478
10 67 0.071429
18 67 0.071429
24 67 0.071429
29 67 0.071429
36 67 0.071429
41 67 0.071429
55 67 0.071429
68 67 0.071429
102 67 0.071429
121 67 0.071429
122 67 0.071429
124 67 0.071429
125 67 0.071429
127 67 0.071429
10 68 0.04
12 68 0.04
17 68 0.04
22 68 0.04
26 68 0.04
28 68 0.04
44 68 0.04
53 68 0.04
54 68 0.04
58 68 0.04
60 68 0.04
61 68 0.04
62 68 0.04
63 68 0.04
66 68 0.04
67 68 0.04
72 68 0.04
78 68 0.04
79 68 0.04
88 68 0.04
94 68 0.04
96 68 0.04
107 68 0.04
120 68 0.04
123 68 0.04
10 89 0.058824
30 89 0.058824
37 89 0.058824
39 89 0.058824
60 89 0.058824
66 89 0.058824
69 89 0.058824
72 89 0.058824
74 89 0.058824
78 89 0.058824
86 89 0.058824
95 89 0.058824
97 89 0.058824
105 89 0.058824
120 89 0.058824
125 89 0.058824
131 89 0.058824
10 94 0.045455
19 94 0.045455
31 94 0.045455
33 94 0.045455
38 94 0.045455
39 94 0.045455
54 94 0.045455
55 94 0.045455
61 94 0.045455
68 94 0.045455
75 94 0.045455
80 94 0.045455
84 94 0.045455
85 94 0.045455
86 94 0.045455
90 94 0.045455
95 94 0.045455
98 94 0.045455
110 94 0.045455
112 94 0.045455
128 94 0.045455
134 94 0.045455
10 113 0.047619
25 113 0.047619
26 113 0.047619
27 113 0.047619
28 113 0.047619
37 113 0.047619
40 113 0.047619
45 113 0.047619
60 113 0.047619
70 113 0.047619
78 113 0.047619
85 113 0.047619
87 113 0.047619
96 113 0.047619
107 113 0.047619
111 113 0.047619
117 113 0.047619
121 113 0.047619
127 113 0.047619
130 113 0.047619
133 113 0.047619
10 134 0.083333
41 134 0.083333
48 134 0.083333
57 134 0.083333
65 134 0.083333
85 134 0.083333
91 134 0.083333
94 134 0.083333
100 134 0.083333
115 134 0.083333
127 134 0.083333
131 134 0.083333
12 18 0.047619
13 18 0.047619
14 18 0.047619
15 18 0.047619
37 18 0.047619
43 18 0.047619
44 18 0.047619
51 18 0.047619
56 18 0.047619
58 18 0.047619
65 18 0.047619
67 18 0.047619
74 18 0.047619
80 18 0.047619
92 18 0.047619
104 18 0.047619
107 18 0.047619
112 18 0.047619
121 18 0.047619
127 18 0.047619
129 18 0.047619
12 23 0.052632
25 23 0.052632
26 23 0.052632
37 23 0.052632
40 23 0.052632
47 23 0.052632
57 23 0.052632
73 23 0.052632
78 23 0.052632
80 23 0.052632
81 23 0.052632
84 23 0.052632
92 23 0.052632
106 23 0.052632
109 23 0.052632
117 23 0.052632
118 23 0.052632
127 23 0.052632
133 23 0.052632
12 45 0.058824
16 45 0.058824
20 45 0.058824
26 45 0.058824
40 45 0.058824
50 45 0.058824
65 45 0.058824
69 45 0.058824
78 45 0.058824
79 45 0.058824
82 45 0.058824
91 45 0.058824
99 45 0.058824
103 45 0.058824
112 45 0.058824
113 45 0.058824
130 45 0.058824
12 63 0.041667
14 63 0.041667
19 63 0.041667
22 63 0.041667
27 63 0.041667
32 63 0.041667
37 63 0.041667
46 63 0.041667
50 63 0.041667
56 63 0.041667
59 63 0.041667
68 63 0.041667
78 63 0.041667
88 63 0.041667
91 63 0.041667
98 63 0.041667
100 63 0.041667
102 63 0.041667
103 63 0.041667
108 63 0.041667
115 63 0.041667
126 63 0.041667
128 63 0.041667
130 63 0.041667
13 55 0.052632
32 55 0.052632
42 55 0.052632
43 55 0.052632
49 55 0.052632
52 55 0.052632
57 55 0.052632
66 55 0.052632
67 55 0.052632
76 55 0.052632
81 55 0.052632
83 55 0.052632
94 55 0.052632
95 55 0.052632
100 55 0.052632
111 55 0.052632
120 55 0.052632
127 55 0.052632
129 55 0.052632
13 64 0.058824
14 64 0.058824
22 64 0.058824
33 64 0.058824
39 64 0.058824
50 64 0.058824
70 64 0.058824
74 64 0.058824
81 64 0.058824
90 64 0.058824
91 64 0.058824
98 64 0.058824
102 64 0.058824
109 64 0.058824
110 64 0.058824
121 64 0.058824
125 64 0.058824
13 110 0.045455
14 110 0.045455
28 110 0.045455
42 110 0.045455
44 110 0.045455
50 110 0.045455
52 110 0.045455
53 110 0.045455
59 110 0.045455
64 110 0.045455
66 110 0.045455
75 110 0.045455
76 110 0.045455
85 110 0.045455
94 110 0.045455
100 110 0.045455
102 110 0.045455
106 110 0.045455
112 110 0.045455
118 110 0.045455
121 110 0.045455
129 110 0.045455
13 126 0.052632
28 126 0.052632
32 126 0.052632
33 126 0.052632
59 126 0.052632
63 126 0.052632
65 126 0.052632
66 126 0.052632
72 126 0.052632
75 126 0.052632
80 126 0.052632
82 126 0.052632
92 126 0.052632
95 126 0.052632
104 126 0.052632
105 126 0.052632
114 126 0.052632
128 126 0.052632
132 126 0.052632
14 28 0.041667
21 28 0.041667
22 28 0.041667
30 28 0.041667
33 28 0.041667
46 28 0.041667
49 28 0.041667
58 28 0.041667
65 28 0.041667
68 28 0.041667
71 28 0.041667
86 28 0.041667
87 28 0.041667
90 28 0.041667
95 28 0.041667
101 28 0.041667
106 28 0.041667
110 28 0.041667
113 28 0.041667
115 28 0.041667
117 28 0.041667
118 28 0.041667
126 28 0.041667
128 28 0.041667
14 57 0.047619
23 57 0.047619
32 57 0.047619
33 57 0.047619
36 57 0.047619
38 57 0.047619
50 57 0.047619
53 57 0.047619
55 57 0.047619
56 57 0.047619
62 57 0.047619
69 57 0.047619
74 57 0.047619
79 57 0.047619
84 57 0.047619
100 57 0.047619
111 57 0.047619
114 57 0.047619
122 57 0.047619
133 57 0.047619
134 57 0.047619
15 19 0.047619
20 19 0.047619
26 19 0.047619
27 19 0.047619
41 19 0.047619
49 19 0.047619
50 19 0.047619
60 19 0.047619
63 19 0.047619
74 19 0.047619
75 19 0.047619
82 19 0.047619
87 19 0.047619
90 19 0.047619
94 19 0.047619
96 19 0.047619
97 19 0.047619
100 19 0.047619
111 19 0.047619
115 19 0.047619
130 19 0.047619
15 34 0.066667
20 34 0.066667
31 34 0.066667
36 34 0.066667
46 34 0.066667
53 34 0.066667
61 34 0.066667
71 34 0.066667
80 34 0.066667
81 34 0.066667
90 34 0.066667
91 34 0.066667
95 34 0.066667
108 34 0.066667
112 34 0.066667
15 40 0.047619
23 40 0.047619
31 40 0.047619
42 40 0.047619
45 40 0.047619
53 40 0.047619
59 40 0.047619
62 40 0.047619
65 40 0.047619
70 40 0.047619
75 40 0.047619
76 40 0.047619
78 40 0.047619
92 40 0.047619
109 40 0.047619
112 40 0.047619
113 40 0.047619
114 40 0.047619
122 40 0.047619
123 40 0.047619
127 40 0.047619
15 131 0.055556
27 131 0.055556
36 131 0.055556
44 131 0.055556
47 131 0.055556
69 131 0.055556
72 131 0.055556
81 131 0.055556
86 131 0.055556
89 131 0.055556
92 131 0.055556
101 131 0.055556
104 131 0.055556
109 131 0.055556
112 131 0.055556
123 131 0.055556
133 131 0.055556
134 131 0.055556
18 37 0.055556
23 37 0.055556
24 37 0.055556
30 37 0.055556
31 37 0.055556
36 37 0.055556
46 37 0.055556
53 37 0.055556
63 37 0.055556
65 37 0.055556
66 37 0.055556
69 37 0.055556
82 37 0.055556
87 37 0.055556
89 37 0.055556
104 37 0.055556
113 37 0.055556
124 37 0.055556
18 80 0.083333
23 80 0.083333
34 80 0.083333
78 80 0.083333
87 80 0.083333
94 80 0.083333
106 80 0.083333
107 80 0.083333
117 80 0.083333
119 80 0.083333
125 80 0.083333
126 80 0.083333
18 121 0.076923
35 121 0.076923
43 121 0.076923
64 121 0.076923
67 121 0.076923
79 121 0.076923
87 121 0.076923
99 121 0.076923
110 121 0.076923
113 121 0.076923
115 121 0.076923
124 121 0.076923
133 121 0.076923
19 111 0.0625
22 111 0.0625
30 111 0.0625
43 111 0.0625
46 111 0.0625
55 111 0.0625
57 111 0.0625
61 111 0.0625
72 111 0.0625
76 111 0.0625
83 111 0.0625
85 111 0.0625
112 111 0.0625
113 111 0.0625
116 111 0.0625
119 111 0.0625
20 39 0.052632
25 39 0.052632
27 39 0.052632
31 39 0.052632
32 39 0.052632
33 39 0.052632
36 39 0.052632
44 39 0.052632
50 39 0.052632
56 39 0.052632
64 39 0.052632
73 39 0.052632
89 39 0.052632
94 39 0.052632
101 39 0.052632
107 39 0.052632
116 39 0.052632
117 39 0.052632
123 39 0.052632
20 106 0.047619
23 106 0.047619
25 106 0.047619
28 106 0.047619
41 106 0.047619
44 106 0.047619
46 106 0.047619
51 106 0.047619
60 106 0.047619
72 106 0.047619
78 106 0.047619
79 106 0.047619
80 106 0.047619
82 106 0.047619
86 106 0.047619
100 106 0.047619
110 106 0.047619
112 106 0.047619
118 106 0.047619
123 106 0.047619
129 106 0.047619
21 79 0.037037
43 79 0.037037
45 79 0.037037
51 79 0.037037
57 79 0.037037
58 79 0.037037
61 79 0.037037
62 79 0.037037
65 79 0.037037
68 79 0.037037
70 79 0.037037
71 79 0.037037
74 79 0.037037
76 79 0.037037
82 79 0.037037
88 79 0.037037
90 79 0.037037
92 79 0.037037
93 79 0.037037
100 79 0.037037
105 79 0.037037
106 79 0.037037
109 79 0.037037
115 79 0.037037
121 79 0.037037
122 79 0.037037
125 79 0.037037
21 88 0.047619
22 88 0.047619
46 88 0.047619
59 88 0.047619
62 88 0.047619
63 88 0.047619
66 88 0.047619
68 88 0.047619
79 88 0.047619
85 88 0.047619
87 88 0.047619
92 88 0.047619
100 88 0.047619
103 88 0.047619
105 88 0.047619
118 88 0.047619
123 88 0.047619
125 88 0.047619
127 88 0.047619
129 88 0.047619
133 88 0.047619
21 118 0.058824
23 118 0.058824
24 118 0.058824
26 118 0.058824
28 118 0.058824
29 118 0.058824
41 118 0.058824
61 118 0.058824
69 118 0.058824
83 118 0.058824
85 118 0.058824
88 118 0.058824
92 118 0.058824
106 118 0.058824
107 118 0.058824
108 118 0.058824
110 118 0.058824
28 71 0.055556
34 71 0.055556
42 71 0.055556
53 71 0.055556
66 71 0.055556
72 71 0.055556
75 71 0.055556
76 71 0.055556
77 71 0.055556
79 71 0.055556
85 71 0.055556
93 71 0.055556
98 71 0.055556
100 71 0.055556
119 71 0.055556
125 71 0.055556
127 71 0.055556
132 71 0.055556
29 116 0.076923
39 116 0.076923
42 116 0.076923
50 116 0.076923
59 116 0.076923
62 116 0.076923
77 116 0.076923
86 116 0.076923
98 116 0.076923
102 116 0.076923
111 116 0.076923
112 116 0.076923
127 116 0.076923
33 54 0.090909
41 54 0.090909
52 54 0.090909
65 54 0.090909
68 54 0.090909
94 54 0.090909
102 54 0.090909
112 54 0.090909
122 54 0.090909
124 54 0.090909
129 54 0.090909
4 0 0.0625
6 0 0.0625
8 0 0.0625
11 0 0.0625
14 0 0.0625
31 0 0.0625
46 0 0.0625
60 0 0.0625
61 0 0.0625
72 0 0.0625
86 0 0.0625
93 0 0.0625
95 0 0.0625
96 0 0.0625
115 0 0.0625
120 0 0.0625
2 1 0.066667
16 1 0.066667
27 1 0.066667
29 1 0.066667
31 1 0.066667
35 1 0.066667
53 1 0.066667
69 1 0.066667
75 1 0.066667
84 1 0.066667
97 1 0.066667
107 1 0.066667
109 1 0.066667
112 1 0.066667
125 1 0.066667
20 3 0.083333
25 3 0.083333
30 3 0.083333
44 3 0.083333
59 3 0.083333
82 3 0.083333
84 3 0.083333
98 3 0.083333
99 3 0.083333
119 3 0.083333
122 3 0.083333
130 3 0.083333
29 5 0.076923
33 5 0.076923
48 5 0.076923
56 5 0.076923
58 5 0.076923
59 5 0.076923
60 5 0.076923
61 5 0.076923
74 5 0.076923
75 5 0.076923
100 5 0.076923
108 5 0.076923
125 5 0.076923
36 7 0.071429
47 7 0.071429
60 7 0.071429
69 7 0.071429
73 7 0.071429
82 7 0.071429
84 7 0.071429
96 7 0.071429
97 7 0.071429
99 7 0.071429
105 7 0.071429
107 7 0.071429
112 7 0.071429
127 7 0.071429
11 9 0.052632
12 9 0.052632
13 9 0.052632
31 9 0.052632
41 9 0.052632
44 9 0.052632
47 9 0.052632
60 9 0.052632
66 9 0.052632
70 9 0.052632
72 9 0.052632
81 9 0.052632
83 9 0.052632
84 9 0.052632
87 9 0.052632
91 9 0.052632
95 9 0.052632
101 9 0.052632
133 9 0.052632
22 10 0.05
44 10 0.05
48 10 0.05
61 10 0.05
62 10 0.05
67 10 0.05
68 10 0.05
70 10 0.05
78 10 0.05
81 10 0.05
89 10 0.05
94 10 0.05
112 10 0.05
113 10 0.05
122 10 0.05
123 10 0.05
124 10 0.05
129 10 0.05
132 10 0.05
134 10 0.05
