0 1 0.125
2 1 0.125
3 1 0.125
419 1 0.125
4 1 0.125
418 1 0.125
5 1 0.125
417 1 0.125
0 419 0.142857
1 419 0.142857
2 419 0.142857
3 419 0.142857
416 419 0.142857
417 419 0.142857
418 419 0.142857
0 2 0.125
1 2 0.125
3 2 0.125
4 2 0.125
5 2 0.125
419 2 0.125
6 2 0.125
418 2 0.125
0 418 0.125
1 418 0.125
2 418 0.125
414 418 0.125
415 418 0.125
416 418 0.125
417 418 0.125
419 418 0.125
0 3 0.125
1 3 0.125
2 3 0.125
4 3 0.125
5 3 0.125
6 3 0.125
7 3 0.125
419 3 0.125
0 417 0.125
1 417 0.125
413 417 0.125
414 417 0.125
415 417 0.125
416 417 0.125
418 417 0.125
419 417 0.125
0 4 0.111111
1 4 0.111111
2 4 0.111111
3 4 0.111111
5 4 0.111111
6 4 0.111111
7 4 0.111111
409 4 0.111111
366 4 0.111111
0 416 0.111111
159 416 0.111111
412 416 0.111111
413 416 0.111111
414 416 0.111111
415 416 0.111111
417 416 0.111111
418 416 0.111111
419 416 0.111111
1 5 0.125
2 5 0.125
3 5 0.125
4 5 0.125
6 5 0.125
7 5 0.125
8 5 0.125
9 5 0.125
2 6 0.111111
3 6 0.111111
4 6 0.111111
5 6 0.111111
7 6 0.111111
9 6 0.111111
10 6 0.111111
342 6 0.111111
131 6 0.111111
3 7 0.1
4 7 0.1
5 7 0.1
6 7 0.1
9 7 0.1
10 7 0.1
11 7 0.1
390 7 0.1
113 7 0.1
116 7 0.1
4 409 0.111111
405 409 0.111111
406 409 0.111111
407 409 0.111111
408 409 0.111111
410 409 0.111111
411 409 0.111111
412 409 0.111111
413 409 0.111111
4 366 0.142857
362 366 0.142857
363 366 0.142857
365 366 0.142857
367 366 0.142857
368 366 0.142857
369 366 0.142857
5 8 0.2
9 8 0.2
10 8 0.2
11 8 0.2
12 8 0.2
5 9 0.125
6 9 0.125
7 9 0.125
8 9 0.125
10 9 0.125
11 9 0.125
12 9 0.125
13 9 0.125
6 10 0.125
7 10 0.125
8 10 0.125
9 10 0.125
11 10 0.125
12 10 0.125
13 10 0.125
101 10 0.125
6 342 0.125
339 342 0.125
340 342 0.125
341 342 0.125
343 342 0.125
344 342 0.125
345 342 0.125
346 342 0.125
6 131 0.125
127 131 0.125
128 131 0.125
129 131 0.125
130 131 0.125
132 131 0.125
133 131 0.125
134 131 0.125
7 11 0.111111
8 11 0.111111
9 11 0.111111
10 11 0.111111
12 11 0.111111
13 11 0.111111
14 11 0.111111
15 11 0.111111
389 11 0.111111
7 390 0.111111
386 390 0.111111
387 390 0.111111
388 390 0.111111
389 390 0.111111
391 390 0.111111
392 390 0.111111
393 390 0.111111
394 390 0.111111
7 113 0.125
109 113 0.125
110 113 0.125
111 113 0.125
112 113 0.125
115 113 0.125
116 113 0.125
117 113 0.125
7 116 0.166667
113 116 0.166667
114 116 0.166667
117 116 0.166667
118 116 0.166667
119 116 0.166667
8 12 0.125
9 12 0.125
10 12 0.125
11 12 0.125
13 12 0.125
14 12 0.125
15 12 0.125
16 12 0.125
9 13 0.125
10 13 0.125
11 13 0.125
12 13 0.125
14 13 0.125
15 13 0.125
16 13 0.125
17 13 0.125
10 101 0.125
97 101 0.125
99 101 0.125
100 101 0.125
102 101 0.125
103 101 0.125
104 101 0.125
105 101 0.125
11 14 0.125
12 14 0.125
13 14 0.125
15 14 0.125
16 14 0.125
17 14 0.125
292 14 0.125
20 14 0.125
11 15 0.125
12 15 0.125
13 15 0.125
14 15 0.125
16 15 0.125
17 15 0.125
18 15 0.125
360 15 0.125
11 389 0.125
153 389 0.125
386 389 0.125
387 389 0.125
388 389 0.125
390 389 0.125
392 389 0.125
393 389 0.125
12 16 0.090909
13 16 0.090909
14 16 0.090909
15 16 0.090909
17 16 0.090909
18 16 0.090909
19 16 0.090909
20 16 0.090909
406 16 0.090909
112 16 0.090909
338 16 0.090909
13 17 0.111111
14 17 0.111111
15 17 0.111111
16 17 0.111111
18 17 0.111111
19 17 0.111111
20 17 0.111111
21 17 0.111111
350 17 0.111111
14 292 0.142857
82 292 0.142857
288 292 0.142857
289 292 0.142857
293 292 0.142857
295 292 0.142857
296 292 0.142857
14 20 0.111111
16 20 0.111111
17 20 0.111111
18 20 0.111111
19 20 0.111111
21 20 0.111111
22 20 0.111111
23 20 0.111111
24 20 0.111111
15 18 0.142857
16 18 0.142857
17 18 0.142857
19 18 0.142857
20 18 0.142857
21 18 0.142857
22 18 0.142857
15 360 0.1
85 360 0.1
325 360 0.1
356 360 0.1
357 360 0.1
358 360 0.1
359 360 0.1
361 360 0.1
362 360 0.1
363 360 0.1
16 19 0.125
17 19 0.125
18 19 0.125
20 19 0.125
21 19 0.125
22 19 0.125
214 19 0.125
249 19 0.125
16 406 0.142857
403 406 0.142857
404 406 0.142857
405 406 0.142857
407 406 0.142857
409 406 0.142857
410 406 0.142857
16 112 0.111111
108 112 0.111111
109 112 0.111111
110 112 0.111111
111 112 0.111111
113 112 0.111111
114 112 0.111111
115 112 0.111111
263 112 0.111111
16 338 0.111111
27 338 0.111111
334 338 0.111111
335 338 0.111111
336 338 0.111111
337 338 0.111111
339 338 0.111111
340 338 0.111111
401 338 0.111111
17 21 0.111111
18 21 0.111111
19 21 0.111111
20 21 0.111111
22 21 0.111111
23 21 0.111111
24 21 0.111111
25 21 0.111111
87 21 0.111111
17 350 0.125
346 350 0.125
347 350 0.125
348 350 0.125
349 350 0.125
352 350 0.125
353 350 0.125
354 350 0.125
18 22 0.125
19 22 0.125
20 22 0.125
21 22 0.125
23 22 0.125
24 22 0.125
25 22 0.125
26 22 0.125
19 214 0.111111
210 214 0.111111
211 214 0.111111
212 214 0.111111
213 214 0.111111
215 214 0.111111
216 214 0.111111
217 214 0.111111
218 214 0.111111
19 249 0.125
245 249 0.125
246 249 0.125
247 249 0.125
248 249 0.125
250 249 0.125
251 249 0.125
252 249 0.125
20 23 0.125
21 23 0.125
22 23 0.125
24 23 0.125
25 23 0.125
26 23 0.125
27 23 0.125
392 23 0.125
20 24 0.1
21 24 0.1
22 24 0.1
23 24 0.1
25 24 0.1
26 24 0.1
27 24 0.1
28 24 0.1
379 24 0.1
98 24 0.1
21 25 0.1
22 25 0.1
23 25 0.1
24 25 0.1
26 25 0.1
27 25 0.1
28 25 0.1
29 25 0.1
332 25 0.1
263 25 0.1
21 87 0.125
83 87 0.125
84 87 0.125
85 87 0.125
86 87 0.125
88 87 0.125
89 87 0.125
91 87 0.125
22 26 0.125
23 26 0.125
24 26 0.125
25 26 0.125
27 26 0.125
28 26 0.125
29 26 0.125
30 26 0.125
23 27 0.1
24 27 0.1
25 27 0.1
26 27 0.1
28 27 0.1
29 27 0.1
30 27 0.1
31 27 0.1
338 27 0.1
385 27 0.1
23 392 0.125
388 392 0.125
389 392 0.125
390 392 0.125
391 392 0.125
394 392 0.125
395 392 0.125
396 392 0.125
24 28 0.125
25 28 0.125
26 28 0.125
27 28 0.125
29 28 0.125
30 28 0.125
31 28 0.125
32 28 0.125
24 379 0.125
375 379 0.125
376 379 0.125
377 379 0.125
378 379 0.125
380 379 0.125
382 379 0.125
383 379 0.125
24 98 0.125
94 98 0.125
95 98 0.125
96 98 0.125
97 98 0.125
99 98 0.125
100 98 0.125
102 98 0.125
25 29 0.1
26 29 0.1
27 29 0.1
28 29 0.1
30 29 0.1
31 29 0.1
32 29 0.1
33 29 0.1
291 29 0.1
413 29 0.1
25 332 0.142857
212 332 0.142857
329 332 0.142857
330 332 0.142857
331 332 0.142857
335 332 0.142857
336 332 0.142857
25 263 0.125
112 263 0.125
259 263 0.125
260 263 0.125
261 263 0.125
262 263 0.125
267 263 0.125
405 263 0.125
26 30 0.125
27 30 0.125
28 30 0.125
29 30 0.125
32 30 0.125
33 30 0.125
34 30 0.125
322 30 0.125
27 31 0.142857
28 31 0.142857
29 31 0.142857
32 31 0.142857
33 31 0.142857
34 31 0.142857
35 31 0.142857
27 385 0.125
84 385 0.125
300 385 0.125
381 385 0.125
382 385 0.125
383 385 0.125
384 385 0.125
386 385 0.125
28 32 0.125
29 32 0.125
30 32 0.125
31 32 0.125
33 32 0.125
34 32 0.125
35 32 0.125
36 32 0.125
29 33 0.125
30 33 0.125
31 33 0.125
32 33 0.125
34 33 0.125
36 33 0.125
37 33 0.125
405 33 0.125
29 291 0.125
287 291 0.125
288 291 0.125
289 291 0.125
290 291 0.125
293 291 0.125
294 291 0.125
295 291 0.125
29 413 0.125
409 413 0.125
410 413 0.125
411 413 0.125
412 413 0.125
415 413 0.125
416 413 0.125
417 413 0.125
30 34 0.125
31 34 0.125
32 34 0.125
33 34 0.125
35 34 0.125
36 34 0.125
37 34 0.125
38 34 0.125
30 322 0.1
125 322 0.1
318 322 0.1
319 322 0.1
320 322 0.1
321 322 0.1
323 322 0.1
324 322 0.1
325 322 0.1
326 322 0.1
31 35 0.142857
32 35 0.142857
34 35 0.142857
37 35 0.142857
38 35 0.142857
192 35 0.142857
240 35 0.142857
32 36 0.142857
33 36 0.142857
34 36 0.142857
39 36 0.142857
40 36 0.142857
311 36 0.142857
150 36 0.142857
33 37 0.142857
34 37 0.142857
35 37 0.142857
38 37 0.142857
39 37 0.142857
40 37 0.142857
41 37 0.142857
33 405 0.111111
263 405 0.111111
402 405 0.111111
403 405 0.111111
404 405 0.111111
406 405 0.111111
407 405 0.111111
408 405 0.111111
409 405 0.111111
34 38 0.142857
35 38 0.142857
37 38 0.142857
39 38 0.142857
40 38 0.142857
41 38 0.142857
42 38 0.142857
35 192 0.125
189 192 0.125
190 192 0.125
191 192 0.125
193 192 0.125
194 192 0.125
195 192 0.125
196 192 0.125
35 240 0.111111
236 240 0.111111
237 240 0.111111
238 240 0.111111
239 240 0.111111
241 240 0.111111
242 240 0.111111
243 240 0.111111
244 240 0.111111
36 39 0.142857
37 39 0.142857
38 39 0.142857
40 39 0.142857
41 39 0.142857
42 39 0.142857
315 39 0.142857
36 40 0.125
37 40 0.125
38 40 0.125
39 40 0.125
42 40 0.125
43 40 0.125
348 40 0.125
80 40 0.125
36 311 0.111111
307 311 0.111111
308 311 0.111111
309 311 0.111111
310 311 0.111111
312 311 0.111111
313 311 0.111111
314 311 0.111111
315 311 0.111111
36 150 0.111111
146 150 0.111111
147 150 0.111111
148 150 0.111111
149 150 0.111111
151 150 0.111111
152 150 0.111111
153 150 0.111111
154 150 0.111111
37 41 0.142857
38 41 0.142857
39 41 0.142857
42 41 0.142857
43 41 0.142857
45 41 0.142857
309 41 0.142857
38 42 0.125
39 42 0.125
40 42 0.125
41 42 0.125
43 42 0.125
44 42 0.125
45 42 0.125
46 42 0.125
39 315 0.111111
311 315 0.111111
312 315 0.111111
313 315 0.111111
314 315 0.111111
316 315 0.111111
317 315 0.111111
318 315 0.111111
319 315 0.111111
40 43 0.142857
41 43 0.142857
42 43 0.142857
45 43 0.142857
46 43 0.142857
47 43 0.142857
213 43 0.142857
40 348 0.125
344 348 0.125
345 348 0.125
347 348 0.125
349 348 0.125
350 348 0.125
351 348 0.125
352 348 0.125
40 80 0.111111
76 80 0.111111
77 80 0.111111
78 80 0.111111
79 80 0.111111
81 80 0.111111
83 80 0.111111
84 80 0.111111
237 80 0.111111
41 45 0.125
42 45 0.125
43 45 0.125
44 45 0.125
46 45 0.125
47 45 0.125
48 45 0.125
49 45 0.125
41 309 0.111111
305 309 0.111111
306 309 0.111111
307 309 0.111111
308 309 0.111111
310 309 0.111111
311 309 0.111111
312 309 0.111111
313 309 0.111111
42 44 0.2
45 44 0.2
46 44 0.2
47 44 0.2
333 44 0.2
42 46 0.125
43 46 0.125
44 46 0.125
45 46 0.125
47 46 0.125
48 46 0.125
49 46 0.125
55 46 0.125
43 47 0.125
44 47 0.125
45 47 0.125
46 47 0.125
48 47 0.125
49 47 0.125
50 47 0.125
51 47 0.125
43 213 0.1
92 213 0.1
209 213 0.1
210 213 0.1
211 213 0.1
212 213 0.1
214 213 0.1
215 213 0.1
216 213 0.1
217 213 0.1
44 333 0.142857
329 333 0.142857
331 333 0.142857
334 333 0.142857
335 333 0.142857
336 333 0.142857
337 333 0.142857
45 48 0.125
46 48 0.125
47 48 0.125
49 48 0.125
50 48 0.125
51 48 0.125
58 48 0.125
397 48 0.125
45 49 0.125
46 49 0.125
47 49 0.125
48 49 0.125
50 49 0.125
51 49 0.125
52 49 0.125
53 49 0.125
46 55 0.111111
51 55 0.111111
52 55 0.111111
53 55 0.111111
54 55 0.111111
56 55 0.111111
57 55 0.111111
58 55 0.111111
59 55 0.111111
47 50 0.142857
48 50 0.142857
49 50 0.142857
51 50 0.142857
52 50 0.142857
53 50 0.142857
142 50 0.142857
47 51 0.125
48 51 0.125
49 51 0.125
50 51 0.125
52 51 0.125
53 51 0.125
54 51 0.125
55 51 0.125
48 58 0.125
54 58 0.125
55 58 0.125
56 58 0.125
57 58 0.125
59 58 0.125
60 58 0.125
62 58 0.125
48 397 0.1
251 397 0.1
393 397 0.1
394 397 0.1
395 397 0.1
396 397 0.1
398 397 0.1
399 397 0.1
400 397 0.1
401 397 0.1
49 52 0.142857
50 52 0.142857
51 52 0.142857
53 52 0.142857
54 52 0.142857
55 52 0.142857
56 52 0.142857
49 53 0.125
50 53 0.125
51 53 0.125
52 53 0.125
54 53 0.125
55 53 0.125
56 53 0.125
57 53 0.125
50 142 0.1
138 142 0.1
139 142 0.1
140 142 0.1
141 142 0.1
143 142 0.1
144 142 0.1
145 142 0.1
146 142 0.1
225 142 0.1
51 54 0.125
52 54 0.125
53 54 0.125
55 54 0.125
56 54 0.125
58 54 0.125
115 54 0.125
266 54 0.125
52 56 0.125
53 56 0.125
54 56 0.125
55 56 0.125
57 56 0.125
58 56 0.125
59 56 0.125
60 56 0.125
53 57 0.142857
55 57 0.142857
56 57 0.142857
58 57 0.142857
59 57 0.142857
61 57 0.142857
145 57 0.142857
54 115 0.1
111 115 0.1
112 115 0.1
113 115 0.1
114 115 0.1
117 115 0.1
118 115 0.1
119 115 0.1
361 115 0.1
199 115 0.1
54 266 0.125
262 266 0.125
264 266 0.125
265 266 0.125
267 266 0.125
268 266 0.125
269 266 0.125
270 266 0.125
55 59 0.125
56 59 0.125
57 59 0.125
58 59 0.125
60 59 0.125
61 59 0.125
62 59 0.125
63 59 0.125
56 60 0.125
58 60 0.125
59 60 0.125
61 60 0.125
62 60 0.125
63 60 0.125
64 60 0.125
330 60 0.125
57 61 0.142857
59 61 0.142857
60 61 0.142857
62 61 0.142857
63 61 0.142857
64 61 0.142857
65 61 0.142857
57 145 0.111111
141 145 0.111111
142 145 0.111111
143 145 0.111111
144 145 0.111111
147 145 0.111111
148 145 0.111111
149 145 0.111111
371 145 0.111111
58 62 0.125
59 62 0.125
60 62 0.125
61 62 0.125
63 62 0.125
64 62 0.125
65 62 0.125
66 62 0.125
59 63 0.125
60 63 0.125
61 63 0.125
62 63 0.125
64 63 0.125
65 63 0.125
66 63 0.125
394 63 0.125
60 64 0.125
61 64 0.125
62 64 0.125
63 64 0.125
65 64 0.125
66 64 0.125
67 64 0.125
68 64 0.125
60 330 0.125
326 330 0.125
327 330 0.125
328 330 0.125
329 330 0.125
331 330 0.125
332 330 0.125
334 330 0.125
61 65 0.125
62 65 0.125
63 65 0.125
64 65 0.125
67 65 0.125
68 65 0.125
234 65 0.125
394 65 0.125
62 66 0.142857
63 66 0.142857
64 66 0.142857
67 66 0.142857
68 66 0.142857
69 66 0.142857
70 66 0.142857
63 394 0.111111
65 394 0.111111
390 394 0.111111
391 394 0.111111
392 394 0.111111
395 394 0.111111
396 394 0.111111
397 394 0.111111
398 394 0.111111
64 67 0.142857
65 67 0.142857
66 67 0.142857
68 67 0.142857
69 67 0.142857
71 67 0.142857
120 67 0.142857
64 68 0.125
65 68 0.125
66 68 0.125
67 68 0.125
69 68 0.125
70 68 0.125
71 68 0.125
72 68 0.125
65 234 0.111111
230 234 0.111111
231 234 0.111111
232 234 0.111111
233 234 0.111111
235 234 0.111111
236 234 0.111111
237 234 0.111111
238 234 0.111111
66 69 0.142857
67 69 0.142857
68 69 0.142857
70 69 0.142857
71 69 0.142857
72 69 0.142857
73 69 0.142857
66 70 0.125
68 70 0.125
69 70 0.125
71 70 0.125
72 70 0.125
73 70 0.125
74 70 0.125
346 70 0.125
67 71 0.125
68 71 0.125
69 71 0.125
70 71 0.125
72 71 0.125
73 71 0.125
75 71 0.125
193 71 0.125
67 120 0.142857
117 120 0.142857
119 120 0.142857
121 120 0.142857
122 120 0.142857
123 120 0.142857
124 120 0.142857
68 72 0.125
69 72 0.125
70 72 0.125
71 72 0.125
73 72 0.125
74 72 0.125
75 72 0.125
76 72 0.125
69 73 0.125
70 73 0.125
71 73 0.125
72 73 0.125
74 73 0.125
75 73 0.125
76 73 0.125
77 73 0.125
70 74 0.142857
72 74 0.142857
73 74 0.142857
75 74 0.142857
76 74 0.142857
77 74 0.142857
78 74 0.142857
70 346 0.125
342 346 0.125
343 346 0.125
344 346 0.125
345 346 0.125
347 346 0.125
349 346 0.125
350 346 0.125
71 75 0.125
72 75 0.125
73 75 0.125
74 75 0.125
76 75 0.125
77 75 0.125
78 75 0.125
79 75 0.125
71 193 0.111111
189 193 0.111111
190 193 0.111111
191 193 0.111111
192 193 0.111111
194 193 0.111111
195 193 0.111111
196 193 0.111111
197 193 0.111111
72 76 0.111111
73 76 0.111111
74 76 0.111111
75 76 0.111111
77 76 0.111111
78 76 0.111111
79 76 0.111111
80 76 0.111111
384 76 0.111111
73 77 0.125
74 77 0.125
75 77 0.125
76 77 0.125
78 77 0.125
80 77 0.125
81 77 0.125
216 77 0.125
74 78 0.125
75 78 0.125
76 78 0.125
77 78 0.125
79 78 0.125
80 78 0.125
81 78 0.125
82 78 0.125
75 79 0.111111
76 79 0.111111
78 79 0.111111
80 79 0.111111
81 79 0.111111
82 79 0.111111
83 79 0.111111
186 79 0.111111
222 79 0.111111
76 384 0.125
380 384 0.125
381 384 0.125
382 384 0.125
383 384 0.125
385 384 0.125
386 384 0.125
387 384 0.125
77 81 0.125
78 81 0.125
79 81 0.125
80 81 0.125
82 81 0.125
83 81 0.125
84 81 0.125
85 81 0.125
77 216 0.111111
212 216 0.111111
213 216 0.111111
214 216 0.111111
215 216 0.111111
218 216 0.111111
219 216 0.111111
220 216 0.111111
226 216 0.111111
78 82 0.142857
79 82 0.142857
81 82 0.142857
83 82 0.142857
85 82 0.142857
86 82 0.142857
292 82 0.142857
79 83 0.125
80 83 0.125
81 83 0.125
82 83 0.125
84 83 0.125
85 83 0.125
86 83 0.125
87 83 0.125
79 186 0.111111
182 186 0.111111
183 186 0.111111
184 186 0.111111
185 186 0.111111
188 186 0.111111
189 186 0.111111
190 186 0.111111
323 186 0.111111
79 222 0.125
102 222 0.125
218 222 0.125
219 222 0.125
220 222 0.125
221 222 0.125
223 222 0.125
224 222 0.125
80 84 0.125
81 84 0.125
83 84 0.125
85 84 0.125
86 84 0.125
87 84 0.125
88 84 0.125
385 84 0.125
80 237 0.111111
233 237 0.111111
234 237 0.111111
235 237 0.111111
236 237 0.111111
238 237 0.111111
239 237 0.111111
240 237 0.111111
241 237 0.111111
81 85 0.125
82 85 0.125
83 85 0.125
84 85 0.125
86 85 0.125
87 85 0.125
88 85 0.125
360 85 0.125
82 86 0.125
83 86 0.125
84 86 0.125
85 86 0.125
87 86 0.125
88 86 0.125
89 86 0.125
90 86 0.125
84 88 0.125
85 88 0.125
86 88 0.125
87 88 0.125
89 88 0.125
90 88 0.125
91 88 0.125
92 88 0.125
86 89 0.142857
87 89 0.142857
88 89 0.142857
90 89 0.142857
92 89 0.142857
93 89 0.142857
404 89 0.142857
86 90 0.142857
88 90 0.142857
89 90 0.142857
92 90 0.142857
93 90 0.142857
94 90 0.142857
268 90 0.142857
87 91 0.166667
88 91 0.166667
92 91 0.166667
93 91 0.166667
94 91 0.166667
95 91 0.166667
88 92 0.125
89 92 0.125
90 92 0.125
91 92 0.125
93 92 0.125
94 92 0.125
95 92 0.125
213 92 0.125
89 93 0.125
90 93 0.125
91 93 0.125
92 93 0.125
94 93 0.125
95 93 0.125
97 93 0.125
358 93 0.125
89 404 0.111111
203 404 0.111111
400 404 0.111111
401 404 0.111111
402 404 0.111111
403 404 0.111111
405 404 0.111111
406 404 0.111111
407 404 0.111111
90 94 0.125
91 94 0.125
92 94 0.125
93 94 0.125
95 94 0.125
96 94 0.125
97 94 0.125
98 94 0.125
90 268 0.1
229 268 0.1
264 268 0.1
265 268 0.1
266 268 0.1
267 268 0.1
269 268 0.1
270 268 0.1
271 268 0.1
272 268 0.1
91 95 0.111111
92 95 0.111111
93 95 0.111111
94 95 0.111111
96 95 0.111111
97 95 0.111111
98 95 0.111111
108 95 0.111111
211 95 0.111111
93 97 0.125
94 97 0.125
95 97 0.125
96 97 0.125
98 97 0.125
99 97 0.125
101 97 0.125
257 97 0.125
93 358 0.111111
354 358 0.111111
355 358 0.111111
356 358 0.111111
357 358 0.111111
359 358 0.111111
360 358 0.111111
361 358 0.111111
362 358 0.111111
94 96 0.166667
95 96 0.166667
97 96 0.166667
98 96 0.166667
99 96 0.166667
100 96 0.166667
95 108 0.142857
105 108 0.142857
106 108 0.142857
107 108 0.142857
109 108 0.142857
111 108 0.142857
112 108 0.142857
95 211 0.125
207 211 0.125
208 211 0.125
209 211 0.125
212 211 0.125
213 211 0.125
214 211 0.125
215 211 0.125
96 99 0.142857
97 99 0.142857
98 99 0.142857
100 99 0.142857
101 99 0.142857
102 99 0.142857
103 99 0.142857
96 100 0.142857
98 100 0.142857
99 100 0.142857
101 100 0.142857
102 100 0.142857
103 100 0.142857
104 100 0.142857
97 257 0.1
253 257 0.1
254 257 0.1
255 257 0.1
256 257 0.1
258 257 0.1
259 257 0.1
260 257 0.1
261 257 0.1
407 257 0.1
98 102 0.111111
99 102 0.111111
100 102 0.111111
101 102 0.111111
103 102 0.111111
105 102 0.111111
106 102 0.111111
146 102 0.111111
222 102 0.111111
99 103 0.125
100 103 0.125
101 103 0.125
102 103 0.125
104 103 0.125
105 103 0.125
106 103 0.125
107 103 0.125
100 104 0.142857
101 104 0.142857
103 104 0.142857
105 104 0.142857
106 104 0.142857
107 104 0.142857
162 104 0.142857
101 105 0.111111
102 105 0.111111
103 105 0.111111
104 105 0.111111
106 105 0.111111
107 105 0.111111
108 105 0.111111
356 105 0.111111
275 105 0.111111
102 106 0.125
103 106 0.125
104 106 0.125
105 106 0.125
107 106 0.125
108 106 0.125
109 106 0.125
110 106 0.125
102 146 0.142857
142 146 0.142857
143 146 0.142857
147 146 0.142857
148 146 0.142857
149 146 0.142857
150 146 0.142857
103 107 0.125
104 107 0.125
105 107 0.125
106 107 0.125
108 107 0.125
109 107 0.125
110 107 0.125
111 107 0.125
104 162 0.1
158 162 0.1
159 162 0.1
160 162 0.1
161 162 0.1
163 162 0.1
164 162 0.1
165 162 0.1
166 162 0.1
391 162 0.1
105 356 0.111111
302 356 0.111111
352 356 0.111111
353 356 0.111111
354 356 0.111111
355 356 0.111111
357 356 0.111111
358 356 0.111111
360 356 0.111111
105 275 0.111111
271 275 0.111111
273 275 0.111111
274 275 0.111111
276 275 0.111111
277 275 0.111111
278 275 0.111111
279 275 0.111111
295 275 0.111111
106 109 0.142857
107 109 0.142857
108 109 0.142857
110 109 0.142857
112 109 0.142857
113 109 0.142857
204 109 0.142857
106 110 0.142857
107 110 0.142857
109 110 0.142857
111 110 0.142857
112 110 0.142857
113 110 0.142857
114 110 0.142857
107 111 0.142857
108 111 0.142857
110 111 0.142857
112 111 0.142857
113 111 0.142857
114 111 0.142857
115 111 0.142857
109 204 0.125
179 204 0.125
200 204 0.125
202 204 0.125
205 204 0.125
207 204 0.125
208 204 0.125
206 204 0.125
110 114 0.125
111 114 0.125
112 114 0.125
115 114 0.125
116 114 0.125
117 114 0.125
118 114 0.125
126 114 0.125
113 117 0.125
114 117 0.125
115 117 0.125
116 117 0.125
118 117 0.125
120 117 0.125
319 117 0.125
187 117 0.125
114 118 0.125
115 118 0.125
116 118 0.125
117 118 0.125
119 118 0.125
121 118 0.125
122 118 0.125
377 118 0.125
114 126 0.142857
123 126 0.142857
124 126 0.142857
125 126 0.142857
129 126 0.142857
130 126 0.142857
326 126 0.142857
115 119 0.125
116 119 0.125
118 119 0.125
120 119 0.125
121 119 0.125
122 119 0.125
123 119 0.125
260 119 0.125
115 361 0.111111
200 361 0.111111
357 361 0.111111
358 361 0.111111
359 361 0.111111
360 361 0.111111
363 361 0.111111
364 361 0.111111
365 361 0.111111
115 199 0.125
195 199 0.125
196 199 0.125
197 199 0.125
198 199 0.125
200 199 0.125
201 199 0.125
203 199 0.125
117 319 0.111111
315 319 0.111111
316 319 0.111111
317 319 0.111111
318 319 0.111111
320 319 0.111111
321 319 0.111111
322 319 0.111111
323 319 0.111111
117 187 0.142857
184 187 0.142857
185 187 0.142857
189 187 0.142857
190 187 0.142857
191 187 0.142857
312 187 0.142857
118 121 0.125
119 121 0.125
120 121 0.125
122 121 0.125
123 121 0.125
124 121 0.125
125 121 0.125
297 121 0.125
118 122 0.125
119 122 0.125
120 122 0.125
121 122 0.125
123 122 0.125
124 122 0.125
125 122 0.125
226 122 0.125
118 377 0.1
328 377 0.1
371 377 0.1
373 377 0.1
375 377 0.1
376 377 0.1
378 377 0.1
379 377 0.1
380 377 0.1
381 377 0.1
119 123 0.111111
120 123 0.111111
121 123 0.111111
122 123 0.111111
124 123 0.111111
125 123 0.111111
126 123 0.111111
127 123 0.111111
173 123 0.111111
119 260 0.125
256 260 0.125
257 260 0.125
258 260 0.125
259 260 0.125
261 260 0.125
263 260 0.125
264 260 0.125
120 124 0.111111
121 124 0.111111
122 124 0.111111
123 124 0.111111
125 124 0.111111
126 124 0.111111
127 124 0.111111
128 124 0.111111
170 124 0.111111
121 125 0.125
122 125 0.125
123 125 0.125
124 125 0.125
126 125 0.125
127 125 0.125
129 125 0.125
322 125 0.125
121 297 0.125
293 297 0.125
294 297 0.125
295 297 0.125
296 297 0.125
299 297 0.125
300 297 0.125
301 297 0.125
122 226 0.142857
216 226 0.142857
223 226 0.142857
227 226 0.142857
228 226 0.142857
229 226 0.142857
230 226 0.142857
123 127 0.125
124 127 0.125
125 127 0.125
128 127 0.125
129 127 0.125
130 127 0.125
131 127 0.125
415 127 0.125
123 173 0.142857
169 173 0.142857
171 173 0.142857
172 173 0.142857
174 173 0.142857
175 173 0.142857
176 173 0.142857
124 128 0.166667
127 128 0.166667
129 128 0.166667
130 128 0.166667
131 128 0.166667
132 128 0.166667
124 170 0.125
166 170 0.125
167 170 0.125
168 170 0.125
169 170 0.125
171 170 0.125
172 170 0.125
174 170 0.125
125 129 0.125
126 129 0.125
127 129 0.125
128 129 0.125
130 129 0.125
131 129 0.125
132 129 0.125
133 129 0.125
126 130 0.125
127 130 0.125
128 130 0.125
129 130 0.125
131 130 0.125
132 130 0.125
133 130 0.125
134 130 0.125
126 326 0.125
322 326 0.125
324 326 0.125
325 326 0.125
327 326 0.125
328 326 0.125
329 326 0.125
330 326 0.125
127 415 0.125
411 415 0.125
412 415 0.125
413 415 0.125
414 415 0.125
416 415 0.125
417 415 0.125
418 415 0.125
128 132 0.125
129 132 0.125
130 132 0.125
131 132 0.125
133 132 0.125
134 132 0.125
135 132 0.125
136 132 0.125
129 133 0.125
130 133 0.125
131 133 0.125
132 133 0.125
134 133 0.125
135 133 0.125
136 133 0.125
137 133 0.125
130 134 0.125
131 134 0.125
132 134 0.125
133 134 0.125
135 134 0.125
136 134 0.125
137 134 0.125
138 134 0.125
132 135 0.142857
133 135 0.142857
134 135 0.142857
136 135 0.142857
137 135 0.142857
138 135 0.142857
139 135 0.142857
132 136 0.125
133 136 0.125
134 136 0.125
135 136 0.125
137 136 0.125
138 136 0.125
139 136 0.125
140 136 0.125
133 137 0.125
134 137 0.125
135 137 0.125
136 137 0.125
138 137 0.125
139 137 0.125
140 137 0.125
141 137 0.125
134 138 0.125
135 138 0.125
136 138 0.125
137 138 0.125
139 138 0.125
140 138 0.125
141 138 0.125
142 138 0.125
135 139 0.111111
136 139 0.111111
137 139 0.111111
138 139 0.111111
140 139 0.111111
141 139 0.111111
142 139 0.111111
143 139 0.111111
197 139 0.111111
136 140 0.125
137 140 0.125
138 140 0.125
139 140 0.125
141 140 0.125
142 140 0.125
143 140 0.125
144 140 0.125
137 141 0.111111
138 141 0.111111
139 141 0.111111
140 141 0.111111
142 141 0.111111
143 141 0.111111
144 141 0.111111
145 141 0.111111
272 141 0.111111
139 143 0.111111
140 143 0.111111
141 143 0.111111
142 143 0.111111
144 143 0.111111
145 143 0.111111
146 143 0.111111
147 143 0.111111
241 143 0.111111
139 197 0.111111
193 197 0.111111
194 197 0.111111
195 197 0.111111
196 197 0.111111
198 197 0.111111
199 197 0.111111
200 197 0.111111
224 197 0.111111
140 144 0.125
141 144 0.125
142 144 0.125
143 144 0.125
145 144 0.125
147 144 0.125
148 144 0.125
233 144 0.125
141 272 0.125
268 272 0.125
269 272 0.125
270 272 0.125
271 272 0.125
273 272 0.125
274 272 0.125
276 272 0.125
142 225 0.166667
221 225 0.166667
223 225 0.166667
227 225 0.166667
228 225 0.166667
253 225 0.166667
143 147 0.125
144 147 0.125
145 147 0.125
146 147 0.125
148 147 0.125
149 147 0.125
150 147 0.125
151 147 0.125
143 241 0.125
198 241 0.125
237 241 0.125
238 241 0.125
239 241 0.125
240 241 0.125
244 241 0.125
245 241 0.125
144 148 0.125
145 148 0.125
146 148 0.125
147 148 0.125
149 148 0.125
150 148 0.125
151 148 0.125
152 148 0.125
144 233 0.111111
229 233 0.111111
230 233 0.111111
231 233 0.111111
232 233 0.111111
234 233 0.111111
235 233 0.111111
236 233 0.111111
237 233 0.111111
145 149 0.125
146 149 0.125
147 149 0.125
148 149 0.125
150 149 0.125
151 149 0.125
153 149 0.125
373 149 0.125
145 371 0.111111
367 371 0.111111
368 371 0.111111
369 371 0.111111
370 371 0.111111
372 371 0.111111
373 371 0.111111
374 371 0.111111
377 371 0.111111
147 151 0.125
148 151 0.125
149 151 0.125
150 151 0.125
152 151 0.125
153 151 0.125
154 151 0.125
155 151 0.125
148 152 0.142857
150 152 0.142857
151 152 0.142857
153 152 0.142857
154 152 0.142857
155 152 0.142857
156 152 0.142857
149 153 0.125
150 153 0.125
151 153 0.125
152 153 0.125
154 153 0.125
155 153 0.125
157 153 0.125
389 153 0.125
149 373 0.111111
369 373 0.111111
370 373 0.111111
371 373 0.111111
372 373 0.111111
374 373 0.111111
375 373 0.111111
376 373 0.111111
377 373 0.111111
150 154 0.125
151 154 0.125
152 154 0.125
153 154 0.125
155 154 0.125
156 154 0.125
157 154 0.125
158 154 0.125
151 155 0.111111
152 155 0.111111
153 155 0.111111
154 155 0.111111
156 155 0.111111
157 155 0.111111
158 155 0.111111
159 155 0.111111
402 155 0.111111
152 156 0.142857
154 156 0.142857
155 156 0.142857
157 156 0.142857
158 156 0.142857
159 156 0.142857
160 156 0.142857
153 157 0.1
154 157 0.1
155 157 0.1
156 157 0.1
158 157 0.1
159 157 0.1
161 157 0.1
288 157 0.1
347 157 0.1
215 157 0.1
154 158 0.111111
155 158 0.111111
156 158 0.111111
157 158 0.111111
159 158 0.111111
160 158 0.111111
161 158 0.111111
162 158 0.111111
324 158 0.111111
155 159 0.111111
156 159 0.111111
157 159 0.111111
158 159 0.111111
160 159 0.111111
162 159 0.111111
163 159 0.111111
402 159 0.111111
416 159 0.111111
155 402 0.125
159 402 0.125
398 402 0.125
399 402 0.125
400 402 0.125
401 402 0.125
404 402 0.125
405 402 0.125
156 160 0.125
158 160 0.125
159 160 0.125
161 160 0.125
162 160 0.125
163 160 0.125
164 160 0.125
175 160 0.125
157 161 0.142857
158 161 0.142857
160 161 0.142857
162 161 0.142857
163 161 0.142857
164 161 0.142857
165 161 0.142857
157 288 0.125
284 288 0.125
285 288 0.125
286 288 0.125
287 288 0.125
290 288 0.125
291 288 0.125
292 288 0.125
157 347 0.111111
209 347 0.111111
343 347 0.111111
344 347 0.111111
345 347 0.111111
346 347 0.111111
348 347 0.111111
350 347 0.111111
351 347 0.111111
157 215 0.111111
211 215 0.111111
212 215 0.111111
213 215 0.111111
214 215 0.111111
216 215 0.111111
217 215 0.111111
218 215 0.111111
219 215 0.111111
158 324 0.125
320 324 0.125
321 324 0.125
322 324 0.125
323 324 0.125
325 324 0.125
326 324 0.125
328 324 0.125
159 163 0.125
160 163 0.125
161 163 0.125
162 163 0.125
164 163 0.125
165 163 0.125
166 163 0.125
167 163 0.125
160 164 0.125
161 164 0.125
162 164 0.125
163 164 0.125
165 164 0.125
166 164 0.125
167 164 0.125
168 164 0.125
160 175 0.125
171 175 0.125
172 175 0.125
173 175 0.125
174 175 0.125
177 175 0.125
178 175 0.125
179 175 0.125
161 165 0.125
162 165 0.125
163 165 0.125
164 165 0.125
167 165 0.125
168 165 0.125
169 165 0.125
378 165 0.125
162 166 0.142857
163 166 0.142857
164 166 0.142857
167 166 0.142857
168 166 0.142857
169 166 0.142857
170 166 0.142857
162 391 0.166667
387 391 0.166667
390 391 0.166667
392 391 0.166667
393 391 0.166667
394 391 0.166667
163 167 0.125
164 167 0.125
165 167 0.125
166 167 0.125
168 167 0.125
169 167 0.125
170 167 0.125
171 167 0.125
164 168 0.125
165 168 0.125
166 168 0.125
167 168 0.125
169 168 0.125
170 168 0.125
171 168 0.125
172 168 0.125
165 169 0.125
166 169 0.125
167 169 0.125
168 169 0.125
170 169 0.125
171 169 0.125
172 169 0.125
173 169 0.125
165 378 0.111111
374 378 0.111111
375 378 0.111111
376 378 0.111111
377 378 0.111111
379 378 0.111111
380 378 0.111111
381 378 0.111111
382 378 0.111111
167 171 0.125
168 171 0.125
169 171 0.125
170 171 0.125
173 171 0.125
174 171 0.125
175 171 0.125
343 171 0.125
168 172 0.142857
169 172 0.142857
170 172 0.142857
173 172 0.142857
174 172 0.142857
175 172 0.142857
176 172 0.142857
170 174 0.125
171 174 0.125
172 174 0.125
173 174 0.125
175 174 0.125
176 174 0.125
177 174 0.125
178 174 0.125
171 343 0.111111
339 343 0.111111
340 343 0.111111
341 343 0.111111
342 343 0.111111
344 343 0.111111
345 343 0.111111
346 343 0.111111
347 343 0.111111
172 176 0.125
173 176 0.125
174 176 0.125
177 176 0.125
178 176 0.125
179 176 0.125
180 176 0.125
232 176 0.125
174 177 0.125
175 177 0.125
176 177 0.125
178 177 0.125
180 177 0.125
181 177 0.125
327 177 0.125
365 177 0.125
174 178 0.111111
175 178 0.111111
176 178 0.111111
177 178 0.111111
179 178 0.111111
180 178 0.111111
181 178 0.111111
182 178 0.111111
351 178 0.111111
175 179 0.125
176 179 0.125
178 179 0.125
180 179 0.125
181 179 0.125
182 179 0.125
183 179 0.125
204 179 0.125
176 180 0.125
177 180 0.125
178 180 0.125
179 180 0.125
181 180 0.125
182 180 0.125
183 180 0.125
184 180 0.125
176 232 0.142857
228 232 0.142857
230 232 0.142857
231 232 0.142857
233 232 0.142857
234 232 0.142857
236 232 0.142857
177 181 0.125
178 181 0.125
179 181 0.125
180 181 0.125
182 181 0.125
183 181 0.125
184 181 0.125
185 181 0.125
177 327 0.125
323 327 0.125
325 327 0.125
326 327 0.125
328 327 0.125
329 327 0.125
330 327 0.125
331 327 0.125
177 365 0.125
337 365 0.125
361 365 0.125
362 365 0.125
363 365 0.125
364 365 0.125
366 365 0.125
368 365 0.125
178 182 0.111111
179 182 0.111111
180 182 0.111111
181 182 0.111111
183 182 0.111111
184 182 0.111111
185 182 0.111111
186 182 0.111111
188 182 0.111111
178 351 0.142857
347 351 0.142857
348 351 0.142857
349 351 0.142857
353 351 0.142857
354 351 0.142857
355 351 0.142857
179 183 0.111111
180 183 0.111111
181 183 0.111111
182 183 0.111111
184 183 0.111111
185 183 0.111111
186 183 0.111111
210 183 0.111111
372 183 0.111111
180 184 0.125
181 184 0.125
182 184 0.125
183 184 0.125
185 184 0.125
186 184 0.125
187 184 0.125
188 184 0.125
181 185 0.111111
182 185 0.111111
183 185 0.111111
184 185 0.111111
186 185 0.111111
187 185 0.111111
188 185 0.111111
189 185 0.111111
208 185 0.111111
182 188 0.142857
184 188 0.142857
185 188 0.142857
186 188 0.142857
190 188 0.142857
191 188 0.142857
349 188 0.142857
183 210 0.166667
206 210 0.166667
207 210 0.166667
212 210 0.166667
213 210 0.166667
214 210 0.166667
183 372 0.111111
368 372 0.111111
369 372 0.111111
370 372 0.111111
371 372 0.111111
373 372 0.111111
374 372 0.111111
375 372 0.111111
376 372 0.111111
185 189 0.142857
186 189 0.142857
187 189 0.142857
190 189 0.142857
191 189 0.142857
192 189 0.142857
193 189 0.142857
185 208 0.125
204 208 0.125
205 208 0.125
206 208 0.125
207 208 0.125
209 208 0.125
211 208 0.125
212 208 0.125
186 190 0.125
187 190 0.125
188 190 0.125
189 190 0.125
191 190 0.125
192 190 0.125
193 190 0.125
194 190 0.125
186 323 0.125
319 323 0.125
320 323 0.125
321 323 0.125
322 323 0.125
324 323 0.125
325 323 0.125
327 323 0.125
187 191 0.125
188 191 0.125
189 191 0.125
190 191 0.125
192 191 0.125
193 191 0.125
194 191 0.125
195 191 0.125
187 312 0.111111
308 312 0.111111
309 312 0.111111
310 312 0.111111
311 312 0.111111
313 312 0.111111
314 312 0.111111
315 312 0.111111
316 312 0.111111
188 349 0.111111
207 349 0.111111
345 349 0.111111
346 349 0.111111
348 349 0.111111
350 349 0.111111
351 349 0.111111
352 349 0.111111
353 349 0.111111
190 194 0.125
191 194 0.125
192 194 0.125
193 194 0.125
195 194 0.125
196 194 0.125
197 194 0.125
198 194 0.125
191 195 0.125
192 195 0.125
193 195 0.125
194 195 0.125
196 195 0.125
197 195 0.125
198 195 0.125
199 195 0.125
192 196 0.125
193 196 0.125
194 196 0.125
195 196 0.125
197 196 0.125
198 196 0.125
199 196 0.125
200 196 0.125
194 198 0.111111
195 198 0.111111
196 198 0.111111
197 198 0.111111
199 198 0.111111
200 198 0.111111
201 198 0.111111
202 198 0.111111
241 198 0.111111
196 200 0.125
197 200 0.125
198 200 0.125
199 200 0.125
202 200 0.125
203 200 0.125
204 200 0.125
361 200 0.125
197 224 0.125
220 224 0.125
221 224 0.125
222 224 0.125
223 224 0.125
227 224 0.125
228 224 0.125
273 224 0.125
198 201 0.166667
199 201 0.166667
202 201 0.166667
203 201 0.166667
205 201 0.166667
294 201 0.166667
198 202 0.142857
200 202 0.142857
201 202 0.142857
203 202 0.142857
204 202 0.142857
205 202 0.142857
206 202 0.142857
199 203 0.111111
200 203 0.111111
201 203 0.111111
202 203 0.111111
205 203 0.111111
206 203 0.111111
207 203 0.111111
313 203 0.111111
404 203 0.111111
201 205 0.125
202 205 0.125
203 205 0.125
204 205 0.125
206 205 0.125
207 205 0.125
208 205 0.125
209 205 0.125
201 294 0.125
290 294 0.125
291 294 0.125
293 294 0.125
295 294 0.125
296 294 0.125
297 294 0.125
298 294 0.125
202 206 0.142857
203 206 0.142857
204 206 0.142857
205 206 0.142857
207 206 0.142857
208 206 0.142857
210 206 0.142857
203 207 0.125
204 207 0.125
205 207 0.125
206 207 0.125
208 207 0.125
210 207 0.125
211 207 0.125
349 207 0.125
203 313 0.111111
309 313 0.111111
310 313 0.111111
311 313 0.111111
312 313 0.111111
314 313 0.111111
315 313 0.111111
316 313 0.111111
317 313 0.111111
205 209 0.166667
208 209 0.166667
211 209 0.166667
212 209 0.166667
213 209 0.166667
347 209 0.166667
208 212 0.111111
209 212 0.111111
210 212 0.111111
211 212 0.111111
213 212 0.111111
214 212 0.111111
215 212 0.111111
216 212 0.111111
332 212 0.111111
213 217 0.125
214 217 0.125
215 217 0.125
218 217 0.125
219 217 0.125
220 217 0.125
221 217 0.125
393 217 0.125
214 218 0.125
215 218 0.125
216 218 0.125
217 218 0.125
219 218 0.125
220 218 0.125
221 218 0.125
222 218 0.125
215 219 0.125
216 219 0.125
217 219 0.125
218 219 0.125
220 219 0.125
221 219 0.125
222 219 0.125
223 219 0.125
216 220 0.125
217 220 0.125
218 220 0.125
219 220 0.125
221 220 0.125
222 220 0.125
223 220 0.125
224 220 0.125
217 221 0.125
218 221 0.125
219 221 0.125
220 221 0.125
222 221 0.125
223 221 0.125
224 221 0.125
225 221 0.125
217 393 0.142857
389 393 0.142857
390 393 0.142857
391 393 0.142857
395 393 0.142857
396 393 0.142857
397 393 0.142857
219 223 0.125
220 223 0.125
221 223 0.125
222 223 0.125
224 223 0.125
225 223 0.125
226 223 0.125
227 223 0.125
223 227 0.125
224 227 0.125
225 227 0.125
226 227 0.125
228 227 0.125
229 227 0.125
230 227 0.125
231 227 0.125
224 228 0.125
225 228 0.125
226 228 0.125
227 228 0.125
229 228 0.125
230 228 0.125
231 228 0.125
232 228 0.125
224 273 0.1
230 273 0.1
269 273 0.1
270 273 0.1
271 273 0.1
272 273 0.1
274 273 0.1
275 273 0.1
276 273 0.1
277 273 0.1
225 253 0.125
250 253 0.125
251 253 0.125
252 253 0.125
254 253 0.125
255 253 0.125
256 253 0.125
257 253 0.125
226 229 0.142857
227 229 0.142857
228 229 0.142857
230 229 0.142857
231 229 0.142857
233 229 0.142857
268 229 0.142857
226 230 0.125
227 230 0.125
228 230 0.125
229 230 0.125
232 230 0.125
233 230 0.125
234 230 0.125
273 230 0.125
227 231 0.142857
228 231 0.142857
229 231 0.142857
232 231 0.142857
233 231 0.142857
234 231 0.142857
235 231 0.142857
231 235 0.125
233 235 0.125
234 235 0.125
236 235 0.125
237 235 0.125
238 235 0.125
239 235 0.125
374 235 0.125
232 236 0.125
233 236 0.125
234 236 0.125
235 236 0.125
237 236 0.125
238 236 0.125
239 236 0.125
240 236 0.125
234 238 0.125
235 238 0.125
236 238 0.125
237 238 0.125
239 238 0.125
240 238 0.125
241 238 0.125
357 238 0.125
235 239 0.125
236 239 0.125
237 239 0.125
238 239 0.125
240 239 0.125
241 239 0.125
242 239 0.125
243 239 0.125
235 374 0.142857
371 374 0.142857
372 374 0.142857
373 374 0.142857
375 374 0.142857
376 374 0.142857
378 374 0.142857
238 357 0.111111
353 357 0.111111
354 357 0.111111
355 357 0.111111
356 357 0.111111
358 357 0.111111
359 357 0.111111
360 357 0.111111
361 357 0.111111
239 242 0.142857
240 242 0.142857
243 242 0.142857
244 242 0.142857
245 242 0.142857
246 242 0.142857
369 242 0.142857
239 243 0.142857
240 243 0.142857
242 243 0.142857
244 243 0.142857
245 243 0.142857
246 243 0.142857
247 243 0.142857
240 244 0.125
241 244 0.125
242 244 0.125
243 244 0.125
245 244 0.125
246 244 0.125
247 244 0.125
248 244 0.125
241 245 0.125
242 245 0.125
243 245 0.125
244 245 0.125
246 245 0.125
247 245 0.125
248 245 0.125
249 245 0.125
242 246 0.125
243 246 0.125
244 246 0.125
245 246 0.125
247 246 0.125
248 246 0.125
249 246 0.125
375 246 0.125
242 369 0.125
259 369 0.125
366 369 0.125
367 369 0.125
368 369 0.125
371 369 0.125
372 369 0.125
373 369 0.125
243 247 0.125
244 247 0.125
245 247 0.125
246 247 0.125
248 247 0.125
249 247 0.125
250 247 0.125
251 247 0.125
244 248 0.125
245 248 0.125
246 248 0.125
247 248 0.125
249 248 0.125
250 248 0.125
251 248 0.125
252 248 0.125
246 375 0.125
372 375 0.125
373 375 0.125
374 375 0.125
376 375 0.125
377 375 0.125
378 375 0.125
379 375 0.125
247 250 0.142857
248 250 0.142857
249 250 0.142857
251 250 0.142857
252 250 0.142857
253 250 0.142857
254 250 0.142857
247 251 0.125
248 251 0.125
249 251 0.125
250 251 0.125
252 251 0.125
253 251 0.125
255 251 0.125
397 251 0.125
248 252 0.111111
249 252 0.111111
250 252 0.111111
251 252 0.111111
253 252 0.111111
254 252 0.111111
255 252 0.111111
256 252 0.111111
370 252 0.111111
250 254 0.142857
252 254 0.142857
253 254 0.142857
255 254 0.142857
256 254 0.142857
257 254 0.142857
258 254 0.142857
251 255 0.125
252 255 0.125
253 255 0.125
254 255 0.125
256 255 0.125
257 255 0.125
258 255 0.125
259 255 0.125
252 256 0.125
253 256 0.125
254 256 0.125
255 256 0.125
257 256 0.125
258 256 0.125
259 256 0.125
260 256 0.125
252 370 0.166667
367 370 0.166667
368 370 0.166667
371 370 0.166667
372 370 0.166667
373 370 0.166667
254 258 0.125
255 258 0.125
256 258 0.125
257 258 0.125
259 258 0.125
260 258 0.125
261 258 0.125
262 258 0.125
255 259 0.125
256 259 0.125
257 259 0.125
258 259 0.125
260 259 0.125
263 259 0.125
369 259 0.125
282 259 0.125
257 261 0.142857
258 261 0.142857
260 261 0.142857
262 261 0.142857
263 261 0.142857
264 261 0.142857
265 261 0.142857
257 407 0.125
403 407 0.125
404 407 0.125
405 407 0.125
406 407 0.125
408 407 0.125
409 407 0.125
410 407 0.125
258 262 0.166667
261 262 0.166667
263 262 0.166667
264 262 0.166667
265 262 0.166667
266 262 0.166667
259 282 0.111111
278 282 0.111111
279 282 0.111111
280 282 0.111111
281 282 0.111111
283 282 0.111111
284 282 0.111111
285 282 0.111111
286 282 0.111111
260 264 0.142857
261 264 0.142857
262 264 0.142857
265 264 0.142857
266 264 0.142857
267 264 0.142857
268 264 0.142857
261 265 0.142857
262 265 0.142857
264 265 0.142857
266 265 0.142857
267 265 0.142857
268 265 0.142857
269 265 0.142857
263 267 0.125
264 267 0.125
265 267 0.125
266 267 0.125
268 267 0.125
269 267 0.125
270 267 0.125
271 267 0.125
265 269 0.125
266 269 0.125
267 269 0.125
268 269 0.125
270 269 0.125
271 269 0.125
272 269 0.125
273 269 0.125
266 270 0.125
267 270 0.125
268 270 0.125
269 270 0.125
271 270 0.125
272 270 0.125
273 270 0.125
274 270 0.125
267 271 0.125
268 271 0.125
269 271 0.125
270 271 0.125
272 271 0.125
273 271 0.125
274 271 0.125
275 271 0.125
270 274 0.111111
271 274 0.111111
272 274 0.111111
273 274 0.111111
275 274 0.111111
276 274 0.111111
277 274 0.111111
278 274 0.111111
303 274 0.111111
272 276 0.125
273 276 0.125
274 276 0.125
275 276 0.125
277 276 0.125
278 276 0.125
279 276 0.125
280 276 0.125
273 277 0.125
274 277 0.125
275 277 0.125
276 277 0.125
278 277 0.125
279 277 0.125
280 277 0.125
281 277 0.125
274 278 0.125
275 278 0.125
276 278 0.125
277 278 0.125
279 278 0.125
280 278 0.125
281 278 0.125
282 278 0.125
274 303 0.125
299 303 0.125
300 303 0.125
301 303 0.125
302 303 0.125
304 303 0.125
305 303 0.125
307 303 0.125
275 279 0.125
276 279 0.125
277 279 0.125
278 279 0.125
280 279 0.125
281 279 0.125
282 279 0.125
283 279 0.125
275 295 0.111111
291 295 0.111111
292 295 0.111111
293 295 0.111111
294 295 0.111111
297 295 0.111111
298 295 0.111111
299 295 0.111111
302 295 0.111111
276 280 0.125
277 280 0.125
278 280 0.125
279 280 0.125
281 280 0.125
282 280 0.125
283 280 0.125
284 280 0.125
277 281 0.125
278 281 0.125
279 281 0.125
280 281 0.125
282 281 0.125
283 281 0.125
284 281 0.125
285 281 0.125
279 283 0.125
280 283 0.125
281 283 0.125
282 283 0.125
284 283 0.125
285 283 0.125
286 283 0.125
287 283 0.125
280 284 0.125
281 284 0.125
282 284 0.125
283 284 0.125
285 284 0.125
286 284 0.125
287 284 0.125
288 284 0.125
281 285 0.125
282 285 0.125
283 285 0.125
284 285 0.125
286 285 0.125
287 285 0.125
288 285 0.125
289 285 0.125
282 286 0.125
283 286 0.125
284 286 0.125
285 286 0.125
287 286 0.125
288 286 0.125
289 286 0.125
290 286 0.125
283 287 0.125
284 287 0.125
285 287 0.125
286 287 0.125
288 287 0.125
289 287 0.125
290 287 0.125
291 287 0.125
285 289 0.142857
286 289 0.142857
287 289 0.142857
290 289 0.142857
291 289 0.142857
292 289 0.142857
293 289 0.142857
286 290 0.125
287 290 0.125
288 290 0.125
289 290 0.125
291 290 0.125
293 290 0.125
294 290 0.125
410 290 0.125
289 293 0.125
290 293 0.125
291 293 0.125
292 293 0.125
294 293 0.125
295 293 0.125
296 293 0.125
297 293 0.125
290 410 0.111111
406 410 0.111111
407 410 0.111111
408 410 0.111111
409 410 0.111111
411 410 0.111111
412 410 0.111111
413 410 0.111111
414 410 0.111111
292 296 0.142857
293 296 0.142857
294 296 0.142857
297 296 0.142857
298 296 0.142857
299 296 0.142857
300 296 0.142857
294 298 0.142857
295 298 0.142857
296 298 0.142857
299 298 0.142857
300 298 0.142857
301 298 0.142857
302 298 0.142857
295 299 0.125
296 299 0.125
297 299 0.125
298 299 0.125
300 299 0.125
301 299 0.125
302 299 0.125
303 299 0.125
295 302 0.125
298 302 0.125
299 302 0.125
300 302 0.125
301 302 0.125
303 302 0.125
305 302 0.125
356 302 0.125
296 300 0.111111
297 300 0.111111
298 300 0.111111
299 300 0.111111
301 300 0.111111
302 300 0.111111
303 300 0.111111
304 300 0.111111
385 300 0.111111
297 301 0.125
298 301 0.125
299 301 0.125
300 301 0.125
302 301 0.125
303 301 0.125
304 301 0.125
305 301 0.125
300 304 0.142857
301 304 0.142857
303 304 0.142857
305 304 0.142857
306 304 0.142857
307 304 0.142857
308 304 0.142857
301 305 0.125
302 305 0.125
303 305 0.125
304 305 0.125
306 305 0.125
307 305 0.125
308 305 0.125
309 305 0.125
303 307 0.125
304 307 0.125
305 307 0.125
306 307 0.125
308 307 0.125
309 307 0.125
310 307 0.125
311 307 0.125
304 306 0.166667
305 306 0.166667
307 306 0.166667
308 306 0.166667
309 306 0.166667
310 306 0.166667
304 308 0.125
305 308 0.125
306 308 0.125
307 308 0.125
309 308 0.125
310 308 0.125
311 308 0.125
312 308 0.125
306 310 0.125
307 310 0.125
308 310 0.125
309 310 0.125
311 310 0.125
312 310 0.125
313 310 0.125
314 310 0.125
310 314 0.111111
311 314 0.111111
312 314 0.111111
313 314 0.111111
315 314 0.111111
316 314 0.111111
317 314 0.111111
318 314 0.111111
364 314 0.111111
312 316 0.125
313 316 0.125
314 316 0.125
315 316 0.125
317 316 0.125
318 316 0.125
319 316 0.125
320 316 0.125
313 317 0.111111
314 317 0.111111
315 317 0.111111
316 317 0.111111
318 317 0.111111
319 317 0.111111
320 317 0.111111
321 317 0.111111
335 317 0.111111
314 318 0.125
315 318 0.125
316 318 0.125
317 318 0.125
319 318 0.125
320 318 0.125
321 318 0.125
322 318 0.125
314 364 0.166667
361 364 0.166667
363 364 0.166667
365 364 0.166667
367 364 0.166667
368 364 0.166667
316 320 0.125
317 320 0.125
318 320 0.125
319 320 0.125
321 320 0.125
322 320 0.125
323 320 0.125
324 320 0.125
317 321 0.125
318 321 0.125
319 321 0.125
320 321 0.125
322 321 0.125
323 321 0.125
324 321 0.125
325 321 0.125
317 335 0.125
331 335 0.125
332 335 0.125
333 335 0.125
334 335 0.125
336 335 0.125
337 335 0.125
338 335 0.125
321 325 0.111111
322 325 0.111111
323 325 0.111111
324 325 0.111111
326 325 0.111111
327 325 0.111111
328 325 0.111111
329 325 0.111111
360 325 0.111111
324 328 0.125
325 328 0.125
326 328 0.125
327 328 0.125
329 328 0.125
330 328 0.125
331 328 0.125
377 328 0.125
325 329 0.125
326 329 0.125
327 329 0.125
328 329 0.125
330 329 0.125
331 329 0.125
332 329 0.125
333 329 0.125
327 331 0.125
328 331 0.125
329 331 0.125
330 331 0.125
332 331 0.125
333 331 0.125
334 331 0.125
335 331 0.125
330 334 0.142857
331 334 0.142857
333 334 0.142857
335 334 0.142857
336 334 0.142857
337 334 0.142857
338 334 0.142857
332 336 0.125
333 336 0.125
334 336 0.125
335 336 0.125
337 336 0.125
338 336 0.125
339 336 0.125
340 336 0.125
333 337 0.111111
334 337 0.111111
335 337 0.111111
336 337 0.111111
338 337 0.111111
339 337 0.111111
340 337 0.111111
341 337 0.111111
365 337 0.111111
336 339 0.142857
337 339 0.142857
338 339 0.142857
340 339 0.142857
341 339 0.142857
342 339 0.142857
343 339 0.142857
336 340 0.125
337 340 0.125
338 340 0.125
339 340 0.125
341 340 0.125
342 340 0.125
343 340 0.125
344 340 0.125
337 341 0.142857
339 341 0.142857
340 341 0.142857
342 341 0.142857
343 341 0.142857
344 341 0.142857
345 341 0.142857
338 401 0.125
397 401 0.125
398 401 0.125
399 401 0.125
400 401 0.125
402 401 0.125
403 401 0.125
404 401 0.125
340 344 0.125
341 344 0.125
342 344 0.125
343 344 0.125
345 344 0.125
346 344 0.125
347 344 0.125
348 344 0.125
341 345 0.125
342 345 0.125
343 345 0.125
344 345 0.125
346 345 0.125
347 345 0.125
348 345 0.125
349 345 0.125
348 352 0.125
349 352 0.125
350 352 0.125
353 352 0.125
354 352 0.125
355 352 0.125
356 352 0.125
388 352 0.125
349 353 0.125
350 353 0.125
351 353 0.125
352 353 0.125
354 353 0.125
355 353 0.125
356 353 0.125
357 353 0.125
350 354 0.125
351 354 0.125
352 354 0.125
353 354 0.125
355 354 0.125
356 354 0.125
357 354 0.125
358 354 0.125
351 355 0.125
352 355 0.125
353 355 0.125
354 355 0.125
356 355 0.125
357 355 0.125
358 355 0.125
359 355 0.125
352 388 0.166667
386 388 0.166667
387 388 0.166667
389 388 0.166667
390 388 0.166667
392 388 0.166667
355 359 0.142857
357 359 0.142857
358 359 0.142857
360 359 0.142857
361 359 0.142857
362 359 0.142857
363 359 0.142857
358 362 0.142857
359 362 0.142857
360 362 0.142857
363 362 0.142857
365 362 0.142857
366 362 0.142857
368 362 0.142857
359 363 0.125
360 363 0.125
361 363 0.125
362 363 0.125
364 363 0.125
365 363 0.125
366 363 0.125
367 363 0.125
362 368 0.111111
364 368 0.111111
365 368 0.111111
366 368 0.111111
367 368 0.111111
369 368 0.111111
370 368 0.111111
371 368 0.111111
372 368 0.111111
363 367 0.142857
364 367 0.142857
366 367 0.142857
368 367 0.142857
369 367 0.142857
370 367 0.142857
371 367 0.142857
372 376 0.125
373 376 0.125
374 376 0.125
375 376 0.125
377 376 0.125
378 376 0.125
379 376 0.125
380 376 0.125
376 380 0.125
377 380 0.125
378 380 0.125
379 380 0.125
381 380 0.125
382 380 0.125
383 380 0.125
384 380 0.125
377 381 0.142857
378 381 0.142857
380 381 0.142857
382 381 0.142857
383 381 0.142857
384 381 0.142857
385 381 0.142857
378 382 0.125
379 382 0.125
380 382 0.125
381 382 0.125
383 382 0.125
384 382 0.125
385 382 0.125
386 382 0.125
379 383 0.125
380 383 0.125
381 383 0.125
382 383 0.125
384 383 0.125
385 383 0.125
386 383 0.125
387 383 0.125
382 386 0.125
383 386 0.125
384 386 0.125
385 386 0.125
387 386 0.125
388 386 0.125
389 386 0.125
390 386 0.125
383 387 0.142857
384 387 0.142857
386 387 0.142857
388 387 0.142857
389 387 0.142857
390 387 0.142857
391 387 0.142857
392 395 0.142857
393 395 0.142857
394 395 0.142857
396 395 0.142857
397 395 0.142857
398 395 0.142857
399 395 0.142857
392 396 0.125
393 396 0.125
394 396 0.125
395 396 0.125
397 396 0.125
398 396 0.125
399 396 0.125
400 396 0.125
394 398 0.125
395 398 0.125
396 398 0.125
397 398 0.125
399 398 0.125
400 398 0.125
401 398 0.125
402 398 0.125
395 399 0.125
396 399 0.125
397 399 0.125
398 399 0.125
400 399 0.125
401 399 0.125
402 399 0.125
403 399 0.125
396 400 0.125
397 400 0.125
398 400 0.125
399 400 0.125
401 400 0.125
402 400 0.125
403 400 0.125
404 400 0.125
399 403 0.142857
400 403 0.142857
401 403 0.142857
404 403 0.142857
405 403 0.142857
406 403 0.142857
407 403 0.142857
405 408 0.166667
407 408 0.166667
409 408 0.166667
410 408 0.166667
411 408 0.166667
412 408 0.166667
408 411 0.142857
409 411 0.142857
410 411 0.142857
412 411 0.142857
413 411 0.142857
414 411 0.142857
415 411 0.142857
408 412 0.125
409 412 0.125
410 412 0.125
411 412 0.125
413 412 0.125
414 412 0.125
415 412 0.125
416 412 0.125
410 414 0.142857
411 414 0.142857
412 414 0.142857
415 414 0.142857
416 414 0.142857
417 414 0.142857
418 414 0.142857
1 0 0.125
419 0 0.125
2 0 0.125
418 0 0.125
3 0 0.125
417 0 0.125
4 0 0.125
416 0 0.125
