0 1 0.142857
2 1 0.142857
3 1 0.142857
324 1 0.142857
4 1 0.142857
323 1 0.142857
5 1 0.142857
0 324 0.125
1 324 0.125
30 324 0.125
304 324 0.125
320 324 0.125
321 324 0.125
322 324 0.125
323 324 0.125
0 2 0.142857
1 2 0.142857
3 2 0.142857
4 2 0.142857
5 2 0.142857
6 2 0.142857
323 2 0.142857
0 323 0.142857
1 323 0.142857
2 323 0.142857
319 323 0.142857
321 323 0.142857
322 323 0.142857
324 323 0.142857
0 3 0.111111
1 3 0.111111
2 3 0.111111
5 3 0.111111
6 3 0.111111
7 3 0.111111
123 3 0.111111
75 3 0.111111
100 3 0.111111
0 322 0.142857
66 322 0.142857
319 322 0.142857
320 322 0.142857
321 322 0.142857
323 322 0.142857
324 322 0.142857
0 4 0.142857
1 4 0.142857
2 4 0.142857
5 4 0.142857
7 4 0.142857
8 4 0.142857
65 4 0.142857
0 321 0.125
317 321 0.125
318 321 0.125
319 321 0.125
320 321 0.125
322 321 0.125
323 321 0.125
324 321 0.125
0 227 0.125
11 227 0.125
180 227 0.125
224 227 0.125
225 227 0.125
226 227 0.125
228 227 0.125
229 227 0.125
1 5 0.1
2 5 0.1
3 5 0.1
4 5 0.1
6 5 0.1
7 5 0.1
8 5 0.1
9 5 0.1
176 5 0.1
178 5 0.1
2 6 0.142857
3 6 0.142857
5 6 0.142857
8 6 0.142857
9 6 0.142857
10 6 0.142857
281 6 0.142857
3 7 0.142857
4 7 0.142857
5 7 0.142857
8 7 0.142857
10 7 0.142857
11 7 0.142857
18 7 0.142857
3 123 0.142857
119 123 0.142857
121 123 0.142857
124 123 0.142857
125 123 0.142857
126 123 0.142857
172 123 0.142857
3 75 0.111111
71 75 0.111111
72 75 0.111111
73 75 0.111111
74 75 0.111111
77 75 0.111111
78 75 0.111111
79 75 0.111111
167 75 0.111111
3 100 0.125
96 100 0.125
98 100 0.125
99 100 0.125
101 100 0.125
102 100 0.125
104 100 0.125
155 100 0.125
4 8 0.125
5 8 0.125
6 8 0.125
7 8 0.125
9 8 0.125
10 8 0.125
11 8 0.125
12 8 0.125
4 65 0.125
61 65 0.125
62 65 0.125
64 65 0.125
66 65 0.125
68 65 0.125
69 65 0.125
94 65 0.125
5 9 0.125
6 9 0.125
8 9 0.125
10 9 0.125
11 9 0.125
12 9 0.125
13 9 0.125
226 9 0.125
5 176 0.142857
172 176 0.142857
174 176 0.142857
175 176 0.142857
177 176 0.142857
179 176 0.142857
180 176 0.142857
5 178 0.142857
174 178 0.142857
175 178 0.142857
177 178 0.142857
179 178 0.142857
181 178 0.142857
182 178 0.142857
6 10 0.125
7 10 0.125
8 10 0.125
9 10 0.125
11 10 0.125
12 10 0.125
13 10 0.125
14 10 0.125
6 281 0.111111
277 281 0.111111
278 281 0.111111
279 281 0.111111
280 281 0.111111
282 281 0.111111
283 281 0.111111
284 281 0.111111
285 281 0.111111
7 11 0.125
8 11 0.125
9 11 0.125
10 11 0.125
12 11 0.125
13 11 0.125
15 11 0.125
227 11 0.125
7 18 0.1
15 18 0.1
16 18 0.1
17 18 0.1
20 18 0.1
21 18 0.1
22 18 0.1
97 18 0.1
194 18 0.1
125 18 0.1
8 12 0.125
9 12 0.125
10 12 0.125
11 12 0.125
13 12 0.125
14 12 0.125
15 12 0.125
16 12 0.125
9 13 0.111111
10 13 0.111111
11 13 0.111111
12 13 0.111111
14 13 0.111111
15 13 0.111111
16 13 0.111111
17 13 0.111111
248 13 0.111111
9 226 0.142857
223 226 0.142857
224 226 0.142857
225 226 0.142857
227 226 0.142857
228 226 0.142857
230 226 0.142857
10 14 0.125
12 14 0.125
13 14 0.125
15 14 0.125
16 14 0.125
304 14 0.125
110 14 0.125
150 14 0.125
11 15 0.125
12 15 0.125
13 15 0.125
14 15 0.125
16 15 0.125
17 15 0.125
18 15 0.125
19 15 0.125
12 16 0.111111
13 16 0.111111
14 16 0.111111
15 16 0.111111
17 16 0.111111
18 16 0.111111
19 16 0.111111
20 16 0.111111
41 16 0.111111
13 17 0.142857
15 17 0.142857
16 17 0.142857
18 17 0.142857
19 17 0.142857
20 17 0.142857
21 17 0.142857
13 248 0.125
244 248 0.125
245 248 0.125
246 248 0.125
247 248 0.125
249 248 0.125
251 248 0.125
252 248 0.125
14 304 0.1
300 304 0.1
301 304 0.1
302 304 0.1
303 304 0.1
305 304 0.1
306 304 0.1
307 304 0.1
308 304 0.1
324 304 0.1
14 110 0.166667
106 110 0.166667
109 110 0.166667
111 110 0.166667
112 110 0.166667
114 110 0.166667
14 150 0.111111
146 150 0.111111
147 150 0.111111
148 150 0.111111
149 150 0.111111
151 150 0.111111
152 150 0.111111
153 150 0.111111
154 150 0.111111
15 19 0.142857
16 19 0.142857
17 19 0.142857
20 19 0.142857
21 19 0.142857
22 19 0.142857
23 19 0.142857
16 20 0.111111
17 20 0.111111
18 20 0.111111
19 20 0.111111
21 20 0.111111
22 20 0.111111
23 20 0.111111
26 20 0.111111
274 20 0.111111
16 41 0.142857
38 41 0.142857
39 41 0.142857
40 41 0.142857
43 41 0.142857
44 41 0.142857
45 41 0.142857
17 21 0.125
18 21 0.125
19 21 0.125
20 21 0.125
22 21 0.125
23 21 0.125
24 21 0.125
25 21 0.125
18 22 0.125
19 22 0.125
20 22 0.125
21 22 0.125
23 22 0.125
24 22 0.125
25 22 0.125
26 22 0.125
18 97 0.125
93 97 0.125
94 97 0.125
95 97 0.125
98 97 0.125
99 97 0.125
153 97 0.125
111 97 0.125
18 194 0.125
190 194 0.125
191 194 0.125
192 194 0.125
193 194 0.125
196 194 0.125
197 194 0.125
198 194 0.125
18 125 0.111111
48 125 0.111111
121 125 0.111111
122 125 0.111111
123 125 0.111111
124 125 0.111111
126 125 0.111111
127 125 0.111111
129 125 0.111111
19 23 0.125
20 23 0.125
21 23 0.125
22 23 0.125
24 23 0.125
25 23 0.125
26 23 0.125
27 23 0.125
20 26 0.111111
22 26 0.111111
23 26 0.111111
24 26 0.111111
25 26 0.111111
27 26 0.111111
28 26 0.111111
29 26 0.111111
30 26 0.111111
20 274 0.125
270 274 0.125
271 274 0.125
272 274 0.125
273 274 0.125
275 274 0.125
276 274 0.125
277 274 0.125
21 24 0.125
22 24 0.125
23 24 0.125
25 24 0.125
26 24 0.125
27 24 0.125
28 24 0.125
85 24 0.125
21 25 0.125
22 25 0.125
23 25 0.125
24 25 0.125
26 25 0.125
27 25 0.125
28 25 0.125
29 25 0.125
23 27 0.125
24 27 0.125
25 27 0.125
26 27 0.125
28 27 0.125
29 27 0.125
30 27 0.125
31 27 0.125
24 28 0.125
25 28 0.125
26 28 0.125
27 28 0.125
29 28 0.125
30 28 0.125
31 28 0.125
32 28 0.125
24 85 0.1
81 85 0.1
82 85 0.1
83 85 0.1
84 85 0.1
86 85 0.1
87 85 0.1
88 85 0.1
220 85 0.1
158 85 0.1
25 29 0.125
26 29 0.125
27 29 0.125
28 29 0.125
31 29 0.125
32 29 0.125
179 29 0.125
262 29 0.125
26 30 0.125
27 30 0.125
28 30 0.125
31 30 0.125
32 30 0.125
33 30 0.125
34 30 0.125
324 30 0.125
27 31 0.125
28 31 0.125
29 31 0.125
30 31 0.125
33 31 0.125
34 31 0.125
35 31 0.125
155 31 0.125
28 32 0.125
29 32 0.125
30 32 0.125
33 32 0.125
34 32 0.125
35 32 0.125
36 32 0.125
54 32 0.125
29 179 0.125
175 179 0.125
176 179 0.125
178 179 0.125
180 179 0.125
181 179 0.125
182 179 0.125
183 179 0.125
29 262 0.111111
38 262 0.111111
166 262 0.111111
169 262 0.111111
258 262 0.111111
259 262 0.111111
260 262 0.111111
263 262 0.111111
266 262 0.111111
30 33 0.142857
31 33 0.142857
32 33 0.142857
34 33 0.142857
35 33 0.142857
36 33 0.142857
37 33 0.142857
30 34 0.125
31 34 0.125
32 34 0.125
33 34 0.125
35 34 0.125
36 34 0.125
37 34 0.125
38 34 0.125
31 35 0.111111
32 35 0.111111
33 35 0.111111
34 35 0.111111
36 35 0.111111
37 35 0.111111
38 35 0.111111
39 35 0.111111
181 35 0.111111
31 155 0.1
100 155 0.1
151 155 0.1
152 155 0.1
153 155 0.1
154 155 0.1
156 155 0.1
157 155 0.1
159 155 0.1
283 155 0.1
32 36 0.125
33 36 0.125
34 36 0.125
35 36 0.125
37 36 0.125
38 36 0.125
39 36 0.125
40 36 0.125
32 54 0.125
50 54 0.125
51 54 0.125
52 54 0.125
53 54 0.125
55 54 0.125
57 54 0.125
62 54 0.125
33 37 0.125
34 37 0.125
35 37 0.125
36 37 0.125
38 37 0.125
39 37 0.125
242 37 0.125
269 37 0.125
34 38 0.125
35 38 0.125
36 38 0.125
37 38 0.125
40 38 0.125
41 38 0.125
42 38 0.125
262 38 0.125
35 39 0.125
36 39 0.125
37 39 0.125
40 39 0.125
41 39 0.125
42 39 0.125
43 39 0.125
89 39 0.125
35 181 0.125
177 181 0.125
178 181 0.125
179 181 0.125
180 181 0.125
182 181 0.125
184 181 0.125
185 181 0.125
36 40 0.142857
38 40 0.142857
39 40 0.142857
41 40 0.142857
42 40 0.142857
43 40 0.142857
44 40 0.142857
37 242 0.125
238 242 0.125
239 242 0.125
241 242 0.125
243 242 0.125
244 242 0.125
245 242 0.125
246 242 0.125
37 269 0.142857
266 269 0.142857
267 269 0.142857
270 269 0.142857
271 269 0.142857
272 269 0.142857
273 269 0.142857
38 42 0.142857
39 42 0.142857
40 42 0.142857
43 42 0.142857
44 42 0.142857
45 42 0.142857
46 42 0.142857
39 43 0.111111
40 43 0.111111
41 43 0.111111
42 43 0.111111
44 43 0.111111
45 43 0.111111
46 43 0.111111
47 43 0.111111
265 43 0.111111
39 89 0.125
57 89 0.125
86 89 0.125
87 89 0.125
88 89 0.125
91 89 0.125
92 89 0.125
93 89 0.125
40 44 0.125
41 44 0.125
42 44 0.125
43 44 0.125
45 44 0.125
46 44 0.125
47 44 0.125
48 44 0.125
41 45 0.125
42 45 0.125
43 45 0.125
44 45 0.125
46 45 0.125
47 45 0.125
48 45 0.125
49 45 0.125
42 46 0.125
43 46 0.125
44 46 0.125
45 46 0.125
47 46 0.125
48 46 0.125
49 46 0.125
168 46 0.125
43 47 0.125
44 47 0.125
45 47 0.125
46 47 0.125
48 47 0.125
49 47 0.125
50 47 0.125
51 47 0.125
43 265 0.166667
261 265 0.166667
263 265 0.166667
266 265 0.166667
267 265 0.166667
268 265 0.166667
44 48 0.125
45 48 0.125
46 48 0.125
47 48 0.125
49 48 0.125
50 48 0.125
52 48 0.125
125 48 0.125
45 49 0.111111
46 49 0.111111
47 49 0.111111
48 49 0.111111
50 49 0.111111
51 49 0.111111
52 49 0.111111
53 49 0.111111
290 49 0.111111
46 168 0.111111
164 168 0.111111
165 168 0.111111
166 168 0.111111
167 168 0.111111
169 168 0.111111
170 168 0.111111
171 168 0.111111
172 168 0.111111
47 50 0.142857
48 50 0.142857
49 50 0.142857
51 50 0.142857
52 50 0.142857
53 50 0.142857
54 50 0.142857
47 51 0.125
49 51 0.125
50 51 0.125
52 51 0.125
53 51 0.125
54 51 0.125
115 51 0.125
170 51 0.125
48 52 0.125
49 52 0.125
50 52 0.125
51 52 0.125
53 52 0.125
54 52 0.125
55 52 0.125
56 52 0.125
49 53 0.125
50 53 0.125
51 53 0.125
52 53 0.125
54 53 0.125
55 53 0.125
56 53 0.125
57 53 0.125
49 290 0.111111
96 290 0.111111
286 290 0.111111
287 290 0.111111
288 290 0.111111
289 290 0.111111
292 290 0.111111
293 290 0.111111
294 290 0.111111
51 115 0.125
111 115 0.125
112 115 0.125
113 115 0.125
118 115 0.125
119 115 0.125
252 115 0.125
142 115 0.125
51 170 0.125
166 170 0.125
168 170 0.125
169 170 0.125
171 170 0.125
172 170 0.125
173 170 0.125
174 170 0.125
52 55 0.142857
53 55 0.142857
54 55 0.142857
57 55 0.142857
58 55 0.142857
59 55 0.142857
73 55 0.142857
52 56 0.142857
53 56 0.142857
57 56 0.142857
58 56 0.142857
59 56 0.142857
60 56 0.142857
314 56 0.142857
53 57 0.1
54 57 0.1
55 57 0.1
56 57 0.1
58 57 0.1
59 57 0.1
60 57 0.1
254 57 0.1
217 57 0.1
89 57 0.1
54 62 0.111111
58 62 0.111111
59 62 0.111111
60 62 0.111111
61 62 0.111111
63 62 0.111111
64 62 0.111111
65 62 0.111111
66 62 0.111111
55 58 0.125
56 58 0.125
57 58 0.125
59 58 0.125
60 58 0.125
61 58 0.125
62 58 0.125
260 58 0.125
55 59 0.111111
56 59 0.111111
57 59 0.111111
58 59 0.111111
60 59 0.111111
61 59 0.111111
62 59 0.111111
63 59 0.111111
137 59 0.111111
55 73 0.125
67 73 0.125
69 73 0.125
70 73 0.125
72 73 0.125
74 73 0.125
75 73 0.125
77 73 0.125
56 60 0.125
57 60 0.125
58 60 0.125
59 60 0.125
61 60 0.125
62 60 0.125
63 60 0.125
64 60 0.125
56 314 0.111111
122 314 0.111111
190 314 0.111111
264 314 0.111111
310 314 0.111111
311 314 0.111111
312 314 0.111111
313 314 0.111111
316 314 0.111111
57 254 0.125
77 254 0.125
250 254 0.125
251 254 0.125
252 254 0.125
253 254 0.125
255 254 0.125
258 254 0.125
57 217 0.125
213 217 0.125
214 217 0.125
215 217 0.125
216 217 0.125
218 217 0.125
219 217 0.125
221 217 0.125
58 61 0.142857
59 61 0.142857
60 61 0.142857
62 61 0.142857
63 61 0.142857
64 61 0.142857
65 61 0.142857
58 260 0.125
256 260 0.125
257 260 0.125
258 260 0.125
259 260 0.125
262 260 0.125
263 260 0.125
264 260 0.125
59 63 0.125
60 63 0.125
61 63 0.125
62 63 0.125
64 63 0.125
66 63 0.125
67 63 0.125
271 63 0.125
59 137 0.125
133 137 0.125
134 137 0.125
135 137 0.125
136 137 0.125
138 137 0.125
139 137 0.125
140 137 0.125
60 64 0.125
61 64 0.125
62 64 0.125
63 64 0.125
65 64 0.125
67 64 0.125
68 64 0.125
234 64 0.125
62 66 0.125
63 66 0.125
65 66 0.125
68 66 0.125
69 66 0.125
70 66 0.125
190 66 0.125
322 66 0.125
63 67 0.142857
64 67 0.142857
68 67 0.142857
69 67 0.142857
70 67 0.142857
71 67 0.142857
73 67 0.142857
63 271 0.125
267 271 0.125
269 271 0.125
270 271 0.125
272 271 0.125
273 271 0.125
274 271 0.125
275 271 0.125
64 68 0.125
65 68 0.125
66 68 0.125
67 68 0.125
69 68 0.125
70 68 0.125
71 68 0.125
72 68 0.125
64 234 0.142857
230 234 0.142857
232 234 0.142857
235 234 0.142857
236 234 0.142857
237 234 0.142857
238 234 0.142857
65 69 0.111111
66 69 0.111111
67 69 0.111111
68 69 0.111111
70 69 0.111111
71 69 0.111111
73 69 0.111111
197 69 0.111111
308 69 0.111111
65 94 0.111111
90 94 0.111111
91 94 0.111111
92 94 0.111111
93 94 0.111111
95 94 0.111111
96 94 0.111111
97 94 0.111111
98 94 0.111111
66 70 0.125
67 70 0.125
68 70 0.125
69 70 0.125
71 70 0.125
72 70 0.125
73 70 0.125
74 70 0.125
66 190 0.1
186 190 0.1
187 190 0.1
188 190 0.1
189 190 0.1
191 190 0.1
192 190 0.1
193 190 0.1
194 190 0.1
314 190 0.1
67 71 0.125
68 71 0.125
69 71 0.125
70 71 0.125
72 71 0.125
74 71 0.125
75 71 0.125
101 71 0.125
68 72 0.125
70 72 0.125
71 72 0.125
73 72 0.125
74 72 0.125
75 72 0.125
76 72 0.125
195 72 0.125
69 197 0.111111
193 197 0.111111
194 197 0.111111
195 197 0.111111
196 197 0.111111
198 197 0.111111
199 197 0.111111
200 197 0.111111
201 197 0.111111
69 308 0.125
304 308 0.125
305 308 0.125
306 308 0.125
307 308 0.125
309 308 0.125
310 308 0.125
312 308 0.125
70 74 0.125
71 74 0.125
72 74 0.125
73 74 0.125
75 74 0.125
76 74 0.125
77 74 0.125
78 74 0.125
71 101 0.125
98 101 0.125
99 101 0.125
100 101 0.125
102 101 0.125
103 101 0.125
104 101 0.125
105 101 0.125
72 76 0.166667
74 76 0.166667
77 76 0.166667
78 76 0.166667
79 76 0.166667
80 76 0.166667
72 195 0.166667
90 195 0.166667
192 195 0.166667
193 195 0.166667
197 195 0.166667
199 195 0.166667
73 77 0.111111
74 77 0.111111
75 77 0.111111
76 77 0.111111
78 77 0.111111
79 77 0.111111
80 77 0.111111
81 77 0.111111
254 77 0.111111
74 78 0.125
75 78 0.125
76 78 0.125
77 78 0.125
79 78 0.125
80 78 0.125
81 78 0.125
82 78 0.125
75 79 0.125
76 79 0.125
77 79 0.125
78 79 0.125
80 79 0.125
81 79 0.125
82 79 0.125
83 79 0.125
75 167 0.111111
163 167 0.111111
164 167 0.111111
165 167 0.111111
166 167 0.111111
168 167 0.111111
169 167 0.111111
171 167 0.111111
268 167 0.111111
76 80 0.111111
77 80 0.111111
78 80 0.111111
79 80 0.111111
81 80 0.111111
82 80 0.111111
83 80 0.111111
84 80 0.111111
120 80 0.111111
77 81 0.125
78 81 0.125
79 81 0.125
80 81 0.125
82 81 0.125
83 81 0.125
84 81 0.125
85 81 0.125
78 82 0.111111
79 82 0.111111
80 82 0.111111
81 82 0.111111
83 82 0.111111
84 82 0.111111
85 82 0.111111
86 82 0.111111
222 82 0.111111
79 83 0.125
80 83 0.125
81 83 0.125
82 83 0.125
84 83 0.125
85 83 0.125
86 83 0.125
87 83 0.125
80 84 0.125
81 84 0.125
82 84 0.125
83 84 0.125
85 84 0.125
86 84 0.125
87 84 0.125
88 84 0.125
80 120 0.142857
116 120 0.142857
117 120 0.142857
118 120 0.142857
121 120 0.142857
122 120 0.142857
124 120 0.142857
82 86 0.125
83 86 0.125
84 86 0.125
85 86 0.125
87 86 0.125
88 86 0.125
89 86 0.125
90 86 0.125
82 222 0.111111
212 222 0.111111
218 222 0.111111
219 222 0.111111
220 222 0.111111
221 222 0.111111
223 222 0.111111
224 222 0.111111
225 222 0.111111
83 87 0.125
84 87 0.125
85 87 0.125
86 87 0.125
88 87 0.125
89 87 0.125
90 87 0.125
91 87 0.125
84 88 0.111111
85 88 0.111111
86 88 0.111111
87 88 0.111111
89 88 0.111111
90 88 0.111111
91 88 0.111111
92 88 0.111111
213 88 0.111111
85 220 0.142857
216 220 0.142857
218 220 0.142857
219 220 0.142857
221 220 0.142857
222 220 0.142857
224 220 0.142857
85 158 0.142857
154 158 0.142857
156 158 0.142857
157 158 0.142857
159 158 0.142857
160 158 0.142857
161 158 0.142857
86 90 0.125
87 90 0.125
88 90 0.125
91 90 0.125
92 90 0.125
93 90 0.125
94 90 0.125
195 90 0.125
87 91 0.1
88 91 0.1
89 91 0.1
90 91 0.1
92 91 0.1
93 91 0.1
94 91 0.1
95 91 0.1
161 91 0.1
233 91 0.1
88 92 0.125
89 92 0.125
90 92 0.125
91 92 0.125
93 92 0.125
94 92 0.125
154 92 0.125
173 92 0.125
88 213 0.142857
210 213 0.142857
211 213 0.142857
215 213 0.142857
217 213 0.142857
316 213 0.142857
233 213 0.142857
89 93 0.125
90 93 0.125
91 93 0.125
92 93 0.125
94 93 0.125
95 93 0.125
96 93 0.125
97 93 0.125
91 95 0.125
93 95 0.125
94 95 0.125
96 95 0.125
97 95 0.125
98 95 0.125
99 95 0.125
177 95 0.125
91 161 0.111111
143 161 0.111111
157 161 0.111111
158 161 0.111111
159 161 0.111111
160 161 0.111111
162 161 0.111111
163 161 0.111111
165 161 0.111111
91 233 0.142857
213 233 0.142857
230 233 0.142857
231 233 0.142857
232 233 0.142857
235 233 0.142857
237 233 0.142857
92 154 0.111111
150 154 0.111111
151 154 0.111111
152 154 0.111111
153 154 0.111111
155 154 0.111111
156 154 0.111111
157 154 0.111111
158 154 0.111111
92 173 0.111111
165 173 0.111111
169 173 0.111111
170 173 0.111111
171 173 0.111111
172 173 0.111111
174 173 0.111111
177 173 0.111111
287 173 0.111111
93 96 0.142857
94 96 0.142857
95 96 0.142857
99 96 0.142857
100 96 0.142857
290 96 0.142857
127 96 0.142857
94 98 0.142857
95 98 0.142857
97 98 0.142857
99 98 0.142857
100 98 0.142857
101 98 0.142857
102 98 0.142857
95 99 0.111111
96 99 0.111111
97 99 0.111111
98 99 0.111111
100 99 0.111111
101 99 0.111111
102 99 0.111111
103 99 0.111111
132 99 0.111111
95 177 0.125
173 177 0.125
174 177 0.125
175 177 0.125
176 177 0.125
178 177 0.125
180 177 0.125
181 177 0.125
96 127 0.125
124 127 0.125
125 127 0.125
126 127 0.125
128 127 0.125
129 127 0.125
130 127 0.125
131 127 0.125
97 153 0.111111
116 153 0.111111
149 153 0.111111
150 153 0.111111
151 153 0.111111
152 153 0.111111
154 153 0.111111
155 153 0.111111
157 153 0.111111
97 111 0.125
107 111 0.125
108 111 0.125
110 111 0.125
112 111 0.125
113 111 0.125
114 111 0.125
115 111 0.125
98 102 0.125
99 102 0.125
100 102 0.125
101 102 0.125
103 102 0.125
104 102 0.125
105 102 0.125
309 102 0.125
99 103 0.142857
101 103 0.142857
102 103 0.142857
104 103 0.142857
105 103 0.142857
106 103 0.142857
107 103 0.142857
99 132 0.111111
128 132 0.111111
129 132 0.111111
130 132 0.111111
131 132 0.111111
134 132 0.111111
136 132 0.111111
186 132 0.111111
264 132 0.111111
100 104 0.125
101 104 0.125
102 104 0.125
103 104 0.125
105 104 0.125
106 104 0.125
107 104 0.125
108 104 0.125
101 105 0.125
102 105 0.125
103 105 0.125
104 105 0.125
106 105 0.125
107 105 0.125
108 105 0.125
109 105 0.125
102 309 0.111111
305 309 0.111111
306 309 0.111111
307 309 0.111111
308 309 0.111111
310 309 0.111111
311 309 0.111111
312 309 0.111111
313 309 0.111111
103 106 0.142857
104 106 0.142857
105 106 0.142857
107 106 0.142857
108 106 0.142857
109 106 0.142857
110 106 0.142857
103 107 0.111111
104 107 0.111111
105 107 0.111111
106 107 0.111111
108 107 0.111111
109 107 0.111111
111 107 0.111111
264 107 0.111111
266 107 0.111111
104 108 0.125
105 108 0.125
106 108 0.125
107 108 0.125
109 108 0.125
111 108 0.125
112 108 0.125
171 108 0.125
105 109 0.111111
106 109 0.111111
107 109 0.111111
108 109 0.111111
110 109 0.111111
112 109 0.111111
113 109 0.111111
191 109 0.111111
192 109 0.111111
107 264 0.111111
132 264 0.111111
260 264 0.111111
261 264 0.111111
263 264 0.111111
266 264 0.111111
267 264 0.111111
268 264 0.111111
314 264 0.111111
107 266 0.111111
262 266 0.111111
263 266 0.111111
264 266 0.111111
265 266 0.111111
267 266 0.111111
268 266 0.111111
269 266 0.111111
270 266 0.111111
108 112 0.111111
109 112 0.111111
110 112 0.111111
111 112 0.111111
113 112 0.111111
114 112 0.111111
115 112 0.111111
116 112 0.111111
207 112 0.111111
108 171 0.111111
167 171 0.111111
168 171 0.111111
169 171 0.111111
170 171 0.111111
172 171 0.111111
173 171 0.111111
174 171 0.111111
175 171 0.111111
109 113 0.142857
111 113 0.142857
112 113 0.142857
114 113 0.142857
115 113 0.142857
116 113 0.142857
117 113 0.142857
109 191 0.125
187 191 0.125
188 191 0.125
189 191 0.125
190 191 0.125
193 191 0.125
194 191 0.125
285 191 0.125
109 192 0.125
188 192 0.125
189 192 0.125
190 192 0.125
193 192 0.125
194 192 0.125
195 192 0.125
196 192 0.125
110 114 0.125
111 114 0.125
112 114 0.125
113 114 0.125
116 114 0.125
117 114 0.125
118 114 0.125
145 114 0.125
112 116 0.125
113 116 0.125
114 116 0.125
117 116 0.125
118 116 0.125
119 116 0.125
120 116 0.125
153 116 0.125
112 207 0.125
203 207 0.125
204 207 0.125
205 207 0.125
206 207 0.125
209 207 0.125
210 207 0.125
211 207 0.125
113 117 0.142857
114 117 0.142857
116 117 0.142857
118 117 0.142857
119 117 0.142857
120 117 0.142857
121 117 0.142857
114 118 0.125
115 118 0.125
116 118 0.125
117 118 0.125
119 118 0.125
120 118 0.125
121 118 0.125
122 118 0.125
114 145 0.125
141 145 0.125
142 145 0.125
144 145 0.125
146 145 0.125
147 145 0.125
148 145 0.125
149 145 0.125
115 119 0.111111
116 119 0.111111
117 119 0.111111
118 119 0.111111
121 119 0.111111
122 119 0.111111
123 119 0.111111
255 119 0.111111
151 119 0.111111
115 252 0.111111
248 252 0.111111
249 252 0.111111
250 252 0.111111
251 252 0.111111
253 252 0.111111
254 252 0.111111
255 252 0.111111
256 252 0.111111
115 142 0.111111
138 142 0.111111
139 142 0.111111
140 142 0.111111
141 142 0.111111
143 142 0.111111
144 142 0.111111
145 142 0.111111
275 142 0.111111
117 121 0.1
118 121 0.1
119 121 0.1
120 121 0.1
122 121 0.1
123 121 0.1
124 121 0.1
125 121 0.1
268 121 0.1
126 121 0.1
118 122 0.125
119 122 0.125
120 122 0.125
121 122 0.125
124 122 0.125
125 122 0.125
126 122 0.125
314 122 0.125
119 255 0.1
223 255 0.1
251 255 0.1
252 255 0.1
253 255 0.1
254 255 0.1
256 255 0.1
257 255 0.1
258 255 0.1
259 255 0.1
119 151 0.142857
147 151 0.142857
148 151 0.142857
150 151 0.142857
153 151 0.142857
154 151 0.142857
155 151 0.142857
120 124 0.125
121 124 0.125
122 124 0.125
123 124 0.125
125 124 0.125
126 124 0.125
127 124 0.125
128 124 0.125
121 268 0.125
167 268 0.125
264 268 0.125
265 268 0.125
266 268 0.125
267 268 0.125
270 268 0.125
272 268 0.125
121 126 0.125
122 126 0.125
123 126 0.125
124 126 0.125
125 126 0.125
127 126 0.125
128 126 0.125
129 126 0.125
123 172 0.111111
168 172 0.111111
169 172 0.111111
170 172 0.111111
171 172 0.111111
173 172 0.111111
174 172 0.111111
175 172 0.111111
176 172 0.111111
124 128 0.142857
126 128 0.142857
127 128 0.142857
129 128 0.142857
130 128 0.142857
131 128 0.142857
132 128 0.142857
125 129 0.125
126 129 0.125
127 129 0.125
128 129 0.125
130 129 0.125
131 129 0.125
132 129 0.125
133 129 0.125
127 130 0.142857
128 130 0.142857
129 130 0.142857
131 130 0.142857
132 130 0.142857
133 130 0.142857
134 130 0.142857
127 131 0.125
128 131 0.125
129 131 0.125
130 131 0.125
132 131 0.125
133 131 0.125
134 131 0.125
135 131 0.125
129 133 0.125
130 133 0.125
131 133 0.125
135 133 0.125
136 133 0.125
137 133 0.125
235 133 0.125
146 133 0.125
130 134 0.125
131 134 0.125
132 134 0.125
135 134 0.125
136 134 0.125
137 134 0.125
138 134 0.125
202 134 0.125
131 135 0.142857
133 135 0.142857
134 135 0.142857
136 135 0.142857
137 135 0.142857
138 135 0.142857
139 135 0.142857
132 136 0.125
133 136 0.125
134 136 0.125
135 136 0.125
137 136 0.125
138 136 0.125
139 136 0.125
152 136 0.125
132 186 0.125
182 186 0.125
183 186 0.125
184 186 0.125
185 186 0.125
187 186 0.125
189 186 0.125
190 186 0.125
133 235 0.111111
231 235 0.111111
232 235 0.111111
233 235 0.111111
234 235 0.111111
236 235 0.111111
237 235 0.111111
238 235 0.111111
239 235 0.111111
133 146 0.125
143 146 0.125
144 146 0.125
145 146 0.125
148 146 0.125
149 146 0.125
150 146 0.125
283 146 0.125
134 138 0.125
135 138 0.125
136 138 0.125
137 138 0.125
139 138 0.125
140 138 0.125
141 138 0.125
142 138 0.125
134 202 0.125
198 202 0.125
199 202 0.125
200 202 0.125
201 202 0.125
203 202 0.125
204 202 0.125
205 202 0.125
135 139 0.125
136 139 0.125
137 139 0.125
138 139 0.125
140 139 0.125
141 139 0.125
142 139 0.125
143 139 0.125
136 152 0.125
148 152 0.125
149 152 0.125
150 152 0.125
153 152 0.125
154 152 0.125
155 152 0.125
156 152 0.125
137 140 0.142857
138 140 0.142857
139 140 0.142857
141 140 0.142857
142 140 0.142857
143 140 0.142857
144 140 0.142857
138 141 0.142857
139 141 0.142857
140 141 0.142857
142 141 0.142857
143 141 0.142857
144 141 0.142857
145 141 0.142857
139 143 0.125
140 143 0.125
141 143 0.125
142 143 0.125
144 143 0.125
146 143 0.125
147 143 0.125
161 143 0.125
140 144 0.111111
141 144 0.111111
142 144 0.111111
143 144 0.111111
145 144 0.111111
146 144 0.111111
147 144 0.111111
148 144 0.111111
261 144 0.111111
142 275 0.125
271 275 0.125
272 275 0.125
273 275 0.125
274 275 0.125
276 275 0.125
278 275 0.125
279 275 0.125
143 147 0.142857
144 147 0.142857
145 147 0.142857
148 147 0.142857
149 147 0.142857
150 147 0.142857
151 147 0.142857
144 148 0.111111
145 148 0.111111
146 148 0.111111
147 148 0.111111
149 148 0.111111
150 148 0.111111
151 148 0.111111
152 148 0.111111
320 148 0.111111
144 261 0.142857
257 261 0.142857
258 261 0.142857
259 261 0.142857
263 261 0.142857
264 261 0.142857
265 261 0.142857
145 149 0.125
146 149 0.125
147 149 0.125
148 149 0.125
150 149 0.125
152 149 0.125
153 149 0.125
294 149 0.125
146 283 0.125
155 283 0.125
279 283 0.125
280 283 0.125
281 283 0.125
282 283 0.125
285 283 0.125
287 283 0.125
148 320 0.125
316 320 0.125
317 320 0.125
318 320 0.125
319 320 0.125
321 320 0.125
322 320 0.125
324 320 0.125
149 294 0.111111
290 294 0.111111
291 294 0.111111
292 294 0.111111
293 294 0.111111
295 294 0.111111
296 294 0.111111
297 294 0.111111
298 294 0.111111
152 156 0.142857
154 156 0.142857
155 156 0.142857
157 156 0.142857
158 156 0.142857
159 156 0.142857
160 156 0.142857
153 157 0.125
154 157 0.125
155 157 0.125
156 157 0.125
158 157 0.125
159 157 0.125
160 157 0.125
161 157 0.125
155 159 0.125
156 159 0.125
157 159 0.125
158 159 0.125
160 159 0.125
161 159 0.125
162 159 0.125
163 159 0.125
156 160 0.090909
157 160 0.090909
158 160 0.090909
159 160 0.090909
161 160 0.090909
162 160 0.090909
163 160 0.090909
164 160 0.090909
228 160 0.090909
249 160 0.090909
209 160 0.090909
159 162 0.142857
160 162 0.142857
161 162 0.142857
163 162 0.142857
164 162 0.142857
165 162 0.142857
166 162 0.142857
159 163 0.125
160 163 0.125
161 163 0.125
162 163 0.125
164 163 0.125
165 163 0.125
166 163 0.125
167 163 0.125
160 164 0.142857
162 164 0.142857
163 164 0.142857
165 164 0.142857
166 164 0.142857
167 164 0.142857
168 164 0.142857
160 228 0.125
224 228 0.125
225 228 0.125
226 228 0.125
227 228 0.125
229 228 0.125
231 228 0.125
232 228 0.125
160 249 0.125
245 249 0.125
246 249 0.125
247 249 0.125
248 249 0.125
250 249 0.125
252 249 0.125
253 249 0.125
160 209 0.125
205 209 0.125
206 209 0.125
207 209 0.125
208 209 0.125
210 209 0.125
211 209 0.125
212 209 0.125
161 165 0.111111
162 165 0.111111
163 165 0.111111
164 165 0.111111
166 165 0.111111
167 165 0.111111
168 165 0.111111
169 165 0.111111
173 165 0.111111
162 166 0.111111
163 166 0.111111
164 166 0.111111
165 166 0.111111
167 166 0.111111
168 166 0.111111
169 166 0.111111
170 166 0.111111
262 166 0.111111
165 169 0.111111
166 169 0.111111
167 169 0.111111
168 169 0.111111
170 169 0.111111
171 169 0.111111
172 169 0.111111
173 169 0.111111
262 169 0.111111
170 174 0.125
171 174 0.125
172 174 0.125
173 174 0.125
175 174 0.125
176 174 0.125
177 174 0.125
178 174 0.125
171 175 0.142857
172 175 0.142857
174 175 0.142857
176 175 0.142857
177 175 0.142857
178 175 0.142857
179 175 0.142857
173 287 0.111111
283 287 0.111111
284 287 0.111111
285 287 0.111111
286 287 0.111111
288 287 0.111111
289 287 0.111111
290 287 0.111111
291 287 0.111111
176 180 0.125
177 180 0.125
179 180 0.125
181 180 0.125
182 180 0.125
183 180 0.125
184 180 0.125
227 180 0.125
178 182 0.125
179 182 0.125
180 182 0.125
181 182 0.125
183 182 0.125
184 182 0.125
185 182 0.125
186 182 0.125
179 183 0.125
180 183 0.125
182 183 0.125
184 183 0.125
185 183 0.125
186 183 0.125
187 183 0.125
231 183 0.125
180 184 0.125
181 184 0.125
182 184 0.125
183 184 0.125
185 184 0.125
186 184 0.125
187 184 0.125
188 184 0.125
181 185 0.125
182 185 0.125
183 185 0.125
184 185 0.125
186 185 0.125
187 185 0.125
188 185 0.125
189 185 0.125
183 187 0.125
184 187 0.125
185 187 0.125
186 187 0.125
188 187 0.125
189 187 0.125
190 187 0.125
191 187 0.125
183 231 0.142857
228 231 0.142857
229 231 0.142857
230 231 0.142857
232 231 0.142857
233 231 0.142857
235 231 0.142857
184 188 0.125
185 188 0.125
187 188 0.125
189 188 0.125
190 188 0.125
191 188 0.125
192 188 0.125
251 188 0.125
185 189 0.125
186 189 0.125
187 189 0.125
188 189 0.125
190 189 0.125
191 189 0.125
192 189 0.125
193 189 0.125
188 251 0.142857
247 251 0.142857
248 251 0.142857
250 251 0.142857
252 251 0.142857
254 251 0.142857
255 251 0.142857
189 193 0.125
190 193 0.125
191 193 0.125
192 193 0.125
194 193 0.125
195 193 0.125
196 193 0.125
197 193 0.125
191 285 0.111111
247 285 0.111111
281 285 0.111111
282 285 0.111111
283 285 0.111111
284 285 0.111111
286 285 0.111111
287 285 0.111111
289 285 0.111111
192 196 0.142857
193 196 0.142857
194 196 0.142857
197 196 0.142857
198 196 0.142857
199 196 0.142857
200 196 0.142857
194 198 0.142857
196 198 0.142857
197 198 0.142857
199 198 0.142857
200 198 0.142857
201 198 0.142857
202 198 0.142857
195 199 0.125
196 199 0.125
197 199 0.125
198 199 0.125
200 199 0.125
201 199 0.125
202 199 0.125
203 199 0.125
196 200 0.125
197 200 0.125
198 200 0.125
199 200 0.125
201 200 0.125
202 200 0.125
203 200 0.125
204 200 0.125
197 201 0.125
198 201 0.125
199 201 0.125
200 201 0.125
202 201 0.125
203 201 0.125
204 201 0.125
205 201 0.125
199 203 0.125
200 203 0.125
201 203 0.125
202 203 0.125
204 203 0.125
205 203 0.125
206 203 0.125
207 203 0.125
200 204 0.125
201 204 0.125
202 204 0.125
203 204 0.125
205 204 0.125
206 204 0.125
207 204 0.125
208 204 0.125
201 205 0.125
202 205 0.125
203 205 0.125
204 205 0.125
206 205 0.125
207 205 0.125
208 205 0.125
209 205 0.125
203 206 0.142857
204 206 0.142857
205 206 0.142857
207 206 0.142857
208 206 0.142857
209 206 0.142857
299 206 0.142857
204 208 0.142857
205 208 0.142857
206 208 0.142857
209 208 0.142857
210 208 0.142857
211 208 0.142857
212 208 0.142857
206 299 0.1
276 299 0.1
295 299 0.1
296 299 0.1
297 299 0.1
298 299 0.1
300 299 0.1
301 299 0.1
302 299 0.1
303 299 0.1
207 210 0.125
208 210 0.125
209 210 0.125
211 210 0.125
212 210 0.125
213 210 0.125
214 210 0.125
221 210 0.125
207 211 0.125
208 211 0.125
209 211 0.125
210 211 0.125
212 211 0.125
213 211 0.125
214 211 0.125
215 211 0.125
208 212 0.125
209 212 0.125
210 212 0.125
211 212 0.125
215 212 0.125
216 212 0.125
222 212 0.125
244 212 0.125
210 214 0.166667
211 214 0.166667
215 214 0.166667
216 214 0.166667
217 214 0.166667
218 214 0.166667
210 221 0.125
217 221 0.125
218 221 0.125
219 221 0.125
220 221 0.125
222 221 0.125
223 221 0.125
224 221 0.125
211 215 0.125
212 215 0.125
213 215 0.125
214 215 0.125
216 215 0.125
217 215 0.125
218 215 0.125
219 215 0.125
212 216 0.142857
214 216 0.142857
215 216 0.142857
217 216 0.142857
218 216 0.142857
219 216 0.142857
220 216 0.142857
212 244 0.111111
240 244 0.111111
241 244 0.111111
242 244 0.111111
243 244 0.111111
245 244 0.111111
246 244 0.111111
247 244 0.111111
248 244 0.111111
213 316 0.125
312 316 0.125
313 316 0.125
314 316 0.125
317 316 0.125
318 316 0.125
319 316 0.125
320 316 0.125
214 218 0.125
215 218 0.125
216 218 0.125
217 218 0.125
219 218 0.125
220 218 0.125
221 218 0.125
222 218 0.125
215 219 0.125
216 219 0.125
217 219 0.125
218 219 0.125
220 219 0.125
221 219 0.125
222 219 0.125
223 219 0.125
219 223 0.142857
221 223 0.142857
222 223 0.142857
224 223 0.142857
225 223 0.142857
226 223 0.142857
255 223 0.142857
220 224 0.125
221 224 0.125
222 224 0.125
223 224 0.125
225 224 0.125
226 224 0.125
227 224 0.125
228 224 0.125
222 225 0.125
223 225 0.125
224 225 0.125
226 225 0.125
227 225 0.125
228 225 0.125
229 225 0.125
315 225 0.125
225 229 0.142857
227 229 0.142857
228 229 0.142857
230 229 0.142857
231 229 0.142857
232 229 0.142857
259 229 0.142857
225 315 0.142857
311 315 0.142857
312 315 0.142857
313 315 0.142857
317 315 0.142857
318 315 0.142857
319 315 0.142857
226 230 0.142857
229 230 0.142857
231 230 0.142857
232 230 0.142857
233 230 0.142857
234 230 0.142857
276 230 0.142857
228 232 0.125
229 232 0.125
230 232 0.125
231 232 0.125
233 232 0.125
234 232 0.125
235 232 0.125
236 232 0.125
229 259 0.111111
255 259 0.111111
256 259 0.111111
257 259 0.111111
258 259 0.111111
260 259 0.111111
261 259 0.111111
262 259 0.111111
263 259 0.111111
230 276 0.125
272 276 0.125
273 276 0.125
274 276 0.125
275 276 0.125
278 276 0.125
280 276 0.125
299 276 0.125
232 236 0.142857
234 236 0.142857
235 236 0.142857
237 236 0.142857
238 236 0.142857
239 236 0.142857
240 236 0.142857
233 237 0.125
234 237 0.125
235 237 0.125
236 237 0.125
239 237 0.125
240 237 0.125
241 237 0.125
279 237 0.125
234 238 0.142857
235 238 0.142857
236 238 0.142857
239 238 0.142857
240 238 0.142857
241 238 0.142857
242 238 0.142857
235 239 0.125
236 239 0.125
237 239 0.125
238 239 0.125
240 239 0.125
241 239 0.125
242 239 0.125
243 239 0.125
236 240 0.125
237 240 0.125
238 240 0.125
239 240 0.125
241 240 0.125
243 240 0.125
244 240 0.125
267 240 0.125
237 241 0.125
238 241 0.125
239 241 0.125
240 241 0.125
242 241 0.125
243 241 0.125
244 241 0.125
245 241 0.125
237 279 0.125
275 279 0.125
277 279 0.125
278 279 0.125
280 279 0.125
281 279 0.125
282 279 0.125
283 279 0.125
239 243 0.125
240 243 0.125
241 243 0.125
242 243 0.125
244 243 0.125
245 243 0.125
246 243 0.125
282 243 0.125
240 267 0.111111
263 267 0.111111
264 267 0.111111
265 267 0.111111
266 267 0.111111
268 267 0.111111
269 267 0.111111
270 267 0.111111
271 267 0.111111
241 245 0.125
242 245 0.125
243 245 0.125
244 245 0.125
246 245 0.125
247 245 0.125
248 245 0.125
249 245 0.125
242 246 0.125
243 246 0.125
244 246 0.125
245 246 0.125
247 246 0.125
248 246 0.125
249 246 0.125
250 246 0.125
243 282 0.111111
278 282 0.111111
279 282 0.111111
280 282 0.111111
281 282 0.111111
283 282 0.111111
284 282 0.111111
285 282 0.111111
286 282 0.111111
244 247 0.125
245 247 0.125
246 247 0.125
248 247 0.125
249 247 0.125
250 247 0.125
251 247 0.125
285 247 0.125
246 250 0.142857
247 250 0.142857
249 250 0.142857
251 250 0.142857
252 250 0.142857
253 250 0.142857
254 250 0.142857
249 253 0.142857
250 253 0.142857
252 253 0.142857
254 253 0.142857
255 253 0.142857
256 253 0.142857
257 253 0.142857
252 256 0.142857
253 256 0.142857
255 256 0.142857
257 256 0.142857
258 256 0.142857
259 256 0.142857
260 256 0.142857
253 257 0.142857
255 257 0.142857
256 257 0.142857
258 257 0.142857
259 257 0.142857
260 257 0.142857
261 257 0.142857
254 258 0.125
255 258 0.125
256 258 0.125
257 258 0.125
259 258 0.125
260 258 0.125
261 258 0.125
262 258 0.125
259 263 0.125
260 263 0.125
261 263 0.125
262 263 0.125
264 263 0.125
265 263 0.125
266 263 0.125
267 263 0.125
266 270 0.125
267 270 0.125
268 270 0.125
269 270 0.125
271 270 0.125
272 270 0.125
273 270 0.125
274 270 0.125
268 272 0.125
269 272 0.125
270 272 0.125
271 272 0.125
273 272 0.125
274 272 0.125
275 272 0.125
276 272 0.125
269 273 0.125
270 273 0.125
271 273 0.125
272 273 0.125
274 273 0.125
275 273 0.125
276 273 0.125
277 273 0.125
273 277 0.166667
274 277 0.166667
278 277 0.166667
279 277 0.166667
280 277 0.166667
281 277 0.166667
275 278 0.142857
276 278 0.142857
277 278 0.142857
279 278 0.142857
280 278 0.142857
281 278 0.142857
282 278 0.142857
276 280 0.125
277 280 0.125
278 280 0.125
279 280 0.125
281 280 0.125
282 280 0.125
283 280 0.125
284 280 0.125
280 284 0.142857
281 284 0.142857
282 284 0.142857
285 284 0.142857
286 284 0.142857
287 284 0.142857
288 284 0.142857
282 286 0.142857
284 286 0.142857
285 286 0.142857
287 286 0.142857
288 286 0.142857
289 286 0.142857
290 286 0.142857
284 288 0.142857
286 288 0.142857
287 288 0.142857
289 288 0.142857
290 288 0.142857
291 288 0.142857
292 288 0.142857
285 289 0.125
286 289 0.125
287 289 0.125
288 289 0.125
290 289 0.125
291 289 0.125
292 289 0.125
293 289 0.125
287 291 0.125
288 291 0.125
289 291 0.125
292 291 0.125
293 291 0.125
294 291 0.125
295 291 0.125
318 291 0.125
288 292 0.125
289 292 0.125
290 292 0.125
291 292 0.125
293 292 0.125
294 292 0.125
295 292 0.125
296 292 0.125
289 293 0.125
290 293 0.125
291 293 0.125
292 293 0.125
294 293 0.125
295 293 0.125
296 293 0.125
297 293 0.125
291 295 0.125
292 295 0.125
293 295 0.125
294 295 0.125
296 295 0.125
297 295 0.125
298 295 0.125
299 295 0.125
291 318 0.142857
315 318 0.142857
316 318 0.142857
317 318 0.142857
319 318 0.142857
320 318 0.142857
321 318 0.142857
292 296 0.125
293 296 0.125
294 296 0.125
295 296 0.125
297 296 0.125
298 296 0.125
299 296 0.125
300 296 0.125
293 297 0.125
294 297 0.125
295 297 0.125
296 297 0.125
298 297 0.125
299 297 0.125
300 297 0.125
301 297 0.125
294 298 0.125
295 298 0.125
296 298 0.125
297 298 0.125
299 298 0.125
300 298 0.125
301 298 0.125
302 298 0.125
296 300 0.125
297 300 0.125
298 300 0.125
299 300 0.125
301 300 0.125
302 300 0.125
303 300 0.125
304 300 0.125
297 301 0.125
298 301 0.125
299 301 0.125
300 301 0.125
302 301 0.125
303 301 0.125
304 301 0.125
305 301 0.125
298 302 0.125
299 302 0.125
300 302 0.125
301 302 0.125
303 302 0.125
304 302 0.125
305 302 0.125
306 302 0.125
299 303 0.125
300 303 0.125
301 303 0.125
302 303 0.125
304 303 0.125
305 303 0.125
306 303 0.125
307 303 0.125
301 305 0.125
302 305 0.125
303 305 0.125
304 305 0.125
306 305 0.125
307 305 0.125
308 305 0.125
309 305 0.125
302 306 0.125
303 306 0.125
304 306 0.125
305 306 0.125
307 306 0.125
308 306 0.125
309 306 0.125
310 306 0.125
303 307 0.125
304 307 0.125
305 307 0.125
306 307 0.125
308 307 0.125
309 307 0.125
310 307 0.125
311 307 0.125
306 310 0.125
307 310 0.125
308 310 0.125
309 310 0.125
311 310 0.125
312 310 0.125
313 310 0.125
314 310 0.125
307 311 0.142857
309 311 0.142857
310 311 0.142857
312 311 0.142857
313 311 0.142857
314 311 0.142857
315 311 0.142857
308 312 0.125
309 312 0.125
310 312 0.125
311 312 0.125
313 312 0.125
314 312 0.125
315 312 0.125
316 312 0.125
309 313 0.125
310 313 0.125
311 313 0.125
312 313 0.125
314 313 0.125
315 313 0.125
316 313 0.125
317 313 0.125
313 317 0.142857
315 317 0.142857
316 317 0.142857
318 317 0.142857
319 317 0.142857
320 317 0.142857
321 317 0.142857
315 319 0.125
316 319 0.125
317 319 0.125
318 319 0.125
320 319 0.125
321 319 0.125
322 319 0.125
323 319 0.125
1 0 0.111111
324 0 0.111111
2 0 0.111111
323 0 0.111111
3 0 0.111111
322 0 0.111111
4 0 0.111111
321 0 0.111111
227 0 0.111111
