0 1 0.038462
4 1 0.038462
14 1 0.038462
20 1 0.038462
31 1 0.038462
44 1 0.038462
47 1 0.038462
50 1 0.038462
53 1 0.038462
56 1 0.038462
67 1 0.038462
75 1 0.038462
79 1 0.038462
82 1 0.038462
91 1 0.038462
98 1 0.038462
111 1 0.038462
112 1 0.038462
116 1 0.038462
121 1 0.038462
124 1 0.038462
128 1 0.038462
134 1 0.038462
139 1 0.038462
147 1 0.038462
148 1 0.038462
0 2 0.035714
4 2 0.035714
11 2 0.035714
13 2 0.035714
17 2 0.035714
20 2 0.035714
25 2 0.035714
26 2 0.035714
42 2 0.035714
44 2 0.035714
58 2 0.035714
64 2 0.035714
71 2 0.035714
83 2 0.035714
87 2 0.035714
91 2 0.035714
97 2 0.035714
102 2 0.035714
110 2 0.035714
113 2 0.035714
116 2 0.035714
129 2 0.035714
134 2 0.035714
136 2 0.035714
141 2 0.035714
145 2 0.035714
146 2 0.035714
159 2 0.035714
0 15 0.03125
6 15 0.03125
9 15 0.03125
20 15 0.03125
21 15 0.03125
30 15 0.03125
34 15 0.03125
36 15 0.03125
44 15 0.03125
51 15 0.03125
53 15 0.03125
56 15 0.03125
68 15 0.03125
72 15 0.03125
74 15 0.03125
75 15 0.03125
77 15 0.03125
92 15 0.03125
94 15 0.03125
99 15 0.03125
101 15 0.03125
102 15 0.03125
104 15 0.03125
114 15 0.03125
119 15 0.03125
125 15 0.03125
131 15 0.03125
132 15 0.03125
139 15 0.03125
145 15 0.03125
151 15 0.03125
155 15 0.03125
0 29 0.052632
3 29 0.052632
16 29 0.052632
21 29 0.052632
25 29 0.052632
48 29 0.052632
49 29 0.052632
73 29 0.052632
78 29 0.052632
90 29 0.052632
114 29 0.052632
118 29 0.052632
121 29 0.052632
123 29 0.052632
124 29 0.052632
138 29 0.052632
140 29 0.052632
145 29 0.052632
152 29 0.052632
0 31 0.037037
1 31 0.037037
5 31 0.037037
9 31 0.037037
16 31 0.037037
17 31 0.037037
21 31 0.037037
28 31 0.037037
42 31 0.037037
46 31 0.037037
48 31 0.037037
51 31 0.037037
58 31 0.037037
68 31 0.037037
82 31 0.037037
86 31 0.037037
89 31 0.037037
98 31 0.037037
100 31 0.037037
104 31 0.037037
106 31 0.037037
145 31 0.037037
150 31 0.037037
153 31 0.037037
155 31 0.037037
156 31 0.037037
160 31 0.037037
0 32 0.055556
7 32 0.055556
21 32 0.055556
26 32 0.055556
36 32 0.055556
46 32 0.055556
49 32 0.055556
62 32 0.055556
68 32 0.055556
76 32 0.055556
82 32 0.055556
87 32 0.055556
90 32 0.055556
102 32 0.055556
107 32 0.055556
121 32 0.055556
140 32 0.055556
147 32 0.055556
0 47 0.043478
1 47 0.043478
22 47 0.043478
28 47 0.043478
38 47 0.043478
39 47 0.043478
66 47 0.043478
67 47 0.043478
71 47 0.043478
86 47 0.043478
92 47 0.043478
98 47 0.043478
99 47 0.043478
104 47 0.043478
117 47 0.043478
123 47 0.043478
130 47 0.043478
132 47 0.043478
133 47 0.043478
142 47 0.043478
157 47 0.043478
159 47 0.043478
161 47 0.043478
0 62 0.052632
3 62 0.052632
27 62 0.052632
32 62 0.052632
39 62 0.052632
46 62 0.052632
58 62 0.052632
79 62 0.052632
85 62 0.052632
86 62 0.052632
87 62 0.052632
93 62 0.052632
99 62 0.052632
112 62 0.052632
132 62 0.052632
137 62 0.052632
151 62 0.052632
154 62 0.052632
155 62 0.052632
0 74 0.052632
11 74 0.052632
15 74 0.052632
16 74 0.052632
21 74 0.052632
28 74 0.052632
35 74 0.052632
46 74 0.052632
54 74 0.052632
68 74 0.052632
89 74 0.052632
98 74 0.052632
100 74 0.052632
101 74 0.052632
106 74 0.052632
148 74 0.052632
151 74 0.052632
159 74 0.052632
161 74 0.052632
0 75 0.047619
1 75 0.047619
7 75 0.047619
15 75 0.047619
19 75 0.047619
27 75 0.047619
58 75 0.047619
60 75 0.047619
71 75 0.047619
77 75 0.047619
79 75 0.047619
84 75 0.047619
96 75 0.047619
97 75 0.047619
98 75 0.047619
103 75 0.047619
111 75 0.047619
114 75 0.047619
120 75 0.047619
128 75 0.047619
158 75 0.047619
0 82 0.038462
1 82 0.038462
3 82 0.038462
27 82 0.038462
31 82 0.038462
32 82 0.038462
36 82 0.038462
44 82 0.038462
48 82 0.038462
66 82 0.038462
72 82 0.038462
87 82 0.038462
101 82 0.038462
113 82 0.038462
116 82 0.038462
117 82 0.038462
125 82 0.038462
126 82 0.038462
145 82 0.038462
146 82 0.038462
147 82 0.038462
148 82 0.038462
149 82 0.038462
151 82 0.038462
153 82 0.038462
157 82 0.038462
0 89 0.045455
10 89 0.045455
31 89 0.045455
39 89 0.045455
41 89 0.045455
46 89 0.045455
48 89 0.045455
49 89 0.045455
53 89 0.045455
56 89 0.045455
74 89 0.045455
76 89 0.045455
96 89 0.045455
117 89 0.045455
120 89 0.045455
132 89 0.045455
137 89 0.045455
142 89 0.045455
154 89 0.045455
155 89 0.045455
156 89 0.045455
161 89 0.045455
0 96 0.045455
3 96 0.045455
7 96 0.045455
36 96 0.045455
57 96 0.045455
61 96 0.045455
64 96 0.045455
67 96 0.045455
68 96 0.045455
75 96 0.045455
89 96 0.045455
95 96 0.045455
103 96 0.045455
114 96 0.045455
124 96 0.045455
125 96 0.045455
131 96 0.045455
138 96 0.045455
145 96 0.045455
146 96 0.045455
148 96 0.045455
155 96 0.045455
0 98 0.043478
1 98 0.043478
12 98 0.043478
31 98 0.043478
43 98 0.043478
47 98 0.043478
49 98 0.043478
55 98 0.043478
56 98 0.043478
58 98 0.043478
64 98 0.043478
74 98 0.043478
75 98 0.043478
81 98 0.043478
83 98 0.043478
113 98 0.043478
120 98 0.043478
124 98 0.043478
130 98 0.043478
132 98 0.043478
139 98 0.043478
153 98 0.043478
154 98 0.043478
0 101 0.04
5 101 0.04
6 101 0.04
8 101 0.04
13 101 0.04
15 101 0.04
22 101 0.04
25 101 0.04
36 101 0.04
46 101 0.04
48 101 0.04
51 101 0.04
54 101 0.04
56 101 0.04
65 101 0.04
74 101 0.04
82 101 0.04
86 101 0.04
95 101 0.04
106 101 0.04
121 101 0.04
128 101 0.04
131 101 0.04
140 101 0.04
156 101 0.04
0 108 0.05
6 108 0.05
14 108 0.05
52 108 0.05
58 108 0.05
63 108 0.05
99 108 0.05
100 108 0.05
112 108 0.05
114 108 0.05
118 108 0.05
132 108 0.05
133 108 0.05
135 108 0.05
140 108 0.05
141 108 0.05
149 108 0.05
156 108 0.05
158 108 0.05
161 108 0.05
0 110 0.038462
2 110 0.038462
6 110 0.038462
8 110 0.038462
23 110 0.038462
27 110 0.038462
28 110 0.038462
48 110 0.038462
49 110 0.038462
54 110 0.038462
56 110 0.038462
68 110 0.038462
69 110 0.038462
86 110 0.038462
87 110 0.038462
92 110 0.038462
93 110 0.038462
95 110 0.038462
113 110 0.038462
122 110 0.038462
130 110 0.038462
145 110 0.038462
149 110 0.038462
152 110 0.038462
155 110 0.038462
160 110 0.038462
0 112 0.035714
1 112 0.035714
10 112 0.035714
12 112 0.035714
17 112 0.035714
20 112 0.035714
26 112 0.035714
35 112 0.035714
42 112 0.035714
59 112 0.035714
62 112 0.035714
71 112 0.035714
80 112 0.035714
88 112 0.035714
92 112 0.035714
103 112 0.035714
108 112 0.035714
111 112 0.035714
113 112 0.035714
117 112 0.035714
122 112 0.035714
123 112 0.035714
131 112 0.035714
142 112 0.035714
147 112 0.035714
153 112 0.035714
158 112 0.035714
161 112 0.035714
0 121 0.043478
1 121 0.043478
18 121 0.043478
29 121 0.043478
32 121 0.043478
49 121 0.043478
69 121 0.043478
78 121 0.043478
87 121 0.043478
91 121 0.043478
101 121 0.043478
105 121 0.043478
111 121 0.043478
114 121 0.043478
120 121 0.043478
128 121 0.043478
129 121 0.043478
131 121 0.043478
135 121 0.043478
138 121 0.043478
139 121 0.043478
149 121 0.043478
152 121 0.043478
0 123 0.035714
11 123 0.035714
16 123 0.035714
27 123 0.035714
29 123 0.035714
47 123 0.035714
49 123 0.035714
50 123 0.035714
51 123 0.035714
59 123 0.035714
64 123 0.035714
67 123 0.035714
90 123 0.035714
93 123 0.035714
94 123 0.035714
97 123 0.035714
100 123 0.035714
103 123 0.035714
104 123 0.035714
106 123 0.035714
112 123 0.035714
114 123 0.035714
119 123 0.035714
127 123 0.035714
137 123 0.035714
138 123 0.035714
142 123 0.035714
159 123 0.035714
0 125 0.034483
11 125 0.034483
13 125 0.034483
15 125 0.034483
20 125 0.034483
25 125 0.034483
37 125 0.034483
42 125 0.034483
45 125 0.034483
49 125 0.034483
50 125 0.034483
54 125 0.034483
61 125 0.034483
63 125 0.034483
64 125 0.034483
71 125 0.034483
72 125 0.034483
81 125 0.034483
82 125 0.034483
96 125 0.034483
99 125 0.034483
109 125 0.034483
115 125 0.034483
132 125 0.034483
136 125 0.034483
139 125 0.034483
142 125 0.034483
148 125 0.034483
155 125 0.034483
0 133 0.043478
10 133 0.043478
33 133 0.043478
43 133 0.043478
46 133 0.043478
47 133 0.043478
48 133 0.043478
66 133 0.043478
67 133 0.043478
80 133 0.043478
81 133 0.043478
91 133 0.043478
92 133 0.043478
94 133 0.043478
105 133 0.043478
108 133 0.043478
111 133 0.043478
113 133 0.043478
128 133 0.043478
136 133 0.043478
139 133 0.043478
145 133 0.043478
158 133 0.043478
0 140 0.033333
4 140 0.033333
8 140 0.033333
10 140 0.033333
12 140 0.033333
16 140 0.033333
29 140 0.033333
32 140 0.033333
33 140 0.033333
37 140 0.033333
51 140 0.033333
52 140 0.033333
53 140 0.033333
58 140 0.033333
59 140 0.033333
69 140 0.033333
78 140 0.033333
83 140 0.033333
84 140 0.033333
95 140 0.033333
97 140 0.033333
101 140 0.033333
108 140 0.033333
126 140 0.033333
129 140 0.033333
131 140 0.033333
138 140 0.033333
142 140 0.033333
148 140 0.033333
159 140 0.033333
0 142 0.028571
5 142 0.028571
17 142 0.028571
20 142 0.028571
25 142 0.028571
30 142 0.028571
33 142 0.028571
34 142 0.028571
36 142 0.028571
40 142 0.028571
41 142 0.028571
44 142 0.028571
47 142 0.028571
48 142 0.028571
55 142 0.028571
57 142 0.028571
61 142 0.028571
73 142 0.028571
89 142 0.028571
102 142 0.028571
103 142 0.028571
112 142 0.028571
117 142 0.028571
123 142 0.028571
125 142 0.028571
126 142 0.028571
136 142 0.028571
137 142 0.028571
140 142 0.028571
144 142 0.028571
150 142 0.028571
153 142 0.028571
156 142 0.028571
157 142 0.028571
159 142 0.028571
0 154 0.066667
5 154 0.066667
41 154 0.066667
59 154 0.066667
62 154 0.066667
65 154 0.066667
68 154 0.066667
89 154 0.066667
93 154 0.066667
98 154 0.066667
104 154 0.066667
114 154 0.066667
149 154 0.066667
150 154 0.066667
160 154 0.066667
1 4 0.045455
2 4 0.045455
5 4 0.045455
18 4 0.045455
26 4 0.045455
28 4 0.045455
30 4 0.045455
38 4 0.045455
44 4 0.045455
46 4 0.045455
50 4 0.045455
55 4 0.045455
66 4 0.045455
78 4 0.045455
79 4 0.045455
80 4 0.045455
94 4 0.045455
116 4 0.045455
138 4 0.045455
140 4 0.045455
143 4 0.045455
147 4 0.045455
1 14 0.041667
5 14 0.041667
11 14 0.041667
12 14 0.041667
34 14 0.041667
40 14 0.041667
49 14 0.041667
57 14 0.041667
64 14 0.041667
70 14 0.041667
72 14 0.041667
80 14 0.041667
87 14 0.041667
90 14 0.041667
93 14 0.041667
104 14 0.041667
105 14 0.041667
108 14 0.041667
114 14 0.041667
120 14 0.041667
122 14 0.041667
127 14 0.041667
143 14 0.041667
155 14 0.041667
1 20 0.035714
2 20 0.035714
9 20 0.035714
15 20 0.035714
17 20 0.035714
26 20 0.035714
35 20 0.035714
40 20 0.035714
49 20 0.035714
51 20 0.035714
52 20 0.035714
53 20 0.035714
56 20 0.035714
72 20 0.035714
88 20 0.035714
91 20 0.035714
92 20 0.035714
93 20 0.035714
100 20 0.035714
103 20 0.035714
112 20 0.035714
125 20 0.035714
130 20 0.035714
134 20 0.035714
141 20 0.035714
142 20 0.035714
151 20 0.035714
160 20 0.035714
1 44 0.035714
2 44 0.035714
4 44 0.035714
5 44 0.035714
15 44 0.035714
17 44 0.035714
22 44 0.035714
43 44 0.035714
48 44 0.035714
49 44 0.035714
53 44 0.035714
70 44 0.035714
77 44 0.035714
82 44 0.035714
83 44 0.035714
85 44 0.035714
95 44 0.035714
103 44 0.035714
104 44 0.035714
109 44 0.035714
124 44 0.035714
127 44 0.035714
142 44 0.035714
148 44 0.035714
151 44 0.035714
152 44 0.035714
155 44 0.035714
160 44 0.035714
1 50 0.041667
4 50 0.041667
17 50 0.041667
27 50 0.041667
28 50 0.041667
35 50 0.041667
42 50 0.041667
57 50 0.041667
58 50 0.041667
73 50 0.041667
77 50 0.041667
88 50 0.041667
94 50 0.041667
107 50 0.041667
123 50 0.041667
125 50 0.041667
130 50 0.041667
139 50 0.041667
141 50 0.041667
143 50 0.041667
145 50 0.041667
147 50 0.041667
152 50 0.041667
155 50 0.041667
1 53 0.030303
3 53 0.030303
8 53 0.030303
10 53 0.030303
15 53 0.030303
20 53 0.030303
23 53 0.030303
24 53 0.030303
26 53 0.030303
27 53 0.030303
38 53 0.030303
44 53 0.030303
48 53 0.030303
51 53 0.030303
59 53 0.030303
64 53 0.030303
67 53 0.030303
71 53 0.030303
73 53 0.030303
77 53 0.030303
86 53 0.030303
89 53 0.030303
92 53 0.030303
99 53 0.030303
100 53 0.030303
114 53 0.030303
116 53 0.030303
118 53 0.030303
127 53 0.030303
140 53 0.030303
148 53 0.030303
153 53 0.030303
155 53 0.030303
1 56 0.037037
3 56 0.037037
7 56 0.037037
15 56 0.037037
18 56 0.037037
20 56 0.037037
21 56 0.037037
27 56 0.037037
42 56 0.037037
49 56 0.037037
58 56 0.037037
61 56 0.037037
66 56 0.037037
71 56 0.037037
76 56 0.037037
89 56 0.037037
91 56 0.037037
98 56 0.037037
101 56 0.037037
105 56 0.037037
107 56 0.037037
110 56 0.037037
126 56 0.037037
136 56 0.037037
156 56 0.037037
158 56 0.037037
160 56 0.037037
1 67 0.03125
3 67 0.03125
8 67 0.03125
9 67 0.03125
10 67 0.03125
11 67 0.03125
13 67 0.03125
22 67 0.03125
35 67 0.03125
37 67 0.03125
39 67 0.03125
41 67 0.03125
42 67 0.03125
47 67 0.03125
53 67 0.03125
68 67 0.03125
80 67 0.03125
83 67 0.03125
96 67 0.03125
99 67 0.03125
104 67 0.03125
120 67 0.03125
123 67 0.03125
130 67 0.03125
133 67 0.03125
134 67 0.03125
136 67 0.03125
137 67 0.03125
145 67 0.03125
148 67 0.03125
151 67 0.03125
156 67 0.03125
1 79 0.038462
4 79 0.038462
16 79 0.038462
35 79 0.038462
48 79 0.038462
62 79 0.038462
63 79 0.038462
64 79 0.038462
69 79 0.038462
70 79 0.038462
71 79 0.038462
75 79 0.038462
85 79 0.038462
92 79 0.038462
100 79 0.038462
102 79 0.038462
104 79 0.038462
114 79 0.038462
115 79 0.038462
128 79 0.038462
138 79 0.038462
144 79 0.038462
151 79 0.038462
152 79 0.038462
153 79 0.038462
156 79 0.038462
1 91 0.043478
2 91 0.043478
6 91 0.043478
8 91 0.043478
19 91 0.043478
20 91 0.043478
26 91 0.043478
37 91 0.043478
40 91 0.043478
54 91 0.043478
56 91 0.043478
85 91 0.043478
86 91 0.043478
87 91 0.043478
102 91 0.043478
109 91 0.043478
117 91 0.043478
121 91 0.043478
128 91 0.043478
133 91 0.043478
155 91 0.043478
157 91 0.043478
161 91 0.043478
1 111 0.035714
7 111 0.035714
8 111 0.035714
9 111 0.035714
16 111 0.035714
17 111 0.035714
27 111 0.035714
30 111 0.035714
38 111 0.035714
39 111 0.035714
61 111 0.035714
63 111 0.035714
68 111 0.035714
75 111 0.035714
78 111 0.035714
83 111 0.035714
84 111 0.035714
86 111 0.035714
112 111 0.035714
115 111 0.035714
116 111 0.035714
119 111 0.035714
120 111 0.035714
121 111 0.035714
133 111 0.035714
152 111 0.035714
153 111 0.035714
160 111 0.035714
1 116 0.05
2 116 0.05
4 116 0.05
8 116 0.05
9 116 0.05
22 116 0.05
26 116 0.05
36 116 0.05
40 116 0.05
53 116 0.05
61 116 0.05
71 116 0.05
82 116 0.05
92 116 0.05
105 116 0.05
111 116 0.05
120 116 0.05
126 116 0.05
149 116 0.05
150 116 0.05
1 124 0.035714
13 124 0.035714
16 124 0.035714
23 124 0.035714
25 124 0.035714
29 124 0.035714
30 124 0.035714
43 124 0.035714
44 124 0.035714
55 124 0.035714
58 124 0.035714
70 124 0.035714
71 124 0.035714
86 124 0.035714
87 124 0.035714
96 124 0.035714
98 124 0.035714
100 124 0.035714
113 124 0.035714
114 124 0.035714
119 124 0.035714
135 124 0.035714
139 124 0.035714
141 124 0.035714
146 124 0.035714
150 124 0.035714
157 124 0.035714
160 124 0.035714
1 128 0.055556
18 128 0.055556
23 128 0.055556
27 128 0.055556
34 128 0.055556
60 128 0.055556
65 128 0.055556
75 128 0.055556
79 128 0.055556
91 128 0.055556
94 128 0.055556
101 128 0.055556
109 128 0.055556
121 128 0.055556
133 128 0.055556
138 128 0.055556
152 128 0.055556
160 128 0.055556
1 134 0.043478
2 134 0.043478
8 134 0.043478
9 134 0.043478
18 134 0.043478
20 134 0.043478
26 134 0.043478
33 134 0.043478
54 134 0.043478
66 134 0.043478
67 134 0.043478
76 134 0.043478
77 134 0.043478
85 134 0.043478
94 134 0.043478
107 134 0.043478
113 134 0.043478
119 134 0.043478
129 134 0.043478
130 134 0.043478
136 134 0.043478
139 134 0.043478
141 134 0.043478
1 139 0.038462
5 139 0.038462
7 139 0.038462
11 139 0.038462
15 139 0.038462
18 139 0.038462
45 139 0.038462
48 139 0.038462
50 139 0.038462
69 139 0.038462
80 139 0.038462
93 139 0.038462
98 139 0.038462
115 139 0.038462
121 139 0.038462
124 139 0.038462
125 139 0.038462
126 139 0.038462
133 139 0.038462
134 139 0.038462
136 139 0.038462
143 139 0.038462
145 139 0.038462
149 139 0.038462
150 139 0.038462
158 139 0.038462
1 147 0.05
4 147 0.05
10 147 0.05
23 147 0.05
24 147 0.05
28 147 0.05
32 147 0.05
33 147 0.05
45 147 0.05
50 147 0.05
52 147 0.05
55 147 0.05
78 147 0.05
81 147 0.05
82 147 0.05
88 147 0.05
102 147 0.05
112 147 0.05
130 147 0.05
138 147 0.05
1 148 0.033333
3 148 0.033333
6 148 0.033333
9 148 0.033333
25 148 0.033333
26 148 0.033333
27 148 0.033333
35 148 0.033333
44 148 0.033333
49 148 0.033333
52 148 0.033333
53 148 0.033333
63 148 0.033333
67 148 0.033333
69 148 0.033333
74 148 0.033333
76 148 0.033333
81 148 0.033333
82 148 0.033333
87 148 0.033333
95 148 0.033333
96 148 0.033333
106 148 0.033333
107 148 0.033333
125 148 0.033333
126 148 0.033333
137 148 0.033333
140 148 0.033333
141 148 0.033333
149 148 0.033333
2 11 0.047619
14 11 0.047619
24 11 0.047619
27 11 0.047619
28 11 0.047619
33 11 0.047619
38 11 0.047619
55 11 0.047619
58 11 0.047619
65 11 0.047619
67 11 0.047619
74 11 0.047619
99 11 0.047619
106 11 0.047619
107 11 0.047619
115 11 0.047619
123 11 0.047619
125 11 0.047619
130 11 0.047619
132 11 0.047619
139 11 0.047619
2 13 0.047619
7 13 0.047619
10 13 0.047619
25 13 0.047619
36 13 0.047619
43 13 0.047619
60 13 0.047619
67 13 0.047619
71 13 0.047619
80 13 0.047619
101 13 0.047619
102 13 0.047619
113 13 0.047619
117 13 0.047619
124 13 0.047619
125 13 0.047619
137 13 0.047619
138 13 0.047619
146 13 0.047619
149 13 0.047619
151 13 0.047619
2 17 0.041667
5 17 0.041667
9 17 0.041667
20 17 0.041667
28 17 0.041667
31 17 0.041667
35 17 0.041667
44 17 0.041667
45 17 0.041667
46 17 0.041667
50 17 0.041667
55 17 0.041667
57 17 0.041667
64 17 0.041667
93 17 0.041667
102 17 0.041667
107 17 0.041667
111 17 0.041667
112 17 0.041667
119 17 0.041667
122 17 0.041667
129 17 0.041667
142 17 0.041667
145 17 0.041667
2 25 0.047619
13 25 0.047619
29 25 0.047619
38 25 0.047619
39 25 0.047619
42 25 0.047619
45 25 0.047619
61 25 0.047619
83 25 0.047619
87 25 0.047619
92 25 0.047619
99 25 0.047619
101 25 0.047619
122 25 0.047619
124 25 0.047619
125 25 0.047619
127 25 0.047619
132 25 0.047619
142 25 0.047619
144 25 0.047619
148 25 0.047619
2 26 0.04
4 26 0.04
8 26 0.04
16 26 0.04
20 26 0.04
22 26 0.04
24 26 0.04
28 26 0.04
32 26 0.04
34 26 0.04
53 26 0.04
54 26 0.04
71 26 0.04
86 26 0.04
91 26 0.04
112 26 0.04
116 26 0.04
126 26 0.04
129 26 0.04
134 26 0.04
141 26 0.04
144 26 0.04
148 26 0.04
149 26 0.04
157 26 0.04
2 42 0.055556
16 42 0.055556
24 42 0.055556
25 42 0.055556
28 42 0.055556
31 42 0.055556
34 42 0.055556
43 42 0.055556
50 42 0.055556
56 42 0.055556
67 42 0.055556
69 42 0.055556
72 42 0.055556
99 42 0.055556
112 42 0.055556
125 42 0.055556
157 42 0.055556
161 42 0.055556
2 58 0.030303
11 58 0.030303
19 58 0.030303
21 58 0.030303
24 58 0.030303
28 58 0.030303
31 58 0.030303
50 58 0.030303
52 58 0.030303
56 58 0.030303
62 58 0.030303
65 58 0.030303
75 58 0.030303
78 58 0.030303
87 58 0.030303
93 58 0.030303
94 58 0.030303
98 58 0.030303
105 58 0.030303
108 58 0.030303
109 58 0.030303
117 58 0.030303
118 58 0.030303
124 58 0.030303
130 58 0.030303
138 58 0.030303
140 58 0.030303
143 58 0.030303
149 58 0.030303
150 58 0.030303
151 58 0.030303
157 58 0.030303
159 58 0.030303
2 64 0.045455
14 64 0.045455
17 64 0.045455
28 64 0.045455
38 64 0.045455
53 64 0.045455
65 64 0.045455
69 64 0.045455
71 64 0.045455
73 64 0.045455
78 64 0.045455
79 64 0.045455
92 64 0.045455
94 64 0.045455
96 64 0.045455
98 64 0.045455
99 64 0.045455
100 64 0.045455
109 64 0.045455
123 64 0.045455
125 64 0.045455
151 64 0.045455
2 71 0.033333
3 71 0.033333
13 71 0.033333
16 71 0.033333
26 71 0.033333
38 71 0.033333
41 71 0.033333
47 71 0.033333
49 71 0.033333
53 71 0.033333
56 71 0.033333
59 71 0.033333
64 71 0.033333
68 71 0.033333
75 71 0.033333
76 71 0.033333
77 71 0.033333
79 71 0.033333
86 71 0.033333
97 71 0.033333
102 71 0.033333
112 71 0.033333
115 71 0.033333
116 71 0.033333
124 71 0.033333
125 71 0.033333
129 71 0.033333
137 71 0.033333
149 71 0.033333
160 71 0.033333
2 83 0.04
7 83 0.04
10 83 0.04
22 83 0.04
23 83 0.04
24 83 0.04
25 83 0.04
34 83 0.04
38 83 0.04
44 83 0.04
52 83 0.04
63 83 0.04
65 83 0.04
67 83 0.04
68 83 0.04
85 83 0.04
90 83 0.04
95 83 0.04
98 83 0.04
104 83 0.04
106 83 0.04
111 83 0.04
137 83 0.04
140 83 0.04
155 83 0.04
2 87 0.035714
8 87 0.035714
14 87 0.035714
25 87 0.035714
32 87 0.035714
33 87 0.035714
39 87 0.035714
46 87 0.035714
58 87 0.035714
62 87 0.035714
65 87 0.035714
72 87 0.035714
73 87 0.035714
82 87 0.035714
91 87 0.035714
94 87 0.035714
97 87 0.035714
109 87 0.035714
110 87 0.035714
117 87 0.035714
121 87 0.035714
124 87 0.035714
137 87 0.035714
144 87 0.035714
148 87 0.035714
151 87 0.035714
158 87 0.035714
160 87 0.035714
2 97 0.047619
6 97 0.047619
23 97 0.047619
34 97 0.047619
35 97 0.047619
39 97 0.047619
49 97 0.047619
55 97 0.047619
71 97 0.047619
75 97 0.047619
76 97 0.047619
84 97 0.047619
87 97 0.047619
103 97 0.047619
115 97 0.047619
123 97 0.047619
130 97 0.047619
140 97 0.047619
145 97 0.047619
151 97 0.047619
160 97 0.047619
2 102 0.037037
5 102 0.037037
10 102 0.037037
13 102 0.037037
15 102 0.037037
17 102 0.037037
21 102 0.037037
32 102 0.037037
33 102 0.037037
35 102 0.037037
37 102 0.037037
71 102 0.037037
77 102 0.037037
79 102 0.037037
85 102 0.037037
91 102 0.037037
92 102 0.037037
105 102 0.037037
106 102 0.037037
107 102 0.037037
114 102 0.037037
115 102 0.037037
129 102 0.037037
136 102 0.037037
141 102 0.037037
142 102 0.037037
147 102 0.037037
2 113 0.03125
3 113 0.03125
10 113 0.03125
12 113 0.03125
13 113 0.03125
35 113 0.03125
36 113 0.03125
48 113 0.03125
54 113 0.03125
60 113 0.03125
70 113 0.03125
77 113 0.03125
80 113 0.03125
82 113 0.03125
86 113 0.03125
92 113 0.03125
98 113 0.03125
110 113 0.03125
112 113 0.03125
118 113 0.03125
124 113 0.03125
132 113 0.03125
133 113 0.03125
134 113 0.03125
137 113 0.03125
138 113 0.03125
143 113 0.03125
144 113 0.03125
145 113 0.03125
153 113 0.03125
156 113 0.03125
159 113 0.03125
2 129 0.04
6 129 0.04
10 129 0.04
17 129 0.04
19 129 0.04
21 129 0.04
26 129 0.04
36 129 0.04
41 129 0.04
51 129 0.04
54 129 0.04
55 129 0.04
57 129 0.04
60 129 0.04
69 129 0.04
71 129 0.04
76 129 0.04
94 129 0.04
102 129 0.04
104 129 0.04
120 129 0.04
121 129 0.04
134 129 0.04
137 129 0.04
140 129 0.04
2 136 0.052632
8 136 0.052632
19 136 0.052632
48 136 0.052632
56 136 0.052632
57 136 0.052632
63 136 0.052632
65 136 0.052632
67 136 0.052632
85 136 0.052632
102 136 0.052632
105 136 0.052632
125 136 0.052632
133 136 0.052632
134 136 0.052632
139 136 0.052632
142 136 0.052632
153 136 0.052632
161 136 0.052632
2 141 0.038462
6 141 0.038462
16 141 0.038462
20 141 0.038462
26 141 0.038462
36 141 0.038462
45 141 0.038462
48 141 0.038462
50 141 0.038462
54 141 0.038462
55 141 0.038462
69 141 0.038462
72 141 0.038462
76 141 0.038462
92 141 0.038462
102 141 0.038462
103 141 0.038462
108 141 0.038462
114 141 0.038462
115 141 0.038462
124 141 0.038462
134 141 0.038462
145 141 0.038462
148 141 0.038462
155 141 0.038462
160 141 0.038462
2 145 0.034483
9 145 0.034483
15 145 0.034483
17 145 0.034483
19 145 0.034483
21 145 0.034483
29 145 0.034483
31 145 0.034483
45 145 0.034483
46 145 0.034483
49 145 0.034483
50 145 0.034483
67 145 0.034483
70 145 0.034483
82 145 0.034483
88 145 0.034483
94 145 0.034483
96 145 0.034483
97 145 0.034483
104 145 0.034483
109 145 0.034483
110 145 0.034483
113 145 0.034483
119 145 0.034483
130 145 0.034483
133 145 0.034483
139 145 0.034483
141 145 0.034483
158 145 0.034483
2 146 0.052632
8 146 0.052632
13 146 0.052632
30 146 0.052632
37 146 0.052632
38 146 0.052632
52 146 0.052632
57 146 0.052632
70 146 0.052632
73 146 0.052632
82 146 0.052632
96 146 0.052632
114 146 0.052632
117 146 0.052632
124 146 0.052632
126 146 0.052632
151 146 0.052632
156 146 0.052632
160 146 0.052632
2 159 0.052632
3 159 0.052632
8 159 0.052632
19 159 0.052632
27 159 0.052632
30 159 0.052632
39 159 0.052632
47 159 0.052632
58 159 0.052632
68 159 0.052632
74 159 0.052632
80 159 0.052632
107 159 0.052632
113 159 0.052632
123 159 0.052632
140 159 0.052632
142 159 0.052632
153 159 0.052632
155 159 0.052632
3 6 0.05
5 6 0.05
7 6 0.05
15 6 0.05
33 6 0.05
45 6 0.05
69 6 0.05
81 6 0.05
91 6 0.05
97 6 0.05
101 6 0.05
106 6 0.05
108 6 0.05
110 6 0.05
114 6 0.05
127 6 0.05
129 6 0.05
141 6 0.05
148 6 0.05
152 6 0.05
3 24 0.038462
11 24 0.038462
26 24 0.038462
28 24 0.038462
34 24 0.038462
42 24 0.038462
46 24 0.038462
48 24 0.038462
51 24 0.038462
53 24 0.038462
57 24 0.038462
58 24 0.038462
61 24 0.038462
72 24 0.038462
80 24 0.038462
83 24 0.038462
92 24 0.038462
104 24 0.038462
106 24 0.038462
114 24 0.038462
117 24 0.038462
119 24 0.038462
147 24 0.038462
151 24 0.038462
153 24 0.038462
157 24 0.038462
3 33 0.058824
6 33 0.058824
11 33 0.058824
68 33 0.058824
87 33 0.058824
92 33 0.058824
102 33 0.058824
109 33 0.058824
118 33 0.058824
133 33 0.058824
134 33 0.058824
135 33 0.058824
140 33 0.058824
142 33 0.058824
147 33 0.058824
150 33 0.058824
157 33 0.058824
3 40 0.045455
9 40 0.045455
10 40 0.045455
14 40 0.045455
16 40 0.045455
20 40 0.045455
35 40 0.045455
36 40 0.045455
37 40 0.045455
48 40 0.045455
59 40 0.045455
63 40 0.045455
70 40 0.045455
91 40 0.045455
93 40 0.045455
116 40 0.045455
126 40 0.045455
135 40 0.045455
142 40 0.045455
153 40 0.045455
156 40 0.045455
157 40 0.045455
3 41 0.05
12 41 0.05
36 41 0.05
39 41 0.05
67 41 0.05
69 41 0.05
71 41 0.05
76 41 0.05
89 41 0.05
94 41 0.05
104 41 0.05
105 41 0.05
107 41 0.05
119 41 0.05
129 41 0.05
135 41 0.05
142 41 0.05
144 41 0.05
154 41 0.05
157 41 0.05
3 45 0.052632
6 45 0.052632
17 45 0.052632
25 45 0.052632
34 45 0.052632
37 45 0.052632
49 45 0.052632
59 45 0.052632
76 45 0.052632
80 45 0.052632
84 45 0.052632
100 45 0.052632
125 45 0.052632
131 45 0.052632
138 45 0.052632
139 45 0.052632
141 45 0.052632
145 45 0.052632
147 45 0.052632
3 46 0.035714
4 46 0.035714
17 46 0.035714
18 46 0.035714
19 46 0.035714
21 46 0.035714
22 46 0.035714
24 46 0.035714
28 46 0.035714
30 46 0.035714
31 46 0.035714
32 46 0.035714
54 46 0.035714
62 46 0.035714
74 46 0.035714
84 46 0.035714
87 46 0.035714
89 46 0.035714
101 46 0.035714
103 46 0.035714
127 46 0.035714
133 46 0.035714
135 46 0.035714
143 46 0.035714
145 46 0.035714
149 46 0.035714
150 46 0.035714
152 46 0.035714
3 49 0.032258
5 49 0.032258
9 49 0.032258
10 49 0.032258
12 49 0.032258
14 49 0.032258
19 49 0.032258
20 49 0.032258
22 49 0.032258
29 49 0.032258
30 49 0.032258
32 49 0.032258
44 49 0.032258
45 49 0.032258
56 49 0.032258
63 49 0.032258
71 49 0.032258
89 49 0.032258
90 49 0.032258
97 49 0.032258
98 49 0.032258
110 49 0.032258
119 49 0.032258
121 49 0.032258
123 49 0.032258
125 49 0.032258
131 49 0.032258
132 49 0.032258
145 49 0.032258
148 49 0.032258
151 49 0.032258
3 55 0.05
4 55 0.05
11 55 0.05
17 55 0.05
19 55 0.05
39 55 0.05
81 55 0.05
97 55 0.05
98 55 0.05
99 55 0.05
105 55 0.05
107 55 0.05
124 55 0.05
129 55 0.05
130 55 0.05
141 55 0.05
142 55 0.05
143 55 0.05
147 55 0.05
151 55 0.05
3 60 0.052632
13 60 0.052632
34 60 0.052632
35 60 0.052632
65 60 0.052632
66 60 0.052632
70 60 0.052632
75 60 0.052632
84 60 0.052632
109 60 0.052632
113 60 0.052632
114 60 0.052632
128 60 0.052632
129 60 0.052632
138 60 0.052632
149 60 0.052632
151 60 0.052632
156 60 0.052632
161 60 0.052632
3 70 0.04
10 70 0.04
14 70 0.04
30 70 0.04
40 70 0.04
44 70 0.04
52 70 0.04
60 70 0.04
79 70 0.04
85 70 0.04
92 70 0.04
100 70 0.04
103 70 0.04
104 70 0.04
105 70 0.04
109 70 0.04
113 70 0.04
124 70 0.04
126 70 0.04
127 70 0.04
138 70 0.04
145 70 0.04
146 70 0.04
149 70 0.04
152 70 0.04
3 80 0.047619
4 80 0.047619
9 80 0.047619
10 80 0.047619
13 80 0.047619
14 80 0.047619
24 80 0.047619
45 80 0.047619
57 80 0.047619
63 80 0.047619
65 80 0.047619
67 80 0.047619
95 80 0.047619
112 80 0.047619
113 80 0.047619
133 80 0.047619
137 80 0.047619
139 80 0.047619
152 80 0.047619
156 80 0.047619
159 80 0.047619
3 84 0.055556
8 84 0.055556
23 84 0.055556
35 84 0.055556
39 84 0.055556
45 84 0.055556
46 84 0.055556
60 84 0.055556
75 84 0.055556
81 84 0.055556
97 84 0.055556
111 84 0.055556
127 84 0.055556
130 84 0.055556
140 84 0.055556
151 84 0.055556
152 84 0.055556
158 84 0.055556
3 120 0.05
14 120 0.05
23 120 0.05
37 120 0.05
38 120 0.05
51 120 0.05
57 120 0.05
67 120 0.05
75 120 0.05
89 120 0.05
92 120 0.05
93 120 0.05
98 120 0.05
103 120 0.05
111 120 0.05
116 120 0.05
121 120 0.05
129 120 0.05
155 120 0.05
160 120 0.05
3 126 0.035714
12 126 0.035714
16 126 0.035714
22 126 0.035714
26 126 0.035714
40 126 0.035714
54 126 0.035714
56 126 0.035714
59 126 0.035714
65 126 0.035714
69 126 0.035714
70 126 0.035714
78 126 0.035714
82 126 0.035714
105 126 0.035714
109 126 0.035714
116 126 0.035714
118 126 0.035714
119 126 0.035714
135 126 0.035714
139 126 0.035714
140 126 0.035714
142 126 0.035714
143 126 0.035714
146 126 0.035714
148 126 0.035714
155 126 0.035714
157 126 0.035714
3 132 0.04
10 132 0.04
11 132 0.04
15 132 0.04
25 132 0.04
47 132 0.04
49 132 0.04
59 132 0.04
62 132 0.04
65 132 0.04
69 132 0.04
81 132 0.04
88 132 0.04
89 132 0.04
98 132 0.04
105 132 0.04
106 132 0.04
108 132 0.04
113 132 0.04
115 132 0.04
119 132 0.04
125 132 0.04
127 132 0.04
138 132 0.04
143 132 0.04
4 5 0.043478
6 5 0.043478
7 5 0.043478
14 5 0.043478
17 5 0.043478
21 5 0.043478
30 5 0.043478
31 5 0.043478
44 5 0.043478
49 5 0.043478
63 5 0.043478
86 5 0.043478
94 5 0.043478
101 5 0.043478
102 5 0.043478
137 5 0.043478
138 5 0.043478
139 5 0.043478
142 5 0.043478
144 5 0.043478
152 5 0.043478
154 5 0.043478
161 5 0.043478
4 18 0.041667
10 18 0.041667
30 18 0.041667
35 18 0.041667
38 18 0.041667
39 18 0.041667
46 18 0.041667
51 18 0.041667
56 18 0.041667
63 18 0.041667
66 18 0.041667
68 18 0.041667
73 18 0.041667
76 18 0.041667
88 18 0.041667
93 18 0.041667
104 18 0.041667
121 18 0.041667
128 18 0.041667
134 18 0.041667
139 18 0.041667
149 18 0.041667
153 18 0.041667
156 18 0.041667
4 28 0.037037
11 28 0.037037
17 28 0.037037
24 28 0.037037
26 28 0.037037
31 28 0.037037
38 28 0.037037
39 28 0.037037
42 28 0.037037
46 28 0.037037
47 28 0.037037
50 28 0.037037
58 28 0.037037
61 28 0.037037
64 28 0.037037
65 28 0.037037
69 28 0.037037
74 28 0.037037
85 28 0.037037
92 28 0.037037
94 28 0.037037
110 28 0.037037
119 28 0.037037
137 28 0.037037
144 28 0.037037
147 28 0.037037
161 28 0.037037
4 30 0.045455
5 30 0.045455
8 30 0.045455
12 30 0.045455
15 30 0.045455
18 30 0.045455
19 30 0.045455
27 30 0.045455
46 30 0.045455
49 30 0.045455
70 30 0.045455
86 30 0.045455
94 30 0.045455
99 30 0.045455
111 30 0.045455
122 30 0.045455
124 30 0.045455
138 30 0.045455
142 30 0.045455
146 30 0.045455
155 30 0.045455
159 30 0.045455
4 38 0.04
11 38 0.04
18 38 0.04
25 38 0.04
28 38 0.04
37 38 0.04
47 38 0.04
48 38 0.04
53 38 0.04
59 38 0.04
64 38 0.04
66 38 0.04
71 38 0.04
77 38 0.04
83 38 0.04
93 38 0.04
100 38 0.04
111 38 0.04
115 38 0.04
119 38 0.04
120 38 0.04
146 38 0.04
153 38 0.04
156 38 0.04
157 38 0.04
4 66 0.0625
9 66 0.0625
10 66 0.0625
12 66 0.0625
18 66 0.0625
38 66 0.0625
47 66 0.0625
56 66 0.0625
60 66 0.0625
73 66 0.0625
82 66 0.0625
100 66 0.0625
104 66 0.0625
119 66 0.0625
133 66 0.0625
134 66 0.0625
4 78 0.047619
27 78 0.047619
29 78 0.047619
34 78 0.047619
39 78 0.047619
57 78 0.047619
58 78 0.047619
61 78 0.047619
64 78 0.047619
92 78 0.047619
94 78 0.047619
109 78 0.047619
111 78 0.047619
114 78 0.047619
115 78 0.047619
118 78 0.047619
121 78 0.047619
126 78 0.047619
140 78 0.047619
147 78 0.047619
151 78 0.047619
4 94 0.035714
5 94 0.035714
15 94 0.035714
28 94 0.035714
30 94 0.035714
41 94 0.035714
50 94 0.035714
58 94 0.035714
64 94 0.035714
73 94 0.035714
77 94 0.035714
78 94 0.035714
85 94 0.035714
87 94 0.035714
106 94 0.035714
123 94 0.035714
128 94 0.035714
129 94 0.035714
130 94 0.035714
131 94 0.035714
133 94 0.035714
134 94 0.035714
145 94 0.035714
150 94 0.035714
153 94 0.035714
155 94 0.035714
156 94 0.035714
157 94 0.035714
4 138 0.032258
5 138 0.032258
13 138 0.032258
16 138 0.032258
21 138 0.032258
22 138 0.032258
29 138 0.032258
30 138 0.032258
43 138 0.032258
45 138 0.032258
48 138 0.032258
58 138 0.032258
59 138 0.032258
60 138 0.032258
61 138 0.032258
65 138 0.032258
70 138 0.032258
79 138 0.032258
86 138 0.032258
96 138 0.032258
113 138 0.032258
121 138 0.032258
123 138 0.032258
128 138 0.032258
132 138 0.032258
135 138 0.032258
137 138 0.032258
140 138 0.032258
147 138 0.032258
156 138 0.032258
158 138 0.032258
4 143 0.045455
10 143 0.045455
14 143 0.045455
19 143 0.045455
46 143 0.045455
50 143 0.045455
51 143 0.045455
55 143 0.045455
58 143 0.045455
61 143 0.045455
99 143 0.045455
100 143 0.045455
107 143 0.045455
113 143 0.045455
115 143 0.045455
119 143 0.045455
126 143 0.045455
130 143 0.045455
131 143 0.045455
132 143 0.045455
139 143 0.045455
150 143 0.045455
5 7 0.047619
6 7 0.047619
13 7 0.047619
22 7 0.047619
32 7 0.047619
37 7 0.047619
54 7 0.047619
56 7 0.047619
59 7 0.047619
72 7 0.047619
75 7 0.047619
76 7 0.047619
81 7 0.047619
83 7 0.047619
96 7 0.047619
111 7 0.047619
139 7 0.047619
144 7 0.047619
155 7 0.047619
158 7 0.047619
160 7 0.047619
5 21 0.052632
10 21 0.052632
12 21 0.052632
15 21 0.052632
29 21 0.052632
31 21 0.052632
32 21 0.052632
46 21 0.052632
56 21 0.052632
58 21 0.052632
74 21 0.052632
76 21 0.052632
102 21 0.052632
109 21 0.052632
129 21 0.052632
138 21 0.052632
145 21 0.052632
152 21 0.052632
158 21 0.052632
5 63 0.043478
8 63 0.043478
10 63 0.043478
16 63 0.043478
18 63 0.043478
22 63 0.043478
23 63 0.043478
40 63 0.043478
43 63 0.043478
49 63 0.043478
51 63 0.043478
59 63 0.043478
61 63 0.043478
79 63 0.043478
80 63 0.043478
83 63 0.043478
90 63 0.043478
108 63 0.043478
111 63 0.043478
125 63 0.043478
136 63 0.043478
148 63 0.043478
158 63 0.043478
5 86 0.037037
8 86 0.037037
16 86 0.037037
19 86 0.037037
22 86 0.037037
26 86 0.037037
30 86 0.037037
31 86 0.037037
47 86 0.037037
53 86 0.037037
62 86 0.037037
71 86 0.037037
76 86 0.037037
91 86 0.037037
101 86 0.037037
104 86 0.037037
109 86 0.037037
110 86 0.037037
111 86 0.037037
113 86 0.037037
118 86 0.037037
122 86 0.037037
124 86 0.037037
138 86 0.037037
150 86 0.037037
156 86 0.037037
160 86 0.037037
5 137 0.038462
13 137 0.038462
16 137 0.038462
28 137 0.038462
36 137 0.038462
37 137 0.038462
62 137 0.038462
65 137 0.038462
67 137 0.038462
71 137 0.038462
80 137 0.038462
83 137 0.038462
87 137 0.038462
89 137 0.038462
104 137 0.038462
107 137 0.038462
113 137 0.038462
123 137 0.038462
129 137 0.038462
138 137 0.038462
142 137 0.038462
148 137 0.038462
149 137 0.038462
156 137 0.038462
157 137 0.038462
161 137 0.038462
5 144 0.071429
7 144 0.071429
25 144 0.071429
26 144 0.071429
28 144 0.071429
41 144 0.071429
79 144 0.071429
87 144 0.071429
106 144 0.071429
113 144 0.071429
118 144 0.071429
130 144 0.071429
135 144 0.071429
142 144 0.071429
5 152 0.043478
6 152 0.043478
21 152 0.043478
22 152 0.043478
29 152 0.043478
44 152 0.043478
46 152 0.043478
50 152 0.043478
54 152 0.043478
70 152 0.043478
79 152 0.043478
80 152 0.043478
84 152 0.043478
95 152 0.043478
103 152 0.043478
110 152 0.043478
111 152 0.043478
115 152 0.043478
117 152 0.043478
121 152 0.043478
128 152 0.043478
155 152 0.043478
161 152 0.043478
5 161 0.055556
28 161 0.055556
42 161 0.055556
47 161 0.055556
54 161 0.055556
60 161 0.055556
61 161 0.055556
65 161 0.055556
74 161 0.055556
89 161 0.055556
91 161 0.055556
108 161 0.055556
112 161 0.055556
119 161 0.055556
130 161 0.055556
136 161 0.055556
137 161 0.055556
152 161 0.055556
6 69 0.041667
27 69 0.041667
28 69 0.041667
35 69 0.041667
41 69 0.041667
42 69 0.041667
61 69 0.041667
64 69 0.041667
76 69 0.041667
79 69 0.041667
81 69 0.041667
110 69 0.041667
114 69 0.041667
117 69 0.041667
121 69 0.041667
126 69 0.041667
129 69 0.041667
132 69 0.041667
135 69 0.041667
139 69 0.041667
140 69 0.041667
141 69 0.041667
148 69 0.041667
158 69 0.041667
6 81 0.043478
7 81 0.043478
22 81 0.043478
23 81 0.043478
34 81 0.043478
55 81 0.043478
59 81 0.043478
61 81 0.043478
65 81 0.043478
69 81 0.043478
84 81 0.043478
98 81 0.043478
109 81 0.043478
115 81 0.043478
119 81 0.043478
125 81 0.043478
132 81 0.043478
133 81 0.043478
135 81 0.043478
147 81 0.043478
148 81 0.043478
155 81 0.043478
158 81 0.043478
6 106 0.043478
10 106 0.043478
11 106 0.043478
24 106 0.043478
31 106 0.043478
36 106 0.043478
39 106 0.043478
68 106 0.043478
72 106 0.043478
74 106 0.043478
83 106 0.043478
90 106 0.043478
94 106 0.043478
101 106 0.043478
102 106 0.043478
103 106 0.043478
123 106 0.043478
132 106 0.043478
144 106 0.043478
148 106 0.043478
150 106 0.043478
151 106 0.043478
156 106 0.043478
6 114 0.037037
14 114 0.037037
15 114 0.037037
24 114 0.037037
29 114 0.037037
43 114 0.037037
51 114 0.037037
53 114 0.037037
54 114 0.037037
60 114 0.037037
68 114 0.037037
69 114 0.037037
75 114 0.037037
77 114 0.037037
78 114 0.037037
79 114 0.037037
90 114 0.037037
96 114 0.037037
102 114 0.037037
108 114 0.037037
121 114 0.037037
123 114 0.037037
124 114 0.037037
135 114 0.037037
141 114 0.037037
146 114 0.037037
154 114 0.037037
6 127 0.055556
12 127 0.055556
14 127 0.055556
19 127 0.055556
22 127 0.055556
25 127 0.055556
44 127 0.055556
46 127 0.055556
53 127 0.055556
65 127 0.055556
70 127 0.055556
84 127 0.055556
88 127 0.055556
103 127 0.055556
118 127 0.055556
123 127 0.055556
132 127 0.055556
149 127 0.055556
7 22 0.043478
26 22 0.043478
44 22 0.043478
46 22 0.043478
47 22 0.043478
49 22 0.043478
54 22 0.043478
63 22 0.043478
67 22 0.043478
81 22 0.043478
83 22 0.043478
86 22 0.043478
101 22 0.043478
105 22 0.043478
115 22 0.043478
116 22 0.043478
118 22 0.043478
119 22 0.043478
126 22 0.043478
127 22 0.043478
138 22 0.043478
149 22 0.043478
152 22 0.043478
7 37 0.043478
34 37 0.043478
36 37 0.043478
38 37 0.043478
40 37 0.043478
45 37 0.043478
54 37 0.043478
59 37 0.043478
65 37 0.043478
67 37 0.043478
76 37 0.043478
88 37 0.043478
90 37 0.043478
91 37 0.043478
102 37 0.043478
120 37 0.043478
125 37 0.043478
130 37 0.043478
137 37 0.043478
140 37 0.043478
146 37 0.043478
149 37 0.043478
151 37 0.043478
7 54 0.038462
22 54 0.038462
26 54 0.038462
36 54 0.038462
37 54 0.038462
46 54 0.038462
51 54 0.038462
57 54 0.038462
74 54 0.038462
76 54 0.038462
91 54 0.038462
101 54 0.038462
103 54 0.038462
110 54 0.038462
113 54 0.038462
114 54 0.038462
125 54 0.038462
126 54 0.038462
129 54 0.038462
130 54 0.038462
134 54 0.038462
141 54 0.038462
149 54 0.038462
152 54 0.038462
156 54 0.038462
161 54 0.038462
7 59 0.041667
27 59 0.041667
35 59 0.041667
37 59 0.041667
38 59 0.041667
40 59 0.041667
45 59 0.041667
48 59 0.041667
51 59 0.041667
53 59 0.041667
63 59 0.041667
71 59 0.041667
81 59 0.041667
85 59 0.041667
105 59 0.041667
112 59 0.041667
123 59 0.041667
126 59 0.041667
132 59 0.041667
138 59 0.041667
140 59 0.041667
154 59 0.041667
157 59 0.041667
160 59 0.041667
7 72 0.058824
14 72 0.058824
15 72 0.058824
20 72 0.058824
24 72 0.058824
42 72 0.058824
68 72 0.058824
82 72 0.058824
85 72 0.058824
87 72 0.058824
92 72 0.058824
106 72 0.058824
107 72 0.058824
125 72 0.058824
130 72 0.058824
141 72 0.058824
149 72 0.058824
7 76 0.043478
9 76 0.043478
18 76 0.043478
21 76 0.043478
32 76 0.043478
37 76 0.043478
41 76 0.043478
45 76 0.043478
54 76 0.043478
56 76 0.043478
69 76 0.043478
71 76 0.043478
73 76 0.043478
86 76 0.043478
89 76 0.043478
95 76 0.043478
97 76 0.043478
103 76 0.043478
129 76 0.043478
134 76 0.043478
141 76 0.043478
148 76 0.043478
158 76 0.043478
7 155 0.041667
14 155 0.041667
15 155 0.041667
30 155 0.041667
31 155 0.041667
44 155 0.041667
50 155 0.041667
53 155 0.041667
62 155 0.041667
65 155 0.041667
81 155 0.041667
83 155 0.041667
89 155 0.041667
91 155 0.041667
94 155 0.041667
96 155 0.041667
110 155 0.041667
119 155 0.041667
120 155 0.041667
125 155 0.041667
126 155 0.041667
141 155 0.041667
152 155 0.041667
159 155 0.041667
7 158 0.038462
9 158 0.038462
21 158 0.038462
56 158 0.038462
63 158 0.038462
65 158 0.038462
68 158 0.038462
69 158 0.038462
75 158 0.038462
76 158 0.038462
81 158 0.038462
84 158 0.038462
87 158 0.038462
88 158 0.038462
108 158 0.038462
112 158 0.038462
117 158 0.038462
118 158 0.038462
133 158 0.038462
135 158 0.038462
138 158 0.038462
139 158 0.038462
145 158 0.038462
150 158 0.038462
157 158 0.038462
160 158 0.038462
7 160 0.037037
20 160 0.037037
23 160 0.037037
31 160 0.037037
34 160 0.037037
35 160 0.037037
36 160 0.037037
44 160 0.037037
56 160 0.037037
59 160 0.037037
71 160 0.037037
86 160 0.037037
87 160 0.037037
88 160 0.037037
97 160 0.037037
105 160 0.037037
110 160 0.037037
111 160 0.037037
120 160 0.037037
124 160 0.037037
128 160 0.037037
141 160 0.037037
146 160 0.037037
150 160 0.037037
153 160 0.037037
154 160 0.037037
158 160 0.037037
8 39 0.038462
18 39 0.038462
25 39 0.038462
28 39 0.038462
41 39 0.038462
47 39 0.038462
55 39 0.038462
61 39 0.038462
62 39 0.038462
65 39 0.038462
67 39 0.038462
78 39 0.038462
84 39 0.038462
87 39 0.038462
89 39 0.038462
92 39 0.038462
97 39 0.038462
106 39 0.038462
111 39 0.038462
115 39 0.038462
131 39 0.038462
135 39 0.038462
149 39 0.038462
151 39 0.038462
153 39 0.038462
159 39 0.038462
8 61 0.038462
12 61 0.038462
16 61 0.038462
24 61 0.038462
25 61 0.038462
28 61 0.038462
36 61 0.038462
39 61 0.038462
51 61 0.038462
56 61 0.038462
63 61 0.038462
69 61 0.038462
78 61 0.038462
81 61 0.038462
96 61 0.038462
99 61 0.038462
111 61 0.038462
116 61 0.038462
125 61 0.038462
130 61 0.038462
138 61 0.038462
142 61 0.038462
143 61 0.038462
150 61 0.038462
153 61 0.038462
161 61 0.038462
8 77 0.05
10 77 0.05
12 77 0.05
15 77 0.05
38 77 0.05
44 77 0.05
50 77 0.05
53 77 0.05
57 77 0.05
71 77 0.05
75 77 0.05
94 77 0.05
102 77 0.05
113 77 0.05
114 77 0.05
122 77 0.05
130 77 0.05
134 77 0.05
135 77 0.05
157 77 0.05
8 88 0.052632
18 88 0.052632
19 88 0.052632
20 88 0.052632
37 88 0.052632
43 88 0.052632
50 88 0.052632
90 88 0.052632
109 88 0.052632
112 88 0.052632
127 88 0.052632
130 88 0.052632
132 88 0.052632
145 88 0.052632
147 88 0.052632
151 88 0.052632
153 88 0.052632
158 88 0.052632
160 88 0.052632
8 92 0.035714
10 92 0.035714
15 92 0.035714
20 92 0.035714
24 92 0.035714
25 92 0.035714
28 92 0.035714
33 92 0.035714
39 92 0.035714
47 92 0.035714
53 92 0.035714
64 92 0.035714
70 92 0.035714
72 92 0.035714
78 92 0.035714
79 92 0.035714
102 92 0.035714
107 92 0.035714
110 92 0.035714
112 92 0.035714
113 92 0.035714
116 92 0.035714
118 92 0.035714
120 92 0.035714
122 92 0.035714
133 92 0.035714
141 92 0.035714
157 92 0.035714
8 122 0.055556
14 122 0.055556
16 122 0.055556
17 122 0.055556
25 122 0.055556
30 122 0.055556
34 122 0.055556
52 122 0.055556
68 122 0.055556
77 122 0.055556
86 122 0.055556
92 122 0.055556
93 122 0.055556
107 122 0.055556
110 122 0.055556
112 122 0.055556
131 122 0.055556
135 122 0.055556
8 150 0.043478
9 150 0.043478
31 150 0.043478
33 150 0.043478
43 150 0.043478
46 150 0.043478
57 150 0.043478
58 150 0.043478
61 150 0.043478
86 150 0.043478
94 150 0.043478
105 150 0.043478
106 150 0.043478
109 150 0.043478
116 150 0.043478
124 150 0.043478
131 150 0.043478
139 150 0.043478
142 150 0.043478
143 150 0.043478
154 150 0.043478
158 150 0.043478
160 150 0.043478
9 16 0.033333
19 16 0.033333
26 16 0.033333
29 16 0.033333
31 16 0.033333
35 16 0.033333
40 16 0.033333
42 16 0.033333
61 16 0.033333
63 16 0.033333
71 16 0.033333
74 16 0.033333
79 16 0.033333
86 16 0.033333
109 16 0.033333
111 16 0.033333
117 16 0.033333
118 16 0.033333
122 16 0.033333
123 16 0.033333
124 16 0.033333
126 16 0.033333
130 16 0.033333
135 16 0.033333
137 16 0.033333
138 16 0.033333
140 16 0.033333
141 16 0.033333
151 16 0.033333
156 16 0.033333
9 23 0.05
10 23 0.05
34 23 0.05
36 23 0.05
53 23 0.05
63 23 0.05
81 23 0.05
83 23 0.05
84 23 0.05
95 23 0.05
97 23 0.05
110 23 0.05
115 23 0.05
117 23 0.05
120 23 0.05
124 23 0.05
128 23 0.05
147 23 0.05
151 23 0.05
160 23 0.05
9 34 0.041667
14 34 0.041667
15 34 0.041667
23 34 0.041667
24 34 0.041667
26 34 0.041667
35 34 0.041667
37 34 0.041667
42 34 0.041667
45 34 0.041667
52 34 0.041667
60 34 0.041667
65 34 0.041667
78 34 0.041667
81 34 0.041667
83 34 0.041667
97 34 0.041667
99 34 0.041667
107 34 0.041667
119 34 0.041667
122 34 0.041667
128 34 0.041667
142 34 0.041667
160 34 0.041667
9 95 0.058824
19 95 0.058824
23 95 0.058824
36 95 0.058824
44 95 0.058824
51 95 0.058824
76 95 0.058824
80 95 0.058824
83 95 0.058824
96 95 0.058824
101 95 0.058824
105 95 0.058824
110 95 0.058824
118 95 0.058824
140 95 0.058824
148 95 0.058824
152 95 0.058824
9 117 0.05
13 117 0.05
16 117 0.05
23 117 0.05
24 117 0.05
27 117 0.05
47 117 0.05
58 117 0.05
65 117 0.05
69 117 0.05
82 117 0.05
87 117 0.05
89 117 0.05
91 117 0.05
105 117 0.05
112 117 0.05
142 117 0.05
146 117 0.05
152 117 0.05
158 117 0.05
9 135 0.043478
16 135 0.043478
27 135 0.043478
33 135 0.043478
39 135 0.043478
40 135 0.043478
41 135 0.043478
46 135 0.043478
48 135 0.043478
69 135 0.043478
77 135 0.043478
81 135 0.043478
99 135 0.043478
108 135 0.043478
114 135 0.043478
115 135 0.043478
121 135 0.043478
122 135 0.043478
124 135 0.043478
126 135 0.043478
138 135 0.043478
144 135 0.043478
158 135 0.043478
9 149 0.035714
13 149 0.035714
18 149 0.035714
22 149 0.035714
26 149 0.035714
37 149 0.035714
39 149 0.035714
46 149 0.035714
48 149 0.035714
54 149 0.035714
57 149 0.035714
58 149 0.035714
60 149 0.035714
70 149 0.035714
71 149 0.035714
72 149 0.035714
82 149 0.035714
85 149 0.035714
108 149 0.035714
110 149 0.035714
116 149 0.035714
121 149 0.035714
127 149 0.035714
137 149 0.035714
139 149 0.035714
148 149 0.035714
151 149 0.035714
154 149 0.035714
10 57 0.041667
14 57 0.041667
17 57 0.041667
24 57 0.041667
27 57 0.041667
43 57 0.041667
48 57 0.041667
50 57 0.041667
52 57 0.041667
54 57 0.041667
77 57 0.041667
78 57 0.041667
80 57 0.041667
96 57 0.041667
100 57 0.041667
104 57 0.041667
118 57 0.041667
120 57 0.041667
129 57 0.041667
136 57 0.041667
142 57 0.041667
146 57 0.041667
149 57 0.041667
150 57 0.041667
10 156 0.038462
16 156 0.038462
18 156 0.038462
31 156 0.038462
36 156 0.038462
38 156 0.038462
40 156 0.038462
54 156 0.038462
56 156 0.038462
60 156 0.038462
67 156 0.038462
79 156 0.038462
80 156 0.038462
86 156 0.038462
89 156 0.038462
94 156 0.038462
99 156 0.038462
101 156 0.038462
106 156 0.038462
108 156 0.038462
109 156 0.038462
113 156 0.038462
137 156 0.038462
138 156 0.038462
142 156 0.038462
146 156 0.038462
11 27 0.038462
30 27 0.038462
35 27 0.038462
36 27 0.038462
48 27 0.038462
50 27 0.038462
53 27 0.038462
56 27 0.038462
57 27 0.038462
59 27 0.038462
62 27 0.038462
68 27 0.038462
69 27 0.038462
75 27 0.038462
78 27 0.038462
82 27 0.038462
93 27 0.038462
110 27 0.038462
111 27 0.038462
117 27 0.038462
123 27 0.038462
128 27 0.038462
135 27 0.038462
148 27 0.038462
151 27 0.038462
159 27 0.038462
11 65 0.035714
28 65 0.035714
34 65 0.035714
37 65 0.035714
39 65 0.035714
43 65 0.035714
51 65 0.035714
58 65 0.035714
60 65 0.035714
64 65 0.035714
80 65 0.035714
81 65 0.035714
83 65 0.035714
87 65 0.035714
101 65 0.035714
107 65 0.035714
117 65 0.035714
126 65 0.035714
127 65 0.035714
128 65 0.035714
132 65 0.035714
136 65 0.035714
137 65 0.035714
138 65 0.035714
154 65 0.035714
155 65 0.035714
158 65 0.035714
161 65 0.035714
11 99 0.038462
15 99 0.038462
25 99 0.038462
30 99 0.038462
34 99 0.038462
42 99 0.038462
47 99 0.038462
52 99 0.038462
53 99 0.038462
55 99 0.038462
61 99 0.038462
62 99 0.038462
64 99 0.038462
67 99 0.038462
73 99 0.038462
90 99 0.038462
100 99 0.038462
103 99 0.038462
104 99 0.038462
108 99 0.038462
109 99 0.038462
115 99 0.038462
125 99 0.038462
135 99 0.038462
143 99 0.038462
156 99 0.038462
11 107 0.052632
17 107 0.052632
32 107 0.052632
34 107 0.052632
41 107 0.052632
50 107 0.052632
55 107 0.052632
56 107 0.052632
65 107 0.052632
72 107 0.052632
92 107 0.052632
102 107 0.052632
122 107 0.052632
134 107 0.052632
137 107 0.052632
143 107 0.052632
148 107 0.052632
157 107 0.052632
159 107 0.052632
11 115 0.041667
22 115 0.041667
23 115 0.041667
38 115 0.041667
39 115 0.041667
52 115 0.041667
71 115 0.041667
78 115 0.041667
79 115 0.041667
81 115 0.041667
90 115 0.041667
93 115 0.041667
97 115 0.041667
99 115 0.041667
102 115 0.041667
111 115 0.041667
125 115 0.041667
132 115 0.041667
135 115 0.041667
139 115 0.041667
141 115 0.041667
143 115 0.041667
152 115 0.041667
157 115 0.041667
11 130 0.034483
16 130 0.034483
20 130 0.034483
37 130 0.034483
47 130 0.034483
50 130 0.034483
54 130 0.034483
55 130 0.034483
58 130 0.034483
61 130 0.034483
67 130 0.034483
72 130 0.034483
77 130 0.034483
84 130 0.034483
88 130 0.034483
93 130 0.034483
94 130 0.034483
97 130 0.034483
98 130 0.034483
103 130 0.034483
110 130 0.034483
119 130 0.034483
134 130 0.034483
143 130 0.034483
144 130 0.034483
145 130 0.034483
147 130 0.034483
151 130 0.034483
161 130 0.034483
12 48 0.035714
24 48 0.035714
27 48 0.035714
29 48 0.035714
31 48 0.035714
36 48 0.035714
38 48 0.035714
40 48 0.035714
44 48 0.035714
53 48 0.035714
57 48 0.035714
59 48 0.035714
79 48 0.035714
82 48 0.035714
89 48 0.035714
101 48 0.035714
104 48 0.035714
110 48 0.035714
113 48 0.035714
131 48 0.035714
133 48 0.035714
135 48 0.035714
136 48 0.035714
138 48 0.035714
139 48 0.035714
141 48 0.035714
142 48 0.035714
149 48 0.035714
12 105 0.047619
14 105 0.047619
22 105 0.047619
41 105 0.047619
55 105 0.047619
56 105 0.047619
58 105 0.047619
59 105 0.047619
70 105 0.047619
95 105 0.047619
102 105 0.047619
116 105 0.047619
117 105 0.047619
121 105 0.047619
126 105 0.047619
132 105 0.047619
133 105 0.047619
136 105 0.047619
150 105 0.047619
151 105 0.047619
160 105 0.047619
12 109 0.04
16 109 0.04
21 109 0.04
33 109 0.04
44 109 0.04
58 109 0.04
60 109 0.04
64 109 0.04
70 109 0.04
78 109 0.04
81 109 0.04
86 109 0.04
87 109 0.04
88 109 0.04
90 109 0.04
91 109 0.04
99 109 0.04
125 109 0.04
126 109 0.04
128 109 0.04
131 109 0.04
145 109 0.04
150 109 0.04
156 109 0.04
157 109 0.04
12 131 0.055556
15 131 0.055556
39 131 0.055556
45 131 0.055556
48 131 0.055556
49 131 0.055556
52 131 0.055556
94 131 0.055556
96 131 0.055556
101 131 0.055556
104 131 0.055556
109 131 0.055556
112 131 0.055556
121 131 0.055556
122 131 0.055556
140 131 0.055556
143 131 0.055556
150 131 0.055556
12 157 0.035714
24 157 0.035714
26 157 0.035714
33 157 0.035714
38 157 0.035714
40 157 0.035714
41 157 0.035714
42 157 0.035714
47 157 0.035714
52 157 0.035714
58 157 0.035714
59 157 0.035714
77 157 0.035714
82 157 0.035714
85 157 0.035714
91 157 0.035714
92 157 0.035714
94 157 0.035714
100 157 0.035714
103 157 0.035714
107 157 0.035714
109 157 0.035714
115 157 0.035714
124 157 0.035714
126 157 0.035714
137 157 0.035714
142 157 0.035714
158 157 0.035714
13 36 0.037037
15 36 0.037037
23 36 0.037037
27 36 0.037037
32 36 0.037037
37 36 0.037037
40 36 0.037037
41 36 0.037037
48 36 0.037037
54 36 0.037037
61 36 0.037037
82 36 0.037037
93 36 0.037037
95 36 0.037037
96 36 0.037037
101 36 0.037037
103 36 0.037037
106 36 0.037037
113 36 0.037037
116 36 0.037037
118 36 0.037037
129 36 0.037037
137 36 0.037037
141 36 0.037037
142 36 0.037037
156 36 0.037037
160 36 0.037037
13 43 0.058824
35 43 0.058824
42 43 0.058824
44 43 0.058824
57 43 0.058824
63 43 0.058824
65 43 0.058824
88 43 0.058824
90 43 0.058824
98 43 0.058824
114 43 0.058824
119 43 0.058824
124 43 0.058824
133 43 0.058824
138 43 0.058824
150 43 0.058824
151 43 0.058824
13 151 0.028571
15 151 0.028571
16 151 0.028571
20 151 0.028571
23 151 0.028571
24 151 0.028571
27 151 0.028571
37 151 0.028571
39 151 0.028571
43 151 0.028571
44 151 0.028571
49 151 0.028571
51 151 0.028571
52 151 0.028571
55 151 0.028571
58 151 0.028571
60 151 0.028571
62 151 0.028571
64 151 0.028571
67 151 0.028571
74 151 0.028571
78 151 0.028571
79 151 0.028571
82 151 0.028571
84 151 0.028571
87 151 0.028571
88 151 0.028571
97 151 0.028571
104 151 0.028571
105 151 0.028571
106 151 0.028571
118 151 0.028571
130 151 0.028571
146 151 0.028571
149 151 0.028571
14 90 0.055556
19 90 0.055556
29 90 0.055556
32 90 0.055556
35 90 0.055556
37 90 0.055556
43 90 0.055556
49 90 0.055556
63 90 0.055556
83 90 0.055556
88 90 0.055556
99 90 0.055556
106 90 0.055556
109 90 0.055556
114 90 0.055556
115 90 0.055556
123 90 0.055556
153 90 0.055556
14 93 0.052632
17 93 0.052632
18 93 0.052632
20 93 0.052632
27 93 0.052632
36 93 0.052632
38 93 0.052632
40 93 0.052632
58 93 0.052632
62 93 0.052632
110 93 0.052632
115 93 0.052632
120 93 0.052632
122 93 0.052632
123 93 0.052632
130 93 0.052632
139 93 0.052632
153 93 0.052632
154 93 0.052632
14 104 0.035714
15 104 0.035714
18 104 0.035714
24 104 0.035714
31 104 0.035714
35 104 0.035714
41 104 0.035714
44 104 0.035714
47 104 0.035714
48 104 0.035714
57 104 0.035714
66 104 0.035714
67 104 0.035714
68 104 0.035714
70 104 0.035714
73 104 0.035714
79 104 0.035714
83 104 0.035714
86 104 0.035714
99 104 0.035714
103 104 0.035714
123 104 0.035714
129 104 0.035714
131 104 0.035714
137 104 0.035714
145 104 0.035714
151 104 0.035714
154 104 0.035714
15 51 0.047619
18 51 0.047619
20 51 0.047619
24 51 0.047619
31 51 0.047619
53 51 0.047619
54 51 0.047619
59 51 0.047619
61 51 0.047619
63 51 0.047619
65 51 0.047619
95 51 0.047619
100 51 0.047619
101 51 0.047619
114 51 0.047619
120 51 0.047619
123 51 0.047619
129 51 0.047619
140 51 0.047619
143 51 0.047619
151 51 0.047619
15 68 0.045455
18 68 0.045455
27 68 0.045455
31 68 0.045455
32 68 0.045455
33 68 0.045455
67 68 0.045455
71 68 0.045455
72 68 0.045455
74 68 0.045455
83 68 0.045455
96 68 0.045455
104 68 0.045455
106 68 0.045455
110 68 0.045455
111 68 0.045455
114 68 0.045455
119 68 0.045455
122 68 0.045455
154 68 0.045455
158 68 0.045455
159 68 0.045455
15 119 0.041667
17 119 0.041667
22 119 0.041667
24 119 0.041667
28 119 0.041667
34 119 0.041667
38 119 0.041667
41 119 0.041667
43 119 0.041667
49 119 0.041667
66 119 0.041667
68 119 0.041667
81 119 0.041667
111 119 0.041667
123 119 0.041667
124 119 0.041667
126 119 0.041667
130 119 0.041667
132 119 0.041667
134 119 0.041667
143 119 0.041667
145 119 0.041667
155 119 0.041667
161 119 0.041667
16 19 0.055556
30 19 0.055556
46 19 0.055556
49 19 0.055556
55 19 0.055556
58 19 0.055556
75 19 0.055556
86 19 0.055556
88 19 0.055556
90 19 0.055556
91 19 0.055556
95 19 0.055556
127 19 0.055556
129 19 0.055556
136 19 0.055556
143 19 0.055556
145 19 0.055556
159 19 0.055556
16 35 0.04
17 35 0.04
18 35 0.04
20 35 0.04
27 35 0.04
34 35 0.04
40 35 0.04
43 35 0.04
50 35 0.04
59 35 0.04
60 35 0.04
67 35 0.04
69 35 0.04
74 35 0.04
79 35 0.04
84 35 0.04
90 35 0.04
97 35 0.04
102 35 0.04
104 35 0.04
112 35 0.04
113 35 0.04
148 35 0.04
153 35 0.04
160 35 0.04
16 118 0.047619
22 118 0.047619
29 118 0.047619
33 118 0.047619
36 118 0.047619
52 118 0.047619
53 118 0.047619
57 118 0.047619
58 118 0.047619
78 118 0.047619
85 118 0.047619
86 118 0.047619
92 118 0.047619
95 118 0.047619
108 118 0.047619
113 118 0.047619
126 118 0.047619
127 118 0.047619
144 118 0.047619
151 118 0.047619
158 118 0.047619
18 73 0.066667
29 73 0.066667
50 73 0.066667
52 73 0.066667
53 73 0.066667
64 73 0.066667
66 73 0.066667
76 73 0.066667
87 73 0.066667
94 73 0.066667
99 73 0.066667
100 73 0.066667
104 73 0.066667
142 73 0.066667
146 73 0.066667
18 153 0.043478
24 153 0.043478
31 153 0.043478
35 153 0.043478
38 153 0.043478
39 153 0.043478
40 153 0.043478
53 153 0.043478
61 153 0.043478
79 153 0.043478
82 153 0.043478
88 153 0.043478
90 153 0.043478
93 153 0.043478
94 153 0.043478
98 153 0.043478
111 153 0.043478
112 153 0.043478
113 153 0.043478
136 153 0.043478
142 153 0.043478
159 153 0.043478
160 153 0.043478
20 52 0.052632
34 52 0.052632
57 52 0.052632
58 52 0.052632
70 52 0.052632
73 52 0.052632
83 52 0.052632
99 52 0.052632
108 52 0.052632
115 52 0.052632
118 52 0.052632
122 52 0.052632
131 52 0.052632
140 52 0.052632
146 52 0.052632
147 52 0.052632
148 52 0.052632
151 52 0.052632
157 52 0.052632
20 100 0.047619
31 100 0.047619
38 100 0.047619
45 100 0.047619
51 100 0.047619
53 100 0.047619
57 100 0.047619
64 100 0.047619
66 100 0.047619
70 100 0.047619
73 100 0.047619
74 100 0.047619
79 100 0.047619
85 100 0.047619
99 100 0.047619
103 100 0.047619
108 100 0.047619
123 100 0.047619
124 100 0.047619
143 100 0.047619
157 100 0.047619
20 103 0.043478
36 103 0.043478
44 103 0.043478
46 103 0.043478
54 103 0.043478
70 103 0.043478
75 103 0.043478
76 103 0.043478
96 103 0.043478
97 103 0.043478
99 103 0.043478
100 103 0.043478
104 103 0.043478
106 103 0.043478
112 103 0.043478
120 103 0.043478
123 103 0.043478
127 103 0.043478
130 103 0.043478
141 103 0.043478
142 103 0.043478
152 103 0.043478
157 103 0.043478
28 85 0.058824
44 85 0.058824
59 85 0.058824
62 85 0.058824
70 85 0.058824
72 85 0.058824
79 85 0.058824
83 85 0.058824
91 85 0.058824
94 85 0.058824
100 85 0.058824
102 85 0.058824
118 85 0.058824
134 85 0.058824
136 85 0.058824
149 85 0.058824
157 85 0.058824
1 0 0.04
2 0 0.04
15 0 0.04
29 0 0.04
31 0 0.04
32 0 0.04
47 0 0.04
62 0 0.04
74 0 0.04
75 0 0.04
82 0 0.04
89 0 0.04
96 0 0.04
98 0 0.04
101 0 0.04
108 0 0.04
110 0 0.04
112 0 0.04
121 0 0.04
123 0 0.04
125 0 0.04
133 0 0.04
140 0 0.04
142 0 0.04
154 0 0.04
6 3 0.037037
24 3 0.037037
29 3 0.037037
33 3 0.037037
40 3 0.037037
41 3 0.037037
45 3 0.037037
46 3 0.037037
49 3 0.037037
53 3 0.037037
55 3 0.037037
56 3 0.037037
60 3 0.037037
62 3 0.037037
67 3 0.037037
70 3 0.037037
71 3 0.037037
80 3 0.037037
82 3 0.037037
84 3 0.037037
96 3 0.037037
113 3 0.037037
120 3 0.037037
126 3 0.037037
132 3 0.037037
148 3 0.037037
159 3 0.037037
26 8 0.04
30 8 0.04
39 8 0.04
53 8 0.04
61 8 0.04
63 8 0.04
67 8 0.04
77 8 0.04
84 8 0.04
86 8 0.04
87 8 0.04
88 8 0.04
91 8 0.04
92 8 0.04
101 8 0.04
110 8 0.04
111 8 0.04
116 8 0.04
122 8 0.04
134 8 0.04
136 8 0.04
140 8 0.04
146 8 0.04
150 8 0.04
159 8 0.04
15 9 0.041667
16 9 0.041667
17 9 0.041667
20 9 0.041667
23 9 0.041667
31 9 0.041667
34 9 0.041667
40 9 0.041667
49 9 0.041667
66 9 0.041667
67 9 0.041667
76 9 0.041667
80 9 0.041667
95 9 0.041667
111 9 0.041667
116 9 0.041667
117 9 0.041667
134 9 0.041667
135 9 0.041667
145 9 0.041667
148 9 0.041667
149 9 0.041667
150 9 0.041667
158 9 0.041667
13 10 0.035714
18 10 0.035714
21 10 0.035714
23 10 0.035714
40 10 0.035714
49 10 0.035714
53 10 0.035714
57 10 0.035714
63 10 0.035714
66 10 0.035714
67 10 0.035714
70 10 0.035714
77 10 0.035714
80 10 0.035714
83 10 0.035714
89 10 0.035714
92 10 0.035714
102 10 0.035714
106 10 0.035714
112 10 0.035714
113 10 0.035714
129 10 0.035714
132 10 0.035714
133 10 0.035714
140 10 0.035714
143 10 0.035714
147 10 0.035714
156 10 0.035714
14 12 0.052632
21 12 0.052632
30 12 0.052632
41 12 0.052632
48 12 0.052632
49 12 0.052632
61 12 0.052632
66 12 0.052632
77 12 0.052632
98 12 0.052632
105 12 0.052632
109 12 0.052632
112 12 0.052632
113 12 0.052632
126 12 0.052632
127 12 0.052632
131 12 0.052632
140 12 0.052632
157 12 0.052632
