0 15 0.033333
10 15 0.033333
16 15 0.033333
18 15 0.033333
21 15 0.033333
23 15 0.033333
24 15 0.033333
44 15 0.033333
47 15 0.033333
49 15 0.033333
50 15 0.033333
68 15 0.033333
79 15 0.033333
86 15 0.033333
95 15 0.033333
104 15 0.033333
108 15 0.033333
117 15 0.033333
121 15 0.033333
122 15 0.033333
135 15 0.033333
143 15 0.033333
144 15 0.033333
147 15 0.033333
150 15 0.033333
151 15 0.033333
155 15 0.033333
158 15 0.033333
163 15 0.033333
164 15 0.033333
0 21 0.045455
1 21 0.045455
10 21 0.045455
11 21 0.045455
15 21 0.045455
30 21 0.045455
35 21 0.045455
52 21 0.045455
75 21 0.045455
77 21 0.045455
86 21 0.045455
90 21 0.045455
93 21 0.045455
97 21 0.045455
107 21 0.045455
120 21 0.045455
130 21 0.045455
132 21 0.045455
138 21 0.045455
147 21 0.045455
152 21 0.045455
165 21 0.045455
0 31 0.043478
7 31 0.043478
14 31 0.043478
48 31 0.043478
65 31 0.043478
73 31 0.043478
76 31 0.043478
78 31 0.043478
82 31 0.043478
86 31 0.043478
89 31 0.043478
95 31 0.043478
112 31 0.043478
122 31 0.043478
123 31 0.043478
126 31 0.043478
132 31 0.043478
139 31 0.043478
150 31 0.043478
153 31 0.043478
154 31 0.043478
156 31 0.043478
164 31 0.043478
0 39 0.032258
10 39 0.032258
12 39 0.032258
13 39 0.032258
22 39 0.032258
36 39 0.032258
49 39 0.032258
51 39 0.032258
68 39 0.032258
75 39 0.032258
77 39 0.032258
88 39 0.032258
89 39 0.032258
90 39 0.032258
101 39 0.032258
113 39 0.032258
115 39 0.032258
116 39 0.032258
120 39 0.032258
136 39 0.032258
137 39 0.032258
139 39 0.032258
140 39 0.032258
143 39 0.032258
152 39 0.032258
153 39 0.032258
156 39 0.032258
162 39 0.032258
163 39 0.032258
164 39 0.032258
165 39 0.032258
0 45 0.058824
22 45 0.058824
23 45 0.058824
26 45 0.058824
54 45 0.058824
56 45 0.058824
60 45 0.058824
61 45 0.058824
63 45 0.058824
69 45 0.058824
70 45 0.058824
75 45 0.058824
81 45 0.058824
84 45 0.058824
89 45 0.058824
91 45 0.058824
144 45 0.058824
0 48 0.04
6 48 0.04
8 48 0.04
11 48 0.04
28 48 0.04
30 48 0.04
31 48 0.04
32 48 0.04
35 48 0.04
51 48 0.04
55 48 0.04
62 48 0.04
68 48 0.04
72 48 0.04
73 48 0.04
76 48 0.04
79 48 0.04
109 48 0.04
114 48 0.04
130 48 0.04
134 48 0.04
138 48 0.04
141 48 0.04
146 48 0.04
150 48 0.04
0 49 0.03125
7 49 0.03125
15 49 0.03125
19 49 0.03125
20 49 0.03125
25 49 0.03125
27 49 0.03125
28 49 0.03125
32 49 0.03125
34 49 0.03125
39 49 0.03125
42 49 0.03125
47 49 0.03125
57 49 0.03125
64 49 0.03125
65 49 0.03125
75 49 0.03125
84 49 0.03125
85 49 0.03125
92 49 0.03125
93 49 0.03125
100 49 0.03125
107 49 0.03125
108 49 0.03125
112 49 0.03125
116 49 0.03125
120 49 0.03125
124 49 0.03125
133 49 0.03125
135 49 0.03125
136 49 0.03125
154 49 0.03125
0 53 0.04
4 53 0.04
5 53 0.04
7 53 0.04
10 53 0.04
11 53 0.04
19 53 0.04
27 53 0.04
37 53 0.04
46 53 0.04
54 53 0.04
58 53 0.04
66 53 0.04
79 53 0.04
80 53 0.04
82 53 0.04
83 53 0.04
84 53 0.04
89 53 0.04
98 53 0.04
101 53 0.04
142 53 0.04
143 53 0.04
145 53 0.04
149 53 0.04
0 59 0.05
8 59 0.05
22 59 0.05
25 59 0.05
34 59 0.05
44 59 0.05
46 59 0.05
61 59 0.05
95 59 0.05
96 59 0.05
105 59 0.05
110 59 0.05
113 59 0.05
116 59 0.05
120 59 0.05
124 59 0.05
130 59 0.05
144 59 0.05
145 59 0.05
164 59 0.05
0 62 0.030303
3 62 0.030303
13 62 0.030303
19 62 0.030303
20 62 0.030303
22 62 0.030303
23 62 0.030303
48 62 0.030303
52 62 0.030303
56 62 0.030303
58 62 0.030303
70 62 0.030303
71 62 0.030303
73 62 0.030303
76 62 0.030303
82 62 0.030303
95 62 0.030303
99 62 0.030303
100 62 0.030303
102 62 0.030303
104 62 0.030303
112 62 0.030303
114 62 0.030303
119 62 0.030303
124 62 0.030303
125 62 0.030303
129 62 0.030303
130 62 0.030303
143 62 0.030303
144 62 0.030303
145 62 0.030303
156 62 0.030303
157 62 0.030303
0 67 0.03125
5 67 0.03125
6 67 0.03125
8 67 0.03125
18 67 0.03125
25 67 0.03125
27 67 0.03125
35 67 0.03125
37 67 0.03125
40 67 0.03125
43 67 0.03125
50 67 0.03125
52 67 0.03125
57 67 0.03125
65 67 0.03125
68 67 0.03125
78 67 0.03125
84 67 0.03125
85 67 0.03125
86 67 0.03125
88 67 0.03125
94 67 0.03125
97 67 0.03125
100 67 0.03125
104 67 0.03125
110 67 0.03125
122 67 0.03125
126 67 0.03125
144 67 0.03125
145 67 0.03125
151 67 0.03125
163 67 0.03125
0 83 0.037037
2 83 0.037037
4 83 0.037037
14 83 0.037037
19 83 0.037037
20 83 0.037037
32 83 0.037037
51 83 0.037037
53 83 0.037037
64 83 0.037037
72 83 0.037037
73 83 0.037037
75 83 0.037037
93 83 0.037037
111 83 0.037037
115 83 0.037037
116 83 0.037037
118 83 0.037037
122 83 0.037037
124 83 0.037037
125 83 0.037037
127 83 0.037037
132 83 0.037037
133 83 0.037037
134 83 0.037037
154 83 0.037037
160 83 0.037037
0 87 0.04
2 87 0.04
13 87 0.04
18 87 0.04
20 87 0.04
57 87 0.04
58 87 0.04
70 87 0.04
77 87 0.04
85 87 0.04
100 87 0.04
116 87 0.04
117 87 0.04
122 87 0.04
130 87 0.04
131 87 0.04
137 87 0.04
142 87 0.04
147 87 0.04
151 87 0.04
154 87 0.04
160 87 0.04
161 87 0.04
163 87 0.04
164 87 0.04
0 90 0.043478
2 90 0.043478
8 90 0.043478
9 90 0.043478
12 90 0.043478
17 90 0.043478
21 90 0.043478
24 90 0.043478
32 90 0.043478
38 90 0.043478
39 90 0.043478
72 90 0.043478
78 90 0.043478
79 90 0.043478
81 90 0.043478
84 90 0.043478
89 90 0.043478
101 90 0.043478
103 90 0.043478
108 90 0.043478
128 90 0.043478
141 90 0.043478
149 90 0.043478
0 92 0.03125
2 92 0.03125
5 92 0.03125
7 92 0.03125
11 92 0.03125
14 92 0.03125
24 92 0.03125
25 92 0.03125
32 92 0.03125
37 92 0.03125
38 92 0.03125
47 92 0.03125
49 92 0.03125
57 92 0.03125
68 92 0.03125
79 92 0.03125
80 92 0.03125
82 92 0.03125
88 92 0.03125
101 92 0.03125
102 92 0.03125
108 92 0.03125
109 92 0.03125
112 92 0.03125
119 92 0.03125
124 92 0.03125
132 92 0.03125
146 92 0.03125
149 92 0.03125
151 92 0.03125
160 92 0.03125
163 92 0.03125
0 119 0.04
3 119 0.04
5 119 0.04
9 119 0.04
11 119 0.04
18 119 0.04
30 119 0.04
36 119 0.04
50 119 0.04
55 119 0.04
62 119 0.04
75 119 0.04
77 119 0.04
80 119 0.04
89 119 0.04
92 119 0.04
95 119 0.04
102 119 0.04
103 119 0.04
117 119 0.04
127 119 0.04
133 119 0.04
135 119 0.04
161 119 0.04
164 119 0.04
0 128 0.045455
4 128 0.045455
7 128 0.045455
8 128 0.045455
16 128 0.045455
17 128 0.045455
28 128 0.045455
44 128 0.045455
50 128 0.045455
58 128 0.045455
82 128 0.045455
90 128 0.045455
99 128 0.045455
101 128 0.045455
106 128 0.045455
117 128 0.045455
133 128 0.045455
138 128 0.045455
141 128 0.045455
153 128 0.045455
154 128 0.045455
162 128 0.045455
0 141 0.033333
9 141 0.033333
18 141 0.033333
19 141 0.033333
26 141 0.033333
30 141 0.033333
42 141 0.033333
48 141 0.033333
52 141 0.033333
60 141 0.033333
75 141 0.033333
77 141 0.033333
84 141 0.033333
90 141 0.033333
93 141 0.033333
97 141 0.033333
104 141 0.033333
105 141 0.033333
106 141 0.033333
113 141 0.033333
115 141 0.033333
128 141 0.033333
129 141 0.033333
136 141 0.033333
137 141 0.033333
142 141 0.033333
156 141 0.033333
160 141 0.033333
165 141 0.033333
166 141 0.033333
0 146 0.03125
1 146 0.03125
8 146 0.03125
13 146 0.03125
25 146 0.03125
32 146 0.03125
48 146 0.03125
55 146 0.03125
58 146 0.03125
60 146 0.03125
63 146 0.03125
72 146 0.03125
74 146 0.03125
82 146 0.03125
88 146 0.03125
89 146 0.03125
92 146 0.03125
94 146 0.03125
102 146 0.03125
111 146 0.03125
115 146 0.03125
118 146 0.03125
124 146 0.03125
127 146 0.03125
129 146 0.03125
133 146 0.03125
135 146 0.03125
138 146 0.03125
143 146 0.03125
148 146 0.03125
151 146 0.03125
152 146 0.03125
0 147 0.037037
2 147 0.037037
10 147 0.037037
15 147 0.037037
21 147 0.037037
24 147 0.037037
27 147 0.037037
29 147 0.037037
51 147 0.037037
70 147 0.037037
72 147 0.037037
74 147 0.037037
75 147 0.037037
78 147 0.037037
80 147 0.037037
86 147 0.037037
87 147 0.037037
102 147 0.037037
116 147 0.037037
118 147 0.037037
124 147 0.037037
130 147 0.037037
135 147 0.037037
142 147 0.037037
143 147 0.037037
149 147 0.037037
160 147 0.037037
1 13 0.04
22 13 0.04
39 13 0.04
62 13 0.04
64 13 0.04
66 13 0.04
70 13 0.04
76 13 0.04
82 13 0.04
84 13 0.04
87 13 0.04
93 13 0.04
99 13 0.04
100 13 0.04
103 13 0.04
109 13 0.04
113 13 0.04
122 13 0.04
127 13 0.04
132 13 0.04
144 13 0.04
146 13 0.04
148 13 0.04
153 13 0.04
154 13 0.04
1 16 0.052632
2 16 0.052632
15 16 0.052632
17 16 0.052632
43 16 0.052632
46 16 0.052632
58 16 0.052632
65 16 0.052632
72 16 0.052632
76 16 0.052632
78 16 0.052632
80 16 0.052632
98 16 0.052632
109 16 0.052632
112 16 0.052632
123 16 0.052632
128 16 0.052632
136 16 0.052632
143 16 0.052632
1 18 0.04
6 18 0.04
12 18 0.04
15 18 0.04
61 18 0.04
67 18 0.04
68 18 0.04
69 18 0.04
79 18 0.04
80 18 0.04
85 18 0.04
86 18 0.04
87 18 0.04
89 18 0.04
96 18 0.04
107 18 0.04
111 18 0.04
119 18 0.04
126 18 0.04
141 18 0.04
143 18 0.04
144 18 0.04
149 18 0.04
160 18 0.04
165 18 0.04
1 34 0.04
2 34 0.04
8 34 0.04
9 34 0.04
17 34 0.04
24 34 0.04
28 34 0.04
47 34 0.04
49 34 0.04
50 34 0.04
59 34 0.04
65 34 0.04
70 34 0.04
84 34 0.04
91 34 0.04
103 34 0.04
113 34 0.04
123 34 0.04
124 34 0.04
132 34 0.04
138 34 0.04
140 34 0.04
154 34 0.04
162 34 0.04
164 34 0.04
1 35 0.033333
2 35 0.033333
9 35 0.033333
11 35 0.033333
21 35 0.033333
30 35 0.033333
38 35 0.033333
41 35 0.033333
42 35 0.033333
48 35 0.033333
50 35 0.033333
57 35 0.033333
58 35 0.033333
60 35 0.033333
67 35 0.033333
69 35 0.033333
81 35 0.033333
96 35 0.033333
97 35 0.033333
98 35 0.033333
100 35 0.033333
104 35 0.033333
106 35 0.033333
111 35 0.033333
121 35 0.033333
122 35 0.033333
127 35 0.033333
137 35 0.033333
150 35 0.033333
152 35 0.033333
1 36 0.04
10 36 0.04
25 36 0.04
29 36 0.04
38 36 0.04
39 36 0.04
41 36 0.04
42 36 0.04
52 36 0.04
57 36 0.04
58 36 0.04
60 36 0.04
64 36 0.04
70 36 0.04
71 36 0.04
77 36 0.04
86 36 0.04
95 36 0.04
98 36 0.04
119 36 0.04
126 36 0.04
151 36 0.04
153 36 0.04
155 36 0.04
158 36 0.04
1 43 0.04
7 43 0.04
11 43 0.04
12 43 0.04
16 43 0.04
24 43 0.04
33 43 0.04
55 43 0.04
66 43 0.04
67 43 0.04
70 43 0.04
74 43 0.04
75 43 0.04
98 43 0.04
102 43 0.04
106 43 0.04
111 43 0.04
115 43 0.04
122 43 0.04
145 43 0.04
149 43 0.04
156 43 0.04
160 43 0.04
161 43 0.04
162 43 0.04
1 46 0.032258
10 46 0.032258
14 46 0.032258
16 46 0.032258
25 46 0.032258
27 46 0.032258
42 46 0.032258
44 46 0.032258
52 46 0.032258
53 46 0.032258
59 46 0.032258
68 46 0.032258
69 46 0.032258
73 46 0.032258
81 46 0.032258
89 46 0.032258
91 46 0.032258
93 46 0.032258
96 46 0.032258
97 46 0.032258
106 46 0.032258
108 46 0.032258
109 46 0.032258
112 46 0.032258
114 46 0.032258
125 46 0.032258
126 46 0.032258
131 46 0.032258
161 46 0.032258
162 46 0.032258
165 46 0.032258
1 58 0.029412
5 58 0.029412
11 58 0.029412
16 58 0.029412
19 58 0.029412
23 58 0.029412
28 58 0.029412
29 58 0.029412
35 58 0.029412
36 58 0.029412
53 58 0.029412
62 58 0.029412
63 58 0.029412
64 58 0.029412
65 58 0.029412
68 58 0.029412
71 58 0.029412
73 58 0.029412
75 58 0.029412
81 58 0.029412
87 58 0.029412
111 58 0.029412
120 58 0.029412
124 58 0.029412
128 58 0.029412
132 58 0.029412
142 58 0.029412
144 58 0.029412
146 58 0.029412
151 58 0.029412
152 58 0.029412
153 58 0.029412
154 58 0.029412
159 58 0.029412
1 72 0.035714
14 72 0.035714
16 72 0.035714
22 72 0.035714
47 72 0.035714
48 72 0.035714
57 72 0.035714
63 72 0.035714
66 72 0.035714
69 72 0.035714
83 72 0.035714
88 72 0.035714
90 72 0.035714
96 72 0.035714
99 72 0.035714
101 72 0.035714
103 72 0.035714
112 72 0.035714
124 72 0.035714
126 72 0.035714
127 72 0.035714
131 72 0.035714
139 72 0.035714
143 72 0.035714
146 72 0.035714
147 72 0.035714
148 72 0.035714
163 72 0.035714
1 88 0.043478
23 88 0.043478
30 88 0.043478
32 88 0.043478
33 88 0.043478
39 88 0.043478
44 88 0.043478
50 88 0.043478
60 88 0.043478
67 88 0.043478
72 88 0.043478
77 88 0.043478
78 88 0.043478
92 88 0.043478
103 88 0.043478
105 88 0.043478
107 88 0.043478
116 88 0.043478
146 88 0.043478
152 88 0.043478
155 88 0.043478
156 88 0.043478
158 88 0.043478
1 93 0.032258
10 93 0.032258
13 93 0.032258
21 93 0.032258
22 93 0.032258
30 93 0.032258
32 93 0.032258
38 93 0.032258
46 93 0.032258
49 93 0.032258
55 93 0.032258
61 93 0.032258
63 93 0.032258
74 93 0.032258
78 93 0.032258
82 93 0.032258
83 93 0.032258
99 93 0.032258
103 93 0.032258
111 93 0.032258
129 93 0.032258
130 93 0.032258
131 93 0.032258
132 93 0.032258
134 93 0.032258
135 93 0.032258
141 93 0.032258
142 93 0.032258
152 93 0.032258
162 93 0.032258
165 93 0.032258
1 96 0.043478
18 96 0.043478
24 96 0.043478
29 96 0.043478
30 96 0.043478
35 96 0.043478
44 96 0.043478
46 96 0.043478
59 96 0.043478
68 96 0.043478
69 96 0.043478
72 96 0.043478
74 96 0.043478
89 96 0.043478
100 96 0.043478
109 96 0.043478
126 96 0.043478
139 96 0.043478
140 96 0.043478
148 96 0.043478
155 96 0.043478
157 96 0.043478
166 96 0.043478
1 97 0.035714
2 97 0.035714
6 97 0.035714
8 97 0.035714
11 97 0.035714
17 97 0.035714
20 97 0.035714
21 97 0.035714
25 97 0.035714
35 97 0.035714
40 97 0.035714
46 97 0.035714
60 97 0.035714
65 97 0.035714
66 97 0.035714
67 97 0.035714
79 97 0.035714
89 97 0.035714
98 97 0.035714
129 97 0.035714
130 97 0.035714
133 97 0.035714
135 97 0.035714
141 97 0.035714
152 97 0.035714
157 97 0.035714
159 97 0.035714
160 97 0.035714
1 110 0.043478
4 110 0.043478
10 110 0.043478
23 110 0.043478
37 110 0.043478
40 110 0.043478
52 110 0.043478
54 110 0.043478
59 110 0.043478
60 110 0.043478
65 110 0.043478
67 110 0.043478
68 110 0.043478
75 110 0.043478
112 110 0.043478
122 110 0.043478
127 110 0.043478
138 110 0.043478
139 110 0.043478
140 110 0.043478
149 110 0.043478
155 110 0.043478
156 110 0.043478
1 112 0.030303
2 112 0.030303
9 112 0.030303
12 112 0.030303
16 112 0.030303
19 112 0.030303
20 112 0.030303
24 112 0.030303
31 112 0.030303
40 112 0.030303
44 112 0.030303
46 112 0.030303
49 112 0.030303
62 112 0.030303
68 112 0.030303
72 112 0.030303
77 112 0.030303
80 112 0.030303
81 112 0.030303
86 112 0.030303
89 112 0.030303
91 112 0.030303
92 112 0.030303
110 112 0.030303
111 112 0.030303
115 112 0.030303
129 112 0.030303
132 112 0.030303
138 112 0.030303
144 112 0.030303
153 112 0.030303
157 112 0.030303
161 112 0.030303
1 118 0.045455
11 118 0.045455
28 118 0.045455
37 118 0.045455
54 118 0.045455
63 118 0.045455
65 118 0.045455
71 118 0.045455
83 118 0.045455
98 118 0.045455
102 118 0.045455
104 118 0.045455
106 118 0.045455
113 118 0.045455
115 118 0.045455
127 118 0.045455
138 118 0.045455
139 118 0.045455
146 118 0.045455
147 118 0.045455
152 118 0.045455
166 118 0.045455
1 144 0.041667
13 144 0.041667
15 144 0.041667
18 144 0.041667
38 144 0.041667
45 144 0.041667
47 144 0.041667
50 144 0.041667
58 144 0.041667
59 144 0.041667
62 144 0.041667
67 144 0.041667
71 144 0.041667
77 144 0.041667
95 144 0.041667
103 144 0.041667
112 144 0.041667
122 144 0.041667
126 144 0.041667
127 144 0.041667
129 144 0.041667
130 144 0.041667
156 144 0.041667
158 144 0.041667
1 145 0.033333
8 145 0.033333
17 145 0.033333
20 145 0.033333
25 145 0.033333
28 145 0.033333
30 145 0.033333
37 145 0.033333
43 145 0.033333
53 145 0.033333
59 145 0.033333
62 145 0.033333
64 145 0.033333
67 145 0.033333
70 145 0.033333
73 145 0.033333
77 145 0.033333
82 145 0.033333
84 145 0.033333
85 145 0.033333
91 145 0.033333
102 145 0.033333
103 145 0.033333
106 145 0.033333
107 145 0.033333
111 145 0.033333
116 145 0.033333
127 145 0.033333
130 145 0.033333
148 145 0.033333
1 152 0.028571
5 152 0.028571
11 152 0.028571
21 152 0.028571
28 152 0.028571
35 152 0.028571
39 152 0.028571
40 152 0.028571
41 152 0.028571
44 152 0.028571
56 152 0.028571
58 152 0.028571
69 152 0.028571
74 152 0.028571
75 152 0.028571
76 152 0.028571
77 152 0.028571
86 152 0.028571
88 152 0.028571
91 152 0.028571
93 152 0.028571
97 152 0.028571
99 152 0.028571
100 152 0.028571
107 152 0.028571
111 152 0.028571
113 152 0.028571
115 152 0.028571
118 152 0.028571
123 152 0.028571
132 152 0.028571
146 152 0.028571
150 152 0.028571
158 152 0.028571
165 152 0.028571
1 159 0.041667
3 159 0.041667
11 159 0.041667
17 159 0.041667
52 159 0.041667
58 159 0.041667
66 159 0.041667
73 159 0.041667
81 159 0.041667
97 159 0.041667
113 159 0.041667
115 159 0.041667
116 159 0.041667
121 159 0.041667
129 159 0.041667
132 159 0.041667
139 159 0.041667
140 159 0.041667
149 159 0.041667
150 159 0.041667
151 159 0.041667
154 159 0.041667
157 159 0.041667
162 159 0.041667
1 161 0.045455
12 161 0.045455
20 161 0.045455
25 161 0.045455
30 161 0.045455
42 161 0.045455
43 161 0.045455
46 161 0.045455
54 161 0.045455
74 161 0.045455
75 161 0.045455
87 161 0.045455
98 161 0.045455
100 161 0.045455
108 161 0.045455
112 161 0.045455
113 161 0.045455
119 161 0.045455
120 161 0.045455
121 161 0.045455
122 161 0.045455
157 161 0.045455
1 162 0.034483
6 162 0.034483
34 162 0.034483
39 162 0.034483
40 162 0.034483
43 162 0.034483
46 162 0.034483
52 162 0.034483
56 162 0.034483
75 162 0.034483
77 162 0.034483
82 162 0.034483
93 162 0.034483
100 162 0.034483
114 162 0.034483
123 162 0.034483
125 162 0.034483
128 162 0.034483
129 162 0.034483
133 162 0.034483
134 162 0.034483
137 162 0.034483
138 162 0.034483
148 162 0.034483
149 162 0.034483
151 162 0.034483
153 162 0.034483
159 162 0.034483
165 162 0.034483
1 163 0.052632
15 163 0.052632
24 163 0.052632
26 163 0.052632
28 163 0.052632
30 163 0.052632
33 163 0.052632
39 163 0.052632
67 163 0.052632
69 163 0.052632
72 163 0.052632
75 163 0.052632
77 163 0.052632
80 163 0.052632
87 163 0.052632
92 163 0.052632
102 163 0.052632
108 163 0.052632
143 163 0.052632
1 166 0.05
28 166 0.05
38 166 0.05
60 166 0.05
70 166 0.05
73 166 0.05
77 166 0.05
85 166 0.05
86 166 0.05
96 166 0.05
99 166 0.05
107 166 0.05
108 166 0.05
117 166 0.05
118 166 0.05
123 166 0.05
126 166 0.05
137 166 0.05
141 166 0.05
160 166 0.05
2 5 0.047619
12 5 0.047619
14 5 0.047619
24 5 0.047619
25 5 0.047619
32 5 0.047619
51 5 0.047619
52 5 0.047619
53 5 0.047619
58 5 0.047619
67 5 0.047619
69 5 0.047619
92 5 0.047619
116 5 0.047619
119 5 0.047619
127 5 0.047619
137 5 0.047619
139 5 0.047619
140 5 0.047619
152 5 0.047619
165 5 0.047619
2 14 0.052632
4 14 0.052632
5 14 0.052632
29 14 0.052632
31 14 0.052632
32 14 0.052632
46 14 0.052632
60 14 0.052632
72 14 0.052632
83 14 0.052632
91 14 0.052632
92 14 0.052632
100 14 0.052632
105 14 0.052632
115 14 0.052632
120 14 0.052632
129 14 0.052632
150 14 0.052632
160 14 0.052632
2 33 0.052632
7 33 0.052632
23 33 0.052632
42 33 0.052632
43 33 0.052632
47 33 0.052632
50 33 0.052632
60 33 0.052632
82 33 0.052632
85 33 0.052632
88 33 0.052632
94 33 0.052632
117 33 0.052632
122 33 0.052632
125 33 0.052632
149 33 0.052632
153 33 0.052632
157 33 0.052632
163 33 0.052632
2 47 0.05
9 47 0.05
12 47 0.05
15 47 0.05
25 47 0.05
33 47 0.05
34 47 0.05
49 47 0.05
51 47 0.05
52 47 0.05
70 47 0.05
72 47 0.05
78 47 0.05
92 47 0.05
111 47 0.05
120 47 0.05
126 47 0.05
127 47 0.05
144 47 0.05
165 47 0.05
2 51 0.033333
5 51 0.033333
39 51 0.033333
40 51 0.033333
41 51 0.033333
47 51 0.033333
48 51 0.033333
75 51 0.033333
76 51 0.033333
78 51 0.033333
79 51 0.033333
80 51 0.033333
83 51 0.033333
89 51 0.033333
95 51 0.033333
102 51 0.033333
103 51 0.033333
115 51 0.033333
117 51 0.033333
122 51 0.033333
123 51 0.033333
124 51 0.033333
127 51 0.033333
140 51 0.033333
147 51 0.033333
150 51 0.033333
153 51 0.033333
160 51 0.033333
164 51 0.033333
165 51 0.033333
2 54 0.04
20 54 0.04
29 54 0.04
30 54 0.04
32 54 0.04
38 54 0.04
40 54 0.04
44 54 0.04
45 54 0.04
53 54 0.04
64 54 0.04
66 54 0.04
69 54 0.04
74 54 0.04
91 54 0.04
101 54 0.04
105 54 0.04
110 54 0.04
118 54 0.04
123 54 0.04
125 54 0.04
131 54 0.04
150 54 0.04
160 54 0.04
161 54 0.04
2 65 0.033333
3 65 0.033333
8 65 0.033333
16 65 0.033333
28 65 0.033333
31 65 0.033333
34 65 0.033333
38 65 0.033333
49 65 0.033333
50 65 0.033333
57 65 0.033333
58 65 0.033333
67 65 0.033333
71 65 0.033333
80 65 0.033333
86 65 0.033333
95 65 0.033333
97 65 0.033333
100 65 0.033333
102 65 0.033333
110 65 0.033333
111 65 0.033333
114 65 0.033333
118 65 0.033333
120 65 0.033333
127 65 0.033333
131 65 0.033333
132 65 0.033333
137 65 0.033333
138 65 0.033333
2 75 0.027027
12 75 0.027027
20 75 0.027027
21 75 0.027027
22 75 0.027027
24 75 0.027027
27 75 0.027027
30 75 0.027027
38 75 0.027027
39 75 0.027027
40 75 0.027027
41 75 0.027027
43 75 0.027027
45 75 0.027027
49 75 0.027027
51 75 0.027027
58 75 0.027027
77 75 0.027027
83 75 0.027027
99 75 0.027027
100 75 0.027027
110 75 0.027027
113 75 0.027027
119 75 0.027027
135 75 0.027027
136 75 0.027027
139 75 0.027027
141 75 0.027027
147 75 0.027027
148 75 0.027027
150 75 0.027027
152 75 0.027027
155 75 0.027027
156 75 0.027027
161 75 0.027027
162 75 0.027027
163 75 0.027027
2 76 0.04
3 76 0.04
9 76 0.04
13 76 0.04
16 76 0.04
17 76 0.04
31 76 0.04
48 76 0.04
51 76 0.04
52 76 0.04
62 76 0.04
66 76 0.04
85 76 0.04
102 76 0.04
111 76 0.04
115 76 0.04
117 76 0.04
122 76 0.04
126 76 0.04
132 76 0.04
135 76 0.04
138 76 0.04
142 76 0.04
152 76 0.04
164 76 0.04
2 78 0.038462
16 78 0.038462
20 78 0.038462
27 78 0.038462
28 78 0.038462
30 78 0.038462
31 78 0.038462
40 78 0.038462
47 78 0.038462
51 78 0.038462
61 78 0.038462
67 78 0.038462
71 78 0.038462
79 78 0.038462
88 78 0.038462
90 78 0.038462
93 78 0.038462
99 78 0.038462
124 78 0.038462
125 78 0.038462
135 78 0.038462
140 78 0.038462
147 78 0.038462
156 78 0.038462
158 78 0.038462
164 78 0.038462
2 116 0.03125
5 116 0.03125
9 116 0.03125
10 116 0.03125
24 116 0.03125
32 116 0.03125
38 116 0.03125
39 116 0.03125
44 116 0.03125
49 116 0.03125
50 116 0.03125
52 116 0.03125
59 116 0.03125
81 116 0.03125
83 116 0.03125
87 116 0.03125
88 116 0.03125
99 116 0.03125
105 116 0.03125
108 116 0.03125
114 116 0.03125
121 116 0.03125
125 116 0.03125
131 116 0.03125
142 116 0.03125
143 116 0.03125
145 116 0.03125
147 116 0.03125
154 116 0.03125
156 116 0.03125
158 116 0.03125
159 116 0.03125
2 117 0.043478
4 117 0.043478
15 117 0.043478
24 117 0.043478
25 117 0.043478
27 117 0.043478
30 117 0.043478
33 117 0.043478
42 117 0.043478
51 117 0.043478
60 117 0.043478
69 117 0.043478
71 117 0.043478
76 117 0.043478
86 117 0.043478
87 117 0.043478
89 117 0.043478
111 117 0.043478
119 117 0.043478
126 117 0.043478
128 117 0.043478
137 117 0.043478
166 117 0.043478
2 142 0.04
3 142 0.04
9 142 0.04
25 142 0.04
37 142 0.04
40 142 0.04
53 142 0.04
55 142 0.04
57 142 0.04
58 142 0.04
76 142 0.04
77 142 0.04
82 142 0.04
87 142 0.04
93 142 0.04
104 142 0.04
111 142 0.04
116 142 0.04
123 142 0.04
129 142 0.04
135 142 0.04
138 142 0.04
141 142 0.04
147 142 0.04
150 142 0.04
3 17 0.034483
16 17 0.034483
25 17 0.034483
34 17 0.034483
38 17 0.034483
41 17 0.034483
50 17 0.034483
52 17 0.034483
55 17 0.034483
56 17 0.034483
61 17 0.034483
71 17 0.034483
76 17 0.034483
85 17 0.034483
90 17 0.034483
97 17 0.034483
98 17 0.034483
99 17 0.034483
101 17 0.034483
107 17 0.034483
113 17 0.034483
120 17 0.034483
128 17 0.034483
139 17 0.034483
143 17 0.034483
145 17 0.034483
151 17 0.034483
159 17 0.034483
164 17 0.034483
3 24 0.03125
5 24 0.03125
7 24 0.03125
12 24 0.03125
15 24 0.03125
22 24 0.03125
34 24 0.03125
37 24 0.03125
43 24 0.03125
57 24 0.03125
61 24 0.03125
64 24 0.03125
68 24 0.03125
73 24 0.03125
75 24 0.03125
77 24 0.03125
90 24 0.03125
92 24 0.03125
94 24 0.03125
96 24 0.03125
103 24 0.03125
112 24 0.03125
116 24 0.03125
117 24 0.03125
120 24 0.03125
122 24 0.03125
133 24 0.03125
138 24 0.03125
147 24 0.03125
157 24 0.03125
160 24 0.03125
163 24 0.03125
3 41 0.0625
17 41 0.0625
30 41 0.0625
35 41 0.0625
36 41 0.0625
51 41 0.0625
74 41 0.0625
75 41 0.0625
82 41 0.0625
102 41 0.0625
111 41 0.0625
123 41 0.0625
130 41 0.0625
140 41 0.0625
149 41 0.0625
152 41 0.0625
3 55 0.043478
6 55 0.043478
17 55 0.043478
23 55 0.043478
38 55 0.043478
43 55 0.043478
44 55 0.043478
48 55 0.043478
57 55 0.043478
80 55 0.043478
93 55 0.043478
100 55 0.043478
106 55 0.043478
108 55 0.043478
114 55 0.043478
115 55 0.043478
119 55 0.043478
137 55 0.043478
139 55 0.043478
140 55 0.043478
142 55 0.043478
146 55 0.043478
148 55 0.043478
3 64 0.04
8 64 0.04
13 64 0.04
20 64 0.04
24 64 0.04
30 64 0.04
36 64 0.04
40 64 0.04
49 64 0.04
54 64 0.04
58 64 0.04
82 64 0.04
83 64 0.04
89 64 0.04
95 64 0.04
102 64 0.04
105 64 0.04
114 64 0.04
133 64 0.04
136 64 0.04
137 64 0.04
145 64 0.04
149 64 0.04
158 64 0.04
160 64 0.04
3 66 0.032258
4 66 0.032258
11 66 0.032258
13 66 0.032258
23 66 0.032258
29 66 0.032258
30 66 0.032258
32 66 0.032258
42 66 0.032258
43 66 0.032258
50 66 0.032258
52 66 0.032258
53 66 0.032258
54 66 0.032258
60 66 0.032258
63 66 0.032258
72 66 0.032258
73 66 0.032258
76 66 0.032258
91 66 0.032258
97 66 0.032258
102 66 0.032258
109 66 0.032258
113 66 0.032258
124 66 0.032258
137 66 0.032258
143 66 0.032258
148 66 0.032258
150 66 0.032258
153 66 0.032258
159 66 0.032258
3 69 0.045455
5 69 0.045455
18 69 0.045455
35 69 0.045455
45 69 0.045455
46 69 0.045455
54 69 0.045455
63 69 0.045455
72 69 0.045455
81 69 0.045455
86 69 0.045455
95 69 0.045455
96 69 0.045455
114 69 0.045455
117 69 0.045455
121 69 0.045455
140 69 0.045455
150 69 0.045455
152 69 0.045455
153 69 0.045455
157 69 0.045455
163 69 0.045455
3 70 0.045455
7 70 0.045455
10 70 0.045455
12 70 0.045455
13 70 0.045455
27 70 0.045455
34 70 0.045455
36 70 0.045455
43 70 0.045455
45 70 0.045455
47 70 0.045455
50 70 0.045455
62 70 0.045455
87 70 0.045455
100 70 0.045455
102 70 0.045455
134 70 0.045455
139 70 0.045455
145 70 0.045455
147 70 0.045455
157 70 0.045455
166 70 0.045455
3 71 0.033333
7 71 0.033333
17 71 0.033333
20 71 0.033333
25 71 0.033333
30 71 0.033333
36 71 0.033333
38 71 0.033333
50 71 0.033333
56 71 0.033333
57 71 0.033333
58 71 0.033333
62 71 0.033333
65 71 0.033333
68 71 0.033333
78 71 0.033333
79 71 0.033333
80 71 0.033333
82 71 0.033333
84 71 0.033333
89 71 0.033333
98 71 0.033333
103 71 0.033333
105 71 0.033333
117 71 0.033333
118 71 0.033333
126 71 0.033333
129 71 0.033333
143 71 0.033333
144 71 0.033333
3 105 0.041667
8 105 0.041667
10 105 0.041667
14 105 0.041667
27 105 0.041667
52 105 0.041667
54 105 0.041667
59 105 0.041667
64 105 0.041667
68 105 0.041667
71 105 0.041667
88 105 0.041667
89 105 0.041667
95 105 0.041667
100 105 0.041667
104 105 0.041667
116 105 0.041667
122 105 0.041667
124 105 0.041667
133 105 0.041667
141 105 0.041667
143 105 0.041667
148 105 0.041667
154 105 0.041667
3 113 0.035714
6 113 0.035714
13 113 0.035714
17 113 0.035714
22 113 0.035714
29 113 0.035714
34 113 0.035714
39 113 0.035714
59 113 0.035714
66 113 0.035714
75 113 0.035714
85 113 0.035714
98 113 0.035714
108 113 0.035714
114 113 0.035714
115 113 0.035714
118 113 0.035714
120 113 0.035714
125 113 0.035714
133 113 0.035714
138 113 0.035714
139 113 0.035714
141 113 0.035714
148 113 0.035714
152 113 0.035714
156 113 0.035714
159 113 0.035714
161 113 0.035714
3 121 0.041667
15 121 0.041667
20 121 0.041667
26 121 0.041667
35 121 0.041667
42 121 0.041667
56 121 0.041667
68 121 0.041667
69 121 0.041667
81 121 0.041667
84 121 0.041667
86 121 0.041667
91 121 0.041667
98 121 0.041667
106 121 0.041667
108 121 0.041667
116 121 0.041667
124 121 0.041667
126 121 0.041667
137 121 0.041667
149 121 0.041667
159 121 0.041667
161 121 0.041667
164 121 0.041667
3 139 0.030303
5 139 0.030303
11 139 0.030303
17 139 0.030303
22 139 0.030303
26 139 0.030303
31 139 0.030303
39 139 0.030303
55 139 0.030303
68 139 0.030303
70 139 0.030303
72 139 0.030303
73 139 0.030303
75 139 0.030303
84 139 0.030303
89 139 0.030303
91 139 0.030303
94 139 0.030303
95 139 0.030303
96 139 0.030303
100 139 0.030303
103 139 0.030303
106 139 0.030303
108 139 0.030303
110 139 0.030303
113 139 0.030303
118 139 0.030303
131 139 0.030303
134 139 0.030303
153 139 0.030303
156 139 0.030303
159 139 0.030303
165 139 0.030303
3 153 0.037037
12 153 0.037037
13 153 0.037037
31 153 0.037037
33 153 0.037037
36 153 0.037037
37 153 0.037037
39 153 0.037037
51 153 0.037037
58 153 0.037037
60 153 0.037037
61 153 0.037037
66 153 0.037037
69 153 0.037037
89 153 0.037037
108 153 0.037037
112 153 0.037037
120 153 0.037037
123 153 0.037037
128 153 0.037037
134 153 0.037037
139 153 0.037037
140 153 0.037037
149 153 0.037037
150 153 0.037037
162 153 0.037037
164 153 0.037037
3 165 0.032258
5 165 0.032258
9 165 0.032258
10 165 0.032258
11 165 0.032258
18 165 0.032258
21 165 0.032258
25 165 0.032258
30 165 0.032258
39 165 0.032258
46 165 0.032258
47 165 0.032258
51 165 0.032258
52 165 0.032258
68 165 0.032258
89 165 0.032258
93 165 0.032258
94 165 0.032258
99 165 0.032258
107 165 0.032258
109 165 0.032258
111 165 0.032258
129 165 0.032258
136 165 0.032258
139 165 0.032258
141 165 0.032258
149 165 0.032258
150 165 0.032258
152 165 0.032258
154 165 0.032258
162 165 0.032258
4 20 0.043478
11 20 0.043478
44 20 0.043478
49 20 0.043478
54 20 0.043478
62 20 0.043478
64 20 0.043478
71 20 0.043478
75 20 0.043478
77 20 0.043478
78 20 0.043478
83 20 0.043478
87 20 0.043478
94 20 0.043478
97 20 0.043478
103 20 0.043478
112 20 0.043478
114 20 0.043478
121 20 0.043478
145 20 0.043478
154 20 0.043478
157 20 0.043478
161 20 0.043478
4 26 0.0625
8 26 0.0625
23 26 0.0625
42 26 0.0625
45 26 0.0625
60 26 0.0625
101 26 0.0625
109 26 0.0625
121 26 0.0625
127 26 0.0625
132 26 0.0625
133 26 0.0625
137 26 0.0625
139 26 0.0625
141 26 0.0625
163 26 0.0625
4 44 0.034483
15 44 0.034483
20 44 0.034483
23 44 0.034483
30 44 0.034483
37 44 0.034483
46 44 0.034483
52 44 0.034483
54 44 0.034483
55 44 0.034483
57 44 0.034483
59 44 0.034483
73 44 0.034483
88 44 0.034483
91 44 0.034483
95 44 0.034483
96 44 0.034483
98 44 0.034483
100 44 0.034483
102 44 0.034483
111 44 0.034483
112 44 0.034483
116 44 0.034483
128 44 0.034483
136 44 0.034483
143 44 0.034483
152 44 0.034483
154 44 0.034483
157 44 0.034483
4 106 0.055556
22 106 0.055556
25 106 0.055556
35 106 0.055556
43 106 0.055556
46 106 0.055556
55 106 0.055556
61 106 0.055556
101 106 0.055556
118 106 0.055556
121 106 0.055556
128 106 0.055556
135 106 0.055556
138 106 0.055556
139 106 0.055556
141 106 0.055556
145 106 0.055556
164 106 0.055556
4 108 0.04
15 108 0.04
27 108 0.04
38 108 0.04
40 108 0.04
46 108 0.04
49 108 0.04
55 108 0.04
80 108 0.04
90 108 0.04
92 108 0.04
100 108 0.04
113 108 0.04
116 108 0.04
121 108 0.04
124 108 0.04
132 108 0.04
139 108 0.04
153 108 0.04
155 108 0.04
156 108 0.04
158 108 0.04
161 108 0.04
163 108 0.04
166 108 0.04
4 122 0.032258
6 122 0.032258
7 122 0.032258
13 122 0.032258
15 122 0.032258
24 122 0.032258
28 122 0.032258
29 122 0.032258
31 122 0.032258
33 122 0.032258
35 122 0.032258
43 122 0.032258
51 122 0.032258
52 122 0.032258
61 122 0.032258
67 122 0.032258
76 122 0.032258
79 122 0.032258
82 122 0.032258
83 122 0.032258
87 122 0.032258
89 122 0.032258
104 122 0.032258
105 122 0.032258
109 122 0.032258
110 122 0.032258
124 122 0.032258
130 122 0.032258
140 122 0.032258
144 122 0.032258
161 122 0.032258
4 123 0.047619
16 123 0.047619
29 123 0.047619
31 123 0.047619
34 123 0.047619
41 123 0.047619
51 123 0.047619
54 123 0.047619
56 123 0.047619
57 123 0.047619
85 123 0.047619
100 123 0.047619
102 123 0.047619
111 123 0.047619
120 123 0.047619
126 123 0.047619
142 123 0.047619
152 123 0.047619
153 123 0.047619
162 123 0.047619
166 123 0.047619
4 132 0.034483
13 132 0.034483
21 132 0.034483
25 132 0.034483
26 132 0.034483
27 132 0.034483
29 132 0.034483
31 132 0.034483
34 132 0.034483
40 132 0.034483
58 132 0.034483
61 132 0.034483
63 132 0.034483
65 132 0.034483
76 132 0.034483
83 132 0.034483
92 132 0.034483
93 132 0.034483
99 132 0.034483
104 132 0.034483
108 132 0.034483
112 132 0.034483
114 132 0.034483
126 132 0.034483
127 132 0.034483
135 132 0.034483
152 132 0.034483
159 132 0.034483
160 132 0.034483
5 12 0.04
10 12 0.04
11 12 0.04
18 12 0.04
24 12 0.04
25 12 0.04
32 12 0.04
39 12 0.04
43 12 0.04
47 12 0.04
63 12 0.04
70 12 0.04
75 12 0.04
77 12 0.04
89 12 0.04
90 12 0.04
100 12 0.04
101 12 0.04
112 12 0.04
126 12 0.04
130 12 0.04
136 12 0.04
153 12 0.04
157 12 0.04
161 12 0.04
5 25 0.032258
12 25 0.032258
17 25 0.032258
30 25 0.032258
36 25 0.032258
40 25 0.032258
42 25 0.032258
46 25 0.032258
47 25 0.032258
49 25 0.032258
59 25 0.032258
61 25 0.032258
67 25 0.032258
71 25 0.032258
73 25 0.032258
81 25 0.032258
86 25 0.032258
92 25 0.032258
97 25 0.032258
101 25 0.032258
106 25 0.032258
114 25 0.032258
115 25 0.032258
117 25 0.032258
130 25 0.032258
132 25 0.032258
142 25 0.032258
145 25 0.032258
146 25 0.032258
161 25 0.032258
165 25 0.032258
5 32 0.04
7 32 0.04
12 32 0.04
14 32 0.04
48 32 0.04
49 32 0.04
54 32 0.04
56 32 0.04
57 32 0.04
66 32 0.04
83 32 0.04
88 32 0.04
90 32 0.04
92 32 0.04
93 32 0.04
99 32 0.04
103 32 0.04
116 32 0.04
134 32 0.04
138 32 0.04
140 32 0.04
146 32 0.04
149 32 0.04
150 32 0.04
154 32 0.04
5 52 0.033333
17 52 0.033333
21 52 0.033333
36 52 0.033333
42 52 0.033333
44 52 0.033333
46 52 0.033333
47 52 0.033333
62 52 0.033333
66 52 0.033333
67 52 0.033333
76 52 0.033333
85 52 0.033333
89 52 0.033333
91 52 0.033333
105 52 0.033333
110 52 0.033333
114 52 0.033333
116 52 0.033333
122 52 0.033333
126 52 0.033333
129 52 0.033333
136 52 0.033333
141 52 0.033333
149 52 0.033333
150 52 0.033333
156 52 0.033333
159 52 0.033333
162 52 0.033333
165 52 0.033333
5 127 0.037037
13 127 0.037037
22 127 0.037037
23 127 0.037037
26 127 0.037037
30 127 0.037037
35 127 0.037037
47 127 0.037037
51 127 0.037037
57 127 0.037037
65 127 0.037037
72 127 0.037037
77 127 0.037037
82 127 0.037037
83 127 0.037037
89 127 0.037037
99 127 0.037037
109 127 0.037037
110 127 0.037037
118 127 0.037037
119 127 0.037037
120 127 0.037037
129 127 0.037037
132 127 0.037037
144 127 0.037037
145 127 0.037037
146 127 0.037037
5 137 0.037037
10 137 0.037037
22 137 0.037037
23 137 0.037037
26 137 0.037037
35 137 0.037037
39 137 0.037037
55 137 0.037037
56 137 0.037037
57 137 0.037037
64 137 0.037037
65 137 0.037037
66 137 0.037037
86 137 0.037037
87 137 0.037037
100 137 0.037037
101 137 0.037037
117 137 0.037037
120 137 0.037037
121 137 0.037037
141 137 0.037037
143 137 0.037037
150 137 0.037037
151 137 0.037037
158 137 0.037037
162 137 0.037037
166 137 0.037037
5 140 0.038462
6 140 0.038462
32 140 0.038462
34 140 0.038462
39 140 0.038462
41 140 0.038462
51 140 0.038462
55 140 0.038462
57 140 0.038462
69 140 0.038462
78 140 0.038462
85 140 0.038462
96 140 0.038462
100 140 0.038462
110 140 0.038462
120 140 0.038462
122 140 0.038462
124 140 0.038462
125 140 0.038462
130 140 0.038462
136 140 0.038462
138 140 0.038462
148 140 0.038462
153 140 0.038462
155 140 0.038462
159 140 0.038462
6 7 0.041667
10 7 0.041667
24 7 0.041667
30 7 0.041667
31 7 0.041667
32 7 0.041667
33 7 0.041667
37 7 0.041667
43 7 0.041667
49 7 0.041667
50 7 0.041667
53 7 0.041667
63 7 0.041667
68 7 0.041667
70 7 0.041667
71 7 0.041667
89 7 0.041667
92 7 0.041667
122 7 0.041667
125 7 0.041667
128 7 0.041667
151 7 0.041667
156 7 0.041667
157 7 0.041667
6 8 0.035714
10 8 0.035714
23 8 0.035714
26 8 0.035714
30 8 0.035714
34 8 0.035714
37 8 0.035714
48 8 0.035714
56 8 0.035714
59 8 0.035714
64 8 0.035714
65 8 0.035714
67 8 0.035714
86 8 0.035714
90 8 0.035714
91 8 0.035714
95 8 0.035714
97 8 0.035714
105 8 0.035714
111 8 0.035714
114 8 0.035714
120 8 0.035714
128 8 0.035714
130 8 0.035714
134 8 0.035714
145 8 0.035714
146 8 0.035714
156 8 0.035714
6 28 0.038462
19 28 0.038462
30 28 0.038462
34 28 0.038462
48 28 0.038462
49 28 0.038462
58 28 0.038462
65 28 0.038462
78 28 0.038462
98 28 0.038462
101 28 0.038462
102 28 0.038462
103 28 0.038462
114 28 0.038462
115 28 0.038462
118 28 0.038462
122 28 0.038462
128 28 0.038462
129 28 0.038462
134 28 0.038462
145 28 0.038462
150 28 0.038462
152 28 0.038462
155 28 0.038462
163 28 0.038462
166 28 0.038462
6 42 0.05
23 42 0.05
25 42 0.05
26 42 0.05
33 42 0.05
35 42 0.05
36 42 0.05
46 42 0.05
49 42 0.05
52 42 0.05
66 42 0.05
74 42 0.05
84 42 0.05
115 42 0.05
117 42 0.05
121 42 0.05
135 42 0.05
141 42 0.05
157 42 0.05
161 42 0.05
6 86 0.034483
8 86 0.034483
11 86 0.034483
15 86 0.034483
18 86 0.034483
21 86 0.034483
25 86 0.034483
30 86 0.034483
31 86 0.034483
36 86 0.034483
40 86 0.034483
56 86 0.034483
60 86 0.034483
65 86 0.034483
67 86 0.034483
69 86 0.034483
79 86 0.034483
91 86 0.034483
101 86 0.034483
102 86 0.034483
112 86 0.034483
115 86 0.034483
117 86 0.034483
121 86 0.034483
135 86 0.034483
137 86 0.034483
147 86 0.034483
152 86 0.034483
166 86 0.034483
6 109 0.043478
13 109 0.043478
16 109 0.043478
26 109 0.043478
40 109 0.043478
46 109 0.043478
48 109 0.043478
56 109 0.043478
57 109 0.043478
63 109 0.043478
66 109 0.043478
80 109 0.043478
81 109 0.043478
92 109 0.043478
95 109 0.043478
96 109 0.043478
101 109 0.043478
115 109 0.043478
120 109 0.043478
122 109 0.043478
127 109 0.043478
150 109 0.043478
165 109 0.043478
6 120 0.035714
8 120 0.035714
14 120 0.035714
17 120 0.035714
21 120 0.035714
24 120 0.035714
29 120 0.035714
39 120 0.035714
40 120 0.035714
47 120 0.035714
49 120 0.035714
56 120 0.035714
58 120 0.035714
59 120 0.035714
65 120 0.035714
84 120 0.035714
102 120 0.035714
109 120 0.035714
113 120 0.035714
123 120 0.035714
127 120 0.035714
133 120 0.035714
136 120 0.035714
137 120 0.035714
140 120 0.035714
153 120 0.035714
155 120 0.035714
161 120 0.035714
6 125 0.038462
7 125 0.038462
33 125 0.038462
46 125 0.038462
50 125 0.038462
54 125 0.038462
56 125 0.038462
62 125 0.038462
68 125 0.038462
77 125 0.038462
78 125 0.038462
82 125 0.038462
83 125 0.038462
89 125 0.038462
98 125 0.038462
102 125 0.038462
113 125 0.038462
114 125 0.038462
116 125 0.038462
126 125 0.038462
133 125 0.038462
136 125 0.038462
140 125 0.038462
150 125 0.038462
162 125 0.038462
164 125 0.038462
6 131 0.058824
19 131 0.058824
46 131 0.058824
50 131 0.058824
54 131 0.058824
65 131 0.058824
72 131 0.058824
87 131 0.058824
93 131 0.058824
99 131 0.058824
104 131 0.058824
116 131 0.058824
133 131 0.058824
139 131 0.058824
149 131 0.058824
156 131 0.058824
157 131 0.058824
6 134 0.05
8 134 0.05
28 134 0.05
32 134 0.05
48 134 0.05
56 134 0.05
70 134 0.05
73 134 0.05
74 134 0.05
83 134 0.05
93 134 0.05
101 134 0.05
107 134 0.05
111 134 0.05
135 134 0.05
139 134 0.05
148 134 0.05
153 134 0.05
160 134 0.05
162 134 0.05
6 143 0.038462
10 143 0.038462
11 143 0.038462
15 143 0.038462
16 143 0.038462
17 143 0.038462
18 143 0.038462
39 143 0.038462
40 143 0.038462
44 143 0.038462
53 143 0.038462
62 143 0.038462
66 143 0.038462
71 143 0.038462
72 143 0.038462
84 143 0.038462
94 143 0.038462
98 143 0.038462
104 143 0.038462
105 143 0.038462
116 143 0.038462
137 143 0.038462
146 143 0.038462
147 143 0.038462
151 143 0.038462
163 143 0.038462
6 150 0.032258
14 150 0.032258
15 150 0.032258
27 150 0.032258
28 150 0.032258
30 150 0.032258
31 150 0.032258
32 150 0.032258
35 150 0.032258
48 150 0.032258
51 150 0.032258
52 150 0.032258
54 150 0.032258
66 150 0.032258
69 150 0.032258
74 150 0.032258
75 150 0.032258
91 150 0.032258
99 150 0.032258
107 150 0.032258
109 150 0.032258
125 150 0.032258
135 150 0.032258
137 150 0.032258
142 150 0.032258
152 150 0.032258
153 150 0.032258
155 150 0.032258
159 150 0.032258
160 150 0.032258
165 150 0.032258
6 154 0.045455
9 154 0.045455
13 154 0.045455
20 154 0.045455
23 154 0.045455
31 154 0.045455
32 154 0.045455
34 154 0.045455
44 154 0.045455
49 154 0.045455
50 154 0.045455
58 154 0.045455
73 154 0.045455
82 154 0.045455
83 154 0.045455
87 154 0.045455
103 154 0.045455
105 154 0.045455
116 154 0.045455
128 154 0.045455
159 154 0.045455
165 154 0.045455
7 10 0.05
8 10 0.05
12 10 0.05
15 10 0.05
21 10 0.05
36 10 0.05
39 10 0.05
46 10 0.05
53 10 0.05
70 10 0.05
77 10 0.05
93 10 0.05
100 10 0.05
105 10 0.05
110 10 0.05
116 10 0.05
137 10 0.05
143 10 0.05
147 10 0.05
165 10 0.05
7 30 0.025
8 30 0.025
9 30 0.025
19 30 0.025
21 30 0.025
25 30 0.025
28 30 0.025
35 30 0.025
40 30 0.025
41 30 0.025
44 30 0.025
48 30 0.025
54 30 0.025
63 30 0.025
64 30 0.025
66 30 0.025
68 30 0.025
71 30 0.025
74 30 0.025
75 30 0.025
77 30 0.025
78 30 0.025
81 30 0.025
84 30 0.025
86 30 0.025
88 30 0.025
93 30 0.025
96 30 0.025
98 30 0.025
99 30 0.025
104 30 0.025
117 30 0.025
119 30 0.025
127 30 0.025
141 30 0.025
145 30 0.025
150 30 0.025
161 30 0.025
163 30 0.025
165 30 0.025
7 37 0.058824
8 37 0.058824
23 37 0.058824
24 37 0.058824
44 37 0.058824
53 37 0.058824
67 37 0.058824
81 37 0.058824
92 37 0.058824
94 37 0.058824
98 37 0.058824
110 37 0.058824
118 37 0.058824
142 37 0.058824
145 37 0.058824
153 37 0.058824
164 37 0.058824
7 50 0.041667
15 50 0.041667
17 50 0.041667
19 50 0.041667
33 50 0.041667
34 50 0.041667
35 50 0.041667
65 50 0.041667
66 50 0.041667
67 50 0.041667
70 50 0.041667
71 50 0.041667
74 50 0.041667
88 50 0.041667
95 50 0.041667
107 50 0.041667
114 50 0.041667
116 50 0.041667
119 50 0.041667
125 50 0.041667
128 50 0.041667
131 50 0.041667
144 50 0.041667
154 50 0.041667
7 63 0.05
12 63 0.05
30 63 0.05
40 63 0.05
45 63 0.05
58 63 0.05
66 63 0.05
69 63 0.05
72 63 0.05
93 63 0.05
98 63 0.05
109 63 0.05
118 63 0.05
126 63 0.05
132 63 0.05
135 63 0.05
146 63 0.05
149 63 0.05
160 63 0.05
164 63 0.05
7 68 0.04
15 68 0.04
18 68 0.04
24 68 0.04
27 68 0.04
30 68 0.04
39 68 0.04
46 68 0.04
48 68 0.04
58 68 0.04
67 68 0.04
71 68 0.04
74 68 0.04
85 68 0.04
91 68 0.04
92 68 0.04
96 68 0.04
102 68 0.04
105 68 0.04
110 68 0.04
112 68 0.04
121 68 0.04
125 68 0.04
139 68 0.04
165 68 0.04
7 89 0.029412
12 89 0.029412
18 89 0.029412
29 89 0.029412
31 89 0.029412
39 89 0.029412
45 89 0.029412
46 89 0.029412
51 89 0.029412
52 89 0.029412
53 89 0.029412
61 89 0.029412
64 89 0.029412
71 89 0.029412
74 89 0.029412
84 89 0.029412
90 89 0.029412
96 89 0.029412
97 89 0.029412
100 89 0.029412
103 89 0.029412
105 89 0.029412
112 89 0.029412
115 89 0.029412
117 89 0.029412
119 89 0.029412
122 89 0.029412
124 89 0.029412
125 89 0.029412
127 89 0.029412
139 89 0.029412
146 89 0.029412
153 89 0.029412
165 89 0.029412
7 151 0.052632
15 151 0.052632
17 151 0.052632
19 151 0.052632
36 151 0.052632
58 151 0.052632
67 151 0.052632
87 151 0.052632
92 151 0.052632
94 151 0.052632
101 151 0.052632
103 151 0.052632
115 151 0.052632
137 151 0.052632
143 151 0.052632
146 151 0.052632
149 151 0.052632
159 151 0.052632
162 151 0.052632
7 156 0.03125
8 156 0.03125
9 156 0.03125
11 156 0.03125
31 156 0.03125
39 156 0.03125
43 156 0.03125
52 156 0.03125
61 156 0.03125
62 156 0.03125
73 156 0.03125
75 156 0.03125
78 156 0.03125
79 156 0.03125
80 156 0.03125
81 156 0.03125
82 156 0.03125
88 156 0.03125
100 156 0.03125
102 156 0.03125
103 156 0.03125
108 156 0.03125
110 156 0.03125
113 156 0.03125
114 156 0.03125
116 156 0.03125
129 156 0.03125
131 156 0.03125
139 156 0.03125
141 156 0.03125
144 156 0.03125
158 156 0.03125
7 157 0.045455
12 157 0.045455
19 157 0.045455
20 157 0.045455
24 157 0.045455
33 157 0.045455
42 157 0.045455
44 157 0.045455
62 157 0.045455
69 157 0.045455
70 157 0.045455
84 157 0.045455
96 157 0.045455
97 157 0.045455
99 157 0.045455
104 157 0.045455
112 157 0.045455
126 157 0.045455
129 157 0.045455
131 157 0.045455
159 157 0.045455
161 157 0.045455
8 23 0.038462
11 23 0.038462
15 23 0.038462
22 23 0.038462
26 23 0.038462
33 23 0.038462
37 23 0.038462
42 23 0.038462
44 23 0.038462
45 23 0.038462
55 23 0.038462
58 23 0.038462
62 23 0.038462
66 23 0.038462
88 23 0.038462
91 23 0.038462
94 23 0.038462
100 23 0.038462
102 23 0.038462
110 23 0.038462
114 23 0.038462
127 23 0.038462
137 23 0.038462
154 23 0.038462
155 23 0.038462
160 23 0.038462
8 56 0.047619
17 56 0.047619
29 56 0.047619
32 56 0.047619
45 56 0.047619
57 56 0.047619
62 56 0.047619
71 56 0.047619
86 56 0.047619
91 56 0.047619
109 56 0.047619
120 56 0.047619
121 56 0.047619
123 56 0.047619
125 56 0.047619
130 56 0.047619
134 56 0.047619
137 56 0.047619
152 56 0.047619
155 56 0.047619
162 56 0.047619
8 91 0.04
14 91 0.04
23 91 0.04
34 91 0.04
44 91 0.04
45 91 0.04
46 91 0.04
52 91 0.04
54 91 0.04
56 91 0.04
61 91 0.04
66 91 0.04
68 91 0.04
86 91 0.04
102 91 0.04
112 91 0.04
121 91 0.04
133 91 0.04
136 91 0.04
139 91 0.04
145 91 0.04
148 91 0.04
150 91 0.04
152 91 0.04
164 91 0.04
8 95 0.04
11 95 0.04
15 95 0.04
22 95 0.04
27 95 0.04
31 95 0.04
36 95 0.04
44 95 0.04
50 95 0.04
51 95 0.04
59 95 0.04
62 95 0.04
64 95 0.04
65 95 0.04
69 95 0.04
77 95 0.04
81 95 0.04
105 95 0.04
107 95 0.04
109 95 0.04
119 95 0.04
138 95 0.04
139 95 0.04
144 95 0.04
148 95 0.04
8 111 0.03125
18 111 0.03125
22 111 0.03125
35 111 0.03125
38 111 0.03125
41 111 0.03125
43 111 0.03125
44 111 0.03125
47 111 0.03125
58 111 0.03125
60 111 0.03125
65 111 0.03125
73 111 0.03125
76 111 0.03125
83 111 0.03125
85 111 0.03125
93 111 0.03125
94 111 0.03125
99 111 0.03125
112 111 0.03125
117 111 0.03125
123 111 0.03125
129 111 0.03125
130 111 0.03125
134 111 0.03125
138 111 0.03125
142 111 0.03125
145 111 0.03125
146 111 0.03125
152 111 0.03125
164 111 0.03125
165 111 0.03125
8 114 0.04
20 114 0.04
23 114 0.04
25 114 0.04
28 114 0.04
29 114 0.04
40 114 0.04
46 114 0.04
48 114 0.04
50 114 0.04
52 114 0.04
55 114 0.04
62 114 0.04
64 114 0.04
65 114 0.04
69 114 0.04
81 114 0.04
99 114 0.04
113 114 0.04
116 114 0.04
125 114 0.04
132 114 0.04
138 114 0.04
156 114 0.04
162 114 0.04
8 130 0.04
12 130 0.04
21 130 0.04
25 130 0.04
27 130 0.04
41 130 0.04
48 130 0.04
56 130 0.04
59 130 0.04
62 130 0.04
73 130 0.04
81 130 0.04
84 130 0.04
87 130 0.04
93 130 0.04
97 130 0.04
104 130 0.04
111 130 0.04
115 130 0.04
122 130 0.04
133 130 0.04
140 130 0.04
144 130 0.04
145 130 0.04
147 130 0.04
9 84 0.038462
13 84 0.038462
30 84 0.038462
34 84 0.038462
40 84 0.038462
42 84 0.038462
45 84 0.038462
49 84 0.038462
53 84 0.038462
60 84 0.038462
67 84 0.038462
71 84 0.038462
85 84 0.038462
89 84 0.038462
90 84 0.038462
98 84 0.038462
120 84 0.038462
121 84 0.038462
130 84 0.038462
135 84 0.038462
139 84 0.038462
141 84 0.038462
143 84 0.038462
145 84 0.038462
157 84 0.038462
160 84 0.038462
9 85 0.041667
17 85 0.041667
18 85 0.041667
29 85 0.041667
33 85 0.041667
38 85 0.041667
49 85 0.041667
52 85 0.041667
60 85 0.041667
67 85 0.041667
68 85 0.041667
76 85 0.041667
84 85 0.041667
87 85 0.041667
102 85 0.041667
111 85 0.041667
113 85 0.041667
123 85 0.041667
129 85 0.041667
136 85 0.041667
140 85 0.041667
145 85 0.041667
164 85 0.041667
166 85 0.041667
9 107 0.066667
17 107 0.066667
18 107 0.066667
21 107 0.066667
49 107 0.066667
50 107 0.066667
88 107 0.066667
95 107 0.066667
126 107 0.066667
134 107 0.066667
145 107 0.066667
150 107 0.066667
152 107 0.066667
165 107 0.066667
166 107 0.066667
9 126 0.038462
12 126 0.038462
18 126 0.038462
29 126 0.038462
31 126 0.038462
36 126 0.038462
46 126 0.038462
47 126 0.038462
52 126 0.038462
63 126 0.038462
67 126 0.038462
71 126 0.038462
72 126 0.038462
76 126 0.038462
96 126 0.038462
107 126 0.038462
117 126 0.038462
121 126 0.038462
123 126 0.038462
125 126 0.038462
132 126 0.038462
144 126 0.038462
157 126 0.038462
160 126 0.038462
164 126 0.038462
166 126 0.038462
10 77 0.034483
12 77 0.034483
20 77 0.034483
21 77 0.034483
24 77 0.034483
30 77 0.034483
36 77 0.034483
39 77 0.034483
75 77 0.034483
87 77 0.034483
88 77 0.034483
95 77 0.034483
101 77 0.034483
112 77 0.034483
119 77 0.034483
124 77 0.034483
125 77 0.034483
127 77 0.034483
141 77 0.034483
142 77 0.034483
144 77 0.034483
145 77 0.034483
148 77 0.034483
152 77 0.034483
155 77 0.034483
158 77 0.034483
162 77 0.034483
163 77 0.034483
166 77 0.034483
10 100 0.034483
12 100 0.034483
13 100 0.034483
14 100 0.034483
23 100 0.034483
35 100 0.034483
40 100 0.034483
44 100 0.034483
49 100 0.034483
55 100 0.034483
62 100 0.034483
65 100 0.034483
67 100 0.034483
70 100 0.034483
75 100 0.034483
87 100 0.034483
89 100 0.034483
96 100 0.034483
103 100 0.034483
105 100 0.034483
108 100 0.034483
123 100 0.034483
137 100 0.034483
139 100 0.034483
140 100 0.034483
152 100 0.034483
156 100 0.034483
161 100 0.034483
162 100 0.034483
11 79 0.045455
15 79 0.045455
18 79 0.045455
19 79 0.045455
27 79 0.045455
38 79 0.045455
40 79 0.045455
48 79 0.045455
51 79 0.045455
53 79 0.045455
71 79 0.045455
73 79 0.045455
74 79 0.045455
78 79 0.045455
80 79 0.045455
86 79 0.045455
90 79 0.045455
92 79 0.045455
97 79 0.045455
115 79 0.045455
122 79 0.045455
156 79 0.045455
11 80 0.055556
16 80 0.055556
18 80 0.055556
51 80 0.055556
53 80 0.055556
55 80 0.055556
65 80 0.055556
71 80 0.055556
79 80 0.055556
92 80 0.055556
108 80 0.055556
109 80 0.055556
112 80 0.055556
119 80 0.055556
147 80 0.055556
156 80 0.055556
163 80 0.055556
164 80 0.055556
11 94 0.0625
20 94 0.0625
23 94 0.0625
24 94 0.0625
33 94 0.0625
37 94 0.0625
67 94 0.0625
111 94 0.0625
135 94 0.0625
136 94 0.0625
138 94 0.0625
139 94 0.0625
143 94 0.0625
146 94 0.0625
151 94 0.0625
165 94 0.0625
11 129 0.038462
14 129 0.038462
22 129 0.038462
28 129 0.038462
52 129 0.038462
62 129 0.038462
71 129 0.038462
73 129 0.038462
82 129 0.038462
85 129 0.038462
93 129 0.038462
97 129 0.038462
111 129 0.038462
112 129 0.038462
124 129 0.038462
127 129 0.038462
141 129 0.038462
142 129 0.038462
144 129 0.038462
146 129 0.038462
149 129 0.038462
156 129 0.038462
157 129 0.038462
159 129 0.038462
162 129 0.038462
165 129 0.038462
11 133 0.043478
24 133 0.043478
26 133 0.043478
49 133 0.043478
61 133 0.043478
64 133 0.043478
82 133 0.043478
83 133 0.043478
91 133 0.043478
97 133 0.043478
105 133 0.043478
113 133 0.043478
119 133 0.043478
120 133 0.043478
125 133 0.043478
128 133 0.043478
130 133 0.043478
131 133 0.043478
146 133 0.043478
148 133 0.043478
155 133 0.043478
158 133 0.043478
162 133 0.043478
11 135 0.041667
15 135 0.041667
42 135 0.041667
49 135 0.041667
60 135 0.041667
63 135 0.041667
75 135 0.041667
76 135 0.041667
78 135 0.041667
82 135 0.041667
84 135 0.041667
86 135 0.041667
93 135 0.041667
94 135 0.041667
97 135 0.041667
106 135 0.041667
119 135 0.041667
124 135 0.041667
132 135 0.041667
134 135 0.041667
142 135 0.041667
146 135 0.041667
147 135 0.041667
150 135 0.041667
11 149 0.035714
18 149 0.035714
32 149 0.035714
33 149 0.035714
41 149 0.035714
43 149 0.035714
52 149 0.035714
53 149 0.035714
61 149 0.035714
63 149 0.035714
64 149 0.035714
81 149 0.035714
90 149 0.035714
92 149 0.035714
98 149 0.035714
102 149 0.035714
110 149 0.035714
115 149 0.035714
121 149 0.035714
129 149 0.035714
131 149 0.035714
136 149 0.035714
147 149 0.035714
151 149 0.035714
153 149 0.035714
159 149 0.035714
162 149 0.035714
165 149 0.035714
11 155 0.055556
15 155 0.055556
23 155 0.055556
28 155 0.055556
36 155 0.055556
38 155 0.055556
56 155 0.055556
75 155 0.055556
77 155 0.055556
88 155 0.055556
96 155 0.055556
108 155 0.055556
110 155 0.055556
115 155 0.055556
120 155 0.055556
133 155 0.055556
140 155 0.055556
150 155 0.055556
11 158 0.058824
15 158 0.058824
36 158 0.058824
38 158 0.058824
40 158 0.058824
64 158 0.058824
77 158 0.058824
78 158 0.058824
82 158 0.058824
88 158 0.058824
108 158 0.058824
116 158 0.058824
133 158 0.058824
137 158 0.058824
144 158 0.058824
152 158 0.058824
156 158 0.058824
12 101 0.043478
17 101 0.043478
25 101 0.043478
26 101 0.043478
28 101 0.043478
39 101 0.043478
53 101 0.043478
54 101 0.043478
72 101 0.043478
77 101 0.043478
81 101 0.043478
82 101 0.043478
86 101 0.043478
90 101 0.043478
92 101 0.043478
98 101 0.043478
106 101 0.043478
109 101 0.043478
128 101 0.043478
134 101 0.043478
137 101 0.043478
151 101 0.043478
160 101 0.043478
12 136 0.047619
16 136 0.047619
39 136 0.047619
44 136 0.047619
49 136 0.047619
52 136 0.047619
64 136 0.047619
75 136 0.047619
85 136 0.047619
91 136 0.047619
94 136 0.047619
102 136 0.047619
103 136 0.047619
115 136 0.047619
120 136 0.047619
125 136 0.047619
140 136 0.047619
141 136 0.047619
149 136 0.047619
164 136 0.047619
165 136 0.047619
13 22 0.047619
23 22 0.047619
24 22 0.047619
29 22 0.047619
39 22 0.047619
45 22 0.047619
59 22 0.047619
62 22 0.047619
72 22 0.047619
75 22 0.047619
93 22 0.047619
95 22 0.047619
104 22 0.047619
106 22 0.047619
111 22 0.047619
113 22 0.047619
124 22 0.047619
127 22 0.047619
129 22 0.047619
137 22 0.047619
139 22 0.047619
13 82 0.034483
27 82 0.034483
31 82 0.034483
33 82 0.034483
41 82 0.034483
53 82 0.034483
60 82 0.034483
62 82 0.034483
64 82 0.034483
71 82 0.034483
92 82 0.034483
93 82 0.034483
99 82 0.034483
101 82 0.034483
115 82 0.034483
122 82 0.034483
125 82 0.034483
127 82 0.034483
128 82 0.034483
129 82 0.034483
133 82 0.034483
135 82 0.034483
142 82 0.034483
145 82 0.034483
146 82 0.034483
154 82 0.034483
156 82 0.034483
158 82 0.034483
162 82 0.034483
13 99 0.04
17 99 0.04
30 99 0.04
32 99 0.04
62 99 0.04
72 99 0.04
73 99 0.04
75 99 0.04
78 99 0.04
82 99 0.04
93 99 0.04
103 99 0.04
111 99 0.04
114 99 0.04
116 99 0.04
127 99 0.04
128 99 0.04
131 99 0.04
132 99 0.04
148 99 0.04
150 99 0.04
152 99 0.04
157 99 0.04
165 99 0.04
166 99 0.04
13 103 0.038462
20 103 0.038462
24 103 0.038462
28 103 0.038462
32 103 0.038462
34 103 0.038462
51 103 0.038462
71 103 0.038462
72 103 0.038462
73 103 0.038462
88 103 0.038462
89 103 0.038462
90 103 0.038462
93 103 0.038462
99 103 0.038462
100 103 0.038462
119 103 0.038462
124 103 0.038462
136 103 0.038462
139 103 0.038462
144 103 0.038462
145 103 0.038462
151 103 0.038462
154 103 0.038462
156 103 0.038462
160 103 0.038462
13 148 0.05
55 148 0.05
60 148 0.05
66 148 0.05
72 148 0.05
75 148 0.05
77 148 0.05
91 148 0.05
95 148 0.05
96 148 0.05
99 148 0.05
105 148 0.05
113 148 0.05
115 148 0.05
133 148 0.05
134 148 0.05
140 148 0.05
145 148 0.05
146 148 0.05
162 148 0.05
14 29 0.05
22 29 0.05
36 29 0.05
54 29 0.05
56 29 0.05
58 29 0.05
66 29 0.05
73 29 0.05
85 29 0.05
89 29 0.05
96 29 0.05
113 29 0.05
114 29 0.05
120 29 0.05
122 29 0.05
123 29 0.05
126 29 0.05
132 29 0.05
138 29 0.05
147 29 0.05
14 60 0.045455
26 60 0.045455
33 60 0.045455
35 60 0.045455
36 60 0.045455
45 60 0.045455
66 60 0.045455
82 60 0.045455
84 60 0.045455
85 60 0.045455
86 60 0.045455
88 60 0.045455
97 60 0.045455
110 60 0.045455
111 60 0.045455
117 60 0.045455
135 60 0.045455
141 60 0.045455
146 60 0.045455
148 60 0.045455
153 60 0.045455
166 60 0.045455
14 115 0.034483
25 115 0.034483
28 115 0.034483
39 115 0.034483
42 115 0.034483
43 115 0.034483
51 115 0.034483
55 115 0.034483
76 115 0.034483
79 115 0.034483
82 115 0.034483
83 115 0.034483
86 115 0.034483
89 115 0.034483
109 115 0.034483
112 115 0.034483
113 115 0.034483
118 115 0.034483
124 115 0.034483
130 115 0.034483
136 115 0.034483
141 115 0.034483
146 115 0.034483
148 115 0.034483
149 115 0.034483
151 115 0.034483
152 115 0.034483
155 115 0.034483
159 115 0.034483
14 160 0.041667
18 160 0.041667
23 160 0.041667
24 160 0.041667
43 160 0.041667
51 160 0.041667
54 160 0.041667
63 160 0.041667
64 160 0.041667
83 160 0.041667
84 160 0.041667
87 160 0.041667
92 160 0.041667
97 160 0.041667
101 160 0.041667
102 160 0.041667
103 160 0.041667
126 160 0.041667
132 160 0.041667
134 160 0.041667
141 160 0.041667
147 160 0.041667
150 160 0.041667
166 160 0.041667
15 104 0.055556
22 104 0.055556
27 104 0.055556
30 104 0.055556
35 104 0.055556
62 104 0.055556
67 104 0.055556
105 104 0.055556
118 104 0.055556
122 104 0.055556
130 104 0.055556
131 104 0.055556
132 104 0.055556
141 104 0.055556
142 104 0.055556
143 104 0.055556
157 104 0.055556
164 104 0.055556
15 164 0.041667
17 164 0.041667
31 164 0.041667
34 164 0.041667
37 164 0.041667
39 164 0.041667
51 164 0.041667
59 164 0.041667
63 164 0.041667
76 164 0.041667
78 164 0.041667
80 164 0.041667
85 164 0.041667
87 164 0.041667
91 164 0.041667
104 164 0.041667
106 164 0.041667
111 164 0.041667
119 164 0.041667
121 164 0.041667
125 164 0.041667
126 164 0.041667
136 164 0.041667
153 164 0.041667
16 98 0.04
17 98 0.04
28 98 0.04
30 98 0.04
35 98 0.04
36 98 0.04
37 98 0.04
38 98 0.04
40 98 0.04
43 98 0.04
44 98 0.04
53 98 0.04
63 98 0.04
71 98 0.04
81 98 0.04
84 98 0.04
97 98 0.04
101 98 0.04
113 98 0.04
118 98 0.04
121 98 0.04
125 98 0.04
143 98 0.04
149 98 0.04
161 98 0.04
17 38 0.041667
27 38 0.041667
35 38 0.041667
36 38 0.041667
54 38 0.041667
55 38 0.041667
61 38 0.041667
65 38 0.041667
71 38 0.041667
75 38 0.041667
79 38 0.041667
85 38 0.041667
90 38 0.041667
92 38 0.041667
93 38 0.041667
98 38 0.041667
108 38 0.041667
111 38 0.041667
116 38 0.041667
138 38 0.041667
144 38 0.041667
155 38 0.041667
158 38 0.041667
166 38 0.041667
17 61 0.052632
18 61 0.052632
24 61 0.052632
25 61 0.052632
38 61 0.052632
45 61 0.052632
59 61 0.052632
78 61 0.052632
89 61 0.052632
91 61 0.052632
93 61 0.052632
106 61 0.052632
122 61 0.052632
124 61 0.052632
132 61 0.052632
133 61 0.052632
149 61 0.052632
153 61 0.052632
156 61 0.052632
19 57 0.045455
24 57 0.045455
32 57 0.045455
35 57 0.045455
36 57 0.045455
44 57 0.045455
49 57 0.045455
55 57 0.045455
56 57 0.045455
65 57 0.045455
67 57 0.045455
71 57 0.045455
72 57 0.045455
87 57 0.045455
92 57 0.045455
109 57 0.045455
123 57 0.045455
127 57 0.045455
137 57 0.045455
138 57 0.045455
140 57 0.045455
142 57 0.045455
19 74 0.055556
30 74 0.055556
41 74 0.055556
42 74 0.055556
43 74 0.055556
50 74 0.055556
54 74 0.055556
68 74 0.055556
79 74 0.055556
89 74 0.055556
93 74 0.055556
96 74 0.055556
134 74 0.055556
146 74 0.055556
147 74 0.055556
150 74 0.055556
152 74 0.055556
161 74 0.055556
19 81 0.04
25 81 0.04
30 81 0.04
35 81 0.04
37 81 0.04
45 81 0.04
46 81 0.04
58 81 0.04
69 81 0.04
90 81 0.04
95 81 0.04
98 81 0.04
101 81 0.04
102 81 0.04
109 81 0.04
112 81 0.04
114 81 0.04
116 81 0.04
121 81 0.04
124 81 0.04
130 81 0.04
138 81 0.04
149 81 0.04
156 81 0.04
159 81 0.04
21 138 0.04
24 138 0.04
29 138 0.04
32 138 0.04
34 138 0.04
38 138 0.04
48 138 0.04
57 138 0.04
65 138 0.04
76 138 0.04
81 138 0.04
94 138 0.04
95 138 0.04
106 138 0.04
110 138 0.04
111 138 0.04
112 138 0.04
113 138 0.04
114 138 0.04
118 138 0.04
128 138 0.04
140 138 0.04
142 138 0.04
146 138 0.04
162 138 0.04
22 124 0.037037
34 124 0.037037
49 124 0.037037
51 124 0.037037
58 124 0.037037
59 124 0.037037
61 124 0.037037
62 124 0.037037
66 124 0.037037
72 124 0.037037
77 124 0.037037
78 124 0.037037
81 124 0.037037
83 124 0.037037
89 124 0.037037
92 124 0.037037
103 124 0.037037
105 124 0.037037
108 124 0.037037
115 124 0.037037
121 124 0.037037
122 124 0.037037
129 124 0.037037
135 124 0.037037
140 124 0.037037
146 124 0.037037
147 124 0.037037
23 102 0.032258
28 102 0.032258
41 102 0.032258
43 102 0.032258
44 102 0.032258
51 102 0.032258
62 102 0.032258
64 102 0.032258
65 102 0.032258
66 102 0.032258
68 102 0.032258
70 102 0.032258
76 102 0.032258
81 102 0.032258
85 102 0.032258
86 102 0.032258
91 102 0.032258
92 102 0.032258
118 102 0.032258
119 102 0.032258
120 102 0.032258
123 102 0.032258
125 102 0.032258
136 102 0.032258
145 102 0.032258
146 102 0.032258
147 102 0.032258
149 102 0.032258
156 102 0.032258
160 102 0.032258
163 102 0.032258
24 73 0.041667
25 73 0.041667
29 73 0.041667
31 73 0.041667
44 73 0.041667
46 73 0.041667
48 73 0.041667
58 73 0.041667
62 73 0.041667
66 73 0.041667
79 73 0.041667
83 73 0.041667
99 73 0.041667
103 73 0.041667
111 73 0.041667
129 73 0.041667
130 73 0.041667
134 73 0.041667
139 73 0.041667
145 73 0.041667
154 73 0.041667
156 73 0.041667
159 73 0.041667
166 73 0.041667
25 40 0.035714
27 40 0.035714
30 40 0.035714
51 40 0.035714
54 40 0.035714
63 40 0.035714
64 40 0.035714
67 40 0.035714
75 40 0.035714
78 40 0.035714
79 40 0.035714
84 40 0.035714
86 40 0.035714
97 40 0.035714
98 40 0.035714
100 40 0.035714
108 40 0.035714
109 40 0.035714
110 40 0.035714
112 40 0.035714
114 40 0.035714
120 40 0.035714
132 40 0.035714
142 40 0.035714
143 40 0.035714
152 40 0.035714
158 40 0.035714
162 40 0.035714
15 0 0.05
21 0 0.05
31 0 0.05
39 0 0.05
45 0 0.05
48 0 0.05
49 0 0.05
53 0 0.05
59 0 0.05
62 0 0.05
67 0 0.05
83 0 0.05
87 0 0.05
90 0 0.05
92 0 0.05
119 0 0.05
128 0 0.05
141 0 0.05
146 0 0.05
147 0 0.05
13 1 0.037037
16 1 0.037037
18 1 0.037037
21 1 0.037037
34 1 0.037037
35 1 0.037037
36 1 0.037037
43 1 0.037037
46 1 0.037037
58 1 0.037037
72 1 0.037037
88 1 0.037037
93 1 0.037037
96 1 0.037037
97 1 0.037037
110 1 0.037037
112 1 0.037037
118 1 0.037037
144 1 0.037037
145 1 0.037037
146 1 0.037037
152 1 0.037037
159 1 0.037037
161 1 0.037037
162 1 0.037037
163 1 0.037037
166 1 0.037037
5 2 0.043478
14 2 0.043478
16 2 0.043478
33 2 0.043478
34 2 0.043478
35 2 0.043478
47 2 0.043478
51 2 0.043478
54 2 0.043478
65 2 0.043478
75 2 0.043478
76 2 0.043478
78 2 0.043478
83 2 0.043478
87 2 0.043478
90 2 0.043478
92 2 0.043478
97 2 0.043478
112 2 0.043478
116 2 0.043478
117 2 0.043478
142 2 0.043478
147 2 0.043478
17 3 0.047619
24 3 0.047619
41 3 0.047619
55 3 0.047619
62 3 0.047619
64 3 0.047619
65 3 0.047619
66 3 0.047619
69 3 0.047619
70 3 0.047619
71 3 0.047619
76 3 0.047619
105 3 0.047619
113 3 0.047619
119 3 0.047619
121 3 0.047619
139 3 0.047619
142 3 0.047619
153 3 0.047619
159 3 0.047619
165 3 0.047619
14 4 0.066667
20 4 0.066667
26 4 0.066667
44 4 0.066667
53 4 0.066667
66 4 0.066667
83 4 0.066667
106 4 0.066667
108 4 0.066667
110 4 0.066667
117 4 0.066667
122 4 0.066667
123 4 0.066667
128 4 0.066667
132 4 0.066667
7 6 0.045455
8 6 0.045455
18 6 0.045455
28 6 0.045455
42 6 0.045455
48 6 0.045455
55 6 0.045455
67 6 0.045455
86 6 0.045455
97 6 0.045455
109 6 0.045455
113 6 0.045455
120 6 0.045455
122 6 0.045455
125 6 0.045455
131 6 0.045455
134 6 0.045455
140 6 0.045455
143 6 0.045455
150 6 0.045455
154 6 0.045455
162 6 0.045455
30 9 0.055556
34 9 0.055556
35 9 0.055556
47 9 0.055556
76 9 0.055556
84 9 0.055556
85 9 0.055556
90 9 0.055556
107 9 0.055556
112 9 0.055556
116 9 0.055556
119 9 0.055556
126 9 0.055556
141 9 0.055556
142 9 0.055556
154 9 0.055556
156 9 0.055556
165 9 0.055556
12 11 0.032258
20 11 0.032258
21 11 0.032258
23 11 0.032258
35 11 0.032258
43 11 0.032258
48 11 0.032258
53 11 0.032258
58 11 0.032258
66 11 0.032258
79 11 0.032258
80 11 0.032258
86 11 0.032258
92 11 0.032258
94 11 0.032258
95 11 0.032258
97 11 0.032258
118 11 0.032258
119 11 0.032258
129 11 0.032258
133 11 0.032258
135 11 0.032258
139 11 0.032258
143 11 0.032258
149 11 0.032258
152 11 0.032258
155 11 0.032258
156 11 0.032258
158 11 0.032258
159 11 0.032258
165 11 0.032258
28 19 0.058824
30 19 0.058824
49 19 0.058824
50 19 0.058824
53 19 0.058824
57 19 0.058824
58 19 0.058824
62 19 0.058824
74 19 0.058824
79 19 0.058824
81 19 0.058824
83 19 0.058824
112 19 0.058824
131 19 0.058824
141 19 0.058824
151 19 0.058824
157 19 0.058824
38 27 0.047619
40 27 0.047619
46 27 0.047619
49 27 0.047619
53 27 0.047619
67 27 0.047619
68 27 0.047619
70 27 0.047619
75 27 0.047619
78 27 0.047619
79 27 0.047619
82 27 0.047619
95 27 0.047619
104 27 0.047619
105 27 0.047619
108 27 0.047619
117 27 0.047619
130 27 0.047619
132 27 0.047619
147 27 0.047619
150 27 0.047619
