0 2 0.0625
13 2 0.0625
20 2 0.0625
28 2 0.0625
34 2 0.0625
36 2 0.0625
47 2 0.0625
53 2 0.0625
56 2 0.0625
65 2 0.0625
77 2 0.0625
83 2 0.0625
87 2 0.0625
99 2 0.0625
100 2 0.0625
101 2 0.0625
0 4 0.076923
9 4 0.076923
27 4 0.076923
36 4 0.076923
37 4 0.076923
50 4 0.076923
55 4 0.076923
59 4 0.076923
77 4 0.076923
79 4 0.076923
85 4 0.076923
94 4 0.076923
104 4 0.076923
0 7 0.055556
12 7 0.055556
15 7 0.055556
17 7 0.055556
18 7 0.055556
22 7 0.055556
27 7 0.055556
39 7 0.055556
51 7 0.055556
52 7 0.055556
55 7 0.055556
57 7 0.055556
62 7 0.055556
63 7 0.055556
88 7 0.055556
94 7 0.055556
97 7 0.055556
100 7 0.055556
0 14 0.045455
1 14 0.045455
5 14 0.045455
10 14 0.045455
17 14 0.045455
19 14 0.045455
33 14 0.045455
39 14 0.045455
46 14 0.045455
49 14 0.045455
50 14 0.045455
61 14 0.045455
63 14 0.045455
69 14 0.045455
70 14 0.045455
71 14 0.045455
72 14 0.045455
73 14 0.045455
77 14 0.045455
80 14 0.045455
81 14 0.045455
101 14 0.045455
0 20 0.055556
2 20 0.055556
3 20 0.055556
5 20 0.055556
10 20 0.055556
13 20 0.055556
18 20 0.055556
23 20 0.055556
27 20 0.055556
28 20 0.055556
43 20 0.055556
57 20 0.055556
76 20 0.055556
83 20 0.055556
84 20 0.055556
97 20 0.055556
100 20 0.055556
102 20 0.055556
0 28 0.083333
1 28 0.083333
2 28 0.083333
8 28 0.083333
20 28 0.083333
25 28 0.083333
36 28 0.083333
41 28 0.083333
44 28 0.083333
79 28 0.083333
82 28 0.083333
93 28 0.083333
0 38 0.066667
12 38 0.066667
15 38 0.066667
19 38 0.066667
31 38 0.066667
32 38 0.066667
41 38 0.066667
51 38 0.066667
52 38 0.066667
53 38 0.066667
56 38 0.066667
58 38 0.066667
68 38 0.066667
69 38 0.066667
94 38 0.066667
0 44 0.0625
6 44 0.0625
17 44 0.0625
19 44 0.0625
24 44 0.0625
27 44 0.0625
28 44 0.0625
30 44 0.0625
42 44 0.0625
70 44 0.0625
84 44 0.0625
88 44 0.0625
89 44 0.0625
90 44 0.0625
100 44 0.0625
101 44 0.0625
0 45 0.090909
1 45 0.090909
8 45 0.090909
27 45 0.090909
42 45 0.090909
43 45 0.090909
68 45 0.090909
69 45 0.090909
92 45 0.090909
99 45 0.090909
103 45 0.090909
0 46 0.066667
10 46 0.066667
14 46 0.066667
22 46 0.066667
23 46 0.066667
32 46 0.066667
33 46 0.066667
36 46 0.066667
56 46 0.066667
68 46 0.066667
71 46 0.066667
77 46 0.066667
88 46 0.066667
98 46 0.066667
104 46 0.066667
0 57 0.1
7 57 0.1
20 57 0.1
24 57 0.1
30 57 0.1
37 57 0.1
48 57 0.1
71 57 0.1
80 57 0.1
84 57 0.1
0 59 0.052632
4 59 0.052632
8 59 0.052632
11 59 0.052632
15 59 0.052632
16 59 0.052632
24 59 0.052632
48 59 0.052632
56 59 0.052632
62 59 0.052632
68 59 0.052632
72 59 0.052632
79 59 0.052632
81 59 0.052632
86 59 0.052632
87 59 0.052632
93 59 0.052632
97 59 0.052632
101 59 0.052632
0 63 0.058824
7 63 0.058824
11 63 0.058824
14 63 0.058824
27 63 0.058824
31 63 0.058824
41 63 0.058824
50 63 0.058824
81 63 0.058824
82 63 0.058824
92 63 0.058824
93 63 0.058824
95 63 0.058824
96 63 0.058824
97 63 0.058824
100 63 0.058824
104 63 0.058824
0 64 0.047619
6 64 0.047619
11 64 0.047619
12 64 0.047619
18 64 0.047619
19 64 0.047619
26 64 0.047619
27 64 0.047619
47 64 0.047619
53 64 0.047619
56 64 0.047619
67 64 0.047619
69 64 0.047619
70 64 0.047619
71 64 0.047619
73 64 0.047619
83 64 0.047619
88 64 0.047619
98 64 0.047619
100 64 0.047619
101 64 0.047619
0 72 0.083333
14 72 0.083333
33 72 0.083333
35 72 0.083333
37 72 0.083333
49 72 0.083333
59 72 0.083333
62 72 0.083333
66 72 0.083333
76 72 0.083333
85 72 0.083333
93 72 0.083333
0 88 0.055556
1 88 0.055556
7 88 0.055556
8 88 0.055556
19 88 0.055556
39 88 0.055556
41 88 0.055556
44 88 0.055556
46 88 0.055556
47 88 0.055556
55 88 0.055556
64 88 0.055556
73 88 0.055556
78 88 0.055556
83 88 0.055556
86 88 0.055556
102 88 0.055556
104 88 0.055556
0 101 0.071429
2 101 0.071429
13 101 0.071429
14 101 0.071429
26 101 0.071429
31 101 0.071429
33 101 0.071429
44 101 0.071429
47 101 0.071429
59 101 0.071429
64 101 0.071429
71 101 0.071429
90 101 0.071429
103 101 0.071429
0 103 0.083333
15 103 0.083333
22 103 0.083333
26 103 0.083333
31 103 0.083333
45 103 0.083333
50 103 0.083333
66 103 0.083333
83 103 0.083333
92 103 0.083333
93 103 0.083333
101 103 0.083333
1 33 0.055556
9 33 0.055556
12 33 0.055556
14 33 0.055556
21 33 0.055556
37 33 0.055556
39 33 0.055556
43 33 0.055556
46 33 0.055556
60 33 0.055556
70 33 0.055556
72 33 0.055556
73 33 0.055556
76 33 0.055556
89 33 0.055556
96 33 0.055556
101 33 0.055556
104 33 0.055556
1 73 0.045455
6 73 0.045455
12 73 0.045455
14 73 0.045455
15 73 0.045455
23 73 0.045455
25 73 0.045455
29 73 0.045455
30 73 0.045455
33 73 0.045455
36 73 0.045455
40 73 0.045455
52 73 0.045455
64 73 0.045455
69 73 0.045455
71 73 0.045455
80 73 0.045455
87 73 0.045455
88 73 0.045455
90 73 0.045455
94 73 0.045455
98 73 0.045455
1 78 0.058824
8 78 0.058824
10 78 0.058824
12 78 0.058824
16 78 0.058824
54 78 0.058824
69 78 0.058824
70 78 0.058824
76 78 0.058824
83 78 0.058824
88 78 0.058824
90 78 0.058824
93 78 0.058824
97 78 0.058824
98 78 0.058824
99 78 0.058824
104 78 0.058824
1 80 0.0625
3 80 0.0625
10 80 0.0625
11 80 0.0625
14 80 0.0625
42 80 0.0625
57 80 0.0625
60 80 0.0625
66 80 0.0625
67 80 0.0625
71 80 0.0625
73 80 0.0625
81 80 0.0625
84 80 0.0625
95 80 0.0625
96 80 0.0625
1 82 0.066667
15 82 0.066667
16 82 0.066667
19 82 0.066667
28 82 0.066667
30 82 0.066667
32 82 0.066667
63 82 0.066667
66 82 0.066667
74 82 0.066667
91 82 0.066667
92 82 0.066667
93 82 0.066667
94 82 0.066667
104 82 0.066667
1 83 0.058824
2 83 0.058824
8 83 0.058824
9 83 0.058824
20 83 0.058824
27 83 0.058824
47 83 0.058824
64 83 0.058824
67 83 0.058824
77 83 0.058824
78 83 0.058824
84 83 0.058824
85 83 0.058824
88 83 0.058824
99 83 0.058824
102 83 0.058824
103 83 0.058824
1 87 0.083333
2 87 0.083333
3 87 0.083333
11 87 0.083333
12 87 0.083333
15 87 0.083333
59 87 0.083333
65 87 0.083333
73 87 0.083333
84 87 0.083333
96 87 0.083333
99 87 0.083333
1 91 0.071429
5 91 0.071429
9 91 0.071429
18 91 0.071429
22 91 0.071429
23 91 0.071429
26 91 0.071429
41 91 0.071429
60 91 0.071429
65 91 0.071429
68 91 0.071429
82 91 0.071429
84 91 0.071429
85 91 0.071429
1 104 0.047619
4 104 0.047619
10 104 0.047619
13 104 0.047619
16 104 0.047619
26 104 0.047619
27 104 0.047619
33 104 0.047619
34 104 0.047619
40 104 0.047619
46 104 0.047619
47 104 0.047619
52 104 0.047619
58 104 0.047619
60 104 0.047619
63 104 0.047619
78 104 0.047619
82 104 0.047619
85 104 0.047619
88 104 0.047619
100 104 0.047619
2 13 0.066667
6 13 0.066667
9 13 0.066667
20 13 0.066667
29 13 0.066667
39 13 0.066667
40 13 0.066667
41 13 0.066667
47 13 0.066667
49 13 0.066667
81 13 0.066667
95 13 0.066667
98 13 0.066667
101 13 0.066667
104 13 0.066667
2 34 0.076923
22 34 0.076923
31 34 0.076923
52 34 0.076923
56 34 0.076923
62 34 0.076923
70 34 0.076923
71 34 0.076923
76 34 0.076923
79 34 0.076923
90 34 0.076923
99 34 0.076923
104 34 0.076923
2 36 0.066667
4 36 0.066667
12 36 0.066667
21 36 0.066667
28 36 0.066667
32 36 0.066667
37 36 0.066667
39 36 0.066667
46 36 0.066667
50 36 0.066667
55 36 0.066667
65 36 0.066667
66 36 0.066667
69 36 0.066667
73 36 0.066667
2 47 0.047619
3 47 0.047619
6 47 0.047619
8 47 0.047619
9 47 0.047619
10 47 0.047619
12 47 0.047619
13 47 0.047619
17 47 0.047619
22 47 0.047619
62 47 0.047619
64 47 0.047619
74 47 0.047619
75 47 0.047619
83 47 0.047619
85 47 0.047619
88 47 0.047619
93 47 0.047619
97 47 0.047619
101 47 0.047619
104 47 0.047619
2 53 0.076923
3 53 0.076923
8 53 0.076923
24 53 0.076923
25 53 0.076923
30 53 0.076923
32 53 0.076923
38 53 0.076923
56 53 0.076923
64 53 0.076923
65 53 0.076923
84 53 0.076923
94 53 0.076923
2 56 0.058824
5 56 0.058824
11 56 0.058824
22 56 0.058824
27 56 0.058824
30 56 0.058824
34 56 0.058824
35 56 0.058824
38 56 0.058824
46 56 0.058824
48 56 0.058824
53 56 0.058824
58 56 0.058824
59 56 0.058824
64 56 0.058824
77 56 0.058824
93 56 0.058824
2 65 0.05
15 65 0.05
18 65 0.05
19 65 0.05
22 65 0.05
23 65 0.05
30 65 0.05
32 65 0.05
36 65 0.05
39 65 0.05
42 65 0.05
43 65 0.05
49 65 0.05
51 65 0.05
53 65 0.05
58 65 0.05
70 65 0.05
84 65 0.05
87 65 0.05
91 65 0.05
2 77 0.055556
4 77 0.055556
5 77 0.055556
14 77 0.055556
17 77 0.055556
30 77 0.055556
35 77 0.055556
42 77 0.055556
46 77 0.055556
52 77 0.055556
54 77 0.055556
56 77 0.055556
66 77 0.055556
68 77 0.055556
71 77 0.055556
83 77 0.055556
84 77 0.055556
92 77 0.055556
2 99 0.055556
8 99 0.055556
15 99 0.055556
16 99 0.055556
17 99 0.055556
19 99 0.055556
24 99 0.055556
34 99 0.055556
41 99 0.055556
45 99 0.055556
55 99 0.055556
62 99 0.055556
67 99 0.055556
68 99 0.055556
78 99 0.055556
83 99 0.055556
87 99 0.055556
92 99 0.055556
2 100 0.047619
5 100 0.047619
7 100 0.047619
17 100 0.047619
18 100 0.047619
20 100 0.047619
27 100 0.047619
29 100 0.047619
30 100 0.047619
41 100 0.047619
42 100 0.047619
44 100 0.047619
51 100 0.047619
62 100 0.047619
63 100 0.047619
64 100 0.047619
67 100 0.047619
75 100 0.047619
85 100 0.047619
90 100 0.047619
104 100 0.047619
3 8 0.052632
5 8 0.052632
21 8 0.052632
28 8 0.052632
39 8 0.052632
41 8 0.052632
45 8 0.052632
47 8 0.052632
53 8 0.052632
59 8 0.052632
66 8 0.052632
67 8 0.052632
71 8 0.052632
78 8 0.052632
79 8 0.052632
83 8 0.052632
88 8 0.052632
98 8 0.052632
99 8 0.052632
3 10 0.066667
11 10 0.066667
14 10 0.066667
16 10 0.066667
19 10 0.066667
20 10 0.066667
46 10 0.066667
47 10 0.066667
52 10 0.066667
68 10 0.066667
70 10 0.066667
78 10 0.066667
79 10 0.066667
80 10 0.066667
104 10 0.066667
3 12 0.05
7 12 0.05
29 12 0.05
33 12 0.05
36 12 0.05
38 12 0.05
41 12 0.05
42 12 0.05
47 12 0.05
49 12 0.05
55 12 0.05
61 12 0.05
64 12 0.05
69 12 0.05
73 12 0.05
78 12 0.05
86 12 0.05
87 12 0.05
90 12 0.05
95 12 0.05
3 17 0.071429
5 17 0.071429
7 17 0.071429
14 17 0.071429
16 17 0.071429
30 17 0.071429
44 17 0.071429
47 17 0.071429
61 17 0.071429
70 17 0.071429
77 17 0.071429
98 17 0.071429
99 17 0.071429
100 17 0.071429
3 23 0.066667
16 23 0.066667
20 23 0.066667
27 23 0.066667
32 23 0.066667
46 23 0.066667
49 23 0.066667
65 23 0.066667
67 23 0.066667
69 23 0.066667
71 23 0.066667
73 23 0.066667
91 23 0.066667
95 23 0.066667
97 23 0.066667
3 29 0.090909
6 29 0.090909
12 29 0.090909
13 29 0.090909
49 29 0.090909
50 29 0.090909
55 29 0.090909
73 29 0.090909
76 29 0.090909
95 29 0.090909
100 29 0.090909
3 48 0.090909
21 48 0.090909
24 48 0.090909
51 48 0.090909
56 48 0.090909
57 48 0.090909
59 48 0.090909
67 48 0.090909
90 48 0.090909
96 48 0.090909
97 48 0.090909
3 49 0.0625
12 49 0.0625
13 49 0.0625
14 49 0.0625
18 49 0.0625
21 49 0.0625
23 49 0.0625
29 49 0.0625
31 49 0.0625
37 49 0.0625
41 49 0.0625
51 49 0.0625
65 49 0.0625
72 49 0.0625
86 49 0.0625
89 49 0.0625
3 51 0.0625
7 51 0.0625
9 51 0.0625
16 51 0.0625
18 51 0.0625
24 51 0.0625
26 51 0.0625
31 51 0.0625
38 51 0.0625
39 51 0.0625
48 51 0.0625
49 51 0.0625
65 51 0.0625
81 51 0.0625
86 51 0.0625
100 51 0.0625
3 54 0.166667
5 54 0.166667
15 54 0.166667
77 54 0.166667
78 54 0.166667
85 54 0.166667
3 84 0.035714
18 84 0.035714
19 84 0.035714
20 84 0.035714
21 84 0.035714
22 84 0.035714
25 84 0.035714
26 84 0.035714
37 84 0.035714
39 84 0.035714
43 84 0.035714
44 84 0.035714
53 84 0.035714
55 84 0.035714
57 84 0.035714
61 84 0.035714
65 84 0.035714
68 84 0.035714
74 84 0.035714
76 84 0.035714
77 84 0.035714
80 84 0.035714
81 84 0.035714
83 84 0.035714
87 84 0.035714
89 84 0.035714
91 84 0.035714
93 84 0.035714
3 85 0.076923
4 85 0.076923
15 85 0.076923
32 85 0.076923
47 85 0.076923
54 85 0.076923
66 85 0.076923
72 85 0.076923
81 85 0.076923
83 85 0.076923
91 85 0.076923
100 85 0.076923
104 85 0.076923
3 86 0.090909
9 86 0.090909
12 86 0.090909
49 86 0.090909
51 86 0.090909
59 86 0.090909
60 86 0.090909
67 86 0.090909
75 86 0.090909
88 86 0.090909
95 86 0.090909
3 93 0.045455
24 93 0.045455
28 93 0.045455
30 93 0.045455
37 93 0.045455
39 93 0.045455
43 93 0.045455
47 93 0.045455
56 93 0.045455
59 93 0.045455
60 93 0.045455
63 93 0.045455
69 93 0.045455
72 93 0.045455
74 93 0.045455
78 93 0.045455
82 93 0.045455
84 93 0.045455
90 93 0.045455
95 93 0.045455
97 93 0.045455
103 93 0.045455
4 9 0.066667
13 9 0.066667
15 9 0.066667
22 9 0.066667
33 9 0.066667
37 9 0.066667
42 9 0.066667
47 9 0.066667
51 9 0.066667
52 9 0.066667
66 9 0.066667
74 9 0.066667
83 9 0.066667
86 9 0.066667
91 9 0.066667
4 27 0.043478
7 27 0.043478
11 27 0.043478
20 27 0.043478
21 27 0.043478
23 27 0.043478
24 27 0.043478
35 27 0.043478
44 27 0.043478
45 27 0.043478
50 27 0.043478
52 27 0.043478
55 27 0.043478
56 27 0.043478
63 27 0.043478
64 27 0.043478
67 27 0.043478
68 27 0.043478
76 27 0.043478
79 27 0.043478
83 27 0.043478
100 27 0.043478
104 27 0.043478
4 37 0.055556
9 37 0.055556
19 37 0.055556
22 37 0.055556
32 37 0.055556
33 37 0.055556
36 37 0.055556
42 37 0.055556
49 37 0.055556
50 37 0.055556
57 37 0.055556
67 37 0.055556
69 37 0.055556
72 37 0.055556
75 37 0.055556
84 37 0.055556
93 37 0.055556
98 37 0.055556
4 50 0.0625
14 50 0.0625
22 50 0.0625
27 50 0.0625
29 50 0.0625
31 50 0.0625
36 50 0.0625
37 50 0.0625
40 50 0.0625
52 50 0.0625
63 50 0.0625
66 50 0.0625
71 50 0.0625
90 50 0.0625
94 50 0.0625
103 50 0.0625
4 55 0.055556
6 55 0.055556
7 55 0.055556
12 55 0.055556
15 55 0.055556
27 55 0.055556
29 55 0.055556
36 55 0.055556
39 55 0.055556
42 55 0.055556
69 55 0.055556
70 55 0.055556
71 55 0.055556
74 55 0.055556
84 55 0.055556
88 55 0.055556
89 55 0.055556
99 55 0.055556
4 79 0.05
8 79 0.05
10 79 0.05
15 79 0.05
18 79 0.05
22 79 0.05
27 79 0.05
28 79 0.05
34 79 0.05
39 79 0.05
40 79 0.05
42 79 0.05
43 79 0.05
58 79 0.05
59 79 0.05
67 79 0.05
75 79 0.05
76 79 0.05
90 79 0.05
92 79 0.05
4 94 0.0625
7 94 0.0625
19 94 0.0625
22 94 0.0625
38 94 0.0625
41 94 0.0625
43 94 0.0625
50 94 0.0625
53 94 0.0625
61 94 0.0625
71 94 0.0625
73 94 0.0625
82 94 0.0625
95 94 0.0625
96 94 0.0625
97 94 0.0625
5 15 0.052632
7 15 0.052632
9 15 0.052632
18 15 0.052632
38 15 0.052632
39 15 0.052632
54 15 0.052632
55 15 0.052632
59 15 0.052632
65 15 0.052632
71 15 0.052632
73 15 0.052632
74 15 0.052632
79 15 0.052632
82 15 0.052632
85 15 0.052632
87 15 0.052632
99 15 0.052632
103 15 0.052632
5 41 0.05
8 41 0.05
12 41 0.05
13 41 0.05
21 41 0.05
28 41 0.05
38 41 0.05
39 41 0.05
40 41 0.05
49 41 0.05
63 41 0.05
68 41 0.05
75 41 0.05
88 41 0.05
90 41 0.05
91 41 0.05
94 41 0.05
98 41 0.05
99 41 0.05
100 41 0.05
5 67 0.05
6 67 0.05
8 67 0.05
11 67 0.05
23 67 0.05
26 67 0.05
27 67 0.05
32 67 0.05
35 67 0.05
37 67 0.05
48 67 0.05
64 67 0.05
69 67 0.05
76 67 0.05
79 67 0.05
80 67 0.05
83 67 0.05
86 67 0.05
99 67 0.05
100 67 0.05
5 69 0.045455
12 69 0.045455
14 69 0.045455
23 69 0.045455
26 69 0.045455
36 69 0.045455
37 69 0.045455
38 69 0.045455
42 69 0.045455
43 69 0.045455
45 69 0.045455
52 69 0.045455
55 69 0.045455
58 69 0.045455
62 69 0.045455
64 69 0.045455
67 69 0.045455
70 69 0.045455
73 69 0.045455
78 69 0.045455
90 69 0.045455
93 69 0.045455
6 19 0.052632
10 19 0.052632
14 19 0.052632
24 19 0.052632
37 19 0.052632
38 19 0.052632
39 19 0.052632
43 19 0.052632
44 19 0.052632
64 19 0.052632
65 19 0.052632
71 19 0.052632
81 19 0.052632
82 19 0.052632
84 19 0.052632
88 19 0.052632
92 19 0.052632
94 19 0.052632
99 19 0.052632
6 52 0.058824
7 52 0.058824
9 52 0.058824
10 52 0.058824
27 52 0.058824
34 52 0.058824
38 52 0.058824
42 52 0.058824
50 52 0.058824
62 52 0.058824
69 52 0.058824
73 52 0.058824
75 52 0.058824
77 52 0.058824
92 52 0.058824
98 52 0.058824
104 52 0.058824
6 68 0.052632
10 68 0.052632
22 68 0.052632
25 68 0.052632
27 68 0.052632
31 68 0.052632
38 68 0.052632
41 68 0.052632
45 68 0.052632
46 68 0.052632
59 68 0.052632
62 68 0.052632
77 68 0.052632
84 68 0.052632
90 68 0.052632
91 68 0.052632
96 68 0.052632
99 68 0.052632
102 68 0.052632
6 92 0.071429
19 92 0.071429
24 92 0.071429
40 92 0.071429
45 92 0.071429
52 92 0.071429
63 92 0.071429
77 92 0.071429
79 92 0.071429
82 92 0.071429
90 92 0.071429
98 92 0.071429
99 92 0.071429
103 92 0.071429
6 95 0.0625
12 95 0.0625
13 95 0.0625
23 95 0.0625
29 95 0.0625
31 95 0.0625
39 95 0.0625
40 95 0.0625
58 95 0.0625
62 95 0.0625
63 95 0.0625
74 95 0.0625
80 95 0.0625
86 95 0.0625
93 95 0.0625
94 95 0.0625
7 18 0.066667
15 18 0.066667
20 18 0.066667
39 18 0.066667
49 18 0.066667
51 18 0.066667
64 18 0.066667
65 18 0.066667
71 18 0.066667
79 18 0.066667
84 18 0.066667
89 18 0.066667
91 18 0.066667
100 18 0.066667
102 18 0.066667
7 22 0.045455
9 22 0.045455
16 22 0.045455
34 22 0.045455
37 22 0.045455
43 22 0.045455
46 22 0.045455
47 22 0.045455
50 22 0.045455
56 22 0.045455
58 22 0.045455
65 22 0.045455
68 22 0.045455
71 22 0.045455
79 22 0.045455
84 22 0.045455
90 22 0.045455
91 22 0.045455
94 22 0.045455
98 22 0.045455
102 22 0.045455
103 22 0.045455
7 39 0.041667
8 39 0.041667
13 39 0.041667
14 39 0.041667
15 39 0.041667
18 39 0.041667
19 39 0.041667
24 39 0.041667
26 39 0.041667
33 39 0.041667
35 39 0.041667
36 39 0.041667
41 39 0.041667
51 39 0.041667
55 39 0.041667
61 39 0.041667
65 39 0.041667
75 39 0.041667
79 39 0.041667
84 39 0.041667
88 39 0.041667
93 39 0.041667
95 39 0.041667
102 39 0.041667
7 62 0.076923
34 62 0.076923
35 62 0.076923
47 62 0.076923
52 62 0.076923
59 62 0.076923
68 62 0.076923
69 62 0.076923
72 62 0.076923
76 62 0.076923
95 62 0.076923
99 62 0.076923
100 62 0.076923
7 97 0.083333
20 97 0.083333
23 97 0.083333
47 97 0.083333
48 97 0.083333
59 97 0.083333
63 97 0.083333
66 97 0.083333
75 97 0.083333
78 97 0.083333
93 97 0.083333
94 97 0.083333
8 21 0.071429
27 21 0.071429
31 21 0.071429
33 21 0.071429
35 21 0.071429
36 21 0.071429
41 21 0.071429
48 21 0.071429
49 21 0.071429
58 21 0.071429
60 21 0.071429
71 21 0.071429
74 21 0.071429
84 21 0.071429
8 66 0.058824
9 66 0.058824
31 66 0.058824
32 66 0.058824
36 66 0.058824
40 66 0.058824
43 66 0.058824
50 66 0.058824
72 66 0.058824
74 66 0.058824
77 66 0.058824
80 66 0.058824
82 66 0.058824
85 66 0.058824
97 66 0.058824
102 66 0.058824
103 66 0.058824
8 71 0.043478
14 71 0.043478
15 71 0.043478
18 71 0.043478
19 71 0.043478
21 71 0.043478
22 71 0.043478
23 71 0.043478
34 71 0.043478
40 71 0.043478
46 71 0.043478
50 71 0.043478
55 71 0.043478
57 71 0.043478
64 71 0.043478
73 71 0.043478
75 71 0.043478
76 71 0.043478
77 71 0.043478
80 71 0.043478
89 71 0.043478
94 71 0.043478
101 71 0.043478
8 98 0.066667
13 98 0.066667
17 98 0.066667
22 98 0.066667
30 98 0.066667
37 98 0.066667
40 98 0.066667
41 98 0.066667
46 98 0.066667
52 98 0.066667
64 98 0.066667
73 98 0.066667
78 98 0.066667
92 98 0.066667
96 98 0.066667
9 42 0.066667
12 42 0.066667
37 42 0.066667
44 42 0.066667
45 42 0.066667
52 42 0.066667
55 42 0.066667
60 42 0.066667
65 42 0.066667
69 42 0.066667
77 42 0.066667
79 42 0.066667
80 42 0.066667
90 42 0.066667
100 42 0.066667
9 74 0.076923
15 74 0.076923
21 74 0.076923
47 74 0.076923
55 74 0.076923
66 74 0.076923
70 74 0.076923
75 74 0.076923
82 74 0.076923
84 74 0.076923
93 74 0.076923
95 74 0.076923
96 74 0.076923
10 11 0.090909
27 11 0.090909
35 11 0.090909
56 11 0.090909
59 11 0.090909
63 11 0.090909
64 11 0.090909
67 11 0.090909
80 11 0.090909
87 11 0.090909
90 11 0.090909
10 16 0.083333
17 16 0.083333
22 16 0.083333
23 16 0.083333
51 16 0.083333
59 16 0.083333
76 16 0.083333
78 16 0.083333
82 16 0.083333
90 16 0.083333
99 16 0.083333
104 16 0.083333
10 70 0.066667
14 70 0.066667
17 70 0.066667
33 70 0.066667
34 70 0.066667
43 70 0.066667
44 70 0.066667
55 70 0.066667
58 70 0.066667
61 70 0.066667
64 70 0.066667
65 70 0.066667
69 70 0.066667
74 70 0.066667
78 70 0.066667
11 35 0.090909
21 35 0.090909
25 35 0.090909
27 35 0.090909
39 35 0.090909
40 35 0.090909
56 35 0.090909
62 35 0.090909
67 35 0.090909
72 35 0.090909
77 35 0.090909
11 90 0.043478
12 90 0.043478
16 90 0.043478
22 90 0.043478
31 90 0.043478
34 90 0.043478
40 90 0.043478
41 90 0.043478
42 90 0.043478
44 90 0.043478
48 90 0.043478
50 90 0.043478
58 90 0.043478
68 90 0.043478
69 90 0.043478
73 90 0.043478
78 90 0.043478
79 90 0.043478
92 90 0.043478
93 90 0.043478
100 90 0.043478
101 90 0.043478
102 90 0.043478
12 61 0.111111
14 61 0.111111
17 61 0.111111
39 61 0.111111
70 61 0.111111
76 61 0.111111
81 61 0.111111
84 61 0.111111
94 61 0.111111
13 40 0.066667
31 40 0.066667
35 40 0.066667
41 40 0.066667
50 40 0.066667
66 40 0.066667
71 40 0.066667
73 40 0.066667
79 40 0.066667
90 40 0.066667
92 40 0.066667
95 40 0.066667
98 40 0.066667
102 40 0.066667
104 40 0.066667
13 81 0.083333
14 81 0.083333
19 81 0.083333
51 81 0.083333
58 81 0.083333
59 81 0.083333
61 81 0.083333
63 81 0.083333
80 81 0.083333
84 81 0.083333
85 81 0.083333
96 81 0.083333
16 76 0.0625
20 76 0.0625
27 76 0.0625
29 76 0.0625
30 76 0.0625
33 76 0.0625
34 76 0.0625
61 76 0.0625
62 76 0.0625
67 76 0.0625
71 76 0.0625
72 76 0.0625
78 76 0.0625
79 76 0.0625
84 76 0.0625
96 76 0.0625
17 30 0.071429
26 30 0.071429
44 30 0.071429
53 30 0.071429
56 30 0.071429
57 30 0.071429
65 30 0.071429
73 30 0.071429
76 30 0.071429
77 30 0.071429
82 30 0.071429
93 30 0.071429
98 30 0.071429
100 30 0.071429
18 89 0.111111
24 89 0.111111
33 89 0.111111
44 89 0.111111
49 89 0.111111
55 89 0.111111
60 89 0.111111
71 89 0.111111
84 89 0.111111
18 102 0.090909
20 102 0.090909
22 102 0.090909
25 102 0.090909
39 102 0.090909
40 102 0.090909
66 102 0.090909
68 102 0.090909
83 102 0.090909
88 102 0.090909
90 102 0.090909
19 24 0.076923
27 24 0.076923
39 24 0.076923
44 24 0.076923
48 24 0.076923
51 24 0.076923
53 24 0.076923
57 24 0.076923
59 24 0.076923
89 24 0.076923
92 24 0.076923
93 24 0.076923
99 24 0.076923
19 43 0.076923
20 43 0.076923
22 43 0.076923
33 43 0.076923
45 43 0.076923
65 43 0.076923
66 43 0.076923
69 43 0.076923
70 43 0.076923
79 43 0.076923
84 43 0.076923
93 43 0.076923
94 43 0.076923
21 31 0.071429
34 31 0.071429
38 31 0.071429
40 31 0.071429
49 31 0.071429
50 31 0.071429
51 31 0.071429
63 31 0.071429
66 31 0.071429
68 31 0.071429
90 31 0.071429
95 31 0.071429
101 31 0.071429
103 31 0.071429
21 58 0.076923
22 58 0.076923
25 58 0.076923
38 58 0.076923
56 58 0.076923
65 58 0.076923
69 58 0.076923
70 58 0.076923
79 58 0.076923
81 58 0.076923
90 58 0.076923
95 58 0.076923
104 58 0.076923
21 60 0.111111
33 60 0.111111
42 60 0.111111
80 60 0.111111
86 60 0.111111
89 60 0.111111
91 60 0.111111
93 60 0.111111
104 60 0.111111
23 32 0.083333
25 32 0.083333
36 32 0.083333
37 32 0.083333
38 32 0.083333
46 32 0.083333
53 32 0.083333
65 32 0.083333
66 32 0.083333
67 32 0.083333
82 32 0.083333
85 32 0.083333
25 75 0.083333
37 75 0.083333
39 75 0.083333
41 75 0.083333
47 75 0.083333
52 75 0.083333
71 75 0.083333
74 75 0.083333
79 75 0.083333
86 75 0.083333
97 75 0.083333
100 75 0.083333
25 96 0.083333
33 96 0.083333
48 96 0.083333
63 96 0.083333
68 96 0.083333
74 96 0.083333
76 96 0.083333
80 96 0.083333
81 96 0.083333
87 96 0.083333
94 96 0.083333
98 96 0.083333
2 0 0.055556
4 0 0.055556
7 0 0.055556
14 0 0.055556
20 0 0.055556
28 0 0.055556
38 0 0.055556
44 0 0.055556
45 0 0.055556
46 0 0.055556
57 0 0.055556
59 0 0.055556
63 0 0.055556
64 0 0.055556
72 0 0.055556
88 0 0.055556
101 0 0.055556
103 0 0.055556
14 1 0.076923
28 1 0.076923
33 1 0.076923
45 1 0.076923
73 1 0.076923
78 1 0.076923
80 1 0.076923
82 1 0.076923
83 1 0.076923
87 1 0.076923
88 1 0.076923
91 1 0.076923
104 1 0.076923
8 3 0.052632
10 3 0.052632
12 3 0.052632
17 3 0.052632
20 3 0.052632
23 3 0.052632
29 3 0.052632
47 3 0.052632
48 3 0.052632
49 3 0.052632
51 3 0.052632
53 3 0.052632
54 3 0.052632
80 3 0.052632
84 3 0.052632
85 3 0.052632
86 3 0.052632
87 3 0.052632
93 3 0.052632
8 5 0.076923
14 5 0.076923
15 5 0.076923
17 5 0.076923
20 5 0.076923
41 5 0.076923
54 5 0.076923
56 5 0.076923
67 5 0.076923
69 5 0.076923
77 5 0.076923
91 5 0.076923
100 5 0.076923
13 6 0.076923
19 6 0.076923
29 6 0.076923
44 6 0.076923
47 6 0.076923
52 6 0.076923
55 6 0.076923
64 6 0.076923
67 6 0.076923
68 6 0.076923
73 6 0.076923
92 6 0.076923
95 6 0.076923
28 25 0.090909
32 25 0.090909
35 25 0.090909
53 25 0.090909
58 25 0.090909
68 25 0.090909
73 25 0.090909
75 25 0.090909
84 25 0.090909
96 25 0.090909
102 25 0.090909
30 26 0.090909
39 26 0.090909
51 26 0.090909
64 26 0.090909
67 26 0.090909
69 26 0.090909
84 26 0.090909
91 26 0.090909
101 26 0.090909
103 26 0.090909
104 26 0.090909
