0 26 0.04
5 26 0.04
9 26 0.04
19 26 0.04
28 26 0.04
30 26 0.04
32 26 0.04
36 26 0.04
47 26 0.04
53 26 0.04
55 26 0.04
62 26 0.04
69 26 0.04
75 26 0.04
83 26 0.04
86 26 0.04
87 26 0.04
95 26 0.04
101 26 0.04
111 26 0.04
114 26 0.04
118 26 0.04
122 26 0.04
130 26 0.04
131 26 0.04
0 29 0.034483
17 29 0.034483
18 29 0.034483
20 29 0.034483
22 29 0.034483
23 29 0.034483
28 29 0.034483
30 29 0.034483
32 29 0.034483
33 29 0.034483
37 29 0.034483
50 29 0.034483
60 29 0.034483
64 29 0.034483
65 29 0.034483
71 29 0.034483
77 29 0.034483
78 29 0.034483
81 29 0.034483
87 29 0.034483
92 29 0.034483
113 29 0.034483
115 29 0.034483
122 29 0.034483
124 29 0.034483
129 29 0.034483
131 29 0.034483
132 29 0.034483
138 29 0.034483
0 42 0.045455
4 42 0.045455
5 42 0.045455
17 42 0.045455
28 42 0.045455
41 42 0.045455
46 42 0.045455
52 42 0.045455
55 42 0.045455
59 42 0.045455
69 42 0.045455
71 42 0.045455
84 42 0.045455
85 42 0.045455
86 42 0.045455
93 42 0.045455
94 42 0.045455
102 42 0.045455
116 42 0.045455
123 42 0.045455
128 42 0.045455
131 42 0.045455
0 43 0.043478
5 43 0.043478
6 43 0.043478
7 43 0.043478
27 43 0.043478
34 43 0.043478
59 43 0.043478
60 43 0.043478
67 43 0.043478
68 43 0.043478
70 43 0.043478
75 43 0.043478
82 43 0.043478
86 43 0.043478
100 43 0.043478
105 43 0.043478
117 43 0.043478
126 43 0.043478
127 43 0.043478
129 43 0.043478
130 43 0.043478
134 43 0.043478
136 43 0.043478
0 46 0.05
19 46 0.05
28 46 0.05
33 46 0.05
35 46 0.05
39 46 0.05
42 46 0.05
65 46 0.05
68 46 0.05
82 46 0.05
85 46 0.05
90 46 0.05
94 46 0.05
97 46 0.05
102 46 0.05
107 46 0.05
114 46 0.05
123 46 0.05
131 46 0.05
136 46 0.05
0 47 0.076923
3 47 0.076923
12 47 0.076923
26 47 0.076923
27 47 0.076923
34 47 0.076923
37 47 0.076923
59 47 0.076923
73 47 0.076923
95 47 0.076923
97 47 0.076923
121 47 0.076923
135 47 0.076923
0 48 0.058824
14 48 0.058824
20 48 0.058824
24 48 0.058824
31 48 0.058824
64 48 0.058824
70 48 0.058824
76 48 0.058824
79 48 0.058824
94 48 0.058824
99 48 0.058824
104 48 0.058824
109 48 0.058824
116 48 0.058824
122 48 0.058824
126 48 0.058824
128 48 0.058824
0 51 0.04
8 51 0.04
11 51 0.04
30 51 0.04
34 51 0.04
49 51 0.04
50 51 0.04
53 51 0.04
61 51 0.04
62 51 0.04
64 51 0.04
79 51 0.04
83 51 0.04
91 51 0.04
93 51 0.04
98 51 0.04
101 51 0.04
108 51 0.04
112 51 0.04
113 51 0.04
114 51 0.04
116 51 0.04
120 51 0.04
129 51 0.04
130 51 0.04
0 59 0.045455
1 59 0.045455
22 59 0.045455
27 59 0.045455
42 59 0.045455
43 59 0.045455
44 59 0.045455
47 59 0.045455
57 59 0.045455
64 59 0.045455
68 59 0.045455
72 59 0.045455
74 59 0.045455
76 59 0.045455
97 59 0.045455
105 59 0.045455
114 59 0.045455
117 59 0.045455
118 59 0.045455
133 59 0.045455
136 59 0.045455
138 59 0.045455
0 66 0.076923
23 66 0.076923
40 66 0.076923
44 66 0.076923
50 66 0.076923
71 66 0.076923
86 66 0.076923
100 66 0.076923
111 66 0.076923
112 66 0.076923
122 66 0.076923
132 66 0.076923
139 66 0.076923
0 73 0.04
14 73 0.04
15 73 0.04
17 73 0.04
18 73 0.04
22 73 0.04
28 73 0.04
38 73 0.04
44 73 0.04
45 73 0.04
47 73 0.04
52 73 0.04
56 73 0.04
63 73 0.04
71 73 0.04
76 73 0.04
89 73 0.04
98 73 0.04
113 73 0.04
115 73 0.04
121 73 0.04
130 73 0.04
135 73 0.04
136 73 0.04
138 73 0.04
0 80 0.038462
3 80 0.038462
15 80 0.038462
17 80 0.038462
20 80 0.038462
21 80 0.038462
22 80 0.038462
32 80 0.038462
33 80 0.038462
34 80 0.038462
36 80 0.038462
37 80 0.038462
44 80 0.038462
61 80 0.038462
64 80 0.038462
74 80 0.038462
79 80 0.038462
82 80 0.038462
90 80 0.038462
92 80 0.038462
95 80 0.038462
109 80 0.038462
115 80 0.038462
120 80 0.038462
126 80 0.038462
140 80 0.038462
0 89 0.05
19 89 0.05
30 89 0.05
32 89 0.05
38 89 0.05
45 89 0.05
55 89 0.05
57 89 0.05
67 89 0.05
69 89 0.05
70 89 0.05
73 89 0.05
76 89 0.05
95 89 0.05
105 89 0.05
114 89 0.05
124 89 0.05
126 89 0.05
130 89 0.05
139 89 0.05
0 90 0.055556
1 90 0.055556
6 90 0.055556
13 90 0.055556
14 90 0.055556
35 90 0.055556
46 90 0.055556
78 90 0.055556
80 90 0.055556
88 90 0.055556
97 90 0.055556
106 90 0.055556
111 90 0.055556
112 90 0.055556
113 90 0.055556
117 90 0.055556
118 90 0.055556
128 90 0.055556
0 92 0.052632
18 92 0.052632
21 92 0.052632
25 92 0.052632
29 92 0.052632
31 92 0.052632
44 92 0.052632
52 92 0.052632
60 92 0.052632
76 92 0.052632
80 92 0.052632
82 92 0.052632
85 92 0.052632
95 92 0.052632
105 92 0.052632
106 92 0.052632
113 92 0.052632
127 92 0.052632
131 92 0.052632
0 97 0.066667
46 97 0.066667
47 97 0.066667
59 97 0.066667
79 97 0.066667
82 97 0.066667
85 97 0.066667
86 97 0.066667
90 97 0.066667
98 97 0.066667
101 97 0.066667
123 97 0.066667
124 97 0.066667
131 97 0.066667
136 97 0.066667
0 104 0.058824
11 104 0.058824
12 104 0.058824
24 104 0.058824
38 104 0.058824
40 104 0.058824
45 104 0.058824
48 104 0.058824
72 104 0.058824
82 104 0.058824
86 104 0.058824
87 104 0.058824
105 104 0.058824
107 104 0.058824
109 104 0.058824
122 104 0.058824
140 104 0.058824
0 105 0.052632
36 105 0.052632
37 105 0.052632
43 105 0.052632
45 105 0.052632
54 105 0.052632
59 105 0.052632
83 105 0.052632
87 105 0.052632
89 105 0.052632
92 105 0.052632
96 105 0.052632
104 105 0.052632
106 105 0.052632
117 105 0.052632
120 105 0.052632
122 105 0.052632
126 105 0.052632
133 105 0.052632
0 124 0.05
5 124 0.05
10 124 0.05
14 124 0.05
29 124 0.05
70 124 0.05
75 124 0.05
82 124 0.05
84 124 0.05
88 124 0.05
89 124 0.05
91 124 0.05
95 124 0.05
97 124 0.05
99 124 0.05
106 124 0.05
107 124 0.05
131 124 0.05
132 124 0.05
140 124 0.05
0 129 0.055556
1 129 0.055556
21 129 0.055556
25 129 0.055556
27 129 0.055556
29 129 0.055556
32 129 0.055556
39 129 0.055556
40 129 0.055556
43 129 0.055556
51 129 0.055556
67 129 0.055556
78 129 0.055556
98 129 0.055556
112 129 0.055556
113 129 0.055556
119 129 0.055556
126 129 0.055556
0 131 0.04
1 131 0.04
11 131 0.04
13 131 0.04
18 131 0.04
25 131 0.04
26 131 0.04
29 131 0.04
39 131 0.04
42 131 0.04
46 131 0.04
50 131 0.04
54 131 0.04
57 131 0.04
61 131 0.04
67 131 0.04
91 131 0.04
92 131 0.04
97 131 0.04
99 131 0.04
108 131 0.04
113 131 0.04
118 131 0.04
124 131 0.04
133 131 0.04
1 11 0.058824
2 11 0.058824
9 11 0.058824
12 11 0.058824
25 11 0.058824
51 11 0.058824
54 11 0.058824
55 11 0.058824
64 11 0.058824
96 11 0.058824
98 11 0.058824
104 11 0.058824
108 11 0.058824
109 11 0.058824
118 11 0.058824
130 11 0.058824
131 11 0.058824
1 21 0.045455
4 21 0.045455
9 21 0.045455
16 21 0.045455
19 21 0.045455
20 21 0.045455
24 21 0.045455
30 21 0.045455
34 21 0.045455
35 21 0.045455
57 21 0.045455
67 21 0.045455
72 21 0.045455
75 21 0.045455
80 21 0.045455
91 21 0.045455
92 21 0.045455
96 21 0.045455
100 21 0.045455
111 21 0.045455
118 21 0.045455
129 21 0.045455
1 24 0.055556
5 24 0.055556
8 24 0.055556
9 24 0.055556
12 24 0.055556
19 24 0.055556
21 24 0.055556
22 24 0.055556
27 24 0.055556
28 24 0.055556
48 24 0.055556
49 24 0.055556
70 24 0.055556
85 24 0.055556
104 24 0.055556
107 24 0.055556
132 24 0.055556
133 24 0.055556
1 33 0.038462
2 33 0.038462
4 33 0.038462
12 33 0.038462
13 33 0.038462
15 33 0.038462
20 33 0.038462
25 33 0.038462
29 33 0.038462
41 33 0.038462
44 33 0.038462
45 33 0.038462
46 33 0.038462
54 33 0.038462
65 33 0.038462
72 33 0.038462
75 33 0.038462
76 33 0.038462
80 33 0.038462
82 33 0.038462
86 33 0.038462
95 33 0.038462
106 33 0.038462
117 33 0.038462
118 33 0.038462
123 33 0.038462
1 34 0.058824
21 34 0.058824
37 34 0.058824
43 34 0.058824
47 34 0.058824
51 34 0.058824
57 34 0.058824
64 34 0.058824
76 34 0.058824
79 34 0.058824
80 34 0.058824
82 34 0.058824
84 34 0.058824
86 34 0.058824
103 34 0.058824
118 34 0.058824
136 34 0.058824
1 37 0.038462
4 37 0.038462
5 37 0.038462
12 37 0.038462
13 37 0.038462
16 37 0.038462
20 37 0.038462
29 37 0.038462
34 37 0.038462
36 37 0.038462
41 37 0.038462
44 37 0.038462
47 37 0.038462
61 37 0.038462
62 37 0.038462
75 37 0.038462
77 37 0.038462
80 37 0.038462
81 37 0.038462
103 37 0.038462
105 37 0.038462
116 37 0.038462
117 37 0.038462
123 37 0.038462
130 37 0.038462
138 37 0.038462
1 50 0.045455
2 50 0.045455
6 50 0.045455
10 50 0.045455
14 50 0.045455
15 50 0.045455
29 50 0.045455
51 50 0.045455
66 50 0.045455
70 50 0.045455
72 50 0.045455
77 50 0.045455
95 50 0.045455
96 50 0.045455
101 50 0.045455
107 50 0.045455
109 50 0.045455
110 50 0.045455
112 50 0.045455
114 50 0.045455
120 50 0.045455
131 50 0.045455
1 56 0.043478
5 56 0.043478
8 56 0.043478
9 56 0.043478
13 56 0.043478
16 56 0.043478
22 56 0.043478
28 56 0.043478
52 56 0.043478
68 56 0.043478
73 56 0.043478
86 56 0.043478
87 56 0.043478
88 56 0.043478
99 56 0.043478
103 56 0.043478
107 56 0.043478
116 56 0.043478
119 56 0.043478
120 56 0.043478
127 56 0.043478
136 56 0.043478
140 56 0.043478
1 101 0.052632
5 101 0.052632
25 101 0.052632
26 101 0.052632
32 101 0.052632
36 101 0.052632
45 101 0.052632
50 101 0.052632
51 101 0.052632
58 101 0.052632
78 101 0.052632
79 101 0.052632
82 101 0.052632
88 101 0.052632
93 101 0.052632
97 101 0.052632
121 101 0.052632
132 101 0.052632
137 101 0.052632
1 106 0.04
4 106 0.04
13 106 0.04
16 106 0.04
27 106 0.04
32 106 0.04
33 106 0.04
36 106 0.04
38 106 0.04
57 106 0.04
71 106 0.04
72 106 0.04
75 106 0.04
87 106 0.04
88 106 0.04
90 106 0.04
92 106 0.04
94 106 0.04
105 106 0.04
108 106 0.04
114 106 0.04
115 106 0.04
124 106 0.04
125 106 0.04
135 106 0.04
1 107 0.035714
19 107 0.035714
24 107 0.035714
25 107 0.035714
28 107 0.035714
32 107 0.035714
46 107 0.035714
50 107 0.035714
54 107 0.035714
56 107 0.035714
62 107 0.035714
69 107 0.035714
72 107 0.035714
76 107 0.035714
85 107 0.035714
95 107 0.035714
99 107 0.035714
102 107 0.035714
104 107 0.035714
112 107 0.035714
113 107 0.035714
115 107 0.035714
123 107 0.035714
124 107 0.035714
127 107 0.035714
132 107 0.035714
135 107 0.035714
140 107 0.035714
1 115 0.055556
8 115 0.055556
9 115 0.055556
13 115 0.055556
15 115 0.055556
22 115 0.055556
29 115 0.055556
73 115 0.055556
77 115 0.055556
80 115 0.055556
81 115 0.055556
86 115 0.055556
106 115 0.055556
107 115 0.055556
112 115 0.055556
116 115 0.055556
120 115 0.055556
135 115 0.055556
1 117 0.052632
32 117 0.052632
33 117 0.052632
37 117 0.052632
41 117 0.052632
43 117 0.052632
49 117 0.052632
52 117 0.052632
59 117 0.052632
60 117 0.052632
84 117 0.052632
90 117 0.052632
93 117 0.052632
98 117 0.052632
105 117 0.052632
109 117 0.052632
119 117 0.052632
121 117 0.052632
122 117 0.052632
1 118 0.052632
11 118 0.052632
18 118 0.052632
21 118 0.052632
26 118 0.052632
33 118 0.052632
34 118 0.052632
40 118 0.052632
59 118 0.052632
61 118 0.052632
90 118 0.052632
94 118 0.052632
95 118 0.052632
96 118 0.052632
103 118 0.052632
113 118 0.052632
131 118 0.052632
132 118 0.052632
140 118 0.052632
2 32 0.04
13 32 0.04
20 32 0.04
26 32 0.04
29 32 0.04
39 32 0.04
62 32 0.04
65 32 0.04
67 32 0.04
80 32 0.04
81 32 0.04
82 32 0.04
89 32 0.04
95 32 0.04
96 32 0.04
100 32 0.04
101 32 0.04
106 32 0.04
107 32 0.04
109 32 0.04
117 32 0.04
129 32 0.04
132 32 0.04
136 32 0.04
138 32 0.04
2 40 0.0625
14 40 0.0625
15 40 0.0625
41 40 0.0625
66 40 0.0625
69 40 0.0625
70 40 0.0625
75 40 0.0625
78 40 0.0625
88 40 0.0625
93 40 0.0625
104 40 0.0625
118 40 0.0625
121 40 0.0625
122 40 0.0625
129 40 0.0625
2 45 0.047619
7 45 0.047619
10 45 0.047619
18 45 0.047619
22 45 0.047619
33 45 0.047619
39 45 0.047619
54 45 0.047619
57 45 0.047619
61 45 0.047619
73 45 0.047619
89 45 0.047619
95 45 0.047619
101 45 0.047619
103 45 0.047619
104 45 0.047619
105 45 0.047619
110 45 0.047619
116 45 0.047619
120 45 0.047619
126 45 0.047619
2 71 0.05
12 71 0.05
14 71 0.05
29 71 0.05
42 71 0.05
57 71 0.05
63 71 0.05
66 71 0.05
70 71 0.05
73 71 0.05
77 71 0.05
79 71 0.05
81 71 0.05
96 71 0.05
102 71 0.05
103 71 0.05
106 71 0.05
108 71 0.05
116 71 0.05
121 71 0.05
2 116 0.045455
3 116 0.045455
19 116 0.045455
28 116 0.045455
37 116 0.045455
42 116 0.045455
44 116 0.045455
45 116 0.045455
48 116 0.045455
51 116 0.045455
55 116 0.045455
56 116 0.045455
63 116 0.045455
64 116 0.045455
71 116 0.045455
98 116 0.045455
99 116 0.045455
103 116 0.045455
112 116 0.045455
115 116 0.045455
136 116 0.045455
139 116 0.045455
2 119 0.055556
4 119 0.055556
14 119 0.055556
17 119 0.055556
27 119 0.055556
38 119 0.055556
56 119 0.055556
68 119 0.055556
83 119 0.055556
85 119 0.055556
88 119 0.055556
94 119 0.055556
117 119 0.055556
122 119 0.055556
123 119 0.055556
129 119 0.055556
137 119 0.055556
139 119 0.055556
2 122 0.055556
7 122 0.055556
17 122 0.055556
26 122 0.055556
29 122 0.055556
36 122 0.055556
40 122 0.055556
48 122 0.055556
53 122 0.055556
66 122 0.055556
72 122 0.055556
88 122 0.055556
93 122 0.055556
104 122 0.055556
105 122 0.055556
117 122 0.055556
119 122 0.055556
134 122 0.055556
2 123 0.038462
5 123 0.038462
17 123 0.038462
18 123 0.038462
22 123 0.038462
31 123 0.038462
33 123 0.038462
35 123 0.038462
37 123 0.038462
42 123 0.038462
46 123 0.038462
55 123 0.038462
58 123 0.038462
60 123 0.038462
61 123 0.038462
77 123 0.038462
87 123 0.038462
88 123 0.038462
97 123 0.038462
107 123 0.038462
109 123 0.038462
110 123 0.038462
119 123 0.038462
132 123 0.038462
138 123 0.038462
140 123 0.038462
2 128 0.052632
15 128 0.052632
17 128 0.052632
18 128 0.052632
23 128 0.052632
41 128 0.052632
42 128 0.052632
48 128 0.052632
72 128 0.052632
82 128 0.052632
90 128 0.052632
102 128 0.052632
103 128 0.052632
109 128 0.052632
112 128 0.052632
130 128 0.052632
133 128 0.052632
138 128 0.052632
139 128 0.052632
2 132 0.037037
7 132 0.037037
13 132 0.037037
17 132 0.037037
22 132 0.037037
23 132 0.037037
24 132 0.037037
29 132 0.037037
32 132 0.037037
44 132 0.037037
52 132 0.037037
61 132 0.037037
62 132 0.037037
66 132 0.037037
68 132 0.037037
93 132 0.037037
100 132 0.037037
101 132 0.037037
107 132 0.037037
108 132 0.037037
109 132 0.037037
113 132 0.037037
114 132 0.037037
118 132 0.037037
123 132 0.037037
124 132 0.037037
135 132 0.037037
2 135 0.052632
18 135 0.052632
47 135 0.052632
53 135 0.052632
54 135 0.052632
60 135 0.052632
61 135 0.052632
63 135 0.052632
72 135 0.052632
73 135 0.052632
75 135 0.052632
79 135 0.052632
81 135 0.052632
106 135 0.052632
107 135 0.052632
114 135 0.052632
115 135 0.052632
127 135 0.052632
132 135 0.052632
3 7 0.076923
28 7 0.076923
35 7 0.076923
43 7 0.076923
45 7 0.076923
61 7 0.076923
67 7 0.076923
74 7 0.076923
94 7 0.076923
122 7 0.076923
132 7 0.076923
137 7 0.076923
138 7 0.076923
3 14 0.05
9 14 0.05
20 14 0.05
27 14 0.05
36 14 0.05
40 14 0.05
41 14 0.05
48 14 0.05
50 14 0.05
67 14 0.05
69 14 0.05
71 14 0.05
73 14 0.05
74 14 0.05
86 14 0.05
87 14 0.05
90 14 0.05
119 14 0.05
121 14 0.05
124 14 0.05
3 18 0.041667
16 18 0.041667
20 18 0.041667
29 18 0.041667
31 18 0.041667
35 18 0.041667
45 18 0.041667
54 18 0.041667
62 18 0.041667
68 18 0.041667
70 18 0.041667
73 18 0.041667
79 18 0.041667
87 18 0.041667
92 18 0.041667
96 18 0.041667
100 18 0.041667
102 18 0.041667
118 18 0.041667
123 18 0.041667
127 18 0.041667
128 18 0.041667
131 18 0.041667
135 18 0.041667
3 23 0.0625
28 23 0.0625
29 23 0.0625
54 23 0.0625
66 23 0.0625
67 23 0.0625
72 23 0.0625
75 23 0.0625
84 23 0.0625
86 23 0.0625
88 23 0.0625
103 23 0.0625
127 23 0.0625
128 23 0.0625
132 23 0.0625
137 23 0.0625
3 36 0.04
4 36 0.04
14 36 0.04
25 36 0.04
26 36 0.04
37 36 0.04
39 36 0.04
44 36 0.04
58 36 0.04
67 36 0.04
69 36 0.04
80 36 0.04
81 36 0.04
82 36 0.04
87 36 0.04
98 36 0.04
101 36 0.04
102 36 0.04
105 36 0.04
106 36 0.04
112 36 0.04
120 36 0.04
122 36 0.04
126 36 0.04
134 36 0.04
3 54 0.045455
11 54 0.045455
13 54 0.045455
18 54 0.045455
23 54 0.045455
28 54 0.045455
33 54 0.045455
44 54 0.045455
45 54 0.045455
57 54 0.045455
61 54 0.045455
77 54 0.045455
83 54 0.045455
96 54 0.045455
98 54 0.045455
103 54 0.045455
105 54 0.045455
107 54 0.045455
108 54 0.045455
127 54 0.045455
131 54 0.045455
135 54 0.045455
3 55 0.055556
8 55 0.055556
10 55 0.055556
11 55 0.055556
17 55 0.055556
26 55 0.055556
42 55 0.055556
53 55 0.055556
75 55 0.055556
85 55 0.055556
89 55 0.055556
110 55 0.055556
112 55 0.055556
113 55 0.055556
116 55 0.055556
120 55 0.055556
123 55 0.055556
138 55 0.055556
3 62 0.052632
4 62 0.052632
5 62 0.052632
16 62 0.052632
18 62 0.052632
22 62 0.052632
26 62 0.052632
32 62 0.052632
37 62 0.052632
41 62 0.052632
51 62 0.052632
83 62 0.052632
98 62 0.052632
107 62 0.052632
109 62 0.052632
110 62 0.052632
125 62 0.052632
126 62 0.052632
132 62 0.052632
3 68 0.047619
5 68 0.047619
8 68 0.047619
18 68 0.047619
22 68 0.047619
43 68 0.047619
46 68 0.047619
53 68 0.047619
56 68 0.047619
57 68 0.047619
59 68 0.047619
70 68 0.047619
74 68 0.047619
84 68 0.047619
88 68 0.047619
94 68 0.047619
119 68 0.047619
121 68 0.047619
125 68 0.047619
132 68 0.047619
138 68 0.047619
3 77 0.043478
9 77 0.043478
27 77 0.043478
29 77 0.043478
37 77 0.043478
44 77 0.043478
50 77 0.043478
52 77 0.043478
53 77 0.043478
54 77 0.043478
63 77 0.043478
64 77 0.043478
71 77 0.043478
74 77 0.043478
76 77 0.043478
78 77 0.043478
82 77 0.043478
103 77 0.043478
111 77 0.043478
115 77 0.043478
123 77 0.043478
134 77 0.043478
138 77 0.043478
3 88 0.04
6 88 0.04
15 88 0.04
23 88 0.04
25 88 0.04
39 88 0.04
40 88 0.04
44 88 0.04
49 88 0.04
56 88 0.04
58 88 0.04
68 88 0.04
75 88 0.04
82 88 0.04
90 88 0.04
101 88 0.04
103 88 0.04
106 88 0.04
119 88 0.04
121 88 0.04
122 88 0.04
123 88 0.04
124 88 0.04
134 88 0.04
136 88 0.04
3 108 0.04
8 108 0.04
10 108 0.04
11 108 0.04
16 108 0.04
31 108 0.04
51 108 0.04
54 108 0.04
60 108 0.04
71 108 0.04
74 108 0.04
75 108 0.04
79 108 0.04
81 108 0.04
85 108 0.04
94 108 0.04
96 108 0.04
106 108 0.04
110 108 0.04
114 108 0.04
125 108 0.04
127 108 0.04
130 108 0.04
131 108 0.04
132 108 0.04
3 109 0.047619
8 109 0.047619
11 109 0.047619
12 109 0.047619
32 109 0.047619
38 109 0.047619
44 109 0.047619
48 109 0.047619
50 109 0.047619
62 109 0.047619
80 109 0.047619
82 109 0.047619
84 109 0.047619
104 109 0.047619
111 109 0.047619
117 109 0.047619
123 109 0.047619
125 109 0.047619
128 109 0.047619
132 109 0.047619
138 109 0.047619
3 113 0.043478
10 113 0.043478
17 113 0.043478
20 113 0.043478
29 113 0.043478
31 113 0.043478
51 113 0.043478
55 113 0.043478
63 113 0.043478
73 113 0.043478
90 113 0.043478
91 113 0.043478
92 113 0.043478
94 113 0.043478
96 113 0.043478
98 113 0.043478
107 113 0.043478
118 113 0.043478
129 113 0.043478
130 113 0.043478
131 113 0.043478
132 113 0.043478
134 113 0.043478
3 114 0.045455
12 114 0.045455
26 114 0.045455
39 114 0.045455
44 114 0.045455
46 114 0.045455
50 114 0.045455
51 114 0.045455
59 114 0.045455
61 114 0.045455
85 114 0.045455
89 114 0.045455
96 114 0.045455
106 114 0.045455
108 114 0.045455
120 114 0.045455
125 114 0.045455
130 114 0.045455
132 114 0.045455
133 114 0.045455
135 114 0.045455
140 114 0.045455
3 120 0.058824
5 120 0.058824
12 120 0.058824
20 120 0.058824
27 120 0.058824
36 120 0.058824
45 120 0.058824
49 120 0.058824
50 120 0.058824
51 120 0.058824
53 120 0.058824
55 120 0.058824
56 120 0.058824
80 120 0.058824
105 120 0.058824
114 120 0.058824
115 120 0.058824
3 139 0.0625
8 139 0.0625
22 139 0.0625
27 139 0.0625
65 139 0.0625
66 139 0.0625
67 139 0.0625
69 139 0.0625
74 139 0.0625
89 139 0.0625
94 139 0.0625
96 139 0.0625
116 139 0.0625
119 139 0.0625
128 139 0.0625
140 139 0.0625
4 25 0.045455
6 25 0.045455
11 25 0.045455
13 25 0.045455
17 25 0.045455
33 25 0.045455
36 25 0.045455
41 25 0.045455
44 25 0.045455
57 25 0.045455
67 25 0.045455
88 25 0.045455
92 25 0.045455
94 25 0.045455
99 25 0.045455
101 25 0.045455
103 25 0.045455
107 25 0.045455
127 25 0.045455
129 25 0.045455
131 25 0.045455
137 25 0.045455
4 49 0.071429
24 49 0.071429
51 49 0.071429
63 49 0.071429
65 49 0.071429
85 49 0.071429
86 49 0.071429
88 49 0.071429
111 49 0.071429
117 49 0.071429
120 49 0.071429
125 49 0.071429
126 49 0.071429
134 49 0.071429
4 53 0.055556
15 53 0.055556
26 53 0.055556
27 53 0.055556
51 53 0.055556
55 53 0.055556
67 53 0.055556
68 53 0.055556
74 53 0.055556
77 53 0.055556
95 53 0.055556
99 53 0.055556
103 53 0.055556
120 53 0.055556
122 53 0.055556
125 53 0.055556
134 53 0.055556
135 53 0.055556
4 75 0.043478
15 75 0.043478
16 75 0.043478
21 75 0.043478
23 75 0.043478
26 75 0.043478
28 75 0.043478
31 75 0.043478
33 75 0.043478
37 75 0.043478
40 75 0.043478
43 75 0.043478
55 75 0.043478
58 75 0.043478
83 75 0.043478
87 75 0.043478
88 75 0.043478
106 75 0.043478
108 75 0.043478
124 75 0.043478
126 75 0.043478
127 75 0.043478
135 75 0.043478
4 86 0.052632
9 86 0.052632
13 86 0.052632
14 86 0.052632
19 86 0.052632
23 86 0.052632
26 86 0.052632
33 86 0.052632
34 86 0.052632
42 86 0.052632
43 86 0.052632
49 86 0.052632
56 86 0.052632
66 86 0.052632
69 86 0.052632
91 86 0.052632
97 86 0.052632
104 86 0.052632
115 86 0.052632
4 87 0.045455
10 87 0.045455
14 87 0.045455
17 87 0.045455
18 87 0.045455
22 87 0.045455
26 87 0.045455
28 87 0.045455
29 87 0.045455
36 87 0.045455
41 87 0.045455
44 87 0.045455
56 87 0.045455
60 87 0.045455
65 87 0.045455
75 87 0.045455
104 87 0.045455
105 87 0.045455
106 87 0.045455
111 87 0.045455
123 87 0.045455
138 87 0.045455
4 93 0.083333
40 93 0.083333
42 93 0.083333
51 93 0.083333
70 93 0.083333
72 93 0.083333
95 93 0.083333
101 93 0.083333
117 93 0.083333
122 93 0.083333
132 93 0.083333
134 93 0.083333
4 110 0.0625
5 110 0.0625
6 110 0.0625
16 110 0.0625
44 110 0.0625
45 110 0.0625
50 110 0.0625
55 110 0.0625
57 110 0.0625
62 110 0.0625
65 110 0.0625
74 110 0.0625
84 110 0.0625
85 110 0.0625
108 110 0.0625
123 110 0.0625
4 130 0.04
11 130 0.04
15 130 0.04
26 130 0.04
28 130 0.04
37 130 0.04
39 130 0.04
43 130 0.04
51 130 0.04
52 130 0.04
60 130 0.04
73 130 0.04
78 130 0.04
81 130 0.04
89 130 0.04
98 130 0.04
108 130 0.04
111 130 0.04
113 130 0.04
114 130 0.04
121 130 0.04
126 130 0.04
127 130 0.04
128 130 0.04
134 130 0.04
5 15 0.052632
6 15 0.052632
13 15 0.052632
33 15 0.052632
40 15 0.052632
50 15 0.052632
53 15 0.052632
57 15 0.052632
58 15 0.052632
60 15 0.052632
73 15 0.052632
75 15 0.052632
80 15 0.052632
88 15 0.052632
115 15 0.052632
125 15 0.052632
128 15 0.052632
130 15 0.052632
134 15 0.052632
5 22 0.038462
10 22 0.038462
16 22 0.038462
19 22 0.038462
24 22 0.038462
29 22 0.038462
35 22 0.038462
45 22 0.038462
56 22 0.038462
58 22 0.038462
59 22 0.038462
60 22 0.038462
62 22 0.038462
68 22 0.038462
70 22 0.038462
73 22 0.038462
80 22 0.038462
85 22 0.038462
87 22 0.038462
111 22 0.038462
115 22 0.038462
123 22 0.038462
132 22 0.038462
133 22 0.038462
137 22 0.038462
139 22 0.038462
5 82 0.041667
16 82 0.041667
19 82 0.041667
32 82 0.041667
33 82 0.041667
34 82 0.041667
36 82 0.041667
38 82 0.041667
43 82 0.041667
44 82 0.041667
46 82 0.041667
52 82 0.041667
77 82 0.041667
80 82 0.041667
88 82 0.041667
92 82 0.041667
94 82 0.041667
96 82 0.041667
97 82 0.041667
101 82 0.041667
104 82 0.041667
109 82 0.041667
124 82 0.041667
128 82 0.041667
5 95 0.041667
26 95 0.041667
27 95 0.041667
32 95 0.041667
33 95 0.041667
41 95 0.041667
45 95 0.041667
47 95 0.041667
50 95 0.041667
53 95 0.041667
58 95 0.041667
69 95 0.041667
80 95 0.041667
84 95 0.041667
89 95 0.041667
92 95 0.041667
93 95 0.041667
102 95 0.041667
107 95 0.041667
118 95 0.041667
124 95 0.041667
125 95 0.041667
127 95 0.041667
140 95 0.041667
5 102 0.066667
18 102 0.066667
31 102 0.066667
36 102 0.066667
42 102 0.066667
46 102 0.066667
64 102 0.066667
69 102 0.066667
71 102 0.066667
74 102 0.066667
81 102 0.066667
95 102 0.066667
107 102 0.066667
128 102 0.066667
138 102 0.066667
5 112 0.047619
10 112 0.047619
36 112 0.047619
38 112 0.047619
50 112 0.047619
51 112 0.047619
55 112 0.047619
66 112 0.047619
72 112 0.047619
74 112 0.047619
79 112 0.047619
83 112 0.047619
90 112 0.047619
99 112 0.047619
100 112 0.047619
107 112 0.047619
111 112 0.047619
115 112 0.047619
116 112 0.047619
128 112 0.047619
129 112 0.047619
6 38 0.055556
8 38 0.055556
13 38 0.055556
19 38 0.055556
31 38 0.055556
73 38 0.055556
82 38 0.055556
89 38 0.055556
104 38 0.055556
106 38 0.055556
109 38 0.055556
111 38 0.055556
112 38 0.055556
119 38 0.055556
126 38 0.055556
136 38 0.055556
137 38 0.055556
138 38 0.055556
6 52 0.05
31 52 0.05
39 52 0.05
42 52 0.05
56 52 0.05
63 52 0.05
65 52 0.05
67 52 0.05
70 52 0.05
72 52 0.05
73 52 0.05
77 52 0.05
78 52 0.05
82 52 0.05
92 52 0.05
98 52 0.05
111 52 0.05
117 52 0.05
130 52 0.05
132 52 0.05
6 64 0.055556
11 64 0.055556
17 64 0.055556
27 64 0.055556
29 64 0.055556
31 64 0.055556
34 64 0.055556
44 64 0.055556
48 64 0.055556
51 64 0.055556
59 64 0.055556
69 64 0.055556
77 64 0.055556
80 64 0.055556
96 64 0.055556
98 64 0.055556
102 64 0.055556
116 64 0.055556
6 83 0.0625
13 83 0.0625
16 83 0.0625
26 83 0.0625
31 83 0.0625
51 83 0.0625
54 83 0.0625
62 83 0.0625
75 83 0.0625
76 83 0.0625
78 83 0.0625
103 83 0.0625
105 83 0.0625
112 83 0.0625
119 83 0.0625
134 83 0.0625
6 84 0.071429
9 84 0.071429
23 84 0.071429
34 84 0.071429
41 84 0.071429
42 84 0.071429
68 84 0.071429
94 84 0.071429
95 84 0.071429
109 84 0.071429
110 84 0.071429
111 84 0.071429
117 84 0.071429
124 84 0.071429
6 94 0.045455
7 94 0.045455
10 94 0.045455
20 94 0.045455
25 94 0.045455
35 94 0.045455
39 94 0.045455
42 94 0.045455
46 94 0.045455
48 94 0.045455
60 94 0.045455
68 94 0.045455
70 94 0.045455
82 94 0.045455
84 94 0.045455
106 94 0.045455
108 94 0.045455
111 94 0.045455
113 94 0.045455
118 94 0.045455
119 94 0.045455
139 94 0.045455
6 99 0.052632
16 99 0.052632
25 99 0.052632
48 99 0.052632
53 99 0.052632
56 99 0.052632
69 99 0.052632
72 99 0.052632
74 99 0.052632
78 99 0.052632
96 99 0.052632
107 99 0.052632
111 99 0.052632
112 99 0.052632
116 99 0.052632
124 99 0.052632
125 99 0.052632
131 99 0.052632
137 99 0.052632
6 121 0.0625
14 121 0.0625
30 121 0.0625
40 121 0.0625
47 121 0.0625
65 121 0.0625
68 121 0.0625
71 121 0.0625
73 121 0.0625
88 121 0.0625
101 121 0.0625
103 121 0.0625
117 121 0.0625
127 121 0.0625
130 121 0.0625
138 121 0.0625
7 28 0.055556
23 28 0.055556
24 28 0.055556
26 28 0.055556
29 28 0.055556
42 28 0.055556
46 28 0.055556
54 28 0.055556
56 28 0.055556
73 28 0.055556
75 28 0.055556
79 28 0.055556
87 28 0.055556
100 28 0.055556
107 28 0.055556
116 28 0.055556
127 28 0.055556
130 28 0.055556
7 35 0.0625
8 35 0.0625
18 35 0.0625
19 35 0.0625
21 35 0.0625
22 35 0.0625
44 35 0.0625
46 35 0.0625
78 35 0.0625
79 35 0.0625
90 35 0.0625
94 35 0.0625
96 35 0.0625
100 35 0.0625
103 35 0.0625
123 35 0.0625
7 61 0.05
30 61 0.05
37 61 0.05
41 61 0.05
45 61 0.05
51 61 0.05
54 61 0.05
57 61 0.05
69 61 0.05
79 61 0.05
80 61 0.05
85 61 0.05
100 61 0.05
114 61 0.05
118 61 0.05
123 61 0.05
126 61 0.05
131 61 0.05
132 61 0.05
135 61 0.05
7 67 0.055556
14 67 0.055556
21 67 0.055556
23 67 0.055556
25 67 0.055556
32 67 0.055556
36 67 0.055556
43 67 0.055556
44 67 0.055556
52 67 0.055556
53 67 0.055556
57 67 0.055556
70 67 0.055556
72 67 0.055556
89 67 0.055556
129 67 0.055556
131 67 0.055556
139 67 0.055556
7 74 0.05
10 74 0.05
14 74 0.05
20 74 0.05
53 74 0.05
57 74 0.05
59 74 0.05
68 74 0.05
77 74 0.05
80 74 0.05
85 74 0.05
96 74 0.05
98 74 0.05
99 74 0.05
102 74 0.05
108 74 0.05
110 74 0.05
112 74 0.05
136 74 0.05
139 74 0.05
7 137 0.083333
22 137 0.083333
23 137 0.083333
25 137 0.083333
38 137 0.083333
70 137 0.083333
99 137 0.083333
101 137 0.083333
103 137 0.083333
119 137 0.083333
134 137 0.083333
138 137 0.083333
7 138 0.045455
8 138 0.045455
17 138 0.045455
29 138 0.045455
31 138 0.045455
32 138 0.045455
37 138 0.045455
38 138 0.045455
39 138 0.045455
55 138 0.045455
59 138 0.045455
68 138 0.045455
73 138 0.045455
77 138 0.045455
87 138 0.045455
91 138 0.045455
102 138 0.045455
109 138 0.045455
121 138 0.045455
123 138 0.045455
128 138 0.045455
137 138 0.045455
8 12 0.058824
9 12 0.058824
11 12 0.058824
19 12 0.058824
24 12 0.058824
30 12 0.058824
31 12 0.058824
33 12 0.058824
37 12 0.058824
47 12 0.058824
71 12 0.058824
91 12 0.058824
104 12 0.058824
109 12 0.058824
114 12 0.058824
120 12 0.058824
134 12 0.058824
8 19 0.052632
12 19 0.052632
20 19 0.052632
21 19 0.052632
22 19 0.052632
24 19 0.052632
26 19 0.052632
35 19 0.052632
38 19 0.052632
44 19 0.052632
46 19 0.052632
70 19 0.052632
82 19 0.052632
86 19 0.052632
89 19 0.052632
96 19 0.052632
100 19 0.052632
107 19 0.052632
116 19 0.052632
8 30 0.083333
12 30 0.083333
13 30 0.083333
21 30 0.083333
26 30 0.083333
27 30 0.083333
29 30 0.083333
51 30 0.083333
61 30 0.083333
89 30 0.083333
121 30 0.083333
136 30 0.083333
8 79 0.047619
18 79 0.047619
20 79 0.047619
28 79 0.047619
34 79 0.047619
35 79 0.047619
48 79 0.047619
51 79 0.047619
61 79 0.047619
63 79 0.047619
71 79 0.047619
76 79 0.047619
80 79 0.047619
97 79 0.047619
101 79 0.047619
108 79 0.047619
111 79 0.047619
112 79 0.047619
125 79 0.047619
126 79 0.047619
135 79 0.047619
8 81 0.076923
9 81 0.076923
29 81 0.076923
32 81 0.076923
36 81 0.076923
37 81 0.076923
71 81 0.076923
102 81 0.076923
108 81 0.076923
115 81 0.076923
130 81 0.076923
135 81 0.076923
140 81 0.076923
8 103 0.05
23 103 0.05
25 103 0.05
34 103 0.05
35 103 0.05
37 103 0.05
45 103 0.05
53 103 0.05
54 103 0.05
56 103 0.05
60 103 0.05
71 103 0.05
77 103 0.05
83 103 0.05
88 103 0.05
116 103 0.05
118 103 0.05
121 103 0.05
128 103 0.05
137 103 0.05
8 127 0.05
18 127 0.05
23 127 0.05
25 127 0.05
28 127 0.05
43 127 0.05
44 127 0.05
54 127 0.05
56 127 0.05
75 127 0.05
92 127 0.05
95 127 0.05
98 127 0.05
100 127 0.05
107 127 0.05
108 127 0.05
121 127 0.05
126 127 0.05
130 127 0.05
135 127 0.05
9 13 0.045455
15 13 0.045455
20 13 0.045455
25 13 0.045455
30 13 0.045455
32 13 0.045455
33 13 0.045455
37 13 0.045455
38 13 0.045455
41 13 0.045455
54 13 0.045455
56 13 0.045455
83 13 0.045455
86 13 0.045455
90 13 0.045455
106 13 0.045455
115 13 0.045455
131 13 0.045455
132 13 0.045455
134 13 0.045455
136 13 0.045455
140 13 0.045455
9 39 0.055556
27 39 0.055556
32 39 0.055556
36 39 0.055556
45 39 0.055556
46 39 0.055556
52 39 0.055556
88 39 0.055556
91 39 0.055556
94 39 0.055556
114 39 0.055556
126 39 0.055556
129 39 0.055556
130 39 0.055556
131 39 0.055556
134 39 0.055556
138 39 0.055556
140 39 0.055556
9 76 0.0625
33 76 0.0625
34 76 0.0625
48 76 0.0625
59 76 0.0625
73 76 0.0625
77 76 0.0625
79 76 0.0625
83 76 0.0625
89 76 0.0625
92 76 0.0625
100 76 0.0625
107 76 0.0625
126 76 0.0625
134 76 0.0625
140 76 0.0625
9 85 0.041667
22 85 0.041667
24 85 0.041667
31 85 0.041667
42 85 0.041667
46 85 0.041667
49 85 0.041667
55 85 0.041667
61 85 0.041667
74 85 0.041667
91 85 0.041667
92 85 0.041667
96 85 0.041667
97 85 0.041667
98 85 0.041667
107 85 0.041667
108 85 0.041667
110 85 0.041667
111 85 0.041667
114 85 0.041667
119 85 0.041667
126 85 0.041667
133 85 0.041667
140 85 0.041667
9 136 0.05
10 136 0.05
13 136 0.05
30 136 0.05
32 136 0.05
34 136 0.05
38 136 0.05
43 136 0.05
46 136 0.05
56 136 0.05
59 136 0.05
73 136 0.05
74 136 0.05
88 136 0.05
97 136 0.05
100 136 0.05
116 136 0.05
125 136 0.05
133 136 0.05
140 136 0.05
10 63 0.076923
41 63 0.076923
49 63 0.076923
52 63 0.076923
58 63 0.076923
71 63 0.076923
73 63 0.076923
77 63 0.076923
79 63 0.076923
100 63 0.076923
113 63 0.076923
116 63 0.076923
135 63 0.076923
10 70 0.045455
18 70 0.045455
19 70 0.045455
22 70 0.045455
24 70 0.045455
27 70 0.045455
31 70 0.045455
40 70 0.045455
43 70 0.045455
48 70 0.045455
50 70 0.045455
52 70 0.045455
67 70 0.045455
68 70 0.045455
71 70 0.045455
72 70 0.045455
89 70 0.045455
93 70 0.045455
94 70 0.045455
111 70 0.045455
124 70 0.045455
137 70 0.045455
10 126 0.041667
36 126 0.041667
38 126 0.041667
39 126 0.041667
41 126 0.041667
43 126 0.041667
44 126 0.041667
45 126 0.041667
48 126 0.041667
49 126 0.041667
57 126 0.041667
61 126 0.041667
62 126 0.041667
75 126 0.041667
76 126 0.041667
79 126 0.041667
80 126 0.041667
85 126 0.041667
89 126 0.041667
105 126 0.041667
127 126 0.041667
129 126 0.041667
130 126 0.041667
134 126 0.041667
11 96 0.041667
18 96 0.041667
19 96 0.041667
21 96 0.041667
32 96 0.041667
35 96 0.041667
50 96 0.041667
54 96 0.041667
58 96 0.041667
64 96 0.041667
71 96 0.041667
72 96 0.041667
74 96 0.041667
82 96 0.041667
85 96 0.041667
98 96 0.041667
99 96 0.041667
105 96 0.041667
108 96 0.041667
113 96 0.041667
114 96 0.041667
118 96 0.041667
134 96 0.041667
139 96 0.041667
11 98 0.052632
36 98 0.052632
51 98 0.052632
52 98 0.052632
54 98 0.052632
60 98 0.052632
62 98 0.052632
64 98 0.052632
73 98 0.052632
74 98 0.052632
85 98 0.052632
96 98 0.052632
97 98 0.052632
113 98 0.052632
116 98 0.052632
117 98 0.052632
127 98 0.052632
129 98 0.052632
130 98 0.052632
12 31 0.047619
17 31 0.047619
18 31 0.047619
27 31 0.047619
38 31 0.047619
48 31 0.047619
52 31 0.047619
60 31 0.047619
64 31 0.047619
70 31 0.047619
75 31 0.047619
78 31 0.047619
83 31 0.047619
85 31 0.047619
92 31 0.047619
102 31 0.047619
108 31 0.047619
113 31 0.047619
123 31 0.047619
125 31 0.047619
138 31 0.047619
12 91 0.058824
21 91 0.058824
27 91 0.058824
39 91 0.058824
51 91 0.058824
60 91 0.058824
69 91 0.058824
72 91 0.058824
78 91 0.058824
85 91 0.058824
86 91 0.058824
100 91 0.058824
111 91 0.058824
113 91 0.058824
124 91 0.058824
131 91 0.058824
138 91 0.058824
12 134 0.047619
13 134 0.047619
15 134 0.047619
16 134 0.047619
36 134 0.047619
39 134 0.047619
41 134 0.047619
43 134 0.047619
49 134 0.047619
53 134 0.047619
76 134 0.047619
77 134 0.047619
83 134 0.047619
88 134 0.047619
93 134 0.047619
96 134 0.047619
113 134 0.047619
122 134 0.047619
126 134 0.047619
130 134 0.047619
137 134 0.047619
13 20 0.055556
14 20 0.055556
18 20 0.055556
19 20 0.055556
21 20 0.055556
29 20 0.055556
32 20 0.055556
33 20 0.055556
37 20 0.055556
44 20 0.055556
48 20 0.055556
58 20 0.055556
74 20 0.055556
79 20 0.055556
80 20 0.055556
94 20 0.055556
113 20 0.055556
120 20 0.055556
13 41 0.047619
14 41 0.047619
25 41 0.047619
33 41 0.047619
37 41 0.047619
40 41 0.047619
42 41 0.047619
58 41 0.047619
61 41 0.047619
62 41 0.047619
63 41 0.047619
65 41 0.047619
72 41 0.047619
84 41 0.047619
87 41 0.047619
95 41 0.047619
117 41 0.047619
126 41 0.047619
128 41 0.047619
134 41 0.047619
140 41 0.047619
13 140 0.043478
17 140 0.043478
27 140 0.043478
39 140 0.043478
41 140 0.043478
56 140 0.043478
58 140 0.043478
65 140 0.043478
72 140 0.043478
76 140 0.043478
78 140 0.043478
80 140 0.043478
81 140 0.043478
85 140 0.043478
95 140 0.043478
104 140 0.043478
107 140 0.043478
114 140 0.043478
118 140 0.043478
123 140 0.043478
124 140 0.043478
136 140 0.043478
139 140 0.043478
14 27 0.045455
24 27 0.045455
30 27 0.045455
31 27 0.045455
39 27 0.045455
43 27 0.045455
47 27 0.045455
53 27 0.045455
59 27 0.045455
64 27 0.045455
70 27 0.045455
77 27 0.045455
78 27 0.045455
91 27 0.045455
95 27 0.045455
106 27 0.045455
119 27 0.045455
120 27 0.045455
129 27 0.045455
133 27 0.045455
139 27 0.045455
140 27 0.045455
14 69 0.055556
26 69 0.055556
36 69 0.055556
40 69 0.055556
42 69 0.055556
44 69 0.055556
61 69 0.055556
64 69 0.055556
78 69 0.055556
86 69 0.055556
89 69 0.055556
91 69 0.055556
95 69 0.055556
99 69 0.055556
102 69 0.055556
107 69 0.055556
111 69 0.055556
139 69 0.055556
15 57 0.052632
21 57 0.052632
25 57 0.052632
34 57 0.052632
44 57 0.052632
45 57 0.052632
54 57 0.052632
59 57 0.052632
61 57 0.052632
67 57 0.052632
68 57 0.052632
71 57 0.052632
74 57 0.052632
89 57 0.052632
106 57 0.052632
110 57 0.052632
111 57 0.052632
126 57 0.052632
131 57 0.052632
15 58 0.071429
20 58 0.071429
22 58 0.071429
36 58 0.071429
41 58 0.071429
63 58 0.071429
65 58 0.071429
75 58 0.071429
88 58 0.071429
95 58 0.071429
96 58 0.071429
101 58 0.071429
123 58 0.071429
140 58 0.071429
15 60 0.055556
17 60 0.055556
22 60 0.055556
29 60 0.055556
31 60 0.055556
43 60 0.055556
65 60 0.055556
87 60 0.055556
91 60 0.055556
92 60 0.055556
94 60 0.055556
98 60 0.055556
103 60 0.055556
108 60 0.055556
117 60 0.055556
123 60 0.055556
130 60 0.055556
135 60 0.055556
15 125 0.066667
31 125 0.066667
49 125 0.066667
53 125 0.066667
62 125 0.066667
65 125 0.066667
68 125 0.066667
79 125 0.066667
95 125 0.066667
99 125 0.066667
106 125 0.066667
108 125 0.066667
109 125 0.066667
114 125 0.066667
136 125 0.066667
18 100 0.058824
19 100 0.058824
21 100 0.058824
28 100 0.058824
32 100 0.058824
35 100 0.058824
43 100 0.058824
61 100 0.058824
63 100 0.058824
66 100 0.058824
76 100 0.058824
91 100 0.058824
112 100 0.058824
127 100 0.058824
132 100 0.058824
133 100 0.058824
136 100 0.058824
19 44 0.035714
20 44 0.035714
25 44 0.035714
33 44 0.035714
35 44 0.035714
36 44 0.035714
37 44 0.035714
54 44 0.035714
57 44 0.035714
59 44 0.035714
64 44 0.035714
66 44 0.035714
67 44 0.035714
69 44 0.035714
73 44 0.035714
77 44 0.035714
80 44 0.035714
82 44 0.035714
87 44 0.035714
88 44 0.035714
92 44 0.035714
109 44 0.035714
110 44 0.035714
114 44 0.035714
116 44 0.035714
126 44 0.035714
127 44 0.035714
132 44 0.035714
21 72 0.047619
23 72 0.047619
33 72 0.047619
41 72 0.047619
50 72 0.047619
52 72 0.047619
59 72 0.047619
67 72 0.047619
70 72 0.047619
91 72 0.047619
93 72 0.047619
96 72 0.047619
99 72 0.047619
104 72 0.047619
106 72 0.047619
107 72 0.047619
112 72 0.047619
122 72 0.047619
128 72 0.047619
135 72 0.047619
140 72 0.047619
21 111 0.045455
22 111 0.045455
26 111 0.045455
38 111 0.045455
49 111 0.045455
52 111 0.045455
57 111 0.045455
66 111 0.045455
69 111 0.045455
70 111 0.045455
77 111 0.045455
79 111 0.045455
84 111 0.045455
85 111 0.045455
87 111 0.045455
90 111 0.045455
91 111 0.045455
94 111 0.045455
99 111 0.045455
109 111 0.045455
112 111 0.045455
130 111 0.045455
22 133 0.090909
24 133 0.090909
27 133 0.090909
59 133 0.090909
85 133 0.090909
100 133 0.090909
105 133 0.090909
114 133 0.090909
128 133 0.090909
131 133 0.090909
136 133 0.090909
27 78 0.0625
29 78 0.0625
31 78 0.0625
35 78 0.0625
40 78 0.0625
52 78 0.0625
69 78 0.0625
77 78 0.0625
83 78 0.0625
90 78 0.0625
91 78 0.0625
99 78 0.0625
101 78 0.0625
129 78 0.0625
130 78 0.0625
140 78 0.0625
29 65 0.066667
32 65 0.066667
33 65 0.066667
41 65 0.066667
46 65 0.066667
49 65 0.066667
52 65 0.066667
58 65 0.066667
60 65 0.066667
87 65 0.066667
110 65 0.066667
121 65 0.066667
125 65 0.066667
139 65 0.066667
140 65 0.066667
26 0 0.047619
29 0 0.047619
42 0 0.047619
43 0 0.047619
46 0 0.047619
47 0 0.047619
48 0 0.047619
51 0 0.047619
59 0 0.047619
66 0 0.047619
73 0 0.047619
80 0 0.047619
89 0 0.047619
90 0 0.047619
92 0 0.047619
97 0 0.047619
104 0 0.047619
105 0 0.047619
124 0 0.047619
129 0 0.047619
131 0 0.047619
11 1 0.055556
21 1 0.055556
24 1 0.055556
33 1 0.055556
34 1 0.055556
37 1 0.055556
50 1 0.055556
56 1 0.055556
59 1 0.055556
90 1 0.055556
101 1 0.055556
106 1 0.055556
107 1 0.055556
115 1 0.055556
117 1 0.055556
118 1 0.055556
129 1 0.055556
131 1 0.055556
11 2 0.071429
32 2 0.071429
33 2 0.071429
40 2 0.071429
45 2 0.071429
50 2 0.071429
71 2 0.071429
116 2 0.071429
119 2 0.071429
122 2 0.071429
123 2 0.071429
128 2 0.071429
132 2 0.071429
135 2 0.071429
7 3 0.05
14 3 0.05
18 3 0.05
23 3 0.05
36 3 0.05
47 3 0.05
54 3 0.05
55 3 0.05
62 3 0.05
68 3 0.05
77 3 0.05
80 3 0.05
88 3 0.05
108 3 0.05
109 3 0.05
113 3 0.05
114 3 0.05
116 3 0.05
120 3 0.05
139 3 0.05
21 4 0.058824
25 4 0.058824
33 4 0.058824
36 4 0.058824
37 4 0.058824
42 4 0.058824
49 4 0.058824
53 4 0.058824
62 4 0.058824
75 4 0.058824
86 4 0.058824
87 4 0.058824
93 4 0.058824
106 4 0.058824
110 4 0.058824
119 4 0.058824
130 4 0.058824
15 5 0.052632
22 5 0.052632
24 5 0.052632
26 5 0.052632
37 5 0.052632
42 5 0.052632
43 5 0.052632
56 5 0.052632
62 5 0.052632
68 5 0.052632
82 5 0.052632
95 5 0.052632
101 5 0.052632
102 5 0.052632
110 5 0.052632
112 5 0.052632
120 5 0.052632
123 5 0.052632
124 5 0.052632
15 6 0.066667
25 6 0.066667
38 6 0.066667
43 6 0.066667
50 6 0.066667
52 6 0.066667
64 6 0.066667
83 6 0.066667
84 6 0.066667
88 6 0.066667
90 6 0.066667
94 6 0.066667
99 6 0.066667
110 6 0.066667
121 6 0.066667
12 8 0.052632
19 8 0.052632
24 8 0.052632
30 8 0.052632
35 8 0.052632
38 8 0.052632
51 8 0.052632
55 8 0.052632
56 8 0.052632
68 8 0.052632
79 8 0.052632
81 8 0.052632
103 8 0.052632
108 8 0.052632
109 8 0.052632
115 8 0.052632
127 8 0.052632
138 8 0.052632
139 8 0.052632
11 9 0.058824
12 9 0.058824
13 9 0.058824
14 9 0.058824
21 9 0.058824
24 9 0.058824
26 9 0.058824
39 9 0.058824
56 9 0.058824
76 9 0.058824
77 9 0.058824
81 9 0.058824
84 9 0.058824
85 9 0.058824
86 9 0.058824
115 9 0.058824
136 9 0.058824
22 10 0.066667
45 10 0.066667
50 10 0.066667
55 10 0.066667
63 10 0.066667
70 10 0.066667
74 10 0.066667
87 10 0.066667
94 10 0.066667
108 10 0.066667
112 10 0.066667
113 10 0.066667
124 10 0.066667
126 10 0.066667
136 10 0.066667
18 16 0.071429
21 16 0.071429
22 16 0.071429
37 16 0.071429
56 16 0.071429
62 16 0.071429
75 16 0.071429
82 16 0.071429
83 16 0.071429
99 16 0.071429
106 16 0.071429
108 16 0.071429
110 16 0.071429
134 16 0.071429
25 17 0.055556
29 17 0.055556
31 17 0.055556
42 17 0.055556
55 17 0.055556
60 17 0.055556
64 17 0.055556
73 17 0.055556
80 17 0.055556
87 17 0.055556
113 17 0.055556
119 17 0.055556
122 17 0.055556
123 17 0.055556
128 17 0.055556
132 17 0.055556
138 17 0.055556
140 17 0.055556
