0 4 0.041667
5 4 0.041667
6 4 0.041667
8 4 0.041667
9 4 0.041667
25 4 0.041667
28 4 0.041667
38 4 0.041667
42 4 0.041667
47 4 0.041667
52 4 0.041667
55 4 0.041667
61 4 0.041667
64 4 0.041667
67 4 0.041667
69 4 0.041667
72 4 0.041667
79 4 0.041667
88 4 0.041667
103 4 0.041667
141 4 0.041667
149 4 0.041667
150 4 0.041667
155 4 0.041667
0 10 0.030303
11 10 0.030303
12 10 0.030303
16 10 0.030303
19 10 0.030303
21 10 0.030303
23 10 0.030303
35 10 0.030303
44 10 0.030303
46 10 0.030303
47 10 0.030303
63 10 0.030303
69 10 0.030303
79 10 0.030303
82 10 0.030303
86 10 0.030303
88 10 0.030303
89 10 0.030303
95 10 0.030303
101 10 0.030303
106 10 0.030303
107 10 0.030303
112 10 0.030303
113 10 0.030303
116 10 0.030303
121 10 0.030303
124 10 0.030303
125 10 0.030303
135 10 0.030303
136 10 0.030303
139 10 0.030303
148 10 0.030303
162 10 0.030303
0 12 0.055556
5 12 0.055556
6 12 0.055556
10 12 0.055556
35 12 0.055556
39 12 0.055556
53 12 0.055556
60 12 0.055556
63 12 0.055556
91 12 0.055556
108 12 0.055556
111 12 0.055556
129 12 0.055556
134 12 0.055556
138 12 0.055556
142 12 0.055556
155 12 0.055556
163 12 0.055556
0 13 0.037037
3 13 0.037037
24 13 0.037037
33 13 0.037037
39 13 0.037037
42 13 0.037037
43 13 0.037037
46 13 0.037037
52 13 0.037037
60 13 0.037037
63 13 0.037037
94 13 0.037037
99 13 0.037037
100 13 0.037037
102 13 0.037037
107 13 0.037037
109 13 0.037037
118 13 0.037037
120 13 0.037037
123 13 0.037037
125 13 0.037037
127 13 0.037037
129 13 0.037037
145 13 0.037037
161 13 0.037037
162 13 0.037037
165 13 0.037037
0 15 0.038462
1 15 0.038462
14 15 0.038462
17 15 0.038462
22 15 0.038462
27 15 0.038462
29 15 0.038462
43 15 0.038462
49 15 0.038462
57 15 0.038462
58 15 0.038462
65 15 0.038462
78 15 0.038462
91 15 0.038462
93 15 0.038462
100 15 0.038462
102 15 0.038462
104 15 0.038462
118 15 0.038462
133 15 0.038462
148 15 0.038462
152 15 0.038462
157 15 0.038462
160 15 0.038462
164 15 0.038462
166 15 0.038462
0 16 0.035714
3 16 0.035714
10 16 0.035714
27 16 0.035714
28 16 0.035714
30 16 0.035714
38 16 0.035714
44 16 0.035714
45 16 0.035714
47 16 0.035714
52 16 0.035714
57 16 0.035714
60 16 0.035714
66 16 0.035714
68 16 0.035714
70 16 0.035714
76 16 0.035714
82 16 0.035714
93 16 0.035714
102 16 0.035714
104 16 0.035714
106 16 0.035714
113 16 0.035714
116 16 0.035714
132 16 0.035714
135 16 0.035714
144 16 0.035714
152 16 0.035714
0 32 0.05
3 32 0.05
34 32 0.05
40 32 0.05
50 32 0.05
53 32 0.05
57 32 0.05
63 32 0.05
65 32 0.05
70 32 0.05
91 32 0.05
99 32 0.05
104 32 0.05
111 32 0.05
138 32 0.05
140 32 0.05
143 32 0.05
148 32 0.05
153 32 0.05
164 32 0.05
0 43 0.03125
2 43 0.03125
5 43 0.03125
13 43 0.03125
15 43 0.03125
19 43 0.03125
22 43 0.03125
36 43 0.03125
37 43 0.03125
41 43 0.03125
58 43 0.03125
61 43 0.03125
66 43 0.03125
67 43 0.03125
72 43 0.03125
82 43 0.03125
88 43 0.03125
95 43 0.03125
96 43 0.03125
100 43 0.03125
109 43 0.03125
110 43 0.03125
111 43 0.03125
117 43 0.03125
120 43 0.03125
125 43 0.03125
126 43 0.03125
127 43 0.03125
130 43 0.03125
135 43 0.03125
145 43 0.03125
166 43 0.03125
0 48 0.058824
18 48 0.058824
22 48 0.058824
40 48 0.058824
49 48 0.058824
51 48 0.058824
60 48 0.058824
105 48 0.058824
106 48 0.058824
109 48 0.058824
111 48 0.058824
114 48 0.058824
124 48 0.058824
133 48 0.058824
136 48 0.058824
142 48 0.058824
152 48 0.058824
0 49 0.038462
15 49 0.038462
37 49 0.038462
40 49 0.038462
46 49 0.038462
47 49 0.038462
48 49 0.038462
56 49 0.038462
62 49 0.038462
64 49 0.038462
68 49 0.038462
71 49 0.038462
72 49 0.038462
76 49 0.038462
92 49 0.038462
96 49 0.038462
113 49 0.038462
120 49 0.038462
121 49 0.038462
126 49 0.038462
130 49 0.038462
143 49 0.038462
145 49 0.038462
158 49 0.038462
160 49 0.038462
164 49 0.038462
0 53 0.043478
6 53 0.043478
12 53 0.043478
17 53 0.043478
28 53 0.043478
32 53 0.043478
33 53 0.043478
37 53 0.043478
39 53 0.043478
73 53 0.043478
75 53 0.043478
76 53 0.043478
93 53 0.043478
95 53 0.043478
99 53 0.043478
100 53 0.043478
111 53 0.043478
112 53 0.043478
114 53 0.043478
119 53 0.043478
139 53 0.043478
152 53 0.043478
167 53 0.043478
0 65 0.037037
2 65 0.037037
6 65 0.037037
14 65 0.037037
15 65 0.037037
25 65 0.037037
32 65 0.037037
38 65 0.037037
50 65 0.037037
54 65 0.037037
64 65 0.037037
73 65 0.037037
74 65 0.037037
79 65 0.037037
80 65 0.037037
88 65 0.037037
90 65 0.037037
93 65 0.037037
101 65 0.037037
119 65 0.037037
126 65 0.037037
128 65 0.037037
135 65 0.037037
143 65 0.037037
165 65 0.037037
166 65 0.037037
168 65 0.037037
0 68 0.041667
3 68 0.041667
11 68 0.041667
14 68 0.041667
16 68 0.041667
21 68 0.041667
22 68 0.041667
30 68 0.041667
34 68 0.041667
38 68 0.041667
42 68 0.041667
46 68 0.041667
49 68 0.041667
56 68 0.041667
85 68 0.041667
100 68 0.041667
122 68 0.041667
123 68 0.041667
128 68 0.041667
131 68 0.041667
137 68 0.041667
144 68 0.041667
152 68 0.041667
156 68 0.041667
0 73 0.03125
2 73 0.03125
14 73 0.03125
23 73 0.03125
28 73 0.03125
33 73 0.03125
41 73 0.03125
42 73 0.03125
51 73 0.03125
53 73 0.03125
57 73 0.03125
65 73 0.03125
72 73 0.03125
77 73 0.03125
85 73 0.03125
88 73 0.03125
91 73 0.03125
97 73 0.03125
98 73 0.03125
102 73 0.03125
107 73 0.03125
108 73 0.03125
112 73 0.03125
117 73 0.03125
119 73 0.03125
132 73 0.03125
138 73 0.03125
142 73 0.03125
146 73 0.03125
151 73 0.03125
153 73 0.03125
165 73 0.03125
0 94 0.066667
13 94 0.066667
21 94 0.066667
23 94 0.066667
25 94 0.066667
60 94 0.066667
66 94 0.066667
67 94 0.066667
72 94 0.066667
91 94 0.066667
108 94 0.066667
119 94 0.066667
144 94 0.066667
160 94 0.066667
165 94 0.066667
0 106 0.041667
3 106 0.041667
10 106 0.041667
16 106 0.041667
18 106 0.041667
22 106 0.041667
24 106 0.041667
48 106 0.041667
51 106 0.041667
55 106 0.041667
66 106 0.041667
79 106 0.041667
92 106 0.041667
123 106 0.041667
124 106 0.041667
125 106 0.041667
128 106 0.041667
134 106 0.041667
139 106 0.041667
144 106 0.041667
147 106 0.041667
154 106 0.041667
159 106 0.041667
167 106 0.041667
0 112 0.037037
1 112 0.037037
5 112 0.037037
7 112 0.037037
9 112 0.037037
10 112 0.037037
18 112 0.037037
20 112 0.037037
35 112 0.037037
36 112 0.037037
40 112 0.037037
53 112 0.037037
57 112 0.037037
66 112 0.037037
73 112 0.037037
84 112 0.037037
85 112 0.037037
87 112 0.037037
93 112 0.037037
95 112 0.037037
110 112 0.037037
116 112 0.037037
132 112 0.037037
136 112 0.037037
148 112 0.037037
160 112 0.037037
166 112 0.037037
0 118 0.045455
13 118 0.045455
15 118 0.045455
21 118 0.045455
23 118 0.045455
27 118 0.045455
40 118 0.045455
42 118 0.045455
76 118 0.045455
77 118 0.045455
85 118 0.045455
90 118 0.045455
103 118 0.045455
108 118 0.045455
115 118 0.045455
117 118 0.045455
124 118 0.045455
126 118 0.045455
147 118 0.045455
160 118 0.045455
161 118 0.045455
167 118 0.045455
0 119 0.029412
9 119 0.029412
17 119 0.029412
18 119 0.029412
37 119 0.029412
53 119 0.029412
65 119 0.029412
67 119 0.029412
69 119 0.029412
71 119 0.029412
72 119 0.029412
73 119 0.029412
78 119 0.029412
89 119 0.029412
90 119 0.029412
94 119 0.029412
98 119 0.029412
99 119 0.029412
105 119 0.029412
114 119 0.029412
115 119 0.029412
128 119 0.029412
129 119 0.029412
130 119 0.029412
132 119 0.029412
133 119 0.029412
135 119 0.029412
140 119 0.029412
143 119 0.029412
152 119 0.029412
161 119 0.029412
164 119 0.029412
165 119 0.029412
167 119 0.029412
0 131 0.03125
14 131 0.03125
20 131 0.03125
25 131 0.03125
38 131 0.03125
59 131 0.03125
64 131 0.03125
66 131 0.03125
68 131 0.03125
71 131 0.03125
75 131 0.03125
78 131 0.03125
79 131 0.03125
81 131 0.03125
82 131 0.03125
85 131 0.03125
96 131 0.03125
100 131 0.03125
104 131 0.03125
109 131 0.03125
110 131 0.03125
127 131 0.03125
130 131 0.03125
143 131 0.03125
144 131 0.03125
145 131 0.03125
148 131 0.03125
150 131 0.03125
152 131 0.03125
157 131 0.03125
163 131 0.03125
168 131 0.03125
0 142 0.05
9 142 0.05
12 142 0.05
24 142 0.05
28 142 0.05
35 142 0.05
48 142 0.05
50 142 0.05
59 142 0.05
71 142 0.05
73 142 0.05
80 142 0.05
83 142 0.05
91 142 0.05
95 142 0.05
115 142 0.05
117 142 0.05
124 142 0.05
130 142 0.05
135 142 0.05
0 143 0.038462
1 143 0.038462
24 143 0.038462
28 143 0.038462
31 143 0.038462
32 143 0.038462
36 143 0.038462
49 143 0.038462
55 143 0.038462
58 143 0.038462
65 143 0.038462
77 143 0.038462
79 143 0.038462
89 143 0.038462
97 143 0.038462
100 143 0.038462
102 143 0.038462
107 143 0.038462
113 143 0.038462
116 143 0.038462
119 143 0.038462
131 143 0.038462
132 143 0.038462
137 143 0.038462
138 143 0.038462
140 143 0.038462
0 148 0.029412
10 148 0.029412
15 148 0.029412
18 148 0.029412
25 148 0.029412
26 148 0.029412
27 148 0.029412
32 148 0.029412
36 148 0.029412
40 148 0.029412
45 148 0.029412
47 148 0.029412
62 148 0.029412
69 148 0.029412
75 148 0.029412
76 148 0.029412
82 148 0.029412
88 148 0.029412
91 148 0.029412
93 148 0.029412
95 148 0.029412
100 148 0.029412
112 148 0.029412
114 148 0.029412
126 148 0.029412
129 148 0.029412
131 148 0.029412
133 148 0.029412
137 148 0.029412
149 148 0.029412
152 148 0.029412
153 148 0.029412
156 148 0.029412
160 148 0.029412
0 161 0.033333
1 161 0.033333
2 161 0.033333
3 161 0.033333
13 161 0.033333
18 161 0.033333
20 161 0.033333
21 161 0.033333
22 161 0.033333
26 161 0.033333
27 161 0.033333
37 161 0.033333
51 161 0.033333
55 161 0.033333
59 161 0.033333
64 161 0.033333
71 161 0.033333
80 161 0.033333
87 161 0.033333
88 161 0.033333
113 161 0.033333
118 161 0.033333
119 161 0.033333
126 161 0.033333
132 161 0.033333
133 161 0.033333
138 161 0.033333
139 161 0.033333
141 161 0.033333
165 161 0.033333
1 6 0.034483
4 6 0.034483
7 6 0.034483
8 6 0.034483
12 6 0.034483
34 6 0.034483
38 6 0.034483
39 6 0.034483
44 6 0.034483
53 6 0.034483
58 6 0.034483
60 6 0.034483
65 6 0.034483
71 6 0.034483
75 6 0.034483
82 6 0.034483
84 6 0.034483
86 6 0.034483
88 6 0.034483
92 6 0.034483
107 6 0.034483
110 6 0.034483
126 6 0.034483
129 6 0.034483
132 6 0.034483
135 6 0.034483
154 6 0.034483
156 6 0.034483
168 6 0.034483
1 9 0.045455
4 9 0.045455
22 9 0.045455
38 9 0.045455
39 9 0.045455
41 9 0.045455
54 9 0.045455
64 9 0.045455
87 9 0.045455
98 9 0.045455
101 9 0.045455
112 9 0.045455
119 9 0.045455
122 9 0.045455
123 9 0.045455
128 9 0.045455
141 9 0.045455
142 9 0.045455
156 9 0.045455
158 9 0.045455
165 9 0.045455
167 9 0.045455
1 18 0.034483
8 18 0.034483
31 18 0.034483
48 18 0.034483
59 18 0.034483
63 18 0.034483
71 18 0.034483
80 18 0.034483
84 18 0.034483
90 18 0.034483
103 18 0.034483
104 18 0.034483
106 18 0.034483
107 18 0.034483
108 18 0.034483
112 18 0.034483
113 18 0.034483
117 18 0.034483
119 18 0.034483
120 18 0.034483
121 18 0.034483
133 18 0.034483
137 18 0.034483
138 18 0.034483
148 18 0.034483
152 18 0.034483
160 18 0.034483
161 18 0.034483
163 18 0.034483
1 44 0.041667
6 44 0.041667
10 44 0.041667
16 44 0.041667
19 44 0.041667
35 44 0.041667
38 44 0.041667
50 44 0.041667
52 44 0.041667
75 44 0.041667
85 44 0.041667
86 44 0.041667
107 44 0.041667
110 44 0.041667
117 44 0.041667
121 44 0.041667
127 44 0.041667
140 44 0.041667
151 44 0.041667
153 44 0.041667
155 44 0.041667
157 44 0.041667
164 44 0.041667
168 44 0.041667
1 92 0.043478
6 92 0.043478
28 92 0.043478
29 92 0.043478
33 92 0.043478
37 92 0.043478
40 92 0.043478
49 92 0.043478
54 92 0.043478
60 92 0.043478
64 92 0.043478
82 92 0.043478
89 92 0.043478
99 92 0.043478
106 92 0.043478
107 92 0.043478
113 92 0.043478
115 92 0.043478
127 92 0.043478
137 92 0.043478
146 92 0.043478
152 92 0.043478
162 92 0.043478
1 108 0.03125
12 108 0.03125
18 108 0.03125
31 108 0.03125
34 108 0.03125
36 108 0.03125
41 108 0.03125
50 108 0.03125
52 108 0.03125
59 108 0.03125
61 108 0.03125
67 108 0.03125
71 108 0.03125
73 108 0.03125
86 108 0.03125
88 108 0.03125
89 108 0.03125
94 108 0.03125
96 108 0.03125
98 108 0.03125
110 108 0.03125
111 108 0.03125
118 108 0.03125
124 108 0.03125
125 108 0.03125
134 108 0.03125
140 108 0.03125
144 108 0.03125
146 108 0.03125
159 108 0.03125
165 108 0.03125
168 108 0.03125
1 114 0.032258
11 114 0.032258
17 114 0.032258
28 114 0.032258
29 114 0.032258
40 114 0.032258
41 114 0.032258
42 114 0.032258
48 114 0.032258
50 114 0.032258
53 114 0.032258
58 114 0.032258
82 114 0.032258
84 114 0.032258
91 114 0.032258
97 114 0.032258
100 114 0.032258
102 114 0.032258
104 114 0.032258
111 114 0.032258
113 114 0.032258
115 114 0.032258
119 114 0.032258
122 114 0.032258
123 114 0.032258
124 114 0.032258
133 114 0.032258
137 114 0.032258
148 114 0.032258
155 114 0.032258
164 114 0.032258
1 127 0.04
5 127 0.04
13 127 0.04
29 127 0.04
30 127 0.04
42 127 0.04
43 127 0.04
44 127 0.04
59 127 0.04
60 127 0.04
67 127 0.04
72 127 0.04
79 127 0.04
81 127 0.04
92 127 0.04
104 127 0.04
110 127 0.04
120 127 0.04
129 127 0.04
131 127 0.04
135 127 0.04
139 127 0.04
140 127 0.04
155 127 0.04
162 127 0.04
1 128 0.041667
9 128 0.041667
27 128 0.041667
30 128 0.041667
34 128 0.041667
45 128 0.041667
62 128 0.041667
64 128 0.041667
65 128 0.041667
68 128 0.041667
69 128 0.041667
78 128 0.041667
81 128 0.041667
88 128 0.041667
95 128 0.041667
96 128 0.041667
99 128 0.041667
106 128 0.041667
116 128 0.041667
117 128 0.041667
119 128 0.041667
125 128 0.041667
163 128 0.041667
164 128 0.041667
1 141 0.045455
4 141 0.045455
7 141 0.045455
9 141 0.045455
14 141 0.045455
17 141 0.045455
22 141 0.045455
37 141 0.045455
56 141 0.045455
70 141 0.045455
83 141 0.045455
84 141 0.045455
85 141 0.045455
86 141 0.045455
89 141 0.045455
102 141 0.045455
116 141 0.045455
124 141 0.045455
125 141 0.045455
145 141 0.045455
161 141 0.045455
167 141 0.045455
1 146 0.058824
8 146 0.058824
40 146 0.058824
41 146 0.058824
47 146 0.058824
56 146 0.058824
73 146 0.058824
78 146 0.058824
85 146 0.058824
86 146 0.058824
90 146 0.058824
92 146 0.058824
108 146 0.058824
122 146 0.058824
149 146 0.058824
153 146 0.058824
157 146 0.058824
1 155 0.035714
4 155 0.035714
5 155 0.035714
12 155 0.035714
20 155 0.035714
21 155 0.035714
23 155 0.035714
25 155 0.035714
42 155 0.035714
44 155 0.035714
55 155 0.035714
62 155 0.035714
74 155 0.035714
86 155 0.035714
87 155 0.035714
89 155 0.035714
98 155 0.035714
101 155 0.035714
102 155 0.035714
109 155 0.035714
113 155 0.035714
114 155 0.035714
127 155 0.035714
136 155 0.035714
151 155 0.035714
153 155 0.035714
163 155 0.035714
167 155 0.035714
1 156 0.045455
6 156 0.045455
9 156 0.045455
24 156 0.045455
47 156 0.045455
51 156 0.045455
64 156 0.045455
68 156 0.045455
70 156 0.045455
74 156 0.045455
90 156 0.045455
104 156 0.045455
110 156 0.045455
111 156 0.045455
117 156 0.045455
123 156 0.045455
134 156 0.045455
136 156 0.045455
137 156 0.045455
145 156 0.045455
148 156 0.045455
159 156 0.045455
1 157 0.04
3 157 0.04
15 157 0.04
23 157 0.04
41 157 0.04
44 157 0.04
45 157 0.04
52 157 0.04
54 157 0.04
61 157 0.04
64 157 0.04
76 157 0.04
78 157 0.04
81 157 0.04
86 157 0.04
120 157 0.04
126 157 0.04
131 157 0.04
136 157 0.04
144 157 0.04
146 157 0.04
149 157 0.04
160 157 0.04
164 157 0.04
166 157 0.04
1 158 0.05
9 158 0.05
17 158 0.05
35 158 0.05
40 158 0.05
41 158 0.05
45 158 0.05
47 158 0.05
49 158 0.05
58 158 0.05
82 158 0.05
83 158 0.05
95 158 0.05
101 158 0.05
113 158 0.05
124 158 0.05
133 158 0.05
134 158 0.05
135 158 0.05
152 158 0.05
2 17 0.035714
15 17 0.035714
19 17 0.035714
25 17 0.035714
29 17 0.035714
36 17 0.035714
39 17 0.035714
53 17 0.035714
54 17 0.035714
56 17 0.035714
71 17 0.035714
80 17 0.035714
90 17 0.035714
100 17 0.035714
114 17 0.035714
116 17 0.035714
119 17 0.035714
130 17 0.035714
132 17 0.035714
135 17 0.035714
139 17 0.035714
141 17 0.035714
150 17 0.035714
158 17 0.035714
159 17 0.035714
160 17 0.035714
164 17 0.035714
168 17 0.035714
2 19 0.037037
10 19 0.037037
17 19 0.037037
25 19 0.037037
30 19 0.037037
33 19 0.037037
37 19 0.037037
41 19 0.037037
43 19 0.037037
44 19 0.037037
50 19 0.037037
56 19 0.037037
70 19 0.037037
78 19 0.037037
81 19 0.037037
87 19 0.037037
91 19 0.037037
97 19 0.037037
111 19 0.037037
115 19 0.037037
123 19 0.037037
126 19 0.037037
129 19 0.037037
136 19 0.037037
139 19 0.037037
150 19 0.037037
154 19 0.037037
2 23 0.037037
10 23 0.037037
11 23 0.037037
14 23 0.037037
37 23 0.037037
39 23 0.037037
57 23 0.037037
61 23 0.037037
63 23 0.037037
73 23 0.037037
74 23 0.037037
82 23 0.037037
88 23 0.037037
89 23 0.037037
91 23 0.037037
94 23 0.037037
98 23 0.037037
104 23 0.037037
111 23 0.037037
116 23 0.037037
118 23 0.037037
144 23 0.037037
151 23 0.037037
155 23 0.037037
157 23 0.037037
163 23 0.037037
166 23 0.037037
2 39 0.034483
6 39 0.034483
9 39 0.034483
12 39 0.034483
13 39 0.034483
17 39 0.034483
21 39 0.034483
23 39 0.034483
24 39 0.034483
27 39 0.034483
30 39 0.034483
35 39 0.034483
53 39 0.034483
54 39 0.034483
63 39 0.034483
75 39 0.034483
79 39 0.034483
82 39 0.034483
83 39 0.034483
84 39 0.034483
105 39 0.034483
116 39 0.034483
120 39 0.034483
124 39 0.034483
133 39 0.034483
145 39 0.034483
152 39 0.034483
165 39 0.034483
167 39 0.034483
2 47 0.034483
4 47 0.034483
7 47 0.034483
10 47 0.034483
16 47 0.034483
21 47 0.034483
24 47 0.034483
26 47 0.034483
27 47 0.034483
30 47 0.034483
45 47 0.034483
49 47 0.034483
82 47 0.034483
85 47 0.034483
88 47 0.034483
95 47 0.034483
99 47 0.034483
104 47 0.034483
111 47 0.034483
121 47 0.034483
125 47 0.034483
137 47 0.034483
145 47 0.034483
146 47 0.034483
148 47 0.034483
150 47 0.034483
156 47 0.034483
158 47 0.034483
163 47 0.034483
2 52 0.05
4 52 0.05
11 52 0.05
13 52 0.05
16 52 0.05
28 52 0.05
34 52 0.05
40 52 0.05
44 52 0.05
45 52 0.05
75 52 0.05
88 52 0.05
90 52 0.05
99 52 0.05
104 52 0.05
107 52 0.05
108 52 0.05
149 52 0.05
157 52 0.05
166 52 0.05
2 54 0.043478
3 54 0.043478
9 54 0.043478
17 54 0.043478
25 54 0.043478
27 54 0.043478
37 54 0.043478
39 54 0.043478
56 54 0.043478
57 54 0.043478
65 54 0.043478
89 54 0.043478
92 54 0.043478
98 54 0.043478
101 54 0.043478
120 54 0.043478
122 54 0.043478
130 54 0.043478
145 54 0.043478
149 54 0.043478
152 54 0.043478
157 54 0.043478
167 54 0.043478
2 57 0.037037
15 57 0.037037
16 57 0.037037
23 57 0.037037
26 57 0.037037
32 57 0.037037
33 57 0.037037
34 57 0.037037
40 57 0.037037
54 57 0.037037
58 57 0.037037
64 57 0.037037
73 57 0.037037
80 57 0.037037
83 57 0.037037
87 57 0.037037
96 57 0.037037
100 57 0.037037
112 57 0.037037
116 57 0.037037
117 57 0.037037
137 57 0.037037
139 57 0.037037
153 57 0.037037
154 57 0.037037
165 57 0.037037
168 57 0.037037
2 58 0.047619
6 58 0.047619
8 58 0.047619
15 58 0.047619
42 58 0.047619
43 58 0.047619
51 58 0.047619
56 58 0.047619
57 58 0.047619
74 58 0.047619
78 58 0.047619
89 58 0.047619
97 58 0.047619
111 58 0.047619
114 58 0.047619
115 58 0.047619
143 58 0.047619
158 58 0.047619
163 58 0.047619
166 58 0.047619
168 58 0.047619
2 62 0.04
5 62 0.04
38 62 0.04
42 62 0.04
49 62 0.04
70 62 0.04
76 62 0.04
79 62 0.04
85 62 0.04
110 62 0.04
111 62 0.04
113 62 0.04
115 62 0.04
126 62 0.04
128 62 0.04
134 62 0.04
138 62 0.04
140 62 0.04
144 62 0.04
148 62 0.04
149 62 0.04
151 62 0.04
155 62 0.04
164 62 0.04
168 62 0.04
2 82 0.03125
6 82 0.03125
10 82 0.03125
16 82 0.03125
20 82 0.03125
23 82 0.03125
30 82 0.03125
33 82 0.03125
36 82 0.03125
39 82 0.03125
43 82 0.03125
47 82 0.03125
56 82 0.03125
61 82 0.03125
66 82 0.03125
71 82 0.03125
74 82 0.03125
79 82 0.03125
85 82 0.03125
86 82 0.03125
92 82 0.03125
102 82 0.03125
109 82 0.03125
114 82 0.03125
125 82 0.03125
131 82 0.03125
136 82 0.03125
137 82 0.03125
140 82 0.03125
148 82 0.03125
153 82 0.03125
158 82 0.03125
2 105 0.071429
28 105 0.071429
39 105 0.071429
48 105 0.071429
61 105 0.071429
87 105 0.071429
101 105 0.071429
103 105 0.071429
119 105 0.071429
120 105 0.071429
123 105 0.071429
125 105 0.071429
137 105 0.071429
164 105 0.071429
2 115 0.034483
19 115 0.034483
22 115 0.034483
36 115 0.034483
38 115 0.034483
42 115 0.034483
51 115 0.034483
58 115 0.034483
59 115 0.034483
62 115 0.034483
69 115 0.034483
74 115 0.034483
83 115 0.034483
87 115 0.034483
89 115 0.034483
92 115 0.034483
99 115 0.034483
101 115 0.034483
114 115 0.034483
118 115 0.034483
119 115 0.034483
129 115 0.034483
135 115 0.034483
142 115 0.034483
150 115 0.034483
163 115 0.034483
165 115 0.034483
166 115 0.034483
167 115 0.034483
2 116 0.038462
10 116 0.038462
16 116 0.038462
17 116 0.038462
23 116 0.038462
30 116 0.038462
39 116 0.038462
46 116 0.038462
57 116 0.038462
61 116 0.038462
66 116 0.038462
80 116 0.038462
88 116 0.038462
89 116 0.038462
93 116 0.038462
96 116 0.038462
102 116 0.038462
107 116 0.038462
112 116 0.038462
128 116 0.038462
129 116 0.038462
134 116 0.038462
140 116 0.038462
141 116 0.038462
143 116 0.038462
166 116 0.038462
2 129 0.04
6 129 0.04
12 129 0.04
13 129 0.04
19 129 0.04
21 129 0.04
25 129 0.04
30 129 0.04
33 129 0.04
42 129 0.04
45 129 0.04
84 129 0.04
86 129 0.04
87 129 0.04
96 129 0.04
97 129 0.04
115 129 0.04
116 129 0.04
119 129 0.04
127 129 0.04
145 129 0.04
147 129 0.04
148 129 0.04
160 129 0.04
162 129 0.04
2 130 0.041667
17 130 0.041667
31 130 0.041667
34 130 0.041667
36 130 0.041667
43 130 0.041667
49 130 0.041667
54 130 0.041667
78 130 0.041667
83 130 0.041667
85 130 0.041667
101 130 0.041667
110 130 0.041667
117 130 0.041667
119 130 0.041667
121 130 0.041667
123 130 0.041667
131 130 0.041667
134 130 0.041667
142 130 0.041667
150 130 0.041667
153 130 0.041667
166 130 0.041667
167 130 0.041667
2 134 0.045455
12 134 0.045455
29 134 0.045455
46 134 0.045455
50 134 0.045455
62 134 0.045455
67 134 0.045455
86 134 0.045455
88 134 0.045455
103 134 0.045455
106 134 0.045455
108 134 0.045455
116 134 0.045455
121 134 0.045455
130 134 0.045455
139 134 0.045455
156 134 0.045455
158 134 0.045455
159 134 0.045455
165 134 0.045455
167 134 0.045455
168 134 0.045455
2 145 0.030303
7 145 0.030303
13 145 0.030303
22 145 0.030303
39 145 0.030303
40 145 0.030303
42 145 0.030303
43 145 0.030303
45 145 0.030303
47 145 0.030303
49 145 0.030303
50 145 0.030303
54 145 0.030303
56 145 0.030303
59 145 0.030303
72 145 0.030303
77 145 0.030303
81 145 0.030303
87 145 0.030303
91 145 0.030303
102 145 0.030303
109 145 0.030303
111 145 0.030303
117 145 0.030303
129 145 0.030303
131 145 0.030303
135 145 0.030303
141 145 0.030303
149 145 0.030303
150 145 0.030303
156 145 0.030303
166 145 0.030303
167 145 0.030303
3 14 0.055556
8 14 0.055556
15 14 0.055556
23 14 0.055556
30 14 0.055556
36 14 0.055556
59 14 0.055556
65 14 0.055556
68 14 0.055556
72 14 0.055556
73 14 0.055556
88 14 0.055556
95 14 0.055556
131 14 0.055556
137 14 0.055556
141 14 0.055556
147 14 0.055556
153 14 0.055556
3 24 0.034483
11 24 0.034483
13 24 0.034483
26 24 0.034483
35 24 0.034483
39 24 0.034483
47 24 0.034483
60 24 0.034483
64 24 0.034483
66 24 0.034483
71 24 0.034483
74 24 0.034483
93 24 0.034483
96 24 0.034483
102 24 0.034483
106 24 0.034483
107 24 0.034483
120 24 0.034483
123 24 0.034483
132 24 0.034483
137 24 0.034483
138 24 0.034483
142 24 0.034483
143 24 0.034483
147 24 0.034483
149 24 0.034483
150 24 0.034483
153 24 0.034483
156 24 0.034483
3 26 0.043478
7 26 0.043478
11 26 0.043478
24 26 0.043478
36 26 0.043478
45 26 0.043478
47 26 0.043478
50 26 0.043478
56 26 0.043478
57 26 0.043478
70 26 0.043478
75 26 0.043478
78 26 0.043478
88 26 0.043478
90 26 0.043478
91 26 0.043478
107 26 0.043478
138 26 0.043478
139 26 0.043478
148 26 0.043478
154 26 0.043478
159 26 0.043478
161 26 0.043478
3 69 0.058824
4 69 0.058824
10 69 0.058824
55 69 0.058824
59 69 0.058824
64 69 0.058824
78 69 0.058824
90 69 0.058824
96 69 0.058824
104 69 0.058824
115 69 0.058824
119 69 0.058824
122 69 0.058824
128 69 0.058824
133 69 0.058824
148 69 0.058824
165 69 0.058824
3 70 0.038462
5 70 0.038462
7 70 0.038462
16 70 0.038462
19 70 0.038462
26 70 0.038462
31 70 0.038462
32 70 0.038462
35 70 0.038462
40 70 0.038462
41 70 0.038462
61 70 0.038462
62 70 0.038462
77 70 0.038462
83 70 0.038462
86 70 0.038462
100 70 0.038462
107 70 0.038462
121 70 0.038462
126 70 0.038462
136 70 0.038462
141 70 0.038462
150 70 0.038462
153 70 0.038462
156 70 0.038462
160 70 0.038462
3 76 0.05
8 76 0.05
16 76 0.05
31 76 0.05
49 76 0.05
53 76 0.05
55 76 0.05
56 76 0.05
59 76 0.05
62 76 0.05
63 76 0.05
75 76 0.05
78 76 0.05
104 76 0.05
118 76 0.05
136 76 0.05
147 76 0.05
148 76 0.05
157 76 0.05
168 76 0.05
3 81 0.047619
8 81 0.047619
19 81 0.047619
29 81 0.047619
37 81 0.047619
40 81 0.047619
42 81 0.047619
50 81 0.047619
51 81 0.047619
64 81 0.047619
88 81 0.047619
95 81 0.047619
122 81 0.047619
127 81 0.047619
128 81 0.047619
131 81 0.047619
136 81 0.047619
144 81 0.047619
145 81 0.047619
157 81 0.047619
164 81 0.047619
3 83 0.032258
25 83 0.032258
33 83 0.032258
39 83 0.032258
40 83 0.032258
41 83 0.032258
45 83 0.032258
51 83 0.032258
55 83 0.032258
57 83 0.032258
67 83 0.032258
70 83 0.032258
75 83 0.032258
79 83 0.032258
104 83 0.032258
111 83 0.032258
113 83 0.032258
115 83 0.032258
117 83 0.032258
120 83 0.032258
121 83 0.032258
122 83 0.032258
130 83 0.032258
132 83 0.032258
136 83 0.032258
141 83 0.032258
142 83 0.032258
158 83 0.032258
159 83 0.032258
163 83 0.032258
164 83 0.032258
3 124 0.041667
10 124 0.041667
39 124 0.041667
41 124 0.041667
48 124 0.041667
56 124 0.041667
61 124 0.041667
67 124 0.041667
71 124 0.041667
75 124 0.041667
84 124 0.041667
103 124 0.041667
106 124 0.041667
108 124 0.041667
110 124 0.041667
113 124 0.041667
114 124 0.041667
118 124 0.041667
121 124 0.041667
135 124 0.041667
141 124 0.041667
142 124 0.041667
153 124 0.041667
158 124 0.041667
3 132 0.043478
5 132 0.043478
6 132 0.043478
16 132 0.043478
17 132 0.043478
24 132 0.043478
37 132 0.043478
56 132 0.043478
64 132 0.043478
71 132 0.043478
73 132 0.043478
83 132 0.043478
84 132 0.043478
85 132 0.043478
104 132 0.043478
112 132 0.043478
119 132 0.043478
120 132 0.043478
135 132 0.043478
137 132 0.043478
143 132 0.043478
161 132 0.043478
168 132 0.043478
3 139 0.04
7 139 0.04
10 139 0.04
17 139 0.04
19 139 0.04
21 139 0.04
25 139 0.04
26 139 0.04
41 139 0.04
53 139 0.04
57 139 0.04
63 139 0.04
64 139 0.04
91 139 0.04
106 139 0.04
107 139 0.04
121 139 0.04
125 139 0.04
127 139 0.04
134 139 0.04
137 139 0.04
149 139 0.04
161 139 0.04
162 139 0.04
168 139 0.04
3 153 0.037037
8 153 0.037037
14 153 0.037037
24 153 0.037037
32 153 0.037037
38 153 0.037037
44 153 0.037037
57 153 0.037037
59 153 0.037037
66 153 0.037037
70 153 0.037037
73 153 0.037037
82 153 0.037037
90 153 0.037037
95 153 0.037037
109 153 0.037037
124 153 0.037037
125 153 0.037037
130 153 0.037037
136 153 0.037037
138 153 0.037037
146 153 0.037037
148 153 0.037037
150 153 0.037037
155 153 0.037037
162 153 0.037037
168 153 0.037037
3 159 0.043478
5 159 0.043478
7 159 0.043478
17 159 0.043478
26 159 0.043478
28 159 0.043478
29 159 0.043478
36 159 0.043478
41 159 0.043478
74 159 0.043478
78 159 0.043478
83 159 0.043478
84 159 0.043478
93 159 0.043478
96 159 0.043478
103 159 0.043478
106 159 0.043478
108 159 0.043478
120 159 0.043478
123 159 0.043478
134 159 0.043478
156 159 0.043478
167 159 0.043478
3 160 0.035714
15 160 0.035714
17 160 0.035714
18 160 0.035714
27 160 0.035714
31 160 0.035714
34 160 0.035714
36 160 0.035714
49 160 0.035714
56 160 0.035714
60 160 0.035714
63 160 0.035714
70 160 0.035714
74 160 0.035714
94 160 0.035714
96 160 0.035714
107 160 0.035714
109 160 0.035714
112 160 0.035714
113 160 0.035714
118 160 0.035714
129 160 0.035714
136 160 0.035714
137 160 0.035714
144 160 0.035714
148 160 0.035714
151 160 0.035714
157 160 0.035714
4 5 0.05
7 5 0.05
12 5 0.05
28 5 0.05
41 5 0.05
43 5 0.05
45 5 0.05
62 5 0.05
64 5 0.05
70 5 0.05
91 5 0.05
98 5 0.05
112 5 0.05
127 5 0.05
132 5 0.05
149 5 0.05
152 5 0.05
155 5 0.05
159 5 0.05
167 5 0.05
4 8 0.038462
6 8 0.038462
14 8 0.038462
18 8 0.038462
20 8 0.038462
21 8 0.038462
22 8 0.038462
31 8 0.038462
35 8 0.038462
58 8 0.038462
63 8 0.038462
72 8 0.038462
76 8 0.038462
81 8 0.038462
84 8 0.038462
95 8 0.038462
104 8 0.038462
111 8 0.038462
117 8 0.038462
122 8 0.038462
135 8 0.038462
146 8 0.038462
150 8 0.038462
153 8 0.038462
163 8 0.038462
168 8 0.038462
4 25 0.041667
17 25 0.041667
19 25 0.041667
38 25 0.041667
54 25 0.041667
65 25 0.041667
83 25 0.041667
91 25 0.041667
93 25 0.041667
94 25 0.041667
96 25 0.041667
103 25 0.041667
104 25 0.041667
120 25 0.041667
129 25 0.041667
131 25 0.041667
135 25 0.041667
137 25 0.041667
139 25 0.041667
147 25 0.041667
148 25 0.041667
152 25 0.041667
155 25 0.041667
164 25 0.041667
4 28 0.035714
5 28 0.035714
16 28 0.035714
36 28 0.035714
37 28 0.035714
50 28 0.035714
52 28 0.035714
53 28 0.035714
55 28 0.035714
56 28 0.035714
64 28 0.035714
71 28 0.035714
72 28 0.035714
73 28 0.035714
79 28 0.035714
90 28 0.035714
91 28 0.035714
92 28 0.035714
105 28 0.035714
114 28 0.035714
120 28 0.035714
126 28 0.035714
133 28 0.035714
142 28 0.035714
143 28 0.035714
149 28 0.035714
154 28 0.035714
159 28 0.035714
4 38 0.038462
6 38 0.038462
9 38 0.038462
16 38 0.038462
25 38 0.038462
30 38 0.038462
34 38 0.038462
40 38 0.038462
44 38 0.038462
62 38 0.038462
63 38 0.038462
65 38 0.038462
68 38 0.038462
75 38 0.038462
78 38 0.038462
90 38 0.038462
97 38 0.038462
100 38 0.038462
115 38 0.038462
125 38 0.038462
126 38 0.038462
131 38 0.038462
147 38 0.038462
152 38 0.038462
153 38 0.038462
166 38 0.038462
4 42 0.041667
13 42 0.041667
21 42 0.041667
31 42 0.041667
55 42 0.041667
58 42 0.041667
62 42 0.041667
68 42 0.041667
73 42 0.041667
75 42 0.041667
77 42 0.041667
81 42 0.041667
86 42 0.041667
88 42 0.041667
107 42 0.041667
114 42 0.041667
115 42 0.041667
118 42 0.041667
127 42 0.041667
129 42 0.041667
145 42 0.041667
151 42 0.041667
155 42 0.041667
167 42 0.041667
4 55 0.04
7 55 0.04
21 55 0.04
22 55 0.04
28 55 0.04
31 55 0.04
42 55 0.04
64 55 0.04
69 55 0.04
71 55 0.04
74 55 0.04
76 55 0.04
77 55 0.04
80 55 0.04
83 55 0.04
106 55 0.04
111 55 0.04
125 55 0.04
136 55 0.04
143 55 0.04
154 55 0.04
155 55 0.04
161 55 0.04
165 55 0.04
168 55 0.04
4 61 0.041667
22 61 0.041667
23 61 0.041667
29 61 0.041667
43 61 0.041667
60 61 0.041667
70 61 0.041667
78 61 0.041667
80 61 0.041667
82 61 0.041667
90 61 0.041667
93 61 0.041667
102 61 0.041667
105 61 0.041667
107 61 0.041667
108 61 0.041667
110 61 0.041667
116 61 0.041667
124 61 0.041667
135 61 0.041667
144 61 0.041667
157 61 0.041667
165 61 0.041667
166 61 0.041667
4 64 0.027778
5 64 0.027778
9 64 0.027778
20 64 0.027778
24 64 0.027778
28 64 0.027778
33 64 0.027778
40 64 0.027778
49 64 0.027778
55 64 0.027778
57 64 0.027778
65 64 0.027778
66 64 0.027778
67 64 0.027778
69 64 0.027778
81 64 0.027778
85 64 0.027778
91 64 0.027778
92 64 0.027778
98 64 0.027778
101 64 0.027778
111 64 0.027778
120 64 0.027778
128 64 0.027778
131 64 0.027778
132 64 0.027778
138 64 0.027778
139 64 0.027778
152 64 0.027778
154 64 0.027778
156 64 0.027778
157 64 0.027778
161 64 0.027778
166 64 0.027778
167 64 0.027778
168 64 0.027778
4 67 0.052632
43 67 0.052632
64 67 0.052632
71 67 0.052632
77 67 0.052632
80 67 0.052632
83 67 0.052632
94 67 0.052632
96 67 0.052632
104 67 0.052632
107 67 0.052632
108 67 0.052632
119 67 0.052632
124 67 0.052632
127 67 0.052632
134 67 0.052632
135 67 0.052632
137 67 0.052632
166 67 0.052632
4 72 0.041667
8 72 0.041667
14 72 0.041667
27 72 0.041667
28 72 0.041667
31 72 0.041667
35 72 0.041667
43 72 0.041667
49 72 0.041667
50 72 0.041667
66 72 0.041667
73 72 0.041667
79 72 0.041667
85 72 0.041667
93 72 0.041667
94 72 0.041667
99 72 0.041667
103 72 0.041667
113 72 0.041667
119 72 0.041667
125 72 0.041667
127 72 0.041667
133 72 0.041667
145 72 0.041667
4 79 0.043478
10 79 0.043478
28 79 0.043478
37 79 0.043478
39 79 0.043478
45 79 0.043478
59 79 0.043478
62 79 0.043478
65 79 0.043478
72 79 0.043478
82 79 0.043478
83 79 0.043478
87 79 0.043478
97 79 0.043478
103 79 0.043478
106 79 0.043478
123 79 0.043478
127 79 0.043478
131 79 0.043478
135 79 0.043478
143 79 0.043478
147 79 0.043478
164 79 0.043478
4 88 0.030303
6 88 0.030303
10 88 0.030303
14 88 0.030303
23 88 0.030303
26 88 0.030303
33 88 0.030303
34 88 0.030303
42 88 0.030303
43 88 0.030303
47 88 0.030303
51 88 0.030303
52 88 0.030303
65 88 0.030303
73 88 0.030303
77 88 0.030303
80 88 0.030303
81 88 0.030303
85 88 0.030303
87 88 0.030303
96 88 0.030303
98 88 0.030303
102 88 0.030303
108 88 0.030303
116 88 0.030303
121 88 0.030303
125 88 0.030303
128 88 0.030303
134 88 0.030303
148 88 0.030303
161 88 0.030303
163 88 0.030303
166 88 0.030303
4 103 0.037037
18 103 0.037037
22 103 0.037037
25 103 0.037037
29 103 0.037037
31 103 0.037037
35 103 0.037037
37 103 0.037037
71 103 0.037037
72 103 0.037037
74 103 0.037037
79 103 0.037037
93 103 0.037037
98 103 0.037037
101 103 0.037037
105 103 0.037037
118 103 0.037037
122 103 0.037037
124 103 0.037037
126 103 0.037037
134 103 0.037037
135 103 0.037037
149 103 0.037037
150 103 0.037037
159 103 0.037037
163 103 0.037037
165 103 0.037037
4 149 0.047619
5 149 0.047619
20 149 0.047619
24 149 0.047619
28 149 0.047619
29 149 0.047619
46 149 0.047619
52 149 0.047619
54 149 0.047619
62 149 0.047619
77 149 0.047619
84 149 0.047619
95 149 0.047619
102 149 0.047619
103 149 0.047619
139 149 0.047619
145 149 0.047619
146 149 0.047619
148 149 0.047619
152 149 0.047619
157 149 0.047619
4 150 0.038462
8 150 0.038462
17 150 0.038462
19 150 0.038462
24 150 0.038462
31 150 0.038462
34 150 0.038462
41 150 0.038462
47 150 0.038462
60 150 0.038462
70 150 0.038462
85 150 0.038462
90 150 0.038462
93 150 0.038462
103 150 0.038462
104 150 0.038462
111 150 0.038462
113 150 0.038462
115 150 0.038462
120 150 0.038462
126 150 0.038462
130 150 0.038462
131 150 0.038462
145 150 0.038462
153 150 0.038462
165 150 0.038462
5 7 0.04
6 7 0.04
26 7 0.04
41 7 0.04
47 7 0.04
55 7 0.04
59 7 0.04
60 7 0.04
70 7 0.04
74 7 0.04
78 7 0.04
85 7 0.04
93 7 0.04
95 7 0.04
96 7 0.04
100 7 0.04
107 7 0.04
112 7 0.04
139 7 0.04
141 7 0.04
144 7 0.04
145 7 0.04
159 7 0.04
166 7 0.04
167 7 0.04
5 41 0.032258
7 41 0.032258
9 41 0.032258
19 41 0.032258
43 41 0.032258
56 41 0.032258
59 41 0.032258
70 41 0.032258
71 41 0.032258
73 41 0.032258
77 41 0.032258
83 41 0.032258
87 41 0.032258
91 41 0.032258
97 41 0.032258
108 41 0.032258
110 41 0.032258
114 41 0.032258
124 41 0.032258
135 41 0.032258
137 41 0.032258
139 41 0.032258
146 41 0.032258
150 41 0.032258
157 41 0.032258
158 41 0.032258
159 41 0.032258
164 41 0.032258
165 41 0.032258
166 41 0.032258
167 41 0.032258
5 45 0.041667
16 45 0.041667
22 45 0.041667
26 45 0.041667
30 45 0.041667
47 45 0.041667
52 45 0.041667
77 45 0.041667
79 45 0.041667
83 45 0.041667
85 45 0.041667
86 45 0.041667
97 45 0.041667
100 45 0.041667
126 45 0.041667
128 45 0.041667
129 45 0.041667
137 45 0.041667
145 45 0.041667
147 45 0.041667
148 45 0.041667
157 45 0.041667
158 45 0.041667
166 45 0.041667
5 91 0.037037
12 91 0.037037
15 91 0.037037
19 91 0.037037
23 91 0.037037
25 91 0.037037
26 91 0.037037
28 91 0.037037
31 91 0.037037
32 91 0.037037
34 91 0.037037
35 91 0.037037
41 91 0.037037
50 91 0.037037
64 91 0.037037
66 91 0.037037
73 91 0.037037
89 91 0.037037
94 91 0.037037
110 91 0.037037
113 91 0.037037
114 91 0.037037
121 91 0.037037
139 91 0.037037
142 91 0.037037
145 91 0.037037
148 91 0.037037
5 98 0.05
9 98 0.05
22 98 0.05
23 98 0.05
54 98 0.05
64 98 0.05
73 98 0.05
74 98 0.05
78 98 0.05
88 98 0.05
89 98 0.05
93 98 0.05
103 98 0.05
108 98 0.05
110 98 0.05
117 98 0.05
119 98 0.05
126 98 0.05
147 98 0.05
155 98 0.05
5 152 0.033333
15 152 0.033333
16 152 0.033333
18 152 0.033333
25 152 0.033333
31 152 0.033333
36 152 0.033333
38 152 0.033333
39 152 0.033333
48 152 0.033333
53 152 0.033333
54 152 0.033333
64 152 0.033333
66 152 0.033333
68 152 0.033333
84 152 0.033333
90 152 0.033333
92 152 0.033333
96 152 0.033333
101 152 0.033333
104 152 0.033333
117 152 0.033333
119 152 0.033333
120 152 0.033333
121 152 0.033333
131 152 0.033333
148 152 0.033333
149 152 0.033333
158 152 0.033333
165 152 0.033333
5 167 0.034483
7 167 0.034483
9 167 0.034483
31 167 0.034483
34 167 0.034483
39 167 0.034483
41 167 0.034483
42 167 0.034483
53 167 0.034483
54 167 0.034483
59 167 0.034483
64 167 0.034483
84 167 0.034483
90 167 0.034483
106 167 0.034483
107 167 0.034483
111 167 0.034483
115 167 0.034483
118 167 0.034483
119 167 0.034483
130 167 0.034483
134 167 0.034483
141 167 0.034483
144 167 0.034483
145 167 0.034483
155 167 0.034483
159 167 0.034483
163 167 0.034483
165 167 0.034483
6 34 0.04
11 34 0.04
22 34 0.04
31 34 0.04
32 34 0.04
38 34 0.04
46 34 0.04
50 34 0.04
52 34 0.04
57 34 0.04
59 34 0.04
68 34 0.04
85 34 0.04
88 34 0.04
91 34 0.04
108 34 0.04
113 34 0.04
120 34 0.04
126 34 0.04
128 34 0.04
130 34 0.04
140 34 0.04
150 34 0.04
160 34 0.04
167 34 0.04
6 60 0.055556
7 60 0.055556
12 60 0.055556
13 60 0.055556
16 60 0.055556
24 60 0.055556
40 60 0.055556
48 60 0.055556
61 60 0.055556
66 60 0.055556
77 60 0.055556
92 60 0.055556
94 60 0.055556
117 60 0.055556
127 60 0.055556
140 60 0.055556
150 60 0.055556
160 60 0.055556
6 71 0.037037
11 71 0.037037
17 71 0.037037
18 71 0.037037
24 71 0.037037
28 71 0.037037
31 71 0.037037
40 71 0.037037
41 71 0.037037
49 71 0.037037
55 71 0.037037
63 71 0.037037
66 71 0.037037
67 71 0.037037
82 71 0.037037
93 71 0.037037
103 71 0.037037
104 71 0.037037
108 71 0.037037
117 71 0.037037
119 71 0.037037
124 71 0.037037
131 71 0.037037
132 71 0.037037
142 71 0.037037
161 71 0.037037
162 71 0.037037
6 75 0.038462
11 75 0.038462
26 75 0.038462
29 75 0.038462
30 75 0.038462
35 75 0.038462
36 75 0.038462
37 75 0.038462
38 75 0.038462
39 75 0.038462
42 75 0.038462
44 75 0.038462
52 75 0.038462
53 75 0.038462
74 75 0.038462
76 75 0.038462
83 75 0.038462
96 75 0.038462
100 75 0.038462
107 75 0.038462
124 75 0.038462
131 75 0.038462
133 75 0.038462
138 75 0.038462
147 75 0.038462
148 75 0.038462
6 84 0.04
8 84 0.04
11 84 0.04
18 84 0.04
27 84 0.04
39 84 0.04
51 84 0.04
63 84 0.04
85 84 0.04
99 84 0.04
102 84 0.04
112 84 0.04
114 84 0.04
120 84 0.04
122 84 0.04
124 84 0.04
125 84 0.04
129 84 0.04
132 84 0.04
140 84 0.04
141 84 0.04
149 84 0.04
152 84 0.04
159 84 0.04
167 84 0.04
6 86 0.043478
10 86 0.043478
42 86 0.043478
44 86 0.043478
45 86 0.043478
59 86 0.043478
70 86 0.043478
74 86 0.043478
82 86 0.043478
89 86 0.043478
100 86 0.043478
107 86 0.043478
108 86 0.043478
113 86 0.043478
120 86 0.043478
129 86 0.043478
134 86 0.043478
137 86 0.043478
141 86 0.043478
146 86 0.043478
155 86 0.043478
157 86 0.043478
165 86 0.043478
6 107 0.03125
7 107 0.03125
10 107 0.03125
13 107 0.03125
18 107 0.03125
24 107 0.03125
26 107 0.03125
33 107 0.03125
35 107 0.03125
42 107 0.03125
44 107 0.03125
51 107 0.03125
52 107 0.03125
61 107 0.03125
67 107 0.03125
70 107 0.03125
73 107 0.03125
75 107 0.03125
86 107 0.03125
92 107 0.03125
110 107 0.03125
116 107 0.03125
122 107 0.03125
136 107 0.03125
138 107 0.03125
139 107 0.03125
143 107 0.03125
160 107 0.03125
164 107 0.03125
165 107 0.03125
166 107 0.03125
167 107 0.03125
6 110 0.04
29 110 0.04
40 110 0.04
41 110 0.04
43 110 0.04
44 110 0.04
56 110 0.04
61 110 0.04
62 110 0.04
85 110 0.04
91 110 0.04
98 110 0.04
107 110 0.04
108 110 0.04
112 110 0.04
124 110 0.04
127 110 0.04
130 110 0.04
131 110 0.04
144 110 0.04
147 110 0.04
156 110 0.04
162 110 0.04
165 110 0.04
166 110 0.04
6 126 0.033333
19 126 0.033333
28 126 0.033333
30 126 0.033333
34 126 0.033333
38 126 0.033333
43 126 0.033333
45 126 0.033333
49 126 0.033333
59 126 0.033333
62 126 0.033333
65 126 0.033333
70 126 0.033333
98 126 0.033333
101 126 0.033333
103 126 0.033333
104 126 0.033333
113 126 0.033333
117 126 0.033333
118 126 0.033333
123 126 0.033333
125 126 0.033333
135 126 0.033333
140 126 0.033333
148 126 0.033333
150 126 0.033333
157 126 0.033333
161 126 0.033333
163 126 0.033333
165 126 0.033333
6 135 0.03125
8 135 0.03125
10 135 0.03125
16 135 0.03125
17 135 0.03125
21 135 0.03125
25 135 0.03125
31 135 0.03125
33 135 0.03125
41 135 0.03125
43 135 0.03125
46 135 0.03125
56 135 0.03125
61 135 0.03125
65 135 0.03125
67 135 0.03125
79 135 0.03125
97 135 0.03125
99 135 0.03125
100 135 0.03125
103 135 0.03125
115 135 0.03125
119 135 0.03125
124 135 0.03125
126 135 0.03125
127 135 0.03125
132 135 0.03125
137 135 0.03125
142 135 0.03125
145 135 0.03125
154 135 0.03125
158 135 0.03125
6 154 0.055556
19 154 0.055556
26 154 0.055556
28 154 0.055556
29 154 0.055556
36 154 0.055556
55 154 0.055556
57 154 0.055556
64 154 0.055556
78 154 0.055556
95 154 0.055556
100 154 0.055556
106 154 0.055556
125 154 0.055556
135 154 0.055556
140 154 0.055556
165 154 0.055556
168 154 0.055556
6 168 0.032258
8 168 0.032258
17 168 0.032258
22 168 0.032258
44 168 0.032258
51 168 0.032258
55 168 0.032258
57 168 0.032258
58 168 0.032258
59 168 0.032258
62 168 0.032258
64 168 0.032258
65 168 0.032258
76 168 0.032258
77 168 0.032258
78 168 0.032258
89 168 0.032258
93 168 0.032258
108 168 0.032258
111 168 0.032258
113 168 0.032258
120 168 0.032258
131 168 0.032258
132 168 0.032258
134 168 0.032258
139 168 0.032258
140 168 0.032258
147 168 0.032258
153 168 0.032258
154 168 0.032258
166 168 0.032258
7 59 0.032258
14 59 0.032258
18 59 0.032258
27 59 0.032258
34 59 0.032258
36 59 0.032258
41 59 0.032258
46 59 0.032258
51 59 0.032258
63 59 0.032258
69 59 0.032258
76 59 0.032258
77 59 0.032258
79 59 0.032258
86 59 0.032258
89 59 0.032258
100 59 0.032258
104 59 0.032258
108 59 0.032258
115 59 0.032258
120 59 0.032258
126 59 0.032258
127 59 0.032258
131 59 0.032258
142 59 0.032258
145 59 0.032258
153 59 0.032258
161 59 0.032258
164 59 0.032258
167 59 0.032258
168 59 0.032258
7 74 0.043478
23 74 0.043478
24 74 0.043478
46 74 0.043478
55 74 0.043478
58 74 0.043478
65 74 0.043478
75 74 0.043478
78 74 0.043478
82 74 0.043478
86 74 0.043478
87 74 0.043478
97 74 0.043478
98 74 0.043478
103 74 0.043478
109 74 0.043478
115 74 0.043478
120 74 0.043478
155 74 0.043478
156 74 0.043478
159 74 0.043478
160 74 0.043478
165 74 0.043478
7 78 0.034483
15 78 0.034483
19 78 0.034483
26 78 0.034483
37 78 0.034483
38 78 0.034483
46 78 0.034483
58 78 0.034483
61 78 0.034483
63 78 0.034483
69 78 0.034483
74 78 0.034483
76 78 0.034483
90 78 0.034483
93 78 0.034483
98 78 0.034483
100 78 0.034483
101 78 0.034483
119 78 0.034483
120 78 0.034483
128 78 0.034483
130 78 0.034483
131 78 0.034483
136 78 0.034483
146 78 0.034483
154 78 0.034483
157 78 0.034483
159 78 0.034483
168 78 0.034483
7 85 0.032258
29 85 0.032258
31 85 0.032258
34 85 0.032258
44 85 0.032258
45 85 0.032258
46 85 0.032258
47 85 0.032258
56 85 0.032258
62 85 0.032258
64 85 0.032258
68 85 0.032258
72 85 0.032258
73 85 0.032258
77 85 0.032258
82 85 0.032258
84 85 0.032258
88 85 0.032258
101 85 0.032258
109 85 0.032258
110 85 0.032258
112 85 0.032258
118 85 0.032258
130 85 0.032258
131 85 0.032258
132 85 0.032258
133 85 0.032258
141 85 0.032258
146 85 0.032258
150 85 0.032258
164 85 0.032258
7 93 0.032258
11 93 0.032258
15 93 0.032258
16 93 0.032258
24 93 0.032258
25 93 0.032258
30 93 0.032258
37 93 0.032258
46 93 0.032258
53 93 0.032258
61 93 0.032258
65 93 0.032258
66 93 0.032258
71 93 0.032258
72 93 0.032258
78 93 0.032258
87 93 0.032258
89 93 0.032258
95 93 0.032258
98 93 0.032258
103 93 0.032258
111 93 0.032258
112 93 0.032258
116 93 0.032258
136 93 0.032258
147 93 0.032258
148 93 0.032258
150 93 0.032258
159 93 0.032258
166 93 0.032258
168 93 0.032258
7 95 0.041667
8 95 0.041667
10 95 0.041667
14 95 0.041667
31 95 0.041667
33 95 0.041667
36 95 0.041667
43 95 0.041667
47 95 0.041667
53 95 0.041667
77 95 0.041667
81 95 0.041667
90 95 0.041667
93 95 0.041667
101 95 0.041667
112 95 0.041667
128 95 0.041667
142 95 0.041667
148 95 0.041667
149 95 0.041667
151 95 0.041667
153 95 0.041667
154 95 0.041667
158 95 0.041667
7 96 0.045455
24 96 0.045455
25 96 0.045455
35 96 0.045455
43 96 0.045455
49 96 0.045455
57 96 0.045455
67 96 0.045455
69 96 0.045455
75 96 0.045455
88 96 0.045455
100 96 0.045455
108 96 0.045455
116 96 0.045455
128 96 0.045455
129 96 0.045455
131 96 0.045455
137 96 0.045455
152 96 0.045455
159 96 0.045455
160 96 0.045455
166 96 0.045455
7 100 0.033333
13 100 0.033333
15 100 0.033333
17 100 0.033333
30 100 0.033333
38 100 0.033333
40 100 0.033333
43 100 0.033333
45 100 0.033333
46 100 0.033333
50 100 0.033333
53 100 0.033333
57 100 0.033333
59 100 0.033333
68 100 0.033333
70 100 0.033333
75 100 0.033333
78 100 0.033333
80 100 0.033333
86 100 0.033333
96 100 0.033333
113 100 0.033333
114 100 0.033333
122 100 0.033333
123 100 0.033333
131 100 0.033333
135 100 0.033333
143 100 0.033333
148 100 0.033333
154 100 0.033333
7 144 0.05
16 144 0.05
23 144 0.05
36 144 0.05
40 144 0.05
61 144 0.05
62 144 0.05
68 144 0.05
80 144 0.05
81 144 0.05
94 144 0.05
106 144 0.05
108 144 0.05
110 144 0.05
111 144 0.05
117 144 0.05
131 144 0.05
157 144 0.05
160 144 0.05
167 144 0.05
7 166 0.030303
15 166 0.030303
22 166 0.030303
23 166 0.030303
27 166 0.030303
30 166 0.030303
35 166 0.030303
38 166 0.030303
41 166 0.030303
43 166 0.030303
45 166 0.030303
46 166 0.030303
52 166 0.030303
58 166 0.030303
61 166 0.030303
64 166 0.030303
65 166 0.030303
67 166 0.030303
88 166 0.030303
93 166 0.030303
96 166 0.030303
99 166 0.030303
107 166 0.030303
110 166 0.030303
112 166 0.030303
115 166 0.030303
116 166 0.030303
117 166 0.030303
123 166 0.030303
130 166 0.030303
145 166 0.030303
157 166 0.030303
168 166 0.030303
8 20 0.076923
27 20 0.076923
31 20 0.076923
36 20 0.076923
64 20 0.076923
82 20 0.076923
112 20 0.076923
121 20 0.076923
131 20 0.076923
149 20 0.076923
155 20 0.076923
161 20 0.076923
165 20 0.076923
8 21 0.05
10 21 0.05
30 21 0.05
31 21 0.05
36 21 0.05
39 21 0.05
42 21 0.05
47 21 0.05
55 21 0.05
56 21 0.05
68 21 0.05
89 21 0.05
94 21 0.05
118 21 0.05
129 21 0.05
135 21 0.05
137 21 0.05
139 21 0.05
155 21 0.05
161 21 0.05
8 22 0.037037
9 22 0.037037
15 22 0.037037
33 22 0.037037
34 22 0.037037
43 22 0.037037
45 22 0.037037
46 22 0.037037
48 22 0.037037
55 22 0.037037
61 22 0.037037
66 22 0.037037
68 22 0.037037
98 22 0.037037
102 22 0.037037
103 22 0.037037
106 22 0.037037
111 22 0.037037
115 22 0.037037
120 22 0.037037
122 22 0.037037
141 22 0.037037
145 22 0.037037
147 22 0.037037
161 22 0.037037
166 22 0.037037
168 22 0.037037
8 31 0.033333
18 31 0.033333
20 31 0.033333
21 31 0.033333
30 31 0.033333
34 31 0.033333
40 31 0.033333
42 31 0.033333
55 31 0.033333
70 31 0.033333
71 31 0.033333
72 31 0.033333
76 31 0.033333
85 31 0.033333
89 31 0.033333
91 31 0.033333
95 31 0.033333
102 31 0.033333
103 31 0.033333
108 31 0.033333
109 31 0.033333
111 31 0.033333
130 31 0.033333
135 31 0.033333
143 31 0.033333
150 31 0.033333
152 31 0.033333
160 31 0.033333
163 31 0.033333
167 31 0.033333
8 35 0.041667
10 35 0.041667
12 35 0.041667
24 35 0.041667
37 35 0.041667
39 35 0.041667
44 35 0.041667
46 35 0.041667
66 35 0.041667
70 35 0.041667
72 35 0.041667
75 35 0.041667
91 35 0.041667
96 35 0.041667
99 35 0.041667
103 35 0.041667
107 35 0.041667
112 35 0.041667
120 35 0.041667
140 35 0.041667
142 35 0.041667
151 35 0.041667
158 35 0.041667
166 35 0.041667
8 63 0.047619
10 63 0.047619
12 63 0.047619
13 63 0.047619
18 63 0.047619
23 63 0.047619
32 63 0.047619
33 63 0.047619
38 63 0.047619
39 63 0.047619
50 63 0.047619
56 63 0.047619
59 63 0.047619
71 63 0.047619
76 63 0.047619
78 63 0.047619
84 63 0.047619
102 63 0.047619
139 63 0.047619
160 63 0.047619
163 63 0.047619
8 104 0.035714
15 104 0.035714
16 104 0.035714
18 104 0.035714
23 104 0.035714
25 104 0.035714
30 104 0.035714
32 104 0.035714
33 104 0.035714
47 104 0.035714
51 104 0.035714
52 104 0.035714
59 104 0.035714
67 104 0.035714
69 104 0.035714
71 104 0.035714
76 104 0.035714
77 104 0.035714
83 104 0.035714
114 104 0.035714
126 104 0.035714
127 104 0.035714
131 104 0.035714
132 104 0.035714
133 104 0.035714
150 104 0.035714
152 104 0.035714
156 104 0.035714
8 111 0.032258
12 111 0.032258
19 111 0.032258
22 111 0.032258
23 111 0.032258
31 111 0.032258
32 111 0.032258
40 111 0.032258
43 111 0.032258
47 111 0.032258
48 111 0.032258
51 111 0.032258
53 111 0.032258
55 111 0.032258
58 111 0.032258
62 111 0.032258
64 111 0.032258
83 111 0.032258
93 111 0.032258
97 111 0.032258
108 111 0.032258
109 111 0.032258
114 111 0.032258
123 111 0.032258
144 111 0.032258
145 111 0.032258
150 111 0.032258
156 111 0.032258
162 111 0.032258
167 111 0.032258
168 111 0.032258
8 117 0.045455
18 117 0.045455
43 117 0.045455
44 117 0.045455
57 117 0.045455
60 117 0.045455
71 117 0.045455
73 117 0.045455
83 117 0.045455
98 117 0.045455
99 117 0.045455
102 117 0.045455
118 117 0.045455
126 117 0.045455
128 117 0.045455
130 117 0.045455
142 117 0.045455
144 117 0.045455
145 117 0.045455
152 117 0.045455
156 117 0.045455
166 117 0.045455
8 122 0.058824
9 122 0.058824
22 122 0.058824
36 122 0.058824
54 122 0.058824
68 122 0.058824
69 122 0.058824
81 122 0.058824
83 122 0.058824
84 122 0.058824
100 122 0.058824
103 122 0.058824
107 122 0.058824
114 122 0.058824
125 122 0.058824
146 122 0.058824
163 122 0.058824
8 163 0.045455
12 163 0.045455
18 163 0.045455
23 163 0.045455
29 163 0.045455
31 163 0.045455
47 163 0.045455
56 163 0.045455
58 163 0.045455
63 163 0.045455
83 163 0.045455
88 163 0.045455
102 163 0.045455
103 163 0.045455
113 163 0.045455
115 163 0.045455
122 163 0.045455
126 163 0.045455
128 163 0.045455
131 163 0.045455
155 163 0.045455
167 163 0.045455
9 87 0.052632
19 87 0.052632
41 87 0.052632
57 87 0.052632
74 87 0.052632
79 87 0.052632
88 87 0.052632
89 87 0.052632
90 87 0.052632
93 87 0.052632
102 87 0.052632
105 87 0.052632
112 87 0.052632
115 87 0.052632
129 87 0.052632
145 87 0.052632
155 87 0.052632
161 87 0.052632
165 87 0.052632
9 101 0.041667
10 101 0.041667
29 101 0.041667
54 101 0.041667
64 101 0.041667
65 101 0.041667
78 101 0.041667
85 101 0.041667
89 101 0.041667
95 101 0.041667
103 101 0.041667
105 101 0.041667
113 101 0.041667
115 101 0.041667
120 101 0.041667
126 101 0.041667
130 101 0.041667
136 101 0.041667
140 101 0.041667
152 101 0.041667
155 101 0.041667
158 101 0.041667
164 101 0.041667
165 101 0.041667
9 123 0.05
13 123 0.05
19 123 0.05
24 123 0.05
36 123 0.05
46 123 0.05
68 123 0.05
79 123 0.05
100 123 0.05
105 123 0.05
106 123 0.05
111 123 0.05
113 123 0.05
114 123 0.05
126 123 0.05
130 123 0.05
136 123 0.05
156 123 0.05
159 123 0.05
166 123 0.05
9 165 0.033333
13 165 0.033333
20 165 0.033333
39 165 0.033333
41 165 0.033333
55 165 0.033333
57 165 0.033333
61 165 0.033333
65 165 0.033333
69 165 0.033333
73 165 0.033333
74 165 0.033333
86 165 0.033333
87 165 0.033333
94 165 0.033333
99 165 0.033333
101 165 0.033333
103 165 0.033333
107 165 0.033333
108 165 0.033333
110 165 0.033333
115 165 0.033333
119 165 0.033333
126 165 0.033333
134 165 0.033333
150 165 0.033333
152 165 0.033333
154 165 0.033333
161 165 0.033333
167 165 0.033333
10 11 0.0625
23 11 0.0625
24 11 0.0625
26 11 0.0625
29 11 0.0625
34 11 0.0625
51 11 0.0625
52 11 0.0625
68 11 0.0625
71 11 0.0625
75 11 0.0625
84 11 0.0625
93 11 0.0625
114 11 0.0625
120 11 0.0625
164 11 0.0625
10 46 0.04
13 46 0.04
22 46 0.04
27 46 0.04
33 46 0.04
34 46 0.04
35 46 0.04
49 46 0.04
59 46 0.04
68 46 0.04
74 46 0.04
77 46 0.04
78 46 0.04
85 46 0.04
90 46 0.04
93 46 0.04
99 46 0.04
100 46 0.04
116 46 0.04
123 46 0.04
133 46 0.04
134 46 0.04
135 46 0.04
149 46 0.04
166 46 0.04
10 89 0.045455
21 89 0.045455
23 89 0.045455
31 89 0.045455
54 89 0.045455
58 89 0.045455
59 89 0.045455
86 89 0.045455
87 89 0.045455
91 89 0.045455
92 89 0.045455
93 89 0.045455
98 89 0.045455
101 89 0.045455
108 89 0.045455
115 89 0.045455
116 89 0.045455
119 89 0.045455
141 89 0.045455
143 89 0.045455
155 89 0.045455
168 89 0.045455
10 113 0.032258
16 113 0.032258
18 113 0.032258
30 113 0.032258
34 113 0.032258
36 113 0.032258
40 113 0.032258
49 113 0.032258
51 113 0.032258
62 113 0.032258
72 113 0.032258
83 113 0.032258
86 113 0.032258
91 113 0.032258
92 113 0.032258
100 113 0.032258
101 113 0.032258
102 113 0.032258
114 113 0.032258
123 113 0.032258
124 113 0.032258
125 113 0.032258
126 113 0.032258
143 113 0.032258
150 113 0.032258
155 113 0.032258
158 113 0.032258
160 113 0.032258
161 113 0.032258
163 113 0.032258
168 113 0.032258
10 121 0.05
18 121 0.05
20 121 0.05
27 121 0.05
40 121 0.05
44 121 0.05
47 121 0.05
49 121 0.05
70 121 0.05
83 121 0.05
88 121 0.05
91 121 0.05
97 121 0.05
102 121 0.05
124 121 0.05
130 121 0.05
134 121 0.05
139 121 0.05
152 121 0.05
164 121 0.05
10 125 0.041667
13 125 0.041667
38 125 0.041667
43 125 0.041667
47 125 0.041667
55 125 0.041667
56 125 0.041667
72 125 0.041667
82 125 0.041667
84 125 0.041667
88 125 0.041667
90 125 0.041667
105 125 0.041667
106 125 0.041667
108 125 0.041667
113 125 0.041667
122 125 0.041667
126 125 0.041667
128 125 0.041667
137 125 0.041667
139 125 0.041667
141 125 0.041667
153 125 0.041667
154 125 0.041667
10 136 0.047619
19 136 0.047619
27 136 0.047619
48 136 0.047619
55 136 0.047619
70 136 0.047619
76 136 0.047619
78 136 0.047619
81 136 0.047619
82 136 0.047619
83 136 0.047619
93 136 0.047619
101 136 0.047619
107 136 0.047619
112 136 0.047619
123 136 0.047619
153 136 0.047619
155 136 0.047619
156 136 0.047619
157 136 0.047619
160 136 0.047619
10 162 0.083333
13 162 0.083333
36 162 0.083333
71 162 0.083333
92 162 0.083333
110 162 0.083333
111 162 0.083333
127 162 0.083333
129 162 0.083333
139 162 0.083333
153 162 0.083333
164 162 0.083333
11 29 0.047619
15 29 0.047619
17 29 0.047619
36 29 0.047619
61 29 0.047619
75 29 0.047619
81 29 0.047619
85 29 0.047619
92 29 0.047619
97 29 0.047619
101 29 0.047619
103 29 0.047619
110 29 0.047619
114 29 0.047619
127 29 0.047619
134 29 0.047619
137 29 0.047619
149 29 0.047619
154 29 0.047619
159 29 0.047619
163 29 0.047619
11 51 0.052632
48 51 0.052632
58 51 0.052632
59 51 0.052632
73 51 0.052632
81 51 0.052632
83 51 0.052632
84 51 0.052632
88 51 0.052632
104 51 0.052632
106 51 0.052632
107 51 0.052632
111 51 0.052632
113 51 0.052632
115 51 0.052632
140 51 0.052632
156 51 0.052632
161 51 0.052632
168 51 0.052632
11 120 0.032258
13 120 0.032258
18 120 0.032258
22 120 0.032258
24 120 0.032258
25 120 0.032258
27 120 0.032258
28 120 0.032258
34 120 0.032258
35 120 0.032258
39 120 0.032258
43 120 0.032258
49 120 0.032258
54 120 0.032258
59 120 0.032258
64 120 0.032258
74 120 0.032258
78 120 0.032258
83 120 0.032258
84 120 0.032258
86 120 0.032258
101 120 0.032258
105 120 0.032258
127 120 0.032258
132 120 0.032258
137 120 0.032258
150 120 0.032258
152 120 0.032258
157 120 0.032258
159 120 0.032258
168 120 0.032258
11 164 0.035714
15 164 0.035714
17 164 0.035714
25 164 0.035714
32 164 0.035714
40 164 0.035714
41 164 0.035714
44 164 0.035714
49 164 0.035714
59 164 0.035714
62 164 0.035714
79 164 0.035714
80 164 0.035714
81 164 0.035714
83 164 0.035714
85 164 0.035714
101 164 0.035714
105 164 0.035714
107 164 0.035714
109 164 0.035714
114 164 0.035714
119 164 0.035714
121 164 0.035714
128 164 0.035714
133 164 0.035714
151 164 0.035714
157 164 0.035714
162 164 0.035714
12 138 0.0625
18 138 0.0625
24 138 0.0625
26 138 0.0625
32 138 0.0625
50 138 0.0625
62 138 0.0625
64 138 0.0625
73 138 0.0625
75 138 0.0625
99 138 0.0625
107 138 0.0625
137 138 0.0625
143 138 0.0625
153 138 0.0625
161 138 0.0625
13 33 0.047619
19 33 0.047619
22 33 0.047619
46 33 0.047619
53 33 0.047619
57 33 0.047619
63 33 0.047619
64 33 0.047619
73 33 0.047619
80 33 0.047619
82 33 0.047619
83 33 0.047619
88 33 0.047619
92 33 0.047619
95 33 0.047619
99 33 0.047619
104 33 0.047619
107 33 0.047619
129 33 0.047619
135 33 0.047619
147 33 0.047619
13 99 0.045455
32 99 0.045455
33 99 0.045455
35 99 0.045455
46 99 0.045455
47 99 0.045455
50 99 0.045455
52 99 0.045455
53 99 0.045455
66 99 0.045455
72 99 0.045455
84 99 0.045455
92 99 0.045455
115 99 0.045455
117 99 0.045455
119 99 0.045455
128 99 0.045455
135 99 0.045455
138 99 0.045455
140 99 0.045455
165 99 0.045455
166 99 0.045455
13 102 0.037037
15 102 0.037037
16 102 0.037037
22 102 0.037037
24 102 0.037037
31 102 0.037037
37 102 0.037037
61 102 0.037037
63 102 0.037037
73 102 0.037037
77 102 0.037037
80 102 0.037037
82 102 0.037037
84 102 0.037037
87 102 0.037037
88 102 0.037037
113 102 0.037037
114 102 0.037037
116 102 0.037037
117 102 0.037037
121 102 0.037037
141 102 0.037037
143 102 0.037037
145 102 0.037037
149 102 0.037037
155 102 0.037037
163 102 0.037037
13 109 0.058824
27 109 0.058824
31 109 0.058824
40 109 0.058824
43 109 0.058824
48 109 0.058824
74 109 0.058824
82 109 0.058824
85 109 0.058824
97 109 0.058824
111 109 0.058824
131 109 0.058824
145 109 0.058824
153 109 0.058824
155 109 0.058824
160 109 0.058824
164 109 0.058824
14 30 0.04
16 30 0.04
19 30 0.04
21 30 0.04
31 30 0.04
37 30 0.04
38 30 0.04
39 30 0.04
45 30 0.04
47 30 0.04
68 30 0.04
75 30 0.04
82 30 0.04
93 30 0.04
100 30 0.04
104 30 0.04
113 30 0.04
116 30 0.04
126 30 0.04
127 30 0.04
128 30 0.04
129 30 0.04
133 30 0.04
147 30 0.04
166 30 0.04
14 36 0.034483
17 36 0.034483
20 36 0.034483
21 36 0.034483
26 36 0.034483
28 36 0.034483
29 36 0.034483
37 36 0.034483
43 36 0.034483
59 36 0.034483
75 36 0.034483
80 36 0.034483
82 36 0.034483
95 36 0.034483
108 36 0.034483
112 36 0.034483
113 36 0.034483
115 36 0.034483
122 36 0.034483
123 36 0.034483
130 36 0.034483
143 36 0.034483
144 36 0.034483
148 36 0.034483
152 36 0.034483
154 36 0.034483
159 36 0.034483
160 36 0.034483
162 36 0.034483
14 137 0.032258
18 137 0.032258
21 137 0.032258
24 137 0.032258
25 137 0.032258
27 137 0.032258
29 137 0.032258
41 137 0.032258
45 137 0.032258
47 137 0.032258
57 137 0.032258
66 137 0.032258
67 137 0.032258
68 137 0.032258
82 137 0.032258
86 137 0.032258
92 137 0.032258
96 137 0.032258
105 137 0.032258
114 137 0.032258
120 137 0.032258
125 137 0.032258
132 137 0.032258
135 137 0.032258
138 137 0.032258
139 137 0.032258
143 137 0.032258
147 137 0.032258
148 137 0.032258
156 137 0.032258
160 137 0.032258
14 147 0.043478
22 147 0.043478
24 147 0.043478
25 147 0.043478
30 147 0.043478
33 147 0.043478
38 147 0.043478
40 147 0.043478
45 147 0.043478
50 147 0.043478
66 147 0.043478
75 147 0.043478
76 147 0.043478
79 147 0.043478
93 147 0.043478
98 147 0.043478
106 147 0.043478
110 147 0.043478
118 147 0.043478
129 147 0.043478
133 147 0.043478
137 147 0.043478
168 147 0.043478
15 27 0.041667
16 27 0.041667
20 27 0.041667
39 27 0.041667
46 27 0.041667
47 27 0.041667
50 27 0.041667
54 27 0.041667
59 27 0.041667
72 27 0.041667
84 27 0.041667
109 27 0.041667
118 27 0.041667
120 27 0.041667
121 27 0.041667
128 27 0.041667
133 27 0.041667
136 27 0.041667
137 27 0.041667
140 27 0.041667
148 27 0.041667
160 27 0.041667
161 27 0.041667
166 27 0.041667
15 133 0.05
18 133 0.05
27 133 0.05
28 133 0.05
30 133 0.05
39 133 0.05
46 133 0.05
48 133 0.05
69 133 0.05
72 133 0.05
75 133 0.05
85 133 0.05
104 133 0.05
114 133 0.05
119 133 0.05
147 133 0.05
148 133 0.05
158 133 0.05
161 133 0.05
164 133 0.05
16 66 0.038462
22 66 0.038462
24 66 0.038462
35 66 0.038462
43 66 0.038462
50 66 0.038462
60 66 0.038462
64 66 0.038462
71 66 0.038462
72 66 0.038462
77 66 0.038462
82 66 0.038462
91 66 0.038462
93 66 0.038462
94 66 0.038462
99 66 0.038462
106 66 0.038462
112 66 0.038462
116 66 0.038462
131 66 0.038462
137 66 0.038462
140 66 0.038462
147 66 0.038462
151 66 0.038462
152 66 0.038462
153 66 0.038462
17 56 0.035714
19 56 0.035714
21 56 0.035714
26 56 0.035714
28 56 0.035714
40 56 0.035714
41 56 0.035714
49 56 0.035714
50 56 0.035714
54 56 0.035714
58 56 0.035714
63 56 0.035714
68 56 0.035714
76 56 0.035714
80 56 0.035714
82 56 0.035714
85 56 0.035714
90 56 0.035714
110 56 0.035714
124 56 0.035714
125 56 0.035714
132 56 0.035714
135 56 0.035714
141 56 0.035714
145 56 0.035714
146 56 0.035714
160 56 0.035714
163 56 0.035714
17 80 0.052632
18 80 0.052632
33 80 0.052632
36 80 0.052632
50 80 0.052632
55 80 0.052632
56 80 0.052632
57 80 0.052632
61 80 0.052632
65 80 0.052632
67 80 0.052632
88 80 0.052632
100 80 0.052632
102 80 0.052632
116 80 0.052632
142 80 0.052632
144 80 0.052632
161 80 0.052632
164 80 0.052632
17 90 0.043478
18 90 0.043478
26 90 0.043478
28 90 0.043478
38 90 0.043478
46 90 0.043478
52 90 0.043478
56 90 0.043478
61 90 0.043478
65 90 0.043478
69 90 0.043478
78 90 0.043478
87 90 0.043478
95 90 0.043478
118 90 0.043478
119 90 0.043478
125 90 0.043478
146 90 0.043478
150 90 0.043478
152 90 0.043478
153 90 0.043478
156 90 0.043478
167 90 0.043478
19 37 0.041667
23 37 0.041667
28 37 0.041667
30 37 0.041667
35 37 0.041667
36 37 0.041667
43 37 0.041667
49 37 0.041667
50 37 0.041667
53 37 0.041667
54 37 0.041667
75 37 0.041667
78 37 0.041667
79 37 0.041667
81 37 0.041667
92 37 0.041667
93 37 0.041667
102 37 0.041667
103 37 0.041667
119 37 0.041667
132 37 0.041667
140 37 0.041667
141 37 0.041667
161 37 0.041667
19 50 0.04
26 50 0.04
27 50 0.04
28 50 0.04
32 50 0.04
34 50 0.04
37 50 0.04
44 50 0.04
56 50 0.04
63 50 0.04
65 50 0.04
66 50 0.04
72 50 0.04
80 50 0.04
81 50 0.04
91 50 0.04
99 50 0.04
100 50 0.04
108 50 0.04
114 50 0.04
134 50 0.04
138 50 0.04
142 50 0.04
145 50 0.04
147 50 0.04
19 97 0.055556
29 97 0.055556
38 97 0.055556
40 97 0.055556
41 97 0.055556
45 97 0.055556
58 97 0.055556
73 97 0.055556
74 97 0.055556
79 97 0.055556
109 97 0.055556
111 97 0.055556
114 97 0.055556
121 97 0.055556
129 97 0.055556
135 97 0.055556
143 97 0.055556
151 97 0.055556
23 151 0.083333
35 151 0.083333
42 151 0.083333
44 151 0.083333
62 151 0.083333
66 151 0.083333
73 151 0.083333
95 151 0.083333
97 151 0.083333
155 151 0.083333
160 151 0.083333
164 151 0.083333
27 140 0.045455
32 140 0.045455
34 140 0.045455
35 140 0.045455
37 140 0.045455
44 140 0.045455
51 140 0.045455
60 140 0.045455
62 140 0.045455
66 140 0.045455
82 140 0.045455
84 140 0.045455
99 140 0.045455
101 140 0.045455
108 140 0.045455
116 140 0.045455
119 140 0.045455
126 140 0.045455
127 140 0.045455
143 140 0.045455
154 140 0.045455
168 140 0.045455
31 40 0.030303
32 40 0.030303
38 40 0.030303
48 40 0.030303
49 40 0.030303
52 40 0.030303
56 40 0.030303
57 40 0.030303
60 40 0.030303
64 40 0.030303
70 40 0.030303
71 40 0.030303
77 40 0.030303
81 40 0.030303
83 40 0.030303
92 40 0.030303
97 40 0.030303
100 40 0.030303
109 40 0.030303
110 40 0.030303
111 40 0.030303
112 40 0.030303
113 40 0.030303
114 40 0.030303
118 40 0.030303
121 40 0.030303
144 40 0.030303
145 40 0.030303
146 40 0.030303
147 40 0.030303
148 40 0.030303
158 40 0.030303
164 40 0.030303
40 77 0.045455
41 77 0.045455
42 77 0.045455
45 77 0.045455
46 77 0.045455
55 77 0.045455
59 77 0.045455
60 77 0.045455
66 77 0.045455
67 77 0.045455
70 77 0.045455
73 77 0.045455
85 77 0.045455
88 77 0.045455
95 77 0.045455
102 77 0.045455
104 77 0.045455
118 77 0.045455
143 77 0.045455
145 77 0.045455
149 77 0.045455
168 77 0.045455
4 0 0.041667
10 0 0.041667
12 0 0.041667
13 0 0.041667
15 0 0.041667
16 0 0.041667
32 0 0.041667
43 0 0.041667
48 0 0.041667
49 0 0.041667
53 0 0.041667
65 0 0.041667
68 0 0.041667
73 0 0.041667
94 0 0.041667
106 0 0.041667
112 0 0.041667
118 0 0.041667
119 0 0.041667
131 0 0.041667
142 0 0.041667
143 0 0.041667
148 0 0.041667
161 0 0.041667
6 1 0.052632
9 1 0.052632
15 1 0.052632
18 1 0.052632
44 1 0.052632
92 1 0.052632
108 1 0.052632
112 1 0.052632
114 1 0.052632
127 1 0.052632
128 1 0.052632
141 1 0.052632
143 1 0.052632
146 1 0.052632
155 1 0.052632
156 1 0.052632
157 1 0.052632
158 1 0.052632
161 1 0.052632
17 2 0.045455
19 2 0.045455
23 2 0.045455
39 2 0.045455
43 2 0.045455
47 2 0.045455
52 2 0.045455
54 2 0.045455
57 2 0.045455
58 2 0.045455
62 2 0.045455
65 2 0.045455
73 2 0.045455
82 2 0.045455
105 2 0.045455
115 2 0.045455
116 2 0.045455
129 2 0.045455
130 2 0.045455
134 2 0.045455
145 2 0.045455
161 2 0.045455
13 3 0.045455
14 3 0.045455
16 3 0.045455
24 3 0.045455
26 3 0.045455
32 3 0.045455
54 3 0.045455
68 3 0.045455
69 3 0.045455
70 3 0.045455
76 3 0.045455
81 3 0.045455
83 3 0.045455
106 3 0.045455
124 3 0.045455
132 3 0.045455
139 3 0.045455
153 3 0.045455
157 3 0.045455
159 3 0.045455
160 3 0.045455
161 3 0.045455
