0 6 0.043478
1 6 0.043478
3 6 0.043478
7 6 0.043478
28 6 0.043478
31 6 0.043478
42 6 0.043478
50 6 0.043478
52 6 0.043478
65 6 0.043478
72 6 0.043478
75 6 0.043478
77 6 0.043478
82 6 0.043478
93 6 0.043478
98 6 0.043478
113 6 0.043478
119 6 0.043478
122 6 0.043478
127 6 0.043478
129 6 0.043478
133 6 0.043478
138 6 0.043478
0 10 0.033333
14 10 0.033333
21 10 0.033333
23 10 0.033333
24 10 0.033333
25 10 0.033333
28 10 0.033333
33 10 0.033333
40 10 0.033333
45 10 0.033333
49 10 0.033333
55 10 0.033333
64 10 0.033333
67 10 0.033333
70 10 0.033333
80 10 0.033333
82 10 0.033333
85 10 0.033333
91 10 0.033333
98 10 0.033333
108 10 0.033333
109 10 0.033333
113 10 0.033333
118 10 0.033333
122 10 0.033333
128 10 0.033333
129 10 0.033333
130 10 0.033333
136 10 0.033333
137 10 0.033333
0 13 0.041667
16 13 0.041667
18 13 0.041667
29 13 0.041667
30 13 0.041667
37 13 0.041667
38 13 0.041667
43 13 0.041667
49 13 0.041667
53 13 0.041667
73 13 0.041667
74 13 0.041667
76 13 0.041667
82 13 0.041667
89 13 0.041667
90 13 0.041667
91 13 0.041667
104 13 0.041667
111 13 0.041667
116 13 0.041667
123 13 0.041667
127 13 0.041667
130 13 0.041667
144 13 0.041667
0 15 0.05
1 15 0.05
4 15 0.05
31 15 0.05
35 15 0.05
37 15 0.05
40 15 0.05
43 15 0.05
49 15 0.05
51 15 0.05
56 15 0.05
82 15 0.05
94 15 0.05
99 15 0.05
111 15 0.05
113 15 0.05
117 15 0.05
118 15 0.05
133 15 0.05
147 15 0.05
0 28 0.038462
3 28 0.038462
6 28 0.038462
10 28 0.038462
18 28 0.038462
38 28 0.038462
39 28 0.038462
45 28 0.038462
64 28 0.038462
72 28 0.038462
74 28 0.038462
77 28 0.038462
84 28 0.038462
92 28 0.038462
95 28 0.038462
107 28 0.038462
109 28 0.038462
126 28 0.038462
127 28 0.038462
130 28 0.038462
131 28 0.038462
132 28 0.038462
134 28 0.038462
136 28 0.038462
142 28 0.038462
144 28 0.038462
0 52 0.045455
2 52 0.045455
6 52 0.045455
14 52 0.045455
21 52 0.045455
24 52 0.045455
26 52 0.045455
29 52 0.045455
34 52 0.045455
59 52 0.045455
62 52 0.045455
66 52 0.045455
73 52 0.045455
84 52 0.045455
85 52 0.045455
105 52 0.045455
108 52 0.045455
109 52 0.045455
112 52 0.045455
126 52 0.045455
142 52 0.045455
144 52 0.045455
0 61 0.052632
1 61 0.052632
11 61 0.052632
16 61 0.052632
24 61 0.052632
33 61 0.052632
41 61 0.052632
49 61 0.052632
60 61 0.052632
66 61 0.052632
72 61 0.052632
80 61 0.052632
85 61 0.052632
86 61 0.052632
95 61 0.052632
111 61 0.052632
114 61 0.052632
118 61 0.052632
148 61 0.052632
0 70 0.034483
5 70 0.034483
8 70 0.034483
10 70 0.034483
19 70 0.034483
20 70 0.034483
21 70 0.034483
23 70 0.034483
31 70 0.034483
54 70 0.034483
68 70 0.034483
71 70 0.034483
77 70 0.034483
81 70 0.034483
83 70 0.034483
84 70 0.034483
85 70 0.034483
86 70 0.034483
88 70 0.034483
93 70 0.034483
101 70 0.034483
107 70 0.034483
110 70 0.034483
118 70 0.034483
122 70 0.034483
123 70 0.034483
128 70 0.034483
140 70 0.034483
146 70 0.034483
0 84 0.0625
4 84 0.0625
14 84 0.0625
18 84 0.0625
25 84 0.0625
26 84 0.0625
28 84 0.0625
52 84 0.0625
67 84 0.0625
70 84 0.0625
105 84 0.0625
106 84 0.0625
110 84 0.0625
117 84 0.0625
132 84 0.0625
135 84 0.0625
0 96 0.043478
1 96 0.043478
3 96 0.043478
9 96 0.043478
26 96 0.043478
27 96 0.043478
29 96 0.043478
37 96 0.043478
41 96 0.043478
54 96 0.043478
57 96 0.043478
58 96 0.043478
87 96 0.043478
99 96 0.043478
103 96 0.043478
104 96 0.043478
106 96 0.043478
109 96 0.043478
111 96 0.043478
118 96 0.043478
145 96 0.043478
146 96 0.043478
148 96 0.043478
0 101 0.04
2 101 0.04
8 101 0.04
18 101 0.04
27 101 0.04
30 101 0.04
31 101 0.04
33 101 0.04
48 101 0.04
49 101 0.04
51 101 0.04
57 101 0.04
59 101 0.04
65 101 0.04
70 101 0.04
76 101 0.04
85 101 0.04
89 101 0.04
105 101 0.04
107 101 0.04
112 101 0.04
124 101 0.04
134 101 0.04
145 101 0.04
146 101 0.04
0 107 0.055556
3 107 0.055556
4 107 0.055556
18 107 0.055556
19 107 0.055556
28 107 0.055556
38 107 0.055556
50 107 0.055556
56 107 0.055556
70 107 0.055556
74 107 0.055556
88 107 0.055556
89 107 0.055556
92 107 0.055556
101 107 0.055556
130 107 0.055556
132 107 0.055556
145 107 0.055556
0 127 0.041667
6 127 0.041667
8 127 0.041667
13 127 0.041667
21 127 0.041667
23 127 0.041667
24 127 0.041667
26 127 0.041667
28 127 0.041667
39 127 0.041667
42 127 0.041667
51 127 0.041667
54 127 0.041667
63 127 0.041667
69 127 0.041667
77 127 0.041667
80 127 0.041667
82 127 0.041667
100 127 0.041667
103 127 0.041667
117 127 0.041667
128 127 0.041667
132 127 0.041667
133 127 0.041667
0 128 0.033333
2 128 0.033333
7 128 0.033333
10 128 0.033333
12 128 0.033333
19 128 0.033333
24 128 0.033333
25 128 0.033333
41 128 0.033333
45 128 0.033333
51 128 0.033333
57 128 0.033333
70 128 0.033333
73 128 0.033333
76 128 0.033333
79 128 0.033333
80 128 0.033333
88 128 0.033333
90 128 0.033333
92 128 0.033333
94 128 0.033333
97 128 0.033333
105 128 0.033333
112 128 0.033333
116 128 0.033333
117 128 0.033333
124 128 0.033333
125 128 0.033333
127 128 0.033333
140 128 0.033333
0 130 0.0625
2 130 0.0625
10 130 0.0625
13 130 0.0625
28 130 0.0625
30 130 0.0625
35 130 0.0625
40 130 0.0625
46 130 0.0625
51 130 0.0625
71 130 0.0625
83 130 0.0625
86 130 0.0625
98 130 0.0625
106 130 0.0625
107 130 0.0625
0 136 0.055556
10 136 0.055556
19 136 0.055556
21 136 0.055556
28 136 0.055556
33 136 0.055556
69 136 0.055556
74 136 0.055556
90 136 0.055556
92 136 0.055556
95 136 0.055556
112 136 0.055556
113 136 0.055556
118 136 0.055556
126 136 0.055556
133 136 0.055556
138 136 0.055556
147 136 0.055556
0 141 0.052632
4 141 0.052632
8 141 0.052632
20 141 0.052632
21 141 0.052632
27 141 0.052632
30 141 0.052632
47 141 0.052632
55 141 0.052632
57 141 0.052632
60 141 0.052632
71 141 0.052632
95 141 0.052632
97 141 0.052632
102 141 0.052632
106 141 0.052632
118 141 0.052632
121 141 0.052632
142 141 0.052632
1 5 0.041667
2 5 0.041667
9 5 0.041667
14 5 0.041667
25 5 0.041667
30 5 0.041667
34 5 0.041667
36 5 0.041667
40 5 0.041667
51 5 0.041667
64 5 0.041667
68 5 0.041667
69 5 0.041667
70 5 0.041667
81 5 0.041667
85 5 0.041667
88 5 0.041667
89 5 0.041667
93 5 0.041667
114 5 0.041667
123 5 0.041667
125 5 0.041667
135 5 0.041667
142 5 0.041667
1 17 0.066667
21 17 0.066667
25 17 0.066667
38 17 0.066667
57 17 0.066667
71 17 0.066667
73 17 0.066667
93 17 0.066667
97 17 0.066667
103 17 0.066667
111 17 0.066667
115 17 0.066667
120 17 0.066667
139 17 0.066667
142 17 0.066667
1 18 0.043478
3 18 0.043478
13 18 0.043478
28 18 0.043478
42 18 0.043478
45 18 0.043478
48 18 0.043478
59 18 0.043478
77 18 0.043478
82 18 0.043478
84 18 0.043478
93 18 0.043478
101 18 0.043478
103 18 0.043478
105 18 0.043478
107 18 0.043478
111 18 0.043478
113 18 0.043478
118 18 0.043478
121 18 0.043478
123 18 0.043478
137 18 0.043478
148 18 0.043478
1 27 0.035714
4 27 0.035714
7 27 0.035714
14 27 0.035714
16 27 0.035714
19 27 0.035714
25 27 0.035714
26 27 0.035714
31 27 0.035714
38 27 0.035714
47 27 0.035714
50 27 0.035714
53 27 0.035714
56 27 0.035714
65 27 0.035714
72 27 0.035714
83 27 0.035714
94 27 0.035714
96 27 0.035714
101 27 0.035714
104 27 0.035714
117 27 0.035714
124 27 0.035714
131 27 0.035714
134 27 0.035714
141 27 0.035714
142 27 0.035714
146 27 0.035714
1 58 0.052632
2 58 0.052632
32 58 0.052632
47 58 0.052632
56 58 0.052632
71 58 0.052632
77 58 0.052632
81 58 0.052632
90 58 0.052632
94 58 0.052632
95 58 0.052632
96 58 0.052632
116 58 0.052632
119 58 0.052632
120 58 0.052632
122 58 0.052632
135 58 0.052632
140 58 0.052632
148 58 0.052632
1 66 0.037037
3 66 0.037037
9 66 0.037037
11 66 0.037037
19 66 0.037037
20 66 0.037037
35 66 0.037037
37 66 0.037037
42 66 0.037037
43 66 0.037037
49 66 0.037037
52 66 0.037037
55 66 0.037037
56 66 0.037037
61 66 0.037037
63 66 0.037037
69 66 0.037037
74 66 0.037037
83 66 0.037037
87 66 0.037037
91 66 0.037037
112 66 0.037037
115 66 0.037037
121 66 0.037037
122 66 0.037037
132 66 0.037037
133 66 0.037037
1 72 0.04
6 72 0.04
7 72 0.04
23 72 0.04
27 72 0.04
28 72 0.04
30 72 0.04
38 72 0.04
40 72 0.04
48 72 0.04
53 72 0.04
55 72 0.04
57 72 0.04
61 72 0.04
68 72 0.04
80 72 0.04
81 72 0.04
86 72 0.04
89 72 0.04
106 72 0.04
117 72 0.04
129 72 0.04
131 72 0.04
133 72 0.04
134 72 0.04
1 82 0.03125
3 82 0.03125
6 82 0.03125
7 82 0.03125
10 82 0.03125
12 82 0.03125
13 82 0.03125
15 82 0.03125
16 82 0.03125
18 82 0.03125
24 82 0.03125
25 82 0.03125
31 82 0.03125
32 82 0.03125
36 82 0.03125
40 82 0.03125
47 82 0.03125
51 82 0.03125
67 82 0.03125
80 82 0.03125
83 82 0.03125
86 82 0.03125
92 82 0.03125
97 82 0.03125
98 82 0.03125
99 82 0.03125
100 82 0.03125
105 82 0.03125
120 82 0.03125
127 82 0.03125
135 82 0.03125
148 82 0.03125
1 86 0.04
31 86 0.04
40 86 0.04
41 86 0.04
43 86 0.04
56 86 0.04
61 86 0.04
62 86 0.04
64 86 0.04
69 86 0.04
70 86 0.04
72 86 0.04
82 86 0.04
88 86 0.04
89 86 0.04
90 86 0.04
94 86 0.04
99 86 0.04
114 86 0.04
115 86 0.04
123 86 0.04
129 86 0.04
130 86 0.04
135 86 0.04
140 86 0.04
1 94 0.035714
3 94 0.035714
12 94 0.035714
15 94 0.035714
24 94 0.035714
27 94 0.035714
36 94 0.035714
38 94 0.035714
39 94 0.035714
44 94 0.035714
47 94 0.035714
48 94 0.035714
49 94 0.035714
53 94 0.035714
55 94 0.035714
58 94 0.035714
65 94 0.035714
79 94 0.035714
86 94 0.035714
95 94 0.035714
98 94 0.035714
103 94 0.035714
106 94 0.035714
111 94 0.035714
117 94 0.035714
120 94 0.035714
128 94 0.035714
147 94 0.035714
1 106 0.033333
3 106 0.033333
16 106 0.033333
21 106 0.033333
30 106 0.033333
35 106 0.033333
40 106 0.033333
48 106 0.033333
59 106 0.033333
60 106 0.033333
72 106 0.033333
73 106 0.033333
75 106 0.033333
76 106 0.033333
81 106 0.033333
84 106 0.033333
85 106 0.033333
88 106 0.033333
94 106 0.033333
95 106 0.033333
96 106 0.033333
100 106 0.033333
116 106 0.033333
119 106 0.033333
130 106 0.033333
132 106 0.033333
138 106 0.033333
141 106 0.033333
147 106 0.033333
148 106 0.033333
1 112 0.0625
4 112 0.0625
12 112 0.0625
23 112 0.0625
52 112 0.0625
66 112 0.0625
68 112 0.0625
80 112 0.0625
87 112 0.0625
99 112 0.0625
101 112 0.0625
111 112 0.0625
118 112 0.0625
126 112 0.0625
128 112 0.0625
136 112 0.0625
1 122 0.047619
4 122 0.047619
6 122 0.047619
10 122 0.047619
11 122 0.047619
21 122 0.047619
24 122 0.047619
32 122 0.047619
43 122 0.047619
47 122 0.047619
56 122 0.047619
58 122 0.047619
63 122 0.047619
66 122 0.047619
68 122 0.047619
69 122 0.047619
70 122 0.047619
83 122 0.047619
91 122 0.047619
109 122 0.047619
110 122 0.047619
1 140 0.045455
3 140 0.045455
22 140 0.045455
26 140 0.045455
31 140 0.045455
32 140 0.045455
35 140 0.045455
53 140 0.045455
57 140 0.045455
58 140 0.045455
60 140 0.045455
70 140 0.045455
74 140 0.045455
86 140 0.045455
95 140 0.045455
100 140 0.045455
108 140 0.045455
113 140 0.045455
124 140 0.045455
128 140 0.045455
139 140 0.045455
147 140 0.045455
1 142 0.037037
3 142 0.037037
5 142 0.037037
8 142 0.037037
12 142 0.037037
14 142 0.037037
17 142 0.037037
27 142 0.037037
28 142 0.037037
33 142 0.037037
40 142 0.037037
42 142 0.037037
52 142 0.037037
54 142 0.037037
59 142 0.037037
62 142 0.037037
79 142 0.037037
90 142 0.037037
99 142 0.037037
113 142 0.037037
114 142 0.037037
116 142 0.037037
119 142 0.037037
121 142 0.037037
126 142 0.037037
141 142 0.037037
145 142 0.037037
1 143 0.083333
8 143 0.083333
23 143 0.083333
26 143 0.083333
40 143 0.083333
59 143 0.083333
109 143 0.083333
110 143 0.083333
116 143 0.083333
137 143 0.083333
145 143 0.083333
148 143 0.083333
2 39 0.043478
11 39 0.043478
23 39 0.043478
25 39 0.043478
28 39 0.043478
29 39 0.043478
35 39 0.043478
47 39 0.043478
54 39 0.043478
55 39 0.043478
60 39 0.043478
65 39 0.043478
75 39 0.043478
81 39 0.043478
90 39 0.043478
92 39 0.043478
94 39 0.043478
103 39 0.043478
125 39 0.043478
127 39 0.043478
133 39 0.043478
144 39 0.043478
145 39 0.043478
2 41 0.043478
12 41 0.043478
14 41 0.043478
19 41 0.043478
25 41 0.043478
61 41 0.043478
63 41 0.043478
69 41 0.043478
78 41 0.043478
85 41 0.043478
86 41 0.043478
87 41 0.043478
90 41 0.043478
91 41 0.043478
96 41 0.043478
99 41 0.043478
102 41 0.043478
119 41 0.043478
123 41 0.043478
128 41 0.043478
129 41 0.043478
133 41 0.043478
137 41 0.043478
2 54 0.052632
9 54 0.052632
14 54 0.052632
39 54 0.052632
40 54 0.052632
43 54 0.052632
51 54 0.052632
53 54 0.052632
56 54 0.052632
62 54 0.052632
70 54 0.052632
76 54 0.052632
80 54 0.052632
90 54 0.052632
96 54 0.052632
117 54 0.052632
127 54 0.052632
142 54 0.052632
146 54 0.052632
2 57 0.041667
4 57 0.041667
8 57 0.041667
17 57 0.041667
30 57 0.041667
33 57 0.041667
34 57 0.041667
35 57 0.041667
40 57 0.041667
42 57 0.041667
64 57 0.041667
65 57 0.041667
72 57 0.041667
75 57 0.041667
77 57 0.041667
78 57 0.041667
90 57 0.041667
96 57 0.041667
101 57 0.041667
128 57 0.041667
140 57 0.041667
141 57 0.041667
144 57 0.041667
148 57 0.041667
2 64 0.05
5 64 0.05
10 64 0.05
14 64 0.05
20 64 0.05
25 64 0.05
28 64 0.05
33 64 0.05
57 64 0.05
75 64 0.05
77 64 0.05
83 64 0.05
86 64 0.05
91 64 0.05
97 64 0.05
109 64 0.05
110 64 0.05
123 64 0.05
134 64 0.05
139 64 0.05
2 91 0.045455
9 91 0.045455
10 91 0.045455
12 91 0.045455
13 91 0.045455
19 91 0.045455
31 91 0.045455
34 91 0.045455
38 91 0.045455
41 91 0.045455
56 91 0.045455
63 91 0.045455
64 91 0.045455
66 91 0.045455
78 91 0.045455
97 91 0.045455
98 91 0.045455
103 91 0.045455
114 91 0.045455
115 91 0.045455
122 91 0.045455
133 91 0.045455
2 100 0.041667
11 100 0.041667
14 100 0.041667
16 100 0.041667
19 100 0.041667
33 100 0.041667
44 100 0.041667
50 100 0.041667
55 100 0.041667
59 100 0.041667
60 100 0.041667
63 100 0.041667
68 100 0.041667
82 100 0.041667
87 100 0.041667
88 100 0.041667
93 100 0.041667
95 100 0.041667
106 100 0.041667
126 100 0.041667
127 100 0.041667
138 100 0.041667
140 100 0.041667
144 100 0.041667
2 110 0.034483
3 110 0.034483
19 110 0.034483
26 110 0.034483
31 110 0.034483
32 110 0.034483
38 110 0.034483
46 110 0.034483
50 110 0.034483
55 110 0.034483
62 110 0.034483
64 110 0.034483
69 110 0.034483
70 110 0.034483
75 110 0.034483
80 110 0.034483
84 110 0.034483
85 110 0.034483
95 110 0.034483
103 110 0.034483
104 110 0.034483
116 110 0.034483
122 110 0.034483
125 110 0.034483
132 110 0.034483
134 110 0.034483
139 110 0.034483
143 110 0.034483
144 110 0.034483
2 113 0.035714
3 113 0.035714
6 113 0.035714
10 113 0.035714
11 113 0.035714
15 113 0.035714
18 113 0.035714
24 113 0.035714
34 113 0.035714
42 113 0.035714
43 113 0.035714
63 113 0.035714
65 113 0.035714
67 113 0.035714
69 113 0.035714
75 113 0.035714
77 113 0.035714
79 113 0.035714
88 113 0.035714
95 113 0.035714
111 113 0.035714
116 113 0.035714
121 113 0.035714
132 113 0.035714
136 113 0.035714
139 113 0.035714
140 113 0.035714
142 113 0.035714
2 119 0.05
6 119 0.05
11 119 0.05
22 119 0.05
41 119 0.05
47 119 0.05
50 119 0.05
53 119 0.05
58 119 0.05
63 119 0.05
68 119 0.05
76 119 0.05
92 119 0.05
106 119 0.05
111 119 0.05
129 119 0.05
133 119 0.05
134 119 0.05
142 119 0.05
148 119 0.05
2 129 0.038462
6 129 0.038462
10 129 0.038462
19 129 0.038462
26 129 0.038462
30 129 0.038462
33 129 0.038462
41 129 0.038462
44 129 0.038462
48 129 0.038462
55 129 0.038462
60 129 0.038462
62 129 0.038462
65 129 0.038462
71 129 0.038462
72 129 0.038462
76 129 0.038462
77 129 0.038462
80 129 0.038462
81 129 0.038462
86 129 0.038462
102 129 0.038462
119 129 0.038462
135 129 0.038462
145 129 0.038462
146 129 0.038462
2 145 0.041667
12 145 0.041667
24 145 0.041667
35 145 0.041667
39 145 0.041667
43 145 0.041667
45 145 0.041667
50 145 0.041667
53 145 0.041667
56 145 0.041667
73 145 0.041667
78 145 0.041667
79 145 0.041667
81 145 0.041667
96 145 0.041667
101 145 0.041667
102 145 0.041667
107 145 0.041667
129 145 0.041667
134 145 0.041667
137 145 0.041667
139 145 0.041667
142 145 0.041667
143 145 0.041667
2 146 0.04
11 146 0.04
12 146 0.04
21 146 0.04
24 146 0.04
26 146 0.04
27 146 0.04
36 146 0.04
37 146 0.04
45 146 0.04
48 146 0.04
51 146 0.04
54 146 0.04
67 146 0.04
70 146 0.04
77 146 0.04
90 146 0.04
93 146 0.04
95 146 0.04
96 146 0.04
97 146 0.04
101 146 0.04
129 146 0.04
133 146 0.04
147 146 0.04
3 11 0.03125
19 11 0.03125
30 11 0.03125
32 11 0.03125
39 11 0.03125
47 11 0.03125
50 11 0.03125
53 11 0.03125
60 11 0.03125
61 11 0.03125
66 11 0.03125
67 11 0.03125
68 11 0.03125
74 11 0.03125
80 11 0.03125
87 11 0.03125
92 11 0.03125
95 11 0.03125
100 11 0.03125
109 11 0.03125
113 11 0.03125
118 11 0.03125
119 11 0.03125
122 11 0.03125
123 11 0.03125
126 11 0.03125
132 11 0.03125
133 11 0.03125
134 11 0.03125
138 11 0.03125
146 11 0.03125
148 11 0.03125
3 12 0.055556
4 12 0.055556
7 12 0.055556
29 12 0.055556
41 12 0.055556
82 12 0.055556
91 12 0.055556
93 12 0.055556
94 12 0.055556
95 12 0.055556
103 12 0.055556
104 12 0.055556
105 12 0.055556
112 12 0.055556
128 12 0.055556
142 12 0.055556
145 12 0.055556
146 12 0.055556
3 19 0.04
11 19 0.04
22 19 0.04
27 19 0.04
36 19 0.04
37 19 0.04
41 19 0.04
47 19 0.04
48 19 0.04
60 19 0.04
62 19 0.04
66 19 0.04
70 19 0.04
75 19 0.04
88 19 0.04
89 19 0.04
91 19 0.04
92 19 0.04
100 19 0.04
107 19 0.04
110 19 0.04
111 19 0.04
128 19 0.04
129 19 0.04
136 19 0.04
3 21 0.034483
8 21 0.034483
10 21 0.034483
14 21 0.034483
17 21 0.034483
20 21 0.034483
30 21 0.034483
35 21 0.034483
50 21 0.034483
52 21 0.034483
55 21 0.034483
63 21 0.034483
67 21 0.034483
70 21 0.034483
71 21 0.034483
75 21 0.034483
85 21 0.034483
87 21 0.034483
88 21 0.034483
105 21 0.034483
106 21 0.034483
116 21 0.034483
122 21 0.034483
124 21 0.034483
127 21 0.034483
136 21 0.034483
141 21 0.034483
146 21 0.034483
148 21 0.034483
3 31 0.038462
6 31 0.038462
15 31 0.038462
23 31 0.038462
24 31 0.038462
27 31 0.038462
30 31 0.038462
53 31 0.038462
55 31 0.038462
68 31 0.038462
70 31 0.038462
75 31 0.038462
82 31 0.038462
86 31 0.038462
91 31 0.038462
95 31 0.038462
101 31 0.038462
104 31 0.038462
110 31 0.038462
114 31 0.038462
115 31 0.038462
117 31 0.038462
123 31 0.038462
132 31 0.038462
139 31 0.038462
140 31 0.038462
3 32 0.041667
4 32 0.041667
11 32 0.041667
38 32 0.041667
45 32 0.041667
58 32 0.041667
62 32 0.041667
69 32 0.041667
82 32 0.041667
89 32 0.041667
98 32 0.041667
99 32 0.041667
110 32 0.041667
111 32 0.041667
121 32 0.041667
122 32 0.041667
124 32 0.041667
125 32 0.041667
131 32 0.041667
132 32 0.041667
133 32 0.041667
138 32 0.041667
140 32 0.041667
148 32 0.041667
3 33 0.041667
10 33 0.041667
16 33 0.041667
20 33 0.041667
25 33 0.041667
29 33 0.041667
53 33 0.041667
57 33 0.041667
61 33 0.041667
63 33 0.041667
64 33 0.041667
75 33 0.041667
87 33 0.041667
100 33 0.041667
101 33 0.041667
118 33 0.041667
125 33 0.041667
129 33 0.041667
132 33 0.041667
135 33 0.041667
136 33 0.041667
137 33 0.041667
142 33 0.041667
148 33 0.041667
3 34 0.04
4 34 0.04
5 34 0.04
23 34 0.04
26 34 0.04
44 34 0.04
48 34 0.04
52 34 0.04
57 34 0.04
60 34 0.04
63 34 0.04
71 34 0.04
75 34 0.04
76 34 0.04
80 34 0.04
81 34 0.04
91 34 0.04
99 34 0.04
103 34 0.04
105 34 0.04
113 34 0.04
118 34 0.04
123 34 0.04
125 34 0.04
139 34 0.04
3 51 0.047619
5 51 0.047619
8 51 0.047619
15 51 0.047619
38 51 0.047619
43 51 0.047619
54 51 0.047619
68 51 0.047619
82 51 0.047619
87 51 0.047619
90 51 0.047619
98 51 0.047619
101 51 0.047619
108 51 0.047619
124 51 0.047619
126 51 0.047619
127 51 0.047619
128 51 0.047619
130 51 0.047619
135 51 0.047619
146 51 0.047619
3 55 0.045455
10 55 0.045455
21 55 0.045455
31 55 0.045455
39 55 0.045455
43 55 0.045455
48 55 0.045455
53 55 0.045455
66 55 0.045455
72 55 0.045455
78 55 0.045455
87 55 0.045455
94 55 0.045455
95 55 0.045455
98 55 0.045455
100 55 0.045455
110 55 0.045455
116 55 0.045455
129 55 0.045455
132 55 0.045455
141 55 0.045455
144 55 0.045455
3 73 0.052632
13 73 0.052632
17 73 0.052632
38 73 0.052632
48 73 0.052632
50 73 0.052632
52 73 0.052632
60 73 0.052632
68 73 0.052632
79 73 0.052632
83 73 0.052632
103 73 0.052632
104 73 0.052632
106 73 0.052632
109 73 0.052632
114 73 0.052632
117 73 0.052632
128 73 0.052632
145 73 0.052632
3 74 0.043478
4 74 0.043478
11 74 0.043478
13 74 0.043478
28 74 0.043478
36 74 0.043478
46 74 0.043478
47 74 0.043478
56 74 0.043478
59 74 0.043478
66 74 0.043478
88 74 0.043478
93 74 0.043478
104 74 0.043478
107 74 0.043478
111 74 0.043478
116 74 0.043478
121 74 0.043478
126 74 0.043478
132 74 0.043478
133 74 0.043478
136 74 0.043478
140 74 0.043478
3 77 0.045455
6 77 0.045455
18 77 0.045455
28 77 0.045455
37 77 0.045455
38 77 0.045455
42 77 0.045455
44 77 0.045455
57 77 0.045455
58 77 0.045455
59 77 0.045455
63 77 0.045455
64 77 0.045455
69 77 0.045455
70 77 0.045455
79 77 0.045455
104 77 0.045455
113 77 0.045455
127 77 0.045455
129 77 0.045455
146 77 0.045455
148 77 0.045455
3 83 0.055556
9 83 0.055556
27 83 0.055556
30 83 0.055556
36 83 0.055556
43 83 0.055556
60 83 0.055556
64 83 0.055556
66 83 0.055556
70 83 0.055556
73 83 0.055556
79 83 0.055556
82 83 0.055556
93 83 0.055556
102 83 0.055556
109 83 0.055556
122 83 0.055556
130 83 0.055556
3 92 0.035714
7 92 0.035714
11 92 0.035714
14 92 0.035714
19 92 0.035714
20 92 0.035714
25 92 0.035714
28 92 0.035714
39 92 0.035714
42 92 0.035714
49 92 0.035714
56 92 0.035714
59 92 0.035714
63 92 0.035714
79 92 0.035714
82 92 0.035714
87 92 0.035714
98 92 0.035714
107 92 0.035714
118 92 0.035714
119 92 0.035714
120 92 0.035714
121 92 0.035714
128 92 0.035714
133 92 0.035714
136 92 0.035714
139 92 0.035714
147 92 0.035714
3 99 0.052632
8 99 0.052632
15 99 0.052632
32 99 0.052632
34 99 0.052632
41 99 0.052632
69 99 0.052632
80 99 0.052632
82 99 0.052632
85 99 0.052632
86 99 0.052632
90 99 0.052632
96 99 0.052632
105 99 0.052632
108 99 0.052632
112 99 0.052632
115 99 0.052632
118 99 0.052632
142 99 0.052632
3 134 0.058824
11 134 0.058824
14 134 0.058824
23 134 0.058824
26 134 0.058824
27 134 0.058824
28 134 0.058824
46 134 0.058824
64 134 0.058824
72 134 0.058824
78 134 0.058824
97 134 0.058824
101 134 0.058824
109 134 0.058824
110 134 0.058824
119 134 0.058824
145 134 0.058824
3 135 0.045455
5 135 0.045455
14 135 0.045455
33 135 0.045455
36 135 0.045455
50 135 0.045455
51 135 0.045455
58 135 0.045455
71 135 0.045455
75 135 0.045455
76 135 0.045455
79 135 0.045455
82 135 0.045455
84 135 0.045455
85 135 0.045455
86 135 0.045455
93 135 0.045455
97 135 0.045455
102 135 0.045455
124 135 0.045455
129 135 0.045455
133 135 0.045455
3 148 0.037037
11 148 0.037037
14 148 0.037037
18 148 0.037037
21 148 0.037037
32 148 0.037037
33 148 0.037037
44 148 0.037037
45 148 0.037037
48 148 0.037037
49 148 0.037037
57 148 0.037037
58 148 0.037037
60 148 0.037037
61 148 0.037037
76 148 0.037037
77 148 0.037037
81 148 0.037037
82 148 0.037037
85 148 0.037037
96 148 0.037037
98 148 0.037037
106 148 0.037037
119 148 0.037037
138 148 0.037037
143 148 0.037037
147 148 0.037037
4 16 0.052632
13 16 0.052632
23 16 0.052632
27 16 0.052632
33 16 0.052632
38 16 0.052632
42 16 0.052632
48 16 0.052632
53 16 0.052632
61 16 0.052632
65 16 0.052632
68 16 0.052632
80 16 0.052632
82 16 0.052632
85 16 0.052632
100 16 0.052632
106 16 0.052632
121 16 0.052632
144 16 0.052632
4 36 0.05
5 36 0.05
9 36 0.05
19 36 0.05
44 36 0.05
60 36 0.05
65 36 0.05
74 36 0.05
76 36 0.05
82 36 0.05
83 36 0.05
85 36 0.05
89 36 0.05
94 36 0.05
109 36 0.05
117 36 0.05
131 36 0.05
135 36 0.05
144 36 0.05
146 36 0.05
4 44 0.04
14 44 0.04
34 44 0.04
36 44 0.04
38 44 0.04
40 44 0.04
48 44 0.04
49 44 0.04
68 44 0.04
75 44 0.04
77 44 0.04
80 44 0.04
89 44 0.04
90 44 0.04
94 44 0.04
98 44 0.04
100 44 0.04
121 44 0.04
123 44 0.04
124 44 0.04
129 44 0.04
132 44 0.04
138 44 0.04
139 44 0.04
148 44 0.04
4 50 0.047619
6 50 0.047619
11 50 0.047619
21 50 0.047619
27 50 0.047619
43 50 0.047619
46 50 0.047619
69 50 0.047619
73 50 0.047619
76 50 0.047619
81 50 0.047619
95 50 0.047619
98 50 0.047619
100 50 0.047619
107 50 0.047619
110 50 0.047619
119 50 0.047619
120 50 0.047619
133 50 0.047619
135 50 0.047619
145 50 0.047619
4 56 0.045455
15 56 0.045455
27 56 0.045455
40 56 0.045455
54 56 0.045455
58 56 0.045455
59 56 0.045455
65 56 0.045455
66 56 0.045455
74 56 0.045455
75 56 0.045455
85 56 0.045455
86 56 0.045455
87 56 0.045455
88 56 0.045455
91 56 0.045455
92 56 0.045455
107 56 0.045455
108 56 0.045455
122 56 0.045455
139 56 0.045455
145 56 0.045455
4 68 0.05
5 68 0.05
11 68 0.05
16 68 0.05
31 68 0.05
37 68 0.05
42 68 0.05
43 68 0.05
44 68 0.05
51 68 0.05
70 68 0.05
71 68 0.05
72 68 0.05
73 68 0.05
89 68 0.05
100 68 0.05
112 68 0.05
119 68 0.05
122 68 0.05
132 68 0.05
4 75 0.034483
6 75 0.034483
8 75 0.034483
19 75 0.034483
21 75 0.034483
23 75 0.034483
24 75 0.034483
31 75 0.034483
33 75 0.034483
34 75 0.034483
35 75 0.034483
39 75 0.034483
44 75 0.034483
47 75 0.034483
56 75 0.034483
57 75 0.034483
64 75 0.034483
67 75 0.034483
85 75 0.034483
105 75 0.034483
106 75 0.034483
110 75 0.034483
113 75 0.034483
114 75 0.034483
121 75 0.034483
123 75 0.034483
125 75 0.034483
126 75 0.034483
135 75 0.034483
4 103 0.04
8 103 0.04
12 103 0.04
17 103 0.04
18 103 0.04
20 103 0.04
26 103 0.04
34 103 0.04
37 103 0.04
39 103 0.04
46 103 0.04
63 103 0.04
73 103 0.04
76 103 0.04
80 103 0.04
88 103 0.04
91 103 0.04
94 103 0.04
96 103 0.04
102 103 0.04
110 103 0.04
117 103 0.04
127 103 0.04
137 103 0.04
147 103 0.04
4 132 0.035714
11 132 0.035714
24 132 0.035714
26 132 0.035714
28 132 0.035714
31 132 0.035714
32 132 0.035714
33 132 0.035714
44 132 0.035714
55 132 0.035714
60 132 0.035714
66 132 0.035714
68 132 0.035714
71 132 0.035714
74 132 0.035714
76 132 0.035714
79 132 0.035714
84 132 0.035714
95 132 0.035714
106 132 0.035714
107 132 0.035714
108 132 0.035714
110 132 0.035714
113 132 0.035714
114 132 0.035714
121 132 0.035714
127 132 0.035714
137 132 0.035714
4 133 0.037037
6 133 0.037037
11 133 0.037037
14 133 0.037037
15 133 0.037037
30 133 0.037037
32 133 0.037037
37 133 0.037037
39 133 0.037037
41 133 0.037037
42 133 0.037037
50 133 0.037037
59 133 0.037037
65 133 0.037037
66 133 0.037037
72 133 0.037037
74 133 0.037037
80 133 0.037037
91 133 0.037037
92 133 0.037037
111 133 0.037037
119 133 0.037037
127 133 0.037037
131 133 0.037037
135 133 0.037037
136 133 0.037037
146 133 0.037037
5 9 0.055556
14 9 0.055556
24 9 0.055556
36 9 0.055556
38 9 0.055556
53 9 0.055556
54 9 0.055556
59 9 0.055556
62 9 0.055556
66 9 0.055556
80 9 0.055556
81 9 0.055556
83 9 0.055556
91 9 0.055556
93 9 0.055556
95 9 0.055556
96 9 0.055556
126 9 0.055556
5 14 0.034483
9 14 0.034483
10 14 0.034483
21 14 0.034483
26 14 0.034483
27 14 0.034483
41 14 0.034483
42 14 0.034483
44 14 0.034483
52 14 0.034483
53 14 0.034483
54 14 0.034483
64 14 0.034483
79 14 0.034483
81 14 0.034483
84 14 0.034483
92 14 0.034483
93 14 0.034483
100 14 0.034483
111 14 0.034483
120 14 0.034483
133 14 0.034483
134 14 0.034483
135 14 0.034483
137 14 0.034483
138 14 0.034483
139 14 0.034483
142 14 0.034483
148 14 0.034483
5 25 0.05
10 25 0.05
17 25 0.05
20 25 0.05
24 25 0.05
27 25 0.05
30 25 0.05
33 25 0.05
39 25 0.05
41 25 0.05
43 25 0.05
64 25 0.05
82 25 0.05
84 25 0.05
89 25 0.05
92 25 0.05
120 25 0.05
128 25 0.05
137 25 0.05
144 25 0.05
5 30 0.037037
7 30 0.037037
8 30 0.037037
11 30 0.037037
13 30 0.037037
21 30 0.037037
25 30 0.037037
31 30 0.037037
42 30 0.037037
43 30 0.037037
49 30 0.037037
53 30 0.037037
57 30 0.037037
71 30 0.037037
72 30 0.037037
76 30 0.037037
81 30 0.037037
83 30 0.037037
85 30 0.037037
90 30 0.037037
101 30 0.037037
106 30 0.037037
115 30 0.037037
129 30 0.037037
130 30 0.037037
133 30 0.037037
141 30 0.037037
5 40 0.05
10 40 0.05
15 40 0.05
20 40 0.05
35 40 0.05
38 40 0.05
44 40 0.05
54 40 0.05
56 40 0.05
57 40 0.05
60 40 0.05
72 40 0.05
82 40 0.05
86 40 0.05
90 40 0.05
95 40 0.05
106 40 0.05
130 40 0.05
142 40 0.05
143 40 0.05
5 69 0.041667
23 69 0.041667
24 69 0.041667
32 69 0.041667
41 69 0.041667
50 69 0.041667
59 69 0.041667
63 69 0.041667
66 69 0.041667
77 69 0.041667
85 69 0.041667
86 69 0.041667
97 69 0.041667
99 69 0.041667
104 69 0.041667
109 69 0.041667
110 69 0.041667
113 69 0.041667
115 69 0.041667
120 69 0.041667
122 69 0.041667
127 69 0.041667
136 69 0.041667
137 69 0.041667
5 81 0.047619
9 81 0.047619
14 81 0.047619
29 81 0.047619
30 81 0.047619
34 81 0.047619
38 81 0.047619
39 81 0.047619
42 81 0.047619
47 81 0.047619
50 81 0.047619
53 81 0.047619
58 81 0.047619
70 81 0.047619
72 81 0.047619
85 81 0.047619
95 81 0.047619
106 81 0.047619
129 81 0.047619
145 81 0.047619
148 81 0.047619
5 85 0.034483
7 85 0.034483
10 85 0.034483
16 85 0.034483
20 85 0.034483
21 85 0.034483
30 85 0.034483
36 85 0.034483
41 85 0.034483
52 85 0.034483
56 85 0.034483
61 85 0.034483
63 85 0.034483
69 85 0.034483
70 85 0.034483
75 85 0.034483
81 85 0.034483
89 85 0.034483
90 85 0.034483
99 85 0.034483
101 85 0.034483
106 85 0.034483
110 85 0.034483
118 85 0.034483
124 85 0.034483
135 85 0.034483
138 85 0.034483
147 85 0.034483
148 85 0.034483
5 88 0.033333
8 88 0.033333
19 88 0.033333
21 88 0.033333
35 88 0.033333
38 88 0.033333
42 88 0.033333
49 88 0.033333
56 88 0.033333
65 88 0.033333
67 88 0.033333
70 88 0.033333
74 88 0.033333
79 88 0.033333
86 88 0.033333
89 88 0.033333
100 88 0.033333
102 88 0.033333
103 88 0.033333
104 88 0.033333
106 88 0.033333
107 88 0.033333
113 88 0.033333
121 88 0.033333
125 88 0.033333
126 88 0.033333
128 88 0.033333
131 88 0.033333
137 88 0.033333
139 88 0.033333
5 89 0.045455
13 89 0.045455
19 89 0.045455
25 89 0.045455
29 89 0.045455
32 89 0.045455
36 89 0.045455
44 89 0.045455
48 89 0.045455
65 89 0.045455
68 89 0.045455
72 89 0.045455
80 89 0.045455
85 89 0.045455
86 89 0.045455
88 89 0.045455
98 89 0.045455
101 89 0.045455
107 89 0.045455
111 89 0.045455
137 89 0.045455
147 89 0.045455
5 93 0.055556
6 93 0.055556
9 93 0.055556
12 93 0.055556
14 93 0.055556
17 93 0.055556
18 93 0.055556
46 93 0.055556
70 93 0.055556
74 93 0.055556
76 93 0.055556
83 93 0.055556
100 93 0.055556
118 93 0.055556
120 93 0.055556
125 93 0.055556
135 93 0.055556
146 93 0.055556
5 114 0.066667
31 114 0.066667
35 114 0.066667
42 114 0.066667
49 114 0.066667
60 114 0.066667
61 114 0.066667
73 114 0.066667
75 114 0.066667
86 114 0.066667
91 114 0.066667
120 114 0.066667
132 114 0.066667
142 114 0.066667
147 114 0.066667
5 123 0.058824
11 123 0.058824
13 123 0.058824
18 123 0.058824
26 123 0.058824
31 123 0.058824
34 123 0.058824
41 123 0.058824
44 123 0.058824
64 123 0.058824
70 123 0.058824
71 123 0.058824
75 123 0.058824
86 123 0.058824
97 123 0.058824
108 123 0.058824
144 123 0.058824
5 125 0.066667
32 125 0.066667
33 125 0.066667
34 125 0.066667
39 125 0.066667
63 125 0.066667
65 125 0.066667
75 125 0.066667
88 125 0.066667
93 125 0.066667
95 125 0.066667
97 125 0.066667
98 125 0.066667
110 125 0.066667
128 125 0.066667
6 7 0.047619
12 7 0.047619
27 7 0.047619
30 7 0.047619
42 7 0.047619
45 7 0.047619
47 7 0.047619
60 7 0.047619
71 7 0.047619
72 7 0.047619
82 7 0.047619
85 7 0.047619
92 7 0.047619
97 7 0.047619
102 7 0.047619
104 7 0.047619
108 7 0.047619
117 7 0.047619
128 7 0.047619
139 7 0.047619
144 7 0.047619
6 42 0.041667
7 42 0.041667
14 42 0.041667
16 42 0.041667
18 42 0.041667
30 42 0.041667
48 42 0.041667
53 42 0.041667
57 42 0.041667
63 42 0.041667
66 42 0.041667
68 42 0.041667
77 42 0.041667
81 42 0.041667
87 42 0.041667
88 42 0.041667
92 42 0.041667
98 42 0.041667
113 42 0.041667
114 42 0.041667
127 42 0.041667
133 42 0.041667
142 42 0.041667
144 42 0.041667
6 65 0.045455
16 65 0.045455
20 65 0.045455
24 65 0.045455
27 65 0.045455
36 65 0.045455
39 65 0.045455
43 65 0.045455
48 65 0.045455
53 65 0.045455
56 65 0.045455
57 65 0.045455
88 65 0.045455
89 65 0.045455
94 65 0.045455
101 65 0.045455
113 65 0.045455
117 65 0.045455
125 65 0.045455
129 65 0.045455
133 65 0.045455
144 65 0.045455
6 98 0.038462
10 98 0.038462
20 98 0.038462
23 98 0.038462
32 98 0.038462
42 98 0.038462
44 98 0.038462
46 98 0.038462
49 98 0.038462
50 98 0.038462
51 98 0.038462
55 98 0.038462
71 98 0.038462
78 98 0.038462
82 98 0.038462
89 98 0.038462
91 98 0.038462
92 98 0.038462
94 98 0.038462
105 98 0.038462
116 98 0.038462
120 98 0.038462
125 98 0.038462
130 98 0.038462
138 98 0.038462
148 98 0.038462
6 138 0.055556
11 138 0.055556
14 138 0.055556
22 138 0.055556
32 138 0.055556
44 138 0.055556
78 138 0.055556
80 138 0.055556
85 138 0.055556
98 138 0.055556
100 138 0.055556
106 138 0.055556
109 138 0.055556
120 138 0.055556
124 138 0.055556
136 138 0.055556
147 138 0.055556
148 138 0.055556
7 45 0.058824
10 45 0.058824
18 45 0.058824
20 45 0.058824
28 45 0.058824
29 45 0.058824
32 45 0.058824
60 45 0.058824
67 45 0.058824
76 45 0.058824
124 45 0.058824
128 45 0.058824
131 45 0.058824
144 45 0.058824
145 45 0.058824
146 45 0.058824
148 45 0.058824
7 47 0.041667
11 47 0.041667
19 47 0.041667
27 47 0.041667
39 47 0.041667
43 47 0.041667
46 47 0.041667
58 47 0.041667
59 47 0.041667
60 47 0.041667
74 47 0.041667
75 47 0.041667
81 47 0.041667
82 47 0.041667
94 47 0.041667
95 47 0.041667
97 47 0.041667
102 47 0.041667
109 47 0.041667
115 47 0.041667
119 47 0.041667
122 47 0.041667
137 47 0.041667
141 47 0.041667
7 60 0.04
8 60 0.04
11 60 0.04
19 60 0.04
34 60 0.04
36 60 0.04
39 60 0.04
40 60 0.04
45 60 0.04
47 60 0.04
61 60 0.04
71 60 0.04
73 60 0.04
83 60 0.04
97 60 0.04
100 60 0.04
102 60 0.04
106 60 0.04
114 60 0.04
120 60 0.04
129 60 0.04
132 60 0.04
140 60 0.04
141 60 0.04
148 60 0.04
7 71 0.05
17 71 0.05
21 71 0.05
23 71 0.05
30 71 0.05
34 71 0.05
58 71 0.05
60 71 0.05
68 71 0.05
70 71 0.05
80 71 0.05
95 71 0.05
98 71 0.05
123 71 0.05
129 71 0.05
130 71 0.05
132 71 0.05
135 71 0.05
141 71 0.05
147 71 0.05
7 97 0.043478
8 97 0.043478
17 97 0.043478
47 97 0.043478
60 97 0.043478
64 97 0.043478
69 97 0.043478
76 97 0.043478
79 97 0.043478
82 97 0.043478
91 97 0.043478
105 97 0.043478
120 97 0.043478
123 97 0.043478
124 97 0.043478
125 97 0.043478
128 97 0.043478
131 97 0.043478
134 97 0.043478
135 97 0.043478
139 97 0.043478
141 97 0.043478
146 97 0.043478
7 102 0.045455
37 102 0.045455
41 102 0.045455
47 102 0.045455
49 102 0.045455
59 102 0.045455
60 102 0.045455
62 102 0.045455
83 102 0.045455
88 102 0.045455
103 102 0.045455
104 102 0.045455
108 102 0.045455
117 102 0.045455
120 102 0.045455
124 102 0.045455
126 102 0.045455
129 102 0.045455
131 102 0.045455
135 102 0.045455
141 102 0.045455
145 102 0.045455
7 104 0.052632
12 104 0.052632
13 104 0.052632
23 104 0.052632
27 104 0.052632
31 104 0.052632
37 104 0.052632
43 104 0.052632
46 104 0.052632
69 104 0.052632
73 104 0.052632
74 104 0.052632
76 104 0.052632
77 104 0.052632
88 104 0.052632
96 104 0.052632
102 104 0.052632
109 104 0.052632
110 104 0.052632
7 108 0.076923
10 108 0.076923
51 108 0.076923
52 108 0.076923
56 108 0.076923
78 108 0.076923
80 108 0.076923
99 108 0.076923
102 108 0.076923
123 108 0.076923
132 108 0.076923
137 108 0.076923
140 108 0.076923
7 117 0.04
15 117 0.04
20 117 0.04
27 117 0.04
31 117 0.04
36 117 0.04
37 117 0.04
38 117 0.04
46 117 0.04
49 117 0.04
54 117 0.04
65 117 0.04
72 117 0.04
73 117 0.04
76 117 0.04
80 117 0.04
84 117 0.04
94 117 0.04
102 117 0.04
103 117 0.04
120 117 0.04
121 117 0.04
127 117 0.04
128 117 0.04
137 117 0.04
7 139 0.043478
8 139 0.043478
14 139 0.043478
17 139 0.043478
22 139 0.043478
31 139 0.043478
34 139 0.043478
44 139 0.043478
46 139 0.043478
53 139 0.043478
56 139 0.043478
63 139 0.043478
64 139 0.043478
79 139 0.043478
88 139 0.043478
92 139 0.043478
97 139 0.043478
110 139 0.043478
113 139 0.043478
131 139 0.043478
140 139 0.043478
144 139 0.043478
145 139 0.043478
7 144 0.045455
13 144 0.045455
16 144 0.045455
25 144 0.045455
28 144 0.045455
36 144 0.045455
39 144 0.045455
42 144 0.045455
45 144 0.045455
46 144 0.045455
52 144 0.045455
55 144 0.045455
57 144 0.045455
65 144 0.045455
78 144 0.045455
80 144 0.045455
100 144 0.045455
110 144 0.045455
111 144 0.045455
123 144 0.045455
126 144 0.045455
139 144 0.045455
8 23 0.041667
10 23 0.041667
16 23 0.041667
20 23 0.041667
26 23 0.041667
31 23 0.041667
34 23 0.041667
38 23 0.041667
39 23 0.041667
48 23 0.041667
49 23 0.041667
53 23 0.041667
69 23 0.041667
70 23 0.041667
71 23 0.041667
72 23 0.041667
75 23 0.041667
98 23 0.041667
104 23 0.041667
109 23 0.041667
112 23 0.041667
127 23 0.041667
134 23 0.041667
143 23 0.041667
8 109 0.038462
10 109 0.038462
11 109 0.038462
23 109 0.038462
28 109 0.038462
36 109 0.038462
43 109 0.038462
47 109 0.038462
49 109 0.038462
52 109 0.038462
64 109 0.038462
69 109 0.038462
73 109 0.038462
76 109 0.038462
83 109 0.038462
96 109 0.038462
104 109 0.038462
116 109 0.038462
120 109 0.038462
122 109 0.038462
124 109 0.038462
131 109 0.038462
134 109 0.038462
137 109 0.038462
138 109 0.038462
143 109 0.038462
8 120 0.038462
14 120 0.038462
17 120 0.038462
25 120 0.038462
35 120 0.038462
46 120 0.038462
50 120 0.038462
53 120 0.038462
58 120 0.038462
59 120 0.038462
60 120 0.038462
62 120 0.038462
69 120 0.038462
76 120 0.038462
82 120 0.038462
87 120 0.038462
92 120 0.038462
93 120 0.038462
94 120 0.038462
97 120 0.038462
98 120 0.038462
102 120 0.038462
109 120 0.038462
114 120 0.038462
117 120 0.038462
138 120 0.038462
9 24 0.043478
10 24 0.043478
25 24 0.043478
31 24 0.043478
52 24 0.043478
61 24 0.043478
62 24 0.043478
65 24 0.043478
69 24 0.043478
75 24 0.043478
78 24 0.043478
80 24 0.043478
82 24 0.043478
90 24 0.043478
94 24 0.043478
113 24 0.043478
115 24 0.043478
122 24 0.043478
127 24 0.043478
128 24 0.043478
132 24 0.043478
145 24 0.043478
146 24 0.043478
9 38 0.038462
13 38 0.038462
16 38 0.038462
17 38 0.038462
23 38 0.038462
27 38 0.038462
28 38 0.038462
32 38 0.038462
40 38 0.038462
44 38 0.038462
46 38 0.038462
51 38 0.038462
63 38 0.038462
72 38 0.038462
73 38 0.038462
77 38 0.038462
81 38 0.038462
87 38 0.038462
88 38 0.038462
91 38 0.038462
94 38 0.038462
107 38 0.038462
110 38 0.038462
116 38 0.038462
117 38 0.038462
126 38 0.038462
9 53 0.037037
11 53 0.037037
13 53 0.037037
14 53 0.037037
16 53 0.037037
23 53 0.037037
27 53 0.037037
30 53 0.037037
31 53 0.037037
33 53 0.037037
42 53 0.037037
54 53 0.037037
55 53 0.037037
59 53 0.037037
63 53 0.037037
65 53 0.037037
72 53 0.037037
81 53 0.037037
90 53 0.037037
94 53 0.037037
105 53 0.037037
119 53 0.037037
120 53 0.037037
137 53 0.037037
139 53 0.037037
140 53 0.037037
145 53 0.037037
9 59 0.041667
18 59 0.041667
29 59 0.041667
35 59 0.041667
46 59 0.041667
47 59 0.041667
52 59 0.041667
53 59 0.041667
56 59 0.041667
67 59 0.041667
69 59 0.041667
74 59 0.041667
77 59 0.041667
92 59 0.041667
95 59 0.041667
100 59 0.041667
101 59 0.041667
102 59 0.041667
105 59 0.041667
106 59 0.041667
120 59 0.041667
133 59 0.041667
142 59 0.041667
143 59 0.041667
9 62 0.058824
19 62 0.058824
20 62 0.058824
22 62 0.058824
24 62 0.058824
32 62 0.058824
43 62 0.058824
52 62 0.058824
54 62 0.058824
86 62 0.058824
102 62 0.058824
110 62 0.058824
118 62 0.058824
120 62 0.058824
129 62 0.058824
131 62 0.058824
142 62 0.058824
9 80 0.034483
10 80 0.034483
11 80 0.034483
16 80 0.034483
20 80 0.034483
24 80 0.034483
29 80 0.034483
34 80 0.034483
44 80 0.034483
54 80 0.034483
61 80 0.034483
71 80 0.034483
72 80 0.034483
82 80 0.034483
89 80 0.034483
90 80 0.034483
95 80 0.034483
99 80 0.034483
103 80 0.034483
108 80 0.034483
110 80 0.034483
112 80 0.034483
117 80 0.034483
127 80 0.034483
128 80 0.034483
129 80 0.034483
133 80 0.034483
138 80 0.034483
144 80 0.034483
9 95 0.034483
11 95 0.034483
12 95 0.034483
28 95 0.034483
31 95 0.034483
40 95 0.034483
47 95 0.034483
50 95 0.034483
55 95 0.034483
58 95 0.034483
59 95 0.034483
61 95 0.034483
71 95 0.034483
80 95 0.034483
81 95 0.034483
87 95 0.034483
90 95 0.034483
94 95 0.034483
100 95 0.034483
106 95 0.034483
110 95 0.034483
113 95 0.034483
125 95 0.034483
132 95 0.034483
136 95 0.034483
137 95 0.034483
140 95 0.034483
141 95 0.034483
146 95 0.034483
9 126 0.055556
11 126 0.055556
28 126 0.055556
38 126 0.055556
51 126 0.055556
52 126 0.055556
67 126 0.055556
74 126 0.055556
75 126 0.055556
87 126 0.055556
88 126 0.055556
100 126 0.055556
102 126 0.055556
112 126 0.055556
124 126 0.055556
136 126 0.055556
142 126 0.055556
144 126 0.055556
10 49 0.047619
13 49 0.047619
15 49 0.047619
23 49 0.047619
30 49 0.047619
35 49 0.047619
44 49 0.047619
61 49 0.047619
66 49 0.047619
78 49 0.047619
87 49 0.047619
88 49 0.047619
92 49 0.047619
94 49 0.047619
98 49 0.047619
101 49 0.047619
102 49 0.047619
109 49 0.047619
114 49 0.047619
117 49 0.047619
148 49 0.047619
10 67 0.066667
11 67 0.066667
21 67 0.066667
45 67 0.066667
48 67 0.066667
59 67 0.066667
75 67 0.066667
76 67 0.066667
82 67 0.066667
84 67 0.066667
88 67 0.066667
113 67 0.066667
126 67 0.066667
146 67 0.066667
147 67 0.066667
10 118 0.052632
11 118 0.052632
15 118 0.052632
18 118 0.052632
20 118 0.052632
33 118 0.052632
34 118 0.052632
61 118 0.052632
62 118 0.052632
70 118 0.052632
85 118 0.052632
92 118 0.052632
93 118 0.052632
96 118 0.052632
99 118 0.052632
112 118 0.052632
116 118 0.052632
136 118 0.052632
141 118 0.052632
10 137 0.045455
14 137 0.045455
18 137 0.045455
25 137 0.045455
29 137 0.045455
33 137 0.045455
41 137 0.045455
47 137 0.045455
53 137 0.045455
69 137 0.045455
79 137 0.045455
88 137 0.045455
89 137 0.045455
95 137 0.045455
103 137 0.045455
108 137 0.045455
109 137 0.045455
115 137 0.045455
117 137 0.045455
132 137 0.045455
143 137 0.045455
145 137 0.045455
11 87 0.05
21 87 0.05
33 87 0.05
38 87 0.05
41 87 0.05
42 87 0.05
43 87 0.05
49 87 0.05
51 87 0.05
55 87 0.05
56 87 0.05
66 87 0.05
92 87 0.05
95 87 0.05
96 87 0.05
100 87 0.05
112 87 0.05
120 87 0.05
121 87 0.05
126 87 0.05
12 29 0.0625
13 29 0.0625
33 29 0.0625
37 29 0.0625
39 29 0.0625
45 29 0.0625
52 29 0.0625
59 29 0.0625
63 29 0.0625
76 29 0.0625
80 29 0.0625
81 29 0.0625
89 29 0.0625
96 29 0.0625
121 29 0.0625
137 29 0.0625
12 105 0.047619
18 105 0.047619
21 105 0.047619
34 105 0.047619
52 105 0.047619
53 105 0.047619
59 105 0.047619
63 105 0.047619
75 105 0.047619
82 105 0.047619
84 105 0.047619
90 105 0.047619
97 105 0.047619
98 105 0.047619
99 105 0.047619
101 105 0.047619
115 105 0.047619
121 105 0.047619
124 105 0.047619
128 105 0.047619
147 105 0.047619
13 37 0.071429
15 37 0.071429
19 37 0.071429
29 37 0.071429
66 37 0.071429
68 37 0.071429
77 37 0.071429
96 37 0.071429
102 37 0.071429
103 37 0.071429
104 37 0.071429
117 37 0.071429
133 37 0.071429
146 37 0.071429
13 43 0.041667
15 43 0.041667
20 43 0.041667
25 43 0.041667
30 43 0.041667
47 43 0.041667
50 43 0.041667
51 43 0.041667
54 43 0.041667
55 43 0.041667
62 43 0.041667
65 43 0.041667
66 43 0.041667
68 43 0.041667
79 43 0.041667
83 43 0.041667
86 43 0.041667
87 43 0.041667
104 43 0.041667
109 43 0.041667
113 43 0.041667
115 43 0.041667
122 43 0.041667
145 43 0.041667
13 76 0.037037
20 76 0.037037
29 76 0.037037
30 76 0.037037
34 76 0.037037
36 76 0.037037
45 76 0.037037
50 76 0.037037
54 76 0.037037
67 76 0.037037
79 76 0.037037
93 76 0.037037
97 76 0.037037
101 76 0.037037
103 76 0.037037
104 76 0.037037
106 76 0.037037
109 76 0.037037
115 76 0.037037
117 76 0.037037
119 76 0.037037
120 76 0.037037
128 76 0.037037
129 76 0.037037
132 76 0.037037
135 76 0.037037
148 76 0.037037
13 90 0.038462
24 90 0.038462
30 90 0.038462
35 90 0.038462
39 90 0.038462
40 90 0.038462
41 90 0.038462
44 90 0.038462
51 90 0.038462
53 90 0.038462
54 90 0.038462
57 90 0.038462
58 90 0.038462
63 90 0.038462
78 90 0.038462
80 90 0.038462
85 90 0.038462
86 90 0.038462
95 90 0.038462
99 90 0.038462
105 90 0.038462
115 90 0.038462
128 90 0.038462
136 90 0.038462
142 90 0.038462
146 90 0.038462
13 111 0.05
14 111 0.05
15 111 0.05
17 111 0.05
18 111 0.05
19 111 0.05
32 111 0.05
61 111 0.05
63 111 0.05
74 111 0.05
89 111 0.05
94 111 0.05
96 111 0.05
112 111 0.05
113 111 0.05
115 111 0.05
119 111 0.05
131 111 0.05
133 111 0.05
144 111 0.05
13 116 0.0625
21 116 0.0625
38 116 0.0625
55 116 0.0625
58 116 0.0625
74 116 0.0625
98 116 0.0625
106 116 0.0625
109 116 0.0625
110 116 0.0625
113 116 0.0625
118 116 0.0625
124 116 0.0625
128 116 0.0625
142 116 0.0625
143 116 0.0625
14 26 0.047619
20 26 0.047619
23 26 0.047619
27 26 0.047619
34 26 0.047619
46 26 0.047619
52 26 0.047619
84 26 0.047619
96 26 0.047619
103 26 0.047619
110 26 0.047619
115 26 0.047619
123 26 0.047619
124 26 0.047619
127 26 0.047619
129 26 0.047619
132 26 0.047619
134 26 0.047619
140 26 0.047619
143 26 0.047619
146 26 0.047619
14 79 0.052632
43 79 0.052632
46 79 0.052632
73 79 0.052632
76 79 0.052632
77 79 0.052632
83 79 0.052632
88 79 0.052632
92 79 0.052632
94 79 0.052632
97 79 0.052632
113 79 0.052632
128 79 0.052632
132 79 0.052632
135 79 0.052632
137 79 0.052632
139 79 0.052632
142 79 0.052632
145 79 0.052632
15 35 0.058824
21 35 0.058824
39 35 0.058824
40 35 0.058824
49 35 0.058824
57 35 0.058824
59 35 0.058824
66 35 0.058824
75 35 0.058824
88 35 0.058824
90 35 0.058824
106 35 0.058824
114 35 0.058824
120 35 0.058824
130 35 0.058824
140 35 0.058824
145 35 0.058824
15 147 0.0625
67 147 0.0625
71 147 0.0625
85 147 0.0625
89 147 0.0625
92 147 0.0625
94 147 0.0625
103 147 0.0625
105 147 0.0625
106 147 0.0625
114 147 0.0625
136 147 0.0625
138 147 0.0625
140 147 0.0625
146 147 0.0625
148 147 0.0625
16 48 0.05
18 48 0.05
19 48 0.05
23 48 0.05
34 48 0.05
42 48 0.05
44 48 0.05
55 48 0.05
65 48 0.05
67 48 0.05
72 48 0.05
73 48 0.05
89 48 0.05
94 48 0.05
101 48 0.05
106 48 0.05
124 48 0.05
129 48 0.05
146 48 0.05
148 48 0.05
16 121 0.055556
18 121 0.055556
29 121 0.055556
32 121 0.055556
44 121 0.055556
66 121 0.055556
74 121 0.055556
75 121 0.055556
78 121 0.055556
87 121 0.055556
88 121 0.055556
92 121 0.055556
105 121 0.055556
113 121 0.055556
117 121 0.055556
132 121 0.055556
141 121 0.055556
142 121 0.055556
17 115 0.058824
24 115 0.058824
26 115 0.058824
30 115 0.058824
31 115 0.058824
43 115 0.058824
47 115 0.058824
66 115 0.058824
69 115 0.058824
76 115 0.058824
86 115 0.058824
90 115 0.058824
91 115 0.058824
99 115 0.058824
105 115 0.058824
111 115 0.058824
137 115 0.058824
19 22 0.166667
62 22 0.166667
119 22 0.166667
138 22 0.166667
139 22 0.166667
140 22 0.166667
20 46 0.052632
26 46 0.052632
38 46 0.052632
47 46 0.052632
50 46 0.052632
59 46 0.052632
74 46 0.052632
79 46 0.052632
93 46 0.052632
98 46 0.052632
103 46 0.052632
104 46 0.052632
110 46 0.052632
117 46 0.052632
120 46 0.052632
130 46 0.052632
134 46 0.052632
139 46 0.052632
144 46 0.052632
20 124 0.045455
21 124 0.045455
26 124 0.045455
27 124 0.045455
32 124 0.045455
44 124 0.045455
45 124 0.045455
48 124 0.045455
51 124 0.045455
63 124 0.045455
85 124 0.045455
97 124 0.045455
101 124 0.045455
102 124 0.045455
105 124 0.045455
109 124 0.045455
116 124 0.045455
126 124 0.045455
128 124 0.045455
135 124 0.045455
138 124 0.045455
140 124 0.045455
20 131 0.066667
27 131 0.066667
28 131 0.066667
32 131 0.066667
36 131 0.066667
45 131 0.066667
62 131 0.066667
72 131 0.066667
88 131 0.066667
97 131 0.066667
102 131 0.066667
109 131 0.066667
111 131 0.066667
133 131 0.066667
139 131 0.066667
21 63 0.038462
29 63 0.038462
33 63 0.038462
34 63 0.038462
38 63 0.038462
41 63 0.038462
42 63 0.038462
53 63 0.038462
66 63 0.038462
69 63 0.038462
77 63 0.038462
85 63 0.038462
90 63 0.038462
91 63 0.038462
92 63 0.038462
100 63 0.038462
103 63 0.038462
105 63 0.038462
111 63 0.038462
113 63 0.038462
119 63 0.038462
122 63 0.038462
124 63 0.038462
125 63 0.038462
127 63 0.038462
139 63 0.038462
24 78 0.071429
41 78 0.071429
49 78 0.071429
55 78 0.071429
57 78 0.071429
90 78 0.071429
91 78 0.071429
98 78 0.071429
108 78 0.071429
121 78 0.071429
134 78 0.071429
138 78 0.071429
144 78 0.071429
145 78 0.071429
6 0 0.058824
10 0 0.058824
13 0 0.058824
15 0 0.058824
28 0 0.058824
52 0 0.058824
61 0 0.058824
70 0 0.058824
84 0 0.058824
96 0 0.058824
101 0 0.058824
107 0 0.058824
127 0 0.058824
128 0 0.058824
130 0 0.058824
136 0 0.058824
141 0 0.058824
5 1 0.05
6 1 0.05
15 1 0.05
17 1 0.05
18 1 0.05
27 1 0.05
58 1 0.05
61 1 0.05
66 1 0.05
72 1 0.05
82 1 0.05
86 1 0.05
94 1 0.05
96 1 0.05
106 1 0.05
112 1 0.05
122 1 0.05
140 1 0.05
142 1 0.05
143 1 0.05
5 2 0.052632
39 2 0.052632
41 2 0.052632
52 2 0.052632
54 2 0.052632
57 2 0.052632
58 2 0.052632
64 2 0.052632
91 2 0.052632
100 2 0.052632
101 2 0.052632
110 2 0.052632
113 2 0.052632
119 2 0.052632
128 2 0.052632
129 2 0.052632
130 2 0.052632
145 2 0.052632
146 2 0.052632
6 3 0.03125
11 3 0.03125
12 3 0.03125
18 3 0.03125
19 3 0.03125
21 3 0.03125
28 3 0.03125
31 3 0.03125
32 3 0.03125
33 3 0.03125
34 3 0.03125
51 3 0.03125
55 3 0.03125
66 3 0.03125
73 3 0.03125
74 3 0.03125
77 3 0.03125
82 3 0.03125
83 3 0.03125
92 3 0.03125
94 3 0.03125
96 3 0.03125
99 3 0.03125
106 3 0.03125
107 3 0.03125
110 3 0.03125
113 3 0.03125
134 3 0.03125
135 3 0.03125
140 3 0.03125
142 3 0.03125
148 3 0.03125
12 4 0.045455
15 4 0.045455
16 4 0.045455
27 4 0.045455
32 4 0.045455
34 4 0.045455
36 4 0.045455
44 4 0.045455
50 4 0.045455
56 4 0.045455
57 4 0.045455
68 4 0.045455
74 4 0.045455
75 4 0.045455
84 4 0.045455
103 4 0.045455
107 4 0.045455
112 4 0.045455
122 4 0.045455
132 4 0.045455
133 4 0.045455
141 4 0.045455
21 8 0.05
23 8 0.05
30 8 0.05
51 8 0.05
57 8 0.05
60 8 0.05
70 8 0.05
75 8 0.05
88 8 0.05
97 8 0.05
99 8 0.05
101 8 0.05
103 8 0.05
109 8 0.05
120 8 0.05
127 8 0.05
139 8 0.05
141 8 0.05
142 8 0.05
143 8 0.05
21 20 0.04
23 20 0.04
25 20 0.04
26 20 0.04
33 20 0.04
40 20 0.04
43 20 0.04
45 20 0.04
46 20 0.04
62 20 0.04
64 20 0.04
65 20 0.04
66 20 0.04
70 20 0.04
76 20 0.04
80 20 0.04
85 20 0.04
92 20 0.04
98 20 0.04
103 20 0.04
117 20 0.04
118 20 0.04
124 20 0.04
131 20 0.04
141 20 0.04
