0 1 0.055556
22 1 0.055556
39 1 0.055556
40 1 0.055556
49 1 0.055556
58 1 0.055556
70 1 0.055556
72 1 0.055556
74 1 0.055556
98 1 0.055556
127 1 0.055556
135 1 0.055556
138 1 0.055556
148 1 0.055556
150 1 0.055556
154 1 0.055556
158 1 0.055556
162 1 0.055556
0 2 0.032258
3 2 0.032258
5 2 0.032258
12 2 0.032258
16 2 0.032258
17 2 0.032258
25 2 0.032258
27 2 0.032258
41 2 0.032258
48 2 0.032258
51 2 0.032258
54 2 0.032258
60 2 0.032258
63 2 0.032258
67 2 0.032258
82 2 0.032258
90 2 0.032258
99 2 0.032258
103 2 0.032258
109 2 0.032258
114 2 0.032258
124 2 0.032258
133 2 0.032258
136 2 0.032258
146 2 0.032258
150 2 0.032258
157 2 0.032258
162 2 0.032258
164 2 0.032258
166 2 0.032258
171 2 0.032258
0 9 0.035714
4 9 0.035714
14 9 0.035714
19 9 0.035714
28 9 0.035714
32 9 0.035714
39 9 0.035714
43 9 0.035714
44 9 0.035714
58 9 0.035714
59 9 0.035714
61 9 0.035714
67 9 0.035714
71 9 0.035714
89 9 0.035714
94 9 0.035714
100 9 0.035714
110 9 0.035714
112 9 0.035714
118 9 0.035714
121 9 0.035714
132 9 0.035714
133 9 0.035714
134 9 0.035714
145 9 0.035714
152 9 0.035714
155 9 0.035714
164 9 0.035714
0 12 0.043478
2 12 0.043478
14 12 0.043478
15 12 0.043478
19 12 0.043478
30 12 0.043478
34 12 0.043478
39 12 0.043478
50 12 0.043478
57 12 0.043478
62 12 0.043478
66 12 0.043478
73 12 0.043478
85 12 0.043478
107 12 0.043478
108 12 0.043478
113 12 0.043478
119 12 0.043478
122 12 0.043478
134 12 0.043478
143 12 0.043478
153 12 0.043478
167 12 0.043478
0 21 0.045455
10 21 0.045455
11 21 0.045455
52 21 0.045455
55 21 0.045455
59 21 0.045455
71 21 0.045455
73 21 0.045455
82 21 0.045455
84 21 0.045455
91 21 0.045455
100 21 0.045455
109 21 0.045455
110 21 0.045455
113 21 0.045455
122 21 0.045455
124 21 0.045455
138 21 0.045455
146 21 0.045455
150 21 0.045455
151 21 0.045455
172 21 0.045455
0 28 0.037037
9 28 0.037037
11 28 0.037037
29 28 0.037037
34 28 0.037037
35 28 0.037037
37 28 0.037037
39 28 0.037037
43 28 0.037037
48 28 0.037037
50 28 0.037037
53 28 0.037037
68 28 0.037037
69 28 0.037037
70 28 0.037037
72 28 0.037037
92 28 0.037037
98 28 0.037037
99 28 0.037037
111 28 0.037037
114 28 0.037037
133 28 0.037037
134 28 0.037037
144 28 0.037037
171 28 0.037037
172 28 0.037037
174 28 0.037037
0 30 0.035714
7 30 0.035714
10 30 0.035714
11 30 0.035714
12 30 0.035714
25 30 0.035714
32 30 0.035714
42 30 0.035714
45 30 0.035714
54 30 0.035714
69 30 0.035714
76 30 0.035714
82 30 0.035714
86 30 0.035714
87 30 0.035714
89 30 0.035714
92 30 0.035714
102 30 0.035714
111 30 0.035714
119 30 0.035714
122 30 0.035714
131 30 0.035714
133 30 0.035714
151 30 0.035714
157 30 0.035714
158 30 0.035714
167 30 0.035714
168 30 0.035714
0 60 0.055556
2 60 0.055556
15 60 0.055556
16 60 0.055556
17 60 0.055556
25 60 0.055556
34 60 0.055556
36 60 0.055556
38 60 0.055556
55 60 0.055556
62 60 0.055556
73 60 0.055556
74 60 0.055556
98 60 0.055556
105 60 0.055556
119 60 0.055556
120 60 0.055556
166 60 0.055556
0 62 0.058824
5 62 0.058824
8 62 0.058824
12 62 0.058824
29 62 0.058824
53 62 0.058824
57 62 0.058824
60 62 0.058824
75 62 0.058824
104 62 0.058824
108 62 0.058824
129 62 0.058824
133 62 0.058824
144 62 0.058824
155 62 0.058824
161 62 0.058824
171 62 0.058824
0 71 0.033333
9 71 0.033333
10 71 0.033333
13 71 0.033333
14 71 0.033333
15 71 0.033333
16 71 0.033333
17 71 0.033333
21 71 0.033333
23 71 0.033333
38 71 0.033333
39 71 0.033333
44 71 0.033333
45 71 0.033333
46 71 0.033333
51 71 0.033333
56 71 0.033333
65 71 0.033333
67 71 0.033333
85 71 0.033333
97 71 0.033333
98 71 0.033333
100 71 0.033333
108 71 0.033333
117 71 0.033333
123 71 0.033333
125 71 0.033333
159 71 0.033333
160 71 0.033333
175 71 0.033333
0 73 0.045455
12 73 0.045455
21 73 0.045455
24 73 0.045455
40 73 0.045455
43 73 0.045455
45 73 0.045455
51 73 0.045455
55 73 0.045455
58 73 0.045455
59 73 0.045455
60 73 0.045455
82 73 0.045455
93 73 0.045455
95 73 0.045455
103 73 0.045455
129 73 0.045455
141 73 0.045455
150 73 0.045455
159 73 0.045455
161 73 0.045455
174 73 0.045455
0 78 0.038462
6 78 0.038462
24 78 0.038462
27 78 0.038462
36 78 0.038462
42 78 0.038462
49 78 0.038462
59 78 0.038462
66 78 0.038462
69 78 0.038462
70 78 0.038462
84 78 0.038462
88 78 0.038462
93 78 0.038462
94 78 0.038462
98 78 0.038462
101 78 0.038462
104 78 0.038462
105 78 0.038462
113 78 0.038462
116 78 0.038462
123 78 0.038462
127 78 0.038462
153 78 0.038462
164 78 0.038462
174 78 0.038462
0 79 0.037037
10 79 0.037037
14 79 0.037037
18 79 0.037037
20 79 0.037037
23 79 0.037037
36 79 0.037037
42 79 0.037037
44 79 0.037037
49 79 0.037037
50 79 0.037037
54 79 0.037037
57 79 0.037037
59 79 0.037037
70 79 0.037037
75 79 0.037037
89 79 0.037037
90 79 0.037037
103 79 0.037037
104 79 0.037037
118 79 0.037037
119 79 0.037037
138 79 0.037037
151 79 0.037037
163 79 0.037037
168 79 0.037037
175 79 0.037037
0 92 0.034483
4 92 0.034483
6 92 0.034483
16 92 0.034483
22 92 0.034483
23 92 0.034483
28 92 0.034483
30 92 0.034483
35 92 0.034483
36 92 0.034483
38 92 0.034483
41 92 0.034483
45 92 0.034483
46 92 0.034483
52 92 0.034483
68 92 0.034483
72 92 0.034483
77 92 0.034483
81 92 0.034483
87 92 0.034483
89 92 0.034483
91 92 0.034483
140 92 0.034483
143 92 0.034483
144 92 0.034483
158 92 0.034483
159 92 0.034483
162 92 0.034483
170 92 0.034483
0 98 0.03125
1 98 0.03125
7 98 0.03125
27 98 0.03125
28 98 0.03125
31 98 0.03125
46 98 0.03125
55 98 0.03125
56 98 0.03125
60 98 0.03125
67 98 0.03125
68 98 0.03125
71 98 0.03125
78 98 0.03125
82 98 0.03125
94 98 0.03125
97 98 0.03125
100 98 0.03125
107 98 0.03125
109 98 0.03125
111 98 0.03125
121 98 0.03125
124 98 0.03125
138 98 0.03125
139 98 0.03125
141 98 0.03125
144 98 0.03125
157 98 0.03125
158 98 0.03125
164 98 0.03125
165 98 0.03125
173 98 0.03125
0 104 0.033333
16 104 0.033333
18 104 0.033333
32 104 0.033333
42 104 0.033333
45 104 0.033333
46 104 0.033333
47 104 0.033333
58 104 0.033333
62 104 0.033333
68 104 0.033333
77 104 0.033333
78 104 0.033333
79 104 0.033333
83 104 0.033333
86 104 0.033333
94 104 0.033333
97 104 0.033333
106 104 0.033333
107 104 0.033333
108 104 0.033333
110 104 0.033333
127 104 0.033333
135 104 0.033333
137 104 0.033333
147 104 0.033333
149 104 0.033333
169 104 0.033333
172 104 0.033333
174 104 0.033333
0 106 0.034483
10 106 0.034483
18 106 0.034483
19 106 0.034483
20 106 0.034483
25 106 0.034483
26 106 0.034483
27 106 0.034483
37 106 0.034483
38 106 0.034483
44 106 0.034483
45 106 0.034483
48 106 0.034483
80 106 0.034483
82 106 0.034483
83 106 0.034483
95 106 0.034483
96 106 0.034483
104 106 0.034483
112 106 0.034483
113 106 0.034483
115 106 0.034483
117 106 0.034483
129 106 0.034483
137 106 0.034483
140 106 0.034483
155 106 0.034483
166 106 0.034483
169 106 0.034483
0 108 0.045455
10 108 0.045455
12 108 0.045455
17 108 0.045455
24 108 0.045455
39 108 0.045455
44 108 0.045455
62 108 0.045455
71 108 0.045455
72 108 0.045455
76 108 0.045455
84 108 0.045455
85 108 0.045455
104 108 0.045455
117 108 0.045455
124 108 0.045455
129 108 0.045455
134 108 0.045455
142 108 0.045455
146 108 0.045455
149 108 0.045455
175 108 0.045455
0 114 0.045455
2 114 0.045455
3 114 0.045455
28 114 0.045455
29 114 0.045455
41 114 0.045455
47 114 0.045455
57 114 0.045455
58 114 0.045455
72 114 0.045455
75 114 0.045455
93 114 0.045455
105 114 0.045455
113 114 0.045455
117 114 0.045455
124 114 0.045455
138 114 0.045455
150 114 0.045455
153 114 0.045455
164 114 0.045455
172 114 0.045455
173 114 0.045455
0 129 0.045455
31 129 0.045455
34 129 0.045455
35 129 0.045455
37 129 0.045455
45 129 0.045455
52 129 0.045455
57 129 0.045455
62 129 0.045455
68 129 0.045455
72 129 0.045455
73 129 0.045455
89 129 0.045455
93 129 0.045455
106 129 0.045455
108 129 0.045455
132 129 0.045455
139 129 0.045455
143 129 0.045455
149 129 0.045455
162 129 0.045455
163 129 0.045455
0 134 0.022727
4 134 0.022727
5 134 0.022727
8 134 0.022727
9 134 0.022727
12 134 0.022727
15 134 0.022727
17 134 0.022727
24 134 0.022727
28 134 0.022727
35 134 0.022727
36 134 0.022727
39 134 0.022727
40 134 0.022727
46 134 0.022727
47 134 0.022727
56 134 0.022727
63 134 0.022727
69 134 0.022727
76 134 0.022727
80 134 0.022727
81 134 0.022727
82 134 0.022727
86 134 0.022727
102 134 0.022727
108 134 0.022727
115 134 0.022727
125 134 0.022727
131 134 0.022727
133 134 0.022727
140 134 0.022727
141 134 0.022727
143 134 0.022727
144 134 0.022727
146 134 0.022727
147 134 0.022727
149 134 0.022727
150 134 0.022727
155 134 0.022727
162 134 0.022727
163 134 0.022727
166 134 0.022727
170 134 0.022727
175 134 0.022727
0 146 0.038462
2 146 0.038462
4 146 0.038462
21 146 0.038462
26 146 0.038462
31 146 0.038462
48 146 0.038462
54 146 0.038462
67 146 0.038462
68 146 0.038462
86 146 0.038462
93 146 0.038462
94 146 0.038462
108 146 0.038462
115 146 0.038462
124 146 0.038462
127 146 0.038462
132 146 0.038462
133 146 0.038462
134 146 0.038462
136 146 0.038462
138 146 0.038462
140 146 0.038462
142 146 0.038462
162 146 0.038462
174 146 0.038462
0 170 0.035714
10 170 0.035714
13 170 0.035714
16 170 0.035714
22 170 0.035714
23 170 0.035714
34 170 0.035714
38 170 0.035714
42 170 0.035714
49 170 0.035714
55 170 0.035714
61 170 0.035714
67 170 0.035714
82 170 0.035714
92 170 0.035714
113 170 0.035714
118 170 0.035714
120 170 0.035714
127 170 0.035714
130 170 0.035714
134 170 0.035714
139 170 0.035714
143 170 0.035714
150 170 0.035714
160 170 0.035714
168 170 0.035714
171 170 0.035714
175 170 0.035714
0 174 0.043478
28 174 0.043478
40 174 0.043478
42 174 0.043478
49 174 0.043478
53 174 0.043478
73 174 0.043478
78 174 0.043478
80 174 0.043478
104 174 0.043478
105 174 0.043478
124 174 0.043478
128 174 0.043478
143 174 0.043478
146 174 0.043478
147 174 0.043478
151 174 0.043478
152 174 0.043478
153 174 0.043478
157 174 0.043478
160 174 0.043478
172 174 0.043478
175 174 0.043478
1 22 0.052632
4 22 0.052632
15 22 0.052632
17 22 0.052632
54 22 0.052632
68 22 0.052632
81 22 0.052632
90 22 0.052632
92 22 0.052632
102 22 0.052632
123 22 0.052632
133 22 0.052632
138 22 0.052632
141 22 0.052632
150 22 0.052632
153 22 0.052632
160 22 0.052632
169 22 0.052632
170 22 0.052632
1 39 0.027778
4 39 0.027778
5 39 0.027778
9 39 0.027778
12 39 0.027778
26 39 0.027778
28 39 0.027778
32 39 0.027778
38 39 0.027778
43 39 0.027778
51 39 0.027778
52 39 0.027778
55 39 0.027778
61 39 0.027778
70 39 0.027778
71 39 0.027778
74 39 0.027778
75 39 0.027778
87 39 0.027778
94 39 0.027778
103 39 0.027778
108 39 0.027778
109 39 0.027778
115 39 0.027778
122 39 0.027778
125 39 0.027778
134 39 0.027778
135 39 0.027778
137 39 0.027778
139 39 0.027778
149 39 0.027778
151 39 0.027778
153 39 0.027778
156 39 0.027778
163 39 0.027778
165 39 0.027778
1 40 0.037037
4 40 0.037037
5 40 0.037037
24 40 0.037037
33 40 0.037037
35 40 0.037037
43 40 0.037037
48 40 0.037037
50 40 0.037037
53 40 0.037037
58 40 0.037037
69 40 0.037037
73 40 0.037037
86 40 0.037037
94 40 0.037037
105 40 0.037037
107 40 0.037037
113 40 0.037037
119 40 0.037037
123 40 0.037037
130 40 0.037037
134 40 0.037037
145 40 0.037037
149 40 0.037037
155 40 0.037037
159 40 0.037037
174 40 0.037037
1 49 0.038462
7 49 0.038462
34 49 0.038462
38 49 0.038462
58 49 0.038462
78 49 0.038462
79 49 0.038462
86 49 0.038462
112 49 0.038462
116 49 0.038462
118 49 0.038462
119 49 0.038462
121 49 0.038462
123 49 0.038462
126 49 0.038462
140 49 0.038462
141 49 0.038462
145 49 0.038462
148 49 0.038462
153 49 0.038462
157 49 0.038462
158 49 0.038462
161 49 0.038462
164 49 0.038462
170 49 0.038462
174 49 0.038462
1 58 0.034483
9 58 0.034483
10 58 0.034483
40 58 0.034483
49 58 0.034483
52 58 0.034483
56 58 0.034483
72 58 0.034483
73 58 0.034483
80 58 0.034483
81 58 0.034483
83 58 0.034483
93 58 0.034483
95 58 0.034483
104 58 0.034483
110 58 0.034483
111 58 0.034483
113 58 0.034483
114 58 0.034483
120 58 0.034483
131 58 0.034483
135 58 0.034483
139 58 0.034483
140 58 0.034483
152 58 0.034483
157 58 0.034483
158 58 0.034483
168 58 0.034483
169 58 0.034483
1 70 0.038462
4 70 0.038462
6 70 0.038462
16 70 0.038462
17 70 0.038462
28 70 0.038462
34 70 0.038462
38 70 0.038462
39 70 0.038462
43 70 0.038462
55 70 0.038462
59 70 0.038462
64 70 0.038462
69 70 0.038462
78 70 0.038462
79 70 0.038462
81 70 0.038462
84 70 0.038462
89 70 0.038462
95 70 0.038462
102 70 0.038462
126 70 0.038462
141 70 0.038462
142 70 0.038462
173 70 0.038462
175 70 0.038462
1 72 0.027778
4 72 0.027778
16 72 0.027778
20 72 0.027778
26 72 0.027778
28 72 0.027778
31 72 0.027778
43 72 0.027778
55 72 0.027778
58 72 0.027778
63 72 0.027778
74 72 0.027778
82 72 0.027778
84 72 0.027778
88 72 0.027778
92 72 0.027778
99 72 0.027778
103 72 0.027778
108 72 0.027778
112 72 0.027778
114 72 0.027778
116 72 0.027778
117 72 0.027778
118 72 0.027778
120 72 0.027778
125 72 0.027778
128 72 0.027778
129 72 0.027778
133 72 0.027778
145 72 0.027778
150 72 0.027778
158 72 0.027778
163 72 0.027778
164 72 0.027778
168 72 0.027778
169 72 0.027778
1 74 0.034483
17 74 0.034483
29 74 0.034483
36 74 0.034483
37 74 0.034483
39 74 0.034483
42 74 0.034483
44 74 0.034483
47 74 0.034483
48 74 0.034483
54 74 0.034483
56 74 0.034483
57 74 0.034483
60 74 0.034483
72 74 0.034483
75 74 0.034483
77 74 0.034483
85 74 0.034483
90 74 0.034483
91 74 0.034483
103 74 0.034483
123 74 0.034483
127 74 0.034483
131 74 0.034483
133 74 0.034483
145 74 0.034483
158 74 0.034483
160 74 0.034483
161 74 0.034483
1 127 0.034483
7 127 0.034483
8 127 0.034483
11 127 0.034483
13 127 0.034483
32 127 0.034483
34 127 0.034483
37 127 0.034483
41 127 0.034483
53 127 0.034483
63 127 0.034483
74 127 0.034483
78 127 0.034483
82 127 0.034483
84 127 0.034483
88 127 0.034483
97 127 0.034483
100 127 0.034483
104 127 0.034483
113 127 0.034483
124 127 0.034483
133 127 0.034483
140 127 0.034483
146 127 0.034483
150 127 0.034483
155 127 0.034483
156 127 0.034483
163 127 0.034483
170 127 0.034483
1 135 0.058824
14 135 0.058824
19 135 0.058824
20 135 0.058824
24 135 0.058824
25 135 0.058824
26 135 0.058824
38 135 0.058824
39 135 0.058824
41 135 0.058824
51 135 0.058824
58 135 0.058824
104 135 0.058824
120 135 0.058824
132 135 0.058824
149 135 0.058824
167 135 0.058824
1 138 0.038462
7 138 0.038462
20 138 0.038462
21 138 0.038462
22 138 0.038462
24 138 0.038462
38 138 0.038462
45 138 0.038462
66 138 0.038462
77 138 0.038462
79 138 0.038462
82 138 0.038462
89 138 0.038462
93 138 0.038462
98 138 0.038462
105 138 0.038462
109 138 0.038462
114 138 0.038462
137 138 0.038462
139 138 0.038462
145 138 0.038462
146 138 0.038462
147 138 0.038462
152 138 0.038462
163 138 0.038462
168 138 0.038462
1 148 0.047619
33 148 0.047619
34 148 0.047619
35 148 0.047619
46 148 0.047619
49 148 0.047619
53 148 0.047619
57 148 0.047619
64 148 0.047619
66 148 0.047619
76 148 0.047619
80 148 0.047619
87 148 0.047619
107 148 0.047619
122 148 0.047619
136 148 0.047619
145 148 0.047619
157 148 0.047619
163 148 0.047619
164 148 0.047619
173 148 0.047619
1 150 0.029412
2 150 0.029412
6 150 0.029412
13 150 0.029412
16 150 0.029412
18 150 0.029412
21 150 0.029412
22 150 0.029412
23 150 0.029412
31 150 0.029412
36 150 0.029412
41 150 0.029412
43 150 0.029412
44 150 0.029412
50 150 0.029412
55 150 0.029412
66 150 0.029412
72 150 0.029412
73 150 0.029412
86 150 0.029412
100 150 0.029412
105 150 0.029412
113 150 0.029412
114 150 0.029412
123 150 0.029412
127 150 0.029412
134 150 0.029412
141 150 0.029412
149 150 0.029412
152 150 0.029412
161 150 0.029412
165 150 0.029412
167 150 0.029412
170 150 0.029412
1 154 0.05
4 154 0.05
16 154 0.05
50 154 0.05
52 154 0.05
55 154 0.05
68 154 0.05
93 154 0.05
95 154 0.05
101 154 0.05
102 154 0.05
122 154 0.05
130 154 0.05
131 154 0.05
136 154 0.05
140 154 0.05
142 154 0.05
143 154 0.05
155 154 0.05
169 154 0.05
1 158 0.035714
4 158 0.035714
15 158 0.035714
26 158 0.035714
29 158 0.035714
30 158 0.035714
34 158 0.035714
45 158 0.035714
49 158 0.035714
51 158 0.035714
56 158 0.035714
58 158 0.035714
59 158 0.035714
67 158 0.035714
72 158 0.035714
74 158 0.035714
81 158 0.035714
82 158 0.035714
92 158 0.035714
94 158 0.035714
98 158 0.035714
113 158 0.035714
121 158 0.035714
130 158 0.035714
131 158 0.035714
141 158 0.035714
159 158 0.035714
167 158 0.035714
1 162 0.037037
2 162 0.037037
4 162 0.037037
17 162 0.037037
24 162 0.037037
31 162 0.037037
33 162 0.037037
43 162 0.037037
51 162 0.037037
54 162 0.037037
69 162 0.037037
76 162 0.037037
92 162 0.037037
97 162 0.037037
99 162 0.037037
102 162 0.037037
107 162 0.037037
113 162 0.037037
128 162 0.037037
129 162 0.037037
134 162 0.037037
139 162 0.037037
145 162 0.037037
146 162 0.037037
151 162 0.037037
161 162 0.037037
168 162 0.037037
2 3 0.055556
13 3 0.055556
25 3 0.055556
26 3 0.055556
36 3 0.055556
43 3 0.055556
69 3 0.055556
84 3 0.055556
86 3 0.055556
87 3 0.055556
109 3 0.055556
111 3 0.055556
114 3 0.055556
115 3 0.055556
137 3 0.055556
160 3 0.055556
169 3 0.055556
173 3 0.055556
2 5 0.041667
7 5 0.041667
15 5 0.041667
18 5 0.041667
19 5 0.041667
38 5 0.041667
39 5 0.041667
40 5 0.041667
50 5 0.041667
51 5 0.041667
57 5 0.041667
61 5 0.041667
62 5 0.041667
77 5 0.041667
87 5 0.041667
89 5 0.041667
109 5 0.041667
126 5 0.041667
134 5 0.041667
136 5 0.041667
144 5 0.041667
147 5 0.041667
151 5 0.041667
163 5 0.041667
2 16 0.027778
24 16 0.027778
25 16 0.027778
27 16 0.027778
37 16 0.027778
38 16 0.027778
44 16 0.027778
45 16 0.027778
47 16 0.027778
55 16 0.027778
60 16 0.027778
68 16 0.027778
70 16 0.027778
71 16 0.027778
72 16 0.027778
76 16 0.027778
82 16 0.027778
84 16 0.027778
89 16 0.027778
92 16 0.027778
95 16 0.027778
104 16 0.027778
105 16 0.027778
113 16 0.027778
119 16 0.027778
122 16 0.027778
124 16 0.027778
126 16 0.027778
139 16 0.027778
141 16 0.027778
150 16 0.027778
153 16 0.027778
154 16 0.027778
165 16 0.027778
168 16 0.027778
170 16 0.027778
2 17 0.03125
22 17 0.03125
27 17 0.03125
31 17 0.03125
36 17 0.03125
41 17 0.03125
48 17 0.03125
56 17 0.03125
57 17 0.03125
60 17 0.03125
70 17 0.03125
71 17 0.03125
74 17 0.03125
95 17 0.03125
97 17 0.03125
102 17 0.03125
107 17 0.03125
108 17 0.03125
110 17 0.03125
120 17 0.03125
122 17 0.03125
130 17 0.03125
134 17 0.03125
142 17 0.03125
156 17 0.03125
159 17 0.03125
162 17 0.03125
164 17 0.03125
165 17 0.03125
166 17 0.03125
172 17 0.03125
175 17 0.03125
2 25 0.027027
3 25 0.027027
6 25 0.027027
8 25 0.027027
11 25 0.027027
16 25 0.027027
19 25 0.027027
30 25 0.027027
31 25 0.027027
34 25 0.027027
35 25 0.027027
36 25 0.027027
56 25 0.027027
60 25 0.027027
63 25 0.027027
68 25 0.027027
75 25 0.027027
77 25 0.027027
80 25 0.027027
86 25 0.027027
94 25 0.027027
95 25 0.027027
100 25 0.027027
102 25 0.027027
106 25 0.027027
110 25 0.027027
126 25 0.027027
133 25 0.027027
135 25 0.027027
136 25 0.027027
156 25 0.027027
161 25 0.027027
165 25 0.027027
167 25 0.027027
169 25 0.027027
171 25 0.027027
175 25 0.027027
2 27 0.043478
15 27 0.043478
16 27 0.043478
17 27 0.043478
18 27 0.043478
20 27 0.043478
23 27 0.043478
38 27 0.043478
43 27 0.043478
44 27 0.043478
51 27 0.043478
57 27 0.043478
78 27 0.043478
85 27 0.043478
86 27 0.043478
91 27 0.043478
98 27 0.043478
103 27 0.043478
106 27 0.043478
116 27 0.043478
120 27 0.043478
169 27 0.043478
172 27 0.043478
2 41 0.033333
4 41 0.033333
8 41 0.033333
17 41 0.033333
35 41 0.033333
36 41 0.033333
50 41 0.033333
56 41 0.033333
66 41 0.033333
81 41 0.033333
92 41 0.033333
94 41 0.033333
99 41 0.033333
101 41 0.033333
107 41 0.033333
114 41 0.033333
117 41 0.033333
124 41 0.033333
126 41 0.033333
127 41 0.033333
135 41 0.033333
136 41 0.033333
141 41 0.033333
143 41 0.033333
144 41 0.033333
150 41 0.033333
151 41 0.033333
163 41 0.033333
168 41 0.033333
175 41 0.033333
2 48 0.03125
14 48 0.03125
17 48 0.03125
24 48 0.03125
28 48 0.03125
40 48 0.03125
43 48 0.03125
44 48 0.03125
45 48 0.03125
51 48 0.03125
52 48 0.03125
59 48 0.03125
64 48 0.03125
68 48 0.03125
74 48 0.03125
75 48 0.03125
81 48 0.03125
83 48 0.03125
88 48 0.03125
90 48 0.03125
94 48 0.03125
99 48 0.03125
106 48 0.03125
111 48 0.03125
124 48 0.03125
126 48 0.03125
137 48 0.03125
142 48 0.03125
144 48 0.03125
146 48 0.03125
165 48 0.03125
172 48 0.03125
2 51 0.037037
5 51 0.037037
7 51 0.037037
27 51 0.037037
31 51 0.037037
33 51 0.037037
34 51 0.037037
35 51 0.037037
37 51 0.037037
39 51 0.037037
48 51 0.037037
61 51 0.037037
64 51 0.037037
67 51 0.037037
71 51 0.037037
73 51 0.037037
81 51 0.037037
88 51 0.037037
91 51 0.037037
95 51 0.037037
122 51 0.037037
124 51 0.037037
135 51 0.037037
158 51 0.037037
162 51 0.037037
164 51 0.037037
166 51 0.037037
2 54 0.041667
22 54 0.041667
30 54 0.041667
33 54 0.041667
43 54 0.041667
46 54 0.041667
52 54 0.041667
64 54 0.041667
67 54 0.041667
74 54 0.041667
77 54 0.041667
79 54 0.041667
89 54 0.041667
91 54 0.041667
95 54 0.041667
111 54 0.041667
118 54 0.041667
120 54 0.041667
125 54 0.041667
126 54 0.041667
131 54 0.041667
146 54 0.041667
162 54 0.041667
164 54 0.041667
2 63 0.0625
8 63 0.0625
25 63 0.0625
34 63 0.0625
46 63 0.0625
72 63 0.0625
95 63 0.0625
111 63 0.0625
123 63 0.0625
127 63 0.0625
130 63 0.0625
133 63 0.0625
134 63 0.0625
145 63 0.0625
167 63 0.0625
173 63 0.0625
2 67 0.03125
9 67 0.03125
10 67 0.03125
19 67 0.03125
20 67 0.03125
29 67 0.03125
36 67 0.03125
51 67 0.03125
54 67 0.03125
64 67 0.03125
65 67 0.03125
71 67 0.03125
83 67 0.03125
85 67 0.03125
89 67 0.03125
98 67 0.03125
103 67 0.03125
110 67 0.03125
117 67 0.03125
118 67 0.03125
120 67 0.03125
124 67 0.03125
126 67 0.03125
128 67 0.03125
139 67 0.03125
145 67 0.03125
146 67 0.03125
151 67 0.03125
152 67 0.03125
158 67 0.03125
164 67 0.03125
170 67 0.03125
2 82 0.045455
8 82 0.045455
16 82 0.045455
19 82 0.045455
21 82 0.045455
30 82 0.045455
35 82 0.045455
44 82 0.045455
72 82 0.045455
73 82 0.045455
85 82 0.045455
98 82 0.045455
102 82 0.045455
106 82 0.045455
126 82 0.045455
127 82 0.045455
134 82 0.045455
138 82 0.045455
139 82 0.045455
158 82 0.045455
160 82 0.045455
170 82 0.045455
2 90 0.05
8 90 0.05
10 90 0.05
22 90 0.05
48 90 0.05
59 90 0.05
66 90 0.05
68 90 0.05
69 90 0.05
74 90 0.05
79 90 0.05
83 90 0.05
97 90 0.05
110 90 0.05
116 90 0.05
124 90 0.05
133 90 0.05
142 90 0.05
149 90 0.05
165 90 0.05
2 99 0.041667
4 99 0.041667
11 99 0.041667
13 99 0.041667
19 99 0.041667
24 99 0.041667
28 99 0.041667
31 99 0.041667
41 99 0.041667
48 99 0.041667
52 99 0.041667
69 99 0.041667
72 99 0.041667
81 99 0.041667
84 99 0.041667
91 99 0.041667
102 99 0.041667
107 99 0.041667
130 99 0.041667
143 99 0.041667
149 99 0.041667
162 99 0.041667
166 99 0.041667
169 99 0.041667
2 103 0.03125
8 103 0.03125
27 103 0.03125
31 103 0.03125
36 103 0.03125
37 103 0.03125
39 103 0.03125
52 103 0.03125
56 103 0.03125
59 103 0.03125
67 103 0.03125
72 103 0.03125
73 103 0.03125
74 103 0.03125
76 103 0.03125
79 103 0.03125
85 103 0.03125
94 103 0.03125
95 103 0.03125
102 103 0.03125
107 103 0.03125
109 103 0.03125
110 103 0.03125
113 103 0.03125
131 103 0.03125
145 103 0.03125
152 103 0.03125
164 103 0.03125
165 103 0.03125
169 103 0.03125
171 103 0.03125
173 103 0.03125
2 109 0.045455
3 109 0.045455
5 109 0.045455
6 109 0.045455
7 109 0.045455
21 109 0.045455
39 109 0.045455
47 109 0.045455
52 109 0.045455
56 109 0.045455
66 109 0.045455
76 109 0.045455
98 109 0.045455
102 109 0.045455
103 109 0.045455
107 109 0.045455
132 109 0.045455
138 109 0.045455
152 109 0.045455
168 109 0.045455
171 109 0.045455
175 109 0.045455
2 124 0.028571
16 124 0.028571
21 124 0.028571
32 124 0.028571
37 124 0.028571
41 124 0.028571
44 124 0.028571
45 124 0.028571
48 124 0.028571
51 124 0.028571
56 124 0.028571
59 124 0.028571
61 124 0.028571
67 124 0.028571
80 124 0.028571
88 124 0.028571
90 124 0.028571
95 124 0.028571
98 124 0.028571
100 124 0.028571
108 124 0.028571
114 124 0.028571
125 124 0.028571
127 124 0.028571
133 124 0.028571
141 124 0.028571
146 124 0.028571
149 124 0.028571
151 124 0.028571
152 124 0.028571
164 124 0.028571
165 124 0.028571
167 124 0.028571
169 124 0.028571
174 124 0.028571
2 133 0.04
9 133 0.04
20 133 0.04
22 133 0.04
25 133 0.04
28 133 0.04
30 133 0.04
42 133 0.04
47 133 0.04
53 133 0.04
56 133 0.04
62 133 0.04
63 133 0.04
72 133 0.04
74 133 0.04
75 133 0.04
89 133 0.04
90 133 0.04
124 133 0.04
126 133 0.04
127 133 0.04
134 133 0.04
146 133 0.04
151 133 0.04
168 133 0.04
2 136 0.038462
5 136 0.038462
10 136 0.038462
25 136 0.038462
37 136 0.038462
41 136 0.038462
45 136 0.038462
65 136 0.038462
87 136 0.038462
96 136 0.038462
102 136 0.038462
107 136 0.038462
116 136 0.038462
126 136 0.038462
140 136 0.038462
141 136 0.038462
143 136 0.038462
145 136 0.038462
146 136 0.038462
147 136 0.038462
148 136 0.038462
151 136 0.038462
154 136 0.038462
160 136 0.038462
168 136 0.038462
173 136 0.038462
2 157 0.037037
6 157 0.037037
8 157 0.037037
13 157 0.037037
18 157 0.037037
20 157 0.037037
30 157 0.037037
31 157 0.037037
36 157 0.037037
42 157 0.037037
45 157 0.037037
49 157 0.037037
58 157 0.037037
96 157 0.037037
98 157 0.037037
101 157 0.037037
102 157 0.037037
107 157 0.037037
112 157 0.037037
113 157 0.037037
116 157 0.037037
137 157 0.037037
139 157 0.037037
145 157 0.037037
148 157 0.037037
169 157 0.037037
174 157 0.037037
2 164 0.034483
6 164 0.034483
9 164 0.034483
17 164 0.034483
29 164 0.034483
33 164 0.034483
37 164 0.034483
46 164 0.034483
49 164 0.034483
51 164 0.034483
54 164 0.034483
67 164 0.034483
72 164 0.034483
78 164 0.034483
85 164 0.034483
86 164 0.034483
88 164 0.034483
91 164 0.034483
98 164 0.034483
103 164 0.034483
105 164 0.034483
113 164 0.034483
114 164 0.034483
120 164 0.034483
124 164 0.034483
131 164 0.034483
147 164 0.034483
148 164 0.034483
151 164 0.034483
2 166 0.04
7 166 0.04
13 166 0.04
17 166 0.04
23 166 0.04
33 166 0.04
37 166 0.04
44 166 0.04
51 166 0.04
57 166 0.04
60 166 0.04
77 166 0.04
86 166 0.04
89 166 0.04
99 166 0.04
106 166 0.04
110 166 0.04
116 166 0.04
123 166 0.04
130 166 0.04
132 166 0.04
134 166 0.04
137 166 0.04
149 166 0.04
169 166 0.04
2 171 0.05
8 171 0.05
25 171 0.05
28 171 0.05
29 171 0.05
32 171 0.05
36 171 0.05
59 171 0.05
62 171 0.05
91 171 0.05
103 171 0.05
105 171 0.05
107 171 0.05
109 171 0.05
110 171 0.05
131 171 0.05
143 171 0.05
147 171 0.05
155 171 0.05
170 171 0.05
3 13 0.04
7 13 0.04
10 13 0.04
14 13 0.04
20 13 0.04
36 13 0.04
56 13 0.04
59 13 0.04
71 13 0.04
89 13 0.04
97 13 0.04
99 13 0.04
100 13 0.04
123 13 0.04
127 13 0.04
132 13 0.04
150 13 0.04
151 13 0.04
152 13 0.04
153 13 0.04
157 13 0.04
166 13 0.04
169 13 0.04
170 13 0.04
173 13 0.04
3 26 0.034483
35 26 0.034483
37 26 0.034483
39 26 0.034483
57 26 0.034483
64 26 0.034483
69 26 0.034483
72 26 0.034483
83 26 0.034483
84 26 0.034483
89 26 0.034483
91 26 0.034483
94 26 0.034483
106 26 0.034483
112 26 0.034483
116 26 0.034483
117 26 0.034483
121 26 0.034483
126 26 0.034483
135 26 0.034483
137 26 0.034483
139 26 0.034483
141 26 0.034483
146 26 0.034483
147 26 0.034483
149 26 0.034483
158 26 0.034483
168 26 0.034483
169 26 0.034483
3 36 0.03125
11 36 0.03125
13 36 0.03125
17 36 0.03125
25 36 0.03125
34 36 0.03125
41 36 0.03125
42 36 0.03125
59 36 0.03125
60 36 0.03125
61 36 0.03125
66 36 0.03125
67 36 0.03125
74 36 0.03125
78 36 0.03125
79 36 0.03125
92 36 0.03125
103 36 0.03125
105 36 0.03125
118 36 0.03125
120 36 0.03125
121 36 0.03125
132 36 0.03125
134 36 0.03125
141 36 0.03125
150 36 0.03125
152 36 0.03125
155 36 0.03125
157 36 0.03125
165 36 0.03125
171 36 0.03125
175 36 0.03125
3 43 0.041667
6 43 0.041667
9 43 0.041667
14 43 0.041667
27 43 0.041667
28 43 0.041667
39 43 0.041667
40 43 0.041667
47 43 0.041667
48 43 0.041667
54 43 0.041667
61 43 0.041667
68 43 0.041667
70 43 0.041667
72 43 0.041667
73 43 0.041667
76 43 0.041667
86 43 0.041667
118 43 0.041667
119 43 0.041667
123 43 0.041667
150 43 0.041667
160 43 0.041667
162 43 0.041667
3 69 0.032258
6 69 0.032258
26 69 0.032258
28 69 0.032258
30 69 0.032258
34 69 0.032258
40 69 0.032258
56 69 0.032258
70 69 0.032258
78 69 0.032258
80 69 0.032258
81 69 0.032258
88 69 0.032258
90 69 0.032258
91 69 0.032258
94 69 0.032258
96 69 0.032258
99 69 0.032258
100 69 0.032258
102 69 0.032258
113 69 0.032258
130 69 0.032258
134 69 0.032258
140 69 0.032258
149 69 0.032258
156 69 0.032258
162 69 0.032258
163 69 0.032258
167 69 0.032258
169 69 0.032258
172 69 0.032258
3 84 0.041667
7 84 0.041667
10 84 0.041667
16 84 0.041667
19 84 0.041667
21 84 0.041667
26 84 0.041667
52 84 0.041667
64 84 0.041667
70 84 0.041667
72 84 0.041667
76 84 0.041667
77 84 0.041667
78 84 0.041667
99 84 0.041667
102 84 0.041667
105 84 0.041667
107 84 0.041667
108 84 0.041667
122 84 0.041667
126 84 0.041667
127 84 0.041667
155 84 0.041667
161 84 0.041667
3 86 0.032258
4 86 0.032258
6 86 0.032258
19 86 0.032258
25 86 0.032258
27 86 0.032258
30 86 0.032258
34 86 0.032258
40 86 0.032258
43 86 0.032258
46 86 0.032258
49 86 0.032258
57 86 0.032258
66 86 0.032258
76 86 0.032258
77 86 0.032258
93 86 0.032258
104 86 0.032258
118 86 0.032258
120 86 0.032258
126 86 0.032258
134 86 0.032258
146 86 0.032258
150 86 0.032258
153 86 0.032258
163 86 0.032258
164 86 0.032258
165 86 0.032258
166 86 0.032258
172 86 0.032258
175 86 0.032258
3 87 0.058824
5 87 0.058824
6 87 0.058824
8 87 0.058824
30 87 0.058824
38 87 0.058824
39 87 0.058824
50 87 0.058824
75 87 0.058824
92 87 0.058824
110 87 0.058824
121 87 0.058824
132 87 0.058824
136 87 0.058824
144 87 0.058824
148 87 0.058824
159 87 0.058824
3 111 0.038462
11 111 0.038462
28 111 0.038462
30 111 0.038462
48 111 0.038462
50 111 0.038462
54 111 0.038462
55 111 0.038462
58 111 0.038462
63 111 0.038462
64 111 0.038462
66 111 0.038462
81 111 0.038462
83 111 0.038462
85 111 0.038462
95 111 0.038462
98 111 0.038462
102 111 0.038462
113 111 0.038462
115 111 0.038462
119 111 0.038462
137 111 0.038462
141 111 0.038462
149 111 0.038462
167 111 0.038462
173 111 0.038462
3 115 0.04
7 115 0.04
14 115 0.04
23 115 0.04
29 115 0.04
32 115 0.04
35 115 0.04
39 115 0.04
44 115 0.04
47 115 0.04
106 115 0.04
111 115 0.04
118 115 0.04
119 115 0.04
120 115 0.04
128 115 0.04
131 115 0.04
134 115 0.04
141 115 0.04
146 115 0.04
151 115 0.04
156 115 0.04
161 115 0.04
169 115 0.04
175 115 0.04
3 137 0.041667
14 137 0.041667
18 137 0.041667
26 137 0.041667
35 137 0.041667
37 137 0.041667
39 137 0.041667
48 137 0.041667
55 137 0.041667
77 137 0.041667
89 137 0.041667
101 137 0.041667
104 137 0.041667
106 137 0.041667
111 137 0.041667
122 137 0.041667
125 137 0.041667
138 137 0.041667
139 137 0.041667
143 137 0.041667
157 137 0.041667
161 137 0.041667
166 137 0.041667
169 137 0.041667
3 160 0.045455
14 160 0.045455
22 160 0.045455
31 160 0.045455
38 160 0.045455
43 160 0.045455
45 160 0.045455
52 160 0.045455
55 160 0.045455
71 160 0.045455
74 160 0.045455
82 160 0.045455
100 160 0.045455
113 160 0.045455
118 160 0.045455
122 160 0.045455
136 160 0.045455
143 160 0.045455
144 160 0.045455
159 160 0.045455
170 160 0.045455
174 160 0.045455
3 169 0.029412
8 169 0.029412
11 169 0.029412
13 169 0.029412
22 169 0.029412
25 169 0.029412
26 169 0.029412
27 169 0.029412
35 169 0.029412
53 169 0.029412
57 169 0.029412
58 169 0.029412
65 169 0.029412
69 169 0.029412
72 169 0.029412
75 169 0.029412
77 169 0.029412
81 169 0.029412
89 169 0.029412
93 169 0.029412
97 169 0.029412
99 169 0.029412
103 169 0.029412
104 169 0.029412
106 169 0.029412
110 169 0.029412
115 169 0.029412
124 169 0.029412
125 169 0.029412
126 169 0.029412
137 169 0.029412
154 169 0.029412
157 169 0.029412
166 169 0.029412
3 173 0.05
4 173 0.05
7 173 0.05
13 173 0.05
31 173 0.05
63 173 0.05
70 173 0.05
81 173 0.05
83 173 0.05
91 173 0.05
97 173 0.05
98 173 0.05
100 173 0.05
103 173 0.05
111 173 0.05
114 173 0.05
128 173 0.05
136 173 0.05
148 173 0.05
161 173 0.05
4 6 0.037037
25 6 0.037037
43 6 0.037037
59 6 0.037037
69 6 0.037037
70 6 0.037037
76 6 0.037037
78 6 0.037037
86 6 0.037037
87 6 0.037037
92 6 0.037037
93 6 0.037037
94 6 0.037037
96 6 0.037037
101 6 0.037037
109 6 0.037037
112 6 0.037037
113 6 0.037037
122 6 0.037037
130 6 0.037037
139 6 0.037037
144 6 0.037037
150 6 0.037037
153 6 0.037037
157 6 0.037037
164 6 0.037037
167 6 0.037037
4 14 0.045455
9 14 0.045455
10 14 0.045455
11 14 0.045455
12 14 0.045455
13 14 0.045455
18 14 0.045455
43 14 0.045455
44 14 0.045455
48 14 0.045455
71 14 0.045455
79 14 0.045455
115 14 0.045455
119 14 0.045455
128 14 0.045455
135 14 0.045455
137 14 0.045455
159 14 0.045455
160 14 0.045455
161 14 0.045455
168 14 0.045455
175 14 0.045455
4 20 0.029412
7 20 0.029412
11 20 0.029412
13 20 0.029412
18 20 0.029412
27 20 0.029412
31 20 0.029412
34 20 0.029412
35 20 0.029412
47 20 0.029412
50 20 0.029412
59 20 0.029412
67 20 0.029412
72 20 0.029412
79 20 0.029412
85 20 0.029412
91 20 0.029412
95 20 0.029412
97 20 0.029412
100 20 0.029412
106 20 0.029412
107 20 0.029412
110 20 0.029412
113 20 0.029412
116 20 0.029412
117 20 0.029412
126 20 0.029412
133 20 0.029412
135 20 0.029412
138 20 0.029412
140 20 0.029412
157 20 0.029412
159 20 0.029412
168 20 0.029412
4 31 0.04
15 31 0.04
17 31 0.04
20 31 0.04
23 31 0.04
25 31 0.04
51 31 0.04
72 31 0.04
76 31 0.04
88 31 0.04
94 31 0.04
98 31 0.04
99 31 0.04
103 31 0.04
112 31 0.04
117 31 0.04
126 31 0.04
129 31 0.04
146 31 0.04
150 31 0.04
157 31 0.04
160 31 0.04
162 31 0.04
173 31 0.04
175 31 0.04
4 42 0.043478
18 42 0.043478
30 42 0.043478
32 42 0.043478
36 42 0.043478
57 42 0.043478
74 42 0.043478
76 42 0.043478
78 42 0.043478
79 42 0.043478
85 42 0.043478
89 42 0.043478
95 42 0.043478
100 42 0.043478
104 42 0.043478
113 42 0.043478
122 42 0.043478
125 42 0.043478
133 42 0.043478
157 42 0.043478
167 42 0.043478
170 42 0.043478
174 42 0.043478
4 44 0.035714
9 44 0.035714
14 44 0.035714
16 44 0.035714
19 44 0.035714
27 44 0.035714
34 44 0.035714
38 44 0.035714
48 44 0.035714
68 44 0.035714
71 44 0.035714
74 44 0.035714
76 44 0.035714
79 44 0.035714
80 44 0.035714
82 44 0.035714
96 44 0.035714
100 44 0.035714
106 44 0.035714
108 44 0.035714
115 44 0.035714
124 44 0.035714
150 44 0.035714
152 44 0.035714
153 44 0.035714
156 44 0.035714
166 44 0.035714
175 44 0.035714
4 50 0.041667
5 50 0.041667
12 50 0.041667
18 50 0.041667
20 50 0.041667
28 50 0.041667
33 50 0.041667
35 50 0.041667
40 50 0.041667
41 50 0.041667
52 50 0.041667
64 50 0.041667
75 50 0.041667
79 50 0.041667
87 50 0.041667
89 50 0.041667
111 50 0.041667
112 50 0.041667
118 50 0.041667
143 50 0.041667
150 50 0.041667
154 50 0.041667
155 50 0.041667
163 50 0.041667
4 75 0.04
11 75 0.04
24 75 0.04
25 75 0.04
37 75 0.04
38 75 0.04
39 75 0.04
48 75 0.04
50 75 0.04
56 75 0.04
59 75 0.04
62 75 0.04
64 75 0.04
74 75 0.04
79 75 0.04
87 75 0.04
96 75 0.04
100 75 0.04
114 75 0.04
119 75 0.04
131 75 0.04
133 75 0.04
142 75 0.04
159 75 0.04
169 75 0.04
4 91 0.037037
20 91 0.037037
21 91 0.037037
26 91 0.037037
27 91 0.037037
29 91 0.037037
34 91 0.037037
51 91 0.037037
53 91 0.037037
54 91 0.037037
69 91 0.037037
74 91 0.037037
80 91 0.037037
89 91 0.037037
92 91 0.037037
96 91 0.037037
99 91 0.037037
113 91 0.037037
119 91 0.037037
126 91 0.037037
130 91 0.037037
140 91 0.037037
145 91 0.037037
155 91 0.037037
164 91 0.037037
171 91 0.037037
173 91 0.037037
4 94 0.027778
6 94 0.027778
9 94 0.027778
15 94 0.027778
18 94 0.027778
25 94 0.027778
26 94 0.027778
31 94 0.027778
32 94 0.027778
37 94 0.027778
38 94 0.027778
39 94 0.027778
40 94 0.027778
41 94 0.027778
48 94 0.027778
57 94 0.027778
65 94 0.027778
69 94 0.027778
78 94 0.027778
80 94 0.027778
89 94 0.027778
95 94 0.027778
98 94 0.027778
101 94 0.027778
103 94 0.027778
104 94 0.027778
110 94 0.027778
119 94 0.027778
131 94 0.027778
146 94 0.027778
151 94 0.027778
152 94 0.027778
155 94 0.027778
158 94 0.027778
159 94 0.027778
175 94 0.027778
4 102 0.035714
10 102 0.035714
17 102 0.035714
22 102 0.035714
25 102 0.035714
30 102 0.035714
35 102 0.035714
69 102 0.035714
70 102 0.035714
82 102 0.035714
84 102 0.035714
99 102 0.035714
103 102 0.035714
109 102 0.035714
111 102 0.035714
116 102 0.035714
117 102 0.035714
130 102 0.035714
134 102 0.035714
136 102 0.035714
141 102 0.035714
143 102 0.035714
147 102 0.035714
154 102 0.035714
157 102 0.035714
162 102 0.035714
163 102 0.035714
168 102 0.035714
4 107 0.038462
12 107 0.038462
17 107 0.038462
20 107 0.038462
24 107 0.038462
33 107 0.038462
34 107 0.038462
40 107 0.038462
41 107 0.038462
56 107 0.038462
64 107 0.038462
84 107 0.038462
89 107 0.038462
98 107 0.038462
99 107 0.038462
101 107 0.038462
103 107 0.038462
104 107 0.038462
109 107 0.038462
113 107 0.038462
118 107 0.038462
136 107 0.038462
148 107 0.038462
157 107 0.038462
162 107 0.038462
171 107 0.038462
4 120 0.030303
17 120 0.030303
27 120 0.030303
33 120 0.030303
35 120 0.030303
36 120 0.030303
37 120 0.030303
54 120 0.030303
56 120 0.030303
58 120 0.030303
60 120 0.030303
64 120 0.030303
65 120 0.030303
67 120 0.030303
68 120 0.030303
72 120 0.030303
86 120 0.030303
93 120 0.030303
96 120 0.030303
115 120 0.030303
116 120 0.030303
119 120 0.030303
122 120 0.030303
123 120 0.030303
128 120 0.030303
132 120 0.030303
135 120 0.030303
145 120 0.030303
159 120 0.030303
163 120 0.030303
164 120 0.030303
170 120 0.030303
175 120 0.030303
4 122 0.045455
6 122 0.045455
12 122 0.045455
16 122 0.045455
17 122 0.045455
21 122 0.045455
30 122 0.045455
39 122 0.045455
42 122 0.045455
51 122 0.045455
57 122 0.045455
61 122 0.045455
77 122 0.045455
84 122 0.045455
105 122 0.045455
120 122 0.045455
137 122 0.045455
139 122 0.045455
148 122 0.045455
152 122 0.045455
154 122 0.045455
160 122 0.045455
4 139 0.032258
6 139 0.032258
8 139 0.032258
11 139 0.032258
16 139 0.032258
26 139 0.032258
35 139 0.032258
37 139 0.032258
38 139 0.032258
39 139 0.032258
45 139 0.032258
47 139 0.032258
52 139 0.032258
58 139 0.032258
67 139 0.032258
77 139 0.032258
82 139 0.032258
98 139 0.032258
105 139 0.032258
118 139 0.032258
122 139 0.032258
129 139 0.032258
137 139 0.032258
138 139 0.032258
153 139 0.032258
155 139 0.032258
157 139 0.032258
162 139 0.032258
165 139 0.032258
168 139 0.032258
170 139 0.032258
4 151 0.035714
5 151 0.035714
13 151 0.035714
21 151 0.035714
30 151 0.035714
39 151 0.035714
41 151 0.035714
57 151 0.035714
67 151 0.035714
76 151 0.035714
79 151 0.035714
81 151 0.035714
94 151 0.035714
115 151 0.035714
124 151 0.035714
125 151 0.035714
130 151 0.035714
133 151 0.035714
136 151 0.035714
140 151 0.035714
141 151 0.035714
142 151 0.035714
147 151 0.035714
152 151 0.035714
155 151 0.035714
162 151 0.035714
164 151 0.035714
174 151 0.035714
4 167 0.038462
6 167 0.038462
8 167 0.038462
11 167 0.038462
12 167 0.038462
25 167 0.038462
30 167 0.038462
37 167 0.038462
42 167 0.038462
45 167 0.038462
55 167 0.038462
63 167 0.038462
69 167 0.038462
95 167 0.038462
105 167 0.038462
111 167 0.038462
113 167 0.038462
116 167 0.038462
124 167 0.038462
135 167 0.038462
142 167 0.038462
150 167 0.038462
158 167 0.038462
159 167 0.038462
163 167 0.038462
175 167 0.038462
5 7 0.038462
8 7 0.038462
13 7 0.038462
15 7 0.038462
20 7 0.038462
30 7 0.038462
49 7 0.038462
51 7 0.038462
52 7 0.038462
57 7 0.038462
81 7 0.038462
84 7 0.038462
85 7 0.038462
97 7 0.038462
98 7 0.038462
101 7 0.038462
109 7 0.038462
115 7 0.038462
127 7 0.038462
138 7 0.038462
140 7 0.038462
144 7 0.038462
156 7 0.038462
166 7 0.038462
173 7 0.038462
175 7 0.038462
5 15 0.037037
7 15 0.037037
8 15 0.037037
10 15 0.037037
12 15 0.037037
22 15 0.037037
27 15 0.037037
31 15 0.037037
34 15 0.037037
52 15 0.037037
57 15 0.037037
60 15 0.037037
61 15 0.037037
64 15 0.037037
71 15 0.037037
81 15 0.037037
83 15 0.037037
88 15 0.037037
94 15 0.037037
97 15 0.037037
112 15 0.037037
134 15 0.037037
141 15 0.037037
147 15 0.037037
155 15 0.037037
158 15 0.037037
168 15 0.037037
5 18 0.045455
14 18 0.045455
20 18 0.045455
27 18 0.045455
37 18 0.045455
42 18 0.045455
50 18 0.045455
53 18 0.045455
66 18 0.045455
79 18 0.045455
94 18 0.045455
97 18 0.045455
104 18 0.045455
106 18 0.045455
131 18 0.045455
137 18 0.045455
143 18 0.045455
150 18 0.045455
153 18 0.045455
157 18 0.045455
159 18 0.045455
172 18 0.045455
5 19 0.047619
9 19 0.047619
10 19 0.047619
12 19 0.047619
25 19 0.047619
29 19 0.047619
44 19 0.047619
53 19 0.047619
55 19 0.047619
64 19 0.047619
67 19 0.047619
80 19 0.047619
82 19 0.047619
84 19 0.047619
86 19 0.047619
99 19 0.047619
106 19 0.047619
112 19 0.047619
135 19 0.047619
161 19 0.047619
168 19 0.047619
5 38 0.034483
16 38 0.034483
27 38 0.034483
39 38 0.034483
44 38 0.034483
47 38 0.034483
49 38 0.034483
55 38 0.034483
60 38 0.034483
70 38 0.034483
71 38 0.034483
75 38 0.034483
85 38 0.034483
87 38 0.034483
92 38 0.034483
94 38 0.034483
101 38 0.034483
106 38 0.034483
110 38 0.034483
128 38 0.034483
130 38 0.034483
135 38 0.034483
138 38 0.034483
139 38 0.034483
143 38 0.034483
152 38 0.034483
156 38 0.034483
160 38 0.034483
170 38 0.034483
5 57 0.029412
7 57 0.029412
12 57 0.029412
15 57 0.029412
17 57 0.029412
23 57 0.029412
26 57 0.029412
27 57 0.029412
32 57 0.029412
42 57 0.029412
52 57 0.029412
62 57 0.029412
65 57 0.029412
74 57 0.029412
79 57 0.029412
86 57 0.029412
93 57 0.029412
94 57 0.029412
95 57 0.029412
113 57 0.029412
114 57 0.029412
118 57 0.029412
119 57 0.029412
122 57 0.029412
129 57 0.029412
130 57 0.029412
140 57 0.029412
144 57 0.029412
148 57 0.029412
151 57 0.029412
165 57 0.029412
166 57 0.029412
169 57 0.029412
172 57 0.029412
5 61 0.041667
9 61 0.041667
15 61 0.041667
23 61 0.041667
33 61 0.041667
36 61 0.041667
39 61 0.041667
43 61 0.041667
51 61 0.041667
56 61 0.041667
65 61 0.041667
66 61 0.041667
85 61 0.041667
105 61 0.041667
122 61 0.041667
124 61 0.041667
126 61 0.041667
141 61 0.041667
142 61 0.041667
159 61 0.041667
161 61 0.041667
168 61 0.041667
170 61 0.041667
175 61 0.041667
5 77 0.041667
11 77 0.041667
23 77 0.041667
25 77 0.041667
32 77 0.041667
52 77 0.041667
53 77 0.041667
54 77 0.041667
56 77 0.041667
74 77 0.041667
84 77 0.041667
86 77 0.041667
89 77 0.041667
92 77 0.041667
104 77 0.041667
112 77 0.041667
122 77 0.041667
126 77 0.041667
137 77 0.041667
138 77 0.041667
139 77 0.041667
145 77 0.041667
166 77 0.041667
169 77 0.041667
5 89 0.027778
9 89 0.027778
13 89 0.027778
16 89 0.027778
24 89 0.027778
26 89 0.027778
30 89 0.027778
33 89 0.027778
42 89 0.027778
50 89 0.027778
54 89 0.027778
55 89 0.027778
56 89 0.027778
59 89 0.027778
67 89 0.027778
70 89 0.027778
76 89 0.027778
77 89 0.027778
79 89 0.027778
91 89 0.027778
92 89 0.027778
93 89 0.027778
94 89 0.027778
101 89 0.027778
105 89 0.027778
107 89 0.027778
119 89 0.027778
129 89 0.027778
133 89 0.027778
137 89 0.027778
138 89 0.027778
143 89 0.027778
145 89 0.027778
166 89 0.027778
169 89 0.027778
172 89 0.027778
5 126 0.032258
16 126 0.032258
20 126 0.032258
25 126 0.032258
26 126 0.032258
31 126 0.032258
34 126 0.032258
41 126 0.032258
48 126 0.032258
49 126 0.032258
52 126 0.032258
54 126 0.032258
55 126 0.032258
61 126 0.032258
67 126 0.032258
68 126 0.032258
70 126 0.032258
77 126 0.032258
82 126 0.032258
84 126 0.032258
86 126 0.032258
91 126 0.032258
95 126 0.032258
105 126 0.032258
118 126 0.032258
125 126 0.032258
133 126 0.032258
136 126 0.032258
163 126 0.032258
169 126 0.032258
172 126 0.032258
5 144 0.047619
6 144 0.047619
7 144 0.047619
24 144 0.047619
28 144 0.047619
41 144 0.047619
45 144 0.047619
48 144 0.047619
57 144 0.047619
59 144 0.047619
62 144 0.047619
65 144 0.047619
87 144 0.047619
92 144 0.047619
98 144 0.047619
100 144 0.047619
110 144 0.047619
117 144 0.047619
134 144 0.047619
156 144 0.047619
160 144 0.047619
5 147 0.043478
15 147 0.043478
24 147 0.043478
26 147 0.043478
29 147 0.043478
37 147 0.043478
55 147 0.043478
59 147 0.043478
76 147 0.043478
102 147 0.043478
104 147 0.043478
128 147 0.043478
134 147 0.043478
136 147 0.043478
138 147 0.043478
149 147 0.043478
151 147 0.043478
155 147 0.043478
156 147 0.043478
163 147 0.043478
164 147 0.043478
171 147 0.043478
174 147 0.043478
5 163 0.035714
29 163 0.035714
34 163 0.035714
39 163 0.035714
41 163 0.035714
50 163 0.035714
69 163 0.035714
72 163 0.035714
76 163 0.035714
79 163 0.035714
81 163 0.035714
83 163 0.035714
86 163 0.035714
95 163 0.035714
97 163 0.035714
102 163 0.035714
112 163 0.035714
117 163 0.035714
120 163 0.035714
126 163 0.035714
127 163 0.035714
129 163 0.035714
134 163 0.035714
138 163 0.035714
145 163 0.035714
147 163 0.035714
148 163 0.035714
167 163 0.035714
6 59 0.041667
9 59 0.041667
13 59 0.041667
20 59 0.041667
21 59 0.041667
24 59 0.041667
36 59 0.041667
48 59 0.041667
68 59 0.041667
70 59 0.041667
73 59 0.041667
75 59 0.041667
78 59 0.041667
79 59 0.041667
89 59 0.041667
90 59 0.041667
103 59 0.041667
112 59 0.041667
124 59 0.041667
144 59 0.041667
147 59 0.041667
156 59 0.041667
158 59 0.041667
171 59 0.041667
6 76 0.037037
16 76 0.037037
30 76 0.037037
31 76 0.037037
37 76 0.037037
42 76 0.037037
43 76 0.037037
44 76 0.037037
65 76 0.037037
84 76 0.037037
86 76 0.037037
88 76 0.037037
89 76 0.037037
103 76 0.037037
105 76 0.037037
108 76 0.037037
109 76 0.037037
117 76 0.037037
121 76 0.037037
130 76 0.037037
132 76 0.037037
134 76 0.037037
147 76 0.037037
148 76 0.037037
151 76 0.037037
162 76 0.037037
163 76 0.037037
6 93 0.043478
24 93 0.043478
35 93 0.043478
57 93 0.043478
58 93 0.043478
66 93 0.043478
73 93 0.043478
78 93 0.043478
86 93 0.043478
89 93 0.043478
95 93 0.043478
97 93 0.043478
114 93 0.043478
120 93 0.043478
129 93 0.043478
138 93 0.043478
142 93 0.043478
145 93 0.043478
146 93 0.043478
154 93 0.043478
168 93 0.043478
169 93 0.043478
172 93 0.043478
6 96 0.052632
8 96 0.052632
23 96 0.052632
44 96 0.052632
52 96 0.052632
69 96 0.052632
75 96 0.052632
80 96 0.052632
91 96 0.052632
105 96 0.052632
106 96 0.052632
112 96 0.052632
120 96 0.052632
125 96 0.052632
128 96 0.052632
136 96 0.052632
140 96 0.052632
152 96 0.052632
157 96 0.052632
6 101 0.045455
7 101 0.045455
23 101 0.045455
38 101 0.045455
41 101 0.045455
65 101 0.045455
78 101 0.045455
83 101 0.045455
89 101 0.045455
94 101 0.045455
105 101 0.045455
107 101 0.045455
113 101 0.045455
117 101 0.045455
128 101 0.045455
137 101 0.045455
153 101 0.045455
154 101 0.045455
157 101 0.045455
159 101 0.045455
161 101 0.045455
175 101 0.045455
6 112 0.033333
8 112 0.033333
9 112 0.033333
15 112 0.033333
19 112 0.033333
24 112 0.033333
26 112 0.033333
29 112 0.033333
31 112 0.033333
49 112 0.033333
50 112 0.033333
56 112 0.033333
59 112 0.033333
72 112 0.033333
77 112 0.033333
80 112 0.033333
88 112 0.033333
96 112 0.033333
105 112 0.033333
106 112 0.033333
125 112 0.033333
130 112 0.033333
145 112 0.033333
152 112 0.033333
153 112 0.033333
155 112 0.033333
157 112 0.033333
161 112 0.033333
163 112 0.033333
175 112 0.033333
6 113 0.03125
12 113 0.03125
16 113 0.03125
20 113 0.03125
21 113 0.03125
33 113 0.03125
40 113 0.03125
42 113 0.03125
55 113 0.03125
57 113 0.03125
58 113 0.03125
69 113 0.03125
78 113 0.03125
80 113 0.03125
91 113 0.03125
101 113 0.03125
103 113 0.03125
106 113 0.03125
107 113 0.03125
110 113 0.03125
111 113 0.03125
114 113 0.03125
127 113 0.03125
150 113 0.03125
152 113 0.03125
157 113 0.03125
158 113 0.03125
160 113 0.03125
162 113 0.03125
164 113 0.03125
167 113 0.03125
170 113 0.03125
6 130 0.041667
17 130 0.041667
38 130 0.041667
40 130 0.041667
52 130 0.041667
57 130 0.041667
63 130 0.041667
69 130 0.041667
76 130 0.041667
83 130 0.041667
91 130 0.041667
95 130 0.041667
99 130 0.041667
102 130 0.041667
105 130 0.041667
112 130 0.041667
116 130 0.041667
131 130 0.041667
140 130 0.041667
151 130 0.041667
154 130 0.041667
158 130 0.041667
166 130 0.041667
170 130 0.041667
6 153 0.04
12 153 0.04
13 153 0.04
16 153 0.04
18 153 0.04
22 153 0.04
39 153 0.04
44 153 0.04
49 153 0.04
56 153 0.04
64 153 0.04
78 153 0.04
80 153 0.04
86 153 0.04
101 153 0.04
112 153 0.04
114 153 0.04
116 153 0.04
119 153 0.04
128 153 0.04
131 153 0.04
132 153 0.04
139 153 0.04
174 153 0.04
175 153 0.04
7 8 0.038462
15 8 0.038462
25 8 0.038462
32 8 0.038462
41 8 0.038462
62 8 0.038462
63 8 0.038462
65 8 0.038462
82 8 0.038462
87 8 0.038462
90 8 0.038462
96 8 0.038462
97 8 0.038462
103 8 0.038462
105 8 0.038462
112 8 0.038462
119 8 0.038462
127 8 0.038462
132 8 0.038462
134 8 0.038462
139 8 0.038462
143 8 0.038462
157 8 0.038462
167 8 0.038462
169 8 0.038462
171 8 0.038462
7 52 0.032258
15 52 0.032258
21 52 0.032258
23 52 0.032258
39 52 0.032258
46 52 0.032258
48 52 0.032258
50 52 0.032258
54 52 0.032258
55 52 0.032258
56 52 0.032258
57 52 0.032258
58 52 0.032258
77 52 0.032258
81 52 0.032258
84 52 0.032258
92 52 0.032258
96 52 0.032258
99 52 0.032258
103 52 0.032258
109 52 0.032258
126 52 0.032258
129 52 0.032258
130 52 0.032258
139 52 0.032258
140 52 0.032258
142 52 0.032258
143 52 0.032258
154 52 0.032258
160 52 0.032258
175 52 0.032258
7 81 0.04
15 81 0.04
22 81 0.04
23 81 0.04
41 81 0.04
48 81 0.04
51 81 0.04
52 81 0.04
58 81 0.04
69 81 0.04
70 81 0.04
85 81 0.04
92 81 0.04
95 81 0.04
99 81 0.04
111 81 0.04
119 81 0.04
134 81 0.04
143 81 0.04
151 81 0.04
158 81 0.04
163 81 0.04
169 81 0.04
172 81 0.04
173 81 0.04
7 85 0.043478
12 85 0.043478
20 85 0.043478
23 85 0.043478
24 85 0.043478
27 85 0.043478
32 85 0.043478
34 85 0.043478
38 85 0.043478
42 85 0.043478
61 85 0.043478
67 85 0.043478
71 85 0.043478
74 85 0.043478
81 85 0.043478
82 85 0.043478
103 85 0.043478
108 85 0.043478
111 85 0.043478
125 85 0.043478
128 85 0.043478
142 85 0.043478
164 85 0.043478
7 97 0.041667
8 97 0.041667
13 97 0.041667
15 97 0.041667
17 97 0.041667
18 97 0.041667
20 97 0.041667
64 97 0.041667
66 97 0.041667
71 97 0.041667
90 97 0.041667
93 97 0.041667
98 97 0.041667
100 97 0.041667
104 97 0.041667
119 97 0.041667
127 97 0.041667
132 97 0.041667
156 97 0.041667
162 97 0.041667
163 97 0.041667
165 97 0.041667
169 97 0.041667
173 97 0.041667
7 140 0.041667
20 140 0.041667
49 140 0.041667
52 140 0.041667
53 140 0.041667
56 140 0.041667
57 140 0.041667
58 140 0.041667
69 140 0.041667
91 140 0.041667
92 140 0.041667
96 140 0.041667
106 140 0.041667
118 140 0.041667
127 140 0.041667
130 140 0.041667
134 140 0.041667
136 140 0.041667
141 140 0.041667
143 140 0.041667
146 140 0.041667
149 140 0.041667
151 140 0.041667
154 140 0.041667
7 156 0.052632
11 156 0.052632
17 156 0.052632
25 156 0.052632
37 156 0.052632
38 156 0.052632
39 156 0.052632
44 156 0.052632
55 156 0.052632
59 156 0.052632
69 156 0.052632
97 156 0.052632
105 156 0.052632
115 156 0.052632
127 156 0.052632
132 156 0.052632
144 156 0.052632
147 156 0.052632
152 156 0.052632
7 175 0.032258
14 175 0.032258
17 175 0.032258
25 175 0.032258
31 175 0.032258
35 175 0.032258
36 175 0.032258
41 175 0.032258
44 175 0.032258
45 175 0.032258
52 175 0.032258
61 175 0.032258
70 175 0.032258
71 175 0.032258
79 175 0.032258
86 175 0.032258
94 175 0.032258
101 175 0.032258
108 175 0.032258
109 175 0.032258
112 175 0.032258
115 175 0.032258
117 175 0.032258
118 175 0.032258
120 175 0.032258
131 175 0.032258
134 175 0.032258
153 175 0.032258
167 175 0.032258
170 175 0.032258
174 175 0.032258
8 32 0.047619
9 32 0.047619
30 32 0.047619
35 32 0.047619
39 32 0.047619
42 32 0.047619
53 32 0.047619
55 32 0.047619
57 32 0.047619
77 32 0.047619
85 32 0.047619
94 32 0.047619
104 32 0.047619
115 32 0.047619
119 32 0.047619
124 32 0.047619
125 32 0.047619
127 32 0.047619
132 32 0.047619
152 32 0.047619
171 32 0.047619
8 65 0.058824
33 65 0.058824
34 65 0.058824
56 65 0.058824
57 65 0.058824
61 65 0.058824
67 65 0.058824
71 65 0.058824
76 65 0.058824
94 65 0.058824
101 65 0.058824
120 65 0.058824
136 65 0.058824
142 65 0.058824
144 65 0.058824
149 65 0.058824
169 65 0.058824
8 105 0.028571
16 105 0.028571
35 105 0.028571
36 105 0.028571
40 105 0.028571
45 105 0.028571
53 105 0.028571
56 105 0.028571
60 105 0.028571
61 105 0.028571
76 105 0.028571
78 105 0.028571
84 105 0.028571
89 105 0.028571
96 105 0.028571
100 105 0.028571
101 105 0.028571
110 105 0.028571
112 105 0.028571
114 105 0.028571
117 105 0.028571
122 105 0.028571
125 105 0.028571
126 105 0.028571
130 105 0.028571
138 105 0.028571
139 105 0.028571
143 105 0.028571
150 105 0.028571
156 105 0.028571
164 105 0.028571
165 105 0.028571
167 105 0.028571
171 105 0.028571
174 105 0.028571
8 119 0.03125
12 119 0.03125
14 119 0.03125
16 119 0.03125
30 119 0.03125
32 119 0.03125
37 119 0.03125
40 119 0.03125
43 119 0.03125
47 119 0.03125
49 119 0.03125
57 119 0.03125
60 119 0.03125
64 119 0.03125
66 119 0.03125
75 119 0.03125
79 119 0.03125
81 119 0.03125
88 119 0.03125
89 119 0.03125
91 119 0.03125
94 119 0.03125
95 119 0.03125
97 119 0.03125
111 119 0.03125
115 119 0.03125
116 119 0.03125
120 119 0.03125
123 119 0.03125
131 119 0.03125
153 119 0.03125
155 119 0.03125
8 132 0.047619
9 132 0.047619
13 132 0.047619
32 132 0.047619
35 132 0.047619
36 132 0.047619
56 132 0.047619
68 132 0.047619
76 132 0.047619
87 132 0.047619
97 132 0.047619
109 132 0.047619
120 132 0.047619
129 132 0.047619
135 132 0.047619
141 132 0.047619
146 132 0.047619
153 132 0.047619
156 132 0.047619
165 132 0.047619
166 132 0.047619
8 143 0.034483
12 143 0.034483
18 143 0.034483
38 143 0.034483
41 143 0.034483
45 143 0.034483
46 143 0.034483
50 143 0.034483
52 143 0.034483
56 143 0.034483
81 143 0.034483
89 143 0.034483
92 143 0.034483
99 143 0.034483
102 143 0.034483
105 143 0.034483
121 143 0.034483
129 143 0.034483
134 143 0.034483
136 143 0.034483
137 143 0.034483
140 143 0.034483
141 143 0.034483
142 143 0.034483
154 143 0.034483
160 143 0.034483
170 143 0.034483
171 143 0.034483
174 143 0.034483
9 100 0.035714
13 100 0.035714
20 100 0.035714
21 100 0.035714
23 100 0.035714
25 100 0.035714
33 100 0.035714
42 100 0.035714
44 100 0.035714
46 100 0.035714
47 100 0.035714
69 100 0.035714
71 100 0.035714
75 100 0.035714
97 100 0.035714
98 100 0.035714
105 100 0.035714
116 100 0.035714
121 100 0.035714
124 100 0.035714
127 100 0.035714
142 100 0.035714
144 100 0.035714
150 100 0.035714
152 100 0.035714
160 100 0.035714
172 100 0.035714
173 100 0.035714
9 110 0.041667
17 110 0.041667
20 110 0.041667
21 110 0.041667
25 110 0.041667
37 110 0.041667
38 110 0.041667
53 110 0.041667
58 110 0.041667
67 110 0.041667
68 110 0.041667
87 110 0.041667
90 110 0.041667
94 110 0.041667
103 110 0.041667
104 110 0.041667
105 110 0.041667
113 110 0.041667
141 110 0.041667
144 110 0.041667
166 110 0.041667
168 110 0.041667
169 110 0.041667
171 110 0.041667
9 118 0.04
34 118 0.04
36 118 0.04
43 118 0.04
47 118 0.04
49 118 0.04
50 118 0.04
54 118 0.04
57 118 0.04
64 118 0.04
67 118 0.04
72 118 0.04
79 118 0.04
86 118 0.04
107 118 0.04
115 118 0.04
116 118 0.04
126 118 0.04
139 118 0.04
140 118 0.04
149 118 0.04
160 118 0.04
168 118 0.04
170 118 0.04
175 118 0.04
9 121 0.055556
11 121 0.055556
26 121 0.055556
29 121 0.055556
36 121 0.055556
45 121 0.055556
46 121 0.055556
49 121 0.055556
76 121 0.055556
87 121 0.055556
98 121 0.055556
100 121 0.055556
123 121 0.055556
125 121 0.055556
141 121 0.055556
143 121 0.055556
158 121 0.055556
168 121 0.055556
9 145 0.037037
40 145 0.037037
45 145 0.037037
49 145 0.037037
53 145 0.037037
63 145 0.037037
66 145 0.037037
67 145 0.037037
72 145 0.037037
74 145 0.037037
77 145 0.037037
89 145 0.037037
91 145 0.037037
93 145 0.037037
95 145 0.037037
103 145 0.037037
112 145 0.037037
120 145 0.037037
136 145 0.037037
138 145 0.037037
141 145 0.037037
148 145 0.037037
157 145 0.037037
162 145 0.037037
163 145 0.037037
165 145 0.037037
172 145 0.037037
9 152 0.035714
13 152 0.035714
32 152 0.035714
33 152 0.035714
35 152 0.035714
36 152 0.035714
38 152 0.035714
44 152 0.035714
55 152 0.035714
58 152 0.035714
64 152 0.035714
67 152 0.035714
94 152 0.035714
96 152 0.035714
100 152 0.035714
103 152 0.035714
109 152 0.035714
112 152 0.035714
113 152 0.035714
122 152 0.035714
124 152 0.035714
128 152 0.035714
138 152 0.035714
149 152 0.035714
150 152 0.035714
151 152 0.035714
156 152 0.035714
174 152 0.035714
9 155 0.045455
15 155 0.045455
36 155 0.045455
37 155 0.045455
40 155 0.045455
50 155 0.045455
56 155 0.045455
62 155 0.045455
64 155 0.045455
84 155 0.045455
91 155 0.045455
94 155 0.045455
106 155 0.045455
112 155 0.045455
119 155 0.045455
127 155 0.045455
134 155 0.045455
139 155 0.045455
147 155 0.045455
151 155 0.045455
154 155 0.045455
171 155 0.045455
10 33 0.045455
23 33 0.045455
35 33 0.045455
40 33 0.045455
50 33 0.045455
51 33 0.045455
54 33 0.045455
61 33 0.045455
65 33 0.045455
68 33 0.045455
89 33 0.045455
100 33 0.045455
107 33 0.045455
113 33 0.045455
120 33 0.045455
123 33 0.045455
148 33 0.045455
152 33 0.045455
159 33 0.045455
162 33 0.045455
164 33 0.045455
166 33 0.045455
10 53 0.045455
18 53 0.045455
19 53 0.045455
28 53 0.045455
32 53 0.045455
40 53 0.045455
62 53 0.045455
77 53 0.045455
83 53 0.045455
88 53 0.045455
91 53 0.045455
105 53 0.045455
110 53 0.045455
123 53 0.045455
127 53 0.045455
133 53 0.045455
140 53 0.045455
145 53 0.045455
148 53 0.045455
159 53 0.045455
169 53 0.045455
174 53 0.045455
10 56 0.025641
13 56 0.025641
17 56 0.025641
25 56 0.025641
34 56 0.025641
35 56 0.025641
37 56 0.025641
41 56 0.025641
45 56 0.025641
52 56 0.025641
58 56 0.025641
61 56 0.025641
64 56 0.025641
65 56 0.025641
69 56 0.025641
71 56 0.025641
74 56 0.025641
75 56 0.025641
77 56 0.025641
83 56 0.025641
89 56 0.025641
98 56 0.025641
103 56 0.025641
105 56 0.025641
107 56 0.025641
109 56 0.025641
112 56 0.025641
120 56 0.025641
124 56 0.025641
131 56 0.025641
132 56 0.025641
133 56 0.025641
134 56 0.025641
140 56 0.025641
143 56 0.025641
153 56 0.025641
155 56 0.025641
158 56 0.025641
161 56 0.025641
10 68 0.04
16 68 0.04
22 68 0.04
25 68 0.04
28 68 0.04
33 68 0.04
37 68 0.04
43 68 0.04
44 68 0.04
48 68 0.04
59 68 0.04
90 68 0.04
92 68 0.04
98 68 0.04
104 68 0.04
110 68 0.04
120 68 0.04
126 68 0.04
129 68 0.04
131 68 0.04
132 68 0.04
141 68 0.04
146 68 0.04
154 68 0.04
165 68 0.04
10 142 0.04
17 142 0.04
29 142 0.04
46 142 0.04
48 142 0.04
52 142 0.04
61 142 0.04
64 142 0.04
65 142 0.04
70 142 0.04
75 142 0.04
85 142 0.04
90 142 0.04
93 142 0.04
100 142 0.04
108 142 0.04
116 142 0.04
125 142 0.04
143 142 0.04
146 142 0.04
149 142 0.04
151 142 0.04
154 142 0.04
165 142 0.04
167 142 0.04
10 159 0.038462
14 159 0.038462
17 159 0.038462
18 159 0.038462
20 159 0.038462
33 159 0.038462
40 159 0.038462
53 159 0.038462
61 159 0.038462
64 159 0.038462
71 159 0.038462
73 159 0.038462
75 159 0.038462
87 159 0.038462
88 159 0.038462
92 159 0.038462
94 159 0.038462
95 159 0.038462
101 159 0.038462
116 159 0.038462
120 159 0.038462
125 159 0.038462
158 159 0.038462
160 159 0.038462
161 159 0.038462
167 159 0.038462
11 29 0.043478
19 29 0.043478
28 29 0.043478
46 29 0.043478
62 29 0.043478
67 29 0.043478
74 29 0.043478
80 29 0.043478
88 29 0.043478
91 29 0.043478
112 29 0.043478
114 29 0.043478
115 29 0.043478
121 29 0.043478
128 29 0.043478
142 29 0.043478
147 29 0.043478
158 29 0.043478
161 29 0.043478
163 29 0.043478
164 29 0.043478
165 29 0.043478
171 29 0.043478
11 37 0.03125
16 37 0.03125
18 37 0.03125
26 37 0.03125
28 37 0.03125
35 37 0.03125
51 37 0.03125
56 37 0.03125
68 37 0.03125
74 37 0.03125
75 37 0.03125
76 37 0.03125
80 37 0.03125
88 37 0.03125
94 37 0.03125
103 37 0.03125
106 37 0.03125
110 37 0.03125
119 37 0.03125
120 37 0.03125
124 37 0.03125
127 37 0.03125
129 37 0.03125
136 37 0.03125
137 37 0.03125
139 37 0.03125
147 37 0.03125
155 37 0.03125
156 37 0.03125
164 37 0.03125
166 37 0.03125
167 37 0.03125
11 46 0.043478
29 46 0.043478
47 46 0.043478
52 46 0.043478
54 46 0.043478
63 46 0.043478
64 46 0.043478
71 46 0.043478
80 46 0.043478
86 46 0.043478
88 46 0.043478
92 46 0.043478
98 46 0.043478
100 46 0.043478
104 46 0.043478
121 46 0.043478
131 46 0.043478
134 46 0.043478
142 46 0.043478
143 46 0.043478
148 46 0.043478
164 46 0.043478
168 46 0.043478
11 83 0.058824
15 83 0.058824
26 83 0.058824
34 83 0.058824
48 83 0.058824
53 83 0.058824
56 83 0.058824
58 83 0.058824
67 83 0.058824
90 83 0.058824
101 83 0.058824
104 83 0.058824
106 83 0.058824
111 83 0.058824
130 83 0.058824
163 83 0.058824
173 83 0.058824
11 125 0.043478
32 125 0.043478
39 125 0.043478
42 125 0.043478
54 125 0.043478
71 125 0.043478
72 125 0.043478
85 125 0.043478
96 125 0.043478
105 125 0.043478
112 125 0.043478
121 125 0.043478
124 125 0.043478
126 125 0.043478
134 125 0.043478
137 125 0.043478
142 125 0.043478
149 125 0.043478
151 125 0.043478
159 125 0.043478
168 125 0.043478
169 125 0.043478
172 125 0.043478
11 165 0.037037
16 165 0.037037
17 165 0.037037
25 165 0.037037
29 165 0.037037
36 165 0.037037
39 165 0.037037
48 165 0.037037
57 165 0.037037
66 165 0.037037
68 165 0.037037
80 165 0.037037
86 165 0.037037
90 165 0.037037
97 165 0.037037
98 165 0.037037
103 165 0.037037
105 165 0.037037
124 165 0.037037
131 165 0.037037
132 165 0.037037
139 165 0.037037
142 165 0.037037
145 165 0.037037
149 165 0.037037
150 165 0.037037
172 165 0.037037
12 34 0.030303
15 34 0.030303
20 34 0.030303
25 34 0.030303
28 34 0.030303
36 34 0.030303
44 34 0.030303
49 34 0.030303
51 34 0.030303
56 34 0.030303
60 34 0.030303
63 34 0.030303
65 34 0.030303
69 34 0.030303
70 34 0.030303
80 34 0.030303
83 34 0.030303
85 34 0.030303
86 34 0.030303
91 34 0.030303
107 34 0.030303
116 34 0.030303
118 34 0.030303
126 34 0.030303
127 34 0.030303
129 34 0.030303
131 34 0.030303
148 34 0.030303
149 34 0.030303
158 34 0.030303
161 34 0.030303
163 34 0.030303
170 34 0.030303
12 66 0.045455
18 66 0.045455
36 66 0.045455
41 66 0.045455
61 66 0.045455
78 66 0.045455
80 66 0.045455
86 66 0.045455
90 66 0.045455
93 66 0.045455
97 66 0.045455
109 66 0.045455
111 66 0.045455
119 66 0.045455
123 66 0.045455
128 66 0.045455
131 66 0.045455
138 66 0.045455
145 66 0.045455
148 66 0.045455
150 66 0.045455
165 66 0.045455
13 123 0.052632
22 123 0.052632
33 123 0.052632
40 123 0.052632
43 123 0.052632
49 123 0.052632
53 123 0.052632
63 123 0.052632
66 123 0.052632
71 123 0.052632
74 123 0.052632
78 123 0.052632
119 123 0.052632
120 123 0.052632
121 123 0.052632
141 123 0.052632
150 123 0.052632
166 123 0.052632
168 123 0.052632
14 128 0.05
29 128 0.05
38 128 0.05
47 128 0.05
66 128 0.05
67 128 0.05
72 128 0.05
85 128 0.05
96 128 0.05
101 128 0.05
115 128 0.05
120 128 0.05
131 128 0.05
147 128 0.05
152 128 0.05
153 128 0.05
162 128 0.05
172 128 0.05
173 128 0.05
174 128 0.05
14 161 0.047619
19 161 0.047619
23 161 0.047619
25 161 0.047619
29 161 0.047619
34 161 0.047619
49 161 0.047619
56 161 0.047619
61 161 0.047619
62 161 0.047619
73 161 0.047619
74 161 0.047619
84 161 0.047619
101 161 0.047619
112 161 0.047619
115 161 0.047619
137 161 0.047619
150 161 0.047619
159 161 0.047619
162 161 0.047619
173 161 0.047619
14 168 0.033333
15 168 0.033333
16 168 0.033333
19 168 0.033333
20 168 0.033333
24 168 0.033333
26 168 0.033333
30 168 0.033333
35 168 0.033333
41 168 0.033333
46 168 0.033333
58 168 0.033333
61 168 0.033333
72 168 0.033333
79 168 0.033333
93 168 0.033333
102 168 0.033333
109 168 0.033333
110 168 0.033333
118 168 0.033333
121 168 0.033333
123 168 0.033333
125 168 0.033333
133 168 0.033333
136 168 0.033333
138 168 0.033333
139 168 0.033333
141 168 0.033333
162 168 0.033333
170 168 0.033333
15 64 0.035714
19 64 0.035714
26 64 0.035714
46 64 0.035714
47 64 0.035714
48 64 0.035714
50 64 0.035714
51 64 0.035714
54 64 0.035714
56 64 0.035714
67 64 0.035714
70 64 0.035714
75 64 0.035714
84 64 0.035714
95 64 0.035714
97 64 0.035714
107 64 0.035714
111 64 0.035714
118 64 0.035714
119 64 0.035714
120 64 0.035714
141 64 0.035714
142 64 0.035714
148 64 0.035714
152 64 0.035714
153 64 0.035714
155 64 0.035714
159 64 0.035714
15 88 0.055556
29 88 0.055556
31 88 0.055556
37 88 0.055556
46 88 0.055556
48 88 0.055556
51 88 0.055556
53 88 0.055556
69 88 0.055556
72 88 0.055556
76 88 0.055556
78 88 0.055556
112 88 0.055556
119 88 0.055556
124 88 0.055556
127 88 0.055556
159 88 0.055556
164 88 0.055556
15 141 0.033333
16 141 0.033333
22 141 0.033333
26 141 0.033333
36 141 0.033333
41 141 0.033333
49 141 0.033333
61 141 0.033333
64 141 0.033333
68 141 0.033333
70 141 0.033333
73 141 0.033333
98 141 0.033333
102 141 0.033333
110 141 0.033333
111 141 0.033333
115 141 0.033333
121 141 0.033333
123 141 0.033333
124 141 0.033333
132 141 0.033333
134 141 0.033333
136 141 0.033333
140 141 0.033333
143 141 0.033333
145 141 0.033333
150 141 0.033333
151 141 0.033333
158 141 0.033333
168 141 0.033333
16 24 0.045455
40 24 0.045455
48 24 0.045455
59 24 0.045455
73 24 0.045455
75 24 0.045455
78 24 0.045455
85 24 0.045455
89 24 0.045455
93 24 0.045455
99 24 0.045455
107 24 0.045455
108 24 0.045455
112 24 0.045455
134 24 0.045455
135 24 0.045455
138 24 0.045455
144 24 0.045455
147 24 0.045455
162 24 0.045455
168 24 0.045455
172 24 0.045455
16 45 0.037037
30 45 0.037037
47 45 0.037037
48 45 0.037037
56 45 0.037037
71 45 0.037037
73 45 0.037037
92 45 0.037037
104 45 0.037037
105 45 0.037037
106 45 0.037037
117 45 0.037037
121 45 0.037037
124 45 0.037037
129 45 0.037037
136 45 0.037037
138 45 0.037037
139 45 0.037037
143 45 0.037037
144 45 0.037037
145 45 0.037037
149 45 0.037037
157 45 0.037037
158 45 0.037037
160 45 0.037037
167 45 0.037037
175 45 0.037037
16 47 0.052632
20 47 0.052632
38 47 0.052632
43 47 0.052632
45 47 0.052632
46 47 0.052632
64 47 0.052632
74 47 0.052632
100 47 0.052632
104 47 0.052632
109 47 0.052632
114 47 0.052632
115 47 0.052632
118 47 0.052632
119 47 0.052632
128 47 0.052632
133 47 0.052632
134 47 0.052632
139 47 0.052632
16 55 0.04
19 55 0.04
21 55 0.04
32 55 0.04
38 55 0.04
39 55 0.04
52 55 0.04
60 55 0.04
70 55 0.04
72 55 0.04
73 55 0.04
89 55 0.04
98 55 0.04
111 55 0.04
113 55 0.04
126 55 0.04
137 55 0.04
147 55 0.04
150 55 0.04
152 55 0.04
154 55 0.04
156 55 0.04
160 55 0.04
167 55 0.04
170 55 0.04
16 95 0.034483
17 95 0.034483
20 95 0.034483
25 95 0.034483
35 95 0.034483
42 95 0.034483
51 95 0.034483
54 95 0.034483
57 95 0.034483
58 95 0.034483
63 95 0.034483
64 95 0.034483
70 95 0.034483
73 95 0.034483
81 95 0.034483
93 95 0.034483
94 95 0.034483
103 95 0.034483
106 95 0.034483
111 95 0.034483
119 95 0.034483
124 95 0.034483
126 95 0.034483
130 95 0.034483
145 95 0.034483
154 95 0.034483
159 95 0.034483
163 95 0.034483
167 95 0.034483
17 172 0.041667
18 172 0.041667
21 172 0.041667
24 172 0.041667
27 172 0.041667
28 172 0.041667
48 172 0.041667
57 172 0.041667
69 172 0.041667
80 172 0.041667
81 172 0.041667
86 172 0.041667
89 172 0.041667
93 172 0.041667
100 172 0.041667
104 172 0.041667
114 172 0.041667
116 172 0.041667
125 172 0.041667
126 172 0.041667
128 172 0.041667
145 172 0.041667
165 172 0.041667
174 172 0.041667
18 131 0.04
30 131 0.04
34 131 0.04
46 131 0.04
54 131 0.04
56 131 0.04
58 131 0.04
66 131 0.04
68 131 0.04
74 131 0.04
75 131 0.04
94 131 0.04
103 131 0.04
115 131 0.04
119 131 0.04
128 131 0.04
130 131 0.04
134 131 0.04
153 131 0.04
154 131 0.04
158 131 0.04
164 131 0.04
165 131 0.04
171 131 0.04
175 131 0.04
19 80 0.041667
25 80 0.041667
29 80 0.041667
34 80 0.041667
37 80 0.041667
44 80 0.041667
46 80 0.041667
58 80 0.041667
66 80 0.041667
69 80 0.041667
91 80 0.041667
94 80 0.041667
96 80 0.041667
106 80 0.041667
112 80 0.041667
113 80 0.041667
116 80 0.041667
124 80 0.041667
134 80 0.041667
148 80 0.041667
153 80 0.041667
165 80 0.041667
172 80 0.041667
174 80 0.041667
20 35 0.032258
25 35 0.032258
26 35 0.032258
28 35 0.032258
32 35 0.032258
33 35 0.032258
37 35 0.032258
40 35 0.032258
41 35 0.032258
50 35 0.032258
51 35 0.032258
56 35 0.032258
82 35 0.032258
92 35 0.032258
93 35 0.032258
95 35 0.032258
102 35 0.032258
105 35 0.032258
115 35 0.032258
117 35 0.032258
120 35 0.032258
129 35 0.032258
132 35 0.032258
134 35 0.032258
137 35 0.032258
139 35 0.032258
148 35 0.032258
152 35 0.032258
168 35 0.032258
169 35 0.032258
175 35 0.032258
20 116 0.038462
23 116 0.038462
26 116 0.038462
27 116 0.038462
34 116 0.038462
49 116 0.038462
72 116 0.038462
78 116 0.038462
80 116 0.038462
90 116 0.038462
100 116 0.038462
102 116 0.038462
117 116 0.038462
118 116 0.038462
119 116 0.038462
120 116 0.038462
130 116 0.038462
136 116 0.038462
142 116 0.038462
149 116 0.038462
153 116 0.038462
157 116 0.038462
159 116 0.038462
166 116 0.038462
167 116 0.038462
172 116 0.038462
20 117 0.047619
26 117 0.047619
31 117 0.047619
35 117 0.047619
41 117 0.047619
45 117 0.047619
67 117 0.047619
71 117 0.047619
72 117 0.047619
76 117 0.047619
101 117 0.047619
102 117 0.047619
105 117 0.047619
106 117 0.047619
108 117 0.047619
114 117 0.047619
116 117 0.047619
144 117 0.047619
149 117 0.047619
163 117 0.047619
175 117 0.047619
26 149 0.037037
34 149 0.037037
39 149 0.037037
40 149 0.037037
45 149 0.037037
65 149 0.037037
69 149 0.037037
90 149 0.037037
99 149 0.037037
104 149 0.037037
108 149 0.037037
111 149 0.037037
116 149 0.037037
117 149 0.037037
118 149 0.037037
124 149 0.037037
125 149 0.037037
129 149 0.037037
134 149 0.037037
135 149 0.037037
140 149 0.037037
142 149 0.037037
147 149 0.037037
150 149 0.037037
152 149 0.037037
165 149 0.037037
166 149 0.037037
1 0 0.041667
2 0 0.041667
9 0 0.041667
12 0 0.041667
21 0 0.041667
28 0 0.041667
30 0 0.041667
60 0 0.041667
62 0 0.041667
71 0 0.041667
73 0 0.041667
78 0 0.041667
79 0 0.041667
92 0 0.041667
98 0 0.041667
104 0 0.041667
106 0 0.041667
108 0 0.041667
114 0 0.041667
129 0 0.041667
134 0 0.041667
146 0 0.041667
170 0 0.041667
174 0 0.041667
6 4 0.030303
9 4 0.030303
14 4 0.030303
20 4 0.030303
22 4 0.030303
31 4 0.030303
39 4 0.030303
40 4 0.030303
41 4 0.030303
42 4 0.030303
44 4 0.030303
50 4 0.030303
70 4 0.030303
72 4 0.030303
75 4 0.030303
86 4 0.030303
91 4 0.030303
92 4 0.030303
94 4 0.030303
99 4 0.030303
102 4 0.030303
107 4 0.030303
120 4 0.030303
122 4 0.030303
134 4 0.030303
139 4 0.030303
146 4 0.030303
151 4 0.030303
154 4 0.030303
158 4 0.030303
162 4 0.030303
167 4 0.030303
173 4 0.030303
13 10 0.043478
14 10 0.043478
15 10 0.043478
19 10 0.043478
21 10 0.043478
30 10 0.043478
33 10 0.043478
53 10 0.043478
56 10 0.043478
58 10 0.043478
67 10 0.043478
68 10 0.043478
71 10 0.043478
79 10 0.043478
84 10 0.043478
90 10 0.043478
102 10 0.043478
106 10 0.043478
108 10 0.043478
136 10 0.043478
142 10 0.043478
159 10 0.043478
170 10 0.043478
14 11 0.043478
20 11 0.043478
21 11 0.043478
25 11 0.043478
28 11 0.043478
29 11 0.043478
30 11 0.043478
36 11 0.043478
37 11 0.043478
46 11 0.043478
75 11 0.043478
77 11 0.043478
83 11 0.043478
99 11 0.043478
111 11 0.043478
121 11 0.043478
125 11 0.043478
127 11 0.043478
139 11 0.043478
156 11 0.043478
165 11 0.043478
167 11 0.043478
169 11 0.043478
27 23 0.047619
31 23 0.047619
33 23 0.047619
52 23 0.047619
57 23 0.047619
61 23 0.047619
71 23 0.047619
77 23 0.047619
79 23 0.047619
81 23 0.047619
85 23 0.047619
92 23 0.047619
96 23 0.047619
100 23 0.047619
101 23 0.047619
115 23 0.047619
116 23 0.047619
150 23 0.047619
161 23 0.047619
166 23 0.047619
170 23 0.047619
