0 10 0.04
12 10 0.04
18 10 0.04
26 10 0.04
30 10 0.04
33 10 0.04
37 10 0.04
43 10 0.04
45 10 0.04
50 10 0.04
54 10 0.04
61 10 0.04
74 10 0.04
75 10 0.04
76 10 0.04
77 10 0.04
79 10 0.04
84 10 0.04
95 10 0.04
107 10 0.04
109 10 0.04
111 10 0.04
115 10 0.04
118 10 0.04
125 10 0.04
0 23 0.066667
8 23 0.066667
16 23 0.066667
26 23 0.066667
27 23 0.066667
28 23 0.066667
43 23 0.066667
45 23 0.066667
46 23 0.066667
69 23 0.066667
75 23 0.066667
97 23 0.066667
108 23 0.066667
118 23 0.066667
119 23 0.066667
0 30 0.041667
10 30 0.041667
15 30 0.041667
17 30 0.041667
27 30 0.041667
34 30 0.041667
40 30 0.041667
42 30 0.041667
57 30 0.041667
59 30 0.041667
61 30 0.041667
69 30 0.041667
74 30 0.041667
75 30 0.041667
79 30 0.041667
84 30 0.041667
101 30 0.041667
111 30 0.041667
112 30 0.041667
113 30 0.041667
114 30 0.041667
116 30 0.041667
117 30 0.041667
118 30 0.041667
0 52 0.045455
6 52 0.045455
13 52 0.045455
18 52 0.045455
35 52 0.045455
36 52 0.045455
39 52 0.045455
40 52 0.045455
43 52 0.045455
47 52 0.045455
59 52 0.045455
62 52 0.045455
65 52 0.045455
79 52 0.045455
80 52 0.045455
89 52 0.045455
99 52 0.045455
101 52 0.045455
113 52 0.045455
121 52 0.045455
123 52 0.045455
126 52 0.045455
0 60 0.038462
12 60 0.038462
13 60 0.038462
22 60 0.038462
32 60 0.038462
37 60 0.038462
42 60 0.038462
51 60 0.038462
56 60 0.038462
57 60 0.038462
64 60 0.038462
65 60 0.038462
69 60 0.038462
72 60 0.038462
81 60 0.038462
84 60 0.038462
90 60 0.038462
98 60 0.038462
100 60 0.038462
102 60 0.038462
104 60 0.038462
108 60 0.038462
109 60 0.038462
112 60 0.038462
114 60 0.038462
116 60 0.038462
0 63 0.052632
9 63 0.052632
18 63 0.052632
34 63 0.052632
43 63 0.052632
47 63 0.052632
56 63 0.052632
58 63 0.052632
65 63 0.052632
67 63 0.052632
76 63 0.052632
82 63 0.052632
89 63 0.052632
92 63 0.052632
93 63 0.052632
97 63 0.052632
112 63 0.052632
121 63 0.052632
125 63 0.052632
0 68 0.076923
4 68 0.076923
9 68 0.076923
22 68 0.076923
32 68 0.076923
43 68 0.076923
49 68 0.076923
51 68 0.076923
66 68 0.076923
83 68 0.076923
91 68 0.076923
99 68 0.076923
103 68 0.076923
0 70 0.045455
11 70 0.045455
16 70 0.045455
20 70 0.045455
26 70 0.045455
29 70 0.045455
44 70 0.045455
58 70 0.045455
59 70 0.045455
62 70 0.045455
65 70 0.045455
73 70 0.045455
78 70 0.045455
79 70 0.045455
82 70 0.045455
96 70 0.045455
99 70 0.045455
101 70 0.045455
114 70 0.045455
118 70 0.045455
121 70 0.045455
123 70 0.045455
0 73 0.055556
1 73 0.055556
6 73 0.055556
14 73 0.055556
18 73 0.055556
24 73 0.055556
28 73 0.055556
34 73 0.055556
36 73 0.055556
41 73 0.055556
45 73 0.055556
70 73 0.055556
82 73 0.055556
91 73 0.055556
112 73 0.055556
123 73 0.055556
125 73 0.055556
126 73 0.055556
0 78 0.05
18 78 0.05
25 78 0.05
31 78 0.05
35 78 0.05
36 78 0.05
42 78 0.05
58 78 0.05
59 78 0.05
69 78 0.05
70 78 0.05
79 78 0.05
81 78 0.05
88 78 0.05
103 78 0.05
108 78 0.05
109 78 0.05
114 78 0.05
118 78 0.05
123 78 0.05
0 80 0.045455
12 80 0.045455
16 80 0.045455
17 80 0.045455
18 80 0.045455
26 80 0.045455
29 80 0.045455
36 80 0.045455
39 80 0.045455
40 80 0.045455
44 80 0.045455
48 80 0.045455
49 80 0.045455
50 80 0.045455
52 80 0.045455
57 80 0.045455
67 80 0.045455
76 80 0.045455
82 80 0.045455
95 80 0.045455
105 80 0.045455
108 80 0.045455
0 85 0.052632
2 85 0.052632
16 85 0.052632
29 85 0.052632
31 85 0.052632
35 85 0.052632
39 85 0.052632
47 85 0.052632
51 85 0.052632
56 85 0.052632
57 85 0.052632
69 85 0.052632
72 85 0.052632
76 85 0.052632
82 85 0.052632
87 85 0.052632
90 85 0.052632
100 85 0.052632
108 85 0.052632
0 88 0.0625
9 88 0.0625
19 88 0.0625
21 88 0.0625
28 88 0.0625
31 88 0.0625
44 88 0.0625
46 88 0.0625
47 88 0.0625
61 88 0.0625
76 88 0.0625
78 88 0.0625
87 88 0.0625
97 88 0.0625
102 88 0.0625
109 88 0.0625
0 94 0.055556
4 94 0.055556
7 94 0.055556
27 94 0.055556
35 94 0.055556
43 94 0.055556
50 94 0.055556
57 94 0.055556
91 94 0.055556
97 94 0.055556
99 94 0.055556
102 94 0.055556
112 94 0.055556
113 94 0.055556
115 94 0.055556
116 94 0.055556
117 94 0.055556
119 94 0.055556
0 98 0.055556
11 98 0.055556
12 98 0.055556
15 98 0.055556
26 98 0.055556
31 98 0.055556
43 98 0.055556
58 98 0.055556
60 98 0.055556
67 98 0.055556
83 98 0.055556
87 98 0.055556
96 98 0.055556
101 98 0.055556
104 98 0.055556
106 98 0.055556
112 98 0.055556
116 98 0.055556
0 108 0.052632
3 108 0.052632
13 108 0.052632
23 108 0.052632
31 108 0.052632
34 108 0.052632
50 108 0.052632
54 108 0.052632
55 108 0.052632
60 108 0.052632
62 108 0.052632
76 108 0.052632
78 108 0.052632
80 108 0.052632
85 108 0.052632
107 108 0.052632
112 108 0.052632
113 108 0.052632
119 108 0.052632
0 116 0.041667
3 116 0.041667
11 116 0.041667
24 116 0.041667
27 116 0.041667
28 116 0.041667
30 116 0.041667
35 116 0.041667
36 116 0.041667
38 116 0.041667
46 116 0.041667
59 116 0.041667
60 116 0.041667
61 116 0.041667
67 116 0.041667
76 116 0.041667
94 116 0.041667
98 116 0.041667
106 116 0.041667
113 116 0.041667
115 116 0.041667
118 116 0.041667
123 116 0.041667
125 116 0.041667
0 122 0.055556
2 122 0.055556
9 122 0.055556
24 122 0.055556
31 122 0.055556
38 122 0.055556
41 122 0.055556
49 122 0.055556
53 122 0.055556
57 122 0.055556
66 122 0.055556
75 122 0.055556
93 122 0.055556
99 122 0.055556
105 122 0.055556
109 122 0.055556
120 122 0.055556
126 122 0.055556
0 124 0.052632
7 124 0.052632
21 124 0.052632
29 124 0.052632
31 124 0.052632
38 124 0.052632
41 124 0.052632
50 124 0.052632
51 124 0.052632
54 124 0.052632
57 124 0.052632
61 124 0.052632
65 124 0.052632
76 124 0.052632
90 124 0.052632
100 124 0.052632
101 124 0.052632
105 124 0.052632
117 124 0.052632
1 2 0.055556
7 2 0.055556
19 2 0.055556
25 2 0.055556
26 2 0.055556
37 2 0.055556
42 2 0.055556
67 2 0.055556
72 2 0.055556
75 2 0.055556
85 2 0.055556
96 2 0.055556
107 2 0.055556
110 2 0.055556
118 2 0.055556
119 2 0.055556
122 2 0.055556
125 2 0.055556
1 5 0.052632
3 5 0.052632
4 5 0.052632
22 5 0.052632
29 5 0.052632
31 5 0.052632
41 5 0.052632
44 5 0.052632
57 5 0.052632
65 5 0.052632
66 5 0.052632
67 5 0.052632
74 5 0.052632
75 5 0.052632
86 5 0.052632
89 5 0.052632
112 5 0.052632
118 5 0.052632
125 5 0.052632
1 6 0.047619
4 6 0.047619
13 6 0.047619
35 6 0.047619
52 6 0.047619
71 6 0.047619
73 6 0.047619
74 6 0.047619
86 6 0.047619
97 6 0.047619
99 6 0.047619
101 6 0.047619
102 6 0.047619
106 6 0.047619
109 6 0.047619
111 6 0.047619
114 6 0.047619
115 6 0.047619
118 6 0.047619
119 6 0.047619
123 6 0.047619
1 9 0.055556
4 9 0.055556
7 9 0.055556
24 9 0.055556
31 9 0.055556
34 9 0.055556
48 9 0.055556
49 9 0.055556
57 9 0.055556
63 9 0.055556
64 9 0.055556
68 9 0.055556
74 9 0.055556
77 9 0.055556
88 9 0.055556
100 9 0.055556
111 9 0.055556
122 9 0.055556
1 15 0.047619
24 15 0.047619
29 15 0.047619
30 15 0.047619
35 15 0.047619
36 15 0.047619
37 15 0.047619
40 15 0.047619
41 15 0.047619
43 15 0.047619
45 15 0.047619
48 15 0.047619
58 15 0.047619
66 15 0.047619
75 15 0.047619
76 15 0.047619
77 15 0.047619
87 15 0.047619
98 15 0.047619
120 15 0.047619
127 15 0.047619
1 31 0.035714
3 31 0.035714
5 31 0.035714
9 31 0.035714
18 31 0.035714
20 31 0.035714
22 31 0.035714
32 31 0.035714
34 31 0.035714
42 31 0.035714
45 31 0.035714
48 31 0.035714
53 31 0.035714
69 31 0.035714
78 31 0.035714
83 31 0.035714
85 31 0.035714
88 31 0.035714
91 31 0.035714
92 31 0.035714
98 31 0.035714
108 31 0.035714
112 31 0.035714
113 31 0.035714
115 31 0.035714
117 31 0.035714
122 31 0.035714
124 31 0.035714
1 57 0.035714
5 57 0.035714
9 57 0.035714
13 57 0.035714
14 57 0.035714
20 57 0.035714
21 57 0.035714
29 57 0.035714
30 57 0.035714
37 57 0.035714
49 57 0.035714
58 57 0.035714
60 57 0.035714
69 57 0.035714
74 57 0.035714
79 57 0.035714
80 57 0.035714
82 57 0.035714
85 57 0.035714
87 57 0.035714
91 57 0.035714
93 57 0.035714
94 57 0.035714
100 57 0.035714
110 57 0.035714
119 57 0.035714
122 57 0.035714
124 57 0.035714
1 59 0.041667
25 59 0.041667
30 59 0.041667
34 59 0.041667
41 59 0.041667
52 59 0.041667
55 59 0.041667
58 59 0.041667
61 59 0.041667
62 59 0.041667
66 59 0.041667
70 59 0.041667
78 59 0.041667
81 59 0.041667
89 59 0.041667
100 59 0.041667
107 59 0.041667
110 59 0.041667
113 59 0.041667
115 59 0.041667
116 59 0.041667
118 59 0.041667
121 59 0.041667
127 59 0.041667
1 67 0.045455
2 67 0.045455
5 67 0.045455
21 67 0.045455
22 67 0.045455
26 67 0.045455
29 67 0.045455
33 67 0.045455
38 67 0.045455
40 67 0.045455
43 67 0.045455
56 67 0.045455
62 67 0.045455
63 67 0.045455
69 67 0.045455
79 67 0.045455
80 67 0.045455
84 67 0.045455
93 67 0.045455
97 67 0.045455
98 67 0.045455
116 67 0.045455
1 74 0.045455
5 74 0.045455
6 74 0.045455
9 74 0.045455
10 74 0.045455
12 74 0.045455
14 74 0.045455
21 74 0.045455
26 74 0.045455
30 74 0.045455
39 74 0.045455
44 74 0.045455
55 74 0.045455
56 74 0.045455
57 74 0.045455
72 74 0.045455
81 74 0.045455
82 74 0.045455
83 74 0.045455
107 74 0.045455
113 74 0.045455
117 74 0.045455
1 77 0.052632
7 77 0.052632
9 77 0.052632
10 77 0.052632
11 77 0.052632
13 77 0.052632
15 77 0.052632
16 77 0.052632
17 77 0.052632
25 77 0.052632
41 77 0.052632
76 77 0.052632
79 77 0.052632
96 77 0.052632
100 77 0.052632
106 77 0.052632
112 77 0.052632
113 77 0.052632
121 77 0.052632
1 81 0.047619
7 81 0.047619
11 81 0.047619
21 81 0.047619
40 81 0.047619
46 81 0.047619
48 81 0.047619
58 81 0.047619
59 81 0.047619
60 81 0.047619
62 81 0.047619
74 81 0.047619
78 81 0.047619
82 81 0.047619
83 81 0.047619
84 81 0.047619
92 81 0.047619
117 81 0.047619
119 81 0.047619
125 81 0.047619
126 81 0.047619
1 91 0.047619
20 91 0.047619
21 91 0.047619
22 91 0.047619
31 91 0.047619
38 91 0.047619
42 91 0.047619
47 91 0.047619
57 91 0.047619
68 91 0.047619
73 91 0.047619
79 91 0.047619
89 91 0.047619
94 91 0.047619
101 91 0.047619
105 91 0.047619
110 91 0.047619
113 91 0.047619
114 91 0.047619
117 91 0.047619
121 91 0.047619
1 109 0.041667
3 109 0.041667
6 109 0.041667
10 109 0.041667
11 109 0.041667
12 109 0.041667
24 109 0.041667
27 109 0.041667
34 109 0.041667
48 109 0.041667
51 109 0.041667
60 109 0.041667
75 109 0.041667
78 109 0.041667
88 109 0.041667
92 109 0.041667
101 109 0.041667
102 109 0.041667
107 109 0.041667
111 109 0.041667
121 109 0.041667
122 109 0.041667
123 109 0.041667
125 109 0.041667
1 111 0.043478
6 111 0.043478
9 111 0.043478
10 111 0.043478
11 111 0.043478
16 111 0.043478
24 111 0.043478
27 111 0.043478
28 111 0.043478
30 111 0.043478
32 111 0.043478
33 111 0.043478
39 111 0.043478
40 111 0.043478
50 111 0.043478
65 111 0.043478
71 111 0.043478
92 111 0.043478
103 111 0.043478
104 111 0.043478
109 111 0.043478
112 111 0.043478
113 111 0.043478
1 114 0.058824
3 114 0.058824
6 114 0.058824
14 114 0.058824
20 114 0.058824
30 114 0.058824
36 114 0.058824
40 114 0.058824
43 114 0.058824
60 114 0.058824
61 114 0.058824
70 114 0.058824
78 114 0.058824
79 114 0.058824
91 114 0.058824
97 114 0.058824
101 114 0.058824
1 120 0.055556
11 120 0.055556
15 120 0.055556
17 120 0.055556
24 120 0.055556
33 120 0.055556
38 120 0.055556
41 120 0.055556
55 120 0.055556
58 120 0.055556
61 120 0.055556
65 120 0.055556
76 120 0.055556
105 120 0.055556
115 120 0.055556
118 120 0.055556
122 120 0.055556
125 120 0.055556
2 7 0.052632
4 7 0.052632
9 7 0.052632
11 7 0.052632
18 7 0.052632
24 7 0.052632
28 7 0.052632
34 7 0.052632
36 7 0.052632
45 7 0.052632
76 7 0.052632
77 7 0.052632
81 7 0.052632
86 7 0.052632
89 7 0.052632
92 7 0.052632
94 7 0.052632
107 7 0.052632
124 7 0.052632
2 19 0.0625
3 19 0.0625
22 19 0.0625
32 19 0.0625
33 19 0.0625
41 19 0.0625
49 19 0.0625
72 19 0.0625
75 19 0.0625
88 19 0.0625
97 19 0.0625
100 19 0.0625
107 19 0.0625
113 19 0.0625
125 19 0.0625
127 19 0.0625
2 25 0.0625
11 25 0.0625
17 25 0.0625
21 25 0.0625
29 25 0.0625
59 25 0.0625
65 25 0.0625
77 25 0.0625
78 25 0.0625
86 25 0.0625
96 25 0.0625
97 25 0.0625
101 25 0.0625
102 25 0.0625
118 25 0.0625
123 25 0.0625
2 26 0.043478
10 26 0.043478
11 26 0.043478
23 26 0.043478
28 26 0.043478
39 26 0.043478
40 26 0.043478
43 26 0.043478
44 26 0.043478
53 26 0.043478
58 26 0.043478
64 26 0.043478
67 26 0.043478
70 26 0.043478
74 26 0.043478
80 26 0.043478
90 26 0.043478
98 26 0.043478
101 26 0.043478
102 26 0.043478
103 26 0.043478
112 26 0.043478
117 26 0.043478
2 37 0.052632
4 37 0.052632
10 37 0.052632
15 37 0.052632
40 37 0.052632
41 37 0.052632
50 37 0.052632
54 37 0.052632
55 37 0.052632
57 37 0.052632
58 37 0.052632
60 37 0.052632
64 37 0.052632
71 37 0.052632
96 37 0.052632
103 37 0.052632
104 37 0.052632
118 37 0.052632
121 37 0.052632
2 42 0.05
16 42 0.05
17 42 0.05
18 42 0.05
30 42 0.05
31 42 0.05
44 42 0.05
49 42 0.05
60 42 0.05
62 42 0.05
64 42 0.05
78 42 0.05
90 42 0.05
91 42 0.05
95 42 0.05
103 42 0.05
106 42 0.05
112 42 0.05
118 42 0.05
126 42 0.05
2 72 0.055556
12 72 0.055556
18 72 0.055556
19 72 0.055556
43 72 0.055556
45 72 0.055556
48 72 0.055556
60 72 0.055556
66 72 0.055556
74 72 0.055556
83 72 0.055556
85 72 0.055556
92 72 0.055556
93 72 0.055556
95 72 0.055556
106 72 0.055556
115 72 0.055556
118 72 0.055556
2 75 0.047619
5 75 0.047619
10 75 0.047619
15 75 0.047619
19 75 0.047619
22 75 0.047619
23 75 0.047619
30 75 0.047619
41 75 0.047619
44 75 0.047619
55 75 0.047619
65 75 0.047619
69 75 0.047619
71 75 0.047619
93 75 0.047619
95 75 0.047619
96 75 0.047619
101 75 0.047619
109 75 0.047619
110 75 0.047619
122 75 0.047619
2 96 0.04
14 96 0.04
16 96 0.04
18 96 0.04
21 96 0.04
25 96 0.04
27 96 0.04
37 96 0.04
41 96 0.04
44 96 0.04
45 96 0.04
48 96 0.04
61 96 0.04
64 96 0.04
69 96 0.04
70 96 0.04
75 96 0.04
77 96 0.04
79 96 0.04
84 96 0.04
86 96 0.04
95 96 0.04
98 96 0.04
106 96 0.04
125 96 0.04
2 107 0.05
7 107 0.05
10 107 0.05
13 107 0.05
17 107 0.05
19 107 0.05
49 107 0.05
59 107 0.05
64 107 0.05
65 107 0.05
74 107 0.05
95 107 0.05
105 107 0.05
108 107 0.05
109 107 0.05
113 107 0.05
115 107 0.05
121 107 0.05
123 107 0.05
126 107 0.05
2 110 0.055556
4 110 0.055556
17 110 0.055556
22 110 0.055556
29 110 0.055556
32 110 0.055556
39 110 0.055556
48 110 0.055556
53 110 0.055556
57 110 0.055556
59 110 0.055556
65 110 0.055556
75 110 0.055556
76 110 0.055556
84 110 0.055556
86 110 0.055556
91 110 0.055556
97 110 0.055556
2 118 0.045455
5 118 0.045455
6 118 0.045455
10 118 0.045455
14 118 0.045455
23 118 0.045455
25 118 0.045455
28 118 0.045455
30 118 0.045455
32 118 0.045455
37 118 0.045455
42 118 0.045455
59 118 0.045455
70 118 0.045455
72 118 0.045455
78 118 0.045455
86 118 0.045455
87 118 0.045455
101 118 0.045455
103 118 0.045455
116 118 0.045455
120 118 0.045455
2 119 0.0625
4 119 0.0625
6 119 0.0625
12 119 0.0625
23 119 0.0625
27 119 0.0625
36 119 0.0625
39 119 0.0625
57 119 0.0625
81 119 0.0625
83 119 0.0625
93 119 0.0625
94 119 0.0625
105 119 0.0625
108 119 0.0625
125 119 0.0625
2 125 0.037037
5 125 0.037037
10 125 0.037037
11 125 0.037037
13 125 0.037037
17 125 0.037037
19 125 0.037037
32 125 0.037037
45 125 0.037037
46 125 0.037037
47 125 0.037037
54 125 0.037037
63 125 0.037037
73 125 0.037037
76 125 0.037037
81 125 0.037037
90 125 0.037037
95 125 0.037037
96 125 0.037037
105 125 0.037037
109 125 0.037037
112 125 0.037037
116 125 0.037037
119 125 0.037037
120 125 0.037037
121 125 0.037037
126 125 0.037037
3 12 0.043478
8 12 0.043478
10 12 0.043478
11 12 0.043478
17 12 0.043478
24 12 0.043478
28 12 0.043478
34 12 0.043478
35 12 0.043478
47 12 0.043478
48 12 0.043478
50 12 0.043478
51 12 0.043478
56 12 0.043478
60 12 0.043478
72 12 0.043478
74 12 0.043478
76 12 0.043478
80 12 0.043478
98 12 0.043478
109 12 0.043478
119 12 0.043478
126 12 0.043478
3 14 0.05
24 14 0.05
32 14 0.05
43 14 0.05
44 14 0.05
55 14 0.05
57 14 0.05
62 14 0.05
64 14 0.05
69 14 0.05
71 14 0.05
73 14 0.05
74 14 0.05
84 14 0.05
86 14 0.05
96 14 0.05
104 14 0.05
113 14 0.05
114 14 0.05
118 14 0.05
3 17 0.055556
12 17 0.055556
21 17 0.055556
25 17 0.055556
30 17 0.055556
39 17 0.055556
42 17 0.055556
44 17 0.055556
61 17 0.055556
77 17 0.055556
80 17 0.055556
102 17 0.055556
107 17 0.055556
110 17 0.055556
113 17 0.055556
120 17 0.055556
121 17 0.055556
125 17 0.055556
3 35 0.045455
4 35 0.045455
6 35 0.045455
12 35 0.045455
15 35 0.045455
32 35 0.045455
33 35 0.045455
34 35 0.045455
39 35 0.045455
44 35 0.045455
50 35 0.045455
52 35 0.045455
53 35 0.045455
69 35 0.045455
76 35 0.045455
78 35 0.045455
83 35 0.045455
85 35 0.045455
94 35 0.045455
116 35 0.045455
126 35 0.045455
127 35 0.045455
3 95 0.047619
10 95 0.047619
11 95 0.047619
13 95 0.047619
34 95 0.047619
42 95 0.047619
45 95 0.047619
46 95 0.047619
51 95 0.047619
72 95 0.047619
75 95 0.047619
80 95 0.047619
90 95 0.047619
92 95 0.047619
96 95 0.047619
100 95 0.047619
103 95 0.047619
104 95 0.047619
107 95 0.047619
117 95 0.047619
125 95 0.047619
3 97 0.034483
4 97 0.034483
6 97 0.034483
19 97 0.034483
20 97 0.034483
21 97 0.034483
23 97 0.034483
25 97 0.034483
27 97 0.034483
29 97 0.034483
32 97 0.034483
43 97 0.034483
45 97 0.034483
47 97 0.034483
50 97 0.034483
54 97 0.034483
61 97 0.034483
63 97 0.034483
65 97 0.034483
67 97 0.034483
69 97 0.034483
79 97 0.034483
86 97 0.034483
88 97 0.034483
92 97 0.034483
94 97 0.034483
106 97 0.034483
110 97 0.034483
114 97 0.034483
3 99 0.076923
6 99 0.076923
27 99 0.076923
44 99 0.076923
52 99 0.076923
62 99 0.076923
65 99 0.076923
68 99 0.076923
70 99 0.076923
94 99 0.076923
112 99 0.076923
113 99 0.076923
122 99 0.076923
3 104 0.071429
13 104 0.071429
14 104 0.071429
37 104 0.071429
44 104 0.071429
58 104 0.071429
60 104 0.071429
65 104 0.071429
79 104 0.071429
83 104 0.071429
95 104 0.071429
98 104 0.071429
111 104 0.071429
126 104 0.071429
3 115 0.05
6 115 0.05
10 115 0.05
18 115 0.05
20 115 0.05
24 115 0.05
31 115 0.05
34 115 0.05
38 115 0.05
40 115 0.05
50 115 0.05
59 115 0.05
72 115 0.05
93 115 0.05
94 115 0.05
107 115 0.05
116 115 0.05
117 115 0.05
120 115 0.05
123 115 0.05
3 126 0.04
12 126 0.04
20 126 0.04
21 126 0.04
35 126 0.04
38 126 0.04
40 126 0.04
42 126 0.04
45 126 0.04
49 126 0.04
50 126 0.04
52 126 0.04
56 126 0.04
58 126 0.04
61 126 0.04
64 126 0.04
65 126 0.04
73 126 0.04
81 126 0.04
101 126 0.04
104 126 0.04
107 126 0.04
121 126 0.04
122 126 0.04
125 126 0.04
3 127 0.058824
11 127 0.058824
15 127 0.058824
18 127 0.058824
19 127 0.058824
35 127 0.058824
36 127 0.058824
38 127 0.058824
44 127 0.058824
54 127 0.058824
58 127 0.058824
59 127 0.058824
61 127 0.058824
76 127 0.058824
87 127 0.058824
100 127 0.058824
121 127 0.058824
4 16 0.052632
18 16 0.052632
21 16 0.052632
23 16 0.052632
24 16 0.052632
42 16 0.052632
53 16 0.052632
61 16 0.052632
64 16 0.052632
70 16 0.052632
77 16 0.052632
80 16 0.052632
84 16 0.052632
85 16 0.052632
93 16 0.052632
96 16 0.052632
101 16 0.052632
111 16 0.052632
112 16 0.052632
4 27 0.05
8 27 0.05
23 27 0.05
30 27 0.05
34 27 0.05
51 27 0.05
58 27 0.05
66 27 0.05
79 27 0.05
92 27 0.05
94 27 0.05
96 27 0.05
97 27 0.05
99 27 0.05
101 27 0.05
103 27 0.05
109 27 0.05
111 27 0.05
116 27 0.05
119 27 0.05
4 28 0.055556
7 28 0.055556
12 28 0.055556
20 28 0.055556
23 28 0.055556
26 28 0.055556
34 28 0.055556
65 28 0.055556
66 28 0.055556
69 28 0.055556
71 28 0.055556
73 28 0.055556
82 28 0.055556
84 28 0.055556
88 28 0.055556
111 28 0.055556
116 28 0.055556
118 28 0.055556
4 47 0.058824
11 47 0.058824
12 47 0.058824
18 47 0.058824
44 47 0.058824
45 47 0.058824
50 47 0.058824
52 47 0.058824
63 47 0.058824
76 47 0.058824
85 47 0.058824
88 47 0.058824
91 47 0.058824
92 47 0.058824
97 47 0.058824
105 47 0.058824
125 47 0.058824
4 79 0.034483
10 79 0.034483
27 79 0.034483
29 79 0.034483
30 79 0.034483
32 79 0.034483
34 79 0.034483
49 79 0.034483
51 79 0.034483
52 79 0.034483
53 79 0.034483
57 79 0.034483
67 79 0.034483
70 79 0.034483
71 79 0.034483
77 79 0.034483
78 79 0.034483
86 79 0.034483
89 79 0.034483
91 79 0.034483
96 79 0.034483
97 79 0.034483
104 79 0.034483
106 79 0.034483
112 79 0.034483
113 79 0.034483
114 79 0.034483
121 79 0.034483
123 79 0.034483
5 22 0.090909
19 22 0.090909
31 22 0.090909
60 22 0.090909
67 22 0.090909
68 22 0.090909
75 22 0.090909
91 22 0.090909
103 22 0.090909
110 22 0.090909
113 22 0.090909
5 29 0.05
15 29 0.05
25 29 0.05
33 29 0.05
36 29 0.05
46 29 0.05
48 29 0.05
49 29 0.05
50 29 0.05
57 29 0.05
67 29 0.05
70 29 0.05
79 29 0.05
80 29 0.05
85 29 0.05
89 29 0.05
97 29 0.05
105 29 0.05
110 29 0.05
124 29 0.05
5 41 0.052632
15 41 0.052632
18 41 0.052632
19 41 0.052632
33 41 0.052632
37 41 0.052632
39 41 0.052632
49 41 0.052632
54 41 0.052632
59 41 0.052632
64 41 0.052632
73 41 0.052632
75 41 0.052632
77 41 0.052632
96 41 0.052632
103 41 0.052632
120 41 0.052632
122 41 0.052632
124 41 0.052632
5 44 0.041667
11 44 0.041667
14 44 0.041667
17 44 0.041667
18 44 0.041667
26 44 0.041667
35 44 0.041667
36 44 0.041667
38 44 0.041667
42 44 0.041667
46 44 0.041667
47 44 0.041667
70 44 0.041667
74 44 0.041667
75 44 0.041667
80 44 0.041667
88 44 0.041667
92 44 0.041667
96 44 0.041667
99 44 0.041667
104 44 0.041667
112 44 0.041667
117 44 0.041667
127 44 0.041667
5 65 0.04
13 65 0.04
25 65 0.04
28 65 0.04
36 65 0.04
38 65 0.04
52 65 0.04
54 65 0.04
58 65 0.04
60 65 0.04
63 65 0.04
70 65 0.04
71 65 0.04
75 65 0.04
83 65 0.04
97 65 0.04
99 65 0.04
104 65 0.04
105 65 0.04
107 65 0.04
110 65 0.04
111 65 0.04
120 65 0.04
124 65 0.04
126 65 0.04
5 66 0.066667
15 66 0.066667
18 66 0.066667
20 66 0.066667
27 66 0.066667
28 66 0.066667
39 66 0.066667
40 66 0.066667
54 66 0.066667
58 66 0.066667
59 66 0.066667
68 66 0.066667
71 66 0.066667
72 66 0.066667
122 66 0.066667
5 86 0.0625
6 86 0.0625
7 86 0.0625
11 86 0.0625
14 86 0.0625
25 86 0.0625
46 86 0.0625
53 86 0.0625
58 86 0.0625
62 86 0.0625
79 86 0.0625
96 86 0.0625
97 86 0.0625
101 86 0.0625
110 86 0.0625
118 86 0.0625
5 89 0.066667
7 89 0.066667
29 89 0.066667
33 89 0.066667
46 89 0.066667
52 89 0.066667
55 89 0.066667
59 89 0.066667
63 89 0.066667
64 89 0.066667
79 89 0.066667
91 89 0.066667
103 89 0.066667
112 89 0.066667
117 89 0.066667
5 112 0.038462
16 112 0.038462
24 112 0.038462
26 112 0.038462
30 112 0.038462
31 112 0.038462
32 112 0.038462
42 112 0.038462
44 112 0.038462
46 112 0.038462
60 112 0.038462
63 112 0.038462
73 112 0.038462
76 112 0.038462
77 112 0.038462
79 112 0.038462
84 112 0.038462
87 112 0.038462
89 112 0.038462
94 112 0.038462
98 112 0.038462
99 112 0.038462
103 112 0.038462
108 112 0.038462
111 112 0.038462
125 112 0.038462
6 13 0.05
11 13 0.05
21 13 0.05
32 13 0.05
38 13 0.05
51 13 0.05
52 13 0.05
57 13 0.05
60 13 0.05
65 13 0.05
77 13 0.05
90 13 0.05
95 13 0.05
100 13 0.05
104 13 0.05
107 13 0.05
108 13 0.05
117 13 0.05
123 13 0.05
125 13 0.05
6 71 0.058824
11 71 0.058824
14 71 0.058824
24 71 0.058824
28 71 0.058824
36 71 0.058824
37 71 0.058824
49 71 0.058824
53 71 0.058824
65 71 0.058824
66 71 0.058824
75 71 0.058824
79 71 0.058824
90 71 0.058824
102 71 0.058824
105 71 0.058824
111 71 0.058824
6 101 0.041667
16 101 0.041667
18 101 0.041667
24 101 0.041667
25 101 0.041667
26 101 0.041667
27 101 0.041667
30 101 0.041667
43 101 0.041667
49 101 0.041667
52 101 0.041667
55 101 0.041667
70 101 0.041667
75 101 0.041667
84 101 0.041667
86 101 0.041667
91 101 0.041667
98 101 0.041667
109 101 0.041667
114 101 0.041667
118 101 0.041667
123 101 0.041667
124 101 0.041667
126 101 0.041667
6 102 0.066667
17 102 0.066667
20 102 0.066667
25 102 0.066667
26 102 0.066667
32 102 0.066667
39 102 0.066667
60 102 0.066667
71 102 0.066667
84 102 0.066667
87 102 0.066667
88 102 0.066667
94 102 0.066667
109 102 0.066667
117 102 0.066667
6 106 0.052632
11 106 0.052632
24 106 0.052632
40 106 0.052632
42 106 0.052632
43 106 0.052632
56 106 0.052632
58 106 0.052632
72 106 0.052632
77 106 0.052632
79 106 0.052632
83 106 0.052632
87 106 0.052632
93 106 0.052632
96 106 0.052632
97 106 0.052632
98 106 0.052632
105 106 0.052632
116 106 0.052632
6 123 0.052632
13 123 0.052632
25 123 0.052632
36 123 0.052632
43 123 0.052632
49 123 0.052632
50 123 0.052632
52 123 0.052632
70 123 0.052632
73 123 0.052632
78 123 0.052632
79 123 0.052632
87 123 0.052632
101 123 0.052632
105 123 0.052632
107 123 0.052632
109 123 0.052632
115 123 0.052632
116 123 0.052632
7 11 0.038462
12 11 0.038462
13 11 0.038462
21 11 0.038462
25 11 0.038462
26 11 0.038462
44 11 0.038462
47 11 0.038462
56 11 0.038462
62 11 0.038462
64 11 0.038462
70 11 0.038462
71 11 0.038462
77 11 0.038462
81 11 0.038462
86 11 0.038462
95 11 0.038462
98 11 0.038462
103 11 0.038462
106 11 0.038462
109 11 0.038462
111 11 0.038462
116 11 0.038462
120 11 0.038462
125 11 0.038462
127 11 0.038462
7 18 0.037037
8 18 0.037037
10 18 0.037037
16 18 0.037037
20 18 0.037037
31 18 0.037037
41 18 0.037037
42 18 0.037037
44 18 0.037037
46 18 0.037037
47 18 0.037037
48 18 0.037037
52 18 0.037037
53 18 0.037037
63 18 0.037037
66 18 0.037037
69 18 0.037037
72 18 0.037037
73 18 0.037037
78 18 0.037037
80 18 0.037037
90 18 0.037037
96 18 0.037037
101 18 0.037037
115 18 0.037037
121 18 0.037037
127 18 0.037037
7 24 0.045455
9 24 0.045455
12 24 0.045455
14 24 0.045455
15 24 0.045455
16 24 0.045455
32 24 0.045455
33 24 0.045455
58 24 0.045455
71 24 0.045455
73 24 0.045455
82 24 0.045455
101 24 0.045455
105 24 0.045455
106 24 0.045455
109 24 0.045455
111 24 0.045455
112 24 0.045455
115 24 0.045455
116 24 0.045455
120 24 0.045455
122 24 0.045455
7 34 0.045455
9 34 0.045455
12 34 0.045455
21 34 0.045455
27 34 0.045455
28 34 0.045455
30 34 0.045455
31 34 0.045455
35 34 0.045455
48 34 0.045455
59 34 0.045455
62 34 0.045455
63 34 0.045455
73 34 0.045455
79 34 0.045455
84 34 0.045455
90 34 0.045455
93 34 0.045455
95 34 0.045455
108 34 0.045455
109 34 0.045455
115 34 0.045455
7 36 0.058824
15 36 0.058824
21 36 0.058824
29 36 0.058824
44 36 0.058824
50 36 0.058824
52 36 0.058824
65 36 0.058824
71 36 0.058824
73 36 0.058824
78 36 0.058824
80 36 0.058824
114 36 0.058824
116 36 0.058824
119 36 0.058824
123 36 0.058824
127 36 0.058824
7 45 0.058824
10 45 0.058824
15 45 0.058824
20 45 0.058824
23 45 0.058824
31 45 0.058824
47 45 0.058824
50 45 0.058824
62 45 0.058824
72 45 0.058824
73 45 0.058824
95 45 0.058824
96 45 0.058824
97 45 0.058824
103 45 0.058824
125 45 0.058824
126 45 0.058824
7 76 0.038462
8 76 0.038462
10 76 0.038462
12 76 0.038462
15 76 0.038462
32 76 0.038462
35 76 0.038462
47 76 0.038462
48 76 0.038462
53 76 0.038462
63 76 0.038462
77 76 0.038462
80 76 0.038462
82 76 0.038462
85 76 0.038462
88 76 0.038462
103 76 0.038462
108 76 0.038462
110 76 0.038462
112 76 0.038462
116 76 0.038462
120 76 0.038462
121 76 0.038462
124 76 0.038462
125 76 0.038462
127 76 0.038462
7 92 0.052632
27 92 0.052632
31 92 0.052632
38 92 0.052632
40 92 0.052632
43 92 0.052632
44 92 0.052632
47 92 0.052632
48 92 0.052632
55 92 0.052632
63 92 0.052632
72 92 0.052632
81 92 0.052632
95 92 0.052632
97 92 0.052632
100 92 0.052632
109 92 0.052632
111 92 0.052632
113 92 0.052632
8 50 0.041667
10 50 0.041667
12 50 0.041667
20 50 0.041667
21 50 0.041667
29 50 0.041667
35 50 0.041667
36 50 0.041667
37 50 0.041667
43 50 0.041667
45 50 0.041667
47 50 0.041667
62 50 0.041667
69 50 0.041667
80 50 0.041667
94 50 0.041667
97 50 0.041667
103 50 0.041667
108 50 0.041667
111 50 0.041667
115 50 0.041667
123 50 0.041667
124 50 0.041667
126 50 0.041667
8 53 0.052632
16 53 0.052632
18 53 0.052632
26 53 0.052632
31 53 0.052632
33 53 0.052632
35 53 0.052632
54 53 0.052632
56 53 0.052632
71 53 0.052632
76 53 0.052632
79 53 0.052632
86 53 0.052632
87 53 0.052632
105 53 0.052632
110 53 0.052632
113 53 0.052632
121 53 0.052632
122 53 0.052632
8 93 0.071429
16 93 0.071429
34 93 0.071429
57 93 0.071429
61 93 0.071429
63 93 0.071429
67 93 0.071429
72 93 0.071429
75 93 0.071429
105 93 0.071429
106 93 0.071429
115 93 0.071429
119 93 0.071429
122 93 0.071429
8 103 0.047619
11 103 0.047619
22 103 0.047619
26 103 0.047619
27 103 0.047619
33 103 0.047619
37 103 0.047619
41 103 0.047619
42 103 0.047619
45 103 0.047619
50 103 0.047619
54 103 0.047619
58 103 0.047619
68 103 0.047619
76 103 0.047619
78 103 0.047619
89 103 0.047619
95 103 0.047619
111 103 0.047619
112 103 0.047619
118 103 0.047619
9 48 0.055556
12 48 0.055556
15 48 0.055556
18 48 0.055556
29 48 0.055556
31 48 0.055556
34 48 0.055556
38 48 0.055556
40 48 0.055556
51 48 0.055556
72 48 0.055556
76 48 0.055556
80 48 0.055556
81 48 0.055556
92 48 0.055556
96 48 0.055556
109 48 0.055556
110 48 0.055556
9 49 0.0625
19 49 0.0625
29 49 0.0625
41 49 0.0625
42 49 0.0625
57 49 0.0625
68 49 0.0625
71 49 0.0625
79 49 0.0625
80 49 0.0625
101 49 0.0625
107 49 0.0625
113 49 0.0625
122 49 0.0625
123 49 0.0625
126 49 0.0625
9 64 0.05
11 64 0.05
14 64 0.05
16 64 0.05
26 64 0.05
32 64 0.05
37 64 0.05
38 64 0.05
41 64 0.05
42 64 0.05
60 64 0.05
82 64 0.05
83 64 0.05
87 64 0.05
89 64 0.05
90 64 0.05
96 64 0.05
105 64 0.05
107 64 0.05
126 64 0.05
9 100 0.071429
13 100 0.071429
19 100 0.071429
57 100 0.071429
59 100 0.071429
60 100 0.071429
77 100 0.071429
85 100 0.071429
92 100 0.071429
95 100 0.071429
117 100 0.071429
121 100 0.071429
124 100 0.071429
127 100 0.071429
10 33 0.066667
19 33 0.066667
24 33 0.066667
29 33 0.066667
32 33 0.066667
35 33 0.066667
41 33 0.066667
53 33 0.066667
62 33 0.066667
67 33 0.066667
89 33 0.066667
103 33 0.066667
111 33 0.066667
117 33 0.066667
120 33 0.066667
10 43 0.045455
14 43 0.045455
15 43 0.045455
23 43 0.045455
26 43 0.045455
38 43 0.045455
40 43 0.045455
50 43 0.045455
52 43 0.045455
63 43 0.045455
67 43 0.045455
68 43 0.045455
72 43 0.045455
90 43 0.045455
92 43 0.045455
94 43 0.045455
97 43 0.045455
98 43 0.045455
101 43 0.045455
106 43 0.045455
114 43 0.045455
123 43 0.045455
10 54 0.0625
37 54 0.0625
39 54 0.0625
41 54 0.0625
51 54 0.0625
53 54 0.0625
61 54 0.0625
65 54 0.0625
66 54 0.0625
90 54 0.0625
97 54 0.0625
103 54 0.0625
108 54 0.0625
124 54 0.0625
125 54 0.0625
127 54 0.0625
10 61 0.052632
16 61 0.052632
17 61 0.052632
21 61 0.052632
30 61 0.052632
54 61 0.052632
58 61 0.052632
59 61 0.052632
62 61 0.052632
88 61 0.052632
93 61 0.052632
96 61 0.052632
97 61 0.052632
114 61 0.052632
116 61 0.052632
120 61 0.052632
124 61 0.052632
126 61 0.052632
127 61 0.052632
10 84 0.066667
14 84 0.066667
16 84 0.066667
28 84 0.066667
30 84 0.066667
34 84 0.066667
60 84 0.066667
67 84 0.066667
81 84 0.066667
83 84 0.066667
96 84 0.066667
101 84 0.066667
102 84 0.066667
110 84 0.066667
112 84 0.066667
11 21 0.05
13 21 0.05
16 21 0.05
17 21 0.05
25 21 0.05
34 21 0.05
36 21 0.05
50 21 0.05
57 21 0.05
61 21 0.05
67 21 0.05
74 21 0.05
81 21 0.05
88 21 0.05
91 21 0.05
96 21 0.05
97 21 0.05
113 21 0.05
124 21 0.05
126 21 0.05
11 56 0.071429
12 56 0.071429
40 56 0.071429
53 56 0.071429
60 56 0.071429
63 56 0.071429
67 56 0.071429
74 56 0.071429
82 56 0.071429
85 56 0.071429
87 56 0.071429
106 56 0.071429
117 56 0.071429
126 56 0.071429
11 62 0.055556
14 62 0.055556
33 62 0.055556
34 62 0.055556
39 62 0.055556
42 62 0.055556
45 62 0.055556
50 62 0.055556
52 62 0.055556
59 62 0.055556
61 62 0.055556
67 62 0.055556
70 62 0.055556
81 62 0.055556
86 62 0.055556
99 62 0.055556
108 62 0.055556
117 62 0.055556
12 51 0.066667
13 51 0.066667
20 51 0.066667
27 51 0.066667
46 51 0.066667
48 51 0.066667
54 51 0.066667
60 51 0.066667
68 51 0.066667
79 51 0.066667
83 51 0.066667
85 51 0.066667
95 51 0.066667
109 51 0.066667
124 51 0.066667
13 32 0.045455
14 32 0.045455
19 32 0.045455
24 32 0.045455
31 32 0.045455
33 32 0.045455
35 32 0.045455
39 32 0.045455
60 32 0.045455
64 32 0.045455
68 32 0.045455
76 32 0.045455
79 32 0.045455
83 32 0.045455
97 32 0.045455
102 32 0.045455
110 32 0.045455
111 32 0.045455
112 32 0.045455
118 32 0.045455
121 32 0.045455
125 32 0.045455
13 38 0.052632
43 38 0.052632
44 38 0.052632
46 38 0.052632
48 38 0.052632
55 38 0.052632
58 38 0.052632
64 38 0.052632
65 38 0.052632
67 38 0.052632
91 38 0.052632
92 38 0.052632
115 38 0.052632
116 38 0.052632
120 38 0.052632
122 38 0.052632
124 38 0.052632
126 38 0.052632
127 38 0.052632
13 90 0.0625
18 90 0.0625
26 90 0.0625
34 90 0.0625
42 90 0.0625
43 90 0.0625
54 90 0.0625
60 90 0.0625
64 90 0.0625
71 90 0.0625
83 90 0.0625
85 90 0.0625
95 90 0.0625
121 90 0.0625
124 90 0.0625
125 90 0.0625
13 117 0.052632
26 117 0.052632
30 117 0.052632
31 117 0.052632
33 117 0.052632
44 117 0.052632
56 117 0.052632
62 117 0.052632
74 117 0.052632
81 117 0.052632
87 117 0.052632
89 117 0.052632
91 117 0.052632
94 117 0.052632
95 117 0.052632
100 117 0.052632
102 117 0.052632
115 117 0.052632
124 117 0.052632
14 55 0.076923
37 55 0.076923
38 55 0.076923
39 55 0.076923
58 55 0.076923
59 55 0.076923
74 55 0.076923
75 55 0.076923
89 55 0.076923
92 55 0.076923
101 55 0.076923
108 55 0.076923
120 55 0.076923
14 69 0.058824
18 69 0.058824
23 69 0.058824
28 69 0.058824
30 69 0.058824
31 69 0.058824
35 69 0.058824
50 69 0.058824
57 69 0.058824
60 69 0.058824
67 69 0.058824
75 69 0.058824
78 69 0.058824
82 69 0.058824
85 69 0.058824
96 69 0.058824
97 69 0.058824
14 113 0.041667
17 113 0.041667
19 113 0.041667
21 113 0.041667
22 113 0.041667
30 113 0.041667
31 113 0.041667
46 113 0.041667
49 113 0.041667
52 113 0.041667
53 113 0.041667
59 113 0.041667
74 113 0.041667
77 113 0.041667
79 113 0.041667
83 113 0.041667
91 113 0.041667
92 113 0.041667
94 113 0.041667
99 113 0.041667
107 113 0.041667
108 113 0.041667
111 113 0.041667
116 113 0.041667
15 40 0.052632
26 40 0.052632
30 40 0.052632
37 40 0.052632
39 40 0.052632
43 40 0.052632
48 40 0.052632
52 40 0.052632
56 40 0.052632
66 40 0.052632
67 40 0.052632
80 40 0.052632
81 40 0.052632
92 40 0.052632
106 40 0.052632
111 40 0.052632
114 40 0.052632
115 40 0.052632
126 40 0.052632
15 58 0.04
24 58 0.04
26 58 0.04
27 58 0.04
37 58 0.04
38 58 0.04
55 58 0.04
57 58 0.04
59 58 0.04
61 58 0.04
63 58 0.04
65 58 0.04
66 58 0.04
70 58 0.04
78 58 0.04
81 58 0.04
86 58 0.04
87 58 0.04
98 58 0.04
103 58 0.04
104 58 0.04
106 58 0.04
120 58 0.04
126 58 0.04
127 58 0.04
15 87 0.0625
53 87 0.0625
56 87 0.0625
57 87 0.0625
58 87 0.0625
64 87 0.0625
85 87 0.0625
88 87 0.0625
98 87 0.0625
102 87 0.0625
106 87 0.0625
112 87 0.0625
117 87 0.0625
118 87 0.0625
123 87 0.0625
127 87 0.0625
17 39 0.055556
26 39 0.055556
32 39 0.055556
35 39 0.055556
40 39 0.055556
41 39 0.055556
52 39 0.055556
54 39 0.055556
55 39 0.055556
62 39 0.055556
66 39 0.055556
74 39 0.055556
80 39 0.055556
85 39 0.055556
102 39 0.055556
110 39 0.055556
111 39 0.055556
119 39 0.055556
17 121 0.047619
18 121 0.047619
32 121 0.047619
37 121 0.047619
52 121 0.047619
53 121 0.047619
59 121 0.047619
63 121 0.047619
70 121 0.047619
76 121 0.047619
77 121 0.047619
79 121 0.047619
83 121 0.047619
90 121 0.047619
91 121 0.047619
100 121 0.047619
107 121 0.047619
109 121 0.047619
125 121 0.047619
126 121 0.047619
127 121 0.047619
18 20 0.066667
28 20 0.066667
31 20 0.066667
45 20 0.066667
50 20 0.066667
51 20 0.066667
57 20 0.066667
66 20 0.066667
70 20 0.066667
91 20 0.066667
97 20 0.066667
102 20 0.066667
114 20 0.066667
115 20 0.066667
126 20 0.066667
18 46 0.058824
23 46 0.058824
29 46 0.058824
38 46 0.058824
44 46 0.058824
51 46 0.058824
81 46 0.058824
82 46 0.058824
86 46 0.058824
88 46 0.058824
89 46 0.058824
95 46 0.058824
105 46 0.058824
112 46 0.058824
113 46 0.058824
116 46 0.058824
125 46 0.058824
24 82 0.066667
28 82 0.066667
46 82 0.066667
56 82 0.066667
57 82 0.066667
63 82 0.066667
64 82 0.066667
69 82 0.066667
70 82 0.066667
73 82 0.066667
74 82 0.066667
76 82 0.066667
80 82 0.066667
81 82 0.066667
85 82 0.066667
24 105 0.052632
29 105 0.052632
46 105 0.052632
47 105 0.052632
53 105 0.052632
64 105 0.052632
65 105 0.052632
71 105 0.052632
80 105 0.052632
91 105 0.052632
93 105 0.052632
106 105 0.052632
107 105 0.052632
119 105 0.052632
120 105 0.052632
122 105 0.052632
123 105 0.052632
124 105 0.052632
125 105 0.052632
31 83 0.055556
32 83 0.055556
35 83 0.055556
51 83 0.055556
64 83 0.055556
65 83 0.055556
68 83 0.055556
72 83 0.055556
74 83 0.055556
81 83 0.055556
84 83 0.055556
90 83 0.055556
98 83 0.055556
104 83 0.055556
106 83 0.055556
113 83 0.055556
119 83 0.055556
121 83 0.055556
10 0 0.052632
23 0 0.052632
30 0 0.052632
52 0 0.052632
60 0 0.052632
63 0 0.052632
68 0 0.052632
70 0 0.052632
73 0 0.052632
78 0 0.052632
80 0 0.052632
85 0 0.052632
88 0 0.052632
94 0 0.052632
98 0 0.052632
108 0 0.052632
116 0 0.052632
122 0 0.052632
124 0 0.052632
2 1 0.055556
5 1 0.055556
6 1 0.055556
9 1 0.055556
15 1 0.055556
31 1 0.055556
57 1 0.055556
59 1 0.055556
67 1 0.055556
73 1 0.055556
74 1 0.055556
77 1 0.055556
81 1 0.055556
91 1 0.055556
109 1 0.055556
111 1 0.055556
114 1 0.055556
120 1 0.055556
5 3 0.055556
12 3 0.055556
14 3 0.055556
17 3 0.055556
19 3 0.055556
31 3 0.055556
35 3 0.055556
95 3 0.055556
97 3 0.055556
99 3 0.055556
104 3 0.055556
108 3 0.055556
109 3 0.055556
114 3 0.055556
115 3 0.055556
116 3 0.055556
126 3 0.055556
127 3 0.055556
5 4 0.0625
6 4 0.0625
7 4 0.0625
9 4 0.0625
16 4 0.0625
27 4 0.0625
28 4 0.0625
35 4 0.0625
37 4 0.0625
47 4 0.0625
68 4 0.0625
79 4 0.0625
94 4 0.0625
97 4 0.0625
110 4 0.0625
119 4 0.0625
12 8 0.111111
18 8 0.111111
23 8 0.111111
27 8 0.111111
50 8 0.111111
53 8 0.111111
76 8 0.111111
93 8 0.111111
103 8 0.111111
