0 2 0.027027
5 2 0.027027
8 2 0.027027
12 2 0.027027
18 2 0.027027
21 2 0.027027
27 2 0.027027
30 2 0.027027
38 2 0.027027
41 2 0.027027
42 2 0.027027
48 2 0.027027
50 2 0.027027
51 2 0.027027
53 2 0.027027
54 2 0.027027
56 2 0.027027
59 2 0.027027
63 2 0.027027
72 2 0.027027
78 2 0.027027
88 2 0.027027
89 2 0.027027
104 2 0.027027
112 2 0.027027
122 2 0.027027
123 2 0.027027
129 2 0.027027
137 2 0.027027
143 2 0.027027
149 2 0.027027
152 2 0.027027
155 2 0.027027
159 2 0.027027
162 2 0.027027
163 2 0.027027
167 2 0.027027
0 11 0.041667
7 11 0.041667
9 11 0.041667
13 11 0.041667
20 11 0.041667
21 11 0.041667
38 11 0.041667
39 11 0.041667
49 11 0.041667
50 11 0.041667
51 11 0.041667
67 11 0.041667
73 11 0.041667
74 11 0.041667
103 11 0.041667
116 11 0.041667
129 11 0.041667
130 11 0.041667
134 11 0.041667
135 11 0.041667
137 11 0.041667
149 11 0.041667
162 11 0.041667
168 11 0.041667
0 14 0.045455
4 14 0.045455
16 14 0.045455
19 14 0.045455
20 14 0.045455
27 14 0.045455
46 14 0.045455
50 14 0.045455
74 14 0.045455
75 14 0.045455
78 14 0.045455
79 14 0.045455
82 14 0.045455
107 14 0.045455
111 14 0.045455
114 14 0.045455
123 14 0.045455
125 14 0.045455
131 14 0.045455
154 14 0.045455
160 14 0.045455
161 14 0.045455
0 15 0.032258
1 15 0.032258
19 15 0.032258
26 15 0.032258
30 15 0.032258
34 15 0.032258
35 15 0.032258
43 15 0.032258
45 15 0.032258
52 15 0.032258
53 15 0.032258
54 15 0.032258
62 15 0.032258
63 15 0.032258
66 15 0.032258
74 15 0.032258
86 15 0.032258
89 15 0.032258
92 15 0.032258
94 15 0.032258
97 15 0.032258
106 15 0.032258
108 15 0.032258
120 15 0.032258
121 15 0.032258
135 15 0.032258
137 15 0.032258
146 15 0.032258
150 15 0.032258
154 15 0.032258
160 15 0.032258
0 17 0.043478
4 17 0.043478
8 17 0.043478
9 17 0.043478
10 17 0.043478
20 17 0.043478
24 17 0.043478
39 17 0.043478
46 17 0.043478
60 17 0.043478
65 17 0.043478
76 17 0.043478
81 17 0.043478
113 17 0.043478
117 17 0.043478
122 17 0.043478
126 17 0.043478
130 17 0.043478
136 17 0.043478
144 17 0.043478
151 17 0.043478
154 17 0.043478
159 17 0.043478
0 23 0.043478
3 23 0.043478
8 23 0.043478
22 23 0.043478
31 23 0.043478
33 23 0.043478
35 23 0.043478
38 23 0.043478
42 23 0.043478
43 23 0.043478
56 23 0.043478
57 23 0.043478
64 23 0.043478
70 23 0.043478
84 23 0.043478
87 23 0.043478
91 23 0.043478
110 23 0.043478
116 23 0.043478
120 23 0.043478
126 23 0.043478
135 23 0.043478
145 23 0.043478
0 34 0.037037
1 34 0.037037
6 34 0.037037
10 34 0.037037
15 34 0.037037
22 34 0.037037
24 34 0.037037
27 34 0.037037
31 34 0.037037
36 34 0.037037
40 34 0.037037
44 34 0.037037
47 34 0.037037
57 34 0.037037
62 34 0.037037
70 34 0.037037
72 34 0.037037
75 34 0.037037
87 34 0.037037
107 34 0.037037
121 34 0.037037
136 34 0.037037
140 34 0.037037
141 34 0.037037
146 34 0.037037
164 34 0.037037
167 34 0.037037
0 39 0.043478
11 39 0.043478
17 39 0.043478
33 39 0.043478
64 39 0.043478
74 39 0.043478
77 39 0.043478
105 39 0.043478
106 39 0.043478
107 39 0.043478
113 39 0.043478
118 39 0.043478
127 39 0.043478
133 39 0.043478
138 39 0.043478
139 39 0.043478
144 39 0.043478
147 39 0.043478
153 39 0.043478
157 39 0.043478
161 39 0.043478
166 39 0.043478
168 39 0.043478
0 41 0.037037
1 41 0.037037
2 41 0.037037
6 41 0.037037
16 41 0.037037
45 41 0.037037
57 41 0.037037
61 41 0.037037
62 41 0.037037
66 41 0.037037
74 41 0.037037
83 41 0.037037
87 41 0.037037
89 41 0.037037
92 41 0.037037
97 41 0.037037
100 41 0.037037
107 41 0.037037
119 41 0.037037
130 41 0.037037
134 41 0.037037
139 41 0.037037
147 41 0.037037
152 41 0.037037
153 41 0.037037
159 41 0.037037
167 41 0.037037
0 69 0.045455
3 69 0.045455
8 69 0.045455
19 69 0.045455
43 69 0.045455
49 69 0.045455
62 69 0.045455
65 69 0.045455
70 69 0.045455
73 69 0.045455
85 69 0.045455
95 69 0.045455
97 69 0.045455
98 69 0.045455
109 69 0.045455
111 69 0.045455
126 69 0.045455
131 69 0.045455
148 69 0.045455
150 69 0.045455
158 69 0.045455
161 69 0.045455
0 76 0.033333
3 76 0.033333
4 76 0.033333
9 76 0.033333
13 76 0.033333
17 76 0.033333
21 76 0.033333
25 76 0.033333
27 76 0.033333
28 76 0.033333
43 76 0.033333
49 76 0.033333
58 76 0.033333
65 76 0.033333
71 76 0.033333
72 76 0.033333
79 76 0.033333
87 76 0.033333
104 76 0.033333
106 76 0.033333
114 76 0.033333
116 76 0.033333
140 76 0.033333
143 76 0.033333
146 76 0.033333
147 76 0.033333
148 76 0.033333
157 76 0.033333
159 76 0.033333
167 76 0.033333
0 79 0.04
3 79 0.04
8 79 0.04
9 79 0.04
14 79 0.04
26 79 0.04
28 79 0.04
32 79 0.04
60 79 0.04
76 79 0.04
77 79 0.04
83 79 0.04
87 79 0.04
94 79 0.04
98 79 0.04
111 79 0.04
113 79 0.04
129 79 0.04
130 79 0.04
135 79 0.04
143 79 0.04
144 79 0.04
150 79 0.04
151 79 0.04
152 79 0.04
0 82 0.052632
1 82 0.052632
14 82 0.052632
18 82 0.052632
37 82 0.052632
57 82 0.052632
60 82 0.052632
61 82 0.052632
71 82 0.052632
77 82 0.052632
81 82 0.052632
96 82 0.052632
98 82 0.052632
102 82 0.052632
116 82 0.052632
129 82 0.052632
138 82 0.052632
159 82 0.052632
165 82 0.052632
0 83 0.038462
6 83 0.038462
10 83 0.038462
19 83 0.038462
22 83 0.038462
36 83 0.038462
38 83 0.038462
41 83 0.038462
45 83 0.038462
50 83 0.038462
52 83 0.038462
60 83 0.038462
68 83 0.038462
75 83 0.038462
79 83 0.038462
86 83 0.038462
103 83 0.038462
118 83 0.038462
119 83 0.038462
121 83 0.038462
129 83 0.038462
139 83 0.038462
149 83 0.038462
160 83 0.038462
161 83 0.038462
164 83 0.038462
0 86 0.045455
1 86 0.045455
15 86 0.045455
30 86 0.045455
31 86 0.045455
38 86 0.045455
43 86 0.045455
47 86 0.045455
58 86 0.045455
61 86 0.045455
62 86 0.045455
83 86 0.045455
88 86 0.045455
91 86 0.045455
93 86 0.045455
104 86 0.045455
116 86 0.045455
138 86 0.045455
145 86 0.045455
151 86 0.045455
158 86 0.045455
160 86 0.045455
0 92 0.045455
12 92 0.045455
15 92 0.045455
18 92 0.045455
22 92 0.045455
33 92 0.045455
41 92 0.045455
48 92 0.045455
50 92 0.045455
51 92 0.045455
70 92 0.045455
74 92 0.045455
89 92 0.045455
93 92 0.045455
96 92 0.045455
104 92 0.045455
111 92 0.045455
128 92 0.045455
139 92 0.045455
145 92 0.045455
154 92 0.045455
156 92 0.045455
0 98 0.043478
4 98 0.043478
8 98 0.043478
18 98 0.043478
21 98 0.043478
26 98 0.043478
38 98 0.043478
48 98 0.043478
51 98 0.043478
69 98 0.043478
71 98 0.043478
75 98 0.043478
79 98 0.043478
82 98 0.043478
84 98 0.043478
93 98 0.043478
114 98 0.043478
117 98 0.043478
123 98 0.043478
125 98 0.043478
130 98 0.043478
145 98 0.043478
152 98 0.043478
0 102 0.043478
1 102 0.043478
6 102 0.043478
10 102 0.043478
12 102 0.043478
18 102 0.043478
33 102 0.043478
40 102 0.043478
44 102 0.043478
49 102 0.043478
59 102 0.043478
65 102 0.043478
70 102 0.043478
71 102 0.043478
72 102 0.043478
77 102 0.043478
82 102 0.043478
85 102 0.043478
129 102 0.043478
133 102 0.043478
150 102 0.043478
160 102 0.043478
166 102 0.043478
0 121 0.038462
8 121 0.038462
15 121 0.038462
19 121 0.038462
25 121 0.038462
26 121 0.038462
28 121 0.038462
33 121 0.038462
34 121 0.038462
47 121 0.038462
51 121 0.038462
58 121 0.038462
67 121 0.038462
71 121 0.038462
73 121 0.038462
75 121 0.038462
80 121 0.038462
83 121 0.038462
93 121 0.038462
108 121 0.038462
111 121 0.038462
127 121 0.038462
135 121 0.038462
137 121 0.038462
154 121 0.038462
161 121 0.038462
0 131 0.058824
14 131 0.058824
49 131 0.058824
58 131 0.058824
64 131 0.058824
67 131 0.058824
69 131 0.058824
71 131 0.058824
95 131 0.058824
96 131 0.058824
107 131 0.058824
110 131 0.058824
120 131 0.058824
133 131 0.058824
150 131 0.058824
155 131 0.058824
160 131 0.058824
0 133 0.045455
22 133 0.045455
30 133 0.045455
39 133 0.045455
40 133 0.045455
44 133 0.045455
45 133 0.045455
52 133 0.045455
55 133 0.045455
56 133 0.045455
65 133 0.045455
70 133 0.045455
91 133 0.045455
93 133 0.045455
95 133 0.045455
102 133 0.045455
120 133 0.045455
128 133 0.045455
131 133 0.045455
143 133 0.045455
147 133 0.045455
159 133 0.045455
0 137 0.035714
2 137 0.035714
11 137 0.035714
15 137 0.035714
20 137 0.035714
21 137 0.035714
22 137 0.035714
26 137 0.035714
29 137 0.035714
35 137 0.035714
47 137 0.035714
49 137 0.035714
52 137 0.035714
60 137 0.035714
62 137 0.035714
64 137 0.035714
72 137 0.035714
95 137 0.035714
99 137 0.035714
105 137 0.035714
109 137 0.035714
113 137 0.035714
116 137 0.035714
121 137 0.035714
136 137 0.035714
154 137 0.035714
161 137 0.035714
165 137 0.035714
0 145 0.045455
1 145 0.045455
23 145 0.045455
33 145 0.045455
57 145 0.045455
64 145 0.045455
66 145 0.045455
68 145 0.045455
70 145 0.045455
80 145 0.045455
86 145 0.045455
92 145 0.045455
93 145 0.045455
98 145 0.045455
101 145 0.045455
110 145 0.045455
122 145 0.045455
147 145 0.045455
148 145 0.045455
155 145 0.045455
157 145 0.045455
168 145 0.045455
0 148 0.041667
6 148 0.041667
18 148 0.041667
19 148 0.041667
30 148 0.041667
32 148 0.041667
36 148 0.041667
42 148 0.041667
51 148 0.041667
69 148 0.041667
74 148 0.041667
76 148 0.041667
81 148 0.041667
96 148 0.041667
105 148 0.041667
115 148 0.041667
126 148 0.041667
127 148 0.041667
128 148 0.041667
142 148 0.041667
145 148 0.041667
146 148 0.041667
159 148 0.041667
165 148 0.041667
0 155 0.041667
2 155 0.041667
3 155 0.041667
6 155 0.041667
18 155 0.041667
27 155 0.041667
29 155 0.041667
43 155 0.041667
55 155 0.041667
74 155 0.041667
77 155 0.041667
91 155 0.041667
100 155 0.041667
111 155 0.041667
129 155 0.041667
130 155 0.041667
131 155 0.041667
132 155 0.041667
140 155 0.041667
145 155 0.041667
147 155 0.041667
161 155 0.041667
166 155 0.041667
167 155 0.041667
0 159 0.03125
1 159 0.03125
2 159 0.03125
12 159 0.03125
17 159 0.03125
25 159 0.03125
31 159 0.03125
36 159 0.03125
41 159 0.03125
44 159 0.03125
45 159 0.03125
52 159 0.03125
63 159 0.03125
66 159 0.03125
67 159 0.03125
76 159 0.03125
78 159 0.03125
82 159 0.03125
88 159 0.03125
90 159 0.03125
93 159 0.03125
100 159 0.03125
109 159 0.03125
110 159 0.03125
123 159 0.03125
130 159 0.03125
133 159 0.03125
136 159 0.03125
148 159 0.03125
151 159 0.03125
162 159 0.03125
164 159 0.03125
0 163 0.047619
2 163 0.047619
10 163 0.047619
12 163 0.047619
13 163 0.047619
35 163 0.047619
40 163 0.047619
47 163 0.047619
48 163 0.047619
51 163 0.047619
53 163 0.047619
56 163 0.047619
61 163 0.047619
63 163 0.047619
67 163 0.047619
68 163 0.047619
111 163 0.047619
126 163 0.047619
157 163 0.047619
164 163 0.047619
165 163 0.047619
1 22 0.03125
5 22 0.03125
6 22 0.03125
16 22 0.03125
23 22 0.03125
24 22 0.03125
32 22 0.03125
34 22 0.03125
37 22 0.03125
43 22 0.03125
44 22 0.03125
49 22 0.03125
55 22 0.03125
66 22 0.03125
67 22 0.03125
72 22 0.03125
74 22 0.03125
75 22 0.03125
83 22 0.03125
84 22 0.03125
88 22 0.03125
92 22 0.03125
93 22 0.03125
103 22 0.03125
106 22 0.03125
127 22 0.03125
133 22 0.03125
137 22 0.03125
140 22 0.03125
149 22 0.03125
156 22 0.03125
167 22 0.03125
1 24 0.05
17 24 0.05
18 24 0.05
22 24 0.05
30 24 0.05
34 24 0.05
50 24 0.05
64 24 0.05
65 24 0.05
67 24 0.05
90 24 0.05
95 24 0.05
96 24 0.05
105 24 0.05
106 24 0.05
122 24 0.05
135 24 0.05
156 24 0.05
158 24 0.05
162 24 0.05
1 51 0.028571
2 51 0.028571
6 51 0.028571
11 51 0.028571
13 51 0.028571
21 51 0.028571
25 51 0.028571
30 51 0.028571
32 51 0.028571
33 51 0.028571
36 51 0.028571
38 51 0.028571
42 51 0.028571
43 51 0.028571
55 51 0.028571
57 51 0.028571
67 51 0.028571
85 51 0.028571
88 51 0.028571
92 51 0.028571
97 51 0.028571
98 51 0.028571
109 51 0.028571
121 51 0.028571
122 51 0.028571
124 51 0.028571
125 51 0.028571
128 51 0.028571
132 51 0.028571
136 51 0.028571
148 51 0.028571
149 51 0.028571
163 51 0.028571
164 51 0.028571
167 51 0.028571
1 57 0.041667
20 57 0.041667
23 57 0.041667
32 57 0.041667
34 57 0.041667
41 57 0.041667
44 57 0.041667
51 57 0.041667
65 57 0.041667
78 57 0.041667
80 57 0.041667
82 57 0.041667
90 57 0.041667
97 57 0.041667
106 57 0.041667
112 57 0.041667
116 57 0.041667
143 57 0.041667
145 57 0.041667
150 57 0.041667
156 57 0.041667
158 57 0.041667
164 57 0.041667
168 57 0.041667
1 60 0.032258
3 60 0.032258
5 60 0.032258
16 60 0.032258
17 60 0.032258
31 60 0.032258
33 60 0.032258
43 60 0.032258
44 60 0.032258
46 60 0.032258
54 60 0.032258
55 60 0.032258
59 60 0.032258
68 60 0.032258
70 60 0.032258
79 60 0.032258
82 60 0.032258
83 60 0.032258
87 60 0.032258
89 60 0.032258
91 60 0.032258
110 60 0.032258
111 60 0.032258
119 60 0.032258
137 60 0.032258
141 60 0.032258
147 60 0.032258
152 60 0.032258
161 60 0.032258
162 60 0.032258
166 60 0.032258
1 61 0.041667
8 61 0.041667
20 61 0.041667
27 61 0.041667
36 61 0.041667
37 61 0.041667
41 61 0.041667
46 61 0.041667
48 61 0.041667
53 61 0.041667
66 61 0.041667
71 61 0.041667
82 61 0.041667
86 61 0.041667
117 61 0.041667
127 61 0.041667
146 61 0.041667
149 61 0.041667
153 61 0.041667
157 61 0.041667
160 61 0.041667
162 61 0.041667
163 61 0.041667
167 61 0.041667
1 70 0.041667
8 70 0.041667
19 70 0.041667
23 70 0.041667
34 70 0.041667
35 70 0.041667
45 70 0.041667
54 70 0.041667
59 70 0.041667
60 70 0.041667
69 70 0.041667
80 70 0.041667
92 70 0.041667
102 70 0.041667
108 70 0.041667
112 70 0.041667
115 70 0.041667
123 70 0.041667
129 70 0.041667
133 70 0.041667
143 70 0.041667
145 70 0.041667
164 70 0.041667
167 70 0.041667
1 81 0.045455
4 81 0.045455
17 81 0.045455
18 81 0.045455
26 81 0.045455
35 81 0.045455
40 81 0.045455
67 81 0.045455
75 81 0.045455
77 81 0.045455
82 81 0.045455
88 81 0.045455
90 81 0.045455
91 81 0.045455
113 81 0.045455
119 81 0.045455
120 81 0.045455
126 81 0.045455
148 81 0.045455
152 81 0.045455
162 81 0.045455
165 81 0.045455
1 87 0.052632
21 87 0.052632
23 87 0.052632
25 87 0.052632
29 87 0.052632
34 87 0.052632
41 87 0.052632
60 87 0.052632
74 87 0.052632
76 87 0.052632
79 87 0.052632
96 87 0.052632
111 87 0.052632
112 87 0.052632
113 87 0.052632
118 87 0.052632
126 87 0.052632
150 87 0.052632
158 87 0.052632
1 94 0.052632
4 94 0.052632
7 94 0.052632
10 94 0.052632
12 94 0.052632
15 94 0.052632
16 94 0.052632
28 94 0.052632
31 94 0.052632
48 94 0.052632
58 94 0.052632
79 94 0.052632
95 94 0.052632
109 94 0.052632
110 94 0.052632
115 94 0.052632
122 94 0.052632
140 94 0.052632
144 94 0.052632
1 110 0.030303
8 110 0.030303
21 110 0.030303
23 110 0.030303
32 110 0.030303
35 110 0.030303
40 110 0.030303
50 110 0.030303
53 110 0.030303
56 110 0.030303
60 110 0.030303
62 110 0.030303
66 110 0.030303
68 110 0.030303
77 110 0.030303
85 110 0.030303
94 110 0.030303
95 110 0.030303
97 110 0.030303
99 110 0.030303
107 110 0.030303
114 110 0.030303
115 110 0.030303
122 110 0.030303
126 110 0.030303
127 110 0.030303
130 110 0.030303
131 110 0.030303
138 110 0.030303
145 110 0.030303
146 110 0.030303
159 110 0.030303
164 110 0.030303
1 111 0.026316
3 111 0.026316
14 111 0.026316
21 111 0.026316
25 111 0.026316
31 111 0.026316
50 111 0.026316
52 111 0.026316
56 111 0.026316
60 111 0.026316
62 111 0.026316
67 111 0.026316
68 111 0.026316
69 111 0.026316
72 111 0.026316
79 111 0.026316
80 111 0.026316
87 111 0.026316
92 111 0.026316
93 111 0.026316
99 111 0.026316
105 111 0.026316
106 111 0.026316
109 111 0.026316
120 111 0.026316
121 111 0.026316
122 111 0.026316
126 111 0.026316
134 111 0.026316
139 111 0.026316
146 111 0.026316
147 111 0.026316
150 111 0.026316
152 111 0.026316
155 111 0.026316
156 111 0.026316
163 111 0.026316
166 111 0.026316
1 143 0.035714
2 143 0.035714
3 143 0.035714
4 143 0.035714
6 143 0.035714
9 143 0.035714
20 143 0.035714
25 143 0.035714
30 143 0.035714
50 143 0.035714
52 143 0.035714
57 143 0.035714
58 143 0.035714
59 143 0.035714
62 143 0.035714
70 143 0.035714
76 143 0.035714
79 143 0.035714
84 143 0.035714
100 143 0.035714
107 143 0.035714
113 143 0.035714
133 143 0.035714
139 143 0.035714
147 143 0.035714
152 143 0.035714
154 143 0.035714
158 143 0.035714
1 153 0.041667
16 153 0.041667
18 153 0.041667
27 153 0.041667
29 153 0.041667
39 153 0.041667
41 153 0.041667
61 153 0.041667
63 153 0.041667
66 153 0.041667
90 153 0.041667
97 153 0.041667
106 153 0.041667
122 153 0.041667
123 153 0.041667
130 153 0.041667
132 153 0.041667
134 153 0.041667
135 153 0.041667
138 153 0.041667
139 153 0.041667
147 153 0.041667
157 153 0.041667
158 153 0.041667
1 161 0.033333
4 161 0.033333
8 161 0.033333
9 161 0.033333
14 161 0.033333
39 161 0.033333
47 161 0.033333
56 161 0.033333
58 161 0.033333
60 161 0.033333
69 161 0.033333
72 161 0.033333
73 161 0.033333
80 161 0.033333
83 161 0.033333
90 161 0.033333
101 161 0.033333
105 161 0.033333
114 161 0.033333
121 161 0.033333
124 161 0.033333
129 161 0.033333
132 161 0.033333
136 161 0.033333
137 161 0.033333
150 161 0.033333
155 161 0.033333
160 161 0.033333
164 161 0.033333
167 161 0.033333
2 5 0.052632
8 5 0.052632
21 5 0.052632
22 5 0.052632
29 5 0.052632
37 5 0.052632
48 5 0.052632
53 5 0.052632
58 5 0.052632
60 5 0.052632
63 5 0.052632
80 5 0.052632
122 5 0.052632
124 5 0.052632
127 5 0.052632
129 5 0.052632
130 5 0.052632
132 5 0.052632
134 5 0.052632
2 8 0.043478
5 8 0.043478
6 8 0.043478
12 8 0.043478
17 8 0.043478
23 8 0.043478
36 8 0.043478
37 8 0.043478
61 8 0.043478
69 8 0.043478
70 8 0.043478
79 8 0.043478
98 8 0.043478
110 8 0.043478
117 8 0.043478
121 8 0.043478
128 8 0.043478
130 8 0.043478
132 8 0.043478
136 8 0.043478
139 8 0.043478
161 8 0.043478
166 8 0.043478
2 12 0.034483
8 12 0.034483
9 12 0.034483
13 12 0.034483
16 12 0.034483
19 12 0.034483
33 12 0.034483
35 12 0.034483
49 12 0.034483
56 12 0.034483
62 12 0.034483
63 12 0.034483
75 12 0.034483
85 12 0.034483
92 12 0.034483
94 12 0.034483
102 12 0.034483
103 12 0.034483
112 12 0.034483
114 12 0.034483
125 12 0.034483
127 12 0.034483
139 12 0.034483
140 12 0.034483
149 12 0.034483
156 12 0.034483
159 12 0.034483
163 12 0.034483
166 12 0.034483
2 18 0.038462
16 18 0.038462
24 18 0.038462
28 18 0.038462
44 18 0.038462
50 18 0.038462
59 18 0.038462
72 18 0.038462
73 18 0.038462
81 18 0.038462
82 18 0.038462
92 18 0.038462
98 18 0.038462
102 18 0.038462
129 18 0.038462
134 18 0.038462
136 18 0.038462
139 18 0.038462
141 18 0.038462
144 18 0.038462
148 18 0.038462
149 18 0.038462
151 18 0.038462
153 18 0.038462
155 18 0.038462
160 18 0.038462
2 21 0.033333
5 21 0.033333
10 21 0.033333
11 21 0.033333
19 21 0.033333
26 21 0.033333
32 21 0.033333
37 21 0.033333
47 21 0.033333
51 21 0.033333
53 21 0.033333
63 21 0.033333
67 21 0.033333
71 21 0.033333
72 21 0.033333
74 21 0.033333
76 21 0.033333
87 21 0.033333
90 21 0.033333
98 21 0.033333
107 21 0.033333
110 21 0.033333
111 21 0.033333
118 21 0.033333
136 21 0.033333
137 21 0.033333
142 21 0.033333
157 21 0.033333
162 21 0.033333
165 21 0.033333
2 27 0.037037
7 27 0.037037
14 27 0.037037
19 27 0.037037
30 27 0.037037
32 27 0.037037
34 27 0.037037
43 27 0.037037
44 27 0.037037
61 27 0.037037
62 27 0.037037
71 27 0.037037
76 27 0.037037
84 27 0.037037
85 27 0.037037
93 27 0.037037
95 27 0.037037
106 27 0.037037
109 27 0.037037
115 27 0.037037
125 27 0.037037
139 27 0.037037
140 27 0.037037
153 27 0.037037
155 27 0.037037
164 27 0.037037
168 27 0.037037
2 30 0.029412
9 30 0.029412
15 30 0.029412
16 30 0.029412
24 30 0.029412
25 30 0.029412
27 30 0.029412
51 30 0.029412
52 30 0.029412
53 30 0.029412
54 30 0.029412
59 30 0.029412
65 30 0.029412
68 30 0.029412
71 30 0.029412
75 30 0.029412
77 30 0.029412
86 30 0.029412
89 30 0.029412
91 30 0.029412
99 30 0.029412
112 30 0.029412
114 30 0.029412
119 30 0.029412
126 30 0.029412
127 30 0.029412
133 30 0.029412
135 30 0.029412
143 30 0.029412
144 30 0.029412
148 30 0.029412
149 30 0.029412
152 30 0.029412
154 30 0.029412
2 38 0.038462
4 38 0.038462
7 38 0.038462
11 38 0.038462
23 38 0.038462
43 38 0.038462
50 38 0.038462
51 38 0.038462
59 38 0.038462
62 38 0.038462
66 38 0.038462
75 38 0.038462
77 38 0.038462
83 38 0.038462
86 38 0.038462
88 38 0.038462
98 38 0.038462
99 38 0.038462
108 38 0.038462
125 38 0.038462
139 38 0.038462
144 38 0.038462
146 38 0.038462
157 38 0.038462
165 38 0.038462
168 38 0.038462
2 42 0.038462
6 42 0.038462
19 42 0.038462
23 42 0.038462
50 42 0.038462
51 42 0.038462
53 42 0.038462
54 42 0.038462
56 42 0.038462
66 42 0.038462
73 42 0.038462
74 42 0.038462
78 42 0.038462
84 42 0.038462
93 42 0.038462
103 42 0.038462
113 42 0.038462
117 42 0.038462
119 42 0.038462
122 42 0.038462
124 42 0.038462
125 42 0.038462
130 42 0.038462
141 42 0.038462
148 42 0.038462
154 42 0.038462
2 48 0.04
5 48 0.04
35 48 0.04
50 48 0.04
55 48 0.04
59 48 0.04
61 48 0.04
64 48 0.04
85 48 0.04
92 48 0.04
93 48 0.04
94 48 0.04
98 48 0.04
100 48 0.04
112 48 0.04
116 48 0.04
117 48 0.04
127 48 0.04
128 48 0.04
136 48 0.04
147 48 0.04
156 48 0.04
163 48 0.04
164 48 0.04
167 48 0.04
2 50 0.035714
4 50 0.035714
11 50 0.035714
14 50 0.035714
18 50 0.035714
24 50 0.035714
32 50 0.035714
38 50 0.035714
42 50 0.035714
47 50 0.035714
48 50 0.035714
62 50 0.035714
67 50 0.035714
83 50 0.035714
92 50 0.035714
101 50 0.035714
104 50 0.035714
110 50 0.035714
111 50 0.035714
114 50 0.035714
127 50 0.035714
128 50 0.035714
141 50 0.035714
143 50 0.035714
149 50 0.035714
164 50 0.035714
167 50 0.035714
168 50 0.035714
2 53 0.037037
5 53 0.037037
15 53 0.037037
21 53 0.037037
25 53 0.037037
30 53 0.037037
42 53 0.037037
43 53 0.037037
61 53 0.037037
62 53 0.037037
73 53 0.037037
75 53 0.037037
85 53 0.037037
88 53 0.037037
91 53 0.037037
106 53 0.037037
107 53 0.037037
110 53 0.037037
124 53 0.037037
129 53 0.037037
138 53 0.037037
139 53 0.037037
140 53 0.037037
141 53 0.037037
158 53 0.037037
163 53 0.037037
165 53 0.037037
2 54 0.043478
15 54 0.043478
26 54 0.043478
30 54 0.043478
37 54 0.043478
42 54 0.043478
60 54 0.043478
70 54 0.043478
84 54 0.043478
93 54 0.043478
95 54 0.043478
97 54 0.043478
101 54 0.043478
106 54 0.043478
114 54 0.043478
119 54 0.043478
129 54 0.043478
130 54 0.043478
141 54 0.043478
150 54 0.043478
160 54 0.043478
162 54 0.043478
165 54 0.043478
2 56 0.034483
4 56 0.034483
6 56 0.034483
9 56 0.034483
12 56 0.034483
19 56 0.034483
23 56 0.034483
29 56 0.034483
32 56 0.034483
40 56 0.034483
42 56 0.034483
55 56 0.034483
72 56 0.034483
74 56 0.034483
75 56 0.034483
77 56 0.034483
100 56 0.034483
108 56 0.034483
110 56 0.034483
111 56 0.034483
117 56 0.034483
126 56 0.034483
132 56 0.034483
133 56 0.034483
144 56 0.034483
146 56 0.034483
161 56 0.034483
163 56 0.034483
168 56 0.034483
2 59 0.041667
9 59 0.041667
18 59 0.041667
26 59 0.041667
30 59 0.041667
33 59 0.041667
38 59 0.041667
48 59 0.041667
58 59 0.041667
60 59 0.041667
63 59 0.041667
70 59 0.041667
73 59 0.041667
100 59 0.041667
102 59 0.041667
114 59 0.041667
119 59 0.041667
125 59 0.041667
126 59 0.041667
132 59 0.041667
135 59 0.041667
139 59 0.041667
143 59 0.041667
144 59 0.041667
2 63 0.035714
4 63 0.035714
5 63 0.035714
9 63 0.035714
12 63 0.035714
15 63 0.035714
19 63 0.035714
20 63 0.035714
21 63 0.035714
46 63 0.035714
59 63 0.035714
66 63 0.035714
72 63 0.035714
73 63 0.035714
96 63 0.035714
99 63 0.035714
103 63 0.035714
104 63 0.035714
115 63 0.035714
124 63 0.035714
130 63 0.035714
132 63 0.035714
153 63 0.035714
157 63 0.035714
159 63 0.035714
162 63 0.035714
163 63 0.035714
167 63 0.035714
2 72 0.037037
3 72 0.037037
18 72 0.037037
21 72 0.037037
22 72 0.037037
34 72 0.037037
35 72 0.037037
36 72 0.037037
37 72 0.037037
56 72 0.037037
62 72 0.037037
63 72 0.037037
74 72 0.037037
76 72 0.037037
89 72 0.037037
93 72 0.037037
95 72 0.037037
97 72 0.037037
102 72 0.037037
111 72 0.037037
112 72 0.037037
117 72 0.037037
137 72 0.037037
141 72 0.037037
147 72 0.037037
160 72 0.037037
161 72 0.037037
2 78 0.038462
3 78 0.038462
9 78 0.038462
14 78 0.038462
19 78 0.038462
29 78 0.038462
31 78 0.038462
42 78 0.038462
44 78 0.038462
55 78 0.038462
57 78 0.038462
58 78 0.038462
80 78 0.038462
84 78 0.038462
88 78 0.038462
109 78 0.038462
112 78 0.038462
116 78 0.038462
117 78 0.038462
120 78 0.038462
134 78 0.038462
135 78 0.038462
146 78 0.038462
152 78 0.038462
159 78 0.038462
160 78 0.038462
2 88 0.041667
22 88 0.041667
38 88 0.041667
51 88 0.041667
52 88 0.041667
53 88 0.041667
71 88 0.041667
73 88 0.041667
78 88 0.041667
81 88 0.041667
84 88 0.041667
86 88 0.041667
93 88 0.041667
97 88 0.041667
112 88 0.041667
117 88 0.041667
132 88 0.041667
135 88 0.041667
138 88 0.041667
140 88 0.041667
142 88 0.041667
149 88 0.041667
158 88 0.041667
159 88 0.041667
2 89 0.043478
9 89 0.043478
13 89 0.043478
15 89 0.043478
30 89 0.043478
41 89 0.043478
45 89 0.043478
60 89 0.043478
66 89 0.043478
72 89 0.043478
92 89 0.043478
93 89 0.043478
103 89 0.043478
107 89 0.043478
116 89 0.043478
120 89 0.043478
135 89 0.043478
146 89 0.043478
149 89 0.043478
156 89 0.043478
157 89 0.043478
160 89 0.043478
168 89 0.043478
2 104 0.058824
9 104 0.058824
19 104 0.058824
29 104 0.058824
32 104 0.058824
46 104 0.058824
50 104 0.058824
63 104 0.058824
67 104 0.058824
76 104 0.058824
80 104 0.058824
86 104 0.058824
92 104 0.058824
114 104 0.058824
136 104 0.058824
140 104 0.058824
149 104 0.058824
2 112 0.045455
6 112 0.045455
12 112 0.045455
30 112 0.045455
40 112 0.045455
48 112 0.045455
57 112 0.045455
64 112 0.045455
68 112 0.045455
70 112 0.045455
72 112 0.045455
78 112 0.045455
87 112 0.045455
88 112 0.045455
101 112 0.045455
120 112 0.045455
124 112 0.045455
147 112 0.045455
150 112 0.045455
152 112 0.045455
164 112 0.045455
165 112 0.045455
2 122 0.04
5 122 0.04
17 122 0.04
24 122 0.04
29 122 0.04
42 122 0.04
43 122 0.04
51 122 0.04
58 122 0.04
93 122 0.04
94 122 0.04
96 122 0.04
97 122 0.04
103 122 0.04
106 122 0.04
108 122 0.04
110 122 0.04
111 122 0.04
117 122 0.04
127 122 0.04
144 122 0.04
145 122 0.04
153 122 0.04
157 122 0.04
160 122 0.04
2 123 0.052632
7 123 0.052632
14 123 0.052632
16 123 0.052632
43 123 0.052632
47 123 0.052632
52 123 0.052632
58 123 0.052632
70 123 0.052632
84 123 0.052632
90 123 0.052632
98 123 0.052632
116 123 0.052632
120 123 0.052632
124 123 0.052632
132 123 0.052632
153 123 0.052632
159 123 0.052632
167 123 0.052632
2 129 0.043478
5 129 0.043478
7 129 0.043478
11 129 0.043478
18 129 0.043478
53 129 0.043478
54 129 0.043478
70 129 0.043478
79 129 0.043478
82 129 0.043478
83 129 0.043478
91 129 0.043478
93 129 0.043478
97 129 0.043478
102 129 0.043478
117 129 0.043478
120 129 0.043478
142 129 0.043478
151 129 0.043478
155 129 0.043478
158 129 0.043478
161 129 0.043478
165 129 0.043478
2 149 0.035714
11 149 0.035714
12 149 0.035714
18 149 0.035714
22 149 0.035714
26 149 0.035714
29 149 0.035714
30 149 0.035714
31 149 0.035714
46 149 0.035714
47 149 0.035714
50 149 0.035714
51 149 0.035714
52 149 0.035714
61 149 0.035714
73 149 0.035714
77 149 0.035714
80 149 0.035714
83 149 0.035714
88 149 0.035714
89 149 0.035714
95 149 0.035714
104 149 0.035714
138 149 0.035714
147 149 0.035714
154 149 0.035714
157 149 0.035714
162 149 0.035714
2 152 0.04
30 152 0.04
41 152 0.04
52 152 0.04
60 152 0.04
67 152 0.04
78 152 0.04
79 152 0.04
81 152 0.04
90 152 0.04
98 152 0.04
111 152 0.04
112 152 0.04
116 152 0.04
118 152 0.04
124 152 0.04
126 152 0.04
130 152 0.04
139 152 0.04
143 152 0.04
146 152 0.04
151 152 0.04
165 152 0.04
166 152 0.04
168 152 0.04
2 162 0.043478
11 162 0.043478
21 162 0.043478
24 162 0.043478
54 162 0.043478
60 162 0.043478
61 162 0.043478
62 162 0.043478
63 162 0.043478
73 162 0.043478
81 162 0.043478
96 162 0.043478
99 162 0.043478
113 162 0.043478
115 162 0.043478
125 162 0.043478
138 162 0.043478
139 162 0.043478
149 162 0.043478
154 162 0.043478
159 162 0.043478
167 162 0.043478
168 162 0.043478
2 167 0.033333
6 167 0.033333
13 167 0.033333
22 167 0.033333
34 167 0.033333
35 167 0.033333
36 167 0.033333
41 167 0.033333
48 167 0.033333
50 167 0.033333
51 167 0.033333
58 167 0.033333
61 167 0.033333
62 167 0.033333
63 167 0.033333
70 167 0.033333
75 167 0.033333
76 167 0.033333
85 167 0.033333
95 167 0.033333
96 167 0.033333
109 167 0.033333
118 167 0.033333
123 167 0.033333
126 167 0.033333
141 167 0.033333
155 167 0.033333
156 167 0.033333
161 167 0.033333
162 167 0.033333
3 10 0.047619
16 10 0.047619
17 10 0.047619
19 10 0.047619
20 10 0.047619
21 10 0.047619
25 10 0.047619
34 10 0.047619
43 10 0.047619
55 10 0.047619
83 10 0.047619
94 10 0.047619
96 10 0.047619
102 10 0.047619
109 10 0.047619
113 10 0.047619
116 10 0.047619
146 10 0.047619
157 10 0.047619
158 10 0.047619
163 10 0.047619
3 20 0.047619
4 20 0.047619
10 20 0.047619
11 20 0.047619
14 20 0.047619
17 20 0.047619
33 20 0.047619
52 20 0.047619
57 20 0.047619
61 20 0.047619
63 20 0.047619
90 20 0.047619
91 20 0.047619
100 20 0.047619
107 20 0.047619
109 20 0.047619
125 20 0.047619
134 20 0.047619
137 20 0.047619
140 20 0.047619
143 20 0.047619
3 25 0.037037
9 25 0.037037
10 25 0.037037
29 25 0.037037
30 25 0.037037
35 25 0.037037
40 25 0.037037
49 25 0.037037
51 25 0.037037
53 25 0.037037
71 25 0.037037
74 25 0.037037
76 25 0.037037
87 25 0.037037
90 25 0.037037
111 25 0.037037
117 25 0.037037
118 25 0.037037
119 25 0.037037
121 25 0.037037
132 25 0.037037
134 25 0.037037
138 25 0.037037
143 25 0.037037
146 25 0.037037
156 25 0.037037
159 25 0.037037
3 31 0.047619
4 31 0.047619
7 31 0.047619
23 31 0.047619
29 31 0.047619
34 31 0.047619
36 31 0.047619
60 31 0.047619
64 31 0.047619
78 31 0.047619
80 31 0.047619
86 31 0.047619
93 31 0.047619
94 31 0.047619
111 31 0.047619
116 31 0.047619
125 31 0.047619
130 31 0.047619
149 31 0.047619
151 31 0.047619
159 31 0.047619
3 40 0.045455
4 40 0.045455
25 40 0.045455
34 40 0.045455
45 40 0.045455
47 40 0.045455
56 40 0.045455
67 40 0.045455
77 40 0.045455
81 40 0.045455
96 40 0.045455
102 40 0.045455
110 40 0.045455
112 40 0.045455
120 40 0.045455
133 40 0.045455
134 40 0.045455
140 40 0.045455
154 40 0.045455
160 40 0.045455
163 40 0.045455
164 40 0.045455
3 55 0.033333
10 55 0.033333
22 55 0.033333
29 55 0.033333
32 55 0.033333
43 55 0.033333
47 55 0.033333
48 55 0.033333
49 55 0.033333
51 55 0.033333
56 55 0.033333
60 55 0.033333
68 55 0.033333
78 55 0.033333
85 55 0.033333
91 55 0.033333
93 55 0.033333
96 55 0.033333
97 55 0.033333
106 55 0.033333
107 55 0.033333
114 55 0.033333
116 55 0.033333
117 55 0.033333
124 55 0.033333
133 55 0.033333
134 55 0.033333
155 55 0.033333
166 55 0.033333
168 55 0.033333
3 67 0.029412
4 67 0.029412
7 67 0.029412
9 67 0.029412
11 67 0.029412
21 67 0.029412
22 67 0.029412
24 67 0.029412
28 67 0.029412
32 67 0.029412
35 67 0.029412
40 67 0.029412
50 67 0.029412
51 67 0.029412
62 67 0.029412
75 67 0.029412
81 67 0.029412
85 67 0.029412
103 67 0.029412
104 67 0.029412
107 67 0.029412
108 67 0.029412
111 67 0.029412
119 67 0.029412
120 67 0.029412
121 67 0.029412
131 67 0.029412
134 67 0.029412
139 67 0.029412
152 67 0.029412
154 67 0.029412
159 67 0.029412
163 67 0.029412
165 67 0.029412
3 93 0.032258
22 93 0.032258
27 93 0.032258
31 93 0.032258
33 93 0.032258
35 93 0.032258
42 93 0.032258
47 93 0.032258
48 93 0.032258
49 93 0.032258
54 93 0.032258
55 93 0.032258
65 93 0.032258
72 93 0.032258
77 93 0.032258
86 93 0.032258
88 93 0.032258
89 93 0.032258
92 93 0.032258
98 93 0.032258
101 93 0.032258
108 93 0.032258
111 93 0.032258
121 93 0.032258
122 93 0.032258
128 93 0.032258
129 93 0.032258
133 93 0.032258
145 93 0.032258
146 93 0.032258
159 93 0.032258
3 95 0.038462
4 95 0.038462
24 95 0.038462
27 95 0.038462
35 95 0.038462
46 95 0.038462
52 95 0.038462
54 95 0.038462
62 95 0.038462
68 95 0.038462
69 95 0.038462
72 95 0.038462
75 95 0.038462
94 95 0.038462
103 95 0.038462
105 95 0.038462
110 95 0.038462
126 95 0.038462
127 95 0.038462
131 95 0.038462
133 95 0.038462
134 95 0.038462
137 95 0.038462
141 95 0.038462
149 95 0.038462
167 95 0.038462
3 99 0.058824
30 99 0.058824
37 99 0.058824
38 99 0.058824
63 99 0.058824
77 99 0.058824
110 99 0.058824
111 99 0.058824
118 99 0.058824
136 99 0.058824
137 99 0.058824
139 99 0.058824
140 99 0.058824
158 99 0.058824
162 99 0.058824
164 99 0.058824
168 99 0.058824
3 115 0.038462
4 115 0.038462
6 115 0.038462
27 115 0.038462
29 115 0.038462
32 115 0.038462
33 115 0.038462
44 115 0.038462
63 115 0.038462
70 115 0.038462
75 115 0.038462
77 115 0.038462
85 115 0.038462
90 115 0.038462
94 115 0.038462
103 115 0.038462
110 115 0.038462
117 115 0.038462
130 115 0.038462
134 115 0.038462
135 115 0.038462
146 115 0.038462
148 115 0.038462
150 115 0.038462
151 115 0.038462
162 115 0.038462
3 141 0.041667
18 141 0.041667
33 141 0.041667
34 141 0.041667
37 141 0.041667
42 141 0.041667
45 141 0.041667
46 141 0.041667
50 141 0.041667
53 141 0.041667
54 141 0.041667
60 141 0.041667
66 141 0.041667
68 141 0.041667
72 141 0.041667
74 141 0.041667
95 141 0.041667
108 141 0.041667
113 141 0.041667
124 141 0.041667
128 141 0.041667
136 141 0.041667
154 141 0.041667
167 141 0.041667
3 150 0.034483
4 150 0.034483
6 150 0.034483
13 150 0.034483
15 150 0.034483
49 150 0.034483
54 150 0.034483
57 150 0.034483
62 150 0.034483
65 150 0.034483
69 150 0.034483
74 150 0.034483
79 150 0.034483
87 150 0.034483
91 150 0.034483
102 150 0.034483
111 150 0.034483
112 150 0.034483
115 150 0.034483
120 150 0.034483
126 150 0.034483
127 150 0.034483
131 150 0.034483
135 150 0.034483
136 150 0.034483
147 150 0.034483
158 150 0.034483
160 150 0.034483
161 150 0.034483
3 168 0.04
11 168 0.04
27 168 0.04
38 168 0.04
39 168 0.04
50 168 0.04
55 168 0.04
56 168 0.04
57 168 0.04
65 168 0.04
74 168 0.04
80 168 0.04
89 168 0.04
90 168 0.04
99 168 0.04
100 168 0.04
103 168 0.04
105 168 0.04
109 168 0.04
116 168 0.04
117 168 0.04
145 168 0.04
152 168 0.04
157 168 0.04
162 168 0.04
4 37 0.047619
5 37 0.047619
8 37 0.047619
21 37 0.047619
22 37 0.047619
45 37 0.047619
54 37 0.047619
61 37 0.047619
71 37 0.047619
72 37 0.047619
75 37 0.047619
80 37 0.047619
82 37 0.047619
90 37 0.047619
97 37 0.047619
99 37 0.047619
120 37 0.047619
141 37 0.047619
142 37 0.047619
154 37 0.047619
164 37 0.047619
4 43 0.038462
9 43 0.038462
10 43 0.038462
13 43 0.038462
15 43 0.038462
22 43 0.038462
23 43 0.038462
27 43 0.038462
38 43 0.038462
51 43 0.038462
52 43 0.038462
53 43 0.038462
55 43 0.038462
60 43 0.038462
68 43 0.038462
69 43 0.038462
76 43 0.038462
86 43 0.038462
96 43 0.038462
114 43 0.038462
122 43 0.038462
123 43 0.038462
139 43 0.038462
151 43 0.038462
155 43 0.038462
164 43 0.038462
4 45 0.043478
15 45 0.043478
16 45 0.043478
28 45 0.043478
35 45 0.043478
36 45 0.043478
37 45 0.043478
40 45 0.043478
41 45 0.043478
52 45 0.043478
70 45 0.043478
73 45 0.043478
83 45 0.043478
89 45 0.043478
90 45 0.043478
101 45 0.043478
105 45 0.043478
106 45 0.043478
133 45 0.043478
140 45 0.043478
141 45 0.043478
154 45 0.043478
159 45 0.043478
4 64 0.037037
7 64 0.037037
19 64 0.037037
23 64 0.037037
24 64 0.037037
26 64 0.037037
29 64 0.037037
31 64 0.037037
35 64 0.037037
39 64 0.037037
48 64 0.037037
65 64 0.037037
80 64 0.037037
84 64 0.037037
90 64 0.037037
101 64 0.037037
106 64 0.037037
112 64 0.037037
114 64 0.037037
125 64 0.037037
127 64 0.037037
128 64 0.037037
131 64 0.037037
135 64 0.037037
137 64 0.037037
145 64 0.037037
154 64 0.037037
4 73 0.043478
11 73 0.043478
18 73 0.043478
42 73 0.043478
44 73 0.043478
45 73 0.043478
49 73 0.043478
53 73 0.043478
58 73 0.043478
59 73 0.043478
63 73 0.043478
69 73 0.043478
71 73 0.043478
88 73 0.043478
101 73 0.043478
105 73 0.043478
106 73 0.043478
121 73 0.043478
139 73 0.043478
144 73 0.043478
149 73 0.043478
161 73 0.043478
162 73 0.043478
4 96 0.037037
9 96 0.037037
10 96 0.037037
24 96 0.037037
40 96 0.037037
43 96 0.037037
55 96 0.037037
58 96 0.037037
63 96 0.037037
82 96 0.037037
87 96 0.037037
90 96 0.037037
92 96 0.037037
106 96 0.037037
118 96 0.037037
122 96 0.037037
124 96 0.037037
131 96 0.037037
132 96 0.037037
148 96 0.037037
154 96 0.037037
157 96 0.037037
158 96 0.037037
162 96 0.037037
165 96 0.037037
166 96 0.037037
167 96 0.037037
4 108 0.041667
7 108 0.041667
15 108 0.041667
29 108 0.041667
36 108 0.041667
38 108 0.041667
56 108 0.041667
66 108 0.041667
67 108 0.041667
70 108 0.041667
93 108 0.041667
107 108 0.041667
109 108 0.041667
113 108 0.041667
116 108 0.041667
121 108 0.041667
122 108 0.041667
127 108 0.041667
134 108 0.041667
136 108 0.041667
141 108 0.041667
147 108 0.041667
164 108 0.041667
166 108 0.041667
4 116 0.037037
10 116 0.037037
11 116 0.037037
23 116 0.037037
31 116 0.037037
36 116 0.037037
44 116 0.037037
48 116 0.037037
55 116 0.037037
57 116 0.037037
76 116 0.037037
78 116 0.037037
82 116 0.037037
86 116 0.037037
89 116 0.037037
90 116 0.037037
97 116 0.037037
100 116 0.037037
108 116 0.037037
123 116 0.037037
132 116 0.037037
135 116 0.037037
136 116 0.037037
137 116 0.037037
152 116 0.037037
165 116 0.037037
168 116 0.037037
4 118 0.05
16 118 0.05
21 118 0.05
25 118 0.05
26 118 0.05
33 118 0.05
39 118 0.05
65 118 0.05
80 118 0.05
83 118 0.05
87 118 0.05
96 118 0.05
99 118 0.05
106 118 0.05
107 118 0.05
128 118 0.05
138 118 0.05
147 118 0.05
152 118 0.05
167 118 0.05
4 120 0.043478
15 120 0.043478
23 120 0.043478
26 120 0.043478
37 120 0.043478
40 120 0.043478
66 120 0.043478
67 120 0.043478
78 120 0.043478
81 120 0.043478
89 120 0.043478
109 120 0.043478
111 120 0.043478
112 120 0.043478
123 120 0.043478
129 120 0.043478
131 120 0.043478
133 120 0.043478
134 120 0.043478
139 120 0.043478
144 120 0.043478
147 120 0.043478
150 120 0.043478
4 127 0.038462
5 127 0.038462
12 127 0.038462
22 127 0.038462
30 127 0.038462
39 127 0.038462
46 127 0.038462
48 127 0.038462
50 127 0.038462
52 127 0.038462
61 127 0.038462
64 127 0.038462
74 127 0.038462
91 127 0.038462
95 127 0.038462
106 127 0.038462
108 127 0.038462
110 127 0.038462
121 127 0.038462
122 127 0.038462
138 127 0.038462
147 127 0.038462
148 127 0.038462
150 127 0.038462
156 127 0.038462
164 127 0.038462
4 134 0.033333
5 134 0.033333
7 134 0.033333
9 134 0.033333
11 134 0.033333
18 134 0.033333
20 134 0.033333
25 134 0.033333
26 134 0.033333
36 134 0.033333
40 134 0.033333
41 134 0.033333
55 134 0.033333
66 134 0.033333
67 134 0.033333
78 134 0.033333
80 134 0.033333
84 134 0.033333
91 134 0.033333
95 134 0.033333
108 134 0.033333
109 134 0.033333
111 134 0.033333
115 134 0.033333
120 134 0.033333
128 134 0.033333
147 134 0.033333
151 134 0.033333
153 134 0.033333
166 134 0.033333
4 139 0.027778
7 139 0.027778
8 139 0.027778
9 139 0.027778
12 139 0.027778
18 139 0.027778
27 139 0.027778
28 139 0.027778
33 139 0.027778
38 139 0.027778
39 139 0.027778
41 139 0.027778
43 139 0.027778
49 139 0.027778
53 139 0.027778
59 139 0.027778
67 139 0.027778
73 139 0.027778
83 139 0.027778
92 139 0.027778
99 139 0.027778
103 139 0.027778
111 139 0.027778
113 139 0.027778
117 139 0.027778
120 139 0.027778
135 139 0.027778
136 139 0.027778
142 139 0.027778
143 139 0.027778
147 139 0.027778
152 139 0.027778
153 139 0.027778
158 139 0.027778
162 139 0.027778
165 139 0.027778
4 140 0.037037
6 140 0.037037
12 140 0.037037
20 140 0.037037
22 140 0.037037
27 140 0.037037
34 140 0.037037
36 140 0.037037
40 140 0.037037
44 140 0.037037
45 140 0.037037
52 140 0.037037
53 140 0.037037
66 140 0.037037
74 140 0.037037
76 140 0.037037
88 140 0.037037
90 140 0.037037
94 140 0.037037
97 140 0.037037
99 140 0.037037
101 140 0.037037
104 140 0.037037
125 140 0.037037
154 140 0.037037
155 140 0.037037
164 140 0.037037
4 147 0.033333
6 147 0.033333
13 147 0.033333
16 147 0.033333
39 147 0.033333
41 147 0.033333
48 147 0.033333
60 147 0.033333
66 147 0.033333
72 147 0.033333
76 147 0.033333
108 147 0.033333
111 147 0.033333
112 147 0.033333
114 147 0.033333
118 147 0.033333
119 147 0.033333
120 147 0.033333
127 147 0.033333
133 147 0.033333
134 147 0.033333
139 147 0.033333
143 147 0.033333
145 147 0.033333
149 147 0.033333
150 147 0.033333
153 147 0.033333
155 147 0.033333
160 147 0.033333
166 147 0.033333
5 29 0.035714
13 29 0.035714
25 29 0.035714
26 29 0.035714
28 29 0.035714
31 29 0.035714
35 29 0.035714
44 29 0.035714
55 29 0.035714
56 29 0.035714
64 29 0.035714
78 29 0.035714
87 29 0.035714
104 29 0.035714
105 29 0.035714
108 29 0.035714
114 29 0.035714
115 29 0.035714
122 29 0.035714
126 29 0.035714
137 29 0.035714
149 29 0.035714
153 29 0.035714
154 29 0.035714
155 29 0.035714
156 29 0.035714
157 29 0.035714
160 29 0.035714
5 58 0.038462
35 58 0.038462
59 58 0.038462
65 58 0.038462
73 58 0.038462
76 58 0.038462
78 58 0.038462
80 58 0.038462
86 58 0.038462
94 58 0.038462
96 58 0.038462
101 58 0.038462
103 58 0.038462
106 58 0.038462
121 58 0.038462
122 58 0.038462
123 58 0.038462
126 58 0.038462
131 58 0.038462
132 58 0.038462
143 58 0.038462
146 58 0.038462
154 58 0.038462
158 58 0.038462
161 58 0.038462
167 58 0.038462
5 80 0.045455
19 80 0.045455
31 80 0.045455
37 80 0.045455
57 80 0.045455
58 80 0.045455
64 80 0.045455
70 80 0.045455
78 80 0.045455
91 80 0.045455
101 80 0.045455
104 80 0.045455
109 80 0.045455
111 80 0.045455
118 80 0.045455
121 80 0.045455
134 80 0.045455
145 80 0.045455
149 80 0.045455
161 80 0.045455
166 80 0.045455
168 80 0.045455
5 124 0.052632
26 124 0.052632
42 124 0.052632
49 124 0.052632
51 124 0.052632
53 124 0.052632
55 124 0.052632
62 124 0.052632
63 124 0.052632
77 124 0.052632
96 124 0.052632
112 124 0.052632
117 124 0.052632
123 124 0.052632
128 124 0.052632
136 124 0.052632
141 124 0.052632
152 124 0.052632
161 124 0.052632
5 130 0.045455
8 130 0.045455
11 130 0.045455
17 130 0.045455
31 130 0.045455
41 130 0.045455
42 130 0.045455
54 130 0.045455
63 130 0.045455
68 130 0.045455
74 130 0.045455
75 130 0.045455
79 130 0.045455
98 130 0.045455
110 130 0.045455
115 130 0.045455
152 130 0.045455
153 130 0.045455
155 130 0.045455
158 130 0.045455
159 130 0.045455
164 130 0.045455
5 132 0.041667
6 132 0.041667
8 132 0.041667
9 132 0.041667
13 132 0.041667
19 132 0.041667
25 132 0.041667
51 132 0.041667
56 132 0.041667
58 132 0.041667
59 132 0.041667
63 132 0.041667
65 132 0.041667
88 132 0.041667
96 132 0.041667
107 132 0.041667
109 132 0.041667
114 132 0.041667
116 132 0.041667
123 132 0.041667
126 132 0.041667
153 132 0.041667
155 132 0.041667
161 132 0.041667
6 62 0.03125
12 62 0.03125
13 62 0.03125
15 62 0.03125
16 62 0.03125
27 62 0.03125
34 62 0.03125
38 62 0.03125
41 62 0.03125
50 62 0.03125
53 62 0.03125
65 62 0.03125
67 62 0.03125
69 62 0.03125
71 62 0.03125
72 62 0.03125
77 62 0.03125
85 62 0.03125
86 62 0.03125
95 62 0.03125
106 62 0.03125
110 62 0.03125
111 62 0.03125
124 62 0.03125
136 62 0.03125
137 62 0.03125
143 62 0.03125
150 62 0.03125
158 62 0.03125
160 62 0.03125
162 62 0.03125
167 62 0.03125
6 65 0.037037
9 65 0.037037
17 65 0.037037
19 65 0.037037
24 65 0.037037
30 65 0.037037
32 65 0.037037
57 65 0.037037
58 65 0.037037
62 65 0.037037
64 65 0.037037
69 65 0.037037
76 65 0.037037
77 65 0.037037
91 65 0.037037
93 65 0.037037
101 65 0.037037
102 65 0.037037
118 65 0.037037
128 65 0.037037
132 65 0.037037
133 65 0.037037
144 65 0.037037
150 65 0.037037
160 65 0.037037
164 65 0.037037
168 65 0.037037
6 74 0.03125
7 74 0.03125
11 74 0.03125
13 74 0.03125
14 74 0.03125
15 74 0.03125
21 74 0.03125
22 74 0.03125
25 74 0.03125
36 74 0.03125
39 74 0.03125
41 74 0.03125
42 74 0.03125
52 74 0.03125
56 74 0.03125
71 74 0.03125
72 74 0.03125
87 74 0.03125
92 74 0.03125
113 74 0.03125
117 74 0.03125
127 74 0.03125
130 74 0.03125
140 74 0.03125
141 74 0.03125
146 74 0.03125
148 74 0.03125
150 74 0.03125
155 74 0.03125
157 74 0.03125
160 74 0.03125
168 74 0.03125
6 90 0.034483
16 90 0.034483
20 90 0.034483
21 90 0.034483
24 90 0.034483
25 90 0.034483
36 90 0.034483
37 90 0.034483
45 90 0.034483
46 90 0.034483
47 90 0.034483
52 90 0.034483
57 90 0.034483
64 90 0.034483
81 90 0.034483
96 90 0.034483
100 90 0.034483
105 90 0.034483
109 90 0.034483
113 90 0.034483
115 90 0.034483
116 90 0.034483
123 90 0.034483
140 90 0.034483
152 90 0.034483
153 90 0.034483
159 90 0.034483
161 90 0.034483
168 90 0.034483
6 117 0.035714
7 117 0.035714
8 117 0.035714
13 117 0.035714
17 117 0.035714
25 117 0.035714
26 117 0.035714
42 117 0.035714
48 117 0.035714
55 117 0.035714
56 117 0.035714
61 117 0.035714
72 117 0.035714
74 117 0.035714
78 117 0.035714
88 117 0.035714
97 117 0.035714
98 117 0.035714
100 117 0.035714
115 117 0.035714
122 117 0.035714
124 117 0.035714
129 117 0.035714
139 117 0.035714
142 117 0.035714
164 117 0.035714
165 117 0.035714
168 117 0.035714
6 136 0.034483
8 136 0.034483
13 136 0.034483
17 136 0.034483
18 136 0.034483
19 136 0.034483
21 136 0.034483
34 136 0.034483
48 136 0.034483
49 136 0.034483
51 136 0.034483
52 136 0.034483
62 136 0.034483
68 136 0.034483
99 136 0.034483
104 136 0.034483
108 136 0.034483
116 136 0.034483
119 136 0.034483
124 136 0.034483
128 136 0.034483
137 136 0.034483
139 136 0.034483
141 136 0.034483
146 136 0.034483
150 136 0.034483
151 136 0.034483
159 136 0.034483
161 136 0.034483
6 151 0.041667
7 151 0.041667
17 151 0.041667
18 151 0.041667
31 151 0.041667
33 151 0.041667
43 151 0.041667
52 151 0.041667
79 151 0.041667
86 151 0.041667
91 151 0.041667
103 151 0.041667
107 151 0.041667
115 151 0.041667
129 151 0.041667
134 151 0.041667
136 151 0.041667
142 151 0.041667
152 151 0.041667
157 151 0.041667
159 151 0.041667
164 151 0.041667
165 151 0.041667
166 151 0.041667
7 16 0.043478
10 16 0.043478
12 16 0.043478
14 16 0.043478
18 16 0.043478
19 16 0.043478
22 16 0.043478
28 16 0.043478
30 16 0.043478
41 16 0.043478
45 16 0.043478
60 16 0.043478
62 16 0.043478
71 16 0.043478
77 16 0.043478
85 16 0.043478
90 16 0.043478
94 16 0.043478
118 16 0.043478
123 16 0.043478
135 16 0.043478
147 16 0.043478
153 16 0.043478
7 28 0.055556
16 28 0.055556
18 28 0.055556
19 28 0.055556
29 28 0.055556
36 28 0.055556
45 28 0.055556
66 28 0.055556
67 28 0.055556
76 28 0.055556
79 28 0.055556
94 28 0.055556
114 28 0.055556
121 28 0.055556
135 28 0.055556
139 28 0.055556
146 28 0.055556
166 28 0.055556
7 33 0.035714
12 33 0.035714
20 33 0.035714
23 33 0.035714
39 33 0.035714
49 33 0.035714
51 33 0.035714
59 33 0.035714
60 33 0.035714
75 33 0.035714
77 33 0.035714
84 33 0.035714
85 33 0.035714
92 33 0.035714
93 33 0.035714
100 33 0.035714
101 33 0.035714
102 33 0.035714
115 33 0.035714
118 33 0.035714
121 33 0.035714
139 33 0.035714
141 33 0.035714
145 33 0.035714
151 33 0.035714
154 33 0.035714
156 33 0.035714
164 33 0.035714
7 68 0.038462
30 68 0.038462
43 68 0.038462
44 68 0.038462
46 68 0.038462
55 68 0.038462
60 68 0.038462
83 68 0.038462
95 68 0.038462
106 68 0.038462
107 68 0.038462
110 68 0.038462
111 68 0.038462
112 68 0.038462
113 68 0.038462
119 68 0.038462
130 68 0.038462
136 68 0.038462
138 68 0.038462
141 68 0.038462
145 68 0.038462
157 68 0.038462
163 68 0.038462
164 68 0.038462
165 68 0.038462
166 68 0.038462
7 84 0.055556
22 84 0.055556
23 84 0.055556
27 84 0.055556
32 84 0.055556
33 84 0.055556
42 84 0.055556
54 84 0.055556
64 84 0.055556
75 84 0.055556
77 84 0.055556
78 84 0.055556
88 84 0.055556
98 84 0.055556
109 84 0.055556
123 84 0.055556
134 84 0.055556
143 84 0.055556
7 85 0.041667
9 85 0.041667
12 85 0.041667
16 85 0.041667
27 85 0.041667
33 85 0.041667
35 85 0.041667
44 85 0.041667
48 85 0.041667
51 85 0.041667
53 85 0.041667
55 85 0.041667
62 85 0.041667
67 85 0.041667
69 85 0.041667
91 85 0.041667
102 85 0.041667
103 85 0.041667
109 85 0.041667
110 85 0.041667
115 85 0.041667
119 85 0.041667
157 85 0.041667
167 85 0.041667
7 114 0.04
12 114 0.04
14 114 0.04
28 114 0.04
29 114 0.04
30 114 0.04
43 114 0.04
50 114 0.04
54 114 0.04
55 114 0.04
59 114 0.04
64 114 0.04
76 114 0.04
91 114 0.04
98 114 0.04
104 114 0.04
109 114 0.04
110 114 0.04
128 114 0.04
132 114 0.04
138 114 0.04
147 114 0.04
161 114 0.04
164 114 0.04
166 114 0.04
7 146 0.038462
9 146 0.038462
10 146 0.038462
15 146 0.038462
25 146 0.038462
28 146 0.038462
34 146 0.038462
35 146 0.038462
38 146 0.038462
52 146 0.038462
56 146 0.038462
58 146 0.038462
61 146 0.038462
74 146 0.038462
76 146 0.038462
78 146 0.038462
89 146 0.038462
93 146 0.038462
110 146 0.038462
111 146 0.038462
115 146 0.038462
128 146 0.038462
136 146 0.038462
148 146 0.038462
152 146 0.038462
165 146 0.038462
7 160 0.038462
14 160 0.038462
15 160 0.038462
18 160 0.038462
29 160 0.038462
40 160 0.038462
47 160 0.038462
54 160 0.038462
61 160 0.038462
62 160 0.038462
65 160 0.038462
72 160 0.038462
74 160 0.038462
78 160 0.038462
83 160 0.038462
86 160 0.038462
89 160 0.038462
100 160 0.038462
101 160 0.038462
102 160 0.038462
122 160 0.038462
131 160 0.038462
135 160 0.038462
147 160 0.038462
150 160 0.038462
161 160 0.038462
8 36 0.038462
13 36 0.038462
28 36 0.038462
31 36 0.038462
34 36 0.038462
35 36 0.038462
45 36 0.038462
49 36 0.038462
51 36 0.038462
52 36 0.038462
61 36 0.038462
72 36 0.038462
74 36 0.038462
83 36 0.038462
90 36 0.038462
97 36 0.038462
108 36 0.038462
116 36 0.038462
125 36 0.038462
134 36 0.038462
138 36 0.038462
140 36 0.038462
148 36 0.038462
154 36 0.038462
159 36 0.038462
167 36 0.038462
8 128 0.045455
9 128 0.045455
46 128 0.045455
48 128 0.045455
50 128 0.045455
51 128 0.045455
64 128 0.045455
65 128 0.045455
92 128 0.045455
93 128 0.045455
114 128 0.045455
118 128 0.045455
124 128 0.045455
133 128 0.045455
134 128 0.045455
135 128 0.045455
136 128 0.045455
141 128 0.045455
144 128 0.045455
146 128 0.045455
148 128 0.045455
158 128 0.045455
8 166 0.043478
9 166 0.043478
12 166 0.043478
28 166 0.043478
39 166 0.043478
47 166 0.043478
55 166 0.043478
60 166 0.043478
68 166 0.043478
80 166 0.043478
96 166 0.043478
101 166 0.043478
102 166 0.043478
105 166 0.043478
106 166 0.043478
108 166 0.043478
111 166 0.043478
114 166 0.043478
134 166 0.043478
147 166 0.043478
151 166 0.043478
152 166 0.043478
155 166 0.043478
9 157 0.037037
10 157 0.037037
21 157 0.037037
26 157 0.037037
29 157 0.037037
38 157 0.037037
39 157 0.037037
47 157 0.037037
61 157 0.037037
63 157 0.037037
66 157 0.037037
68 157 0.037037
74 157 0.037037
76 157 0.037037
85 157 0.037037
89 157 0.037037
96 157 0.037037
97 157 0.037037
103 157 0.037037
106 157 0.037037
122 157 0.037037
145 157 0.037037
149 157 0.037037
151 157 0.037037
153 157 0.037037
163 157 0.037037
168 157 0.037037
10 19 0.035714
12 19 0.035714
14 19 0.035714
15 19 0.035714
16 19 0.035714
21 19 0.035714
27 19 0.035714
28 19 0.035714
32 19 0.035714
42 19 0.035714
56 19 0.035714
63 19 0.035714
64 19 0.035714
65 19 0.035714
69 19 0.035714
70 19 0.035714
78 19 0.035714
80 19 0.035714
83 19 0.035714
101 19 0.035714
104 19 0.035714
107 19 0.035714
121 19 0.035714
132 19 0.035714
136 19 0.035714
142 19 0.035714
148 19 0.035714
165 19 0.035714
10 109 0.04
13 109 0.04
20 109 0.04
27 109 0.04
51 109 0.04
69 109 0.04
78 109 0.04
80 109 0.04
84 109 0.04
85 109 0.04
90 109 0.04
94 109 0.04
107 109 0.04
108 109 0.04
111 109 0.04
114 109 0.04
120 109 0.04
132 109 0.04
134 109 0.04
137 109 0.04
144 109 0.04
156 109 0.04
159 109 0.04
167 109 0.04
168 109 0.04
10 113 0.052632
17 113 0.052632
39 113 0.052632
42 113 0.052632
68 113 0.052632
74 113 0.052632
79 113 0.052632
81 113 0.052632
87 113 0.052632
90 113 0.052632
108 113 0.052632
137 113 0.052632
139 113 0.052632
141 113 0.052632
143 113 0.052632
144 113 0.052632
162 113 0.052632
164 113 0.052632
165 113 0.052632
10 158 0.041667
24 158 0.041667
53 158 0.041667
57 158 0.041667
58 158 0.041667
62 158 0.041667
66 158 0.041667
69 158 0.041667
77 158 0.041667
86 158 0.041667
87 158 0.041667
88 158 0.041667
96 158 0.041667
99 158 0.041667
103 158 0.041667
119 158 0.041667
128 158 0.041667
129 158 0.041667
130 158 0.041667
139 158 0.041667
143 158 0.041667
150 158 0.041667
153 158 0.041667
164 158 0.041667
11 13 0.043478
12 13 0.043478
29 13 0.043478
36 13 0.043478
43 13 0.043478
51 13 0.043478
62 13 0.043478
66 13 0.043478
74 13 0.043478
76 13 0.043478
89 13 0.043478
97 13 0.043478
105 13 0.043478
109 13 0.043478
117 13 0.043478
132 13 0.043478
136 13 0.043478
147 13 0.043478
150 13 0.043478
154 13 0.043478
163 13 0.043478
164 13 0.043478
167 13 0.043478
11 49 0.043478
12 49 0.043478
22 49 0.043478
25 49 0.043478
33 49 0.043478
36 49 0.043478
47 49 0.043478
52 49 0.043478
55 49 0.043478
69 49 0.043478
73 49 0.043478
76 49 0.043478
93 49 0.043478
102 49 0.043478
107 49 0.043478
119 49 0.043478
124 49 0.043478
131 49 0.043478
136 49 0.043478
137 49 0.043478
139 49 0.043478
150 49 0.043478
164 49 0.043478
11 103 0.045455
12 103 0.045455
22 103 0.045455
42 103 0.045455
58 103 0.045455
63 103 0.045455
67 103 0.045455
75 103 0.045455
83 103 0.045455
85 103 0.045455
89 103 0.045455
95 103 0.045455
101 103 0.045455
105 103 0.045455
115 103 0.045455
122 103 0.045455
126 103 0.045455
139 103 0.045455
151 103 0.045455
157 103 0.045455
158 103 0.045455
168 103 0.045455
11 135 0.041667
15 135 0.041667
16 135 0.041667
23 135 0.041667
24 135 0.041667
28 135 0.041667
30 135 0.041667
46 135 0.041667
59 135 0.041667
64 135 0.041667
78 135 0.041667
79 135 0.041667
88 135 0.041667
89 135 0.041667
91 135 0.041667
106 135 0.041667
115 135 0.041667
116 135 0.041667
121 135 0.041667
128 135 0.041667
139 135 0.041667
150 135 0.041667
153 135 0.041667
160 135 0.041667
12 35 0.035714
15 35 0.035714
23 35 0.035714
25 35 0.035714
29 35 0.035714
36 35 0.035714
44 35 0.035714
45 35 0.035714
48 35 0.035714
52 35 0.035714
58 35 0.035714
64 35 0.035714
67 35 0.035714
70 35 0.035714
72 35 0.035714
81 35 0.035714
85 35 0.035714
93 35 0.035714
95 35 0.035714
105 35 0.035714
110 35 0.035714
126 35 0.035714
137 35 0.035714
144 35 0.035714
146 35 0.035714
163 35 0.035714
165 35 0.035714
167 35 0.035714
12 75 0.041667
14 75 0.041667
22 75 0.041667
26 75 0.041667
30 75 0.041667
33 75 0.041667
34 75 0.041667
37 75 0.041667
38 75 0.041667
53 75 0.041667
56 75 0.041667
67 75 0.041667
81 75 0.041667
83 75 0.041667
84 75 0.041667
95 75 0.041667
98 75 0.041667
103 75 0.041667
106 75 0.041667
115 75 0.041667
119 75 0.041667
121 75 0.041667
130 75 0.041667
167 75 0.041667
12 125 0.052632
14 125 0.052632
20 125 0.052632
26 125 0.052632
27 125 0.052632
31 125 0.052632
36 125 0.052632
38 125 0.052632
42 125 0.052632
46 125 0.052632
51 125 0.052632
59 125 0.052632
64 125 0.052632
97 125 0.052632
98 125 0.052632
140 125 0.052632
156 125 0.052632
162 125 0.052632
165 125 0.052632
12 156 0.058824
22 156 0.058824
24 156 0.058824
25 156 0.058824
29 156 0.058824
33 156 0.058824
44 156 0.058824
46 156 0.058824
48 156 0.058824
57 156 0.058824
89 156 0.058824
92 156 0.058824
109 156 0.058824
111 156 0.058824
125 156 0.058824
127 156 0.058824
167 156 0.058824
13 66 0.04
15 66 0.04
22 66 0.04
28 66 0.04
38 66 0.04
41 66 0.04
42 66 0.04
52 66 0.04
61 66 0.04
63 66 0.04
89 66 0.04
106 66 0.04
108 66 0.04
110 66 0.04
120 66 0.04
134 66 0.04
138 66 0.04
140 66 0.04
141 66 0.04
145 66 0.04
147 66 0.04
153 66 0.04
157 66 0.04
158 66 0.04
159 66 0.04
13 97 0.045455
15 97 0.045455
36 97 0.045455
37 97 0.045455
41 97 0.045455
46 97 0.045455
51 97 0.045455
54 97 0.045455
55 97 0.045455
57 97 0.045455
69 97 0.045455
72 97 0.045455
88 97 0.045455
110 97 0.045455
116 97 0.045455
117 97 0.045455
122 97 0.045455
125 97 0.045455
129 97 0.045455
140 97 0.045455
153 97 0.045455
157 97 0.045455
13 105 0.058824
24 105 0.058824
29 105 0.058824
35 105 0.058824
39 105 0.058824
45 105 0.058824
73 105 0.058824
90 105 0.058824
95 105 0.058824
103 105 0.058824
111 105 0.058824
137 105 0.058824
148 105 0.058824
154 105 0.058824
161 105 0.058824
166 105 0.058824
168 105 0.058824
13 154 0.033333
14 154 0.033333
15 154 0.033333
17 154 0.033333
26 154 0.033333
29 154 0.033333
30 154 0.033333
33 154 0.033333
36 154 0.033333
37 154 0.033333
40 154 0.033333
42 154 0.033333
45 154 0.033333
58 154 0.033333
64 154 0.033333
67 154 0.033333
77 154 0.033333
92 154 0.033333
96 154 0.033333
105 154 0.033333
121 154 0.033333
137 154 0.033333
140 154 0.033333
141 154 0.033333
142 154 0.033333
143 154 0.033333
149 154 0.033333
162 154 0.033333
164 154 0.033333
165 154 0.033333
13 164 0.025641
27 164 0.025641
32 164 0.025641
33 164 0.025641
34 164 0.025641
37 164 0.025641
40 164 0.025641
43 164 0.025641
48 164 0.025641
49 164 0.025641
50 164 0.025641
51 164 0.025641
57 164 0.025641
65 164 0.025641
68 164 0.025641
70 164 0.025641
77 164 0.025641
83 164 0.025641
99 164 0.025641
101 164 0.025641
106 164 0.025641
107 164 0.025641
108 164 0.025641
110 164 0.025641
112 164 0.025641
113 164 0.025641
114 164 0.025641
117 164 0.025641
126 164 0.025641
127 164 0.025641
130 164 0.025641
140 164 0.025641
142 164 0.025641
151 164 0.025641
154 164 0.025641
158 164 0.025641
159 164 0.025641
161 164 0.025641
163 164 0.025641
14 46 0.05
17 46 0.05
60 46 0.05
61 46 0.05
63 46 0.05
68 46 0.05
90 46 0.05
95 46 0.05
97 46 0.05
104 46 0.05
106 46 0.05
125 46 0.05
127 46 0.05
128 46 0.05
135 46 0.05
138 46 0.05
141 46 0.05
142 46 0.05
149 46 0.05
156 46 0.05
14 107 0.037037
19 107 0.037037
20 107 0.037037
21 107 0.037037
32 107 0.037037
34 107 0.037037
39 107 0.037037
41 107 0.037037
44 107 0.037037
49 107 0.037037
53 107 0.037037
55 107 0.037037
67 107 0.037037
68 107 0.037037
89 107 0.037037
108 107 0.037037
109 107 0.037037
110 107 0.037037
118 107 0.037037
126 107 0.037037
131 107 0.037037
132 107 0.037037
142 107 0.037037
143 107 0.037037
144 107 0.037037
151 107 0.037037
164 107 0.037037
15 26 0.043478
21 26 0.043478
29 26 0.043478
52 26 0.043478
54 26 0.043478
59 26 0.043478
64 26 0.043478
75 26 0.043478
79 26 0.043478
81 26 0.043478
98 26 0.043478
117 26 0.043478
118 26 0.043478
120 26 0.043478
121 26 0.043478
124 26 0.043478
125 26 0.043478
134 26 0.043478
137 26 0.043478
142 26 0.043478
149 26 0.043478
154 26 0.043478
157 26 0.043478
15 52 0.030303
20 52 0.030303
26 52 0.030303
30 52 0.030303
35 52 0.030303
36 52 0.030303
43 52 0.030303
45 52 0.030303
47 52 0.030303
49 52 0.030303
66 52 0.030303
71 52 0.030303
74 52 0.030303
83 52 0.030303
88 52 0.030303
90 52 0.030303
91 52 0.030303
95 52 0.030303
100 52 0.030303
101 52 0.030303
111 52 0.030303
123 52 0.030303
127 52 0.030303
133 52 0.030303
136 52 0.030303
137 52 0.030303
140 52 0.030303
143 52 0.030303
146 52 0.030303
149 52 0.030303
151 52 0.030303
152 52 0.030303
159 52 0.030303
15 106 0.033333
22 106 0.033333
24 106 0.033333
27 106 0.033333
39 106 0.033333
45 106 0.033333
46 106 0.033333
53 106 0.033333
54 106 0.033333
55 106 0.033333
57 106 0.033333
58 106 0.033333
62 106 0.033333
64 106 0.033333
66 106 0.033333
68 106 0.033333
73 106 0.033333
75 106 0.033333
76 106 0.033333
77 106 0.033333
96 106 0.033333
111 106 0.033333
118 106 0.033333
122 106 0.033333
127 106 0.033333
135 106 0.033333
153 106 0.033333
157 106 0.033333
164 106 0.033333
166 106 0.033333
16 71 0.045455
21 71 0.045455
25 71 0.045455
27 71 0.045455
30 71 0.045455
37 71 0.045455
52 71 0.045455
61 71 0.045455
62 71 0.045455
73 71 0.045455
74 71 0.045455
76 71 0.045455
82 71 0.045455
88 71 0.045455
98 71 0.045455
101 71 0.045455
102 71 0.045455
119 71 0.045455
121 71 0.045455
131 71 0.045455
142 71 0.045455
144 71 0.045455
16 77 0.037037
30 77 0.037037
33 77 0.037037
38 77 0.037037
39 77 0.037037
40 77 0.037037
56 77 0.037037
62 77 0.037037
65 77 0.037037
79 77 0.037037
81 77 0.037037
82 77 0.037037
84 77 0.037037
93 77 0.037037
99 77 0.037037
101 77 0.037037
102 77 0.037037
106 77 0.037037
110 77 0.037037
115 77 0.037037
124 77 0.037037
142 77 0.037037
149 77 0.037037
154 77 0.037037
155 77 0.037037
158 77 0.037037
164 77 0.037037
17 126 0.038462
23 126 0.038462
29 126 0.038462
30 126 0.038462
35 126 0.038462
56 126 0.038462
58 126 0.038462
59 126 0.038462
69 126 0.038462
81 126 0.038462
87 126 0.038462
91 126 0.038462
95 126 0.038462
100 126 0.038462
103 126 0.038462
107 126 0.038462
110 126 0.038462
111 126 0.038462
132 126 0.038462
138 126 0.038462
148 126 0.038462
150 126 0.038462
152 126 0.038462
163 126 0.038462
164 126 0.038462
167 126 0.038462
17 144 0.05
18 144 0.05
30 144 0.05
35 144 0.05
38 144 0.05
39 144 0.05
47 144 0.05
56 144 0.05
59 144 0.05
65 144 0.05
71 144 0.05
73 144 0.05
79 144 0.05
94 144 0.05
107 144 0.05
109 144 0.05
113 144 0.05
120 144 0.05
122 144 0.05
128 144 0.05
18 44 0.043478
22 44 0.043478
27 44 0.043478
29 44 0.043478
34 44 0.043478
35 44 0.043478
57 44 0.043478
60 44 0.043478
68 44 0.043478
73 44 0.043478
78 44 0.043478
85 44 0.043478
91 44 0.043478
101 44 0.043478
102 44 0.043478
107 44 0.043478
115 44 0.043478
116 44 0.043478
133 44 0.043478
140 44 0.043478
156 44 0.043478
159 44 0.043478
165 44 0.043478
19 32 0.05
21 32 0.05
22 32 0.05
27 32 0.05
50 32 0.05
51 32 0.05
55 32 0.05
56 32 0.05
57 32 0.05
65 32 0.05
67 32 0.05
79 32 0.05
84 32 0.05
104 32 0.05
107 32 0.05
110 32 0.05
115 32 0.05
148 32 0.05
164 32 0.05
165 32 0.05
19 101 0.043478
33 101 0.043478
44 101 0.043478
45 101 0.043478
50 101 0.043478
52 101 0.043478
54 101 0.043478
58 101 0.043478
64 101 0.043478
65 101 0.043478
71 101 0.043478
73 101 0.043478
77 101 0.043478
80 101 0.043478
93 101 0.043478
103 101 0.043478
112 101 0.043478
140 101 0.043478
145 101 0.043478
160 101 0.043478
161 101 0.043478
164 101 0.043478
166 101 0.043478
19 142 0.0625
21 142 0.0625
26 142 0.0625
37 142 0.0625
46 142 0.0625
71 142 0.0625
77 142 0.0625
88 142 0.0625
107 142 0.0625
117 142 0.0625
129 142 0.0625
139 142 0.0625
148 142 0.0625
151 142 0.0625
154 142 0.0625
164 142 0.0625
19 165 0.035714
21 165 0.035714
32 165 0.035714
35 165 0.035714
38 165 0.035714
44 165 0.035714
53 165 0.035714
54 165 0.035714
67 165 0.035714
68 165 0.035714
81 165 0.035714
82 165 0.035714
96 165 0.035714
112 165 0.035714
113 165 0.035714
116 165 0.035714
117 165 0.035714
125 165 0.035714
129 165 0.035714
137 165 0.035714
138 165 0.035714
139 165 0.035714
146 165 0.035714
148 165 0.035714
151 165 0.035714
152 165 0.035714
154 165 0.035714
163 165 0.035714
20 91 0.041667
23 91 0.041667
30 91 0.041667
44 91 0.041667
52 91 0.041667
53 91 0.041667
55 91 0.041667
60 91 0.041667
65 91 0.041667
80 91 0.041667
81 91 0.041667
85 91 0.041667
86 91 0.041667
114 91 0.041667
119 91 0.041667
126 91 0.041667
127 91 0.041667
129 91 0.041667
133 91 0.041667
134 91 0.041667
135 91 0.041667
150 91 0.041667
151 91 0.041667
155 91 0.041667
20 100 0.0625
33 100 0.0625
41 100 0.0625
48 100 0.0625
52 100 0.0625
56 100 0.0625
59 100 0.0625
90 100 0.0625
116 100 0.0625
117 100 0.0625
126 100 0.0625
143 100 0.0625
155 100 0.0625
159 100 0.0625
160 100 0.0625
168 100 0.0625
21 47 0.047619
34 47 0.047619
40 47 0.047619
49 47 0.047619
50 47 0.047619
52 47 0.047619
55 47 0.047619
86 47 0.047619
90 47 0.047619
93 47 0.047619
119 47 0.047619
121 47 0.047619
123 47 0.047619
137 47 0.047619
144 47 0.047619
149 47 0.047619
157 47 0.047619
160 47 0.047619
161 47 0.047619
163 47 0.047619
166 47 0.047619
25 119 0.05
30 119 0.05
41 119 0.05
42 119 0.05
47 119 0.05
49 119 0.05
54 119 0.05
59 119 0.05
60 119 0.05
67 119 0.05
68 119 0.05
71 119 0.05
75 119 0.05
81 119 0.05
83 119 0.05
85 119 0.05
91 119 0.05
136 119 0.05
147 119 0.05
158 119 0.05
25 138 0.052632
36 138 0.052632
39 138 0.052632
46 138 0.052632
53 138 0.052632
66 138 0.052632
68 138 0.052632
82 138 0.052632
86 138 0.052632
88 138 0.052632
110 138 0.052632
114 138 0.052632
118 138 0.052632
126 138 0.052632
127 138 0.052632
149 138 0.052632
153 138 0.052632
162 138 0.052632
165 138 0.052632
2 0 0.037037
11 0 0.037037
14 0 0.037037
15 0 0.037037
17 0 0.037037
23 0 0.037037
34 0 0.037037
39 0 0.037037
41 0 0.037037
69 0 0.037037
76 0 0.037037
79 0 0.037037
82 0 0.037037
83 0 0.037037
86 0 0.037037
92 0 0.037037
98 0 0.037037
102 0 0.037037
121 0 0.037037
131 0 0.037037
133 0 0.037037
137 0 0.037037
145 0 0.037037
148 0 0.037037
155 0 0.037037
159 0 0.037037
163 0 0.037037
15 1 0.043478
22 1 0.043478
24 1 0.043478
34 1 0.043478
41 1 0.043478
51 1 0.043478
57 1 0.043478
60 1 0.043478
61 1 0.043478
70 1 0.043478
81 1 0.043478
82 1 0.043478
86 1 0.043478
87 1 0.043478
94 1 0.043478
102 1 0.043478
110 1 0.043478
111 1 0.043478
143 1 0.043478
145 1 0.043478
153 1 0.043478
159 1 0.043478
161 1 0.043478
10 3 0.041667
20 3 0.041667
23 3 0.041667
25 3 0.041667
31 3 0.041667
40 3 0.041667
55 3 0.041667
60 3 0.041667
67 3 0.041667
69 3 0.041667
72 3 0.041667
76 3 0.041667
78 3 0.041667
79 3 0.041667
93 3 0.041667
95 3 0.041667
99 3 0.041667
111 3 0.041667
115 3 0.041667
141 3 0.041667
143 3 0.041667
150 3 0.041667
155 3 0.041667
168 3 0.041667
14 4 0.029412
17 4 0.029412
20 4 0.029412
31 4 0.029412
37 4 0.029412
38 4 0.029412
40 4 0.029412
43 4 0.029412
45 4 0.029412
50 4 0.029412
56 4 0.029412
63 4 0.029412
64 4 0.029412
67 4 0.029412
73 4 0.029412
76 4 0.029412
81 4 0.029412
94 4 0.029412
95 4 0.029412
96 4 0.029412
98 4 0.029412
108 4 0.029412
115 4 0.029412
116 4 0.029412
118 4 0.029412
120 4 0.029412
127 4 0.029412
134 4 0.029412
139 4 0.029412
140 4 0.029412
143 4 0.029412
147 4 0.029412
150 4 0.029412
161 4 0.029412
8 6 0.038462
22 6 0.038462
34 6 0.038462
41 6 0.038462
42 6 0.038462
51 6 0.038462
56 6 0.038462
62 6 0.038462
65 6 0.038462
74 6 0.038462
83 6 0.038462
90 6 0.038462
102 6 0.038462
112 6 0.038462
115 6 0.038462
117 6 0.038462
132 6 0.038462
136 6 0.038462
140 6 0.038462
143 6 0.038462
147 6 0.038462
148 6 0.038462
150 6 0.038462
151 6 0.038462
155 6 0.038462
167 6 0.038462
11 7 0.041667
16 7 0.041667
27 7 0.041667
28 7 0.041667
31 7 0.041667
33 7 0.041667
38 7 0.041667
64 7 0.041667
67 7 0.041667
68 7 0.041667
74 7 0.041667
84 7 0.041667
85 7 0.041667
94 7 0.041667
108 7 0.041667
114 7 0.041667
117 7 0.041667
123 7 0.041667
129 7 0.041667
134 7 0.041667
139 7 0.041667
146 7 0.041667
151 7 0.041667
160 7 0.041667
11 9 0.037037
12 9 0.037037
17 9 0.037037
25 9 0.037037
30 9 0.037037
43 9 0.037037
56 9 0.037037
59 9 0.037037
63 9 0.037037
65 9 0.037037
67 9 0.037037
76 9 0.037037
78 9 0.037037
79 9 0.037037
85 9 0.037037
89 9 0.037037
96 9 0.037037
104 9 0.037037
128 9 0.037037
132 9 0.037037
134 9 0.037037
139 9 0.037037
143 9 0.037037
146 9 0.037037
157 9 0.037037
161 9 0.037037
166 9 0.037037
