0 1 0.0625
10 1 0.0625
19 1 0.0625
20 1 0.0625
21 1 0.0625
24 1 0.0625
31 1 0.0625
32 1 0.0625
48 1 0.0625
53 1 0.0625
70 1 0.0625
75 1 0.0625
78 1 0.0625
86 1 0.0625
98 1 0.0625
103 1 0.0625
0 4 0.05
3 4 0.05
9 4 0.05
22 4 0.05
38 4 0.05
43 4 0.05
45 4 0.05
47 4 0.05
49 4 0.05
58 4 0.05
70 4 0.05
72 4 0.05
79 4 0.05
84 4 0.05
88 4 0.05
97 4 0.05
99 4 0.05
101 4 0.05
104 4 0.05
105 4 0.05
0 10 0.047619
1 10 0.047619
2 10 0.047619
6 10 0.047619
19 10 0.047619
24 10 0.047619
29 10 0.047619
46 10 0.047619
52 10 0.047619
55 10 0.047619
56 10 0.047619
60 10 0.047619
63 10 0.047619
69 10 0.047619
75 10 0.047619
76 10 0.047619
81 10 0.047619
83 10 0.047619
87 10 0.047619
89 10 0.047619
93 10 0.047619
0 28 0.071429
5 28 0.071429
15 28 0.071429
29 28 0.071429
37 28 0.071429
51 28 0.071429
65 28 0.071429
69 28 0.071429
80 28 0.071429
86 28 0.071429
98 28 0.071429
107 28 0.071429
110 28 0.071429
111 28 0.071429
0 32 0.045455
1 32 0.045455
9 32 0.045455
11 32 0.045455
20 32 0.045455
21 32 0.045455
33 32 0.045455
38 32 0.045455
42 32 0.045455
47 32 0.045455
48 32 0.045455
54 32 0.045455
64 32 0.045455
65 32 0.045455
66 32 0.045455
70 32 0.045455
82 32 0.045455
83 32 0.045455
97 32 0.045455
99 32 0.045455
106 32 0.045455
111 32 0.045455
0 53 0.043478
1 53 0.043478
2 53 0.043478
13 53 0.043478
21 53 0.043478
24 53 0.043478
26 53 0.043478
29 53 0.043478
34 53 0.043478
61 53 0.043478
62 53 0.043478
65 53 0.043478
73 53 0.043478
75 53 0.043478
77 53 0.043478
78 53 0.043478
83 53 0.043478
89 53 0.043478
90 53 0.043478
98 53 0.043478
100 53 0.043478
105 53 0.043478
109 53 0.043478
0 68 0.090909
11 68 0.090909
26 68 0.090909
50 68 0.090909
57 68 0.090909
60 68 0.090909
76 68 0.090909
77 68 0.090909
83 68 0.090909
91 68 0.090909
96 68 0.090909
0 70 0.076923
1 70 0.076923
4 70 0.076923
5 70 0.076923
32 70 0.076923
34 70 0.076923
56 70 0.076923
57 70 0.076923
58 70 0.076923
77 70 0.076923
89 70 0.076923
98 70 0.076923
102 70 0.076923
0 71 0.05
6 71 0.05
9 71 0.05
17 71 0.05
23 71 0.05
33 71 0.05
34 71 0.05
35 71 0.05
39 71 0.05
44 71 0.05
65 71 0.05
73 71 0.05
78 71 0.05
80 71 0.05
82 71 0.05
88 71 0.05
99 71 0.05
101 71 0.05
102 71 0.05
109 71 0.05
0 77 0.066667
3 77 0.066667
21 77 0.066667
35 77 0.066667
43 77 0.066667
53 77 0.066667
65 77 0.066667
68 77 0.066667
70 77 0.066667
79 77 0.066667
86 77 0.066667
95 77 0.066667
98 77 0.066667
101 77 0.066667
109 77 0.066667
0 86 0.047619
1 86 0.047619
3 86 0.047619
5 86 0.047619
6 86 0.047619
9 86 0.047619
26 86 0.047619
28 86 0.047619
34 86 0.047619
35 86 0.047619
37 86 0.047619
45 86 0.047619
47 86 0.047619
55 86 0.047619
59 86 0.047619
60 86 0.047619
77 86 0.047619
82 86 0.047619
92 86 0.047619
109 86 0.047619
110 86 0.047619
0 94 0.076923
13 94 0.076923
19 94 0.076923
35 94 0.076923
47 94 0.076923
49 94 0.076923
63 94 0.076923
84 94 0.076923
85 94 0.076923
88 94 0.076923
99 94 0.076923
100 94 0.076923
103 94 0.076923
0 95 0.052632
5 95 0.052632
7 95 0.052632
18 95 0.052632
20 95 0.052632
22 95 0.052632
23 95 0.052632
40 95 0.052632
48 95 0.052632
50 95 0.052632
51 95 0.052632
59 95 0.052632
66 95 0.052632
72 95 0.052632
77 95 0.052632
88 95 0.052632
96 95 0.052632
97 95 0.052632
106 95 0.052632
0 98 0.043478
1 98 0.043478
20 98 0.043478
25 98 0.043478
28 98 0.043478
31 98 0.043478
34 98 0.043478
37 98 0.043478
40 98 0.043478
43 98 0.043478
53 98 0.043478
67 98 0.043478
69 98 0.043478
70 98 0.043478
74 98 0.043478
75 98 0.043478
76 98 0.043478
77 98 0.043478
82 98 0.043478
97 98 0.043478
99 98 0.043478
108 98 0.043478
110 98 0.043478
0 102 0.047619
3 102 0.047619
11 102 0.047619
17 102 0.047619
21 102 0.047619
26 102 0.047619
29 102 0.047619
36 102 0.047619
59 102 0.047619
66 102 0.047619
70 102 0.047619
71 102 0.047619
74 102 0.047619
76 102 0.047619
83 102 0.047619
84 102 0.047619
85 102 0.047619
93 102 0.047619
100 102 0.047619
103 102 0.047619
105 102 0.047619
1 19 0.05
10 19 0.05
12 19 0.05
15 19 0.05
16 19 0.05
20 19 0.05
22 19 0.05
25 19 0.05
37 19 0.05
41 19 0.05
45 19 0.05
75 19 0.05
82 19 0.05
83 19 0.05
87 19 0.05
94 19 0.05
96 19 0.05
99 19 0.05
100 19 0.05
105 19 0.05
1 20 0.05
6 20 0.05
7 20 0.05
15 20 0.05
19 20 0.05
23 20 0.05
26 20 0.05
29 20 0.05
32 20 0.05
41 20 0.05
45 20 0.05
67 20 0.05
85 20 0.05
95 20 0.05
96 20 0.05
98 20 0.05
103 20 0.05
105 20 0.05
108 20 0.05
109 20 0.05
1 21 0.055556
14 21 0.055556
32 21 0.055556
46 21 0.055556
53 21 0.055556
54 21 0.055556
73 21 0.055556
75 21 0.055556
77 21 0.055556
78 21 0.055556
79 21 0.055556
83 21 0.055556
84 21 0.055556
96 21 0.055556
97 21 0.055556
102 21 0.055556
106 21 0.055556
110 21 0.055556
1 24 0.05
2 24 0.05
7 24 0.05
9 24 0.05
10 24 0.05
26 24 0.05
36 24 0.05
41 24 0.05
46 24 0.05
49 24 0.05
51 24 0.05
53 24 0.05
62 24 0.05
74 24 0.05
85 24 0.05
97 24 0.05
99 24 0.05
106 24 0.05
109 24 0.05
111 24 0.05
1 31 0.052632
6 31 0.052632
14 31 0.052632
16 31 0.052632
25 31 0.052632
42 31 0.052632
44 31 0.052632
46 31 0.052632
60 31 0.052632
61 31 0.052632
72 31 0.052632
73 31 0.052632
74 31 0.052632
80 31 0.052632
90 31 0.052632
91 31 0.052632
98 31 0.052632
101 31 0.052632
106 31 0.052632
1 48 0.055556
29 48 0.055556
32 48 0.055556
34 48 0.055556
35 48 0.055556
41 48 0.055556
44 48 0.055556
55 48 0.055556
60 48 0.055556
67 48 0.055556
78 48 0.055556
83 48 0.055556
87 48 0.055556
88 48 0.055556
93 48 0.055556
95 48 0.055556
97 48 0.055556
99 48 0.055556
1 75 0.052632
10 75 0.052632
15 75 0.052632
16 75 0.052632
19 75 0.052632
21 75 0.052632
23 75 0.052632
25 75 0.052632
27 75 0.052632
40 75 0.052632
53 75 0.052632
78 75 0.052632
81 75 0.052632
87 75 0.052632
91 75 0.052632
97 75 0.052632
98 75 0.052632
99 75 0.052632
111 75 0.052632
1 78 0.043478
2 78 0.043478
15 78 0.043478
21 78 0.043478
36 78 0.043478
37 78 0.043478
42 78 0.043478
48 78 0.043478
49 78 0.043478
53 78 0.043478
57 78 0.043478
71 78 0.043478
73 78 0.043478
75 78 0.043478
76 78 0.043478
84 78 0.043478
88 78 0.043478
100 78 0.043478
103 78 0.043478
105 78 0.043478
106 78 0.043478
108 78 0.043478
111 78 0.043478
1 103 0.058824
2 103 0.058824
6 103 0.058824
12 103 0.058824
20 103 0.058824
43 103 0.058824
57 103 0.058824
60 103 0.058824
63 103 0.058824
78 103 0.058824
84 103 0.058824
89 103 0.058824
94 103 0.058824
96 103 0.058824
101 103 0.058824
102 103 0.058824
107 103 0.058824
2 14 0.052632
3 14 0.052632
16 14 0.052632
21 14 0.052632
26 14 0.052632
31 14 0.052632
33 14 0.052632
36 14 0.052632
45 14 0.052632
50 14 0.052632
57 14 0.052632
58 14 0.052632
59 14 0.052632
62 14 0.052632
64 14 0.052632
79 14 0.052632
93 14 0.052632
100 14 0.052632
106 14 0.052632
2 16 0.083333
14 16 0.083333
19 16 0.083333
31 16 0.083333
55 16 0.083333
60 16 0.083333
73 16 0.083333
75 16 0.083333
76 16 0.083333
87 16 0.083333
89 16 0.083333
109 16 0.083333
2 40 0.043478
13 40 0.043478
26 40 0.043478
33 40 0.043478
34 40 0.043478
36 40 0.043478
38 40 0.043478
39 40 0.043478
42 40 0.043478
44 40 0.043478
45 40 0.043478
49 40 0.043478
63 40 0.043478
69 40 0.043478
75 40 0.043478
81 40 0.043478
82 40 0.043478
89 40 0.043478
92 40 0.043478
95 40 0.043478
98 40 0.043478
104 40 0.043478
110 40 0.043478
2 59 0.043478
3 59 0.043478
14 59 0.043478
17 59 0.043478
22 59 0.043478
25 59 0.043478
26 59 0.043478
27 59 0.043478
29 59 0.043478
33 59 0.043478
35 59 0.043478
54 59 0.043478
80 59 0.043478
84 59 0.043478
86 59 0.043478
88 59 0.043478
93 59 0.043478
95 59 0.043478
99 59 0.043478
102 59 0.043478
105 59 0.043478
107 59 0.043478
111 59 0.043478
2 66 0.0625
13 66 0.0625
32 66 0.0625
37 66 0.0625
39 66 0.0625
41 66 0.0625
63 66 0.0625
76 66 0.0625
91 66 0.0625
93 66 0.0625
95 66 0.0625
96 66 0.0625
97 66 0.0625
101 66 0.0625
102 66 0.0625
105 66 0.0625
2 67 0.0625
18 67 0.0625
20 67 0.0625
26 67 0.0625
48 67 0.0625
57 67 0.0625
65 67 0.0625
74 67 0.0625
76 67 0.0625
83 67 0.0625
88 67 0.0625
91 67 0.0625
98 67 0.0625
106 67 0.0625
107 67 0.0625
110 67 0.0625
2 73 0.052632
15 73 0.052632
16 73 0.052632
21 73 0.052632
31 73 0.052632
35 73 0.052632
37 73 0.052632
38 73 0.052632
42 73 0.052632
44 73 0.052632
47 73 0.052632
52 73 0.052632
53 73 0.052632
69 73 0.052632
71 73 0.052632
78 73 0.052632
84 73 0.052632
91 73 0.052632
107 73 0.052632
2 87 0.066667
10 87 0.066667
16 87 0.066667
17 87 0.066667
19 87 0.066667
29 87 0.066667
43 87 0.066667
48 87 0.066667
50 87 0.066667
65 87 0.066667
75 87 0.066667
85 87 0.066667
91 87 0.066667
93 87 0.066667
108 87 0.066667
2 92 0.090909
5 92 0.090909
6 92 0.090909
7 92 0.090909
9 92 0.090909
12 92 0.090909
29 92 0.090909
40 92 0.090909
51 92 0.090909
86 92 0.090909
93 92 0.090909
2 110 0.058824
21 110 0.058824
22 110 0.058824
27 110 0.058824
28 110 0.058824
34 110 0.058824
38 110 0.058824
40 110 0.058824
46 110 0.058824
49 110 0.058824
54 110 0.058824
67 110 0.058824
86 110 0.058824
91 110 0.058824
96 110 0.058824
98 110 0.058824
100 110 0.058824
3 5 0.058824
8 5 0.058824
15 5 0.058824
18 5 0.058824
28 5 0.058824
37 5 0.058824
38 5 0.058824
52 5 0.058824
70 5 0.058824
72 5 0.058824
80 5 0.058824
85 5 0.058824
86 5 0.058824
92 5 0.058824
93 5 0.058824
95 5 0.058824
100 5 0.058824
3 6 0.052632
10 6 0.052632
20 6 0.052632
26 6 0.052632
31 6 0.052632
37 6 0.052632
41 6 0.052632
50 6 0.052632
55 6 0.052632
61 6 0.052632
71 6 0.052632
76 6 0.052632
82 6 0.052632
85 6 0.052632
86 6 0.052632
92 6 0.052632
99 6 0.052632
103 6 0.052632
105 6 0.052632
3 13 0.076923
15 13 0.076923
34 13 0.076923
38 13 0.076923
40 13 0.076923
44 13 0.076923
53 13 0.076923
60 13 0.076923
66 13 0.076923
72 13 0.076923
89 13 0.076923
93 13 0.076923
94 13 0.076923
3 15 0.04
5 15 0.04
8 15 0.04
11 15 0.04
13 15 0.04
18 15 0.04
19 15 0.04
20 15 0.04
26 15 0.04
27 15 0.04
28 15 0.04
36 15 0.04
38 15 0.04
45 15 0.04
47 15 0.04
49 15 0.04
50 15 0.04
56 15 0.04
64 15 0.04
69 15 0.04
73 15 0.04
75 15 0.04
78 15 0.04
80 15 0.04
82 15 0.04
3 22 0.071429
4 22 0.071429
19 22 0.071429
51 22 0.071429
54 22 0.071429
55 22 0.071429
56 22 0.071429
57 22 0.071429
58 22 0.071429
59 22 0.071429
82 22 0.071429
95 22 0.071429
104 22 0.071429
110 22 0.071429
3 33 0.055556
14 33 0.055556
18 33 0.055556
25 33 0.055556
30 33 0.055556
32 33 0.055556
34 33 0.055556
40 33 0.055556
51 33 0.055556
52 33 0.055556
59 33 0.055556
60 33 0.055556
62 33 0.055556
71 33 0.055556
74 33 0.055556
107 33 0.055556
108 33 0.055556
109 33 0.055556
3 36 0.043478
7 36 0.043478
14 36 0.043478
15 36 0.043478
18 36 0.043478
23 36 0.043478
24 36 0.043478
27 36 0.043478
30 36 0.043478
40 36 0.043478
45 36 0.043478
55 36 0.043478
61 36 0.043478
62 36 0.043478
78 36 0.043478
82 36 0.043478
84 36 0.043478
85 36 0.043478
91 36 0.043478
93 36 0.043478
99 36 0.043478
102 36 0.043478
108 36 0.043478
3 45 0.052632
4 45 0.052632
14 45 0.052632
15 45 0.052632
19 45 0.052632
20 45 0.052632
23 45 0.052632
25 45 0.052632
35 45 0.052632
36 45 0.052632
40 45 0.052632
54 45 0.052632
60 45 0.052632
69 45 0.052632
86 45 0.052632
97 45 0.052632
106 45 0.052632
109 45 0.052632
111 45 0.052632
3 60 0.052632
10 60 0.052632
13 60 0.052632
16 60 0.052632
31 60 0.052632
33 60 0.052632
45 60 0.052632
48 60 0.052632
52 60 0.052632
56 60 0.052632
57 60 0.052632
63 60 0.052632
68 60 0.052632
74 60 0.052632
80 60 0.052632
86 60 0.052632
93 60 0.052632
103 60 0.052632
111 60 0.052632
3 80 0.066667
5 80 0.066667
15 80 0.066667
18 80 0.066667
28 80 0.066667
31 80 0.066667
35 80 0.066667
43 80 0.066667
50 80 0.066667
59 80 0.066667
60 80 0.066667
71 80 0.066667
90 80 0.066667
91 80 0.066667
107 80 0.066667
3 82 0.038462
6 82 0.038462
15 82 0.038462
19 82 0.038462
22 82 0.038462
23 82 0.038462
32 82 0.038462
34 82 0.038462
35 82 0.038462
36 82 0.038462
40 82 0.038462
42 82 0.038462
46 82 0.038462
47 82 0.038462
50 82 0.038462
54 82 0.038462
57 82 0.038462
58 82 0.038462
62 82 0.038462
64 82 0.038462
71 82 0.038462
76 82 0.038462
86 82 0.038462
98 82 0.038462
106 82 0.038462
107 82 0.038462
3 89 0.0625
9 89 0.0625
10 89 0.0625
13 89 0.0625
16 89 0.0625
26 89 0.0625
40 89 0.0625
43 89 0.0625
44 89 0.0625
52 89 0.0625
53 89 0.0625
63 89 0.0625
70 89 0.0625
91 89 0.0625
103 89 0.0625
109 89 0.0625
3 111 0.055556
8 111 0.055556
23 111 0.055556
24 111 0.055556
28 111 0.055556
29 111 0.055556
32 111 0.055556
37 111 0.055556
45 111 0.055556
58 111 0.055556
59 111 0.055556
60 111 0.055556
72 111 0.055556
75 111 0.055556
78 111 0.055556
83 111 0.055556
107 111 0.055556
109 111 0.055556
4 9 0.05
11 9 0.05
24 9 0.05
25 9 0.05
26 9 0.05
27 9 0.05
32 9 0.05
35 9 0.05
37 9 0.05
51 9 0.05
56 9 0.05
69 9 0.05
71 9 0.05
79 9 0.05
85 9 0.05
86 9 0.05
89 9 0.05
92 9 0.05
97 9 0.05
104 9 0.05
4 38 0.052632
5 38 0.052632
8 38 0.052632
11 38 0.052632
13 38 0.052632
15 38 0.052632
23 38 0.052632
26 38 0.052632
32 38 0.052632
39 38 0.052632
40 38 0.052632
41 38 0.052632
50 38 0.052632
69 38 0.052632
73 38 0.052632
83 38 0.052632
104 38 0.052632
109 38 0.052632
110 38 0.052632
4 43 0.0625
18 43 0.0625
37 43 0.0625
49 43 0.0625
50 43 0.0625
52 43 0.0625
69 43 0.0625
76 43 0.0625
77 43 0.0625
80 43 0.0625
87 43 0.0625
88 43 0.0625
89 43 0.0625
98 43 0.0625
100 43 0.0625
103 43 0.0625
4 47 0.058824
12 47 0.058824
15 47 0.058824
32 47 0.058824
34 47 0.058824
37 47 0.058824
51 47 0.058824
56 47 0.058824
57 47 0.058824
73 47 0.058824
79 47 0.058824
82 47 0.058824
83 47 0.058824
86 47 0.058824
88 47 0.058824
90 47 0.058824
94 47 0.058824
4 49 0.066667
11 49 0.066667
15 49 0.066667
18 49 0.066667
24 49 0.066667
40 49 0.066667
43 49 0.066667
50 49 0.066667
54 49 0.066667
78 49 0.066667
93 49 0.066667
94 49 0.066667
99 49 0.066667
106 49 0.066667
110 49 0.066667
4 58 0.076923
14 58 0.076923
22 58 0.076923
23 58 0.076923
26 58 0.076923
46 58 0.076923
70 58 0.076923
72 58 0.076923
82 58 0.076923
100 58 0.076923
104 58 0.076923
107 58 0.076923
111 58 0.076923
4 72 0.0625
5 72 0.0625
13 72 0.0625
17 72 0.0625
30 72 0.0625
31 72 0.0625
37 72 0.0625
39 72 0.0625
51 72 0.0625
52 72 0.0625
58 72 0.0625
93 72 0.0625
95 72 0.0625
108 72 0.0625
109 72 0.0625
111 72 0.0625
4 79 0.071429
9 79 0.071429
14 79 0.071429
21 79 0.071429
37 79 0.071429
44 79 0.071429
47 79 0.071429
54 79 0.071429
63 79 0.071429
77 79 0.071429
81 79 0.071429
85 79 0.071429
88 79 0.071429
96 79 0.071429
4 84 0.058824
11 84 0.058824
21 84 0.058824
30 84 0.058824
36 84 0.058824
37 84 0.058824
56 84 0.058824
59 84 0.058824
65 84 0.058824
73 84 0.058824
78 84 0.058824
83 84 0.058824
85 84 0.058824
94 84 0.058824
100 84 0.058824
102 84 0.058824
103 84 0.058824
4 88 0.058824
8 88 0.058824
43 88 0.058824
47 88 0.058824
48 88 0.058824
51 88 0.058824
54 88 0.058824
59 88 0.058824
67 88 0.058824
71 88 0.058824
76 88 0.058824
78 88 0.058824
79 88 0.058824
94 88 0.058824
95 88 0.058824
106 88 0.058824
107 88 0.058824
4 97 0.055556
9 97 0.055556
21 97 0.055556
24 97 0.055556
29 97 0.055556
32 97 0.055556
42 97 0.055556
45 97 0.055556
48 97 0.055556
50 97 0.055556
52 97 0.055556
63 97 0.055556
66 97 0.055556
75 97 0.055556
76 97 0.055556
95 97 0.055556
98 97 0.055556
104 97 0.055556
4 99 0.052632
6 99 0.052632
7 99 0.052632
12 99 0.052632
19 99 0.052632
24 99 0.052632
32 99 0.052632
34 99 0.052632
36 99 0.052632
48 99 0.052632
49 99 0.052632
57 99 0.052632
59 99 0.052632
61 99 0.052632
71 99 0.052632
75 99 0.052632
76 99 0.052632
94 99 0.052632
98 99 0.052632
4 101 0.052632
7 101 0.052632
12 101 0.052632
25 101 0.052632
27 101 0.052632
29 101 0.052632
31 101 0.052632
35 101 0.052632
41 101 0.052632
42 101 0.052632
52 101 0.052632
63 101 0.052632
66 101 0.052632
69 101 0.052632
71 101 0.052632
77 101 0.052632
103 101 0.052632
104 101 0.052632
106 101 0.052632
4 104 0.071429
9 104 0.071429
22 104 0.071429
38 104 0.071429
40 104 0.071429
42 104 0.071429
54 104 0.071429
58 104 0.071429
74 104 0.071429
83 104 0.071429
93 104 0.071429
97 104 0.071429
101 104 0.071429
106 104 0.071429
4 105 0.083333
6 105 0.083333
19 105 0.083333
20 105 0.083333
46 105 0.083333
53 105 0.083333
54 105 0.083333
59 105 0.083333
66 105 0.083333
78 105 0.083333
93 105 0.083333
102 105 0.083333
5 8 0.090909
11 8 0.090909
15 8 0.090909
18 8 0.090909
38 8 0.090909
69 8 0.090909
76 8 0.090909
85 8 0.090909
88 8 0.090909
106 8 0.090909
111 8 0.090909
5 18 0.071429
8 18 0.071429
15 18 0.071429
33 18 0.071429
36 18 0.071429
37 18 0.071429
39 18 0.071429
43 18 0.071429
49 18 0.071429
50 18 0.071429
67 18 0.071429
69 18 0.071429
80 18 0.071429
95 18 0.071429
5 37 0.04
6 37 0.04
7 37 0.04
9 37 0.04
18 37 0.04
19 37 0.04
23 37 0.04
27 37 0.04
28 37 0.04
34 37 0.04
35 37 0.04
43 37 0.04
47 37 0.04
50 37 0.04
66 37 0.04
72 37 0.04
73 37 0.04
78 37 0.04
79 37 0.04
84 37 0.04
86 37 0.04
93 37 0.04
98 37 0.04
100 37 0.04
111 37 0.04
5 52 0.076923
7 52 0.076923
10 52 0.076923
25 52 0.076923
33 52 0.076923
43 52 0.076923
55 52 0.076923
60 52 0.076923
72 52 0.076923
73 52 0.076923
89 52 0.076923
97 52 0.076923
101 52 0.076923
5 85 0.058824
6 85 0.058824
8 85 0.058824
9 85 0.058824
20 85 0.058824
24 85 0.058824
36 85 0.058824
51 85 0.058824
55 85 0.058824
69 85 0.058824
79 85 0.058824
84 85 0.058824
87 85 0.058824
93 85 0.058824
94 85 0.058824
102 85 0.058824
109 85 0.058824
5 93 0.043478
10 93 0.043478
13 93 0.043478
14 93 0.043478
27 93 0.043478
29 93 0.043478
36 93 0.043478
37 93 0.043478
48 93 0.043478
49 93 0.043478
59 93 0.043478
60 93 0.043478
61 93 0.043478
62 93 0.043478
65 93 0.043478
66 93 0.043478
72 93 0.043478
85 93 0.043478
87 93 0.043478
92 93 0.043478
102 93 0.043478
104 93 0.043478
105 93 0.043478
5 100 0.0625
14 100 0.0625
19 100 0.0625
25 100 0.0625
37 100 0.0625
43 100 0.0625
53 100 0.0625
56 100 0.0625
58 100 0.0625
64 100 0.0625
78 100 0.0625
84 100 0.0625
90 100 0.0625
94 100 0.0625
102 100 0.0625
110 100 0.0625
6 26 0.047619
9 26 0.047619
14 26 0.047619
15 26 0.047619
20 26 0.047619
24 26 0.047619
30 26 0.047619
38 26 0.047619
40 26 0.047619
53 26 0.047619
55 26 0.047619
58 26 0.047619
59 26 0.047619
61 26 0.047619
67 26 0.047619
68 26 0.047619
69 26 0.047619
81 26 0.047619
86 26 0.047619
89 26 0.047619
102 26 0.047619
6 41 0.083333
11 41 0.083333
19 41 0.083333
20 41 0.083333
23 41 0.083333
24 41 0.083333
27 41 0.083333
38 41 0.083333
48 41 0.083333
66 41 0.083333
81 41 0.083333
101 41 0.083333
6 50 0.045455
11 50 0.045455
14 50 0.045455
15 50 0.045455
17 50 0.045455
18 50 0.045455
23 50 0.045455
29 50 0.045455
37 50 0.045455
38 50 0.045455
39 50 0.045455
43 50 0.045455
44 50 0.045455
49 50 0.045455
63 50 0.045455
68 50 0.045455
80 50 0.045455
82 50 0.045455
87 50 0.045455
95 50 0.045455
97 50 0.045455
109 50 0.045455
6 55 0.071429
10 55 0.071429
16 55 0.071429
22 55 0.071429
23 55 0.071429
26 55 0.071429
36 55 0.071429
48 55 0.071429
52 55 0.071429
76 55 0.071429
85 55 0.071429
86 55 0.071429
96 55 0.071429
109 55 0.071429
6 61 0.071429
26 61 0.071429
29 61 0.071429
31 61 0.071429
36 61 0.071429
53 61 0.071429
54 61 0.071429
56 61 0.071429
76 61 0.071429
81 61 0.071429
93 61 0.071429
96 61 0.071429
99 61 0.071429
106 61 0.071429
6 76 0.05
8 76 0.05
10 76 0.05
16 76 0.05
43 76 0.05
44 76 0.05
55 76 0.05
56 76 0.05
61 76 0.05
66 76 0.05
67 76 0.05
68 76 0.05
74 76 0.05
78 76 0.05
82 76 0.05
88 76 0.05
97 76 0.05
98 76 0.05
99 76 0.05
102 76 0.05
7 35 0.052632
9 35 0.052632
27 35 0.052632
37 35 0.052632
44 35 0.052632
45 35 0.052632
46 35 0.052632
48 35 0.052632
59 35 0.052632
71 35 0.052632
73 35 0.052632
74 35 0.052632
77 35 0.052632
80 35 0.052632
82 35 0.052632
86 35 0.052632
91 35 0.052632
94 35 0.052632
101 35 0.052632
7 74 0.058824
23 74 0.058824
24 74 0.058824
27 74 0.058824
31 74 0.058824
33 74 0.058824
35 74 0.058824
57 74 0.058824
60 74 0.058824
62 74 0.058824
65 74 0.058824
67 74 0.058824
76 74 0.058824
91 74 0.058824
98 74 0.058824
102 74 0.058824
104 74 0.058824
7 109 0.045455
16 109 0.045455
20 109 0.045455
24 109 0.045455
30 109 0.045455
33 109 0.045455
38 109 0.045455
45 109 0.045455
50 109 0.045455
53 109 0.045455
54 109 0.045455
55 109 0.045455
56 109 0.045455
69 109 0.045455
71 109 0.045455
72 109 0.045455
77 109 0.045455
81 109 0.045455
85 109 0.045455
86 109 0.045455
89 109 0.045455
111 109 0.045455
8 11 0.066667
9 11 0.066667
15 11 0.066667
32 11 0.066667
34 11 0.066667
38 11 0.066667
41 11 0.066667
44 11 0.066667
49 11 0.066667
50 11 0.066667
56 11 0.066667
68 11 0.066667
83 11 0.066667
84 11 0.066667
102 11 0.066667
8 69 0.047619
9 69 0.047619
10 69 0.047619
15 69 0.047619
18 69 0.047619
26 69 0.047619
28 69 0.047619
30 69 0.047619
38 69 0.047619
40 69 0.047619
43 69 0.047619
45 69 0.047619
56 69 0.047619
57 69 0.047619
65 69 0.047619
73 69 0.047619
85 69 0.047619
98 69 0.047619
101 69 0.047619
108 69 0.047619
109 69 0.047619
8 106 0.052632
14 106 0.052632
21 106 0.052632
23 106 0.052632
24 106 0.052632
31 106 0.052632
32 106 0.052632
45 106 0.052632
49 106 0.052632
54 106 0.052632
61 106 0.052632
63 106 0.052632
67 106 0.052632
78 106 0.052632
82 106 0.052632
88 106 0.052632
95 106 0.052632
101 106 0.052632
104 106 0.052632
9 25 0.076923
19 25 0.076923
29 25 0.076923
31 25 0.076923
33 25 0.076923
45 25 0.076923
52 25 0.076923
59 25 0.076923
64 25 0.076923
75 25 0.076923
98 25 0.076923
100 25 0.076923
101 25 0.076923
9 27 0.058824
15 27 0.058824
17 27 0.058824
35 27 0.058824
36 27 0.058824
37 27 0.058824
41 27 0.058824
56 27 0.058824
59 27 0.058824
65 27 0.058824
74 27 0.058824
75 27 0.058824
81 27 0.058824
83 27 0.058824
93 27 0.058824
101 27 0.058824
110 27 0.058824
9 51 0.058824
22 51 0.058824
24 51 0.058824
28 51 0.058824
30 51 0.058824
33 51 0.058824
44 51 0.058824
46 51 0.058824
47 51 0.058824
64 51 0.058824
72 51 0.058824
85 51 0.058824
88 51 0.058824
90 51 0.058824
91 51 0.058824
92 51 0.058824
95 51 0.058824
9 56 0.058824
10 56 0.058824
11 56 0.058824
15 56 0.058824
22 56 0.058824
27 56 0.058824
39 56 0.058824
47 56 0.058824
60 56 0.058824
61 56 0.058824
69 56 0.058824
70 56 0.058824
76 56 0.058824
84 56 0.058824
90 56 0.058824
100 56 0.058824
109 56 0.058824
10 29 0.058824
20 29 0.058824
25 29 0.058824
28 29 0.058824
48 29 0.058824
50 29 0.058824
53 29 0.058824
59 29 0.058824
61 29 0.058824
87 29 0.058824
91 29 0.058824
92 29 0.058824
93 29 0.058824
97 29 0.058824
101 29 0.058824
102 29 0.058824
111 29 0.058824
10 46 0.083333
12 46 0.083333
21 46 0.083333
24 46 0.083333
31 46 0.083333
35 46 0.083333
39 46 0.083333
51 46 0.083333
58 46 0.083333
82 46 0.083333
105 46 0.083333
110 46 0.083333
10 63 0.076923
40 63 0.076923
50 63 0.076923
60 63 0.076923
64 63 0.076923
66 63 0.076923
79 63 0.076923
89 63 0.076923
94 63 0.076923
97 63 0.076923
101 63 0.076923
103 63 0.076923
106 63 0.076923
10 81 0.090909
17 81 0.090909
26 81 0.090909
27 81 0.090909
40 81 0.090909
41 81 0.090909
61 81 0.090909
75 81 0.090909
79 81 0.090909
107 81 0.090909
109 81 0.090909
10 83 0.055556
11 83 0.055556
19 83 0.055556
21 83 0.055556
27 83 0.055556
32 83 0.055556
38 83 0.055556
39 83 0.055556
47 83 0.055556
48 83 0.055556
53 83 0.055556
54 83 0.055556
67 83 0.055556
68 83 0.055556
84 83 0.055556
102 83 0.055556
104 83 0.055556
111 83 0.055556
11 34 0.066667
13 34 0.066667
33 34 0.066667
37 34 0.066667
40 34 0.066667
47 34 0.066667
48 34 0.066667
53 34 0.066667
70 34 0.066667
71 34 0.066667
82 34 0.066667
86 34 0.066667
98 34 0.066667
99 34 0.066667
110 34 0.066667
11 44 0.0625
13 44 0.0625
17 44 0.0625
31 44 0.0625
35 44 0.0625
40 44 0.0625
42 44 0.0625
48 44 0.0625
50 44 0.0625
51 44 0.0625
54 44 0.0625
71 44 0.0625
73 44 0.0625
76 44 0.0625
79 44 0.0625
89 44 0.0625
12 30 0.071429
26 30 0.071429
33 30 0.071429
36 30 0.071429
51 30 0.071429
62 30 0.071429
64 30 0.071429
69 30 0.071429
72 30 0.071429
84 30 0.071429
90 30 0.071429
107 30 0.071429
108 30 0.071429
109 30 0.071429
12 39 0.076923
17 39 0.076923
18 39 0.076923
38 39 0.076923
40 39 0.076923
46 39 0.076923
50 39 0.076923
54 39 0.076923
56 39 0.076923
66 39 0.076923
71 39 0.076923
72 39 0.076923
83 39 0.076923
12 90 0.111111
30 90 0.111111
31 90 0.111111
47 90 0.111111
51 90 0.111111
53 90 0.111111
56 90 0.111111
80 90 0.111111
100 90 0.111111
14 57 0.071429
22 57 0.071429
47 57 0.071429
54 57 0.071429
60 57 0.071429
67 57 0.071429
68 57 0.071429
69 57 0.071429
70 57 0.071429
74 57 0.071429
78 57 0.071429
82 57 0.071429
99 57 0.071429
103 57 0.071429
14 62 0.1
23 62 0.1
24 62 0.1
30 62 0.1
33 62 0.1
36 62 0.1
53 62 0.1
74 62 0.1
82 62 0.1
93 62 0.1
14 64 0.1
15 64 0.1
25 64 0.1
30 64 0.1
32 64 0.1
42 64 0.1
51 64 0.1
63 64 0.1
82 64 0.1
100 64 0.1
17 23 0.052632
20 23 0.052632
36 23 0.052632
37 23 0.052632
38 23 0.052632
41 23 0.052632
45 23 0.052632
50 23 0.052632
55 23 0.052632
58 23 0.052632
62 23 0.052632
71 23 0.052632
74 23 0.052632
75 23 0.052632
82 23 0.052632
95 23 0.052632
96 23 0.052632
106 23 0.052632
111 23 0.052632
17 108 0.083333
20 108 0.083333
30 108 0.083333
33 108 0.083333
36 108 0.083333
65 108 0.083333
69 108 0.083333
72 108 0.083333
78 108 0.083333
87 108 0.083333
96 108 0.083333
98 108 0.083333
19 96 0.071429
20 96 0.071429
21 96 0.071429
23 96 0.071429
54 96 0.071429
55 96 0.071429
61 96 0.071429
66 96 0.071429
68 96 0.071429
79 96 0.071429
95 96 0.071429
103 96 0.071429
108 96 0.071429
110 96 0.071429
21 54 0.047619
22 54 0.047619
32 54 0.047619
39 54 0.047619
42 54 0.047619
44 54 0.047619
45 54 0.047619
49 54 0.047619
57 54 0.047619
59 54 0.047619
61 54 0.047619
79 54 0.047619
82 54 0.047619
83 54 0.047619
88 54 0.047619
96 54 0.047619
104 54 0.047619
105 54 0.047619
106 54 0.047619
109 54 0.047619
110 54 0.047619
27 65 0.076923
28 65 0.076923
32 65 0.076923
53 65 0.076923
67 65 0.076923
69 65 0.076923
71 65 0.076923
74 65 0.076923
77 65 0.076923
84 65 0.076923
87 65 0.076923
93 65 0.076923
108 65 0.076923
28 107 0.071429
30 107 0.071429
33 107 0.071429
58 107 0.071429
59 107 0.071429
67 107 0.071429
73 107 0.071429
80 107 0.071429
81 107 0.071429
82 107 0.071429
88 107 0.071429
91 107 0.071429
103 107 0.071429
111 107 0.071429
29 91 0.0625
31 91 0.0625
35 91 0.0625
36 91 0.0625
51 91 0.0625
66 91 0.0625
67 91 0.0625
68 91 0.0625
73 91 0.0625
74 91 0.0625
75 91 0.0625
80 91 0.0625
87 91 0.0625
89 91 0.0625
107 91 0.0625
110 91 0.0625
31 42 0.083333
32 42 0.083333
40 42 0.083333
44 42 0.083333
54 42 0.083333
64 42 0.083333
73 42 0.083333
78 42 0.083333
82 42 0.083333
97 42 0.083333
101 42 0.083333
104 42 0.083333
1 0 0.066667
4 0 0.066667
10 0 0.066667
28 0 0.066667
32 0 0.066667
53 0 0.066667
68 0 0.066667
70 0 0.066667
71 0 0.066667
77 0 0.066667
86 0 0.066667
94 0 0.066667
95 0 0.066667
98 0 0.066667
102 0 0.066667
10 2 0.066667
14 2 0.066667
16 2 0.066667
24 2 0.066667
40 2 0.066667
53 2 0.066667
59 2 0.066667
66 2 0.066667
67 2 0.066667
73 2 0.066667
78 2 0.066667
87 2 0.066667
92 2 0.066667
103 2 0.066667
110 2 0.066667
4 3 0.052632
5 3 0.052632
6 3 0.052632
13 3 0.052632
14 3 0.052632
15 3 0.052632
22 3 0.052632
33 3 0.052632
36 3 0.052632
45 3 0.052632
59 3 0.052632
60 3 0.052632
77 3 0.052632
80 3 0.052632
82 3 0.052632
86 3 0.052632
89 3 0.052632
102 3 0.052632
111 3 0.052632
20 7 0.083333
24 7 0.083333
35 7 0.083333
36 7 0.083333
37 7 0.083333
52 7 0.083333
74 7 0.083333
92 7 0.083333
95 7 0.083333
99 7 0.083333
101 7 0.083333
109 7 0.083333
19 12 0.1
30 12 0.1
39 12 0.1
46 12 0.1
47 12 0.1
90 12 0.1
92 12 0.1
99 12 0.1
101 12 0.1
103 12 0.1
23 17 0.083333
27 17 0.083333
39 17 0.083333
44 17 0.083333
50 17 0.083333
59 17 0.083333
71 17 0.083333
72 17 0.083333
81 17 0.083333
87 17 0.083333
102 17 0.083333
108 17 0.083333
