0 1 0.125
2 1 0.125
3 1 0.125
419 1 0.125
418 1 0.125
5 1 0.125
417 1 0.125
320 1 0.125
0 419 0.125
1 419 0.125
2 419 0.125
3 419 0.125
415 419 0.125
416 419 0.125
417 419 0.125
418 419 0.125
0 2 0.125
1 2 0.125
3 2 0.125
4 2 0.125
5 2 0.125
419 2 0.125
6 2 0.125
418 2 0.125
0 418 0.166667
1 418 0.166667
2 418 0.166667
415 418 0.166667
416 418 0.166667
419 418 0.166667
0 417 0.142857
1 417 0.142857
23 417 0.142857
413 417 0.142857
414 417 0.142857
415 417 0.142857
419 417 0.142857
0 287 0.111111
283 287 0.111111
284 287 0.111111
285 287 0.111111
286 287 0.111111
289 287 0.111111
290 287 0.111111
291 287 0.111111
412 287 0.111111
0 228 0.125
225 228 0.125
226 228 0.125
229 228 0.125
230 228 0.125
231 228 0.125
232 228 0.125
349 228 0.125
1 3 0.142857
2 3 0.142857
4 3 0.142857
5 3 0.142857
6 3 0.142857
7 3 0.142857
419 3 0.142857
1 5 0.125
2 5 0.125
3 5 0.125
4 5 0.125
6 5 0.125
7 5 0.125
8 5 0.125
9 5 0.125
1 320 0.111111
22 320 0.111111
316 320 0.111111
317 320 0.111111
318 320 0.111111
319 320 0.111111
321 320 0.111111
322 320 0.111111
324 320 0.111111
2 4 0.125
3 4 0.125
5 4 0.125
6 4 0.125
7 4 0.125
8 4 0.125
396 4 0.125
68 4 0.125
2 6 0.125
3 6 0.125
4 6 0.125
5 6 0.125
7 6 0.125
8 6 0.125
9 6 0.125
10 6 0.125
3 7 0.125
4 7 0.125
5 7 0.125
6 7 0.125
8 7 0.125
9 7 0.125
10 7 0.125
11 7 0.125
4 8 0.125
5 8 0.125
6 8 0.125
7 8 0.125
9 8 0.125
10 8 0.125
12 8 0.125
187 8 0.125
4 396 0.125
121 396 0.125
264 396 0.125
392 396 0.125
393 396 0.125
395 396 0.125
397 396 0.125
399 396 0.125
4 68 0.125
44 68 0.125
64 68 0.125
65 68 0.125
67 68 0.125
69 68 0.125
70 68 0.125
72 68 0.125
5 9 0.125
6 9 0.125
7 9 0.125
8 9 0.125
10 9 0.125
12 9 0.125
13 9 0.125
414 9 0.125
6 10 0.125
7 10 0.125
8 10 0.125
9 10 0.125
11 10 0.125
12 10 0.125
13 10 0.125
45 10 0.125
7 11 0.125
10 11 0.125
12 11 0.125
13 11 0.125
14 11 0.125
338 11 0.125
241 11 0.125
111 11 0.125
8 12 0.125
9 12 0.125
10 12 0.125
11 12 0.125
13 12 0.125
14 12 0.125
15 12 0.125
16 12 0.125
8 187 0.125
107 187 0.125
183 187 0.125
184 187 0.125
185 187 0.125
188 187 0.125
190 187 0.125
264 187 0.125
9 13 0.125
10 13 0.125
11 13 0.125
12 13 0.125
14 13 0.125
15 13 0.125
16 13 0.125
17 13 0.125
9 414 0.111111
76 414 0.111111
410 414 0.111111
411 414 0.111111
412 414 0.111111
413 414 0.111111
415 414 0.111111
416 414 0.111111
417 414 0.111111
10 45 0.111111
41 45 0.111111
42 45 0.111111
43 45 0.111111
44 45 0.111111
46 45 0.111111
47 45 0.111111
48 45 0.111111
49 45 0.111111
11 14 0.142857
12 14 0.142857
13 14 0.142857
15 14 0.142857
16 14 0.142857
17 14 0.142857
18 14 0.142857
11 338 0.142857
335 338 0.142857
336 338 0.142857
337 338 0.142857
340 338 0.142857
342 338 0.142857
358 338 0.142857
11 241 0.111111
237 241 0.111111
238 241 0.111111
239 241 0.111111
240 241 0.111111
242 241 0.111111
243 241 0.111111
244 241 0.111111
245 241 0.111111
11 111 0.125
107 111 0.125
108 111 0.125
109 111 0.125
110 111 0.125
112 111 0.125
113 111 0.125
114 111 0.125
12 15 0.142857
13 15 0.142857
14 15 0.142857
16 15 0.142857
17 15 0.142857
18 15 0.142857
19 15 0.142857
12 16 0.111111
13 16 0.111111
14 16 0.111111
15 16 0.111111
17 16 0.111111
18 16 0.111111
20 16 0.111111
110 16 0.111111
176 16 0.111111
13 17 0.125
14 17 0.125
15 17 0.125
16 17 0.125
18 17 0.125
19 17 0.125
20 17 0.125
144 17 0.125
14 18 0.111111
15 18 0.111111
16 18 0.111111
17 18 0.111111
19 18 0.111111
20 18 0.111111
21 18 0.111111
380 18 0.111111
267 18 0.111111
15 19 0.142857
17 19 0.142857
18 19 0.142857
20 19 0.142857
21 19 0.142857
22 19 0.142857
23 19 0.142857
16 20 0.111111
17 20 0.111111
18 20 0.111111
19 20 0.111111
21 20 0.111111
22 20 0.111111
23 20 0.111111
24 20 0.111111
258 20 0.111111
16 110 0.125
33 110 0.125
82 110 0.125
106 110 0.125
107 110 0.125
111 110 0.125
112 110 0.125
114 110 0.125
16 176 0.125
172 176 0.125
173 176 0.125
174 176 0.125
175 176 0.125
177 176 0.125
178 176 0.125
179 176 0.125
17 144 0.111111
136 144 0.111111
140 144 0.111111
141 144 0.111111
142 144 0.111111
145 144 0.111111
146 144 0.111111
148 144 0.111111
248 144 0.111111
18 21 0.142857
19 21 0.142857
20 21 0.142857
24 21 0.142857
25 21 0.142857
393 21 0.142857
215 21 0.142857
18 380 0.111111
42 380 0.111111
376 380 0.111111
377 380 0.111111
378 380 0.111111
379 380 0.111111
381 380 0.111111
383 380 0.111111
384 380 0.111111
18 267 0.1
213 267 0.1
263 267 0.1
264 267 0.1
265 267 0.1
266 267 0.1
268 267 0.1
270 267 0.1
271 267 0.1
349 267 0.1
19 22 0.125
20 22 0.125
23 22 0.125
24 22 0.125
26 22 0.125
240 22 0.125
61 22 0.125
320 22 0.125
19 23 0.125
20 23 0.125
22 23 0.125
24 23 0.125
25 23 0.125
26 23 0.125
27 23 0.125
417 23 0.125
20 24 0.125
21 24 0.125
22 24 0.125
23 24 0.125
25 24 0.125
26 24 0.125
27 24 0.125
28 24 0.125
20 258 0.166667
256 258 0.166667
257 258 0.166667
259 258 0.166667
260 258 0.166667
262 258 0.166667
21 25 0.142857
23 25 0.142857
24 25 0.142857
26 25 0.142857
27 25 0.142857
28 25 0.142857
29 25 0.142857
21 393 0.111111
389 393 0.111111
390 393 0.111111
391 393 0.111111
392 393 0.111111
394 393 0.111111
395 393 0.111111
396 393 0.111111
397 393 0.111111
21 215 0.125
211 215 0.125
212 215 0.125
214 215 0.125
216 215 0.125
217 215 0.125
218 215 0.125
219 215 0.125
22 26 0.111111
23 26 0.111111
24 26 0.111111
25 26 0.111111
28 26 0.111111
29 26 0.111111
30 26 0.111111
229 26 0.111111
66 26 0.111111
22 240 0.125
236 240 0.125
237 240 0.125
238 240 0.125
239 240 0.125
241 240 0.125
243 240 0.125
244 240 0.125
22 61 0.1
57 61 0.1
58 61 0.1
59 61 0.1
60 61 0.1
62 61 0.1
63 61 0.1
64 61 0.1
65 61 0.1
305 61 0.1
23 27 0.142857
24 27 0.142857
25 27 0.142857
28 27 0.142857
30 27 0.142857
31 27 0.142857
352 27 0.142857
24 28 0.125
25 28 0.125
26 28 0.125
27 28 0.125
29 28 0.125
30 28 0.125
31 28 0.125
32 28 0.125
25 29 0.142857
26 29 0.142857
28 29 0.142857
30 29 0.142857
31 29 0.142857
32 29 0.142857
33 29 0.142857
26 30 0.125
27 30 0.125
28 30 0.125
29 30 0.125
32 30 0.125
33 30 0.125
34 30 0.125
402 30 0.125
26 229 0.111111
225 229 0.111111
226 229 0.111111
227 229 0.111111
228 229 0.111111
230 229 0.111111
231 229 0.111111
232 229 0.111111
233 229 0.111111
26 66 0.125
62 66 0.125
63 66 0.125
64 66 0.125
65 66 0.125
67 66 0.125
69 66 0.125
70 66 0.125
27 31 0.142857
28 31 0.142857
29 31 0.142857
32 31 0.142857
34 31 0.142857
35 31 0.142857
237 31 0.142857
27 352 0.125
271 352 0.125
348 352 0.125
350 352 0.125
351 352 0.125
354 352 0.125
355 352 0.125
356 352 0.125
28 32 0.125
29 32 0.125
30 32 0.125
31 32 0.125
33 32 0.125
34 32 0.125
35 32 0.125
36 32 0.125
29 33 0.125
30 33 0.125
32 33 0.125
34 33 0.125
35 33 0.125
36 33 0.125
37 33 0.125
110 33 0.125
30 34 0.111111
31 34 0.111111
32 34 0.111111
33 34 0.111111
35 34 0.111111
36 34 0.111111
37 34 0.111111
38 34 0.111111
120 34 0.111111
30 402 0.1
224 402 0.1
398 402 0.1
399 402 0.1
400 402 0.1
401 402 0.1
403 402 0.1
404 402 0.1
405 402 0.1
406 402 0.1
31 35 0.125
32 35 0.125
33 35 0.125
34 35 0.125
37 35 0.125
38 35 0.125
39 35 0.125
92 35 0.125
31 237 0.111111
233 237 0.111111
234 237 0.111111
235 237 0.111111
236 237 0.111111
238 237 0.111111
239 237 0.111111
240 237 0.111111
241 237 0.111111
32 36 0.142857
33 36 0.142857
34 36 0.142857
37 36 0.142857
38 36 0.142857
39 36 0.142857
40 36 0.142857
33 37 0.125
34 37 0.125
35 37 0.125
36 37 0.125
38 37 0.125
39 37 0.125
40 37 0.125
41 37 0.125
34 38 0.090909
35 38 0.090909
36 38 0.090909
37 38 0.090909
39 38 0.090909
40 38 0.090909
41 38 0.090909
42 38 0.090909
224 38 0.090909
149 38 0.090909
334 38 0.090909
34 120 0.111111
116 120 0.111111
117 120 0.111111
118 120 0.111111
119 120 0.111111
122 120 0.111111
123 120 0.111111
124 120 0.111111
227 120 0.111111
35 39 0.125
36 39 0.125
37 39 0.125
38 39 0.125
40 39 0.125
41 39 0.125
42 39 0.125
43 39 0.125
35 92 0.111111
88 92 0.111111
89 92 0.111111
90 92 0.111111
91 92 0.111111
93 92 0.111111
95 92 0.111111
96 92 0.111111
201 92 0.111111
36 40 0.125
37 40 0.125
38 40 0.125
39 40 0.125
41 40 0.125
42 40 0.125
43 40 0.125
44 40 0.125
37 41 0.125
38 41 0.125
39 41 0.125
40 41 0.125
42 41 0.125
43 41 0.125
44 41 0.125
45 41 0.125
38 42 0.125
39 42 0.125
40 42 0.125
41 42 0.125
44 42 0.125
45 42 0.125
46 42 0.125
380 42 0.125
38 224 0.166667
99 224 0.166667
220 224 0.166667
222 224 0.166667
225 224 0.166667
402 224 0.166667
38 149 0.125
89 149 0.125
145 149 0.125
146 149 0.125
147 149 0.125
150 149 0.125
151 149 0.125
335 149 0.125
38 334 0.125
198 334 0.125
330 334 0.125
331 334 0.125
332 334 0.125
333 334 0.125
335 334 0.125
337 334 0.125
39 43 0.142857
40 43 0.142857
41 43 0.142857
44 43 0.142857
45 43 0.142857
46 43 0.142857
47 43 0.142857
40 44 0.125
41 44 0.125
42 44 0.125
43 44 0.125
45 44 0.125
46 44 0.125
47 44 0.125
68 44 0.125
42 46 0.111111
43 46 0.111111
44 46 0.111111
45 46 0.111111
47 46 0.111111
49 46 0.111111
50 46 0.111111
363 46 0.111111
62 46 0.111111
43 47 0.125
44 47 0.125
45 47 0.125
46 47 0.125
48 47 0.125
50 47 0.125
51 47 0.125
108 47 0.125
45 48 0.142857
47 48 0.142857
49 48 0.142857
50 48 0.142857
51 48 0.142857
52 48 0.142857
382 48 0.142857
45 49 0.142857
46 49 0.142857
48 49 0.142857
51 49 0.142857
52 49 0.142857
53 49 0.142857
154 49 0.142857
46 50 0.142857
47 50 0.142857
48 50 0.142857
51 50 0.142857
53 50 0.142857
54 50 0.142857
408 50 0.142857
46 363 0.1
335 363 0.1
359 363 0.1
360 363 0.1
361 363 0.1
362 363 0.1
364 363 0.1
365 363 0.1
367 363 0.1
369 363 0.1
46 62 0.125
58 62 0.125
59 62 0.125
60 62 0.125
61 62 0.125
63 62 0.125
65 62 0.125
66 62 0.125
47 51 0.125
48 51 0.125
49 51 0.125
50 51 0.125
52 51 0.125
54 51 0.125
55 51 0.125
108 51 0.125
47 108 0.1
51 108 0.1
104 108 0.1
105 108 0.1
106 108 0.1
107 108 0.1
109 108 0.1
111 108 0.1
112 108 0.1
217 108 0.1
48 52 0.142857
49 52 0.142857
51 52 0.142857
54 52 0.142857
55 52 0.142857
56 52 0.142857
322 52 0.142857
48 382 0.125
148 382 0.125
378 382 0.125
379 382 0.125
383 382 0.125
384 382 0.125
385 382 0.125
404 382 0.125
49 53 0.166667
50 53 0.166667
55 53 0.166667
56 53 0.166667
57 53 0.166667
220 53 0.166667
49 154 0.125
150 154 0.125
151 154 0.125
153 154 0.125
155 154 0.125
156 154 0.125
157 154 0.125
158 154 0.125
50 54 0.142857
51 54 0.142857
52 54 0.142857
55 54 0.142857
56 54 0.142857
57 54 0.142857
58 54 0.142857
50 408 0.142857
405 408 0.142857
406 408 0.142857
409 408 0.142857
410 408 0.142857
411 408 0.142857
412 408 0.142857
51 55 0.125
52 55 0.125
53 55 0.125
54 55 0.125
56 55 0.125
57 55 0.125
58 55 0.125
59 55 0.125
52 56 0.111111
53 56 0.111111
54 56 0.111111
55 56 0.111111
57 56 0.111111
58 56 0.111111
59 56 0.111111
60 56 0.111111
88 56 0.111111
52 322 0.111111
318 322 0.111111
319 322 0.111111
320 322 0.111111
321 322 0.111111
323 322 0.111111
324 322 0.111111
325 322 0.111111
326 322 0.111111
53 57 0.125
54 57 0.125
55 57 0.125
56 57 0.125
58 57 0.125
59 57 0.125
60 57 0.125
61 57 0.125
53 220 0.125
216 220 0.125
218 220 0.125
219 220 0.125
221 220 0.125
222 220 0.125
223 220 0.125
224 220 0.125
54 58 0.111111
55 58 0.111111
56 58 0.111111
57 58 0.111111
59 58 0.111111
60 58 0.111111
61 58 0.111111
62 58 0.111111
210 58 0.111111
55 59 0.125
56 59 0.125
57 59 0.125
58 59 0.125
60 59 0.125
61 59 0.125
62 59 0.125
63 59 0.125
56 60 0.111111
57 60 0.111111
58 60 0.111111
59 60 0.111111
61 60 0.111111
62 60 0.111111
63 60 0.111111
296 60 0.111111
316 60 0.111111
56 88 0.111111
84 88 0.111111
85 88 0.111111
86 88 0.111111
87 88 0.111111
90 88 0.111111
91 88 0.111111
92 88 0.111111
96 88 0.111111
58 210 0.142857
206 210 0.142857
207 210 0.142857
208 210 0.142857
212 210 0.142857
213 210 0.142857
214 210 0.142857
59 63 0.125
60 63 0.125
61 63 0.125
62 63 0.125
64 63 0.125
65 63 0.125
66 63 0.125
179 63 0.125
60 296 0.125
292 296 0.125
293 296 0.125
294 296 0.125
295 296 0.125
297 296 0.125
298 296 0.125
300 296 0.125
60 316 0.1
293 316 0.1
312 316 0.1
313 316 0.1
314 316 0.1
315 316 0.1
317 316 0.1
318 316 0.1
319 316 0.1
320 316 0.1
61 64 0.166667
63 64 0.166667
65 64 0.166667
66 64 0.166667
67 64 0.166667
68 64 0.166667
61 65 0.125
62 65 0.125
63 65 0.125
64 65 0.125
66 65 0.125
67 65 0.125
68 65 0.125
69 65 0.125
61 305 0.125
301 305 0.125
302 305 0.125
303 305 0.125
304 305 0.125
306 305 0.125
307 305 0.125
309 305 0.125
63 179 0.090909
100 179 0.090909
175 179 0.090909
176 179 0.090909
177 179 0.090909
178 179 0.090909
180 179 0.090909
181 179 0.090909
182 179 0.090909
183 179 0.090909
209 179 0.090909
64 67 0.142857
65 67 0.142857
66 67 0.142857
68 67 0.142857
70 67 0.142857
71 67 0.142857
331 67 0.142857
65 69 0.125
66 69 0.125
68 69 0.125
70 69 0.125
71 69 0.125
72 69 0.125
73 69 0.125
299 69 0.125
66 70 0.125
67 70 0.125
68 70 0.125
69 70 0.125
71 70 0.125
72 70 0.125
73 70 0.125
74 70 0.125
67 71 0.111111
69 71 0.111111
70 71 0.111111
72 71 0.111111
73 71 0.111111
74 71 0.111111
416 71 0.111111
194 71 0.111111
188 71 0.111111
67 331 0.111111
327 331 0.111111
328 331 0.111111
329 331 0.111111
330 331 0.111111
332 331 0.111111
333 331 0.111111
334 331 0.111111
335 331 0.111111
68 72 0.125
69 72 0.125
70 72 0.125
71 72 0.125
73 72 0.125
74 72 0.125
75 72 0.125
76 72 0.125
69 73 0.125
70 73 0.125
71 73 0.125
72 73 0.125
74 73 0.125
75 73 0.125
76 73 0.125
87 73 0.125
69 299 0.142857
212 299 0.142857
295 299 0.142857
297 299 0.142857
298 299 0.142857
300 299 0.142857
302 299 0.142857
70 74 0.125
71 74 0.125
72 74 0.125
73 74 0.125
75 74 0.125
76 74 0.125
77 74 0.125
78 74 0.125
71 416 0.111111
197 416 0.111111
221 416 0.111111
412 416 0.111111
413 416 0.111111
414 416 0.111111
415 416 0.111111
418 416 0.111111
419 416 0.111111
71 194 0.125
184 194 0.125
190 194 0.125
191 194 0.125
192 194 0.125
193 194 0.125
198 194 0.125
370 194 0.125
71 188 0.125
184 188 0.125
186 188 0.125
187 188 0.125
189 188 0.125
190 188 0.125
191 188 0.125
192 188 0.125
72 75 0.142857
73 75 0.142857
74 75 0.142857
76 75 0.142857
77 75 0.142857
78 75 0.142857
79 75 0.142857
72 76 0.111111
73 76 0.111111
74 76 0.111111
75 76 0.111111
77 76 0.111111
78 76 0.111111
79 76 0.111111
80 76 0.111111
414 76 0.111111
73 87 0.125
83 87 0.125
84 87 0.125
85 87 0.125
88 87 0.125
89 87 0.125
90 87 0.125
91 87 0.125
74 77 0.142857
75 77 0.142857
76 77 0.142857
78 77 0.142857
79 77 0.142857
80 77 0.142857
151 77 0.142857
74 78 0.125
75 78 0.125
76 78 0.125
77 78 0.125
79 78 0.125
80 78 0.125
81 78 0.125
82 78 0.125
75 79 0.111111
76 79 0.111111
77 79 0.111111
78 79 0.111111
80 79 0.111111
82 79 0.111111
83 79 0.111111
370 79 0.111111
349 79 0.111111
76 80 0.125
77 80 0.125
78 80 0.125
79 80 0.125
81 80 0.125
82 80 0.125
83 80 0.125
84 80 0.125
77 151 0.1
130 151 0.1
147 151 0.1
148 151 0.1
149 151 0.1
150 151 0.1
152 151 0.1
153 151 0.1
154 151 0.1
155 151 0.1
78 81 0.166667
80 81 0.166667
82 81 0.166667
84 81 0.166667
85 81 0.166667
113 81 0.166667
78 82 0.125
79 82 0.125
80 82 0.125
81 82 0.125
84 82 0.125
85 82 0.125
86 82 0.125
110 82 0.125
79 83 0.166667
80 83 0.166667
84 83 0.166667
85 83 0.166667
86 83 0.166667
87 83 0.166667
79 370 0.111111
194 370 0.111111
366 370 0.111111
367 370 0.111111
368 370 0.111111
369 370 0.111111
372 370 0.111111
373 370 0.111111
374 370 0.111111
79 349 0.111111
228 349 0.111111
249 349 0.111111
267 349 0.111111
345 349 0.111111
346 349 0.111111
348 349 0.111111
350 349 0.111111
351 349 0.111111
80 84 0.111111
81 84 0.111111
82 84 0.111111
83 84 0.111111
85 84 0.111111
86 84 0.111111
87 84 0.111111
88 84 0.111111
180 84 0.111111
81 85 0.125
82 85 0.125
83 85 0.125
84 85 0.125
86 85 0.125
87 85 0.125
88 85 0.125
89 85 0.125
81 113 0.125
109 113 0.125
111 113 0.125
112 113 0.125
114 113 0.125
115 113 0.125
116 113 0.125
406 113 0.125
82 86 0.111111
83 86 0.111111
84 86 0.111111
85 86 0.111111
88 86 0.111111
89 86 0.111111
90 86 0.111111
102 86 0.111111
136 86 0.111111
84 180 0.125
177 180 0.125
178 180 0.125
179 180 0.125
181 180 0.125
182 180 0.125
184 180 0.125
358 180 0.125
85 89 0.142857
86 89 0.142857
87 89 0.142857
90 89 0.142857
92 89 0.142857
93 89 0.142857
149 89 0.142857
86 90 0.125
87 90 0.125
88 90 0.125
89 90 0.125
91 90 0.125
92 90 0.125
93 90 0.125
94 90 0.125
86 102 0.125
98 102 0.125
99 102 0.125
101 102 0.125
103 102 0.125
104 102 0.125
105 102 0.125
106 102 0.125
86 136 0.111111
132 136 0.111111
133 136 0.111111
134 136 0.111111
135 136 0.111111
137 136 0.111111
138 136 0.111111
139 136 0.111111
144 136 0.111111
87 91 0.142857
88 91 0.142857
90 91 0.142857
92 91 0.142857
93 91 0.142857
94 91 0.142857
95 91 0.142857
88 96 0.125
92 96 0.125
93 96 0.125
94 96 0.125
95 96 0.125
97 96 0.125
98 96 0.125
100 96 0.125
89 93 0.125
90 93 0.125
91 93 0.125
92 93 0.125
94 93 0.125
95 93 0.125
96 93 0.125
97 93 0.125
90 94 0.142857
91 94 0.142857
93 94 0.142857
96 94 0.142857
97 94 0.142857
98 94 0.142857
412 94 0.142857
91 95 0.125
92 95 0.125
93 95 0.125
96 95 0.125
98 95 0.125
99 95 0.125
207 95 0.125
243 95 0.125
92 201 0.111111
197 201 0.111111
198 201 0.111111
199 201 0.111111
200 201 0.111111
202 201 0.111111
203 201 0.111111
204 201 0.111111
205 201 0.111111
93 97 0.142857
94 97 0.142857
96 97 0.142857
98 97 0.142857
99 97 0.142857
100 97 0.142857
101 97 0.142857
94 98 0.125
95 98 0.125
96 98 0.125
97 98 0.125
99 98 0.125
100 98 0.125
101 98 0.125
102 98 0.125
94 412 0.111111
287 412 0.111111
408 412 0.111111
409 412 0.111111
410 412 0.111111
413 412 0.111111
414 412 0.111111
415 412 0.111111
416 412 0.111111
95 99 0.125
97 99 0.125
98 99 0.125
100 99 0.125
101 99 0.125
102 99 0.125
103 99 0.125
224 99 0.125
95 207 0.111111
203 207 0.111111
205 207 0.111111
206 207 0.111111
208 207 0.111111
209 207 0.111111
210 207 0.111111
211 207 0.111111
290 207 0.111111
95 243 0.125
239 243 0.125
240 243 0.125
241 243 0.125
244 243 0.125
245 243 0.125
246 243 0.125
371 243 0.125
96 100 0.125
97 100 0.125
98 100 0.125
99 100 0.125
101 100 0.125
103 100 0.125
216 100 0.125
179 100 0.125
97 101 0.125
98 101 0.125
99 101 0.125
100 101 0.125
102 101 0.125
103 101 0.125
104 101 0.125
105 101 0.125
99 103 0.111111
100 103 0.111111
101 103 0.111111
102 103 0.111111
104 103 0.111111
105 103 0.111111
106 103 0.111111
107 103 0.111111
411 103 0.111111
100 216 0.125
212 216 0.125
214 216 0.125
215 216 0.125
217 216 0.125
218 216 0.125
219 216 0.125
220 216 0.125
101 104 0.142857
102 104 0.142857
103 104 0.142857
105 104 0.142857
106 104 0.142857
107 104 0.142857
108 104 0.142857
101 105 0.111111
102 105 0.111111
103 105 0.111111
104 105 0.111111
107 105 0.111111
108 105 0.111111
109 105 0.111111
147 105 0.111111
152 105 0.111111
102 106 0.142857
103 106 0.142857
104 106 0.142857
107 106 0.142857
108 106 0.142857
109 106 0.142857
110 106 0.142857
103 107 0.111111
104 107 0.111111
105 107 0.111111
106 107 0.111111
108 107 0.111111
109 107 0.111111
110 107 0.111111
111 107 0.111111
187 107 0.111111
103 411 0.125
407 411 0.125
408 411 0.125
409 411 0.125
410 411 0.125
413 411 0.125
414 411 0.125
415 411 0.125
105 109 0.111111
106 109 0.111111
107 109 0.111111
108 109 0.111111
111 109 0.111111
112 109 0.111111
113 109 0.111111
199 109 0.111111
217 109 0.111111
105 147 0.111111
143 147 0.111111
145 147 0.111111
146 147 0.111111
148 147 0.111111
149 147 0.111111
150 147 0.111111
151 147 0.111111
307 147 0.111111
105 152 0.142857
148 152 0.142857
150 152 0.142857
151 152 0.142857
155 152 0.142857
156 152 0.142857
343 152 0.142857
108 112 0.125
109 112 0.125
110 112 0.125
111 112 0.125
113 112 0.125
114 112 0.125
115 112 0.125
116 112 0.125
108 217 0.111111
109 217 0.111111
213 217 0.111111
214 217 0.111111
215 217 0.111111
216 217 0.111111
218 217 0.111111
219 217 0.111111
221 217 0.111111
109 199 0.1
195 199 0.1
196 199 0.1
197 199 0.1
198 199 0.1
200 199 0.1
201 199 0.1
202 199 0.1
203 199 0.1
360 199 0.1
110 114 0.125
111 114 0.125
112 114 0.125
113 114 0.125
115 114 0.125
116 114 0.125
117 114 0.125
118 114 0.125
112 115 0.142857
113 115 0.142857
114 115 0.142857
117 115 0.142857
118 115 0.142857
119 115 0.142857
238 115 0.142857
112 116 0.125
113 116 0.125
114 116 0.125
117 116 0.125
119 116 0.125
120 116 0.125
300 116 0.125
266 116 0.125
113 406 0.111111
265 406 0.111111
402 406 0.111111
403 406 0.111111
404 406 0.111111
407 406 0.111111
408 406 0.111111
409 406 0.111111
410 406 0.111111
114 117 0.125
115 117 0.125
116 117 0.125
118 117 0.125
119 117 0.125
120 117 0.125
121 117 0.125
381 117 0.125
114 118 0.142857
115 118 0.142857
117 118 0.142857
119 118 0.142857
120 118 0.142857
121 118 0.142857
122 118 0.142857
115 119 0.111111
116 119 0.111111
117 119 0.111111
118 119 0.111111
120 119 0.111111
121 119 0.111111
122 119 0.111111
123 119 0.111111
282 119 0.111111
115 238 0.111111
234 238 0.111111
235 238 0.111111
236 238 0.111111
237 238 0.111111
239 238 0.111111
240 238 0.111111
241 238 0.111111
242 238 0.111111
116 300 0.111111
296 300 0.111111
297 300 0.111111
298 300 0.111111
299 300 0.111111
301 300 0.111111
302 300 0.111111
303 300 0.111111
304 300 0.111111
116 266 0.125
262 266 0.125
263 266 0.125
264 266 0.125
265 266 0.125
267 266 0.125
268 266 0.125
269 266 0.125
117 121 0.125
118 121 0.125
119 121 0.125
122 121 0.125
123 121 0.125
124 121 0.125
125 121 0.125
396 121 0.125
117 381 0.125
377 381 0.125
378 381 0.125
379 381 0.125
380 381 0.125
383 381 0.125
384 381 0.125
385 381 0.125
118 122 0.125
119 122 0.125
120 122 0.125
121 122 0.125
123 122 0.125
124 122 0.125
125 122 0.125
126 122 0.125
119 123 0.125
120 123 0.125
121 123 0.125
122 123 0.125
124 123 0.125
125 123 0.125
126 123 0.125
127 123 0.125
119 282 0.125
268 282 0.125
278 282 0.125
279 282 0.125
280 282 0.125
281 282 0.125
284 282 0.125
285 282 0.125
120 124 0.125
121 124 0.125
122 124 0.125
123 124 0.125
125 124 0.125
126 124 0.125
128 124 0.125
213 124 0.125
120 227 0.142857
223 227 0.142857
225 227 0.142857
226 227 0.142857
229 227 0.142857
230 227 0.142857
231 227 0.142857
121 125 0.125
122 125 0.125
123 125 0.125
124 125 0.125
126 125 0.125
127 125 0.125
128 125 0.125
129 125 0.125
122 126 0.125
123 126 0.125
124 126 0.125
125 126 0.125
127 126 0.125
128 126 0.125
130 126 0.125
143 126 0.125
123 127 0.142857
125 127 0.142857
126 127 0.142857
128 127 0.142857
129 127 0.142857
130 127 0.142857
131 127 0.142857
124 128 0.125
125 128 0.125
126 128 0.125
127 128 0.125
129 128 0.125
130 128 0.125
131 128 0.125
132 128 0.125
124 213 0.111111
209 213 0.111111
210 213 0.111111
211 213 0.111111
212 213 0.111111
214 213 0.111111
217 213 0.111111
379 213 0.111111
267 213 0.111111
125 129 0.142857
127 129 0.142857
128 129 0.142857
130 129 0.142857
131 129 0.142857
132 129 0.142857
133 129 0.142857
126 130 0.111111
127 130 0.111111
128 130 0.111111
129 130 0.111111
131 130 0.111111
133 130 0.111111
151 130 0.111111
252 130 0.111111
366 130 0.111111
126 143 0.111111
139 143 0.111111
140 143 0.111111
141 143 0.111111
142 143 0.111111
145 143 0.111111
146 143 0.111111
147 143 0.111111
413 143 0.111111
127 131 0.111111
128 131 0.111111
129 131 0.111111
130 131 0.111111
132 131 0.111111
133 131 0.111111
134 131 0.111111
135 131 0.111111
314 131 0.111111
128 132 0.142857
129 132 0.142857
131 132 0.142857
133 132 0.142857
134 132 0.142857
135 132 0.142857
136 132 0.142857
129 133 0.111111
130 133 0.111111
131 133 0.111111
132 133 0.111111
134 133 0.111111
135 133 0.111111
136 133 0.111111
337 133 0.111111
248 133 0.111111
130 252 0.142857
249 252 0.142857
250 252 0.142857
251 252 0.142857
253 252 0.142857
254 252 0.142857
256 252 0.142857
130 366 0.111111
254 366 0.111111
362 366 0.111111
364 366 0.111111
365 366 0.111111
367 366 0.111111
368 366 0.111111
369 366 0.111111
370 366 0.111111
131 134 0.125
132 134 0.125
133 134 0.125
135 134 0.125
136 134 0.125
137 134 0.125
138 134 0.125
285 134 0.125
131 135 0.125
132 135 0.125
133 135 0.125
134 135 0.125
136 135 0.125
137 135 0.125
138 135 0.125
139 135 0.125
131 314 0.125
310 314 0.125
311 314 0.125
312 314 0.125
313 314 0.125
315 314 0.125
316 314 0.125
318 314 0.125
133 337 0.111111
333 337 0.111111
334 337 0.111111
335 337 0.111111
336 337 0.111111
338 337 0.111111
339 337 0.111111
341 337 0.111111
391 337 0.111111
133 248 0.1
144 248 0.1
244 248 0.1
245 248 0.1
246 248 0.1
247 248 0.1
249 248 0.1
251 248 0.1
303 248 0.1
269 248 0.1
134 137 0.125
135 137 0.125
136 137 0.125
138 137 0.125
139 137 0.125
140 137 0.125
141 137 0.125
383 137 0.125
134 138 0.111111
135 138 0.111111
136 138 0.111111
137 138 0.111111
139 138 0.111111
142 138 0.111111
357 138 0.111111
235 138 0.111111
309 138 0.111111
134 285 0.125
281 285 0.125
282 285 0.125
283 285 0.125
284 285 0.125
287 285 0.125
288 285 0.125
289 285 0.125
135 139 0.125
136 139 0.125
137 139 0.125
138 139 0.125
141 139 0.125
142 139 0.125
143 139 0.125
200 139 0.125
137 140 0.2
142 140 0.2
143 140 0.2
144 140 0.2
196 140 0.2
137 141 0.166667
139 141 0.166667
142 141 0.166667
143 141 0.166667
144 141 0.166667
145 141 0.166667
137 383 0.125
379 383 0.125
380 383 0.125
381 383 0.125
382 383 0.125
384 383 0.125
386 383 0.125
387 383 0.125
138 142 0.125
139 142 0.125
140 142 0.125
141 142 0.125
143 142 0.125
144 142 0.125
145 142 0.125
146 142 0.125
138 357 0.111111
202 357 0.111111
353 357 0.111111
354 357 0.111111
355 357 0.111111
356 357 0.111111
359 357 0.111111
360 357 0.111111
361 357 0.111111
138 235 0.111111
231 235 0.111111
232 235 0.111111
233 235 0.111111
234 235 0.111111
236 235 0.111111
237 235 0.111111
238 235 0.111111
239 235 0.111111
138 309 0.111111
305 309 0.111111
306 309 0.111111
307 309 0.111111
308 309 0.111111
310 309 0.111111
311 309 0.111111
312 309 0.111111
313 309 0.111111
139 200 0.125
196 200 0.125
198 200 0.125
199 200 0.125
201 200 0.125
202 200 0.125
203 200 0.125
204 200 0.125
140 196 0.125
192 196 0.125
193 196 0.125
195 196 0.125
197 196 0.125
198 196 0.125
199 196 0.125
200 196 0.125
141 145 0.125
142 145 0.125
143 145 0.125
144 145 0.125
146 145 0.125
147 145 0.125
148 145 0.125
149 145 0.125
142 146 0.125
143 146 0.125
144 146 0.125
145 146 0.125
147 146 0.125
148 146 0.125
149 146 0.125
234 146 0.125
143 413 0.1
407 413 0.1
409 413 0.1
410 413 0.1
411 413 0.1
412 413 0.1
414 413 0.1
415 413 0.1
416 413 0.1
417 413 0.1
144 148 0.125
145 148 0.125
146 148 0.125
147 148 0.125
150 148 0.125
151 148 0.125
152 148 0.125
382 148 0.125
146 234 0.111111
185 234 0.111111
230 234 0.111111
231 234 0.111111
232 234 0.111111
235 234 0.111111
236 234 0.111111
237 234 0.111111
238 234 0.111111
147 150 0.142857
148 150 0.142857
149 150 0.142857
151 150 0.142857
152 150 0.142857
153 150 0.142857
154 150 0.142857
147 307 0.142857
303 307 0.142857
305 307 0.142857
306 307 0.142857
309 307 0.142857
310 307 0.142857
311 307 0.142857
149 335 0.1
331 335 0.1
332 335 0.1
333 335 0.1
334 335 0.1
336 335 0.1
337 335 0.1
338 335 0.1
339 335 0.1
363 335 0.1
150 153 0.166667
151 153 0.166667
154 153 0.166667
155 153 0.166667
156 153 0.166667
157 153 0.166667
151 155 0.111111
152 155 0.111111
153 155 0.111111
154 155 0.111111
156 155 0.111111
157 155 0.111111
158 155 0.111111
159 155 0.111111
242 155 0.111111
152 156 0.125
153 156 0.125
154 156 0.125
155 156 0.125
157 156 0.125
158 156 0.125
159 156 0.125
160 156 0.125
152 343 0.111111
339 343 0.111111
340 343 0.111111
341 343 0.111111
342 343 0.111111
344 343 0.111111
345 343 0.111111
346 343 0.111111
347 343 0.111111
153 157 0.125
154 157 0.125
155 157 0.125
156 157 0.125
158 157 0.125
160 157 0.125
161 157 0.125
279 157 0.125
154 158 0.111111
155 158 0.111111
156 158 0.111111
157 158 0.111111
159 158 0.111111
160 158 0.111111
161 158 0.111111
162 158 0.111111
255 158 0.111111
155 159 0.142857
156 159 0.142857
158 159 0.142857
160 159 0.142857
161 159 0.142857
162 159 0.142857
163 159 0.142857
155 242 0.142857
191 242 0.142857
238 242 0.142857
239 242 0.142857
241 242 0.142857
244 242 0.142857
245 242 0.142857
156 160 0.125
157 160 0.125
158 160 0.125
159 160 0.125
161 160 0.125
162 160 0.125
163 160 0.125
164 160 0.125
157 161 0.125
158 161 0.125
159 161 0.125
160 161 0.125
162 161 0.125
163 161 0.125
164 161 0.125
165 161 0.125
157 279 0.090909
244 279 0.090909
275 279 0.090909
276 279 0.090909
277 279 0.090909
278 279 0.090909
280 279 0.090909
281 279 0.090909
282 279 0.090909
283 279 0.090909
407 279 0.090909
158 162 0.125
159 162 0.125
160 162 0.125
161 162 0.125
163 162 0.125
164 162 0.125
166 162 0.125
244 162 0.125
158 255 0.142857
251 255 0.142857
253 255 0.142857
254 255 0.142857
256 255 0.142857
257 255 0.142857
259 255 0.142857
159 163 0.125
160 163 0.125
161 163 0.125
162 163 0.125
164 163 0.125
165 163 0.125
166 163 0.125
336 163 0.125
160 164 0.125
161 164 0.125
162 164 0.125
163 164 0.125
165 164 0.125
166 164 0.125
167 164 0.125
168 164 0.125
161 165 0.142857
163 165 0.142857
164 165 0.142857
166 165 0.142857
167 165 0.142857
168 165 0.142857
169 165 0.142857
162 166 0.111111
163 166 0.111111
164 166 0.111111
165 166 0.111111
167 166 0.111111
168 166 0.111111
169 166 0.111111
170 166 0.111111
277 166 0.111111
162 244 0.111111
240 244 0.111111
241 244 0.111111
242 244 0.111111
243 244 0.111111
246 244 0.111111
247 244 0.111111
248 244 0.111111
279 244 0.111111
163 336 0.125
332 336 0.125
333 336 0.125
335 336 0.125
337 336 0.125
338 336 0.125
339 336 0.125
340 336 0.125
164 167 0.142857
165 167 0.142857
166 167 0.142857
168 167 0.142857
169 167 0.142857
170 167 0.142857
377 167 0.142857
164 168 0.125
165 168 0.125
166 168 0.125
167 168 0.125
169 168 0.125
170 168 0.125
172 168 0.125
359 168 0.125
165 169 0.125
166 169 0.125
167 169 0.125
168 169 0.125
170 169 0.125
171 169 0.125
172 169 0.125
173 169 0.125
166 170 0.125
167 170 0.125
168 170 0.125
169 170 0.125
172 170 0.125
173 170 0.125
174 170 0.125
346 170 0.125
166 277 0.125
273 277 0.125
274 277 0.125
275 277 0.125
276 277 0.125
278 277 0.125
279 277 0.125
281 277 0.125
167 377 0.111111
373 377 0.111111
374 377 0.111111
375 377 0.111111
376 377 0.111111
378 377 0.111111
379 377 0.111111
380 377 0.111111
381 377 0.111111
168 172 0.111111
169 172 0.111111
170 172 0.111111
171 172 0.111111
173 172 0.111111
174 172 0.111111
175 172 0.111111
176 172 0.111111
395 172 0.111111
168 359 0.111111
355 359 0.111111
356 359 0.111111
357 359 0.111111
360 359 0.111111
361 359 0.111111
362 359 0.111111
363 359 0.111111
368 359 0.111111
169 171 0.2
172 171 0.2
173 171 0.2
174 171 0.2
341 171 0.2
169 173 0.125
170 173 0.125
171 173 0.125
172 173 0.125
174 173 0.125
175 173 0.125
176 173 0.125
177 173 0.125
170 174 0.125
171 174 0.125
172 174 0.125
173 174 0.125
175 174 0.125
176 174 0.125
177 174 0.125
274 174 0.125
170 346 0.1
276 346 0.1
342 346 0.1
343 346 0.1
344 346 0.1
345 346 0.1
347 346 0.1
348 346 0.1
349 346 0.1
350 346 0.1
171 341 0.125
337 341 0.125
339 341 0.125
340 341 0.125
342 341 0.125
343 341 0.125
344 341 0.125
345 341 0.125
172 175 0.142857
173 175 0.142857
174 175 0.142857
176 175 0.142857
177 175 0.142857
178 175 0.142857
179 175 0.142857
172 395 0.125
391 395 0.125
392 395 0.125
393 395 0.125
394 395 0.125
396 395 0.125
397 395 0.125
398 395 0.125
173 177 0.111111
174 177 0.111111
175 177 0.111111
176 177 0.111111
178 177 0.111111
179 177 0.111111
180 177 0.111111
394 177 0.111111
214 177 0.111111
174 274 0.125
271 274 0.125
272 274 0.125
273 274 0.125
275 274 0.125
276 274 0.125
277 274 0.125
327 274 0.125
175 178 0.142857
176 178 0.142857
177 178 0.142857
179 178 0.142857
180 178 0.142857
181 178 0.142857
182 178 0.142857
177 394 0.125
390 394 0.125
391 394 0.125
392 394 0.125
393 394 0.125
395 394 0.125
397 394 0.125
398 394 0.125
177 214 0.111111
210 214 0.111111
211 214 0.111111
212 214 0.111111
213 214 0.111111
215 214 0.111111
216 214 0.111111
217 214 0.111111
218 214 0.111111
178 181 0.142857
179 181 0.142857
180 181 0.142857
182 181 0.142857
183 181 0.142857
184 181 0.142857
185 181 0.142857
178 182 0.125
179 182 0.125
180 182 0.125
181 182 0.125
183 182 0.125
184 182 0.125
186 182 0.125
389 182 0.125
179 183 0.142857
181 183 0.142857
182 183 0.142857
184 183 0.142857
185 183 0.142857
186 183 0.142857
187 183 0.142857
179 209 0.125
205 209 0.125
206 209 0.125
207 209 0.125
208 209 0.125
211 209 0.125
212 209 0.125
213 209 0.125
180 184 0.111111
181 184 0.111111
182 184 0.111111
183 184 0.111111
185 184 0.111111
186 184 0.111111
187 184 0.111111
188 184 0.111111
194 184 0.111111
180 358 0.125
338 358 0.125
354 358 0.125
355 358 0.125
356 358 0.125
360 358 0.125
361 358 0.125
362 358 0.125
181 185 0.142857
183 185 0.142857
184 185 0.142857
186 185 0.142857
187 185 0.142857
189 185 0.142857
234 185 0.142857
182 186 0.125
183 186 0.125
184 186 0.125
185 186 0.125
188 186 0.125
189 186 0.125
190 186 0.125
247 186 0.125
182 389 0.111111
385 389 0.111111
386 389 0.111111
387 389 0.111111
388 389 0.111111
390 389 0.111111
391 389 0.111111
392 389 0.111111
393 389 0.111111
185 189 0.142857
186 189 0.142857
188 189 0.142857
190 189 0.142857
191 189 0.142857
192 189 0.142857
193 189 0.142857
186 190 0.125
187 190 0.125
188 190 0.125
189 190 0.125
191 190 0.125
192 190 0.125
193 190 0.125
194 190 0.125
186 247 0.125
244 247 0.125
245 247 0.125
246 247 0.125
248 247 0.125
249 247 0.125
250 247 0.125
251 247 0.125
187 264 0.111111
260 264 0.111111
261 264 0.111111
262 264 0.111111
263 264 0.111111
265 264 0.111111
266 264 0.111111
267 264 0.111111
396 264 0.111111
188 191 0.125
189 191 0.125
190 191 0.125
192 191 0.125
193 191 0.125
194 191 0.125
195 191 0.125
242 191 0.125
188 192 0.125
189 192 0.125
190 192 0.125
191 192 0.125
193 192 0.125
194 192 0.125
195 192 0.125
196 192 0.125
189 193 0.125
190 193 0.125
191 193 0.125
192 193 0.125
194 193 0.125
195 193 0.125
196 193 0.125
197 193 0.125
191 195 0.142857
192 195 0.142857
193 195 0.142857
196 195 0.142857
197 195 0.142857
198 195 0.142857
199 195 0.142857
193 197 0.142857
195 197 0.142857
196 197 0.142857
198 197 0.142857
199 197 0.142857
201 197 0.142857
416 197 0.142857
194 198 0.1
195 198 0.1
196 198 0.1
197 198 0.1
199 198 0.1
200 198 0.1
201 198 0.1
202 198 0.1
288 198 0.1
334 198 0.1
198 202 0.125
199 202 0.125
200 202 0.125
201 202 0.125
203 202 0.125
204 202 0.125
357 202 0.125
257 202 0.125
198 288 0.142857
284 288 0.142857
285 288 0.142857
286 288 0.142857
289 288 0.142857
291 288 0.142857
292 288 0.142857
199 203 0.125
200 203 0.125
201 203 0.125
202 203 0.125
204 203 0.125
205 203 0.125
206 203 0.125
207 203 0.125
199 360 0.125
356 360 0.125
357 360 0.125
358 360 0.125
359 360 0.125
361 360 0.125
363 360 0.125
364 360 0.125
200 204 0.125
201 204 0.125
202 204 0.125
203 204 0.125
205 204 0.125
206 204 0.125
208 204 0.125
404 204 0.125
201 205 0.142857
203 205 0.142857
204 205 0.142857
206 205 0.142857
207 205 0.142857
208 205 0.142857
209 205 0.142857
202 257 0.111111
253 257 0.111111
254 257 0.111111
255 257 0.111111
256 257 0.111111
258 257 0.111111
259 257 0.111111
260 257 0.111111
261 257 0.111111
203 206 0.142857
204 206 0.142857
205 206 0.142857
207 206 0.142857
208 206 0.142857
209 206 0.142857
210 206 0.142857
204 208 0.125
205 208 0.125
206 208 0.125
207 208 0.125
209 208 0.125
210 208 0.125
211 208 0.125
212 208 0.125
204 404 0.111111
382 404 0.111111
400 404 0.111111
401 404 0.111111
402 404 0.111111
403 404 0.111111
405 404 0.111111
406 404 0.111111
407 404 0.111111
207 211 0.142857
208 211 0.142857
209 211 0.142857
212 211 0.142857
213 211 0.142857
214 211 0.142857
215 211 0.142857
207 290 0.125
233 290 0.125
286 290 0.125
287 290 0.125
289 290 0.125
291 290 0.125
293 290 0.125
294 290 0.125
208 212 0.111111
209 212 0.111111
210 212 0.111111
211 212 0.111111
213 212 0.111111
214 212 0.111111
215 212 0.111111
216 212 0.111111
299 212 0.111111
213 379 0.111111
221 379 0.111111
375 379 0.111111
376 379 0.111111
377 379 0.111111
380 379 0.111111
381 379 0.111111
382 379 0.111111
383 379 0.111111
214 218 0.111111
215 218 0.111111
216 218 0.111111
217 218 0.111111
219 218 0.111111
220 218 0.111111
221 218 0.111111
222 218 0.111111
304 218 0.111111
215 219 0.125
216 219 0.125
217 219 0.125
218 219 0.125
220 219 0.125
221 219 0.125
222 219 0.125
223 219 0.125
217 221 0.111111
218 221 0.111111
219 221 0.111111
220 221 0.111111
222 221 0.111111
223 221 0.111111
225 221 0.111111
379 221 0.111111
416 221 0.111111
218 222 0.125
219 222 0.125
220 222 0.125
221 222 0.125
223 222 0.125
224 222 0.125
225 222 0.125
226 222 0.125
218 304 0.142857
300 304 0.142857
301 304 0.142857
302 304 0.142857
305 304 0.142857
306 304 0.142857
308 304 0.142857
219 223 0.125
220 223 0.125
221 223 0.125
222 223 0.125
225 223 0.125
227 223 0.125
239 223 0.125
384 223 0.125
221 225 0.125
222 225 0.125
223 225 0.125
224 225 0.125
226 225 0.125
227 225 0.125
228 225 0.125
229 225 0.125
222 226 0.166667
225 226 0.166667
227 226 0.166667
228 226 0.166667
229 226 0.166667
230 226 0.166667
223 239 0.111111
235 239 0.111111
236 239 0.111111
237 239 0.111111
238 239 0.111111
240 239 0.111111
241 239 0.111111
242 239 0.111111
243 239 0.111111
223 384 0.111111
380 384 0.111111
381 384 0.111111
382 384 0.111111
383 384 0.111111
385 384 0.111111
386 384 0.111111
387 384 0.111111
388 384 0.111111
226 230 0.125
227 230 0.125
228 230 0.125
229 230 0.125
231 230 0.125
232 230 0.125
233 230 0.125
234 230 0.125
227 231 0.111111
228 231 0.111111
229 231 0.111111
230 231 0.111111
232 231 0.111111
233 231 0.111111
234 231 0.111111
235 231 0.111111
310 231 0.111111
228 232 0.125
229 232 0.125
230 232 0.125
231 232 0.125
233 232 0.125
234 232 0.125
235 232 0.125
236 232 0.125
229 233 0.125
230 233 0.125
231 233 0.125
232 233 0.125
235 233 0.125
237 233 0.125
290 233 0.125
345 233 0.125
231 310 0.125
306 310 0.125
307 310 0.125
308 310 0.125
309 310 0.125
312 310 0.125
313 310 0.125
314 310 0.125
232 236 0.142857
234 236 0.142857
235 236 0.142857
237 236 0.142857
238 236 0.142857
239 236 0.142857
240 236 0.142857
233 345 0.111111
341 345 0.111111
342 345 0.111111
343 345 0.111111
344 345 0.111111
346 345 0.111111
347 345 0.111111
348 345 0.111111
349 345 0.111111
241 245 0.142857
242 245 0.142857
243 245 0.142857
246 245 0.142857
247 245 0.142857
248 245 0.142857
249 245 0.142857
243 246 0.142857
244 246 0.142857
245 246 0.142857
247 246 0.142857
248 246 0.142857
249 246 0.142857
250 246 0.142857
243 371 0.166667
367 371 0.166667
368 371 0.166667
372 371 0.166667
374 371 0.166667
375 371 0.166667
245 249 0.111111
246 249 0.111111
247 249 0.111111
248 249 0.111111
250 249 0.111111
251 249 0.111111
252 249 0.111111
253 249 0.111111
349 249 0.111111
246 250 0.142857
247 250 0.142857
249 250 0.142857
251 250 0.142857
252 250 0.142857
253 250 0.142857
254 250 0.142857
247 251 0.125
248 251 0.125
249 251 0.125
250 251 0.125
252 251 0.125
253 251 0.125
254 251 0.125
255 251 0.125
248 303 0.142857
300 303 0.142857
301 303 0.142857
302 303 0.142857
305 303 0.142857
306 303 0.142857
307 303 0.142857
248 269 0.142857
265 269 0.142857
266 269 0.142857
268 269 0.142857
270 269 0.142857
272 269 0.142857
273 269 0.142857
249 253 0.125
250 253 0.125
251 253 0.125
252 253 0.125
254 253 0.125
255 253 0.125
256 253 0.125
257 253 0.125
250 254 0.125
251 254 0.125
252 254 0.125
253 254 0.125
255 254 0.125
256 254 0.125
257 254 0.125
366 254 0.125
252 256 0.111111
253 256 0.111111
254 256 0.111111
255 256 0.111111
257 256 0.111111
258 256 0.111111
259 256 0.111111
260 256 0.111111
374 256 0.111111
255 259 0.125
256 259 0.125
257 259 0.125
258 259 0.125
260 259 0.125
261 259 0.125
262 259 0.125
263 259 0.125
256 260 0.125
257 260 0.125
258 260 0.125
259 260 0.125
261 260 0.125
262 260 0.125
263 260 0.125
264 260 0.125
256 374 0.125
292 374 0.125
370 374 0.125
371 374 0.125
372 374 0.125
373 374 0.125
375 374 0.125
377 374 0.125
257 261 0.142857
259 261 0.142857
260 261 0.142857
262 261 0.142857
263 261 0.142857
264 261 0.142857
265 261 0.142857
258 262 0.125
259 262 0.125
260 262 0.125
261 262 0.125
263 262 0.125
264 262 0.125
265 262 0.125
266 262 0.125
259 263 0.111111
260 263 0.111111
261 263 0.111111
262 263 0.111111
264 263 0.111111
265 263 0.111111
266 263 0.111111
267 263 0.111111
378 263 0.111111
261 265 0.125
262 265 0.125
263 265 0.125
264 265 0.125
266 265 0.125
267 265 0.125
269 265 0.125
406 265 0.125
263 378 0.142857
375 378 0.142857
376 378 0.142857
377 378 0.142857
380 378 0.142857
381 378 0.142857
382 378 0.142857
266 268 0.142857
267 268 0.142857
269 268 0.142857
270 268 0.142857
271 268 0.142857
272 268 0.142857
282 268 0.142857
267 270 0.142857
268 270 0.142857
269 270 0.142857
271 270 0.142857
272 270 0.142857
273 270 0.142857
375 270 0.142857
267 271 0.125
268 271 0.125
270 271 0.125
272 271 0.125
273 271 0.125
274 271 0.125
275 271 0.125
352 271 0.125
268 272 0.125
269 272 0.125
270 272 0.125
271 272 0.125
273 272 0.125
274 272 0.125
275 272 0.125
276 272 0.125
269 273 0.125
270 273 0.125
271 273 0.125
272 273 0.125
274 273 0.125
275 273 0.125
276 273 0.125
277 273 0.125
270 375 0.111111
371 375 0.111111
372 375 0.111111
373 375 0.111111
374 375 0.111111
376 375 0.111111
377 375 0.111111
378 375 0.111111
379 375 0.111111
271 275 0.125
272 275 0.125
273 275 0.125
274 275 0.125
276 275 0.125
277 275 0.125
278 275 0.125
279 275 0.125
272 276 0.125
273 276 0.125
274 276 0.125
275 276 0.125
277 276 0.125
278 276 0.125
279 276 0.125
346 276 0.125
274 327 0.111111
323 327 0.111111
324 327 0.111111
325 327 0.111111
326 327 0.111111
328 327 0.111111
329 327 0.111111
330 327 0.111111
331 327 0.111111
275 278 0.142857
276 278 0.142857
277 278 0.142857
279 278 0.142857
280 278 0.142857
281 278 0.142857
282 278 0.142857
277 281 0.125
278 281 0.125
279 281 0.125
280 281 0.125
282 281 0.125
283 281 0.125
284 281 0.125
285 281 0.125
278 280 0.166667
279 280 0.166667
281 280 0.166667
282 280 0.166667
283 280 0.166667
284 280 0.166667
279 283 0.142857
280 283 0.142857
281 283 0.142857
284 283 0.142857
285 283 0.142857
286 283 0.142857
287 283 0.142857
279 407 0.125
403 407 0.125
404 407 0.125
405 407 0.125
406 407 0.125
410 407 0.125
411 407 0.125
413 407 0.125
280 284 0.125
281 284 0.125
282 284 0.125
283 284 0.125
285 284 0.125
286 284 0.125
287 284 0.125
288 284 0.125
283 286 0.166667
284 286 0.166667
287 286 0.166667
288 286 0.166667
290 286 0.166667
355 286 0.166667
285 289 0.142857
287 289 0.142857
288 289 0.142857
290 289 0.142857
291 289 0.142857
292 289 0.142857
293 289 0.142857
286 355 0.111111
351 355 0.111111
352 355 0.111111
353 355 0.111111
354 355 0.111111
356 355 0.111111
357 355 0.111111
358 355 0.111111
359 355 0.111111
287 291 0.125
288 291 0.125
289 291 0.125
290 291 0.125
292 291 0.125
293 291 0.125
294 291 0.125
295 291 0.125
288 292 0.125
289 292 0.125
291 292 0.125
293 292 0.125
294 292 0.125
295 292 0.125
296 292 0.125
374 292 0.125
289 293 0.125
290 293 0.125
291 293 0.125
292 293 0.125
295 293 0.125
296 293 0.125
297 293 0.125
316 293 0.125
290 294 0.142857
291 294 0.142857
292 294 0.142857
295 294 0.142857
296 294 0.142857
297 294 0.142857
298 294 0.142857
291 295 0.125
292 295 0.125
293 295 0.125
294 295 0.125
296 295 0.125
297 295 0.125
298 295 0.125
299 295 0.125
293 297 0.125
294 297 0.125
295 297 0.125
296 297 0.125
298 297 0.125
299 297 0.125
300 297 0.125
301 297 0.125
294 298 0.125
295 298 0.125
296 298 0.125
297 298 0.125
299 298 0.125
300 298 0.125
301 298 0.125
302 298 0.125
297 301 0.142857
298 301 0.142857
300 301 0.142857
302 301 0.142857
303 301 0.142857
304 301 0.142857
305 301 0.142857
298 302 0.125
299 302 0.125
300 302 0.125
301 302 0.125
303 302 0.125
304 302 0.125
305 302 0.125
306 302 0.125
302 306 0.125
303 306 0.125
304 306 0.125
305 306 0.125
307 306 0.125
308 306 0.125
309 306 0.125
310 306 0.125
304 308 0.166667
306 308 0.166667
309 308 0.166667
310 308 0.166667
311 308 0.166667
312 308 0.166667
307 311 0.142857
308 311 0.142857
309 311 0.142857
312 311 0.142857
313 311 0.142857
314 311 0.142857
315 311 0.142857
308 312 0.125
309 312 0.125
310 312 0.125
311 312 0.125
313 312 0.125
314 312 0.125
315 312 0.125
316 312 0.125
309 313 0.125
310 313 0.125
311 313 0.125
312 313 0.125
314 313 0.125
315 313 0.125
316 313 0.125
317 313 0.125
311 315 0.125
312 315 0.125
313 315 0.125
314 315 0.125
316 315 0.125
317 315 0.125
318 315 0.125
319 315 0.125
313 317 0.142857
315 317 0.142857
316 317 0.142857
318 317 0.142857
319 317 0.142857
320 317 0.142857
321 317 0.142857
314 318 0.125
315 318 0.125
316 318 0.125
317 318 0.125
319 318 0.125
320 318 0.125
321 318 0.125
322 318 0.125
315 319 0.125
316 319 0.125
317 319 0.125
318 319 0.125
320 319 0.125
321 319 0.125
322 319 0.125
323 319 0.125
317 321 0.125
318 321 0.125
319 321 0.125
320 321 0.125
322 321 0.125
323 321 0.125
324 321 0.125
325 321 0.125
319 323 0.142857
321 323 0.142857
322 323 0.142857
324 323 0.142857
325 323 0.142857
326 323 0.142857
327 323 0.142857
320 324 0.125
321 324 0.125
322 324 0.125
323 324 0.125
325 324 0.125
326 324 0.125
327 324 0.125
328 324 0.125
321 325 0.125
322 325 0.125
323 325 0.125
324 325 0.125
326 325 0.125
327 325 0.125
328 325 0.125
329 325 0.125
322 326 0.125
323 326 0.125
324 326 0.125
325 326 0.125
327 326 0.125
328 326 0.125
329 326 0.125
330 326 0.125
324 328 0.125
325 328 0.125
326 328 0.125
327 328 0.125
329 328 0.125
330 328 0.125
331 328 0.125
332 328 0.125
325 329 0.125
326 329 0.125
327 329 0.125
328 329 0.125
330 329 0.125
331 329 0.125
332 329 0.125
333 329 0.125
326 330 0.125
327 330 0.125
328 330 0.125
329 330 0.125
331 330 0.125
332 330 0.125
333 330 0.125
334 330 0.125
328 332 0.125
329 332 0.125
330 332 0.125
331 332 0.125
333 332 0.125
334 332 0.125
335 332 0.125
336 332 0.125
329 333 0.125
330 333 0.125
331 333 0.125
332 333 0.125
334 333 0.125
335 333 0.125
336 333 0.125
337 333 0.125
335 339 0.142857
336 339 0.142857
337 339 0.142857
340 339 0.142857
341 339 0.142857
342 339 0.142857
343 339 0.142857
336 340 0.142857
338 340 0.142857
339 340 0.142857
341 340 0.142857
342 340 0.142857
343 340 0.142857
344 340 0.142857
337 391 0.090909
347 391 0.090909
361 391 0.090909
387 391 0.090909
388 391 0.090909
389 391 0.090909
390 391 0.090909
392 391 0.090909
393 391 0.090909
394 391 0.090909
395 391 0.090909
338 342 0.125
339 342 0.125
340 342 0.125
341 342 0.125
343 342 0.125
344 342 0.125
345 342 0.125
346 342 0.125
340 344 0.125
341 344 0.125
342 344 0.125
343 344 0.125
345 344 0.125
346 344 0.125
347 344 0.125
348 344 0.125
343 347 0.125
344 347 0.125
345 347 0.125
346 347 0.125
348 347 0.125
350 347 0.125
351 347 0.125
391 347 0.125
344 348 0.125
345 348 0.125
346 348 0.125
347 348 0.125
349 348 0.125
350 348 0.125
351 348 0.125
352 348 0.125
346 350 0.125
347 350 0.125
348 350 0.125
349 350 0.125
351 350 0.125
352 350 0.125
353 350 0.125
354 350 0.125
347 351 0.125
348 351 0.125
349 351 0.125
350 351 0.125
352 351 0.125
353 351 0.125
354 351 0.125
355 351 0.125
350 353 0.166667
351 353 0.166667
354 353 0.166667
355 353 0.166667
356 353 0.166667
357 353 0.166667
350 354 0.125
351 354 0.125
352 354 0.125
353 354 0.125
355 354 0.125
356 354 0.125
357 354 0.125
358 354 0.125
352 356 0.125
353 356 0.125
354 356 0.125
355 356 0.125
357 356 0.125
358 356 0.125
359 356 0.125
360 356 0.125
357 361 0.111111
358 361 0.111111
359 361 0.111111
360 361 0.111111
363 361 0.111111
364 361 0.111111
365 361 0.111111
391 361 0.111111
405 361 0.111111
358 362 0.166667
359 362 0.166667
363 362 0.166667
364 362 0.166667
365 362 0.166667
366 362 0.166667
359 368 0.125
364 368 0.125
365 368 0.125
366 368 0.125
367 368 0.125
369 368 0.125
370 368 0.125
371 368 0.125
360 364 0.125
361 364 0.125
362 364 0.125
363 364 0.125
365 364 0.125
366 364 0.125
367 364 0.125
368 364 0.125
361 365 0.125
362 365 0.125
363 365 0.125
364 365 0.125
366 365 0.125
367 365 0.125
368 365 0.125
369 365 0.125
361 405 0.125
401 405 0.125
402 405 0.125
403 405 0.125
404 405 0.125
407 405 0.125
408 405 0.125
409 405 0.125
363 367 0.125
364 367 0.125
365 367 0.125
366 367 0.125
368 367 0.125
369 367 0.125
370 367 0.125
371 367 0.125
363 369 0.125
365 369 0.125
366 369 0.125
367 369 0.125
368 369 0.125
370 369 0.125
372 369 0.125
373 369 0.125
369 372 0.142857
370 372 0.142857
371 372 0.142857
373 372 0.142857
374 372 0.142857
375 372 0.142857
376 372 0.142857
369 373 0.142857
370 373 0.142857
372 373 0.142857
374 373 0.142857
375 373 0.142857
376 373 0.142857
377 373 0.142857
372 376 0.142857
373 376 0.142857
375 376 0.142857
377 376 0.142857
378 376 0.142857
379 376 0.142857
380 376 0.142857
381 385 0.142857
382 385 0.142857
384 385 0.142857
386 385 0.142857
387 385 0.142857
388 385 0.142857
389 385 0.142857
383 386 0.142857
384 386 0.142857
385 386 0.142857
387 386 0.142857
388 386 0.142857
389 386 0.142857
390 386 0.142857
383 387 0.125
384 387 0.125
385 387 0.125
386 387 0.125
388 387 0.125
389 387 0.125
390 387 0.125
391 387 0.125
384 388 0.125
385 388 0.125
386 388 0.125
387 388 0.125
389 388 0.125
390 388 0.125
391 388 0.125
392 388 0.125
386 390 0.125
387 390 0.125
388 390 0.125
389 390 0.125
391 390 0.125
392 390 0.125
393 390 0.125
394 390 0.125
388 392 0.125
389 392 0.125
390 392 0.125
391 392 0.125
393 392 0.125
394 392 0.125
395 392 0.125
396 392 0.125
393 397 0.125
394 397 0.125
395 397 0.125
396 397 0.125
398 397 0.125
399 397 0.125
400 397 0.125
401 397 0.125
394 398 0.142857
395 398 0.142857
397 398 0.142857
399 398 0.142857
400 398 0.142857
401 398 0.142857
402 398 0.142857
396 399 0.142857
397 399 0.142857
398 399 0.142857
400 399 0.142857
401 399 0.142857
402 399 0.142857
403 399 0.142857
397 400 0.142857
398 400 0.142857
399 400 0.142857
401 400 0.142857
402 400 0.142857
403 400 0.142857
404 400 0.142857
397 401 0.125
398 401 0.125
399 401 0.125
400 401 0.125
402 401 0.125
403 401 0.125
404 401 0.125
405 401 0.125
399 403 0.125
400 403 0.125
401 403 0.125
402 403 0.125
404 403 0.125
405 403 0.125
406 403 0.125
407 403 0.125
405 409 0.142857
406 409 0.142857
408 409 0.142857
410 409 0.142857
411 409 0.142857
412 409 0.142857
413 409 0.142857
406 410 0.125
407 410 0.125
408 410 0.125
409 410 0.125
411 410 0.125
412 410 0.125
413 410 0.125
414 410 0.125
411 415 0.125
412 415 0.125
413 415 0.125
414 415 0.125
416 415 0.125
417 415 0.125
418 415 0.125
419 415 0.125
1 0 0.142857
419 0 0.142857
2 0 0.142857
418 0 0.142857
417 0 0.142857
287 0 0.142857
228 0 0.142857
