0 3 0.058824
17 3 0.058824
24 3 0.058824
31 3 0.058824
38 3 0.058824
61 3 0.058824
63 3 0.058824
73 3 0.058824
81 3 0.058824
89 3 0.058824
98 3 0.058824
120 3 0.058824
132 3 0.058824
135 3 0.058824
144 3 0.058824
147 3 0.058824
149 3 0.058824
0 12 0.035714
4 12 0.035714
14 12 0.035714
16 12 0.035714
18 12 0.035714
24 12 0.035714
27 12 0.035714
29 12 0.035714
33 12 0.035714
35 12 0.035714
40 12 0.035714
41 12 0.035714
49 12 0.035714
58 12 0.035714
60 12 0.035714
67 12 0.035714
75 12 0.035714
103 12 0.035714
105 12 0.035714
107 12 0.035714
108 12 0.035714
109 12 0.035714
113 12 0.035714
128 12 0.035714
131 12 0.035714
134 12 0.035714
140 12 0.035714
146 12 0.035714
0 13 0.04
2 13 0.04
4 13 0.04
28 13 0.04
30 13 0.04
37 13 0.04
39 13 0.04
48 13 0.04
54 13 0.04
66 13 0.04
69 13 0.04
79 13 0.04
86 13 0.04
91 13 0.04
98 13 0.04
102 13 0.04
105 13 0.04
113 13 0.04
121 13 0.04
122 13 0.04
125 13 0.04
126 13 0.04
144 13 0.04
146 13 0.04
154 13 0.04
0 23 0.04
2 23 0.04
5 23 0.04
17 23 0.04
28 23 0.04
31 23 0.04
43 23 0.04
44 23 0.04
49 23 0.04
50 23 0.04
57 23 0.04
70 23 0.04
73 23 0.04
77 23 0.04
83 23 0.04
93 23 0.04
96 23 0.04
104 23 0.04
118 23 0.04
123 23 0.04
131 23 0.04
133 23 0.04
138 23 0.04
139 23 0.04
149 23 0.04
0 26 0.05
17 26 0.05
24 26 0.05
29 26 0.05
30 26 0.05
35 26 0.05
44 26 0.05
56 26 0.05
58 26 0.05
64 26 0.05
67 26 0.05
85 26 0.05
92 26 0.05
109 26 0.05
114 26 0.05
118 26 0.05
121 26 0.05
125 26 0.05
129 26 0.05
156 26 0.05
0 33 0.047619
5 33 0.047619
12 33 0.047619
53 33 0.047619
65 33 0.047619
67 33 0.047619
70 33 0.047619
79 33 0.047619
82 33 0.047619
90 33 0.047619
92 33 0.047619
93 33 0.047619
94 33 0.047619
98 33 0.047619
115 33 0.047619
120 33 0.047619
121 33 0.047619
132 33 0.047619
138 33 0.047619
146 33 0.047619
153 33 0.047619
0 35 0.038462
12 35 0.038462
26 35 0.038462
28 35 0.038462
34 35 0.038462
40 35 0.038462
41 35 0.038462
42 35 0.038462
47 35 0.038462
48 35 0.038462
57 35 0.038462
60 35 0.038462
69 35 0.038462
70 35 0.038462
74 35 0.038462
77 35 0.038462
86 35 0.038462
90 35 0.038462
92 35 0.038462
100 35 0.038462
106 35 0.038462
116 35 0.038462
125 35 0.038462
133 35 0.038462
143 35 0.038462
148 35 0.038462
0 52 0.045455
1 52 0.045455
11 52 0.045455
16 52 0.045455
17 52 0.045455
19 52 0.045455
20 52 0.045455
24 52 0.045455
39 52 0.045455
47 52 0.045455
51 52 0.045455
54 52 0.045455
66 52 0.045455
99 52 0.045455
103 52 0.045455
104 52 0.045455
110 52 0.045455
117 52 0.045455
121 52 0.045455
135 52 0.045455
138 52 0.045455
149 52 0.045455
0 58 0.052632
12 58 0.052632
26 58 0.052632
31 58 0.052632
43 58 0.052632
54 58 0.052632
60 58 0.052632
63 58 0.052632
65 58 0.052632
67 58 0.052632
81 58 0.052632
87 58 0.052632
94 58 0.052632
96 58 0.052632
128 58 0.052632
141 58 0.052632
152 58 0.052632
153 58 0.052632
155 58 0.052632
0 77 0.034483
7 77 0.034483
10 77 0.034483
11 77 0.034483
23 77 0.034483
25 77 0.034483
28 77 0.034483
32 77 0.034483
34 77 0.034483
35 77 0.034483
41 77 0.034483
54 77 0.034483
59 77 0.034483
63 77 0.034483
81 77 0.034483
83 77 0.034483
85 77 0.034483
91 77 0.034483
103 77 0.034483
108 77 0.034483
114 77 0.034483
116 77 0.034483
117 77 0.034483
118 77 0.034483
125 77 0.034483
133 77 0.034483
135 77 0.034483
141 77 0.034483
147 77 0.034483
0 108 0.045455
6 108 0.045455
12 108 0.045455
27 108 0.045455
32 108 0.045455
47 108 0.045455
51 108 0.045455
55 108 0.045455
61 108 0.045455
62 108 0.045455
77 108 0.045455
87 108 0.045455
97 108 0.045455
103 108 0.045455
109 108 0.045455
115 108 0.045455
136 108 0.045455
137 108 0.045455
138 108 0.045455
153 108 0.045455
155 108 0.045455
156 108 0.045455
0 114 0.043478
1 114 0.043478
6 114 0.043478
24 114 0.043478
26 114 0.043478
27 114 0.043478
34 114 0.043478
39 114 0.043478
40 114 0.043478
46 114 0.043478
48 114 0.043478
50 114 0.043478
51 114 0.043478
63 114 0.043478
64 114 0.043478
72 114 0.043478
77 114 0.043478
81 114 0.043478
91 114 0.043478
107 114 0.043478
121 114 0.043478
127 114 0.043478
146 114 0.043478
0 135 0.032258
2 135 0.032258
3 135 0.032258
6 135 0.032258
18 135 0.032258
22 135 0.032258
32 135 0.032258
38 135 0.032258
39 135 0.032258
42 135 0.032258
52 135 0.032258
53 135 0.032258
66 135 0.032258
67 135 0.032258
73 135 0.032258
77 135 0.032258
92 135 0.032258
99 135 0.032258
100 135 0.032258
101 135 0.032258
103 135 0.032258
106 135 0.032258
112 135 0.032258
116 135 0.032258
121 135 0.032258
128 135 0.032258
130 135 0.032258
137 135 0.032258
143 135 0.032258
149 135 0.032258
155 135 0.032258
0 143 0.033333
2 143 0.033333
5 143 0.033333
6 143 0.033333
22 143 0.033333
29 143 0.033333
31 143 0.033333
35 143 0.033333
38 143 0.033333
50 143 0.033333
64 143 0.033333
66 143 0.033333
67 143 0.033333
68 143 0.033333
76 143 0.033333
79 143 0.033333
90 143 0.033333
99 143 0.033333
102 143 0.033333
105 143 0.033333
110 143 0.033333
117 143 0.033333
118 143 0.033333
130 143 0.033333
135 143 0.033333
140 143 0.033333
141 143 0.033333
152 143 0.033333
153 143 0.033333
156 143 0.033333
0 155 0.038462
1 155 0.038462
2 155 0.038462
4 155 0.038462
16 155 0.038462
22 155 0.038462
37 155 0.038462
41 155 0.038462
58 155 0.038462
68 155 0.038462
84 155 0.038462
89 155 0.038462
98 155 0.038462
102 155 0.038462
107 155 0.038462
108 155 0.038462
119 155 0.038462
127 155 0.038462
130 155 0.038462
131 155 0.038462
135 155 0.038462
141 155 0.038462
144 155 0.038462
146 155 0.038462
147 155 0.038462
156 155 0.038462
1 4 0.043478
12 4 0.043478
13 4 0.043478
19 4 0.043478
22 4 0.043478
30 4 0.043478
40 4 0.043478
51 4 0.043478
54 4 0.043478
61 4 0.043478
70 4 0.043478
74 4 0.043478
80 4 0.043478
83 4 0.043478
89 4 0.043478
94 4 0.043478
96 4 0.043478
109 4 0.043478
127 4 0.043478
133 4 0.043478
137 4 0.043478
140 4 0.043478
155 4 0.043478
1 9 0.0625
6 9 0.0625
67 9 0.0625
75 9 0.0625
78 9 0.0625
79 9 0.0625
82 9 0.0625
86 9 0.0625
101 9 0.0625
107 9 0.0625
109 9 0.0625
125 9 0.0625
131 9 0.0625
132 9 0.0625
140 9 0.0625
148 9 0.0625
1 43 0.0625
23 43 0.0625
27 43 0.0625
28 43 0.0625
29 43 0.0625
31 43 0.0625
49 43 0.0625
53 43 0.0625
58 43 0.0625
62 43 0.0625
66 43 0.0625
89 43 0.0625
93 43 0.0625
100 43 0.0625
113 43 0.0625
156 43 0.0625
1 48 0.043478
2 48 0.043478
13 48 0.043478
14 48 0.043478
24 48 0.043478
35 48 0.043478
37 48 0.043478
44 48 0.043478
46 48 0.043478
79 48 0.043478
82 48 0.043478
83 48 0.043478
88 48 0.043478
89 48 0.043478
91 48 0.043478
106 48 0.043478
113 48 0.043478
114 48 0.043478
115 48 0.043478
121 48 0.043478
125 48 0.043478
142 48 0.043478
156 48 0.043478
1 68 0.047619
15 68 0.047619
18 68 0.047619
30 68 0.047619
36 68 0.047619
39 68 0.047619
55 68 0.047619
61 68 0.047619
81 68 0.047619
93 68 0.047619
116 68 0.047619
119 68 0.047619
127 68 0.047619
129 68 0.047619
133 68 0.047619
139 68 0.047619
143 68 0.047619
145 68 0.047619
147 68 0.047619
154 68 0.047619
155 68 0.047619
1 71 0.037037
5 71 0.037037
8 71 0.037037
10 71 0.037037
17 71 0.037037
19 71 0.037037
32 71 0.037037
42 71 0.037037
59 71 0.037037
69 71 0.037037
72 71 0.037037
73 71 0.037037
75 71 0.037037
81 71 0.037037
83 71 0.037037
101 71 0.037037
106 71 0.037037
109 71 0.037037
110 71 0.037037
117 71 0.037037
136 71 0.037037
138 71 0.037037
144 71 0.037037
146 71 0.037037
147 71 0.037037
148 71 0.037037
150 71 0.037037
1 73 0.034483
3 73 0.034483
5 73 0.034483
16 73 0.034483
20 73 0.034483
23 73 0.034483
36 73 0.034483
37 73 0.034483
51 73 0.034483
70 73 0.034483
71 73 0.034483
80 73 0.034483
82 73 0.034483
84 73 0.034483
99 73 0.034483
103 73 0.034483
104 73 0.034483
117 73 0.034483
118 73 0.034483
119 73 0.034483
123 73 0.034483
126 73 0.034483
129 73 0.034483
131 73 0.034483
132 73 0.034483
135 73 0.034483
140 73 0.034483
144 73 0.034483
153 73 0.034483
1 76 0.052632
5 76 0.052632
36 76 0.052632
37 76 0.052632
42 76 0.052632
47 76 0.052632
50 76 0.052632
64 76 0.052632
74 76 0.052632
75 76 0.052632
81 76 0.052632
107 76 0.052632
113 76 0.052632
123 76 0.052632
129 76 0.052632
143 76 0.052632
144 76 0.052632
148 76 0.052632
152 76 0.052632
1 81 0.041667
3 81 0.041667
21 81 0.041667
47 81 0.041667
50 81 0.041667
55 81 0.041667
56 81 0.041667
58 81 0.041667
60 81 0.041667
68 81 0.041667
71 81 0.041667
76 81 0.041667
77 81 0.041667
82 81 0.041667
83 81 0.041667
92 81 0.041667
94 81 0.041667
100 81 0.041667
106 81 0.041667
114 81 0.041667
120 81 0.041667
122 81 0.041667
125 81 0.041667
152 81 0.041667
1 85 0.041667
11 85 0.041667
17 85 0.041667
22 85 0.041667
26 85 0.041667
44 85 0.041667
61 85 0.041667
62 85 0.041667
75 85 0.041667
77 85 0.041667
83 85 0.041667
87 85 0.041667
88 85 0.041667
91 85 0.041667
97 85 0.041667
100 85 0.041667
102 85 0.041667
116 85 0.041667
117 85 0.041667
119 85 0.041667
122 85 0.041667
134 85 0.041667
150 85 0.041667
156 85 0.041667
1 111 0.055556
10 111 0.055556
21 111 0.055556
25 111 0.055556
37 111 0.055556
41 111 0.055556
47 111 0.055556
56 111 0.055556
57 111 0.055556
80 111 0.055556
88 111 0.055556
101 111 0.055556
121 111 0.055556
123 111 0.055556
128 111 0.055556
134 111 0.055556
139 111 0.055556
156 111 0.055556
1 123 0.035714
7 123 0.035714
17 123 0.035714
18 123 0.035714
21 123 0.035714
23 123 0.035714
25 123 0.035714
27 123 0.035714
30 123 0.035714
39 123 0.035714
51 123 0.035714
55 123 0.035714
59 123 0.035714
61 123 0.035714
63 123 0.035714
70 123 0.035714
73 123 0.035714
76 123 0.035714
80 123 0.035714
83 123 0.035714
92 123 0.035714
105 123 0.035714
110 123 0.035714
111 123 0.035714
117 123 0.035714
127 123 0.035714
139 123 0.035714
140 123 0.035714
1 130 0.05
5 130 0.05
15 130 0.05
39 130 0.05
51 130 0.05
60 130 0.05
83 130 0.05
84 130 0.05
86 130 0.05
89 130 0.05
93 130 0.05
101 130 0.05
105 130 0.05
117 130 0.05
119 130 0.05
132 130 0.05
134 130 0.05
135 130 0.05
143 130 0.05
155 130 0.05
1 132 0.038462
3 132 0.038462
9 132 0.038462
11 132 0.038462
17 132 0.038462
24 132 0.038462
30 132 0.038462
33 132 0.038462
36 132 0.038462
38 132 0.038462
44 132 0.038462
67 132 0.038462
73 132 0.038462
79 132 0.038462
84 132 0.038462
86 132 0.038462
88 132 0.038462
92 132 0.038462
104 132 0.038462
105 132 0.038462
117 132 0.038462
126 132 0.038462
130 132 0.038462
139 132 0.038462
141 132 0.038462
153 132 0.038462
1 152 0.047619
19 152 0.047619
21 152 0.047619
28 152 0.047619
31 152 0.047619
39 152 0.047619
46 152 0.047619
58 152 0.047619
61 152 0.047619
63 152 0.047619
66 152 0.047619
75 152 0.047619
76 152 0.047619
81 152 0.047619
96 152 0.047619
98 152 0.047619
101 152 0.047619
102 152 0.047619
118 152 0.047619
143 152 0.047619
144 152 0.047619
2 20 0.052632
14 20 0.052632
18 20 0.052632
25 20 0.052632
46 20 0.052632
49 20 0.052632
52 20 0.052632
53 20 0.052632
67 20 0.052632
69 20 0.052632
73 20 0.052632
87 20 0.052632
101 20 0.052632
103 20 0.052632
107 20 0.052632
119 20 0.052632
126 20 0.052632
137 20 0.052632
148 20 0.052632
2 22 0.037037
4 22 0.037037
5 22 0.037037
15 22 0.037037
18 22 0.037037
31 22 0.037037
50 22 0.037037
62 22 0.037037
70 22 0.037037
80 22 0.037037
82 22 0.037037
85 22 0.037037
89 22 0.037037
102 22 0.037037
103 22 0.037037
109 22 0.037037
110 22 0.037037
112 22 0.037037
115 22 0.037037
116 22 0.037037
117 22 0.037037
127 22 0.037037
128 22 0.037037
134 22 0.037037
135 22 0.037037
143 22 0.037037
155 22 0.037037
2 30 0.034483
4 30 0.034483
6 30 0.034483
10 30 0.034483
13 30 0.034483
15 30 0.034483
21 30 0.034483
26 30 0.034483
28 30 0.034483
46 30 0.034483
62 30 0.034483
67 30 0.034483
68 30 0.034483
78 30 0.034483
79 30 0.034483
94 30 0.034483
97 30 0.034483
107 30 0.034483
109 30 0.034483
110 30 0.034483
116 30 0.034483
119 30 0.034483
123 30 0.034483
132 30 0.034483
137 30 0.034483
149 30 0.034483
150 30 0.034483
153 30 0.034483
154 30 0.034483
2 37 0.045455
13 37 0.045455
28 37 0.045455
31 37 0.045455
38 37 0.045455
45 37 0.045455
48 37 0.045455
49 37 0.045455
60 37 0.045455
61 37 0.045455
73 37 0.045455
74 37 0.045455
76 37 0.045455
82 37 0.045455
83 37 0.045455
90 37 0.045455
101 37 0.045455
111 37 0.045455
112 37 0.045455
117 37 0.045455
121 37 0.045455
155 37 0.045455
2 38 0.043478
3 38 0.043478
17 38 0.043478
28 38 0.043478
34 38 0.043478
36 38 0.043478
37 38 0.043478
40 38 0.043478
56 38 0.043478
69 38 0.043478
88 38 0.043478
93 38 0.043478
103 38 0.043478
107 38 0.043478
115 38 0.043478
121 38 0.043478
129 38 0.043478
131 38 0.043478
132 38 0.043478
135 38 0.043478
143 38 0.043478
147 38 0.043478
153 38 0.043478
2 42 0.052632
19 42 0.052632
31 42 0.052632
35 42 0.052632
39 42 0.052632
40 42 0.052632
59 42 0.052632
62 42 0.052632
71 42 0.052632
76 42 0.052632
92 42 0.052632
93 42 0.052632
94 42 0.052632
100 42 0.052632
126 42 0.052632
131 42 0.052632
134 42 0.052632
135 42 0.052632
154 42 0.052632
2 47 0.034483
5 47 0.034483
11 47 0.034483
17 47 0.034483
19 47 0.034483
21 47 0.034483
28 47 0.034483
32 47 0.034483
35 47 0.034483
40 47 0.034483
46 47 0.034483
52 47 0.034483
55 47 0.034483
59 47 0.034483
62 47 0.034483
76 47 0.034483
79 47 0.034483
81 47 0.034483
82 47 0.034483
91 47 0.034483
96 47 0.034483
100 47 0.034483
102 47 0.034483
105 47 0.034483
106 47 0.034483
108 47 0.034483
111 47 0.034483
122 47 0.034483
125 47 0.034483
2 49 0.038462
12 49 0.038462
15 49 0.038462
17 49 0.038462
20 49 0.038462
23 49 0.038462
36 49 0.038462
37 49 0.038462
43 49 0.038462
44 49 0.038462
53 49 0.038462
59 49 0.038462
65 49 0.038462
80 49 0.038462
83 49 0.038462
98 49 0.038462
99 49 0.038462
102 49 0.038462
105 49 0.038462
106 49 0.038462
107 49 0.038462
109 49 0.038462
117 49 0.038462
118 49 0.038462
142 49 0.038462
154 49 0.038462
2 54 0.0625
4 54 0.0625
13 54 0.0625
19 54 0.0625
25 54 0.0625
46 54 0.0625
52 54 0.0625
58 54 0.0625
63 54 0.0625
69 54 0.0625
77 54 0.0625
80 54 0.0625
89 54 0.0625
93 54 0.0625
128 54 0.0625
147 54 0.0625
2 57 0.052632
10 57 0.052632
23 57 0.052632
34 57 0.052632
35 57 0.052632
61 57 0.052632
65 57 0.052632
75 57 0.052632
84 57 0.052632
90 57 0.052632
96 57 0.052632
111 57 0.052632
115 57 0.052632
116 57 0.052632
119 57 0.052632
124 57 0.052632
129 57 0.052632
141 57 0.052632
144 57 0.052632
2 61 0.041667
3 61 0.041667
4 61 0.041667
17 61 0.041667
29 61 0.041667
37 61 0.041667
57 61 0.041667
68 61 0.041667
69 61 0.041667
74 61 0.041667
75 61 0.041667
80 61 0.041667
85 61 0.041667
91 61 0.041667
95 61 0.041667
103 61 0.041667
108 61 0.041667
121 61 0.041667
123 61 0.041667
127 61 0.041667
138 61 0.041667
144 61 0.041667
147 61 0.041667
152 61 0.041667
2 86 0.047619
7 86 0.047619
9 86 0.047619
10 86 0.047619
13 86 0.047619
14 86 0.047619
18 86 0.047619
28 86 0.047619
35 86 0.047619
40 86 0.047619
50 86 0.047619
69 86 0.047619
79 86 0.047619
99 86 0.047619
102 86 0.047619
116 86 0.047619
119 86 0.047619
130 86 0.047619
132 86 0.047619
140 86 0.047619
154 86 0.047619
2 89 0.055556
3 89 0.055556
4 89 0.055556
8 89 0.055556
22 89 0.055556
28 89 0.055556
36 89 0.055556
40 89 0.055556
43 89 0.055556
48 89 0.055556
54 89 0.055556
87 89 0.055556
105 89 0.055556
121 89 0.055556
122 89 0.055556
130 89 0.055556
153 89 0.055556
155 89 0.055556
2 93 0.045455
7 93 0.045455
21 93 0.045455
23 93 0.045455
31 93 0.045455
33 93 0.045455
38 93 0.045455
42 93 0.045455
43 93 0.045455
51 93 0.045455
54 93 0.045455
60 93 0.045455
64 93 0.045455
68 93 0.045455
74 93 0.045455
84 93 0.045455
102 93 0.045455
126 93 0.045455
130 93 0.045455
139 93 0.045455
147 93 0.045455
153 93 0.045455
2 94 0.043478
4 94 0.043478
16 94 0.043478
30 94 0.043478
33 94 0.043478
42 94 0.043478
45 94 0.043478
58 94 0.043478
63 94 0.043478
81 94 0.043478
101 94 0.043478
102 94 0.043478
103 94 0.043478
106 94 0.043478
120 94 0.043478
125 94 0.043478
127 94 0.043478
134 94 0.043478
138 94 0.043478
144 94 0.043478
147 94 0.043478
151 94 0.043478
153 94 0.043478
2 99 0.045455
5 99 0.045455
8 99 0.045455
31 99 0.045455
32 99 0.045455
49 99 0.045455
52 99 0.045455
72 99 0.045455
73 99 0.045455
86 99 0.045455
87 99 0.045455
88 99 0.045455
106 99 0.045455
107 99 0.045455
117 99 0.045455
134 99 0.045455
135 99 0.045455
137 99 0.045455
143 99 0.045455
144 99 0.045455
149 99 0.045455
154 99 0.045455
2 121 0.028571
5 121 0.028571
10 121 0.028571
13 121 0.028571
21 121 0.028571
26 121 0.028571
28 121 0.028571
33 121 0.028571
37 121 0.028571
38 121 0.028571
48 121 0.028571
52 121 0.028571
55 121 0.028571
56 121 0.028571
61 121 0.028571
62 121 0.028571
64 121 0.028571
65 121 0.028571
69 121 0.028571
70 121 0.028571
72 121 0.028571
82 121 0.028571
84 121 0.028571
89 121 0.028571
95 121 0.028571
101 121 0.028571
103 121 0.028571
105 121 0.028571
107 121 0.028571
111 121 0.028571
114 121 0.028571
118 121 0.028571
131 121 0.028571
135 121 0.028571
150 121 0.028571
2 127 0.047619
4 127 0.047619
8 127 0.047619
14 127 0.047619
22 127 0.047619
53 127 0.047619
56 127 0.047619
59 127 0.047619
61 127 0.047619
62 127 0.047619
68 127 0.047619
94 127 0.047619
102 127 0.047619
114 127 0.047619
123 127 0.047619
124 127 0.047619
131 127 0.047619
141 127 0.047619
145 127 0.047619
148 127 0.047619
155 127 0.047619
2 128 0.034483
8 128 0.034483
10 128 0.034483
12 128 0.034483
14 128 0.034483
18 128 0.034483
22 128 0.034483
25 128 0.034483
34 128 0.034483
45 128 0.034483
53 128 0.034483
54 128 0.034483
55 128 0.034483
58 128 0.034483
72 128 0.034483
83 128 0.034483
111 128 0.034483
112 128 0.034483
113 128 0.034483
115 128 0.034483
117 128 0.034483
120 128 0.034483
135 128 0.034483
137 128 0.034483
138 128 0.034483
140 128 0.034483
141 128 0.034483
144 128 0.034483
147 128 0.034483
2 133 0.052632
4 133 0.052632
23 133 0.052632
28 133 0.052632
31 133 0.052632
35 133 0.052632
50 133 0.052632
60 133 0.052632
67 133 0.052632
68 133 0.052632
77 133 0.052632
88 133 0.052632
90 133 0.052632
104 133 0.052632
105 133 0.052632
112 133 0.052632
117 133 0.052632
134 133 0.052632
144 133 0.052632
2 138 0.043478
5 138 0.043478
8 138 0.043478
17 138 0.043478
18 138 0.043478
21 138 0.043478
23 138 0.043478
33 138 0.043478
40 138 0.043478
52 138 0.043478
60 138 0.043478
61 138 0.043478
67 138 0.043478
71 138 0.043478
87 138 0.043478
94 138 0.043478
108 138 0.043478
113 138 0.043478
122 138 0.043478
125 138 0.043478
128 138 0.043478
139 138 0.043478
140 138 0.043478
2 140 0.035714
4 140 0.035714
9 140 0.035714
12 140 0.035714
16 140 0.035714
18 140 0.035714
21 140 0.035714
25 140 0.035714
34 140 0.035714
56 140 0.035714
69 140 0.035714
72 140 0.035714
73 140 0.035714
74 140 0.035714
86 140 0.035714
92 140 0.035714
103 140 0.035714
113 140 0.035714
123 140 0.035714
124 140 0.035714
128 140 0.035714
129 140 0.035714
131 140 0.035714
138 140 0.035714
143 140 0.035714
145 140 0.035714
148 140 0.035714
154 140 0.035714
2 154 0.041667
6 154 0.041667
7 154 0.041667
13 154 0.041667
15 154 0.041667
16 154 0.041667
19 154 0.041667
25 154 0.041667
29 154 0.041667
30 154 0.041667
34 154 0.041667
42 154 0.041667
49 154 0.041667
55 154 0.041667
62 154 0.041667
64 154 0.041667
68 154 0.041667
86 154 0.041667
99 154 0.041667
103 154 0.041667
106 154 0.041667
115 154 0.041667
117 154 0.041667
140 154 0.041667
3 17 0.038462
8 17 0.038462
23 17 0.038462
25 17 0.038462
26 17 0.038462
38 17 0.038462
41 17 0.038462
46 17 0.038462
47 17 0.038462
49 17 0.038462
51 17 0.038462
52 17 0.038462
61 17 0.038462
64 17 0.038462
71 17 0.038462
72 17 0.038462
85 17 0.038462
92 17 0.038462
98 17 0.038462
100 17 0.038462
110 17 0.038462
116 17 0.038462
117 17 0.038462
123 17 0.038462
132 17 0.038462
138 17 0.038462
3 24 0.043478
12 24 0.043478
16 24 0.043478
26 24 0.043478
31 24 0.043478
32 24 0.043478
48 24 0.043478
52 24 0.043478
53 24 0.043478
60 24 0.043478
65 24 0.043478
66 24 0.043478
67 24 0.043478
70 24 0.043478
82 24 0.043478
97 24 0.043478
98 24 0.043478
100 24 0.043478
104 24 0.043478
114 24 0.043478
132 24 0.043478
139 24 0.043478
147 24 0.043478
3 31 0.045455
22 31 0.045455
23 31 0.045455
24 31 0.045455
34 31 0.045455
37 31 0.045455
40 31 0.045455
42 31 0.045455
43 31 0.045455
45 31 0.045455
58 31 0.045455
74 31 0.045455
93 31 0.045455
97 31 0.045455
99 31 0.045455
101 31 0.045455
103 31 0.045455
107 31 0.045455
133 31 0.045455
143 31 0.045455
149 31 0.045455
152 31 0.045455
3 63 0.04
5 63 0.04
8 63 0.04
28 63 0.04
54 63 0.04
58 63 0.04
59 63 0.04
74 63 0.04
77 63 0.04
83 63 0.04
87 63 0.04
94 63 0.04
96 63 0.04
103 63 0.04
106 63 0.04
107 63 0.04
114 63 0.04
123 63 0.04
125 63 0.04
136 63 0.04
139 63 0.04
144 63 0.04
147 63 0.04
152 63 0.04
153 63 0.04
3 98 0.041667
6 98 0.041667
8 98 0.041667
13 98 0.041667
15 98 0.041667
17 98 0.041667
24 98 0.041667
33 98 0.041667
40 98 0.041667
49 98 0.041667
55 98 0.041667
56 98 0.041667
74 98 0.041667
83 98 0.041667
95 98 0.041667
96 98 0.041667
109 98 0.041667
129 98 0.041667
131 98 0.041667
145 98 0.041667
146 98 0.041667
148 98 0.041667
152 98 0.041667
155 98 0.041667
3 120 0.045455
7 120 0.045455
14 120 0.045455
25 120 0.045455
32 120 0.045455
33 120 0.045455
55 120 0.045455
60 120 0.045455
62 120 0.045455
66 120 0.045455
81 120 0.045455
88 120 0.045455
91 120 0.045455
94 120 0.045455
95 120 0.045455
105 120 0.045455
106 120 0.045455
116 120 0.045455
118 120 0.045455
125 120 0.045455
128 120 0.045455
151 120 0.045455
3 144 0.045455
5 144 0.045455
13 144 0.045455
14 144 0.045455
57 144 0.045455
59 144 0.045455
61 144 0.045455
62 144 0.045455
63 144 0.045455
71 144 0.045455
73 144 0.045455
76 144 0.045455
78 144 0.045455
91 144 0.045455
94 144 0.045455
95 144 0.045455
99 144 0.045455
128 144 0.045455
133 144 0.045455
152 144 0.045455
153 144 0.045455
155 144 0.045455
3 147 0.055556
24 147 0.055556
38 147 0.055556
54 147 0.055556
61 147 0.055556
63 147 0.055556
68 147 0.055556
71 147 0.055556
77 147 0.055556
78 147 0.055556
82 147 0.055556
87 147 0.055556
93 147 0.055556
94 147 0.055556
128 147 0.055556
146 147 0.055556
150 147 0.055556
155 147 0.055556
3 149 0.04
14 149 0.04
23 149 0.04
28 149 0.04
30 149 0.04
31 149 0.04
36 149 0.04
40 149 0.04
41 149 0.04
50 149 0.04
52 149 0.04
66 149 0.04
72 149 0.04
75 149 0.04
90 149 0.04
92 149 0.04
95 149 0.04
97 149 0.04
99 149 0.04
106 149 0.04
112 149 0.04
125 149 0.04
135 149 0.04
153 149 0.04
156 149 0.04
4 19 0.05
6 19 0.05
16 19 0.05
42 19 0.05
44 19 0.05
47 19 0.05
52 19 0.05
54 19 0.05
62 19 0.05
71 19 0.05
79 19 0.05
83 19 0.05
91 19 0.05
92 19 0.05
117 19 0.05
131 19 0.05
146 19 0.05
148 19 0.05
152 19 0.05
154 19 0.05
4 40 0.035714
8 40 0.035714
12 40 0.035714
15 40 0.035714
16 40 0.035714
31 40 0.035714
32 40 0.035714
35 40 0.035714
38 40 0.035714
42 40 0.035714
47 40 0.035714
62 40 0.035714
79 40 0.035714
86 40 0.035714
89 40 0.035714
92 40 0.035714
98 40 0.035714
101 40 0.035714
114 40 0.035714
116 40 0.035714
117 40 0.035714
126 40 0.035714
138 40 0.035714
139 40 0.035714
148 40 0.035714
149 40 0.035714
151 40 0.035714
153 40 0.035714
4 51 0.045455
16 51 0.045455
17 51 0.045455
18 51 0.045455
45 51 0.045455
52 51 0.045455
55 51 0.045455
64 51 0.045455
66 51 0.045455
72 51 0.045455
73 51 0.045455
84 51 0.045455
87 51 0.045455
93 51 0.045455
100 51 0.045455
108 51 0.045455
114 51 0.045455
118 51 0.045455
122 51 0.045455
123 51 0.045455
130 51 0.045455
142 51 0.045455
4 70 0.041667
14 70 0.041667
16 70 0.041667
22 70 0.041667
23 70 0.041667
24 70 0.041667
33 70 0.041667
35 70 0.041667
44 70 0.041667
60 70 0.041667
67 70 0.041667
69 70 0.041667
73 70 0.041667
87 70 0.041667
96 70 0.041667
101 70 0.041667
103 70 0.041667
106 70 0.041667
121 70 0.041667
123 70 0.041667
137 70 0.041667
146 70 0.041667
153 70 0.041667
156 70 0.041667
4 74 0.043478
7 74 0.043478
18 74 0.043478
25 74 0.043478
28 74 0.043478
31 74 0.043478
32 74 0.043478
35 74 0.043478
37 74 0.043478
39 74 0.043478
46 74 0.043478
60 74 0.043478
61 74 0.043478
63 74 0.043478
69 74 0.043478
76 74 0.043478
87 74 0.043478
93 74 0.043478
98 74 0.043478
106 74 0.043478
137 74 0.043478
140 74 0.043478
141 74 0.043478
4 80 0.041667
8 80 0.041667
16 80 0.041667
22 80 0.041667
28 80 0.041667
34 80 0.041667
49 80 0.041667
54 80 0.041667
61 80 0.041667
72 80 0.041667
73 80 0.041667
83 80 0.041667
88 80 0.041667
91 80 0.041667
105 80 0.041667
109 80 0.041667
111 80 0.041667
116 80 0.041667
123 80 0.041667
125 80 0.041667
145 80 0.041667
146 80 0.041667
151 80 0.041667
153 80 0.041667
4 83 0.037037
6 83 0.037037
10 83 0.037037
19 83 0.037037
23 83 0.037037
37 83 0.037037
41 83 0.037037
48 83 0.037037
49 83 0.037037
56 83 0.037037
60 83 0.037037
63 83 0.037037
67 83 0.037037
71 83 0.037037
77 83 0.037037
80 83 0.037037
81 83 0.037037
82 83 0.037037
85 83 0.037037
98 83 0.037037
106 83 0.037037
107 83 0.037037
117 83 0.037037
123 83 0.037037
128 83 0.037037
130 83 0.037037
131 83 0.037037
4 96 0.047619
5 96 0.047619
14 96 0.047619
16 96 0.047619
23 96 0.047619
32 96 0.047619
34 96 0.047619
36 96 0.047619
45 96 0.047619
47 96 0.047619
57 96 0.047619
58 96 0.047619
63 96 0.047619
70 96 0.047619
75 96 0.047619
98 96 0.047619
102 96 0.047619
122 96 0.047619
125 96 0.047619
145 96 0.047619
152 96 0.047619
4 109 0.038462
5 109 0.038462
6 109 0.038462
9 109 0.038462
12 109 0.038462
15 109 0.038462
16 109 0.038462
22 109 0.038462
26 109 0.038462
29 109 0.038462
30 109 0.038462
32 109 0.038462
49 109 0.038462
53 109 0.038462
56 109 0.038462
71 109 0.038462
80 109 0.038462
90 109 0.038462
92 109 0.038462
95 109 0.038462
98 109 0.038462
101 109 0.038462
102 109 0.038462
108 109 0.038462
110 109 0.038462
113 109 0.038462
4 137 0.045455
5 137 0.045455
11 137 0.045455
20 137 0.045455
27 137 0.045455
30 137 0.045455
50 137 0.045455
55 137 0.045455
67 137 0.045455
70 137 0.045455
74 137 0.045455
75 137 0.045455
79 137 0.045455
99 137 0.045455
104 137 0.045455
105 137 0.045455
108 137 0.045455
119 137 0.045455
126 137 0.045455
128 137 0.045455
135 137 0.045455
148 137 0.045455
5 29 0.05
8 29 0.05
12 29 0.05
15 29 0.05
26 29 0.05
32 29 0.05
43 29 0.05
46 29 0.05
53 29 0.05
61 29 0.05
75 29 0.05
95 29 0.05
105 29 0.05
109 29 0.05
112 29 0.05
115 29 0.05
124 29 0.05
134 29 0.05
143 29 0.05
154 29 0.05
5 62 0.038462
10 62 0.038462
19 62 0.038462
21 62 0.038462
22 62 0.038462
30 62 0.038462
40 62 0.038462
42 62 0.038462
43 62 0.038462
47 62 0.038462
53 62 0.038462
67 62 0.038462
82 62 0.038462
85 62 0.038462
101 62 0.038462
103 62 0.038462
105 62 0.038462
108 62 0.038462
120 62 0.038462
121 62 0.038462
127 62 0.038462
136 62 0.038462
144 62 0.038462
153 62 0.038462
154 62 0.038462
156 62 0.038462
5 75 0.032258
6 75 0.032258
9 75 0.032258
10 75 0.032258
12 75 0.032258
18 75 0.032258
25 75 0.032258
29 75 0.032258
34 75 0.032258
41 75 0.032258
44 75 0.032258
57 75 0.032258
59 75 0.032258
60 75 0.032258
61 75 0.032258
71 75 0.032258
72 75 0.032258
76 75 0.032258
79 75 0.032258
85 75 0.032258
95 75 0.032258
96 75 0.032258
102 75 0.032258
103 75 0.032258
104 75 0.032258
113 75 0.032258
134 75 0.032258
137 75 0.032258
146 75 0.032258
149 75 0.032258
152 75 0.032258
5 124 0.05
29 124 0.05
45 124 0.05
46 124 0.05
55 124 0.05
56 124 0.05
57 124 0.05
60 124 0.05
67 124 0.05
82 124 0.05
87 124 0.05
90 124 0.05
102 124 0.05
113 124 0.05
118 124 0.05
127 124 0.05
131 124 0.05
140 124 0.05
146 124 0.05
148 124 0.05
5 134 0.04
11 134 0.04
12 134 0.04
22 134 0.04
29 134 0.04
36 134 0.04
42 134 0.04
67 134 0.04
72 134 0.04
75 134 0.04
79 134 0.04
85 134 0.04
87 134 0.04
88 134 0.04
94 134 0.04
99 134 0.04
103 134 0.04
111 134 0.04
112 134 0.04
113 134 0.04
125 134 0.04
130 134 0.04
133 134 0.04
136 134 0.04
153 134 0.04
5 153 0.032258
7 153 0.032258
14 153 0.032258
18 153 0.032258
30 153 0.032258
33 153 0.032258
38 153 0.032258
40 153 0.032258
55 153 0.032258
58 153 0.032258
62 153 0.032258
63 153 0.032258
70 153 0.032258
73 153 0.032258
80 153 0.032258
87 153 0.032258
89 153 0.032258
93 153 0.032258
94 153 0.032258
100 153 0.032258
105 153 0.032258
108 153 0.032258
112 153 0.032258
113 153 0.032258
131 153 0.032258
132 153 0.032258
134 153 0.032258
136 153 0.032258
143 153 0.032258
144 153 0.032258
149 153 0.032258
6 28 0.029412
7 28 0.029412
13 28 0.029412
16 28 0.029412
23 28 0.029412
25 28 0.029412
30 28 0.029412
35 28 0.029412
37 28 0.029412
38 28 0.029412
41 28 0.029412
43 28 0.029412
45 28 0.029412
47 28 0.029412
53 28 0.029412
63 28 0.029412
74 28 0.029412
77 28 0.029412
78 28 0.029412
80 28 0.029412
82 28 0.029412
84 28 0.029412
86 28 0.029412
89 28 0.029412
101 28 0.029412
103 28 0.029412
106 28 0.029412
121 28 0.029412
125 28 0.029412
133 28 0.029412
148 28 0.029412
149 28 0.029412
152 28 0.029412
156 28 0.029412
6 46 0.047619
17 46 0.047619
20 46 0.047619
25 46 0.047619
29 46 0.047619
30 46 0.047619
32 46 0.047619
47 46 0.047619
48 46 0.047619
54 46 0.047619
66 46 0.047619
74 46 0.047619
90 46 0.047619
97 46 0.047619
114 46 0.047619
122 46 0.047619
124 46 0.047619
148 46 0.047619
151 46 0.047619
152 46 0.047619
156 46 0.047619
6 60 0.038462
12 60 0.038462
16 60 0.038462
24 60 0.038462
35 60 0.038462
36 60 0.038462
37 60 0.038462
53 60 0.038462
58 60 0.038462
67 60 0.038462
70 60 0.038462
74 60 0.038462
75 60 0.038462
81 60 0.038462
83 60 0.038462
84 60 0.038462
93 60 0.038462
95 60 0.038462
117 60 0.038462
120 60 0.038462
124 60 0.038462
126 60 0.038462
130 60 0.038462
133 60 0.038462
138 60 0.038462
145 60 0.038462
6 64 0.045455
11 64 0.045455
17 64 0.045455
21 64 0.045455
26 64 0.045455
51 64 0.045455
53 64 0.045455
56 64 0.045455
66 64 0.045455
76 64 0.045455
91 64 0.045455
93 64 0.045455
100 64 0.045455
103 64 0.045455
105 64 0.045455
110 64 0.045455
114 64 0.045455
121 64 0.045455
125 64 0.045455
126 64 0.045455
143 64 0.045455
154 64 0.045455
6 69 0.05
13 69 0.05
20 69 0.05
35 69 0.05
38 69 0.05
54 69 0.05
55 69 0.05
61 69 0.05
70 69 0.05
71 69 0.05
74 69 0.05
79 69 0.05
86 69 0.05
106 69 0.05
107 69 0.05
113 69 0.05
116 69 0.05
121 69 0.05
140 69 0.05
156 69 0.05
6 97 0.076923
8 97 0.076923
24 97 0.076923
30 97 0.076923
31 97 0.076923
46 97 0.076923
82 97 0.076923
84 97 0.076923
85 97 0.076923
103 97 0.076923
108 97 0.076923
149 97 0.076923
150 97 0.076923
6 101 0.041667
9 101 0.041667
15 101 0.041667
20 101 0.041667
28 101 0.041667
31 101 0.041667
32 101 0.041667
37 101 0.041667
40 101 0.041667
62 101 0.041667
70 101 0.041667
71 101 0.041667
72 101 0.041667
94 101 0.041667
107 101 0.041667
109 101 0.041667
110 101 0.041667
111 101 0.041667
113 101 0.041667
121 101 0.041667
130 101 0.041667
131 101 0.041667
135 101 0.041667
152 101 0.041667
6 104 0.058824
23 104 0.058824
24 104 0.058824
50 104 0.058824
52 104 0.058824
59 104 0.058824
65 104 0.058824
73 104 0.058824
75 104 0.058824
92 104 0.058824
102 104 0.058824
103 104 0.058824
132 104 0.058824
133 104 0.058824
137 104 0.058824
142 104 0.058824
146 104 0.058824
6 107 0.04
9 107 0.04
12 107 0.04
20 107 0.04
30 107 0.04
31 107 0.04
36 107 0.04
38 107 0.04
49 107 0.04
63 107 0.04
65 107 0.04
69 107 0.04
72 107 0.04
76 107 0.04
83 107 0.04
91 107 0.04
99 107 0.04
101 107 0.04
110 107 0.04
114 107 0.04
117 107 0.04
121 107 0.04
122 107 0.04
150 107 0.04
155 107 0.04
6 141 0.05
41 141 0.05
50 141 0.05
55 141 0.05
57 141 0.05
58 141 0.05
74 141 0.05
77 141 0.05
84 141 0.05
90 141 0.05
100 141 0.05
112 141 0.05
116 141 0.05
127 141 0.05
128 141 0.05
132 141 0.05
143 141 0.05
145 141 0.05
146 141 0.05
155 141 0.05
7 66 0.045455
13 66 0.045455
16 66 0.045455
24 66 0.045455
43 66 0.045455
46 66 0.045455
51 66 0.045455
52 66 0.045455
56 66 0.045455
59 66 0.045455
64 66 0.045455
103 66 0.045455
115 66 0.045455
118 66 0.045455
119 66 0.045455
120 66 0.045455
122 66 0.045455
135 66 0.045455
139 66 0.045455
143 66 0.045455
149 66 0.045455
152 66 0.045455
7 90 0.05
11 90 0.05
15 90 0.05
16 90 0.05
33 90 0.05
34 90 0.05
35 90 0.05
37 90 0.05
46 90 0.05
57 90 0.05
109 90 0.05
118 90 0.05
122 90 0.05
124 90 0.05
133 90 0.05
141 90 0.05
143 90 0.05
145 90 0.05
149 90 0.05
150 90 0.05
7 95 0.04
8 95 0.04
11 95 0.04
15 95 0.04
29 95 0.04
32 95 0.04
34 95 0.04
59 95 0.04
60 95 0.04
61 95 0.04
67 95 0.04
75 95 0.04
98 95 0.04
102 95 0.04
109 95 0.04
118 95 0.04
120 95 0.04
121 95 0.04
122 95 0.04
131 95 0.04
136 95 0.04
142 95 0.04
144 95 0.04
146 95 0.04
149 95 0.04
7 148 0.041667
9 148 0.041667
19 148 0.041667
20 148 0.041667
27 148 0.041667
28 148 0.041667
35 148 0.041667
40 148 0.041667
41 148 0.041667
44 148 0.041667
46 148 0.041667
71 148 0.041667
76 148 0.041667
79 148 0.041667
82 148 0.041667
98 148 0.041667
117 148 0.041667
118 148 0.041667
124 148 0.041667
125 148 0.041667
127 148 0.041667
137 148 0.041667
140 148 0.041667
150 148 0.041667
7 151 0.083333
21 151 0.083333
40 151 0.083333
46 151 0.083333
56 151 0.083333
80 151 0.083333
94 151 0.083333
102 151 0.083333
115 151 0.083333
118 151 0.083333
120 151 0.083333
136 151 0.083333
8 11 0.045455
45 11 0.045455
47 11 0.045455
52 11 0.045455
55 11 0.045455
56 11 0.045455
64 11 0.045455
65 11 0.045455
72 11 0.045455
77 11 0.045455
85 11 0.045455
90 11 0.045455
95 11 0.045455
115 11 0.045455
118 11 0.045455
122 11 0.045455
132 11 0.045455
134 11 0.045455
137 11 0.045455
139 11 0.045455
150 11 0.045455
156 11 0.045455
8 14 0.05
12 14 0.05
15 14 0.05
20 14 0.05
34 14 0.05
48 14 0.05
56 14 0.05
59 14 0.05
67 14 0.05
70 14 0.05
86 14 0.05
96 14 0.05
118 14 0.05
119 14 0.05
120 14 0.05
127 14 0.05
128 14 0.05
144 14 0.05
149 14 0.05
153 14 0.05
8 16 0.033333
10 16 0.033333
12 16 0.033333
15 16 0.033333
18 16 0.033333
19 16 0.033333
24 16 0.033333
27 16 0.033333
28 16 0.033333
32 16 0.033333
40 16 0.033333
51 16 0.033333
52 16 0.033333
53 16 0.033333
60 16 0.033333
65 16 0.033333
66 16 0.033333
70 16 0.033333
73 16 0.033333
80 16 0.033333
90 16 0.033333
94 16 0.033333
96 16 0.033333
109 16 0.033333
122 16 0.033333
139 16 0.033333
140 16 0.033333
154 16 0.033333
155 16 0.033333
156 16 0.033333
8 36 0.043478
18 36 0.043478
38 36 0.043478
45 36 0.043478
49 36 0.043478
50 36 0.043478
60 36 0.043478
68 36 0.043478
73 36 0.043478
76 36 0.043478
84 36 0.043478
89 36 0.043478
91 36 0.043478
96 36 0.043478
106 36 0.043478
107 36 0.043478
110 36 0.043478
129 36 0.043478
132 36 0.043478
134 36 0.043478
142 36 0.043478
146 36 0.043478
149 36 0.043478
8 45 0.055556
11 45 0.055556
25 45 0.055556
27 45 0.055556
28 45 0.055556
31 45 0.055556
36 45 0.055556
37 45 0.055556
44 45 0.055556
51 45 0.055556
55 45 0.055556
67 45 0.055556
91 45 0.055556
94 45 0.055556
96 45 0.055556
124 45 0.055556
128 45 0.055556
136 45 0.055556
8 50 0.045455
22 50 0.045455
23 50 0.045455
36 50 0.045455
72 50 0.045455
76 50 0.045455
79 50 0.045455
81 50 0.045455
86 50 0.045455
88 50 0.045455
104 50 0.045455
112 50 0.045455
113 50 0.045455
114 50 0.045455
118 50 0.045455
133 50 0.045455
137 50 0.045455
139 50 0.045455
141 50 0.045455
143 50 0.045455
149 50 0.045455
156 50 0.045455
8 56 0.047619
11 56 0.047619
14 56 0.047619
25 56 0.047619
26 56 0.047619
38 56 0.047619
64 56 0.047619
65 56 0.047619
66 56 0.047619
81 56 0.047619
83 56 0.047619
98 56 0.047619
105 56 0.047619
109 56 0.047619
111 56 0.047619
117 56 0.047619
121 56 0.047619
124 56 0.047619
127 56 0.047619
140 56 0.047619
151 56 0.047619
8 91 0.043478
13 91 0.043478
18 91 0.043478
19 91 0.043478
36 91 0.043478
45 91 0.043478
47 91 0.043478
48 91 0.043478
55 91 0.043478
61 91 0.043478
64 91 0.043478
77 91 0.043478
80 91 0.043478
85 91 0.043478
103 91 0.043478
106 91 0.043478
107 91 0.043478
114 91 0.043478
115 91 0.043478
120 91 0.043478
125 91 0.043478
136 91 0.043478
144 91 0.043478
8 117 0.025641
10 117 0.025641
17 117 0.025641
19 117 0.025641
22 117 0.025641
37 117 0.025641
40 117 0.025641
41 117 0.025641
49 117 0.025641
52 117 0.025641
56 117 0.025641
60 117 0.025641
65 117 0.025641
71 117 0.025641
73 117 0.025641
77 117 0.025641
83 117 0.025641
85 117 0.025641
87 117 0.025641
88 117 0.025641
99 117 0.025641
106 117 0.025641
107 117 0.025641
110 117 0.025641
112 117 0.025641
113 117 0.025641
116 117 0.025641
122 117 0.025641
123 117 0.025641
125 117 0.025641
128 117 0.025641
130 117 0.025641
131 117 0.025641
132 117 0.025641
133 117 0.025641
143 117 0.025641
148 117 0.025641
154 117 0.025641
156 117 0.025641
8 119 0.047619
14 119 0.047619
20 119 0.047619
30 119 0.047619
34 119 0.047619
57 119 0.047619
66 119 0.047619
68 119 0.047619
72 119 0.047619
73 119 0.047619
85 119 0.047619
86 119 0.047619
88 119 0.047619
92 119 0.047619
100 119 0.047619
116 119 0.047619
126 119 0.047619
130 119 0.047619
137 119 0.047619
142 119 0.047619
155 119 0.047619
9 67 0.037037
12 67 0.037037
14 67 0.037037
20 67 0.037037
24 67 0.037037
26 67 0.037037
30 67 0.037037
33 67 0.037037
45 67 0.037037
58 67 0.037037
59 67 0.037037
60 67 0.037037
62 67 0.037037
65 67 0.037037
70 67 0.037037
83 67 0.037037
84 67 0.037037
95 67 0.037037
103 67 0.037037
124 67 0.037037
132 67 0.037037
133 67 0.037037
134 67 0.037037
135 67 0.037037
137 67 0.037037
138 67 0.037037
143 67 0.037037
9 78 0.083333
28 78 0.083333
30 78 0.083333
34 78 0.083333
55 78 0.083333
100 78 0.083333
106 78 0.083333
116 78 0.083333
122 78 0.083333
139 78 0.083333
144 78 0.083333
147 78 0.083333
9 79 0.038462
13 79 0.038462
15 79 0.038462
19 79 0.038462
21 79 0.038462
30 79 0.038462
32 79 0.038462
33 79 0.038462
34 79 0.038462
40 79 0.038462
47 79 0.038462
48 79 0.038462
50 79 0.038462
69 79 0.038462
75 79 0.038462
86 79 0.038462
113 79 0.038462
115 79 0.038462
125 79 0.038462
132 79 0.038462
134 79 0.038462
137 79 0.038462
139 79 0.038462
143 79 0.038462
148 79 0.038462
156 79 0.038462
9 82 0.04
15 82 0.04
22 82 0.04
24 82 0.04
28 82 0.04
33 82 0.04
37 82 0.04
47 82 0.04
48 82 0.04
62 82 0.04
73 82 0.04
81 82 0.04
83 82 0.04
84 82 0.04
97 82 0.04
102 82 0.04
105 82 0.04
112 82 0.04
118 82 0.04
121 82 0.04
124 82 0.04
126 82 0.04
145 82 0.04
147 82 0.04
148 82 0.04
9 125 0.037037
13 125 0.037037
26 125 0.037037
27 125 0.037037
28 125 0.037037
35 125 0.037037
39 125 0.037037
47 125 0.037037
48 125 0.037037
63 125 0.037037
64 125 0.037037
77 125 0.037037
79 125 0.037037
80 125 0.037037
81 125 0.037037
91 125 0.037037
92 125 0.037037
94 125 0.037037
96 125 0.037037
117 125 0.037037
120 125 0.037037
126 125 0.037037
134 125 0.037037
138 125 0.037037
148 125 0.037037
149 125 0.037037
156 125 0.037037
9 131 0.047619
12 131 0.047619
19 131 0.047619
23 131 0.047619
38 131 0.047619
42 131 0.047619
44 131 0.047619
73 131 0.047619
83 131 0.047619
95 131 0.047619
98 131 0.047619
101 131 0.047619
113 131 0.047619
117 131 0.047619
118 131 0.047619
121 131 0.047619
124 131 0.047619
127 131 0.047619
140 131 0.047619
153 131 0.047619
155 131 0.047619
10 15 0.038462
14 15 0.038462
16 15 0.038462
18 15 0.038462
22 15 0.038462
29 15 0.038462
30 15 0.038462
40 15 0.038462
49 15 0.038462
68 15 0.038462
79 15 0.038462
82 15 0.038462
84 15 0.038462
90 15 0.038462
95 15 0.038462
98 15 0.038462
100 15 0.038462
101 15 0.038462
103 15 0.038462
109 15 0.038462
130 15 0.038462
136 15 0.038462
145 15 0.038462
150 15 0.038462
154 15 0.038462
156 15 0.038462
10 27 0.066667
12 27 0.066667
16 27 0.066667
18 27 0.066667
39 27 0.066667
43 27 0.066667
45 27 0.066667
65 27 0.066667
108 27 0.066667
114 27 0.066667
123 27 0.066667
125 27 0.066667
136 27 0.066667
137 27 0.066667
148 27 0.066667
10 59 0.05
14 59 0.05
32 59 0.05
42 59 0.05
47 59 0.05
49 59 0.05
63 59 0.05
66 59 0.05
67 59 0.05
71 59 0.05
75 59 0.05
77 59 0.05
84 59 0.05
95 59 0.05
104 59 0.05
123 59 0.05
126 59 0.05
127 59 0.05
139 59 0.05
144 59 0.05
10 106 0.032258
18 106 0.032258
28 106 0.032258
34 106 0.032258
35 106 0.032258
36 106 0.032258
44 106 0.032258
47 106 0.032258
48 106 0.032258
49 106 0.032258
63 106 0.032258
69 106 0.032258
70 106 0.032258
71 106 0.032258
72 106 0.032258
74 106 0.032258
78 106 0.032258
81 106 0.032258
83 106 0.032258
91 106 0.032258
94 106 0.032258
99 106 0.032258
113 106 0.032258
115 106 0.032258
117 106 0.032258
120 106 0.032258
122 106 0.032258
135 106 0.032258
146 106 0.032258
149 106 0.032258
154 106 0.032258
10 118 0.04
11 118 0.04
14 118 0.04
23 118 0.04
26 118 0.04
32 118 0.04
49 118 0.04
50 118 0.04
51 118 0.04
66 118 0.04
73 118 0.04
77 118 0.04
82 118 0.04
84 118 0.04
90 118 0.04
95 118 0.04
102 118 0.04
120 118 0.04
121 118 0.04
124 118 0.04
131 118 0.04
143 118 0.04
148 118 0.04
151 118 0.04
152 118 0.04
10 122 0.043478
11 122 0.043478
13 122 0.043478
16 122 0.043478
25 122 0.043478
46 122 0.043478
47 122 0.043478
51 122 0.043478
66 122 0.043478
78 122 0.043478
81 122 0.043478
85 122 0.043478
89 122 0.043478
90 122 0.043478
92 122 0.043478
95 122 0.043478
96 122 0.043478
106 122 0.043478
107 122 0.043478
110 122 0.043478
112 122 0.043478
117 122 0.043478
138 122 0.043478
10 129 0.0625
26 129 0.0625
36 129 0.0625
38 129 0.0625
41 129 0.0625
57 129 0.0625
68 129 0.0625
73 129 0.0625
76 129 0.0625
87 129 0.0625
98 129 0.0625
113 129 0.0625
115 129 0.0625
139 129 0.0625
140 129 0.0625
146 129 0.0625
11 55 0.043478
21 55 0.043478
45 55 0.043478
47 55 0.043478
51 55 0.043478
68 55 0.043478
69 55 0.043478
78 55 0.043478
81 55 0.043478
87 55 0.043478
91 55 0.043478
98 55 0.043478
108 55 0.043478
116 55 0.043478
120 55 0.043478
121 55 0.043478
123 55 0.043478
124 55 0.043478
128 55 0.043478
137 55 0.043478
141 55 0.043478
153 55 0.043478
154 55 0.043478
11 65 0.043478
16 65 0.043478
21 65 0.043478
24 65 0.043478
27 65 0.043478
33 65 0.043478
41 65 0.043478
49 65 0.043478
53 65 0.043478
56 65 0.043478
57 65 0.043478
58 65 0.043478
67 65 0.043478
84 65 0.043478
88 65 0.043478
104 65 0.043478
107 65 0.043478
110 65 0.043478
116 65 0.043478
117 65 0.043478
121 65 0.043478
145 65 0.043478
146 65 0.043478
11 72 0.043478
17 72 0.043478
18 72 0.043478
41 72 0.043478
50 72 0.043478
51 72 0.043478
71 72 0.043478
75 72 0.043478
80 72 0.043478
88 72 0.043478
99 72 0.043478
101 72 0.043478
102 72 0.043478
106 72 0.043478
107 72 0.043478
114 72 0.043478
119 72 0.043478
121 72 0.043478
126 72 0.043478
128 72 0.043478
134 72 0.043478
140 72 0.043478
149 72 0.043478
11 115 0.058824
21 115 0.058824
22 115 0.058824
29 115 0.058824
33 115 0.058824
38 115 0.058824
48 115 0.058824
57 115 0.058824
66 115 0.058824
79 115 0.058824
91 115 0.058824
106 115 0.058824
108 115 0.058824
128 115 0.058824
129 115 0.058824
151 115 0.058824
154 115 0.058824
11 139 0.045455
16 139 0.045455
23 139 0.045455
24 139 0.045455
40 139 0.045455
50 139 0.045455
59 139 0.045455
63 139 0.045455
66 139 0.045455
68 139 0.045455
78 139 0.045455
79 139 0.045455
93 139 0.045455
100 139 0.045455
103 139 0.045455
110 139 0.045455
111 139 0.045455
123 139 0.045455
126 139 0.045455
129 139 0.045455
132 139 0.045455
138 139 0.045455
11 150 0.058824
15 150 0.058824
30 150 0.058824
71 150 0.058824
84 150 0.058824
85 150 0.058824
90 150 0.058824
97 150 0.058824
102 150 0.058824
107 150 0.058824
110 150 0.058824
121 150 0.058824
136 150 0.058824
142 150 0.058824
145 150 0.058824
147 150 0.058824
148 150 0.058824
11 156 0.037037
15 156 0.037037
16 156 0.037037
26 156 0.037037
28 156 0.037037
32 156 0.037037
43 156 0.037037
44 156 0.037037
46 156 0.037037
48 156 0.037037
50 156 0.037037
62 156 0.037037
69 156 0.037037
70 156 0.037037
79 156 0.037037
84 156 0.037037
85 156 0.037037
105 156 0.037037
108 156 0.037037
111 156 0.037037
117 156 0.037037
125 156 0.037037
142 156 0.037037
143 156 0.037037
146 156 0.037037
149 156 0.037037
155 156 0.037037
12 18 0.035714
15 18 0.035714
16 18 0.035714
20 18 0.035714
22 18 0.035714
25 18 0.035714
27 18 0.035714
32 18 0.035714
36 18 0.035714
39 18 0.035714
51 18 0.035714
53 18 0.035714
68 18 0.035714
72 18 0.035714
74 18 0.035714
75 18 0.035714
86 18 0.035714
91 18 0.035714
102 18 0.035714
105 18 0.035714
106 18 0.035714
112 18 0.035714
123 18 0.035714
128 18 0.035714
135 18 0.035714
138 18 0.035714
140 18 0.035714
153 18 0.035714
12 41 0.05
17 41 0.05
28 41 0.05
35 41 0.05
39 41 0.05
65 41 0.05
72 41 0.05
75 41 0.05
77 41 0.05
83 41 0.05
87 41 0.05
102 41 0.05
111 41 0.05
117 41 0.05
129 41 0.05
136 41 0.05
141 41 0.05
148 41 0.05
149 41 0.05
155 41 0.05
12 103 0.03125
15 103 0.03125
20 103 0.03125
22 103 0.03125
28 103 0.03125
31 103 0.03125
38 103 0.03125
52 103 0.03125
61 103 0.03125
62 103 0.03125
63 103 0.03125
64 103 0.03125
66 103 0.03125
67 103 0.03125
70 103 0.03125
73 103 0.03125
75 103 0.03125
77 103 0.03125
88 103 0.03125
91 103 0.03125
94 103 0.03125
97 103 0.03125
104 103 0.03125
105 103 0.03125
108 103 0.03125
121 103 0.03125
134 103 0.03125
135 103 0.03125
136 103 0.03125
139 103 0.03125
140 103 0.03125
154 103 0.03125
12 105 0.04
13 105 0.04
18 105 0.04
29 105 0.04
47 105 0.04
49 105 0.04
56 105 0.04
62 105 0.04
64 105 0.04
80 105 0.04
82 105 0.04
84 105 0.04
89 105 0.04
103 105 0.04
116 105 0.04
120 105 0.04
121 105 0.04
123 105 0.04
130 105 0.04
132 105 0.04
133 105 0.04
137 105 0.04
143 105 0.04
153 105 0.04
156 105 0.04
12 113 0.041667
13 113 0.041667
32 113 0.041667
43 113 0.041667
44 113 0.041667
48 113 0.041667
50 113 0.041667
69 113 0.041667
75 113 0.041667
76 113 0.041667
79 113 0.041667
101 113 0.041667
106 113 0.041667
109 113 0.041667
117 113 0.041667
124 113 0.041667
128 113 0.041667
129 113 0.041667
131 113 0.041667
134 113 0.041667
138 113 0.041667
140 113 0.041667
145 113 0.041667
153 113 0.041667
12 146 0.045455
13 146 0.045455
19 146 0.045455
33 146 0.045455
34 146 0.045455
36 146 0.045455
65 146 0.045455
70 146 0.045455
71 146 0.045455
75 146 0.045455
80 146 0.045455
95 146 0.045455
98 146 0.045455
104 146 0.045455
106 146 0.045455
114 146 0.045455
124 146 0.045455
129 146 0.045455
141 146 0.045455
147 146 0.045455
155 146 0.045455
156 146 0.045455
13 39 0.066667
18 39 0.066667
27 39 0.066667
41 39 0.066667
42 39 0.066667
52 39 0.066667
68 39 0.066667
74 39 0.066667
112 39 0.066667
114 39 0.066667
123 39 0.066667
125 39 0.066667
130 39 0.066667
135 39 0.066667
152 39 0.066667
13 102 0.037037
18 102 0.037037
22 102 0.037037
25 102 0.037037
41 102 0.037037
47 102 0.037037
49 102 0.037037
72 102 0.037037
75 102 0.037037
82 102 0.037037
85 102 0.037037
86 102 0.037037
93 102 0.037037
94 102 0.037037
95 102 0.037037
96 102 0.037037
100 102 0.037037
104 102 0.037037
109 102 0.037037
118 102 0.037037
124 102 0.037037
127 102 0.037037
143 102 0.037037
150 102 0.037037
151 102 0.037037
152 102 0.037037
155 102 0.037037
13 126 0.055556
20 126 0.055556
40 126 0.055556
42 126 0.055556
53 126 0.055556
59 126 0.055556
60 126 0.055556
64 126 0.055556
72 126 0.055556
73 126 0.055556
82 126 0.055556
93 126 0.055556
100 126 0.055556
119 126 0.055556
125 126 0.055556
132 126 0.055556
137 126 0.055556
139 126 0.055556
14 34 0.045455
31 34 0.045455
32 34 0.045455
35 34 0.045455
38 34 0.045455
57 34 0.045455
75 34 0.045455
77 34 0.045455
78 34 0.045455
79 34 0.045455
80 34 0.045455
90 34 0.045455
95 34 0.045455
96 34 0.045455
106 34 0.045455
112 34 0.045455
114 34 0.045455
119 34 0.045455
128 34 0.045455
140 34 0.045455
146 34 0.045455
154 34 0.045455
15 84 0.035714
21 84 0.035714
28 84 0.035714
32 84 0.035714
36 84 0.035714
51 84 0.035714
53 84 0.035714
57 84 0.035714
59 84 0.035714
60 84 0.035714
65 84 0.035714
67 84 0.035714
73 84 0.035714
82 84 0.035714
88 84 0.035714
93 84 0.035714
97 84 0.035714
100 84 0.035714
105 84 0.035714
110 84 0.035714
118 84 0.035714
121 84 0.035714
130 84 0.035714
132 84 0.035714
141 84 0.035714
150 84 0.035714
155 84 0.035714
156 84 0.035714
15 100 0.043478
17 100 0.043478
24 100 0.043478
35 100 0.043478
42 100 0.043478
43 100 0.043478
44 100 0.043478
47 100 0.043478
51 100 0.043478
64 100 0.043478
78 100 0.043478
81 100 0.043478
84 100 0.043478
85 100 0.043478
88 100 0.043478
102 100 0.043478
119 100 0.043478
126 100 0.043478
135 100 0.043478
139 100 0.043478
141 100 0.043478
145 100 0.043478
153 100 0.043478
15 136 0.066667
27 136 0.066667
41 136 0.066667
45 136 0.066667
62 136 0.066667
63 136 0.066667
71 136 0.066667
91 136 0.066667
95 136 0.066667
103 136 0.066667
108 136 0.066667
134 136 0.066667
150 136 0.066667
151 136 0.066667
153 136 0.066667
15 145 0.066667
60 145 0.066667
65 145 0.066667
68 145 0.066667
80 145 0.066667
82 145 0.066667
90 145 0.066667
96 145 0.066667
98 145 0.066667
100 145 0.066667
113 145 0.066667
127 145 0.066667
140 145 0.066667
141 145 0.066667
150 145 0.066667
16 32 0.037037
18 32 0.037037
24 32 0.037037
29 32 0.037037
34 32 0.037037
40 32 0.037037
44 32 0.037037
46 32 0.037037
47 32 0.037037
59 32 0.037037
71 32 0.037037
74 32 0.037037
77 32 0.037037
79 32 0.037037
84 32 0.037037
95 32 0.037037
96 32 0.037037
99 32 0.037037
101 32 0.037037
108 32 0.037037
109 32 0.037037
113 32 0.037037
116 32 0.037037
118 32 0.037037
120 32 0.037037
135 32 0.037037
156 32 0.037037
16 53 0.05
18 53 0.05
20 53 0.05
21 53 0.05
24 53 0.05
28 53 0.05
29 53 0.05
33 53 0.05
43 53 0.05
49 53 0.05
60 53 0.05
62 53 0.05
64 53 0.05
65 53 0.05
84 53 0.05
109 53 0.05
126 53 0.05
127 53 0.05
128 53 0.05
135 53 0.05
17 25 0.045455
18 25 0.045455
20 25 0.045455
21 25 0.045455
28 25 0.045455
45 25 0.045455
46 25 0.045455
54 25 0.045455
56 25 0.045455
74 25 0.045455
75 25 0.045455
77 25 0.045455
102 25 0.045455
111 25 0.045455
112 25 0.045455
120 25 0.045455
122 25 0.045455
123 25 0.045455
128 25 0.045455
140 25 0.045455
142 25 0.045455
154 25 0.045455
17 92 0.055556
19 92 0.055556
26 92 0.055556
33 92 0.055556
35 92 0.055556
40 92 0.055556
42 92 0.055556
81 92 0.055556
104 92 0.055556
109 92 0.055556
119 92 0.055556
122 92 0.055556
123 92 0.055556
125 92 0.055556
132 92 0.055556
135 92 0.055556
140 92 0.055556
149 92 0.055556
17 110 0.055556
22 110 0.055556
30 110 0.055556
36 110 0.055556
52 110 0.055556
64 110 0.055556
65 110 0.055556
71 110 0.055556
84 110 0.055556
101 110 0.055556
107 110 0.055556
109 110 0.055556
117 110 0.055556
122 110 0.055556
123 110 0.055556
139 110 0.055556
143 110 0.055556
150 110 0.055556
17 116 0.043478
22 116 0.043478
30 116 0.043478
32 116 0.043478
35 116 0.043478
40 116 0.043478
55 116 0.043478
57 116 0.043478
65 116 0.043478
68 116 0.043478
69 116 0.043478
77 116 0.043478
78 116 0.043478
80 116 0.043478
85 116 0.043478
86 116 0.043478
87 116 0.043478
105 116 0.043478
117 116 0.043478
119 116 0.043478
120 116 0.043478
135 116 0.043478
141 116 0.043478
18 112 0.05
21 112 0.05
22 112 0.05
25 112 0.05
29 112 0.05
34 112 0.05
37 112 0.05
39 112 0.05
50 112 0.05
82 112 0.05
87 112 0.05
117 112 0.05
122 112 0.05
128 112 0.05
133 112 0.05
134 112 0.05
135 112 0.05
141 112 0.05
149 112 0.05
153 112 0.05
19 44 0.058824
23 44 0.058824
26 44 0.058824
32 44 0.058824
45 44 0.058824
48 44 0.058824
49 44 0.058824
70 44 0.058824
75 44 0.058824
85 44 0.058824
100 44 0.058824
106 44 0.058824
113 44 0.058824
131 44 0.058824
132 44 0.058824
148 44 0.058824
156 44 0.058824
20 87 0.045455
41 87 0.045455
51 87 0.045455
55 87 0.045455
58 87 0.045455
63 87 0.045455
70 87 0.045455
74 87 0.045455
85 87 0.045455
88 87 0.045455
89 87 0.045455
99 87 0.045455
108 87 0.045455
112 87 0.045455
116 87 0.045455
117 87 0.045455
124 87 0.045455
129 87 0.045455
134 87 0.045455
138 87 0.045455
147 87 0.045455
153 87 0.045455
25 142 0.1
36 142 0.1
48 142 0.1
49 142 0.1
51 142 0.1
95 142 0.1
104 142 0.1
119 142 0.1
150 142 0.1
156 142 0.1
38 88 0.052632
48 88 0.052632
50 88 0.052632
65 88 0.052632
72 88 0.052632
80 88 0.052632
84 88 0.052632
85 88 0.052632
87 88 0.052632
99 88 0.052632
100 88 0.052632
103 88 0.052632
111 88 0.052632
117 88 0.052632
119 88 0.052632
120 88 0.052632
132 88 0.052632
133 88 0.052632
134 88 0.052632
3 0 0.066667
12 0 0.066667
13 0 0.066667
23 0 0.066667
26 0 0.066667
33 0 0.066667
35 0 0.066667
52 0 0.066667
58 0 0.066667
77 0 0.066667
108 0 0.066667
114 0 0.066667
135 0 0.066667
143 0 0.066667
155 0 0.066667
4 1 0.055556
9 1 0.055556
43 1 0.055556
48 1 0.055556
52 1 0.055556
68 1 0.055556
71 1 0.055556
73 1 0.055556
76 1 0.055556
81 1 0.055556
85 1 0.055556
111 1 0.055556
114 1 0.055556
123 1 0.055556
130 1 0.055556
132 1 0.055556
152 1 0.055556
155 1 0.055556
13 2 0.034483
20 2 0.034483
22 2 0.034483
23 2 0.034483
30 2 0.034483
37 2 0.034483
38 2 0.034483
42 2 0.034483
47 2 0.034483
48 2 0.034483
49 2 0.034483
54 2 0.034483
57 2 0.034483
61 2 0.034483
86 2 0.034483
89 2 0.034483
93 2 0.034483
94 2 0.034483
99 2 0.034483
121 2 0.034483
127 2 0.034483
128 2 0.034483
133 2 0.034483
135 2 0.034483
138 2 0.034483
140 2 0.034483
143 2 0.034483
154 2 0.034483
155 2 0.034483
22 5 0.043478
23 5 0.043478
29 5 0.043478
33 5 0.043478
47 5 0.043478
62 5 0.043478
63 5 0.043478
71 5 0.043478
73 5 0.043478
75 5 0.043478
76 5 0.043478
96 5 0.043478
99 5 0.043478
109 5 0.043478
121 5 0.043478
124 5 0.043478
130 5 0.043478
134 5 0.043478
137 5 0.043478
138 5 0.043478
143 5 0.043478
144 5 0.043478
153 5 0.043478
9 6 0.045455
19 6 0.045455
28 6 0.045455
30 6 0.045455
46 6 0.045455
60 6 0.045455
64 6 0.045455
69 6 0.045455
75 6 0.045455
83 6 0.045455
97 6 0.045455
98 6 0.045455
101 6 0.045455
104 6 0.045455
107 6 0.045455
108 6 0.045455
109 6 0.045455
114 6 0.045455
135 6 0.045455
141 6 0.045455
143 6 0.045455
154 6 0.045455
28 7 0.071429
66 7 0.071429
74 7 0.071429
77 7 0.071429
86 7 0.071429
90 7 0.071429
93 7 0.071429
95 7 0.071429
120 7 0.071429
123 7 0.071429
148 7 0.071429
151 7 0.071429
153 7 0.071429
154 7 0.071429
11 8 0.041667
14 8 0.041667
16 8 0.041667
17 8 0.041667
29 8 0.041667
36 8 0.041667
40 8 0.041667
45 8 0.041667
50 8 0.041667
56 8 0.041667
63 8 0.041667
71 8 0.041667
80 8 0.041667
89 8 0.041667
91 8 0.041667
95 8 0.041667
97 8 0.041667
98 8 0.041667
99 8 0.041667
117 8 0.041667
119 8 0.041667
127 8 0.041667
128 8 0.041667
138 8 0.041667
15 10 0.05
16 10 0.05
27 10 0.05
30 10 0.05
57 10 0.05
59 10 0.05
62 10 0.05
71 10 0.05
75 10 0.05
77 10 0.05
83 10 0.05
86 10 0.05
106 10 0.05
111 10 0.05
117 10 0.05
118 10 0.05
121 10 0.05
122 10 0.05
128 10 0.05
129 10 0.05
25 21 0.047619
30 21 0.047619
47 21 0.047619
53 21 0.047619
55 21 0.047619
62 21 0.047619
64 21 0.047619
65 21 0.047619
79 21 0.047619
81 21 0.047619
84 21 0.047619
93 21 0.047619
111 21 0.047619
112 21 0.047619
115 21 0.047619
121 21 0.047619
123 21 0.047619
138 21 0.047619
140 21 0.047619
151 21 0.047619
152 21 0.047619
