0 1 0.142857
2 1 0.142857
3 1 0.142857
116 1 0.142857
4 1 0.142857
115 1 0.142857
5 1 0.142857
0 116 0.125
1 116 0.125
2 116 0.125
3 116 0.125
112 116 0.125
113 116 0.125
114 116 0.125
115 116 0.125
0 2 0.111111
1 2 0.111111
3 2 0.111111
5 2 0.111111
116 2 0.111111
6 2 0.111111
115 2 0.111111
17 2 0.111111
38 2 0.111111
0 115 0.125
1 115 0.125
2 115 0.125
111 115 0.125
112 115 0.125
113 115 0.125
114 115 0.125
116 115 0.125
0 3 0.111111
1 3 0.111111
2 3 0.111111
4 3 0.111111
5 3 0.111111
6 3 0.111111
7 3 0.111111
116 3 0.111111
107 3 0.111111
0 114 0.125
100 114 0.125
110 114 0.125
111 114 0.125
112 114 0.125
113 114 0.125
115 114 0.125
116 114 0.125
0 4 0.125
1 4 0.125
3 4 0.125
5 4 0.125
6 4 0.125
8 4 0.125
72 4 0.125
59 4 0.125
0 113 0.125
109 113 0.125
110 113 0.125
111 113 0.125
112 113 0.125
114 113 0.125
115 113 0.125
116 113 0.125
1 5 0.111111
2 5 0.111111
3 5 0.111111
4 5 0.111111
6 5 0.111111
7 5 0.111111
8 5 0.111111
9 5 0.111111
105 5 0.111111
2 6 0.111111
3 6 0.111111
4 6 0.111111
5 6 0.111111
7 6 0.111111
8 6 0.111111
9 6 0.111111
10 6 0.111111
77 6 0.111111
2 17 0.1
13 17 0.1
14 17 0.1
15 17 0.1
16 17 0.1
18 17 0.1
19 17 0.1
20 17 0.1
21 17 0.1
88 17 0.1
2 38 0.125
34 38 0.125
35 38 0.125
36 38 0.125
37 38 0.125
40 38 0.125
42 38 0.125
100 38 0.125
3 7 0.142857
5 7 0.142857
6 7 0.142857
8 7 0.142857
9 7 0.142857
10 7 0.142857
11 7 0.142857
3 107 0.111111
61 107 0.111111
88 107 0.111111
103 107 0.111111
104 107 0.111111
105 107 0.111111
106 107 0.111111
108 107 0.111111
110 107 0.111111
4 8 0.111111
5 8 0.111111
6 8 0.111111
7 8 0.111111
9 8 0.111111
10 8 0.111111
11 8 0.111111
12 8 0.111111
46 8 0.111111
4 72 0.111111
68 72 0.111111
69 72 0.111111
70 72 0.111111
71 72 0.111111
73 72 0.111111
74 72 0.111111
75 72 0.111111
76 72 0.111111
4 59 0.125
43 59 0.125
55 59 0.125
56 59 0.125
57 59 0.125
58 59 0.125
60 59 0.125
61 59 0.125
5 9 0.125
6 9 0.125
7 9 0.125
8 9 0.125
10 9 0.125
11 9 0.125
12 9 0.125
13 9 0.125
5 105 0.142857
18 105 0.142857
101 105 0.142857
102 105 0.142857
104 105 0.142857
106 105 0.142857
107 105 0.142857
6 10 0.125
7 10 0.125
8 10 0.125
9 10 0.125
11 10 0.125
12 10 0.125
13 10 0.125
14 10 0.125
6 77 0.111111
66 77 0.111111
73 77 0.111111
74 77 0.111111
75 77 0.111111
76 77 0.111111
78 77 0.111111
79 77 0.111111
80 77 0.111111
7 11 0.125
8 11 0.125
9 11 0.125
10 11 0.125
12 11 0.125
13 11 0.125
14 11 0.125
28 11 0.125
8 12 0.125
9 12 0.125
10 12 0.125
11 12 0.125
13 12 0.125
14 12 0.125
15 12 0.125
16 12 0.125
8 46 0.125
42 46 0.125
43 46 0.125
44 46 0.125
45 46 0.125
47 46 0.125
49 46 0.125
50 46 0.125
9 13 0.111111
10 13 0.111111
11 13 0.111111
12 13 0.111111
14 13 0.111111
15 13 0.111111
16 13 0.111111
17 13 0.111111
76 13 0.111111
10 14 0.111111
11 14 0.111111
12 14 0.111111
13 14 0.111111
16 14 0.111111
17 14 0.111111
18 14 0.111111
27 14 0.111111
103 14 0.111111
11 28 0.111111
24 28 0.111111
25 28 0.111111
26 28 0.111111
27 28 0.111111
29 28 0.111111
30 28 0.111111
31 28 0.111111
32 28 0.111111
12 15 0.166667
13 15 0.166667
16 15 0.166667
17 15 0.166667
18 15 0.166667
35 15 0.166667
12 16 0.125
13 16 0.125
14 16 0.125
15 16 0.125
17 16 0.125
18 16 0.125
19 16 0.125
20 16 0.125
13 76 0.142857
66 76 0.142857
72 76 0.142857
74 76 0.142857
75 76 0.142857
77 76 0.142857
79 76 0.142857
14 18 0.111111
15 18 0.111111
16 18 0.111111
17 18 0.111111
19 18 0.111111
20 18 0.111111
21 18 0.111111
22 18 0.111111
105 18 0.111111
14 27 0.111111
23 27 0.111111
24 27 0.111111
25 27 0.111111
26 27 0.111111
28 27 0.111111
29 27 0.111111
30 27 0.111111
83 27 0.111111
14 103 0.125
99 103 0.125
100 103 0.125
101 103 0.125
102 103 0.125
104 103 0.125
106 103 0.125
107 103 0.125
15 35 0.125
31 35 0.125
32 35 0.125
34 35 0.125
36 35 0.125
37 35 0.125
38 35 0.125
39 35 0.125
16 19 0.125
17 19 0.125
18 19 0.125
20 19 0.125
21 19 0.125
22 19 0.125
23 19 0.125
99 19 0.125
16 20 0.125
17 20 0.125
18 20 0.125
19 20 0.125
21 20 0.125
22 20 0.125
23 20 0.125
24 20 0.125
17 21 0.125
18 21 0.125
19 21 0.125
20 21 0.125
22 21 0.125
23 21 0.125
24 21 0.125
25 21 0.125
17 88 0.111111
84 88 0.111111
85 88 0.111111
86 88 0.111111
87 88 0.111111
89 88 0.111111
90 88 0.111111
92 88 0.111111
107 88 0.111111
18 22 0.111111
19 22 0.111111
20 22 0.111111
21 22 0.111111
23 22 0.111111
24 22 0.111111
25 22 0.111111
26 22 0.111111
65 22 0.111111
19 23 0.125
20 23 0.125
21 23 0.125
22 23 0.125
24 23 0.125
25 23 0.125
26 23 0.125
27 23 0.125
19 99 0.125
49 99 0.125
95 99 0.125
96 99 0.125
97 99 0.125
98 99 0.125
102 99 0.125
103 99 0.125
20 24 0.125
21 24 0.125
22 24 0.125
23 24 0.125
25 24 0.125
26 24 0.125
27 24 0.125
28 24 0.125
21 25 0.125
22 25 0.125
23 25 0.125
24 25 0.125
26 25 0.125
27 25 0.125
28 25 0.125
33 25 0.125
22 26 0.125
23 26 0.125
24 26 0.125
25 26 0.125
27 26 0.125
28 26 0.125
30 26 0.125
80 26 0.125
22 65 0.142857
61 65 0.142857
62 65 0.142857
64 65 0.142857
67 65 0.142857
69 65 0.142857
73 65 0.142857
25 33 0.125
29 33 0.125
30 33 0.125
31 33 0.125
34 33 0.125
36 33 0.125
37 33 0.125
40 33 0.125
26 30 0.125
27 30 0.125
28 30 0.125
29 30 0.125
31 30 0.125
32 30 0.125
33 30 0.125
34 30 0.125
26 80 0.125
77 80 0.125
78 80 0.125
79 80 0.125
81 80 0.125
82 80 0.125
83 80 0.125
84 80 0.125
27 29 0.166667
28 29 0.166667
30 29 0.166667
31 29 0.166667
32 29 0.166667
33 29 0.166667
27 83 0.111111
79 83 0.111111
80 83 0.111111
81 83 0.111111
82 83 0.111111
84 83 0.111111
85 83 0.111111
86 83 0.111111
87 83 0.111111
28 31 0.142857
29 31 0.142857
30 31 0.142857
32 31 0.142857
33 31 0.142857
34 31 0.142857
35 31 0.142857
28 32 0.125
29 32 0.125
30 32 0.125
31 32 0.125
35 32 0.125
36 32 0.125
47 32 0.125
104 32 0.125
30 34 0.142857
31 34 0.142857
33 34 0.142857
35 34 0.142857
36 34 0.142857
37 34 0.142857
38 34 0.142857
32 36 0.125
33 36 0.125
34 36 0.125
35 36 0.125
37 36 0.125
38 36 0.125
39 36 0.125
40 36 0.125
32 47 0.111111
43 47 0.111111
44 47 0.111111
45 47 0.111111
46 47 0.111111
49 47 0.111111
50 47 0.111111
51 47 0.111111
61 47 0.111111
32 104 0.111111
60 104 0.111111
100 104 0.111111
101 104 0.111111
102 104 0.111111
103 104 0.111111
105 104 0.111111
106 104 0.111111
107 104 0.111111
33 37 0.125
34 37 0.125
35 37 0.125
36 37 0.125
38 37 0.125
39 37 0.125
41 37 0.125
69 37 0.125
33 40 0.125
36 40 0.125
38 40 0.125
39 40 0.125
41 40 0.125
42 40 0.125
43 40 0.125
44 40 0.125
35 39 0.142857
36 39 0.142857
37 39 0.142857
40 39 0.142857
41 39 0.142857
42 39 0.142857
43 39 0.142857
37 41 0.142857
39 41 0.142857
40 41 0.142857
42 41 0.142857
43 41 0.142857
44 41 0.142857
45 41 0.142857
37 69 0.111111
65 69 0.111111
66 69 0.111111
67 69 0.111111
68 69 0.111111
70 69 0.111111
71 69 0.111111
72 69 0.111111
73 69 0.111111
38 42 0.125
39 42 0.125
40 42 0.125
41 42 0.125
43 42 0.125
44 42 0.125
45 42 0.125
46 42 0.125
38 100 0.1
55 100 0.1
96 100 0.1
97 100 0.1
98 100 0.1
101 100 0.1
102 100 0.1
103 100 0.1
104 100 0.1
114 100 0.1
39 43 0.1
40 43 0.1
41 43 0.1
42 43 0.1
44 43 0.1
45 43 0.1
46 43 0.1
47 43 0.1
90 43 0.1
59 43 0.1
40 44 0.125
41 44 0.125
42 44 0.125
43 44 0.125
45 44 0.125
46 44 0.125
47 44 0.125
48 44 0.125
41 45 0.125
42 45 0.125
43 45 0.125
44 45 0.125
46 45 0.125
47 45 0.125
48 45 0.125
49 45 0.125
43 90 0.125
86 90 0.125
87 90 0.125
88 90 0.125
89 90 0.125
91 90 0.125
93 90 0.125
94 90 0.125
44 48 0.166667
45 48 0.166667
49 48 0.166667
50 48 0.166667
51 48 0.166667
52 48 0.166667
45 49 0.111111
46 49 0.111111
47 49 0.111111
48 49 0.111111
50 49 0.111111
51 49 0.111111
52 49 0.111111
53 49 0.111111
99 49 0.111111
46 50 0.125
47 50 0.125
48 50 0.125
49 50 0.125
51 50 0.125
52 50 0.125
53 50 0.125
54 50 0.125
47 51 0.111111
48 51 0.111111
49 51 0.111111
50 51 0.111111
52 51 0.111111
53 51 0.111111
54 51 0.111111
55 51 0.111111
94 51 0.111111
47 61 0.1
57 61 0.1
58 61 0.1
59 61 0.1
60 61 0.1
63 61 0.1
64 61 0.1
65 61 0.1
107 61 0.1
70 61 0.1
48 52 0.125
49 52 0.125
50 52 0.125
51 52 0.125
54 52 0.125
55 52 0.125
56 52 0.125
58 52 0.125
49 53 0.142857
50 53 0.142857
51 53 0.142857
54 53 0.142857
55 53 0.142857
56 53 0.142857
57 53 0.142857
50 54 0.125
51 54 0.125
52 54 0.125
53 54 0.125
55 54 0.125
56 54 0.125
57 54 0.125
58 54 0.125
51 55 0.125
52 55 0.125
53 55 0.125
54 55 0.125
56 55 0.125
59 55 0.125
100 55 0.125
92 55 0.125
51 94 0.111111
90 94 0.111111
91 94 0.111111
92 94 0.111111
93 94 0.111111
95 94 0.111111
97 94 0.111111
98 94 0.111111
102 94 0.111111
52 56 0.125
53 56 0.125
54 56 0.125
55 56 0.125
57 56 0.125
58 56 0.125
59 56 0.125
60 56 0.125
52 58 0.111111
54 58 0.111111
56 58 0.111111
57 58 0.111111
59 58 0.111111
60 58 0.111111
61 58 0.111111
62 58 0.111111
63 58 0.111111
53 57 0.142857
54 57 0.142857
56 57 0.142857
58 57 0.142857
59 57 0.142857
60 57 0.142857
61 57 0.142857
55 92 0.125
88 92 0.125
89 92 0.125
91 92 0.125
94 92 0.125
95 92 0.125
96 92 0.125
97 92 0.125
56 60 0.111111
57 60 0.111111
58 60 0.111111
59 60 0.111111
61 60 0.111111
62 60 0.111111
63 60 0.111111
64 60 0.111111
104 60 0.111111
58 62 0.166667
60 62 0.166667
63 62 0.166667
64 62 0.166667
65 62 0.166667
101 62 0.166667
58 63 0.142857
60 63 0.142857
61 63 0.142857
62 63 0.142857
64 63 0.142857
66 63 0.142857
67 63 0.142857
60 64 0.125
61 64 0.125
62 64 0.125
63 64 0.125
65 64 0.125
66 64 0.125
67 64 0.125
68 64 0.125
61 70 0.125
66 70 0.125
67 70 0.125
68 70 0.125
69 70 0.125
72 70 0.125
73 70 0.125
74 70 0.125
62 101 0.125
97 101 0.125
98 101 0.125
100 101 0.125
102 101 0.125
103 101 0.125
104 101 0.125
105 101 0.125
63 66 0.142857
64 66 0.142857
68 66 0.142857
69 66 0.142857
70 66 0.142857
77 66 0.142857
76 66 0.142857
63 67 0.142857
64 67 0.142857
65 67 0.142857
68 67 0.142857
69 67 0.142857
70 67 0.142857
71 67 0.142857
64 68 0.142857
66 68 0.142857
67 68 0.142857
69 68 0.142857
70 68 0.142857
71 68 0.142857
72 68 0.142857
65 73 0.111111
69 73 0.111111
70 73 0.111111
71 73 0.111111
72 73 0.111111
74 73 0.111111
75 73 0.111111
77 73 0.111111
82 73 0.111111
67 71 0.142857
68 71 0.142857
69 71 0.142857
72 71 0.142857
73 71 0.142857
74 71 0.142857
75 71 0.142857
70 74 0.125
71 74 0.125
72 74 0.125
73 74 0.125
75 74 0.125
76 74 0.125
77 74 0.125
78 74 0.125
71 75 0.125
72 75 0.125
73 75 0.125
74 75 0.125
76 75 0.125
77 75 0.125
78 75 0.125
79 75 0.125
73 82 0.111111
78 82 0.111111
79 82 0.111111
80 82 0.111111
81 82 0.111111
83 82 0.111111
84 82 0.111111
85 82 0.111111
86 82 0.111111
74 78 0.142857
75 78 0.142857
77 78 0.142857
79 78 0.142857
80 78 0.142857
81 78 0.142857
82 78 0.142857
75 79 0.125
76 79 0.125
77 79 0.125
78 79 0.125
80 79 0.125
81 79 0.125
82 79 0.125
83 79 0.125
78 81 0.142857
79 81 0.142857
80 81 0.142857
82 81 0.142857
83 81 0.142857
84 81 0.142857
98 81 0.142857
80 84 0.125
81 84 0.125
82 84 0.125
83 84 0.125
85 84 0.125
86 84 0.125
87 84 0.125
88 84 0.125
81 98 0.111111
94 98 0.111111
95 98 0.111111
96 98 0.111111
97 98 0.111111
99 98 0.111111
100 98 0.111111
101 98 0.111111
102 98 0.111111
82 85 0.142857
83 85 0.142857
84 85 0.142857
86 85 0.142857
87 85 0.142857
88 85 0.142857
89 85 0.142857
82 86 0.125
83 86 0.125
84 86 0.125
85 86 0.125
87 86 0.125
88 86 0.125
89 86 0.125
90 86 0.125
83 87 0.125
84 87 0.125
85 87 0.125
86 87 0.125
88 87 0.125
89 87 0.125
90 87 0.125
91 87 0.125
85 89 0.125
86 89 0.125
87 89 0.125
88 89 0.125
90 89 0.125
91 89 0.125
92 89 0.125
93 89 0.125
87 91 0.142857
89 91 0.142857
90 91 0.142857
92 91 0.142857
93 91 0.142857
94 91 0.142857
95 91 0.142857
89 93 0.142857
90 93 0.142857
91 93 0.142857
94 93 0.142857
95 93 0.142857
96 93 0.142857
97 93 0.142857
91 95 0.125
92 95 0.125
93 95 0.125
94 95 0.125
96 95 0.125
97 95 0.125
98 95 0.125
99 95 0.125
92 96 0.142857
93 96 0.142857
95 96 0.142857
97 96 0.142857
98 96 0.142857
99 96 0.142857
100 96 0.142857
92 97 0.111111
93 97 0.111111
94 97 0.111111
95 97 0.111111
96 97 0.111111
98 97 0.111111
99 97 0.111111
100 97 0.111111
101 97 0.111111
94 102 0.125
98 102 0.125
99 102 0.125
100 102 0.125
101 102 0.125
103 102 0.125
104 102 0.125
105 102 0.125
103 106 0.142857
104 106 0.142857
105 106 0.142857
107 106 0.142857
108 106 0.142857
109 106 0.142857
110 106 0.142857
106 108 0.166667
107 108 0.166667
109 108 0.166667
110 108 0.166667
111 108 0.166667
112 108 0.166667
106 109 0.166667
108 109 0.166667
110 109 0.166667
111 109 0.166667
112 109 0.166667
113 109 0.166667
106 110 0.125
107 110 0.125
108 110 0.125
109 110 0.125
111 110 0.125
112 110 0.125
113 110 0.125
114 110 0.125
108 111 0.142857
109 111 0.142857
110 111 0.142857
112 111 0.142857
113 111 0.142857
114 111 0.142857
115 111 0.142857
108 112 0.125
109 112 0.125
110 112 0.125
111 112 0.125
113 112 0.125
114 112 0.125
115 112 0.125
116 112 0.125
1 0 0.125
116 0 0.125
2 0 0.125
115 0 0.125
3 0 0.125
114 0 0.125
4 0 0.125
113 0 0.125
