0 1 0.111111
170 1 0.111111
4 1 0.111111
169 1 0.111111
5 1 0.111111
168 1 0.111111
133 1 0.111111
55 1 0.111111
81 1 0.111111
0 170 0.125
1 170 0.125
2 170 0.125
3 170 0.125
159 170 0.125
166 170 0.125
167 170 0.125
169 170 0.125
0 169 0.142857
1 169 0.142857
2 169 0.142857
165 169 0.142857
166 169 0.142857
167 169 0.142857
170 169 0.142857
0 3 0.142857
2 3 0.142857
4 3 0.142857
5 3 0.142857
7 3 0.142857
170 3 0.142857
20 3 0.142857
0 168 0.125
1 168 0.125
73 168 0.125
114 168 0.125
164 168 0.125
165 168 0.125
166 168 0.125
167 168 0.125
0 4 0.125
1 4 0.125
2 4 0.125
3 4 0.125
5 4 0.125
6 4 0.125
7 4 0.125
8 4 0.125
0 167 0.125
163 167 0.125
164 167 0.125
165 167 0.125
166 167 0.125
168 167 0.125
169 167 0.125
170 167 0.125
0 23 0.090909
19 23 0.090909
20 23 0.090909
21 23 0.090909
22 23 0.090909
24 23 0.090909
25 23 0.090909
26 23 0.090909
27 23 0.090909
154 23 0.090909
118 23 0.090909
1 5 0.125
3 5 0.125
4 5 0.125
6 5 0.125
7 5 0.125
8 5 0.125
9 5 0.125
44 5 0.125
1 133 0.111111
21 133 0.111111
129 133 0.111111
130 133 0.111111
131 133 0.111111
132 133 0.111111
134 133 0.111111
136 133 0.111111
137 133 0.111111
1 55 0.125
51 55 0.125
53 55 0.125
54 55 0.125
56 55 0.125
57 55 0.125
90 55 0.125
66 55 0.125
1 81 0.1
33 81 0.1
38 81 0.1
77 81 0.1
78 81 0.1
79 81 0.1
80 81 0.1
82 81 0.1
85 81 0.1
88 81 0.1
2 6 0.125
4 6 0.125
5 6 0.125
7 6 0.125
8 6 0.125
9 6 0.125
10 6 0.125
69 6 0.125
2 40 0.125
37 40 0.125
38 40 0.125
39 40 0.125
41 40 0.125
42 40 0.125
43 40 0.125
44 40 0.125
3 7 0.111111
4 7 0.111111
5 7 0.111111
6 7 0.111111
8 7 0.111111
9 7 0.111111
10 7 0.111111
11 7 0.111111
129 7 0.111111
3 20 0.125
8 20 0.125
16 20 0.125
18 20 0.125
19 20 0.125
22 20 0.125
23 20 0.125
24 20 0.125
4 8 0.111111
5 8 0.111111
6 8 0.111111
7 8 0.111111
9 8 0.111111
10 8 0.111111
11 8 0.111111
12 8 0.111111
20 8 0.111111
5 9 0.111111
6 9 0.111111
7 9 0.111111
8 9 0.111111
10 9 0.111111
11 9 0.111111
12 9 0.111111
13 9 0.111111
113 9 0.111111
5 44 0.111111
15 44 0.111111
40 44 0.111111
41 44 0.111111
42 44 0.111111
43 44 0.111111
45 44 0.111111
47 44 0.111111
48 44 0.111111
6 10 0.125
7 10 0.125
8 10 0.125
9 10 0.125
12 10 0.125
13 10 0.125
14 10 0.125
53 10 0.125
6 69 0.142857
65 69 0.142857
67 69 0.142857
68 69 0.142857
70 69 0.142857
71 69 0.142857
72 69 0.142857
7 11 0.142857
8 11 0.142857
9 11 0.142857
12 11 0.142857
13 11 0.142857
14 11 0.142857
15 11 0.142857
7 129 0.125
67 129 0.125
125 129 0.125
126 129 0.125
127 129 0.125
128 129 0.125
131 129 0.125
133 129 0.125
8 12 0.111111
9 12 0.111111
10 12 0.111111
11 12 0.111111
13 12 0.111111
14 12 0.111111
15 12 0.111111
99 12 0.111111
157 12 0.111111
9 13 0.125
10 13 0.125
11 13 0.125
12 13 0.125
14 13 0.125
16 13 0.125
17 13 0.125
72 13 0.125
9 113 0.125
109 113 0.125
110 113 0.125
111 113 0.125
112 113 0.125
114 113 0.125
115 113 0.125
116 113 0.125
10 14 0.125
11 14 0.125
12 14 0.125
13 14 0.125
15 14 0.125
16 14 0.125
17 14 0.125
76 14 0.125
10 53 0.111111
49 53 0.111111
50 53 0.111111
51 53 0.111111
52 53 0.111111
54 53 0.111111
55 53 0.111111
56 53 0.111111
144 53 0.111111
11 15 0.142857
12 15 0.142857
14 15 0.142857
16 15 0.142857
17 15 0.142857
57 15 0.142857
44 15 0.142857
12 99 0.125
95 99 0.125
96 99 0.125
97 99 0.125
98 99 0.125
100 99 0.125
101 99 0.125
103 99 0.125
12 157 0.111111
89 157 0.111111
153 157 0.111111
155 157 0.111111
156 157 0.111111
158 157 0.111111
159 157 0.111111
160 157 0.111111
161 157 0.111111
13 16 0.142857
14 16 0.142857
15 16 0.142857
17 16 0.142857
18 16 0.142857
19 16 0.142857
20 16 0.142857
13 17 0.125
14 17 0.125
15 17 0.125
16 17 0.125
18 17 0.125
19 17 0.125
21 17 0.125
144 17 0.125
13 72 0.125
69 72 0.125
70 72 0.125
71 72 0.125
73 72 0.125
74 72 0.125
75 72 0.125
76 72 0.125
14 76 0.111111
72 76 0.111111
73 76 0.111111
74 76 0.111111
75 76 0.111111
77 76 0.111111
78 76 0.111111
79 76 0.111111
80 76 0.111111
15 57 0.125
54 57 0.125
55 57 0.125
56 57 0.125
58 57 0.125
59 57 0.125
60 57 0.125
61 57 0.125
16 18 0.142857
17 18 0.142857
19 18 0.142857
20 18 0.142857
21 18 0.142857
22 18 0.142857
73 18 0.142857
16 19 0.142857
17 19 0.142857
18 19 0.142857
20 19 0.142857
22 19 0.142857
23 19 0.142857
41 19 0.142857
17 21 0.142857
18 21 0.142857
22 21 0.142857
23 21 0.142857
24 21 0.142857
25 21 0.142857
133 21 0.142857
17 144 0.1
53 144 0.1
140 144 0.1
141 144 0.1
142 144 0.1
143 144 0.1
145 144 0.1
146 144 0.1
147 144 0.1
148 144 0.1
18 22 0.125
19 22 0.125
20 22 0.125
21 22 0.125
23 22 0.125
24 22 0.125
26 22 0.125
160 22 0.125
18 73 0.125
70 73 0.125
71 73 0.125
72 73 0.125
75 73 0.125
76 73 0.125
77 73 0.125
168 73 0.125
19 41 0.111111
37 41 0.111111
38 41 0.111111
39 41 0.111111
40 41 0.111111
43 41 0.111111
44 41 0.111111
45 41 0.111111
79 41 0.111111
20 24 0.125
21 24 0.125
22 24 0.125
23 24 0.125
25 24 0.125
26 24 0.125
27 24 0.125
28 24 0.125
21 25 0.142857
23 25 0.142857
24 25 0.142857
26 25 0.142857
27 25 0.142857
28 25 0.142857
29 25 0.142857
22 26 0.125
23 26 0.125
24 26 0.125
25 26 0.125
27 26 0.125
29 26 0.125
30 26 0.125
110 26 0.125
22 160 0.1
106 160 0.1
156 160 0.1
157 160 0.1
158 160 0.1
159 160 0.1
161 160 0.1
162 160 0.1
163 160 0.1
164 160 0.1
23 27 0.111111
24 27 0.111111
25 27 0.111111
26 27 0.111111
28 27 0.111111
29 27 0.111111
30 27 0.111111
31 27 0.111111
66 27 0.111111
23 154 0.125
150 154 0.125
151 154 0.125
152 154 0.125
153 154 0.125
155 154 0.125
156 154 0.125
158 154 0.125
23 118 0.125
114 118 0.125
115 118 0.125
116 118 0.125
117 118 0.125
119 118 0.125
120 118 0.125
121 118 0.125
24 28 0.125
25 28 0.125
27 28 0.125
30 28 0.125
31 28 0.125
32 28 0.125
80 28 0.125
136 28 0.125
25 29 0.142857
26 29 0.142857
27 29 0.142857
30 29 0.142857
31 29 0.142857
32 29 0.142857
33 29 0.142857
26 30 0.125
27 30 0.125
28 30 0.125
29 30 0.125
31 30 0.125
32 30 0.125
33 30 0.125
34 30 0.125
26 110 0.111111
106 110 0.111111
107 110 0.111111
108 110 0.111111
109 110 0.111111
111 110 0.111111
112 110 0.111111
113 110 0.111111
114 110 0.111111
27 31 0.125
28 31 0.125
29 31 0.125
30 31 0.125
32 31 0.125
33 31 0.125
34 31 0.125
35 31 0.125
27 66 0.111111
55 66 0.111111
62 66 0.111111
63 66 0.111111
64 66 0.111111
65 66 0.111111
67 66 0.111111
68 66 0.111111
114 66 0.111111
28 32 0.125
29 32 0.125
30 32 0.125
31 32 0.125
33 32 0.125
34 32 0.125
35 32 0.125
36 32 0.125
28 80 0.111111
76 80 0.111111
77 80 0.111111
78 80 0.111111
79 80 0.111111
81 80 0.111111
82 80 0.111111
83 80 0.111111
84 80 0.111111
28 136 0.125
132 136 0.125
133 136 0.125
134 136 0.125
135 136 0.125
137 136 0.125
138 136 0.125
140 136 0.125
29 33 0.125
30 33 0.125
31 33 0.125
32 33 0.125
34 33 0.125
35 33 0.125
36 33 0.125
81 33 0.125
30 34 0.125
31 34 0.125
32 34 0.125
33 34 0.125
35 34 0.125
37 34 0.125
38 34 0.125
147 34 0.125
31 35 0.125
32 35 0.125
33 35 0.125
34 35 0.125
36 35 0.125
37 35 0.125
38 35 0.125
39 35 0.125
32 36 0.142857
33 36 0.142857
35 36 0.142857
37 36 0.142857
38 36 0.142857
39 36 0.142857
65 36 0.142857
34 37 0.142857
35 37 0.142857
36 37 0.142857
38 37 0.142857
39 37 0.142857
40 37 0.142857
41 37 0.142857
34 38 0.111111
35 38 0.111111
36 38 0.111111
37 38 0.111111
40 38 0.111111
41 38 0.111111
42 38 0.111111
143 38 0.111111
81 38 0.111111
34 147 0.111111
143 147 0.111111
144 147 0.111111
145 147 0.111111
146 147 0.111111
148 147 0.111111
149 147 0.111111
150 147 0.111111
151 147 0.111111
35 39 0.142857
36 39 0.142857
37 39 0.142857
40 39 0.142857
41 39 0.142857
42 39 0.142857
43 39 0.142857
36 65 0.111111
61 65 0.111111
62 65 0.111111
63 65 0.111111
64 65 0.111111
66 65 0.111111
67 65 0.111111
68 65 0.111111
69 65 0.111111
38 42 0.142857
39 42 0.142857
40 42 0.142857
43 42 0.142857
44 42 0.142857
45 42 0.142857
46 42 0.142857
38 143 0.111111
71 143 0.111111
139 143 0.111111
140 143 0.111111
141 143 0.111111
142 143 0.111111
144 143 0.111111
146 143 0.111111
147 143 0.111111
39 43 0.125
40 43 0.125
41 43 0.125
42 43 0.125
44 43 0.125
45 43 0.125
46 43 0.125
47 43 0.125
41 45 0.111111
42 45 0.111111
43 45 0.111111
44 45 0.111111
46 45 0.111111
47 45 0.111111
48 45 0.111111
49 45 0.111111
68 45 0.111111
41 79 0.1
75 79 0.1
76 79 0.1
77 79 0.1
78 79 0.1
80 79 0.1
81 79 0.1
82 79 0.1
89 79 0.1
93 79 0.1
42 46 0.142857
43 46 0.142857
45 46 0.142857
47 46 0.142857
48 46 0.142857
49 46 0.142857
50 46 0.142857
43 47 0.125
44 47 0.125
45 47 0.125
46 47 0.125
48 47 0.125
49 47 0.125
50 47 0.125
51 47 0.125
44 48 0.111111
45 48 0.111111
46 48 0.111111
47 48 0.111111
49 48 0.111111
50 48 0.111111
51 48 0.111111
52 48 0.111111
101 48 0.111111
45 49 0.125
46 49 0.125
47 49 0.125
48 49 0.125
50 49 0.125
51 49 0.125
52 49 0.125
53 49 0.125
45 68 0.1
52 68 0.1
64 68 0.1
65 68 0.1
66 68 0.1
67 68 0.1
69 68 0.1
70 68 0.1
71 68 0.1
161 68 0.1
46 50 0.125
47 50 0.125
48 50 0.125
49 50 0.125
51 50 0.125
52 50 0.125
53 50 0.125
54 50 0.125
47 51 0.125
48 51 0.125
49 51 0.125
50 51 0.125
52 51 0.125
53 51 0.125
55 51 0.125
77 51 0.125
48 52 0.125
49 52 0.125
50 52 0.125
51 52 0.125
53 52 0.125
54 52 0.125
56 52 0.125
68 52 0.125
48 101 0.125
97 101 0.125
98 101 0.125
99 101 0.125
100 101 0.125
102 101 0.125
103 101 0.125
104 101 0.125
50 54 0.125
52 54 0.125
53 54 0.125
55 54 0.125
57 54 0.125
58 54 0.125
93 54 0.125
108 54 0.125
51 77 0.111111
73 77 0.111111
74 77 0.111111
75 77 0.111111
76 77 0.111111
78 77 0.111111
79 77 0.111111
80 77 0.111111
81 77 0.111111
52 56 0.142857
53 56 0.142857
55 56 0.142857
57 56 0.142857
58 56 0.142857
59 56 0.142857
60 56 0.142857
54 58 0.142857
56 58 0.142857
57 58 0.142857
59 58 0.142857
60 58 0.142857
61 58 0.142857
62 58 0.142857
54 93 0.1
79 93 0.1
89 93 0.1
90 93 0.1
91 93 0.1
92 93 0.1
94 93 0.1
95 93 0.1
96 93 0.1
97 93 0.1
54 108 0.125
104 108 0.125
105 108 0.125
106 108 0.125
107 108 0.125
109 108 0.125
110 108 0.125
112 108 0.125
55 90 0.111111
86 90 0.111111
87 90 0.111111
88 90 0.111111
89 90 0.111111
91 90 0.111111
92 90 0.111111
93 90 0.111111
94 90 0.111111
56 59 0.142857
57 59 0.142857
58 59 0.142857
60 59 0.142857
61 59 0.142857
62 59 0.142857
63 59 0.142857
56 60 0.125
57 60 0.125
58 60 0.125
59 60 0.125
61 60 0.125
62 60 0.125
63 60 0.125
64 60 0.125
57 61 0.125
58 61 0.125
59 61 0.125
60 61 0.125
62 61 0.125
63 61 0.125
64 61 0.125
65 61 0.125
58 62 0.125
59 62 0.125
60 62 0.125
61 62 0.125
63 62 0.125
64 62 0.125
65 62 0.125
66 62 0.125
59 63 0.125
60 63 0.125
61 63 0.125
62 63 0.125
64 63 0.125
65 63 0.125
66 63 0.125
67 63 0.125
60 64 0.125
61 64 0.125
62 64 0.125
63 64 0.125
65 64 0.125
66 64 0.125
67 64 0.125
68 64 0.125
63 67 0.111111
64 67 0.111111
65 67 0.111111
66 67 0.111111
68 67 0.111111
69 67 0.111111
70 67 0.111111
71 67 0.111111
129 67 0.111111
66 114 0.1
110 114 0.1
111 114 0.1
112 114 0.1
113 114 0.1
115 114 0.1
116 114 0.1
117 114 0.1
118 114 0.1
168 114 0.1
67 70 0.142857
68 70 0.142857
69 70 0.142857
71 70 0.142857
72 70 0.142857
73 70 0.142857
74 70 0.142857
67 71 0.111111
68 71 0.111111
69 71 0.111111
70 71 0.111111
72 71 0.111111
73 71 0.111111
74 71 0.111111
75 71 0.111111
143 71 0.111111
68 161 0.142857
137 161 0.142857
157 161 0.142857
159 161 0.142857
160 161 0.142857
163 161 0.142857
164 161 0.142857
70 74 0.142857
71 74 0.142857
72 74 0.142857
75 74 0.142857
76 74 0.142857
77 74 0.142857
78 74 0.142857
71 75 0.125
72 75 0.125
73 75 0.125
74 75 0.125
76 75 0.125
77 75 0.125
78 75 0.125
79 75 0.125
74 78 0.125
75 78 0.125
76 78 0.125
77 78 0.125
79 78 0.125
80 78 0.125
81 78 0.125
82 78 0.125
78 82 0.125
79 82 0.125
80 82 0.125
81 82 0.125
83 82 0.125
84 82 0.125
85 82 0.125
86 82 0.125
79 89 0.125
85 89 0.125
86 89 0.125
87 89 0.125
88 89 0.125
90 89 0.125
93 89 0.125
157 89 0.125
80 83 0.166667
82 83 0.166667
85 83 0.166667
86 83 0.166667
87 83 0.166667
103 83 0.166667
80 84 0.166667
82 84 0.166667
85 84 0.166667
86 84 0.166667
87 84 0.166667
88 84 0.166667
81 85 0.111111
82 85 0.111111
83 85 0.111111
84 85 0.111111
86 85 0.111111
87 85 0.111111
88 85 0.111111
89 85 0.111111
148 85 0.111111
81 88 0.125
84 88 0.125
85 88 0.125
86 88 0.125
87 88 0.125
89 88 0.125
90 88 0.125
91 88 0.125
82 86 0.125
83 86 0.125
84 86 0.125
85 86 0.125
87 86 0.125
88 86 0.125
89 86 0.125
90 86 0.125
83 87 0.125
84 87 0.125
85 87 0.125
86 87 0.125
88 87 0.125
89 87 0.125
90 87 0.125
91 87 0.125
83 103 0.111111
99 103 0.111111
100 103 0.111111
101 103 0.111111
102 103 0.111111
104 103 0.111111
105 103 0.111111
106 103 0.111111
107 103 0.111111
85 148 0.111111
117 148 0.111111
144 148 0.111111
145 148 0.111111
146 148 0.111111
147 148 0.111111
149 148 0.111111
150 148 0.111111
151 148 0.111111
87 91 0.142857
88 91 0.142857
90 91 0.142857
92 91 0.142857
93 91 0.142857
94 91 0.142857
95 91 0.142857
90 92 0.166667
91 92 0.166667
93 92 0.166667
94 92 0.166667
95 92 0.166667
96 92 0.166667
90 94 0.125
91 94 0.125
92 94 0.125
93 94 0.125
95 94 0.125
97 94 0.125
98 94 0.125
127 94 0.125
91 95 0.125
92 95 0.125
93 95 0.125
94 95 0.125
96 95 0.125
97 95 0.125
98 95 0.125
99 95 0.125
92 96 0.142857
93 96 0.142857
95 96 0.142857
97 96 0.142857
98 96 0.142857
99 96 0.142857
100 96 0.142857
93 97 0.125
94 97 0.125
95 97 0.125
96 97 0.125
98 97 0.125
99 97 0.125
100 97 0.125
101 97 0.125
94 98 0.125
95 98 0.125
96 98 0.125
97 98 0.125
99 98 0.125
100 98 0.125
101 98 0.125
102 98 0.125
94 127 0.125
124 127 0.125
125 127 0.125
126 127 0.125
128 127 0.125
129 127 0.125
130 127 0.125
131 127 0.125
96 100 0.125
97 100 0.125
98 100 0.125
99 100 0.125
101 100 0.125
102 100 0.125
103 100 0.125
104 100 0.125
98 102 0.142857
100 102 0.142857
101 102 0.142857
103 102 0.142857
104 102 0.142857
105 102 0.142857
106 102 0.142857
100 104 0.125
101 104 0.125
102 104 0.125
103 104 0.125
105 104 0.125
106 104 0.125
107 104 0.125
108 104 0.125
102 105 0.142857
103 105 0.142857
104 105 0.142857
106 105 0.142857
107 105 0.142857
108 105 0.142857
109 105 0.142857
102 106 0.125
103 106 0.125
104 106 0.125
105 106 0.125
108 106 0.125
109 106 0.125
110 106 0.125
160 106 0.125
103 107 0.142857
104 107 0.142857
105 107 0.142857
108 107 0.142857
109 107 0.142857
110 107 0.142857
111 107 0.142857
105 109 0.125
106 109 0.125
107 109 0.125
108 109 0.125
110 109 0.125
111 109 0.125
112 109 0.125
113 109 0.125
107 111 0.142857
109 111 0.142857
110 111 0.142857
112 111 0.142857
113 111 0.142857
114 111 0.142857
115 111 0.142857
108 112 0.125
109 112 0.125
110 112 0.125
111 112 0.125
113 112 0.125
114 112 0.125
115 112 0.125
116 112 0.125
111 115 0.125
112 115 0.125
113 115 0.125
114 115 0.125
116 115 0.125
117 115 0.125
118 115 0.125
119 115 0.125
112 116 0.111111
113 116 0.111111
114 116 0.111111
115 116 0.111111
117 116 0.111111
118 116 0.111111
119 116 0.111111
120 116 0.111111
125 116 0.111111
114 117 0.142857
115 117 0.142857
116 117 0.142857
118 117 0.142857
119 117 0.142857
121 117 0.142857
148 117 0.142857
115 119 0.125
116 119 0.125
117 119 0.125
118 119 0.125
120 119 0.125
121 119 0.125
122 119 0.125
123 119 0.125
116 120 0.142857
118 120 0.142857
119 120 0.142857
121 120 0.142857
122 120 0.142857
123 120 0.142857
124 120 0.142857
116 125 0.125
121 125 0.125
122 125 0.125
123 125 0.125
124 125 0.125
126 125 0.125
127 125 0.125
129 125 0.125
117 121 0.125
118 121 0.125
119 121 0.125
120 121 0.125
122 121 0.125
123 121 0.125
124 121 0.125
125 121 0.125
119 122 0.142857
120 122 0.142857
121 122 0.142857
123 122 0.142857
124 122 0.142857
125 122 0.142857
126 122 0.142857
119 123 0.125
120 123 0.125
121 123 0.125
122 123 0.125
124 123 0.125
125 123 0.125
126 123 0.125
155 123 0.125
120 124 0.125
121 124 0.125
122 124 0.125
123 124 0.125
125 124 0.125
126 124 0.125
127 124 0.125
128 124 0.125
122 126 0.111111
123 126 0.111111
124 126 0.111111
125 126 0.111111
127 126 0.111111
128 126 0.111111
129 126 0.111111
130 126 0.111111
150 126 0.111111
123 155 0.111111
151 155 0.111111
152 155 0.111111
153 155 0.111111
154 155 0.111111
156 155 0.111111
157 155 0.111111
158 155 0.111111
159 155 0.111111
124 128 0.142857
126 128 0.142857
127 128 0.142857
129 128 0.142857
130 128 0.142857
131 128 0.142857
132 128 0.142857
126 130 0.142857
127 130 0.142857
128 130 0.142857
132 130 0.142857
133 130 0.142857
134 130 0.142857
137 130 0.142857
126 150 0.125
146 150 0.125
147 150 0.125
148 150 0.125
149 150 0.125
151 150 0.125
153 150 0.125
154 150 0.125
127 131 0.142857
128 131 0.142857
129 131 0.142857
132 131 0.142857
133 131 0.142857
134 131 0.142857
135 131 0.142857
128 132 0.142857
130 132 0.142857
131 132 0.142857
133 132 0.142857
134 132 0.142857
135 132 0.142857
136 132 0.142857
130 134 0.125
131 134 0.125
132 134 0.125
133 134 0.125
135 134 0.125
136 134 0.125
137 134 0.125
138 134 0.125
130 137 0.1
133 137 0.1
134 137 0.1
135 137 0.1
136 137 0.1
138 137 0.1
139 137 0.1
140 137 0.1
141 137 0.1
161 137 0.1
131 135 0.142857
132 135 0.142857
134 135 0.142857
136 135 0.142857
137 135 0.142857
138 135 0.142857
139 135 0.142857
134 138 0.125
135 138 0.125
136 138 0.125
137 138 0.125
139 138 0.125
140 138 0.125
141 138 0.125
142 138 0.125
135 139 0.142857
137 139 0.142857
138 139 0.142857
140 139 0.142857
141 139 0.142857
142 139 0.142857
143 139 0.142857
136 140 0.111111
137 140 0.111111
138 140 0.111111
139 140 0.111111
141 140 0.111111
142 140 0.111111
143 140 0.111111
144 140 0.111111
158 140 0.111111
137 141 0.125
138 141 0.125
139 141 0.125
140 141 0.125
142 141 0.125
143 141 0.125
144 141 0.125
145 141 0.125
138 142 0.125
139 142 0.125
140 142 0.125
141 142 0.125
143 142 0.125
144 142 0.125
145 142 0.125
146 142 0.125
140 158 0.125
154 158 0.125
155 158 0.125
156 158 0.125
157 158 0.125
159 158 0.125
160 158 0.125
162 158 0.125
141 145 0.142857
142 145 0.142857
144 145 0.142857
146 145 0.142857
147 145 0.142857
148 145 0.142857
149 145 0.142857
142 146 0.125
143 146 0.125
144 146 0.125
145 146 0.125
147 146 0.125
148 146 0.125
149 146 0.125
150 146 0.125
145 149 0.125
146 149 0.125
147 149 0.125
148 149 0.125
150 149 0.125
151 149 0.125
152 149 0.125
153 149 0.125
147 151 0.125
148 151 0.125
149 151 0.125
150 151 0.125
152 151 0.125
153 151 0.125
154 151 0.125
155 151 0.125
149 152 0.166667
151 152 0.166667
153 152 0.166667
154 152 0.166667
155 152 0.166667
156 152 0.166667
149 153 0.111111
150 153 0.111111
151 153 0.111111
152 153 0.111111
154 153 0.111111
155 153 0.111111
156 153 0.111111
157 153 0.111111
163 153 0.111111
152 156 0.125
153 156 0.125
154 156 0.125
155 156 0.125
157 156 0.125
158 156 0.125
159 156 0.125
160 156 0.125
153 163 0.125
159 163 0.125
160 163 0.125
161 163 0.125
162 163 0.125
164 163 0.125
165 163 0.125
167 163 0.125
155 159 0.125
156 159 0.125
157 159 0.125
158 159 0.125
160 159 0.125
161 159 0.125
163 159 0.125
170 159 0.125
158 162 0.166667
160 162 0.166667
163 162 0.166667
164 162 0.166667
165 162 0.166667
166 162 0.166667
160 164 0.125
161 164 0.125
162 164 0.125
163 164 0.125
165 164 0.125
166 164 0.125
167 164 0.125
168 164 0.125
162 165 0.142857
163 165 0.142857
164 165 0.142857
166 165 0.142857
167 165 0.142857
168 165 0.142857
169 165 0.142857
162 166 0.142857
164 166 0.142857
165 166 0.142857
167 166 0.142857
168 166 0.142857
169 166 0.142857
170 166 0.142857
1 0 0.125
170 0 0.125
169 0 0.125
3 0 0.125
168 0 0.125
4 0 0.125
167 0 0.125
23 0 0.125
3 2 0.166667
4 2 0.166667
170 2 0.166667
6 2 0.166667
169 2 0.166667
40 2 0.166667
