0 1 0.142857
2 1 0.142857
3 1 0.142857
426 1 0.142857
5 1 0.142857
424 1 0.142857
308 1 0.142857
0 426 0.1
1 426 0.1
2 426 0.1
3 426 0.1
52 426 0.1
393 426 0.1
422 426 0.1
423 426 0.1
424 426 0.1
425 426 0.1
0 2 0.125
1 2 0.125
3 2 0.125
4 2 0.125
5 2 0.125
426 2 0.125
425 2 0.125
44 2 0.125
0 425 0.142857
2 425 0.142857
161 425 0.142857
421 425 0.142857
422 425 0.142857
423 425 0.142857
426 425 0.142857
0 3 0.125
1 3 0.125
2 3 0.125
4 3 0.125
5 3 0.125
6 3 0.125
7 3 0.125
426 3 0.125
0 424 0.111111
1 424 0.111111
129 424 0.111111
404 424 0.111111
420 424 0.111111
421 424 0.111111
422 424 0.111111
423 424 0.111111
426 424 0.111111
0 4 0.142857
2 4 0.142857
3 4 0.142857
5 4 0.142857
6 4 0.142857
8 4 0.142857
398 4 0.142857
1 5 0.111111
2 5 0.111111
3 5 0.111111
4 5 0.111111
6 5 0.111111
7 5 0.111111
8 5 0.111111
9 5 0.111111
190 5 0.111111
1 308 0.111111
130 308 0.111111
305 308 0.111111
306 308 0.111111
307 308 0.111111
309 308 0.111111
311 308 0.111111
361 308 0.111111
408 308 0.111111
2 44 0.111111
40 44 0.111111
41 44 0.111111
42 44 0.111111
43 44 0.111111
45 44 0.111111
46 44 0.111111
47 44 0.111111
48 44 0.111111
3 6 0.142857
4 6 0.142857
5 6 0.142857
7 6 0.142857
8 6 0.142857
9 6 0.142857
10 6 0.142857
3 7 0.142857
5 7 0.142857
6 7 0.142857
8 7 0.142857
9 7 0.142857
302 7 0.142857
327 7 0.142857
4 8 0.111111
5 8 0.111111
6 8 0.111111
7 8 0.111111
9 8 0.111111
10 8 0.111111
11 8 0.111111
82 8 0.111111
305 8 0.111111
4 398 0.1
120 398 0.1
192 398 0.1
394 398 0.1
395 398 0.1
397 398 0.1
399 398 0.1
400 398 0.1
401 398 0.1
402 398 0.1
5 9 0.125
6 9 0.125
7 9 0.125
8 9 0.125
10 9 0.125
12 9 0.125
13 9 0.125
213 9 0.125
5 190 0.125
186 190 0.125
187 190 0.125
188 190 0.125
189 190 0.125
191 190 0.125
192 190 0.125
194 190 0.125
6 10 0.125
8 10 0.125
9 10 0.125
11 10 0.125
12 10 0.125
14 10 0.125
245 10 0.125
316 10 0.125
7 302 0.125
299 302 0.125
300 302 0.125
301 302 0.125
303 302 0.125
305 302 0.125
306 302 0.125
349 302 0.125
7 327 0.111111
323 327 0.111111
324 327 0.111111
325 327 0.111111
326 327 0.111111
328 327 0.111111
329 327 0.111111
330 327 0.111111
331 327 0.111111
8 11 0.166667
10 11 0.166667
12 11 0.166667
13 11 0.166667
14 11 0.166667
15 11 0.166667
8 82 0.111111
78 82 0.111111
79 82 0.111111
80 82 0.111111
81 82 0.111111
83 82 0.111111
84 82 0.111111
86 82 0.111111
282 82 0.111111
8 305 0.111111
245 305 0.111111
301 305 0.111111
302 305 0.111111
303 305 0.111111
306 305 0.111111
307 305 0.111111
308 305 0.111111
352 305 0.111111
9 12 0.125
10 12 0.125
11 12 0.125
13 12 0.125
14 12 0.125
15 12 0.125
16 12 0.125
42 12 0.125
9 13 0.142857
11 13 0.142857
12 13 0.142857
14 13 0.142857
15 13 0.142857
16 13 0.142857
17 13 0.142857
9 213 0.111111
71 213 0.111111
209 213 0.111111
210 213 0.111111
211 213 0.111111
212 213 0.111111
215 213 0.111111
216 213 0.111111
217 213 0.111111
10 14 0.125
11 14 0.125
12 14 0.125
13 14 0.125
15 14 0.125
16 14 0.125
17 14 0.125
18 14 0.125
10 245 0.142857
241 245 0.142857
243 245 0.142857
244 245 0.142857
247 245 0.142857
249 245 0.142857
305 245 0.142857
10 316 0.111111
312 316 0.111111
313 316 0.111111
314 316 0.111111
315 316 0.111111
317 316 0.111111
318 316 0.111111
319 316 0.111111
320 316 0.111111
11 15 0.125
12 15 0.125
13 15 0.125
14 15 0.125
16 15 0.125
17 15 0.125
18 15 0.125
19 15 0.125
12 16 0.111111
13 16 0.111111
14 16 0.111111
15 16 0.111111
17 16 0.111111
18 16 0.111111
19 16 0.111111
20 16 0.111111
364 16 0.111111
12 42 0.125
38 42 0.125
39 42 0.125
40 42 0.125
41 42 0.125
43 42 0.125
44 42 0.125
46 42 0.125
13 17 0.125
14 17 0.125
15 17 0.125
16 17 0.125
18 17 0.125
19 17 0.125
20 17 0.125
21 17 0.125
14 18 0.125
15 18 0.125
16 18 0.125
17 18 0.125
19 18 0.125
21 18 0.125
22 18 0.125
143 18 0.125
15 19 0.125
16 19 0.125
17 19 0.125
18 19 0.125
21 19 0.125
22 19 0.125
23 19 0.125
133 19 0.125
16 20 0.166667
17 20 0.166667
21 20 0.166667
22 20 0.166667
24 20 0.166667
416 20 0.166667
16 364 0.125
77 364 0.125
222 364 0.125
360 364 0.125
361 364 0.125
362 364 0.125
366 364 0.125
368 364 0.125
17 21 0.125
18 21 0.125
19 21 0.125
20 21 0.125
23 21 0.125
24 21 0.125
25 21 0.125
150 21 0.125
18 22 0.125
19 22 0.125
20 22 0.125
23 22 0.125
24 22 0.125
25 22 0.125
26 22 0.125
411 22 0.125
18 143 0.111111
139 143 0.111111
140 143 0.111111
141 143 0.111111
142 143 0.111111
144 143 0.111111
145 143 0.111111
147 143 0.111111
413 143 0.111111
19 23 0.125
21 23 0.125
22 23 0.125
24 23 0.125
25 23 0.125
26 23 0.125
27 23 0.125
267 23 0.125
19 133 0.142857
130 133 0.142857
131 133 0.142857
134 133 0.142857
135 133 0.142857
136 133 0.142857
137 133 0.142857
20 24 0.125
21 24 0.125
22 24 0.125
23 24 0.125
26 24 0.125
27 24 0.125
28 24 0.125
348 24 0.125
20 416 0.125
412 416 0.125
413 416 0.125
415 416 0.125
417 416 0.125
418 416 0.125
419 416 0.125
420 416 0.125
21 25 0.142857
22 25 0.142857
23 25 0.142857
26 25 0.142857
27 25 0.142857
28 25 0.142857
29 25 0.142857
21 150 0.1
146 150 0.1
147 150 0.1
148 150 0.1
149 150 0.1
151 150 0.1
153 150 0.1
154 150 0.1
331 150 0.1
298 150 0.1
22 26 0.125
23 26 0.125
24 26 0.125
25 26 0.125
28 26 0.125
30 26 0.125
129 26 0.125
137 26 0.125
22 411 0.142857
407 411 0.142857
409 411 0.142857
410 411 0.142857
412 411 0.142857
413 411 0.142857
415 411 0.142857
23 27 0.142857
24 27 0.142857
25 27 0.142857
28 27 0.142857
29 27 0.142857
30 27 0.142857
31 27 0.142857
23 267 0.125
263 267 0.125
264 267 0.125
265 267 0.125
266 267 0.125
268 267 0.125
269 267 0.125
271 267 0.125
24 28 0.125
25 28 0.125
26 28 0.125
27 28 0.125
29 28 0.125
30 28 0.125
31 28 0.125
32 28 0.125
24 348 0.1
219 348 0.1
261 348 0.1
344 348 0.1
345 348 0.1
346 348 0.1
347 348 0.1
349 348 0.1
350 348 0.1
351 348 0.1
25 29 0.142857
27 29 0.142857
28 29 0.142857
32 29 0.142857
33 29 0.142857
117 29 0.142857
269 29 0.142857
26 30 0.142857
27 30 0.142857
28 30 0.142857
31 30 0.142857
32 30 0.142857
33 30 0.142857
34 30 0.142857
26 129 0.111111
125 129 0.111111
126 129 0.111111
127 129 0.111111
128 129 0.111111
131 129 0.111111
132 129 0.111111
406 129 0.111111
424 129 0.111111
26 137 0.111111
133 137 0.111111
134 137 0.111111
135 137 0.111111
136 137 0.111111
138 137 0.111111
139 137 0.111111
350 137 0.111111
147 137 0.111111
27 31 0.142857
28 31 0.142857
30 31 0.142857
32 31 0.142857
33 31 0.142857
34 31 0.142857
35 31 0.142857
28 32 0.125
29 32 0.125
30 32 0.125
31 32 0.125
33 32 0.125
34 32 0.125
35 32 0.125
141 32 0.125
29 33 0.125
30 33 0.125
31 33 0.125
32 33 0.125
34 33 0.125
35 33 0.125
36 33 0.125
37 33 0.125
29 117 0.125
113 117 0.125
114 117 0.125
116 117 0.125
118 117 0.125
119 117 0.125
120 117 0.125
121 117 0.125
29 269 0.111111
83 269 0.111111
265 269 0.111111
266 269 0.111111
267 269 0.111111
268 269 0.111111
270 269 0.111111
271 269 0.111111
273 269 0.111111
30 34 0.125
31 34 0.125
32 34 0.125
33 34 0.125
35 34 0.125
36 34 0.125
37 34 0.125
38 34 0.125
31 35 0.125
32 35 0.125
33 35 0.125
34 35 0.125
36 35 0.125
37 35 0.125
221 35 0.125
342 35 0.125
32 141 0.111111
99 141 0.111111
138 141 0.111111
139 141 0.111111
140 141 0.111111
143 141 0.111111
144 141 0.111111
145 141 0.111111
262 141 0.111111
33 36 0.142857
34 36 0.142857
35 36 0.142857
37 36 0.142857
38 36 0.142857
39 36 0.142857
40 36 0.142857
33 37 0.125
34 37 0.125
35 37 0.125
36 37 0.125
38 37 0.125
39 37 0.125
40 37 0.125
41 37 0.125
34 38 0.142857
36 38 0.142857
37 38 0.142857
39 38 0.142857
40 38 0.142857
41 38 0.142857
42 38 0.142857
35 221 0.125
217 221 0.125
218 221 0.125
219 221 0.125
222 221 0.125
223 221 0.125
224 221 0.125
225 221 0.125
35 342 0.125
338 342 0.125
339 342 0.125
340 342 0.125
343 342 0.125
344 342 0.125
345 342 0.125
346 342 0.125
36 39 0.125
37 39 0.125
38 39 0.125
40 39 0.125
41 39 0.125
42 39 0.125
319 39 0.125
363 39 0.125
36 40 0.111111
37 40 0.111111
38 40 0.111111
39 40 0.111111
41 40 0.111111
42 40 0.111111
43 40 0.111111
44 40 0.111111
169 40 0.111111
37 41 0.111111
38 41 0.111111
39 41 0.111111
40 41 0.111111
42 41 0.111111
43 41 0.111111
44 41 0.111111
45 41 0.111111
132 41 0.111111
39 319 0.125
315 319 0.125
316 319 0.125
317 319 0.125
318 319 0.125
320 319 0.125
322 319 0.125
323 319 0.125
39 363 0.1
220 363 0.1
249 363 0.1
256 363 0.1
359 363 0.1
361 363 0.1
362 363 0.1
365 363 0.1
366 363 0.1
367 363 0.1
40 43 0.142857
41 43 0.142857
42 43 0.142857
44 43 0.142857
45 43 0.142857
46 43 0.142857
47 43 0.142857
40 169 0.1
165 169 0.1
166 169 0.1
167 169 0.1
168 169 0.1
170 169 0.1
172 169 0.1
291 169 0.1
198 169 0.1
307 169 0.1
41 45 0.142857
43 45 0.142857
44 45 0.142857
46 45 0.142857
47 45 0.142857
48 45 0.142857
49 45 0.142857
41 132 0.125
128 132 0.125
129 132 0.125
130 132 0.125
131 132 0.125
134 132 0.125
135 132 0.125
136 132 0.125
42 46 0.125
43 46 0.125
44 46 0.125
45 46 0.125
47 46 0.125
48 46 0.125
49 46 0.125
50 46 0.125
43 47 0.125
44 47 0.125
45 47 0.125
46 47 0.125
48 47 0.125
49 47 0.125
50 47 0.125
51 47 0.125
44 48 0.125
45 48 0.125
46 48 0.125
47 48 0.125
49 48 0.125
50 48 0.125
51 48 0.125
52 48 0.125
45 49 0.125
46 49 0.125
47 49 0.125
48 49 0.125
50 49 0.125
51 49 0.125
52 49 0.125
53 49 0.125
46 50 0.111111
47 50 0.111111
48 50 0.111111
49 50 0.111111
51 50 0.111111
52 50 0.111111
53 50 0.111111
54 50 0.111111
332 50 0.111111
47 51 0.125
48 51 0.125
49 51 0.125
50 51 0.125
52 51 0.125
53 51 0.125
54 51 0.125
55 51 0.125
48 52 0.125
49 52 0.125
50 52 0.125
51 52 0.125
53 52 0.125
54 52 0.125
55 52 0.125
426 52 0.125
49 53 0.125
50 53 0.125
51 53 0.125
52 53 0.125
54 53 0.125
55 53 0.125
56 53 0.125
57 53 0.125
50 54 0.111111
51 54 0.111111
52 54 0.111111
53 54 0.111111
55 54 0.111111
56 54 0.111111
57 54 0.111111
58 54 0.111111
360 54 0.111111
50 332 0.142857
185 332 0.142857
328 332 0.142857
330 332 0.142857
331 332 0.142857
333 332 0.142857
335 332 0.142857
51 55 0.125
52 55 0.125
53 55 0.125
54 55 0.125
56 55 0.125
57 55 0.125
58 55 0.125
59 55 0.125
53 56 0.142857
54 56 0.142857
55 56 0.142857
57 56 0.142857
58 56 0.142857
59 56 0.142857
60 56 0.142857
53 57 0.111111
54 57 0.111111
55 57 0.111111
56 57 0.111111
58 57 0.111111
59 57 0.111111
60 57 0.111111
61 57 0.111111
230 57 0.111111
54 58 0.125
55 58 0.125
56 58 0.125
57 58 0.125
59 58 0.125
60 58 0.125
61 58 0.125
421 58 0.125
54 360 0.125
356 360 0.125
357 360 0.125
358 360 0.125
361 360 0.125
362 360 0.125
364 360 0.125
409 360 0.125
55 59 0.125
56 59 0.125
57 59 0.125
58 59 0.125
60 59 0.125
61 59 0.125
62 59 0.125
63 59 0.125
56 60 0.111111
57 60 0.111111
58 60 0.111111
59 60 0.111111
61 60 0.111111
62 60 0.111111
64 60 0.111111
387 60 0.111111
365 60 0.111111
57 61 0.125
58 61 0.125
59 61 0.125
60 61 0.125
62 61 0.125
63 61 0.125
64 61 0.125
65 61 0.125
57 230 0.125
226 230 0.125
227 230 0.125
228 230 0.125
229 230 0.125
232 230 0.125
233 230 0.125
234 230 0.125
58 421 0.125
224 421 0.125
417 421 0.125
418 421 0.125
420 421 0.125
423 421 0.125
424 421 0.125
425 421 0.125
59 62 0.142857
60 62 0.142857
61 62 0.142857
63 62 0.142857
66 62 0.142857
109 62 0.142857
130 62 0.142857
59 63 0.125
61 63 0.125
62 63 0.125
64 63 0.125
65 63 0.125
66 63 0.125
67 63 0.125
406 63 0.125
60 64 0.142857
61 64 0.142857
63 64 0.142857
65 64 0.142857
66 64 0.142857
67 64 0.142857
68 64 0.142857
60 387 0.142857
383 387 0.142857
386 387 0.142857
388 387 0.142857
389 387 0.142857
390 387 0.142857
391 387 0.142857
60 365 0.142857
361 365 0.142857
362 365 0.142857
363 365 0.142857
366 365 0.142857
367 365 0.142857
368 365 0.142857
61 65 0.125
63 65 0.125
64 65 0.125
66 65 0.125
67 65 0.125
68 65 0.125
69 65 0.125
330 65 0.125
62 66 0.125
63 66 0.125
64 66 0.125
65 66 0.125
67 66 0.125
68 66 0.125
69 66 0.125
70 66 0.125
62 109 0.111111
105 109 0.111111
106 109 0.111111
107 109 0.111111
108 109 0.111111
110 109 0.111111
111 109 0.111111
112 109 0.111111
113 109 0.111111
62 130 0.111111
126 130 0.111111
127 130 0.111111
128 130 0.111111
131 130 0.111111
132 130 0.111111
133 130 0.111111
134 130 0.111111
308 130 0.111111
63 67 0.125
64 67 0.125
65 67 0.125
66 67 0.125
68 67 0.125
69 67 0.125
70 67 0.125
71 67 0.125
63 406 0.125
129 406 0.125
277 406 0.125
402 406 0.125
403 406 0.125
405 406 0.125
407 406 0.125
408 406 0.125
64 68 0.111111
65 68 0.111111
66 68 0.111111
67 68 0.111111
70 68 0.111111
71 68 0.111111
72 68 0.111111
228 68 0.111111
69 68 0.111111
65 69 0.142857
66 69 0.142857
67 69 0.142857
68 69 0.142857
70 69 0.142857
323 69 0.142857
211 69 0.142857
65 330 0.125
326 330 0.125
327 330 0.125
328 330 0.125
329 330 0.125
332 330 0.125
333 330 0.125
334 330 0.125
66 70 0.125
67 70 0.125
68 70 0.125
69 70 0.125
71 70 0.125
72 70 0.125
73 70 0.125
74 70 0.125
67 71 0.125
68 71 0.125
70 71 0.125
72 71 0.125
73 71 0.125
74 71 0.125
75 71 0.125
213 71 0.125
68 72 0.142857
70 72 0.142857
71 72 0.142857
73 72 0.142857
74 72 0.142857
75 72 0.142857
76 72 0.142857
68 228 0.111111
224 228 0.111111
225 228 0.111111
226 228 0.111111
227 228 0.111111
229 228 0.111111
230 228 0.111111
231 228 0.111111
232 228 0.111111
69 323 0.111111
319 323 0.111111
320 323 0.111111
321 323 0.111111
322 323 0.111111
324 323 0.111111
325 323 0.111111
326 323 0.111111
327 323 0.111111
69 211 0.125
128 211 0.125
207 211 0.125
208 211 0.125
209 211 0.125
212 211 0.125
213 211 0.125
215 211 0.125
70 73 0.142857
71 73 0.142857
72 73 0.142857
74 73 0.142857
75 73 0.142857
76 73 0.142857
77 73 0.142857
70 74 0.111111
71 74 0.111111
72 74 0.111111
73 74 0.111111
75 74 0.111111
76 74 0.111111
77 74 0.111111
78 74 0.111111
225 74 0.111111
71 75 0.111111
72 75 0.111111
73 75 0.111111
74 75 0.111111
77 75 0.111111
78 75 0.111111
79 75 0.111111
284 75 0.111111
85 75 0.111111
72 76 0.142857
73 76 0.142857
74 76 0.142857
77 76 0.142857
78 76 0.142857
79 76 0.142857
80 76 0.142857
73 77 0.111111
74 77 0.111111
75 77 0.111111
76 77 0.111111
78 77 0.111111
79 77 0.111111
80 77 0.111111
81 77 0.111111
364 77 0.111111
74 78 0.125
75 78 0.125
76 78 0.125
77 78 0.125
79 78 0.125
80 78 0.125
81 78 0.125
82 78 0.125
74 225 0.142857
221 225 0.142857
223 225 0.142857
224 225 0.142857
226 225 0.142857
228 225 0.142857
229 225 0.142857
75 79 0.125
76 79 0.125
77 79 0.125
78 79 0.125
80 79 0.125
81 79 0.125
82 79 0.125
83 79 0.125
75 284 0.111111
280 284 0.111111
281 284 0.111111
282 284 0.111111
283 284 0.111111
285 284 0.111111
286 284 0.111111
287 284 0.111111
288 284 0.111111
75 85 0.142857
83 85 0.142857
84 85 0.142857
86 85 0.142857
87 85 0.142857
88 85 0.142857
112 85 0.142857
76 80 0.125
77 80 0.125
78 80 0.125
79 80 0.125
81 80 0.125
82 80 0.125
84 80 0.125
257 80 0.125
77 81 0.125
78 81 0.125
79 81 0.125
80 81 0.125
82 81 0.125
83 81 0.125
84 81 0.125
200 81 0.125
79 83 0.125
81 83 0.125
82 83 0.125
84 83 0.125
85 83 0.125
86 83 0.125
87 83 0.125
269 83 0.125
80 84 0.111111
81 84 0.111111
82 84 0.111111
83 84 0.111111
85 84 0.111111
86 84 0.111111
87 84 0.111111
88 84 0.111111
250 84 0.111111
80 257 0.111111
157 257 0.111111
178 257 0.111111
253 257 0.111111
254 257 0.111111
255 257 0.111111
256 257 0.111111
259 257 0.111111
260 257 0.111111
81 200 0.125
195 200 0.125
196 200 0.125
199 200 0.125
201 200 0.125
203 200 0.125
204 200 0.125
310 200 0.125
82 86 0.125
83 86 0.125
84 86 0.125
85 86 0.125
88 86 0.125
89 86 0.125
90 86 0.125
423 86 0.125
82 282 0.125
278 282 0.125
279 282 0.125
280 282 0.125
281 282 0.125
284 282 0.125
285 282 0.125
286 282 0.125
83 87 0.142857
84 87 0.142857
85 87 0.142857
88 87 0.142857
89 87 0.142857
91 87 0.142857
235 87 0.142857
84 88 0.111111
85 88 0.111111
86 88 0.111111
87 88 0.111111
90 88 0.111111
91 88 0.111111
92 88 0.111111
259 88 0.111111
288 88 0.111111
84 250 0.142857
246 250 0.142857
247 250 0.142857
248 250 0.142857
252 250 0.142857
253 250 0.142857
254 250 0.142857
85 112 0.111111
108 112 0.111111
109 112 0.111111
110 112 0.111111
111 112 0.111111
114 112 0.111111
115 112 0.111111
116 112 0.111111
386 112 0.111111
86 89 0.142857
87 89 0.142857
90 89 0.142857
91 89 0.142857
92 89 0.142857
249 89 0.142857
168 89 0.142857
86 90 0.142857
88 90 0.142857
89 90 0.142857
91 90 0.142857
92 90 0.142857
93 90 0.142857
94 90 0.142857
86 423 0.111111
350 423 0.111111
419 423 0.111111
420 423 0.111111
421 423 0.111111
422 423 0.111111
424 423 0.111111
425 423 0.111111
426 423 0.111111
87 91 0.125
88 91 0.125
89 91 0.125
90 91 0.125
92 91 0.125
93 91 0.125
94 91 0.125
95 91 0.125
87 235 0.111111
231 235 0.111111
232 235 0.111111
233 235 0.111111
234 235 0.111111
236 235 0.111111
237 235 0.111111
238 235 0.111111
239 235 0.111111
88 92 0.125
89 92 0.125
90 92 0.125
91 92 0.125
93 92 0.125
95 92 0.125
96 92 0.125
304 92 0.125
88 259 0.111111
255 259 0.111111
256 259 0.111111
257 259 0.111111
258 259 0.111111
260 259 0.111111
261 259 0.111111
262 259 0.111111
263 259 0.111111
88 288 0.125
284 288 0.125
285 288 0.125
286 288 0.125
287 288 0.125
289 288 0.125
291 288 0.125
292 288 0.125
89 249 0.125
203 249 0.125
245 249 0.125
246 249 0.125
247 249 0.125
248 249 0.125
252 249 0.125
363 249 0.125
89 168 0.111111
164 168 0.111111
165 168 0.111111
166 168 0.111111
167 168 0.111111
169 168 0.111111
170 168 0.111111
171 168 0.111111
172 168 0.111111
90 93 0.142857
91 93 0.142857
92 93 0.142857
94 93 0.142857
95 93 0.142857
96 93 0.142857
97 93 0.142857
90 94 0.142857
91 94 0.142857
93 94 0.142857
95 94 0.142857
96 94 0.142857
97 94 0.142857
246 94 0.142857
91 95 0.125
92 95 0.125
93 95 0.125
94 95 0.125
96 95 0.125
97 95 0.125
98 95 0.125
99 95 0.125
92 96 0.125
93 96 0.125
94 96 0.125
95 96 0.125
97 96 0.125
98 96 0.125
99 96 0.125
100 96 0.125
92 304 0.125
193 304 0.125
300 304 0.125
301 304 0.125
303 304 0.125
306 304 0.125
307 304 0.125
367 304 0.125
93 97 0.125
94 97 0.125
95 97 0.125
96 97 0.125
98 97 0.125
99 97 0.125
100 97 0.125
101 97 0.125
94 246 0.125
172 246 0.125
242 246 0.125
244 246 0.125
247 246 0.125
249 246 0.125
250 246 0.125
414 246 0.125
95 98 0.142857
96 98 0.142857
97 98 0.142857
99 98 0.142857
100 98 0.142857
101 98 0.142857
102 98 0.142857
95 99 0.111111
96 99 0.111111
97 99 0.111111
98 99 0.111111
100 99 0.111111
101 99 0.111111
102 99 0.111111
141 99 0.111111
156 99 0.111111
96 100 0.125
97 100 0.125
98 100 0.125
99 100 0.125
101 100 0.125
102 100 0.125
103 100 0.125
104 100 0.125
97 101 0.1
98 101 0.1
99 101 0.1
100 101 0.1
102 101 0.1
103 101 0.1
104 101 0.1
105 101 0.1
199 101 0.1
392 101 0.1
98 102 0.125
99 102 0.125
100 102 0.125
101 102 0.125
103 102 0.125
104 102 0.125
105 102 0.125
106 102 0.125
99 156 0.111111
152 156 0.111111
153 156 0.111111
154 156 0.111111
155 156 0.111111
157 156 0.111111
158 156 0.111111
159 156 0.111111
160 156 0.111111
100 103 0.142857
101 103 0.142857
102 103 0.142857
104 103 0.142857
105 103 0.142857
106 103 0.142857
107 103 0.142857
100 104 0.125
101 104 0.125
102 104 0.125
103 104 0.125
105 104 0.125
106 104 0.125
107 104 0.125
108 104 0.125
101 105 0.125
102 105 0.125
103 105 0.125
104 105 0.125
106 105 0.125
107 105 0.125
108 105 0.125
109 105 0.125
101 199 0.125
196 199 0.125
197 199 0.125
198 199 0.125
200 199 0.125
202 199 0.125
203 199 0.125
210 199 0.125
101 392 0.125
388 392 0.125
389 392 0.125
390 392 0.125
391 392 0.125
393 392 0.125
394 392 0.125
396 392 0.125
102 106 0.125
103 106 0.125
104 106 0.125
105 106 0.125
107 106 0.125
108 106 0.125
109 106 0.125
110 106 0.125
103 107 0.125
104 107 0.125
105 107 0.125
106 107 0.125
108 107 0.125
109 107 0.125
110 107 0.125
111 107 0.125
104 108 0.111111
105 108 0.111111
106 108 0.111111
107 108 0.111111
109 108 0.111111
110 108 0.111111
111 108 0.111111
112 108 0.111111
358 108 0.111111
106 110 0.125
107 110 0.125
108 110 0.125
109 110 0.125
111 110 0.125
112 110 0.125
113 110 0.125
114 110 0.125
107 111 0.125
108 111 0.125
109 111 0.125
110 111 0.125
112 111 0.125
113 111 0.125
114 111 0.125
115 111 0.125
108 358 0.125
354 358 0.125
355 358 0.125
356 358 0.125
357 358 0.125
359 358 0.125
360 358 0.125
361 358 0.125
109 113 0.125
110 113 0.125
111 113 0.125
114 113 0.125
115 113 0.125
116 113 0.125
117 113 0.125
232 113 0.125
110 114 0.125
111 114 0.125
112 114 0.125
113 114 0.125
115 114 0.125
116 114 0.125
117 114 0.125
118 114 0.125
111 115 0.125
112 115 0.125
113 115 0.125
114 115 0.125
116 115 0.125
118 115 0.125
119 115 0.125
240 115 0.125
112 116 0.125
113 116 0.125
114 116 0.125
115 116 0.125
117 116 0.125
118 116 0.125
119 116 0.125
120 116 0.125
112 386 0.125
309 386 0.125
382 386 0.125
384 386 0.125
385 386 0.125
387 386 0.125
388 386 0.125
389 386 0.125
113 232 0.125
228 232 0.125
229 232 0.125
230 232 0.125
231 232 0.125
233 232 0.125
235 232 0.125
236 232 0.125
114 118 0.111111
115 118 0.111111
116 118 0.111111
117 118 0.111111
119 118 0.111111
120 118 0.111111
121 118 0.111111
122 118 0.111111
404 118 0.111111
115 119 0.125
116 119 0.125
117 119 0.125
118 119 0.125
120 119 0.125
121 119 0.125
122 119 0.125
123 119 0.125
115 240 0.111111
236 240 0.111111
237 240 0.111111
238 240 0.111111
239 240 0.111111
241 240 0.111111
242 240 0.111111
243 240 0.111111
244 240 0.111111
116 120 0.125
117 120 0.125
118 120 0.125
119 120 0.125
122 120 0.125
123 120 0.125
124 120 0.125
398 120 0.125
117 121 0.142857
118 121 0.142857
119 121 0.142857
122 121 0.142857
123 121 0.142857
124 121 0.142857
125 121 0.142857
118 122 0.125
119 122 0.125
120 122 0.125
121 122 0.125
123 122 0.125
124 122 0.125
125 122 0.125
126 122 0.125
118 404 0.111111
296 404 0.111111
400 404 0.111111
401 404 0.111111
402 404 0.111111
403 404 0.111111
407 404 0.111111
408 404 0.111111
424 404 0.111111
119 123 0.111111
120 123 0.111111
121 123 0.111111
122 123 0.111111
124 123 0.111111
125 123 0.111111
126 123 0.111111
127 123 0.111111
414 123 0.111111
120 124 0.125
121 124 0.125
122 124 0.125
123 124 0.125
125 124 0.125
126 124 0.125
127 124 0.125
128 124 0.125
121 125 0.111111
122 125 0.111111
123 125 0.111111
124 125 0.111111
127 125 0.111111
128 125 0.111111
129 125 0.111111
280 125 0.111111
189 125 0.111111
122 126 0.142857
123 126 0.142857
124 126 0.142857
127 126 0.142857
128 126 0.142857
129 126 0.142857
130 126 0.142857
123 127 0.125
124 127 0.125
125 127 0.125
126 127 0.125
128 127 0.125
129 127 0.125
130 127 0.125
131 127 0.125
123 414 0.125
214 414 0.125
246 414 0.125
410 414 0.125
412 414 0.125
413 414 0.125
415 414 0.125
418 414 0.125
124 128 0.111111
125 128 0.111111
126 128 0.111111
127 128 0.111111
129 128 0.111111
130 128 0.111111
131 128 0.111111
132 128 0.111111
211 128 0.111111
125 280 0.111111
276 280 0.111111
277 280 0.111111
278 280 0.111111
279 280 0.111111
281 280 0.111111
282 280 0.111111
283 280 0.111111
284 280 0.111111
125 189 0.142857
185 189 0.142857
186 189 0.142857
187 189 0.142857
190 189 0.142857
192 189 0.142857
193 189 0.142857
127 131 0.111111
128 131 0.111111
129 131 0.111111
130 131 0.111111
132 131 0.111111
133 131 0.111111
135 131 0.111111
262 131 0.111111
244 131 0.111111
130 134 0.142857
132 134 0.142857
133 134 0.142857
135 134 0.142857
136 134 0.142857
137 134 0.142857
138 134 0.142857
131 135 0.125
132 135 0.125
133 135 0.125
134 135 0.125
136 135 0.125
137 135 0.125
139 135 0.125
393 135 0.125
131 262 0.125
141 262 0.125
258 262 0.125
259 262 0.125
260 262 0.125
261 262 0.125
264 262 0.125
266 262 0.125
131 244 0.111111
240 244 0.111111
241 244 0.111111
242 244 0.111111
243 244 0.111111
245 244 0.111111
246 244 0.111111
247 244 0.111111
248 244 0.111111
132 136 0.125
133 136 0.125
134 136 0.125
135 136 0.125
137 136 0.125
138 136 0.125
139 136 0.125
140 136 0.125
134 138 0.142857
136 138 0.142857
137 138 0.142857
139 138 0.142857
140 138 0.142857
141 138 0.142857
142 138 0.142857
135 139 0.125
136 139 0.125
137 139 0.125
138 139 0.125
140 139 0.125
141 139 0.125
142 139 0.125
143 139 0.125
135 393 0.111111
389 393 0.111111
390 393 0.111111
391 393 0.111111
392 393 0.111111
394 393 0.111111
395 393 0.111111
397 393 0.111111
426 393 0.111111
136 140 0.142857
138 140 0.142857
139 140 0.142857
141 140 0.142857
142 140 0.142857
143 140 0.142857
144 140 0.142857
137 350 0.1
346 350 0.1
347 350 0.1
348 350 0.1
349 350 0.1
351 350 0.1
352 350 0.1
353 350 0.1
354 350 0.1
423 350 0.1
137 147 0.125
143 147 0.125
144 147 0.125
146 147 0.125
148 147 0.125
149 147 0.125
150 147 0.125
151 147 0.125
138 142 0.142857
139 142 0.142857
140 142 0.142857
143 142 0.142857
144 142 0.142857
145 142 0.142857
146 142 0.142857
140 144 0.125
141 144 0.125
142 144 0.125
143 144 0.125
145 144 0.125
146 144 0.125
147 144 0.125
148 144 0.125
141 145 0.125
142 145 0.125
143 145 0.125
144 145 0.125
148 145 0.125
149 145 0.125
191 145 0.125
353 145 0.125
142 146 0.142857
144 146 0.142857
147 146 0.142857
148 146 0.142857
150 146 0.142857
334 146 0.142857
399 146 0.142857
143 413 0.1
197 413 0.1
409 413 0.1
410 413 0.1
411 413 0.1
412 413 0.1
414 413 0.1
415 413 0.1
416 413 0.1
417 413 0.1
144 148 0.111111
145 148 0.111111
146 148 0.111111
147 148 0.111111
149 148 0.111111
150 148 0.111111
152 148 0.111111
279 148 0.111111
287 148 0.111111
145 149 0.142857
147 149 0.142857
148 149 0.142857
150 149 0.142857
151 149 0.142857
152 149 0.142857
153 149 0.142857
145 191 0.125
187 191 0.125
188 191 0.125
190 191 0.125
193 191 0.125
194 191 0.125
195 191 0.125
298 191 0.125
145 353 0.125
349 353 0.125
350 353 0.125
352 353 0.125
354 353 0.125
355 353 0.125
356 353 0.125
357 353 0.125
146 334 0.142857
206 334 0.142857
330 334 0.142857
331 334 0.142857
333 334 0.142857
335 334 0.142857
337 334 0.142857
146 399 0.111111
395 399 0.111111
396 399 0.111111
397 399 0.111111
398 399 0.111111
400 399 0.111111
401 399 0.111111
402 399 0.111111
403 399 0.111111
147 151 0.142857
149 151 0.142857
150 151 0.142857
152 151 0.142857
153 151 0.142857
154 151 0.142857
155 151 0.142857
148 152 0.142857
149 152 0.142857
151 152 0.142857
154 152 0.142857
155 152 0.142857
156 152 0.142857
265 152 0.142857
148 279 0.111111
275 279 0.111111
276 279 0.111111
277 279 0.111111
278 279 0.111111
280 279 0.111111
281 279 0.111111
282 279 0.111111
283 279 0.111111
148 287 0.142857
283 287 0.142857
284 287 0.142857
286 287 0.142857
288 287 0.142857
289 287 0.142857
291 287 0.142857
149 153 0.142857
150 153 0.142857
151 153 0.142857
154 153 0.142857
155 153 0.142857
156 153 0.142857
157 153 0.142857
150 154 0.125
151 154 0.125
152 154 0.125
153 154 0.125
155 154 0.125
156 154 0.125
157 154 0.125
158 154 0.125
150 331 0.125
327 331 0.125
328 331 0.125
329 331 0.125
332 331 0.125
333 331 0.125
334 331 0.125
335 331 0.125
150 298 0.111111
163 298 0.111111
191 298 0.111111
294 298 0.111111
295 298 0.111111
296 298 0.111111
297 298 0.111111
299 298 0.111111
301 298 0.111111
151 155 0.111111
152 155 0.111111
153 155 0.111111
154 155 0.111111
156 155 0.111111
157 155 0.111111
158 155 0.111111
159 155 0.111111
183 155 0.111111
152 265 0.125
261 265 0.125
263 265 0.125
264 265 0.125
266 265 0.125
267 265 0.125
268 265 0.125
269 265 0.125
153 157 0.111111
154 157 0.111111
155 157 0.111111
156 157 0.111111
158 157 0.111111
159 157 0.111111
160 157 0.111111
161 157 0.111111
257 157 0.111111
154 158 0.125
155 158 0.125
156 158 0.125
157 158 0.125
159 158 0.125
160 158 0.125
161 158 0.125
162 158 0.125
155 159 0.125
156 159 0.125
157 159 0.125
158 159 0.125
161 159 0.125
162 159 0.125
163 159 0.125
422 159 0.125
155 183 0.125
179 183 0.125
180 183 0.125
181 183 0.125
182 183 0.125
184 183 0.125
185 183 0.125
187 183 0.125
156 160 0.142857
157 160 0.142857
158 160 0.142857
161 160 0.142857
162 160 0.142857
163 160 0.142857
164 160 0.142857
157 161 0.111111
158 161 0.111111
159 161 0.111111
160 161 0.111111
162 161 0.111111
164 161 0.111111
165 161 0.111111
369 161 0.111111
425 161 0.111111
158 162 0.125
159 162 0.125
160 162 0.125
161 162 0.125
163 162 0.125
165 162 0.125
166 162 0.125
346 162 0.125
159 163 0.125
160 163 0.125
162 163 0.125
164 163 0.125
165 163 0.125
166 163 0.125
167 163 0.125
298 163 0.125
159 422 0.125
418 422 0.125
419 422 0.125
420 422 0.125
423 422 0.125
424 422 0.125
425 422 0.125
426 422 0.125
160 164 0.142857
161 164 0.142857
163 164 0.142857
165 164 0.142857
166 164 0.142857
167 164 0.142857
168 164 0.142857
161 165 0.125
162 165 0.125
163 165 0.125
164 165 0.125
166 165 0.125
167 165 0.125
168 165 0.125
169 165 0.125
161 369 0.125
366 369 0.125
367 369 0.125
368 369 0.125
370 369 0.125
372 369 0.125
373 369 0.125
401 369 0.125
162 166 0.125
163 166 0.125
164 166 0.125
165 166 0.125
167 166 0.125
168 166 0.125
169 166 0.125
170 166 0.125
162 346 0.111111
342 346 0.111111
343 346 0.111111
344 346 0.111111
345 346 0.111111
347 346 0.111111
348 346 0.111111
349 346 0.111111
350 346 0.111111
163 167 0.125
164 167 0.125
165 167 0.125
166 167 0.125
168 167 0.125
169 167 0.125
170 167 0.125
171 167 0.125
166 170 0.125
167 170 0.125
168 170 0.125
169 170 0.125
171 170 0.125
172 170 0.125
173 170 0.125
174 170 0.125
167 171 0.142857
168 171 0.142857
170 171 0.142857
172 171 0.142857
173 171 0.142857
174 171 0.142857
178 171 0.142857
168 172 0.125
169 172 0.125
170 172 0.125
171 172 0.125
173 172 0.125
174 172 0.125
176 172 0.125
246 172 0.125
169 291 0.111111
287 291 0.111111
288 291 0.111111
289 291 0.111111
290 291 0.111111
292 291 0.111111
293 291 0.111111
294 291 0.111111
295 291 0.111111
169 198 0.142857
194 198 0.142857
195 198 0.142857
197 198 0.142857
199 198 0.142857
201 198 0.142857
202 198 0.142857
169 307 0.125
303 307 0.125
304 307 0.125
305 307 0.125
306 307 0.125
308 307 0.125
310 307 0.125
311 307 0.125
170 173 0.142857
171 173 0.142857
172 173 0.142857
174 173 0.142857
175 173 0.142857
176 173 0.142857
177 173 0.142857
170 174 0.125
171 174 0.125
172 174 0.125
173 174 0.125
175 174 0.125
176 174 0.125
177 174 0.125
178 174 0.125
171 178 0.1
174 178 0.1
175 178 0.1
176 178 0.1
177 178 0.1
179 178 0.1
180 178 0.1
181 178 0.1
182 178 0.1
257 178 0.1
172 176 0.125
173 176 0.125
174 176 0.125
175 176 0.125
177 176 0.125
178 176 0.125
179 176 0.125
180 176 0.125
173 175 0.142857
174 175 0.142857
176 175 0.142857
177 175 0.142857
178 175 0.142857
179 175 0.142857
243 175 0.142857
173 177 0.111111
174 177 0.111111
175 177 0.111111
176 177 0.111111
178 177 0.111111
179 177 0.111111
180 177 0.111111
181 177 0.111111
320 177 0.111111
175 179 0.125
176 179 0.125
177 179 0.125
178 179 0.125
180 179 0.125
181 179 0.125
182 179 0.125
183 179 0.125
175 243 0.125
239 243 0.125
240 243 0.125
241 243 0.125
242 243 0.125
244 243 0.125
245 243 0.125
247 243 0.125
176 180 0.111111
177 180 0.111111
178 180 0.111111
179 180 0.111111
181 180 0.111111
182 180 0.111111
183 180 0.111111
184 180 0.111111
216 180 0.111111
177 181 0.111111
178 181 0.111111
179 181 0.111111
180 181 0.111111
182 181 0.111111
183 181 0.111111
184 181 0.111111
185 181 0.111111
359 181 0.111111
177 320 0.125
316 320 0.125
317 320 0.125
318 320 0.125
319 320 0.125
322 320 0.125
323 320 0.125
324 320 0.125
178 182 0.125
179 182 0.125
180 182 0.125
181 182 0.125
183 182 0.125
184 182 0.125
185 182 0.125
186 182 0.125
180 184 0.125
181 184 0.125
182 184 0.125
183 184 0.125
185 184 0.125
186 184 0.125
187 184 0.125
188 184 0.125
180 216 0.142857
212 216 0.142857
213 216 0.142857
214 216 0.142857
217 216 0.142857
218 216 0.142857
219 216 0.142857
181 185 0.111111
182 185 0.111111
183 185 0.111111
184 185 0.111111
186 185 0.111111
187 185 0.111111
188 185 0.111111
189 185 0.111111
332 185 0.111111
181 359 0.125
355 359 0.125
356 359 0.125
357 359 0.125
358 359 0.125
361 359 0.125
363 359 0.125
405 359 0.125
182 186 0.142857
184 186 0.142857
185 186 0.142857
187 186 0.142857
188 186 0.142857
189 186 0.142857
190 186 0.142857
183 187 0.125
184 187 0.125
185 187 0.125
186 187 0.125
188 187 0.125
189 187 0.125
190 187 0.125
191 187 0.125
184 188 0.111111
185 188 0.111111
186 188 0.111111
187 188 0.111111
190 188 0.111111
191 188 0.111111
192 188 0.111111
264 188 0.111111
256 188 0.111111
188 192 0.142857
189 192 0.142857
190 192 0.142857
194 192 0.142857
195 192 0.142857
196 192 0.142857
398 192 0.142857
188 264 0.125
260 264 0.125
261 264 0.125
262 264 0.125
265 264 0.125
266 264 0.125
267 264 0.125
268 264 0.125
188 256 0.111111
252 256 0.111111
253 256 0.111111
254 256 0.111111
255 256 0.111111
257 256 0.111111
258 256 0.111111
259 256 0.111111
363 256 0.111111
189 193 0.142857
191 193 0.142857
194 193 0.142857
195 193 0.142857
196 193 0.142857
304 193 0.142857
281 193 0.142857
190 194 0.111111
191 194 0.111111
192 194 0.111111
193 194 0.111111
195 194 0.111111
196 194 0.111111
197 194 0.111111
198 194 0.111111
377 194 0.111111
191 195 0.125
192 195 0.125
193 195 0.125
194 195 0.125
196 195 0.125
197 195 0.125
198 195 0.125
200 195 0.125
192 196 0.125
193 196 0.125
194 196 0.125
195 196 0.125
199 196 0.125
200 196 0.125
352 196 0.125
349 196 0.125
193 281 0.111111
277 281 0.111111
278 281 0.111111
279 281 0.111111
280 281 0.111111
282 281 0.111111
283 281 0.111111
284 281 0.111111
285 281 0.111111
194 197 0.166667
195 197 0.166667
198 197 0.166667
199 197 0.166667
201 197 0.166667
413 197 0.166667
194 377 0.125
373 377 0.125
374 377 0.125
375 377 0.125
376 377 0.125
379 377 0.125
380 377 0.125
381 377 0.125
196 352 0.111111
305 352 0.111111
349 352 0.111111
350 352 0.111111
351 352 0.111111
353 352 0.111111
354 352 0.111111
355 352 0.111111
356 352 0.111111
196 349 0.1
302 349 0.1
345 349 0.1
346 349 0.1
347 349 0.1
348 349 0.1
350 349 0.1
351 349 0.1
352 349 0.1
353 349 0.1
197 201 0.142857
198 201 0.142857
200 201 0.142857
202 201 0.142857
203 201 0.142857
204 201 0.142857
205 201 0.142857
198 202 0.142857
199 202 0.142857
201 202 0.142857
203 202 0.142857
204 202 0.142857
205 202 0.142857
206 202 0.142857
199 203 0.111111
200 203 0.111111
201 203 0.111111
202 203 0.111111
204 203 0.111111
206 203 0.111111
207 203 0.111111
286 203 0.111111
249 203 0.111111
199 210 0.125
206 210 0.125
207 210 0.125
208 210 0.125
209 210 0.125
212 210 0.125
213 210 0.125
214 210 0.125
200 204 0.125
201 204 0.125
202 204 0.125
203 204 0.125
205 204 0.125
206 204 0.125
207 204 0.125
208 204 0.125
200 310 0.125
306 310 0.125
307 310 0.125
309 310 0.125
311 310 0.125
312 310 0.125
313 310 0.125
314 310 0.125
201 205 0.142857
202 205 0.142857
204 205 0.142857
206 205 0.142857
207 205 0.142857
208 205 0.142857
209 205 0.142857
202 206 0.111111
203 206 0.111111
204 206 0.111111
205 206 0.111111
208 206 0.111111
209 206 0.111111
210 206 0.111111
311 206 0.111111
334 206 0.111111
203 207 0.125
204 207 0.125
205 207 0.125
208 207 0.125
209 207 0.125
210 207 0.125
211 207 0.125
285 207 0.125
203 286 0.111111
282 286 0.111111
283 286 0.111111
284 286 0.111111
285 286 0.111111
287 286 0.111111
288 286 0.111111
289 286 0.111111
290 286 0.111111
204 208 0.125
205 208 0.125
206 208 0.125
207 208 0.125
209 208 0.125
210 208 0.125
211 208 0.125
212 208 0.125
205 209 0.125
206 209 0.125
207 209 0.125
208 209 0.125
210 209 0.125
211 209 0.125
212 209 0.125
213 209 0.125
206 311 0.111111
307 311 0.111111
308 311 0.111111
309 311 0.111111
310 311 0.111111
312 311 0.111111
313 311 0.111111
314 311 0.111111
315 311 0.111111
207 285 0.111111
281 285 0.111111
282 285 0.111111
283 285 0.111111
284 285 0.111111
286 285 0.111111
288 285 0.111111
289 285 0.111111
351 285 0.111111
208 212 0.125
209 212 0.125
210 212 0.125
211 212 0.125
213 212 0.125
214 212 0.125
215 212 0.125
216 212 0.125
210 214 0.125
212 214 0.125
215 214 0.125
216 214 0.125
217 214 0.125
218 214 0.125
233 214 0.125
414 214 0.125
211 215 0.125
212 215 0.125
213 215 0.125
214 215 0.125
217 215 0.125
218 215 0.125
219 215 0.125
388 215 0.125
213 217 0.125
214 217 0.125
215 217 0.125
216 217 0.125
218 217 0.125
219 217 0.125
220 217 0.125
221 217 0.125
214 218 0.125
215 218 0.125
216 218 0.125
217 218 0.125
219 218 0.125
220 218 0.125
221 218 0.125
222 218 0.125
214 233 0.125
229 233 0.125
230 233 0.125
231 233 0.125
232 233 0.125
235 233 0.125
236 233 0.125
237 233 0.125
215 219 0.125
216 219 0.125
217 219 0.125
218 219 0.125
221 219 0.125
222 219 0.125
223 219 0.125
348 219 0.125
215 388 0.125
385 388 0.125
386 388 0.125
387 388 0.125
389 388 0.125
390 388 0.125
391 388 0.125
392 388 0.125
217 220 0.166667
218 220 0.166667
222 220 0.166667
223 220 0.166667
224 220 0.166667
363 220 0.166667
218 222 0.125
219 222 0.125
220 222 0.125
221 222 0.125
223 222 0.125
224 222 0.125
226 222 0.125
364 222 0.125
219 223 0.125
220 223 0.125
221 223 0.125
222 223 0.125
224 223 0.125
225 223 0.125
226 223 0.125
227 223 0.125
220 224 0.111111
221 224 0.111111
222 224 0.111111
223 224 0.111111
225 224 0.111111
226 224 0.111111
227 224 0.111111
228 224 0.111111
421 224 0.111111
222 226 0.111111
223 226 0.111111
224 226 0.111111
225 226 0.111111
227 226 0.111111
228 226 0.111111
229 226 0.111111
230 226 0.111111
384 226 0.111111
223 227 0.125
224 227 0.125
226 227 0.125
228 227 0.125
229 227 0.125
230 227 0.125
231 227 0.125
341 227 0.125
225 229 0.125
226 229 0.125
227 229 0.125
228 229 0.125
230 229 0.125
231 229 0.125
232 229 0.125
233 229 0.125
226 384 0.125
312 384 0.125
380 384 0.125
381 384 0.125
382 384 0.125
383 384 0.125
385 384 0.125
386 384 0.125
227 231 0.142857
228 231 0.142857
229 231 0.142857
232 231 0.142857
233 231 0.142857
234 231 0.142857
235 231 0.142857
227 341 0.125
337 341 0.125
338 341 0.125
339 341 0.125
340 341 0.125
343 341 0.125
344 341 0.125
345 341 0.125
230 234 0.166667
231 234 0.166667
235 234 0.166667
237 234 0.166667
238 234 0.166667
317 234 0.166667
232 236 0.142857
233 236 0.142857
235 236 0.142857
237 236 0.142857
238 236 0.142857
239 236 0.142857
240 236 0.142857
233 237 0.111111
234 237 0.111111
235 237 0.111111
236 237 0.111111
238 237 0.111111
239 237 0.111111
240 237 0.111111
241 237 0.111111
324 237 0.111111
234 238 0.125
235 238 0.125
236 238 0.125
237 238 0.125
239 238 0.125
240 238 0.125
241 238 0.125
242 238 0.125
234 317 0.111111
313 317 0.111111
314 317 0.111111
315 317 0.111111
316 317 0.111111
318 317 0.111111
319 317 0.111111
320 317 0.111111
321 317 0.111111
235 239 0.125
236 239 0.125
237 239 0.125
238 239 0.125
240 239 0.125
241 239 0.125
242 239 0.125
243 239 0.125
237 241 0.125
238 241 0.125
239 241 0.125
240 241 0.125
242 241 0.125
243 241 0.125
244 241 0.125
245 241 0.125
237 324 0.125
320 324 0.125
321 324 0.125
322 324 0.125
323 324 0.125
326 324 0.125
327 324 0.125
328 324 0.125
238 242 0.125
239 242 0.125
240 242 0.125
241 242 0.125
243 242 0.125
244 242 0.125
246 242 0.125
362 242 0.125
242 362 0.166667
360 362 0.166667
363 362 0.166667
364 362 0.166667
365 362 0.166667
366 362 0.166667
243 247 0.111111
244 247 0.111111
245 247 0.111111
246 247 0.111111
248 247 0.111111
249 247 0.111111
250 247 0.111111
251 247 0.111111
329 247 0.111111
244 248 0.166667
247 248 0.166667
249 248 0.166667
250 248 0.166667
251 248 0.166667
252 248 0.166667
247 251 0.166667
248 251 0.166667
252 251 0.166667
253 251 0.166667
254 251 0.166667
255 251 0.166667
247 329 0.125
325 329 0.125
326 329 0.125
327 329 0.125
328 329 0.125
330 329 0.125
331 329 0.125
333 329 0.125
248 252 0.125
249 252 0.125
250 252 0.125
251 252 0.125
253 252 0.125
254 252 0.125
255 252 0.125
256 252 0.125
250 253 0.142857
251 253 0.142857
252 253 0.142857
254 253 0.142857
255 253 0.142857
256 253 0.142857
257 253 0.142857
250 254 0.125
251 254 0.125
252 254 0.125
253 254 0.125
255 254 0.125
256 254 0.125
257 254 0.125
258 254 0.125
251 255 0.125
252 255 0.125
253 255 0.125
254 255 0.125
256 255 0.125
257 255 0.125
258 255 0.125
259 255 0.125
254 258 0.142857
255 258 0.142857
256 258 0.142857
259 258 0.142857
260 258 0.142857
261 258 0.142857
262 258 0.142857
257 260 0.142857
258 260 0.142857
259 260 0.142857
261 260 0.142857
262 260 0.142857
263 260 0.142857
264 260 0.142857
258 261 0.125
259 261 0.125
260 261 0.125
262 261 0.125
263 261 0.125
264 261 0.125
265 261 0.125
348 261 0.125
259 263 0.142857
260 263 0.142857
261 263 0.142857
265 263 0.142857
266 263 0.142857
267 263 0.142857
396 263 0.142857
262 266 0.125
263 266 0.125
264 266 0.125
265 266 0.125
267 266 0.125
268 266 0.125
269 266 0.125
270 266 0.125
263 396 0.125
378 396 0.125
392 396 0.125
394 396 0.125
395 396 0.125
397 396 0.125
399 396 0.125
400 396 0.125
264 268 0.125
265 268 0.125
266 268 0.125
267 268 0.125
269 268 0.125
270 268 0.125
271 268 0.125
272 268 0.125
266 270 0.142857
268 270 0.142857
269 270 0.142857
271 270 0.142857
272 270 0.142857
273 270 0.142857
274 270 0.142857
267 271 0.125
268 271 0.125
269 271 0.125
270 271 0.125
272 271 0.125
273 271 0.125
274 271 0.125
275 271 0.125
268 272 0.142857
270 272 0.142857
271 272 0.142857
273 272 0.142857
274 272 0.142857
275 272 0.142857
276 272 0.142857
269 273 0.125
270 273 0.125
271 273 0.125
272 273 0.125
274 273 0.125
275 273 0.125
276 273 0.125
277 273 0.125
270 274 0.111111
271 274 0.111111
272 274 0.111111
273 274 0.111111
275 274 0.111111
276 274 0.111111
277 274 0.111111
278 274 0.111111
385 274 0.111111
271 275 0.125
272 275 0.125
273 275 0.125
274 275 0.125
276 275 0.125
277 275 0.125
278 275 0.125
279 275 0.125
272 276 0.125
273 276 0.125
274 276 0.125
275 276 0.125
277 276 0.125
278 276 0.125
279 276 0.125
280 276 0.125
273 277 0.111111
274 277 0.111111
275 277 0.111111
276 277 0.111111
278 277 0.111111
279 277 0.111111
280 277 0.111111
281 277 0.111111
406 277 0.111111
274 278 0.125
275 278 0.125
276 278 0.125
277 278 0.125
279 278 0.125
280 278 0.125
281 278 0.125
282 278 0.125
274 385 0.125
381 385 0.125
382 385 0.125
383 385 0.125
384 385 0.125
386 385 0.125
388 385 0.125
389 385 0.125
279 283 0.142857
280 283 0.142857
281 283 0.142857
284 283 0.142857
285 283 0.142857
286 283 0.142857
287 283 0.142857
285 289 0.125
286 289 0.125
287 289 0.125
288 289 0.125
290 289 0.125
291 289 0.125
292 289 0.125
293 289 0.125
285 351 0.125
347 351 0.125
348 351 0.125
349 351 0.125
350 351 0.125
352 351 0.125
354 351 0.125
355 351 0.125
286 290 0.142857
289 290 0.142857
291 290 0.142857
292 290 0.142857
293 290 0.142857
294 290 0.142857
419 290 0.142857
288 292 0.125
289 292 0.125
290 292 0.125
291 292 0.125
293 292 0.125
294 292 0.125
295 292 0.125
296 292 0.125
289 293 0.125
290 293 0.125
291 293 0.125
292 293 0.125
294 293 0.125
295 293 0.125
296 293 0.125
297 293 0.125
290 294 0.125
291 294 0.125
292 294 0.125
293 294 0.125
295 294 0.125
296 294 0.125
297 294 0.125
298 294 0.125
290 419 0.125
415 419 0.125
416 419 0.125
417 419 0.125
418 419 0.125
420 419 0.125
422 419 0.125
423 419 0.125
291 295 0.125
292 295 0.125
293 295 0.125
294 295 0.125
296 295 0.125
297 295 0.125
298 295 0.125
299 295 0.125
292 296 0.111111
293 296 0.111111
294 296 0.111111
295 296 0.111111
297 296 0.111111
298 296 0.111111
299 296 0.111111
300 296 0.111111
404 296 0.111111
293 297 0.125
294 297 0.125
295 297 0.125
296 297 0.125
298 297 0.125
299 297 0.125
300 297 0.125
301 297 0.125
295 299 0.125
296 299 0.125
297 299 0.125
298 299 0.125
300 299 0.125
301 299 0.125
302 299 0.125
303 299 0.125
296 300 0.142857
297 300 0.142857
299 300 0.142857
301 300 0.142857
302 300 0.142857
303 300 0.142857
304 300 0.142857
297 301 0.125
298 301 0.125
299 301 0.125
300 301 0.125
302 301 0.125
303 301 0.125
304 301 0.125
305 301 0.125
299 303 0.125
300 303 0.125
301 303 0.125
302 303 0.125
304 303 0.125
305 303 0.125
306 303 0.125
307 303 0.125
302 306 0.125
303 306 0.125
304 306 0.125
305 306 0.125
307 306 0.125
308 306 0.125
309 306 0.125
310 306 0.125
304 367 0.125
363 367 0.125
365 367 0.125
366 367 0.125
368 367 0.125
369 367 0.125
370 367 0.125
371 367 0.125
306 309 0.166667
308 309 0.166667
310 309 0.166667
311 309 0.166667
313 309 0.166667
386 309 0.166667
308 361 0.125
357 361 0.125
358 361 0.125
359 361 0.125
360 361 0.125
363 361 0.125
364 361 0.125
365 361 0.125
308 408 0.111111
313 408 0.111111
404 408 0.111111
405 408 0.111111
406 408 0.111111
407 408 0.111111
409 408 0.111111
410 408 0.111111
412 408 0.111111
309 313 0.111111
310 313 0.111111
311 313 0.111111
312 313 0.111111
314 313 0.111111
315 313 0.111111
316 313 0.111111
317 313 0.111111
408 313 0.111111
310 312 0.142857
311 312 0.142857
313 312 0.142857
314 312 0.142857
315 312 0.142857
316 312 0.142857
384 312 0.142857
310 314 0.125
311 314 0.125
312 314 0.125
313 314 0.125
315 314 0.125
316 314 0.125
317 314 0.125
318 314 0.125
311 315 0.125
312 315 0.125
313 315 0.125
314 315 0.125
316 315 0.125
317 315 0.125
318 315 0.125
319 315 0.125
314 318 0.125
315 318 0.125
316 318 0.125
317 318 0.125
319 318 0.125
320 318 0.125
321 318 0.125
322 318 0.125
317 321 0.166667
318 321 0.166667
323 321 0.166667
324 321 0.166667
325 321 0.166667
347 321 0.166667
318 322 0.125
319 322 0.125
320 322 0.125
323 322 0.125
324 322 0.125
325 322 0.125
326 322 0.125
337 322 0.125
321 325 0.142857
322 325 0.142857
323 325 0.142857
326 325 0.142857
327 325 0.142857
328 325 0.142857
329 325 0.142857
321 347 0.111111
343 347 0.111111
344 347 0.111111
345 347 0.111111
346 347 0.111111
348 347 0.111111
349 347 0.111111
350 347 0.111111
351 347 0.111111
322 326 0.125
323 326 0.125
324 326 0.125
325 326 0.125
327 326 0.125
328 326 0.125
329 326 0.125
330 326 0.125
322 337 0.125
333 337 0.125
334 337 0.125
335 337 0.125
336 337 0.125
339 337 0.125
340 337 0.125
341 337 0.125
324 328 0.125
325 328 0.125
326 328 0.125
327 328 0.125
329 328 0.125
330 328 0.125
331 328 0.125
332 328 0.125
329 333 0.125
330 333 0.125
331 333 0.125
332 333 0.125
334 333 0.125
335 333 0.125
336 333 0.125
337 333 0.125
331 335 0.125
332 335 0.125
333 335 0.125
334 335 0.125
336 335 0.125
337 335 0.125
338 335 0.125
339 335 0.125
333 336 0.166667
335 336 0.166667
337 336 0.166667
338 336 0.166667
339 336 0.166667
340 336 0.166667
335 338 0.166667
336 338 0.166667
339 338 0.166667
340 338 0.166667
341 338 0.166667
342 338 0.166667
335 339 0.125
336 339 0.125
337 339 0.125
338 339 0.125
340 339 0.125
341 339 0.125
342 339 0.125
343 339 0.125
336 340 0.125
337 340 0.125
338 340 0.125
339 340 0.125
341 340 0.125
342 340 0.125
343 340 0.125
344 340 0.125
339 343 0.125
340 343 0.125
341 343 0.125
342 343 0.125
344 343 0.125
345 343 0.125
346 343 0.125
347 343 0.125
340 344 0.125
341 344 0.125
342 344 0.125
343 344 0.125
345 344 0.125
346 344 0.125
347 344 0.125
348 344 0.125
341 345 0.125
342 345 0.125
343 345 0.125
344 345 0.125
346 345 0.125
347 345 0.125
348 345 0.125
349 345 0.125
350 354 0.125
351 354 0.125
352 354 0.125
353 354 0.125
355 354 0.125
356 354 0.125
357 354 0.125
358 354 0.125
351 355 0.125
352 355 0.125
353 355 0.125
354 355 0.125
356 355 0.125
357 355 0.125
358 355 0.125
359 355 0.125
352 356 0.125
353 356 0.125
354 356 0.125
355 356 0.125
357 356 0.125
358 356 0.125
359 356 0.125
360 356 0.125
353 357 0.125
354 357 0.125
355 357 0.125
356 357 0.125
358 357 0.125
359 357 0.125
360 357 0.125
361 357 0.125
359 405 0.125
401 405 0.125
402 405 0.125
403 405 0.125
406 405 0.125
407 405 0.125
408 405 0.125
409 405 0.125
360 409 0.142857
405 409 0.142857
407 409 0.142857
408 409 0.142857
411 409 0.142857
412 409 0.142857
413 409 0.142857
362 366 0.125
363 366 0.125
364 366 0.125
365 366 0.125
367 366 0.125
368 366 0.125
369 366 0.125
370 366 0.125
364 368 0.125
365 368 0.125
366 368 0.125
367 368 0.125
369 368 0.125
370 368 0.125
371 368 0.125
372 368 0.125
366 370 0.125
367 370 0.125
368 370 0.125
369 370 0.125
371 370 0.125
372 370 0.125
373 370 0.125
374 370 0.125
367 371 0.142857
368 371 0.142857
370 371 0.142857
372 371 0.142857
373 371 0.142857
374 371 0.142857
375 371 0.142857
368 372 0.125
369 372 0.125
370 372 0.125
371 372 0.125
373 372 0.125
374 372 0.125
375 372 0.125
376 372 0.125
369 373 0.125
370 373 0.125
371 373 0.125
372 373 0.125
374 373 0.125
375 373 0.125
376 373 0.125
377 373 0.125
369 401 0.111111
397 401 0.111111
398 401 0.111111
399 401 0.111111
400 401 0.111111
402 401 0.111111
403 401 0.111111
404 401 0.111111
405 401 0.111111
370 374 0.125
371 374 0.125
372 374 0.125
373 374 0.125
375 374 0.125
376 374 0.125
377 374 0.125
378 374 0.125
371 375 0.125
372 375 0.125
373 375 0.125
374 375 0.125
376 375 0.125
377 375 0.125
378 375 0.125
379 375 0.125
372 376 0.125
373 376 0.125
374 376 0.125
375 376 0.125
377 376 0.125
378 376 0.125
379 376 0.125
380 376 0.125
374 378 0.125
375 378 0.125
376 378 0.125
379 378 0.125
380 378 0.125
381 378 0.125
382 378 0.125
396 378 0.125
375 379 0.125
376 379 0.125
377 379 0.125
378 379 0.125
380 379 0.125
381 379 0.125
382 379 0.125
383 379 0.125
376 380 0.125
377 380 0.125
378 380 0.125
379 380 0.125
381 380 0.125
382 380 0.125
383 380 0.125
384 380 0.125
377 381 0.125
378 381 0.125
379 381 0.125
380 381 0.125
382 381 0.125
383 381 0.125
384 381 0.125
385 381 0.125
378 382 0.125
379 382 0.125
380 382 0.125
381 382 0.125
383 382 0.125
384 382 0.125
385 382 0.125
386 382 0.125
379 383 0.125
380 383 0.125
381 383 0.125
382 383 0.125
384 383 0.125
385 383 0.125
387 383 0.125
418 383 0.125
383 418 0.111111
414 418 0.111111
415 418 0.111111
416 418 0.111111
417 418 0.111111
419 418 0.111111
420 418 0.111111
421 418 0.111111
422 418 0.111111
385 389 0.125
386 389 0.125
387 389 0.125
388 389 0.125
390 389 0.125
391 389 0.125
392 389 0.125
393 389 0.125
387 390 0.142857
388 390 0.142857
389 390 0.142857
391 390 0.142857
392 390 0.142857
393 390 0.142857
394 390 0.142857
387 391 0.125
388 391 0.125
389 391 0.125
390 391 0.125
392 391 0.125
393 391 0.125
394 391 0.125
395 391 0.125
390 394 0.125
391 394 0.125
392 394 0.125
393 394 0.125
395 394 0.125
396 394 0.125
397 394 0.125
398 394 0.125
391 395 0.142857
393 395 0.142857
394 395 0.142857
396 395 0.142857
397 395 0.142857
398 395 0.142857
399 395 0.142857
393 397 0.125
394 397 0.125
395 397 0.125
396 397 0.125
398 397 0.125
399 397 0.125
400 397 0.125
401 397 0.125
396 400 0.125
397 400 0.125
398 400 0.125
399 400 0.125
401 400 0.125
402 400 0.125
403 400 0.125
404 400 0.125
398 402 0.125
399 402 0.125
400 402 0.125
401 402 0.125
403 402 0.125
404 402 0.125
405 402 0.125
406 402 0.125
399 403 0.125
400 403 0.125
401 403 0.125
402 403 0.125
404 403 0.125
405 403 0.125
406 403 0.125
407 403 0.125
403 407 0.125
404 407 0.125
405 407 0.125
406 407 0.125
408 407 0.125
409 407 0.125
410 407 0.125
411 407 0.125
407 410 0.166667
408 410 0.166667
411 410 0.166667
412 410 0.166667
413 410 0.166667
414 410 0.166667
408 412 0.125
409 412 0.125
410 412 0.125
411 412 0.125
413 412 0.125
414 412 0.125
415 412 0.125
416 412 0.125
411 415 0.125
412 415 0.125
413 415 0.125
414 415 0.125
416 415 0.125
417 415 0.125
418 415 0.125
419 415 0.125
413 417 0.142857
415 417 0.142857
416 417 0.142857
418 417 0.142857
419 417 0.142857
420 417 0.142857
421 417 0.142857
416 420 0.125
417 420 0.125
418 420 0.125
419 420 0.125
421 420 0.125
422 420 0.125
423 420 0.125
424 420 0.125
1 0 0.142857
426 0 0.142857
2 0 0.142857
425 0 0.142857
3 0 0.142857
424 0 0.142857
4 0 0.142857
