0 1 0.111111
2 1 0.111111
422 1 0.111111
4 1 0.111111
421 1 0.111111
5 1 0.111111
420 1 0.111111
344 1 0.111111
224 1 0.111111
0 422 0.125
1 422 0.125
2 422 0.125
3 422 0.125
418 422 0.125
419 422 0.125
420 422 0.125
421 422 0.125
0 2 0.125
1 2 0.125
3 2 0.125
4 2 0.125
5 2 0.125
422 2 0.125
421 2 0.125
242 2 0.125
0 3 0.125
2 3 0.125
4 3 0.125
5 3 0.125
6 3 0.125
7 3 0.125
422 3 0.125
202 3 0.125
0 420 0.125
1 420 0.125
416 420 0.125
417 420 0.125
418 420 0.125
419 420 0.125
421 420 0.125
422 420 0.125
0 4 0.125
1 4 0.125
2 4 0.125
3 4 0.125
5 4 0.125
6 4 0.125
7 4 0.125
8 4 0.125
0 419 0.125
210 419 0.125
415 419 0.125
416 419 0.125
418 419 0.125
420 419 0.125
421 419 0.125
422 419 0.125
0 45 0.142857
41 45 0.142857
43 45 0.142857
44 45 0.142857
46 45 0.142857
48 45 0.142857
49 45 0.142857
1 421 0.125
2 421 0.125
12 421 0.125
417 421 0.125
418 421 0.125
419 421 0.125
420 421 0.125
422 421 0.125
1 5 0.090909
2 5 0.090909
3 5 0.090909
4 5 0.090909
6 5 0.090909
7 5 0.090909
8 5 0.090909
9 5 0.090909
185 5 0.090909
356 5 0.090909
337 5 0.090909
1 344 0.111111
260 344 0.111111
340 344 0.111111
341 344 0.111111
342 344 0.111111
345 344 0.111111
348 344 0.111111
410 344 0.111111
373 344 0.111111
1 224 0.111111
147 224 0.111111
221 224 0.111111
222 224 0.111111
223 224 0.111111
225 224 0.111111
226 224 0.111111
227 224 0.111111
237 224 0.111111
2 242 0.125
238 242 0.125
239 242 0.125
240 242 0.125
243 242 0.125
244 242 0.125
245 242 0.125
246 242 0.125
3 6 0.142857
4 6 0.142857
5 6 0.142857
7 6 0.142857
8 6 0.142857
9 6 0.142857
10 6 0.142857
3 7 0.125
4 7 0.125
5 7 0.125
6 7 0.125
8 7 0.125
9 7 0.125
10 7 0.125
11 7 0.125
3 202 0.125
198 202 0.125
199 202 0.125
200 202 0.125
201 202 0.125
203 202 0.125
205 202 0.125
206 202 0.125
4 8 0.111111
5 8 0.111111
6 8 0.111111
7 8 0.111111
9 8 0.111111
11 8 0.111111
12 8 0.111111
54 8 0.111111
92 8 0.111111
5 9 0.125
6 9 0.125
7 9 0.125
8 9 0.125
10 9 0.125
12 9 0.125
13 9 0.125
14 9 0.125
5 185 0.125
181 185 0.125
182 185 0.125
183 185 0.125
184 185 0.125
187 185 0.125
188 185 0.125
189 185 0.125
5 356 0.111111
33 356 0.111111
352 356 0.111111
353 356 0.111111
354 356 0.111111
355 356 0.111111
357 356 0.111111
358 356 0.111111
360 356 0.111111
5 337 0.142857
97 337 0.142857
333 337 0.142857
335 337 0.142857
336 337 0.142857
338 337 0.142857
340 337 0.142857
6 10 0.125
7 10 0.125
9 10 0.125
11 10 0.125
12 10 0.125
13 10 0.125
14 10 0.125
169 10 0.125
7 11 0.142857
8 11 0.142857
10 11 0.142857
12 11 0.142857
13 11 0.142857
14 11 0.142857
15 11 0.142857
8 12 0.1
9 12 0.1
10 12 0.1
11 12 0.1
13 12 0.1
14 12 0.1
15 12 0.1
421 12 0.1
55 12 0.1
251 12 0.1
8 54 0.142857
51 54 0.142857
52 54 0.142857
53 54 0.142857
56 54 0.142857
57 54 0.142857
58 54 0.142857
8 92 0.125
88 92 0.125
90 92 0.125
91 92 0.125
93 92 0.125
94 92 0.125
95 92 0.125
96 92 0.125
9 13 0.111111
10 13 0.111111
11 13 0.111111
12 13 0.111111
15 13 0.111111
16 13 0.111111
17 13 0.111111
177 13 0.111111
220 13 0.111111
9 14 0.125
10 14 0.125
11 14 0.125
12 14 0.125
15 14 0.125
16 14 0.125
17 14 0.125
18 14 0.125
10 169 0.142857
165 169 0.142857
166 169 0.142857
167 169 0.142857
171 169 0.142857
173 169 0.142857
335 169 0.142857
11 15 0.125
12 15 0.125
13 15 0.125
14 15 0.125
16 15 0.125
17 15 0.125
18 15 0.125
19 15 0.125
12 55 0.125
51 55 0.125
52 55 0.125
53 55 0.125
56 55 0.125
57 55 0.125
59 55 0.125
200 55 0.125
12 251 0.111111
247 251 0.111111
249 251 0.111111
250 251 0.111111
252 251 0.111111
253 251 0.111111
255 251 0.111111
300 251 0.111111
326 251 0.111111
13 16 0.142857
14 16 0.142857
15 16 0.142857
17 16 0.142857
18 16 0.142857
20 16 0.142857
129 16 0.142857
13 17 0.125
14 17 0.125
15 17 0.125
16 17 0.125
18 17 0.125
19 17 0.125
20 17 0.125
21 17 0.125
13 177 0.111111
106 177 0.111111
116 177 0.111111
173 177 0.111111
174 177 0.111111
175 177 0.111111
179 177 0.111111
181 177 0.111111
266 177 0.111111
13 220 0.125
216 220 0.125
217 220 0.125
218 220 0.125
219 220 0.125
221 220 0.125
222 220 0.125
223 220 0.125
14 18 0.125
15 18 0.125
16 18 0.125
17 18 0.125
19 18 0.125
20 18 0.125
21 18 0.125
304 18 0.125
15 19 0.142857
17 19 0.142857
18 19 0.142857
20 19 0.142857
21 19 0.142857
22 19 0.142857
23 19 0.142857
16 20 0.111111
17 20 0.111111
18 20 0.111111
19 20 0.111111
21 20 0.111111
23 20 0.111111
24 20 0.111111
208 20 0.111111
319 20 0.111111
16 129 0.1
125 129 0.1
126 129 0.1
127 129 0.1
128 129 0.1
130 129 0.1
131 129 0.1
132 129 0.1
133 129 0.1
334 129 0.1
17 21 0.111111
18 21 0.111111
19 21 0.111111
20 21 0.111111
22 21 0.111111
23 21 0.111111
24 21 0.111111
25 21 0.111111
393 21 0.111111
18 304 0.111111
217 304 0.111111
300 304 0.111111
301 304 0.111111
302 304 0.111111
303 304 0.111111
305 304 0.111111
306 304 0.111111
307 304 0.111111
19 22 0.125
21 22 0.125
23 22 0.125
24 22 0.125
25 22 0.125
26 22 0.125
168 22 0.125
343 22 0.125
19 23 0.125
20 23 0.125
21 23 0.125
22 23 0.125
25 23 0.125
26 23 0.125
27 23 0.125
69 23 0.125
20 24 0.142857
21 24 0.142857
22 24 0.142857
25 24 0.142857
26 24 0.142857
27 24 0.142857
28 24 0.142857
20 208 0.111111
64 208 0.111111
204 208 0.111111
205 208 0.111111
206 208 0.111111
207 208 0.111111
209 208 0.111111
210 208 0.111111
211 208 0.111111
20 319 0.125
315 319 0.125
316 319 0.125
317 319 0.125
318 319 0.125
320 319 0.125
321 319 0.125
322 319 0.125
21 25 0.125
22 25 0.125
23 25 0.125
24 25 0.125
26 25 0.125
27 25 0.125
28 25 0.125
29 25 0.125
21 393 0.1
89 393 0.1
360 393 0.1
389 393 0.1
390 393 0.1
391 393 0.1
392 393 0.1
394 393 0.1
395 393 0.1
396 393 0.1
22 26 0.125
23 26 0.125
24 26 0.125
25 26 0.125
27 26 0.125
28 26 0.125
29 26 0.125
30 26 0.125
22 168 0.142857
164 168 0.142857
165 168 0.142857
166 168 0.142857
170 168 0.142857
171 168 0.142857
172 168 0.142857
22 343 0.125
63 343 0.125
339 343 0.125
340 343 0.125
341 343 0.125
342 343 0.125
346 343 0.125
417 343 0.125
23 27 0.125
24 27 0.125
25 27 0.125
26 27 0.125
28 27 0.125
29 27 0.125
30 27 0.125
31 27 0.125
23 69 0.111111
65 69 0.111111
67 69 0.111111
68 69 0.111111
70 69 0.111111
71 69 0.111111
72 69 0.111111
158 69 0.111111
174 69 0.111111
24 28 0.125
25 28 0.125
26 28 0.125
27 28 0.125
29 28 0.125
30 28 0.125
31 28 0.125
32 28 0.125
25 29 0.125
26 29 0.125
27 29 0.125
28 29 0.125
30 29 0.125
31 29 0.125
32 29 0.125
33 29 0.125
26 30 0.125
27 30 0.125
28 30 0.125
29 30 0.125
31 30 0.125
32 30 0.125
33 30 0.125
34 30 0.125
27 31 0.111111
28 31 0.111111
29 31 0.111111
30 31 0.111111
33 31 0.111111
34 31 0.111111
35 31 0.111111
403 31 0.111111
78 31 0.111111
28 32 0.125
29 32 0.125
30 32 0.125
33 32 0.125
35 32 0.125
36 32 0.125
62 32 0.125
59 32 0.125
29 33 0.111111
30 33 0.111111
31 33 0.111111
32 33 0.111111
34 33 0.111111
35 33 0.111111
36 33 0.111111
356 33 0.111111
355 33 0.111111
30 34 0.125
31 34 0.125
33 34 0.125
35 34 0.125
36 34 0.125
37 34 0.125
38 34 0.125
42 34 0.125
31 35 0.111111
32 35 0.111111
33 35 0.111111
34 35 0.111111
36 35 0.111111
38 35 0.111111
39 35 0.111111
272 35 0.111111
300 35 0.111111
31 403 0.111111
122 403 0.111111
399 403 0.111111
400 403 0.111111
401 403 0.111111
404 403 0.111111
405 403 0.111111
406 403 0.111111
407 403 0.111111
31 78 0.125
75 78 0.125
76 78 0.125
77 78 0.125
79 78 0.125
81 78 0.125
86 78 0.125
249 78 0.125
32 36 0.111111
33 36 0.111111
34 36 0.111111
35 36 0.111111
37 36 0.111111
38 36 0.111111
39 36 0.111111
40 36 0.111111
74 36 0.111111
32 62 0.125
58 62 0.125
59 62 0.125
60 62 0.125
61 62 0.125
64 62 0.125
65 62 0.125
66 62 0.125
32 59 0.111111
55 59 0.111111
56 59 0.111111
57 59 0.111111
58 59 0.111111
60 59 0.111111
61 59 0.111111
62 59 0.111111
63 59 0.111111
33 355 0.111111
184 355 0.111111
193 355 0.111111
351 355 0.111111
352 355 0.111111
353 355 0.111111
354 355 0.111111
356 355 0.111111
357 355 0.111111
34 37 0.125
36 37 0.125
38 37 0.125
39 37 0.125
40 37 0.125
41 37 0.125
399 37 0.125
280 37 0.125
34 38 0.1
35 38 0.1
36 38 0.1
37 38 0.1
39 38 0.1
40 38 0.1
41 38 0.1
42 38 0.1
166 38 0.1
74 38 0.1
34 42 0.111111
38 42 0.111111
39 42 0.111111
40 42 0.111111
41 42 0.111111
43 42 0.111111
44 42 0.111111
46 42 0.111111
58 42 0.111111
35 39 0.111111
36 39 0.111111
37 39 0.111111
38 39 0.111111
40 39 0.111111
41 39 0.111111
42 39 0.111111
43 39 0.111111
402 39 0.111111
35 272 0.111111
268 272 0.111111
269 272 0.111111
270 272 0.111111
271 272 0.111111
274 272 0.111111
275 272 0.111111
276 272 0.111111
359 272 0.111111
35 300 0.142857
79 300 0.142857
251 300 0.142857
298 300 0.142857
299 300 0.142857
301 300 0.142857
304 300 0.142857
36 40 0.125
37 40 0.125
38 40 0.125
39 40 0.125
41 40 0.125
42 40 0.125
43 40 0.125
44 40 0.125
36 74 0.125
38 74 0.125
70 74 0.125
71 74 0.125
72 74 0.125
73 74 0.125
75 74 0.125
375 74 0.125
37 41 0.111111
38 41 0.111111
39 41 0.111111
40 41 0.111111
42 41 0.111111
43 41 0.111111
44 41 0.111111
45 41 0.111111
396 41 0.111111
37 399 0.142857
125 399 0.142857
397 399 0.142857
398 399 0.142857
402 399 0.142857
403 399 0.142857
407 399 0.142857
37 280 0.125
276 280 0.125
277 280 0.125
278 280 0.125
279 280 0.125
281 280 0.125
282 280 0.125
283 280 0.125
38 166 0.1
162 166 0.1
163 166 0.1
164 166 0.1
165 166 0.1
168 166 0.1
169 166 0.1
170 166 0.1
313 166 0.1
246 166 0.1
39 43 0.125
40 43 0.125
41 43 0.125
42 43 0.125
44 43 0.125
45 43 0.125
46 43 0.125
47 43 0.125
39 402 0.142857
399 402 0.142857
400 402 0.142857
404 402 0.142857
405 402 0.142857
406 402 0.142857
417 402 0.142857
40 44 0.111111
41 44 0.111111
42 44 0.111111
43 44 0.111111
45 44 0.111111
46 44 0.111111
47 44 0.111111
48 44 0.111111
174 44 0.111111
41 396 0.1
110 396 0.1
155 396 0.1
392 396 0.1
393 396 0.1
394 396 0.1
395 396 0.1
397 396 0.1
398 396 0.1
400 396 0.1
42 46 0.125
43 46 0.125
44 46 0.125
45 46 0.125
48 46 0.125
49 46 0.125
50 46 0.125
283 46 0.125
42 58 0.142857
54 58 0.142857
56 58 0.142857
57 58 0.142857
59 58 0.142857
60 58 0.142857
62 58 0.142857
43 47 0.166667
44 47 0.166667
48 47 0.166667
49 47 0.166667
50 47 0.166667
51 47 0.166667
44 48 0.125
45 48 0.125
46 48 0.125
47 48 0.125
49 48 0.125
52 48 0.125
172 48 0.125
246 48 0.125
44 174 0.111111
69 174 0.111111
170 174 0.111111
171 174 0.111111
172 174 0.111111
173 174 0.111111
175 174 0.111111
176 174 0.111111
177 174 0.111111
45 49 0.125
46 49 0.125
47 49 0.125
48 49 0.125
50 49 0.125
51 49 0.125
52 49 0.125
53 49 0.125
46 50 0.142857
47 50 0.142857
49 50 0.142857
51 50 0.142857
52 50 0.142857
53 50 0.142857
132 50 0.142857
46 283 0.111111
279 283 0.111111
280 283 0.111111
281 283 0.111111
282 283 0.111111
284 283 0.111111
285 283 0.111111
286 283 0.111111
287 283 0.111111
47 51 0.142857
49 51 0.142857
50 51 0.142857
52 51 0.142857
53 51 0.142857
54 51 0.142857
55 51 0.142857
48 52 0.125
49 52 0.125
50 52 0.125
51 52 0.125
54 52 0.125
55 52 0.125
56 52 0.125
230 52 0.125
48 172 0.1
144 172 0.1
167 172 0.1
168 172 0.1
170 172 0.1
171 172 0.1
174 172 0.1
175 172 0.1
176 172 0.1
210 172 0.1
48 246 0.111111
166 246 0.111111
242 246 0.111111
243 246 0.111111
244 246 0.111111
245 246 0.111111
247 246 0.111111
248 246 0.111111
250 246 0.111111
49 53 0.142857
50 53 0.142857
51 53 0.142857
54 53 0.142857
55 53 0.142857
57 53 0.142857
128 53 0.142857
50 132 0.1
124 132 0.1
128 132 0.1
129 132 0.1
130 132 0.1
131 132 0.1
133 132 0.1
134 132 0.1
135 132 0.1
136 132 0.1
52 56 0.142857
54 56 0.142857
55 56 0.142857
57 56 0.142857
58 56 0.142857
59 56 0.142857
60 56 0.142857
52 230 0.111111
226 230 0.111111
227 230 0.111111
228 230 0.111111
229 230 0.111111
231 230 0.111111
232 230 0.111111
233 230 0.111111
234 230 0.111111
53 57 0.111111
54 57 0.111111
55 57 0.111111
56 57 0.111111
58 57 0.111111
59 57 0.111111
60 57 0.111111
61 57 0.111111
395 57 0.111111
53 128 0.090909
124 128 0.090909
125 128 0.090909
126 128 0.090909
127 128 0.090909
129 128 0.090909
130 128 0.090909
131 128 0.090909
132 128 0.090909
155 128 0.090909
297 128 0.090909
55 200 0.125
196 200 0.125
197 200 0.125
199 200 0.125
201 200 0.125
202 200 0.125
204 200 0.125
235 200 0.125
56 60 0.125
57 60 0.125
58 60 0.125
59 60 0.125
61 60 0.125
62 60 0.125
63 60 0.125
64 60 0.125
57 61 0.142857
59 61 0.142857
60 61 0.142857
62 61 0.142857
63 61 0.142857
64 61 0.142857
65 61 0.142857
57 395 0.111111
312 395 0.111111
391 395 0.111111
392 395 0.111111
393 395 0.111111
394 395 0.111111
396 395 0.111111
397 395 0.111111
398 395 0.111111
59 63 0.125
60 63 0.125
61 63 0.125
64 63 0.125
65 63 0.125
66 63 0.125
67 63 0.125
343 63 0.125
60 64 0.111111
61 64 0.111111
62 64 0.111111
63 64 0.111111
65 64 0.111111
66 64 0.111111
67 64 0.111111
68 64 0.111111
208 64 0.111111
61 65 0.125
62 65 0.125
63 65 0.125
64 65 0.125
66 65 0.125
67 65 0.125
69 65 0.125
119 65 0.125
62 66 0.111111
63 66 0.111111
64 66 0.111111
65 66 0.111111
67 66 0.111111
68 66 0.111111
313 66 0.111111
279 66 0.111111
301 66 0.111111
63 67 0.125
64 67 0.125
65 67 0.125
66 67 0.125
68 67 0.125
69 67 0.125
70 67 0.125
71 67 0.125
64 68 0.142857
66 68 0.142857
67 68 0.142857
69 68 0.142857
70 68 0.142857
71 68 0.142857
72 68 0.142857
65 119 0.111111
115 119 0.111111
116 119 0.111111
117 119 0.111111
118 119 0.111111
120 119 0.111111
121 119 0.111111
122 119 0.111111
123 119 0.111111
66 313 0.111111
166 313 0.111111
309 313 0.111111
310 313 0.111111
311 313 0.111111
312 313 0.111111
314 313 0.111111
316 313 0.111111
317 313 0.111111
66 279 0.125
275 279 0.125
276 279 0.125
277 279 0.125
280 279 0.125
281 279 0.125
282 279 0.125
283 279 0.125
66 301 0.111111
281 301 0.111111
297 301 0.111111
298 301 0.111111
299 301 0.111111
300 301 0.111111
302 301 0.111111
303 301 0.111111
304 301 0.111111
67 70 0.142857
68 70 0.142857
69 70 0.142857
71 70 0.142857
72 70 0.142857
73 70 0.142857
74 70 0.142857
67 71 0.125
68 71 0.125
69 71 0.125
70 71 0.125
72 71 0.125
73 71 0.125
74 71 0.125
75 71 0.125
68 72 0.125
69 72 0.125
70 72 0.125
71 72 0.125
73 72 0.125
74 72 0.125
76 72 0.125
389 72 0.125
69 158 0.125
154 158 0.125
155 158 0.125
157 158 0.125
159 158 0.125
160 158 0.125
162 158 0.125
222 158 0.125
70 73 0.142857
71 73 0.142857
72 73 0.142857
74 73 0.142857
75 73 0.142857
76 73 0.142857
77 73 0.142857
71 75 0.142857
73 75 0.142857
74 75 0.142857
76 75 0.142857
77 75 0.142857
78 75 0.142857
79 75 0.142857
72 76 0.142857
73 76 0.142857
75 76 0.142857
77 76 0.142857
78 76 0.142857
79 76 0.142857
225 76 0.142857
72 389 0.125
357 389 0.125
385 389 0.125
386 389 0.125
387 389 0.125
390 389 0.125
391 389 0.125
393 389 0.125
73 77 0.142857
75 77 0.142857
76 77 0.142857
78 77 0.142857
79 77 0.142857
80 77 0.142857
81 77 0.142857
74 375 0.125
138 375 0.125
372 375 0.125
373 375 0.125
374 375 0.125
377 375 0.125
378 375 0.125
379 375 0.125
75 79 0.125
76 79 0.125
77 79 0.125
78 79 0.125
80 79 0.125
81 79 0.125
83 79 0.125
300 79 0.125
76 225 0.111111
221 225 0.111111
222 225 0.111111
223 225 0.111111
224 225 0.111111
226 225 0.111111
227 225 0.111111
228 225 0.111111
229 225 0.111111
77 80 0.166667
79 80 0.166667
81 80 0.166667
82 80 0.166667
83 80 0.166667
84 80 0.166667
77 81 0.125
78 81 0.125
79 81 0.125
80 81 0.125
83 81 0.125
84 81 0.125
85 81 0.125
286 81 0.125
78 86 0.125
82 86 0.125
83 86 0.125
84 86 0.125
85 86 0.125
88 86 0.125
89 86 0.125
90 86 0.125
78 249 0.125
245 249 0.125
247 249 0.125
248 249 0.125
250 249 0.125
251 249 0.125
252 249 0.125
253 249 0.125
79 83 0.125
80 83 0.125
81 83 0.125
82 83 0.125
84 83 0.125
85 83 0.125
86 83 0.125
87 83 0.125
80 82 0.2
83 82 0.2
84 82 0.2
85 82 0.2
86 82 0.2
80 84 0.125
81 84 0.125
82 84 0.125
83 84 0.125
85 84 0.125
86 84 0.125
87 84 0.125
88 84 0.125
81 85 0.111111
82 85 0.111111
83 85 0.111111
84 85 0.111111
86 85 0.111111
87 85 0.111111
88 85 0.111111
89 85 0.111111
93 85 0.111111
81 286 0.111111
282 286 0.111111
283 286 0.111111
284 286 0.111111
285 286 0.111111
287 286 0.111111
288 286 0.111111
289 286 0.111111
290 286 0.111111
83 87 0.142857
84 87 0.142857
85 87 0.142857
88 87 0.142857
89 87 0.142857
90 87 0.142857
91 87 0.142857
84 88 0.125
85 88 0.125
86 88 0.125
87 88 0.125
89 88 0.125
90 88 0.125
91 88 0.125
92 88 0.125
85 89 0.125
86 89 0.125
87 89 0.125
88 89 0.125
90 89 0.125
91 89 0.125
93 89 0.125
393 89 0.125
85 93 0.125
89 93 0.125
90 93 0.125
91 93 0.125
92 93 0.125
95 93 0.125
96 93 0.125
97 93 0.125
86 90 0.125
87 90 0.125
88 90 0.125
89 90 0.125
92 90 0.125
93 90 0.125
94 90 0.125
217 90 0.125
87 91 0.125
88 91 0.125
89 91 0.125
92 91 0.125
93 91 0.125
94 91 0.125
95 91 0.125
241 91 0.125
90 94 0.125
91 94 0.125
92 94 0.125
95 94 0.125
96 94 0.125
97 94 0.125
98 94 0.125
121 94 0.125
90 217 0.1
213 217 0.1
214 217 0.1
215 217 0.1
216 217 0.1
218 217 0.1
219 217 0.1
220 217 0.1
221 217 0.1
304 217 0.1
91 95 0.125
92 95 0.125
93 95 0.125
94 95 0.125
96 95 0.125
97 95 0.125
98 95 0.125
99 95 0.125
91 241 0.142857
238 241 0.142857
239 241 0.142857
240 241 0.142857
243 241 0.142857
244 241 0.142857
245 241 0.142857
92 96 0.125
93 96 0.125
94 96 0.125
95 96 0.125
97 96 0.125
98 96 0.125
99 96 0.125
100 96 0.125
93 97 0.111111
94 97 0.111111
95 97 0.111111
96 97 0.111111
98 97 0.111111
99 97 0.111111
100 97 0.111111
101 97 0.111111
337 97 0.111111
94 98 0.125
95 98 0.125
96 98 0.125
97 98 0.125
99 98 0.125
100 98 0.125
102 98 0.125
302 98 0.125
94 121 0.111111
117 121 0.111111
118 121 0.111111
119 121 0.111111
120 121 0.111111
122 121 0.111111
124 121 0.111111
125 121 0.111111
184 121 0.111111
95 99 0.111111
96 99 0.111111
97 99 0.111111
98 99 0.111111
100 99 0.111111
101 99 0.111111
102 99 0.111111
103 99 0.111111
303 99 0.111111
96 100 0.125
97 100 0.125
98 100 0.125
99 100 0.125
101 100 0.125
102 100 0.125
103 100 0.125
104 100 0.125
97 101 0.125
99 101 0.125
100 101 0.125
102 101 0.125
103 101 0.125
104 101 0.125
105 101 0.125
186 101 0.125
98 102 0.125
99 102 0.125
100 102 0.125
101 102 0.125
103 102 0.125
104 102 0.125
105 102 0.125
106 102 0.125
98 302 0.125
298 302 0.125
299 302 0.125
301 302 0.125
303 302 0.125
304 302 0.125
305 302 0.125
306 302 0.125
99 103 0.1
100 103 0.1
101 103 0.1
102 103 0.1
104 103 0.1
105 103 0.1
106 103 0.1
107 103 0.1
248 103 0.1
296 103 0.1
99 303 0.142857
299 303 0.142857
301 303 0.142857
302 303 0.142857
304 303 0.142857
305 303 0.142857
342 303 0.142857
100 104 0.125
101 104 0.125
102 104 0.125
103 104 0.125
105 104 0.125
106 104 0.125
107 104 0.125
108 104 0.125
101 105 0.125
102 105 0.125
103 105 0.125
104 105 0.125
106 105 0.125
107 105 0.125
108 105 0.125
138 105 0.125
101 186 0.142857
179 186 0.142857
182 186 0.142857
183 186 0.142857
187 186 0.142857
188 186 0.142857
189 186 0.142857
102 106 0.1
103 106 0.1
104 106 0.1
105 106 0.1
107 106 0.1
108 106 0.1
109 106 0.1
110 106 0.1
177 106 0.1
192 106 0.1
103 107 0.125
104 107 0.125
105 107 0.125
106 107 0.125
108 107 0.125
109 107 0.125
110 107 0.125
111 107 0.125
103 248 0.125
194 248 0.125
244 248 0.125
245 248 0.125
246 248 0.125
247 248 0.125
249 248 0.125
252 248 0.125
103 296 0.125
292 296 0.125
293 296 0.125
294 296 0.125
295 296 0.125
297 296 0.125
298 296 0.125
299 296 0.125
104 108 0.125
105 108 0.125
106 108 0.125
107 108 0.125
109 108 0.125
110 108 0.125
111 108 0.125
112 108 0.125
105 138 0.1
134 138 0.1
135 138 0.1
136 138 0.1
137 138 0.1
139 138 0.1
140 138 0.1
141 138 0.1
142 138 0.1
375 138 0.1
106 109 0.125
107 109 0.125
108 109 0.125
110 109 0.125
111 109 0.125
388 109 0.125
210 109 0.125
372 109 0.125
106 110 0.125
107 110 0.125
108 110 0.125
109 110 0.125
112 110 0.125
113 110 0.125
284 110 0.125
396 110 0.125
106 192 0.111111
188 192 0.111111
190 192 0.111111
191 192 0.111111
193 192 0.111111
194 192 0.111111
196 192 0.111111
198 192 0.111111
370 192 0.111111
107 111 0.142857
108 111 0.142857
109 111 0.142857
112 111 0.142857
113 111 0.142857
114 111 0.142857
115 111 0.142857
108 112 0.125
110 112 0.125
111 112 0.125
113 112 0.125
114 112 0.125
115 112 0.125
116 112 0.125
328 112 0.125
109 388 0.111111
348 388 0.111111
384 388 0.111111
385 388 0.111111
386 388 0.111111
387 388 0.111111
390 388 0.111111
391 388 0.111111
392 388 0.111111
109 210 0.111111
172 210 0.111111
206 210 0.111111
207 210 0.111111
208 210 0.111111
209 210 0.111111
211 210 0.111111
214 210 0.111111
419 210 0.111111
109 372 0.142857
368 372 0.142857
371 372 0.142857
373 372 0.142857
374 372 0.142857
375 372 0.142857
376 372 0.142857
110 113 0.142857
111 113 0.142857
112 113 0.142857
114 113 0.142857
115 113 0.142857
116 113 0.142857
117 113 0.142857
110 284 0.142857
282 284 0.142857
283 284 0.142857
285 284 0.142857
286 284 0.142857
287 284 0.142857
288 284 0.142857
111 114 0.142857
112 114 0.142857
113 114 0.142857
115 114 0.142857
117 114 0.142857
118 114 0.142857
289 114 0.142857
111 115 0.125
112 115 0.125
113 115 0.125
114 115 0.125
116 115 0.125
117 115 0.125
118 115 0.125
119 115 0.125
112 116 0.142857
113 116 0.142857
115 116 0.142857
117 116 0.142857
119 116 0.142857
120 116 0.142857
177 116 0.142857
112 328 0.142857
306 328 0.142857
324 328 0.142857
325 328 0.142857
327 328 0.142857
331 328 0.142857
384 328 0.142857
113 117 0.125
114 117 0.125
115 117 0.125
116 117 0.125
118 117 0.125
119 117 0.125
120 117 0.125
121 117 0.125
114 118 0.142857
115 118 0.142857
117 118 0.142857
119 118 0.142857
120 118 0.142857
121 118 0.142857
122 118 0.142857
114 289 0.111111
285 289 0.111111
286 289 0.111111
287 289 0.111111
288 289 0.111111
290 289 0.111111
292 289 0.111111
293 289 0.111111
342 289 0.111111
116 120 0.125
117 120 0.125
118 120 0.125
119 120 0.125
121 120 0.125
123 120 0.125
124 120 0.125
409 120 0.125
118 122 0.125
119 122 0.125
121 122 0.125
124 122 0.125
125 122 0.125
126 122 0.125
403 122 0.125
369 122 0.125
119 123 0.166667
120 123 0.166667
124 123 0.166667
125 123 0.166667
126 123 0.166667
127 123 0.166667
120 124 0.125
121 124 0.125
122 124 0.125
123 124 0.125
127 124 0.125
128 124 0.125
271 124 0.125
132 124 0.125
120 409 0.125
271 409 0.125
331 409 0.125
405 409 0.125
407 409 0.125
408 409 0.125
410 409 0.125
413 409 0.125
121 125 0.125
122 125 0.125
123 125 0.125
127 125 0.125
128 125 0.125
129 125 0.125
323 125 0.125
399 125 0.125
121 184 0.125
180 184 0.125
181 184 0.125
182 184 0.125
183 184 0.125
185 184 0.125
187 184 0.125
355 184 0.125
122 126 0.166667
123 126 0.166667
127 126 0.166667
128 126 0.166667
129 126 0.166667
130 126 0.166667
122 369 0.125
365 369 0.125
366 369 0.125
367 369 0.125
368 369 0.125
370 369 0.125
371 369 0.125
373 369 0.125
123 127 0.125
124 127 0.125
125 127 0.125
126 127 0.125
128 127 0.125
129 127 0.125
130 127 0.125
131 127 0.125
124 271 0.111111
156 271 0.111111
267 271 0.111111
268 271 0.111111
269 271 0.111111
272 271 0.111111
274 271 0.111111
275 271 0.111111
409 271 0.111111
125 323 0.125
320 323 0.125
321 323 0.125
322 323 0.125
324 323 0.125
325 323 0.125
327 323 0.125
346 323 0.125
126 130 0.125
127 130 0.125
128 130 0.125
129 130 0.125
131 130 0.125
132 130 0.125
133 130 0.125
134 130 0.125
127 131 0.125
128 131 0.125
129 131 0.125
130 131 0.125
132 131 0.125
133 131 0.125
134 131 0.125
135 131 0.125
128 155 0.125
151 155 0.125
152 155 0.125
153 155 0.125
154 155 0.125
158 155 0.125
159 155 0.125
396 155 0.125
128 297 0.1
140 297 0.1
189 297 0.1
293 297 0.1
294 297 0.1
295 297 0.1
296 297 0.1
298 297 0.1
299 297 0.1
301 297 0.1
129 133 0.125
130 133 0.125
131 133 0.125
132 133 0.125
134 133 0.125
135 133 0.125
136 133 0.125
137 133 0.125
129 334 0.125
330 334 0.125
331 334 0.125
332 334 0.125
333 334 0.125
335 334 0.125
336 334 0.125
338 334 0.125
130 134 0.125
131 134 0.125
132 134 0.125
133 134 0.125
135 134 0.125
136 134 0.125
137 134 0.125
138 134 0.125
131 135 0.125
132 135 0.125
133 135 0.125
134 135 0.125
136 135 0.125
137 135 0.125
138 135 0.125
331 135 0.125
132 136 0.111111
133 136 0.111111
134 136 0.111111
135 136 0.111111
137 136 0.111111
138 136 0.111111
139 136 0.111111
140 136 0.111111
226 136 0.111111
133 137 0.125
134 137 0.125
135 137 0.125
136 137 0.125
138 137 0.125
139 137 0.125
140 137 0.125
141 137 0.125
135 331 0.090909
182 331 0.090909
213 331 0.090909
326 331 0.090909
327 331 0.090909
328 331 0.090909
329 331 0.090909
333 331 0.090909
334 331 0.090909
335 331 0.090909
409 331 0.090909
136 139 0.142857
137 139 0.142857
138 139 0.142857
140 139 0.142857
141 139 0.142857
142 139 0.142857
143 139 0.142857
136 140 0.125
137 140 0.125
138 140 0.125
139 140 0.125
141 140 0.125
142 140 0.125
144 140 0.125
297 140 0.125
136 226 0.125
171 226 0.125
222 226 0.125
223 226 0.125
224 226 0.125
225 226 0.125
229 226 0.125
230 226 0.125
137 141 0.125
138 141 0.125
139 141 0.125
140 141 0.125
143 141 0.125
145 141 0.125
206 141 0.125
305 141 0.125
138 142 0.142857
139 142 0.142857
140 142 0.142857
143 142 0.142857
144 142 0.142857
145 142 0.142857
146 142 0.142857
139 143 0.142857
141 143 0.142857
142 143 0.142857
144 143 0.142857
145 143 0.142857
146 143 0.142857
147 143 0.142857
140 144 0.142857
142 144 0.142857
143 144 0.142857
145 144 0.142857
146 144 0.142857
147 144 0.142857
172 144 0.142857
141 145 0.111111
142 145 0.111111
143 145 0.111111
144 145 0.111111
146 145 0.111111
147 145 0.111111
148 145 0.111111
149 145 0.111111
371 145 0.111111
141 206 0.1
202 206 0.1
203 206 0.1
204 206 0.1
205 206 0.1
207 206 0.1
208 206 0.1
209 206 0.1
210 206 0.1
333 206 0.1
141 305 0.125
302 305 0.125
303 305 0.125
304 305 0.125
306 305 0.125
307 305 0.125
308 305 0.125
309 305 0.125
142 146 0.1
143 146 0.1
144 146 0.1
145 146 0.1
147 146 0.1
148 146 0.1
149 146 0.1
150 146 0.1
391 146 0.1
398 146 0.1
143 147 0.111111
144 147 0.111111
145 147 0.111111
146 147 0.111111
149 147 0.111111
150 147 0.111111
151 147 0.111111
224 147 0.111111
390 147 0.111111
145 148 0.166667
146 148 0.166667
149 148 0.166667
150 148 0.166667
151 148 0.166667
152 148 0.166667
145 149 0.125
146 149 0.125
147 149 0.125
148 149 0.125
150 149 0.125
151 149 0.125
153 149 0.125
288 149 0.125
145 371 0.125
367 371 0.125
368 371 0.125
369 371 0.125
370 371 0.125
372 371 0.125
374 371 0.125
397 371 0.125
146 150 0.125
147 150 0.125
148 150 0.125
149 150 0.125
151 150 0.125
152 150 0.125
153 150 0.125
154 150 0.125
146 391 0.142857
387 391 0.142857
388 391 0.142857
389 391 0.142857
393 391 0.142857
394 391 0.142857
395 391 0.142857
146 398 0.125
394 398 0.125
395 398 0.125
396 398 0.125
397 398 0.125
399 398 0.125
400 398 0.125
401 398 0.125
147 151 0.125
148 151 0.125
149 151 0.125
150 151 0.125
152 151 0.125
153 151 0.125
155 151 0.125
176 151 0.125
147 390 0.125
386 390 0.125
387 390 0.125
388 390 0.125
389 390 0.125
392 390 0.125
393 390 0.125
394 390 0.125
148 152 0.142857
150 152 0.142857
151 152 0.142857
153 152 0.142857
154 152 0.142857
155 152 0.142857
156 152 0.142857
149 153 0.125
150 153 0.125
151 153 0.125
152 153 0.125
154 153 0.125
155 153 0.125
156 153 0.125
157 153 0.125
149 288 0.111111
284 288 0.111111
285 288 0.111111
286 288 0.111111
287 288 0.111111
289 288 0.111111
290 288 0.111111
291 288 0.111111
292 288 0.111111
150 154 0.142857
152 154 0.142857
153 154 0.142857
155 154 0.142857
156 154 0.142857
157 154 0.142857
158 154 0.142857
151 176 0.111111
172 176 0.111111
173 176 0.111111
174 176 0.111111
175 176 0.111111
178 176 0.111111
179 176 0.111111
180 176 0.111111
250 176 0.111111
152 156 0.125
153 156 0.125
154 156 0.125
157 156 0.125
159 156 0.125
160 156 0.125
257 156 0.125
271 156 0.125
153 157 0.142857
154 157 0.142857
156 157 0.142857
158 157 0.142857
159 157 0.142857
160 157 0.142857
161 157 0.142857
155 159 0.125
156 159 0.125
157 159 0.125
158 159 0.125
160 159 0.125
161 159 0.125
162 159 0.125
163 159 0.125
156 160 0.1
157 160 0.1
158 160 0.1
159 160 0.1
161 160 0.1
162 160 0.1
163 160 0.1
164 160 0.1
360 160 0.1
385 160 0.1
156 257 0.111111
253 257 0.111111
254 257 0.111111
255 257 0.111111
256 257 0.111111
258 257 0.111111
259 257 0.111111
261 257 0.111111
366 257 0.111111
157 161 0.142857
159 161 0.142857
160 161 0.142857
162 161 0.142857
163 161 0.142857
164 161 0.142857
165 161 0.142857
158 162 0.125
159 162 0.125
160 162 0.125
161 162 0.125
163 162 0.125
164 162 0.125
165 162 0.125
166 162 0.125
158 222 0.142857
218 222 0.142857
220 222 0.142857
221 222 0.142857
224 222 0.142857
225 222 0.142857
226 222 0.142857
159 163 0.125
160 163 0.125
161 163 0.125
162 163 0.125
164 163 0.125
165 163 0.125
166 163 0.125
167 163 0.125
160 164 0.125
161 164 0.125
162 164 0.125
163 164 0.125
165 164 0.125
166 164 0.125
167 164 0.125
168 164 0.125
160 360 0.111111
356 360 0.111111
357 360 0.111111
358 360 0.111111
359 360 0.111111
362 360 0.111111
363 360 0.111111
406 360 0.111111
393 360 0.111111
160 385 0.125
245 385 0.125
381 385 0.125
382 385 0.125
383 385 0.125
384 385 0.125
388 385 0.125
389 385 0.125
161 165 0.125
162 165 0.125
163 165 0.125
164 165 0.125
166 165 0.125
167 165 0.125
168 165 0.125
169 165 0.125
163 167 0.111111
164 167 0.111111
165 167 0.111111
169 167 0.111111
170 167 0.111111
171 167 0.111111
252 167 0.111111
172 167 0.111111
278 167 0.111111
166 170 0.125
167 170 0.125
168 170 0.125
171 170 0.125
172 170 0.125
173 170 0.125
174 170 0.125
204 170 0.125
167 171 0.1
168 171 0.1
169 171 0.1
170 171 0.1
172 171 0.1
173 171 0.1
174 171 0.1
175 171 0.1
226 171 0.1
219 171 0.1
167 252 0.111111
248 252 0.111111
249 252 0.111111
250 252 0.111111
251 252 0.111111
253 252 0.111111
254 252 0.111111
255 252 0.111111
256 252 0.111111
167 278 0.125
274 278 0.125
275 278 0.125
276 278 0.125
277 278 0.125
280 278 0.125
281 278 0.125
282 278 0.125
169 173 0.142857
170 173 0.142857
171 173 0.142857
174 173 0.142857
175 173 0.142857
176 173 0.142857
177 173 0.142857
169 335 0.125
331 335 0.125
332 335 0.125
334 335 0.125
336 335 0.125
337 335 0.125
338 335 0.125
339 335 0.125
170 204 0.142857
200 204 0.142857
201 204 0.142857
203 204 0.142857
206 204 0.142857
207 204 0.142857
208 204 0.142857
171 175 0.125
172 175 0.125
173 175 0.125
174 175 0.125
176 175 0.125
177 175 0.125
178 175 0.125
179 175 0.125
171 219 0.166667
217 219 0.166667
218 219 0.166667
220 219 0.166667
221 219 0.166667
223 219 0.166667
175 178 0.166667
176 178 0.166667
179 178 0.166667
180 178 0.166667
181 178 0.166667
182 178 0.166667
175 179 0.125
176 179 0.125
177 179 0.125
178 179 0.125
180 179 0.125
182 179 0.125
183 179 0.125
186 179 0.125
176 180 0.142857
178 180 0.142857
179 180 0.142857
181 180 0.142857
182 180 0.142857
183 180 0.142857
184 180 0.142857
176 250 0.125
246 250 0.125
247 250 0.125
249 250 0.125
251 250 0.125
252 250 0.125
253 250 0.125
254 250 0.125
177 181 0.142857
178 181 0.142857
180 181 0.142857
182 181 0.142857
183 181 0.142857
184 181 0.142857
185 181 0.142857
177 266 0.111111
262 266 0.111111
263 266 0.111111
264 266 0.111111
265 266 0.111111
267 266 0.111111
268 266 0.111111
269 266 0.111111
270 266 0.111111
178 182 0.125
179 182 0.125
180 182 0.125
181 182 0.125
184 182 0.125
185 182 0.125
186 182 0.125
331 182 0.125
179 183 0.142857
180 183 0.142857
181 183 0.142857
184 183 0.142857
185 183 0.142857
186 183 0.142857
187 183 0.142857
183 187 0.125
184 187 0.125
185 187 0.125
186 187 0.125
188 187 0.125
189 187 0.125
190 187 0.125
191 187 0.125
185 188 0.142857
186 188 0.142857
187 188 0.142857
189 188 0.142857
191 188 0.142857
192 188 0.142857
306 188 0.142857
185 189 0.125
186 189 0.125
187 189 0.125
188 189 0.125
190 189 0.125
191 189 0.125
193 189 0.125
297 189 0.125
187 190 0.166667
189 190 0.166667
191 190 0.166667
192 190 0.166667
193 190 0.166667
194 190 0.166667
187 191 0.125
188 191 0.125
189 191 0.125
190 191 0.125
192 191 0.125
193 191 0.125
194 191 0.125
195 191 0.125
188 306 0.111111
302 306 0.111111
304 306 0.111111
305 306 0.111111
307 306 0.111111
308 306 0.111111
309 306 0.111111
310 306 0.111111
328 306 0.111111
189 193 0.111111
190 193 0.111111
191 193 0.111111
192 193 0.111111
194 193 0.111111
195 193 0.111111
196 193 0.111111
197 193 0.111111
355 193 0.111111
190 194 0.111111
191 194 0.111111
192 194 0.111111
193 194 0.111111
195 194 0.111111
196 194 0.111111
197 194 0.111111
198 194 0.111111
248 194 0.111111
191 195 0.142857
193 195 0.142857
194 195 0.142857
196 195 0.142857
197 195 0.142857
198 195 0.142857
199 195 0.142857
192 196 0.125
193 196 0.125
194 196 0.125
195 196 0.125
197 196 0.125
198 196 0.125
199 196 0.125
200 196 0.125
192 198 0.125
194 198 0.125
195 198 0.125
196 198 0.125
197 198 0.125
199 198 0.125
201 198 0.125
202 198 0.125
192 370 0.125
366 370 0.125
367 370 0.125
368 370 0.125
369 370 0.125
371 370 0.125
373 370 0.125
374 370 0.125
193 197 0.125
194 197 0.125
195 197 0.125
196 197 0.125
198 197 0.125
199 197 0.125
200 197 0.125
201 197 0.125
195 199 0.125
196 199 0.125
197 199 0.125
198 199 0.125
200 199 0.125
201 199 0.125
202 199 0.125
203 199 0.125
197 201 0.125
198 201 0.125
199 201 0.125
200 201 0.125
202 201 0.125
203 201 0.125
204 201 0.125
205 201 0.125
199 203 0.142857
201 203 0.142857
202 203 0.142857
204 203 0.142857
205 203 0.142857
206 203 0.142857
207 203 0.142857
200 235 0.125
231 235 0.125
232 235 0.125
233 235 0.125
234 235 0.125
237 235 0.125
238 235 0.125
312 235 0.125
201 205 0.142857
202 205 0.142857
203 205 0.142857
206 205 0.142857
207 205 0.142857
208 205 0.142857
209 205 0.142857
203 207 0.111111
204 207 0.111111
205 207 0.111111
206 207 0.111111
208 207 0.111111
209 207 0.111111
210 207 0.111111
211 207 0.111111
293 207 0.111111
205 209 0.125
206 209 0.125
207 209 0.125
208 209 0.125
210 209 0.125
211 209 0.125
212 209 0.125
213 209 0.125
206 333 0.125
329 333 0.125
330 333 0.125
331 333 0.125
332 333 0.125
334 333 0.125
336 333 0.125
337 333 0.125
207 211 0.125
208 211 0.125
209 211 0.125
210 211 0.125
212 211 0.125
213 211 0.125
215 211 0.125
361 211 0.125
207 293 0.125
289 293 0.125
290 293 0.125
291 293 0.125
292 293 0.125
295 293 0.125
296 293 0.125
297 293 0.125
209 212 0.166667
211 212 0.166667
213 212 0.166667
214 212 0.166667
215 212 0.166667
216 212 0.166667
209 213 0.125
211 213 0.125
212 213 0.125
214 213 0.125
215 213 0.125
217 213 0.125
331 213 0.125
346 213 0.125
210 214 0.142857
212 214 0.142857
213 214 0.142857
215 214 0.142857
216 214 0.142857
217 214 0.142857
218 214 0.142857
211 215 0.125
212 215 0.125
213 215 0.125
214 215 0.125
216 215 0.125
217 215 0.125
218 215 0.125
350 215 0.125
211 361 0.125
357 361 0.125
358 361 0.125
359 361 0.125
362 361 0.125
363 361 0.125
364 361 0.125
365 361 0.125
212 216 0.142857
214 216 0.142857
215 216 0.142857
217 216 0.142857
218 216 0.142857
220 216 0.142857
267 216 0.142857
213 346 0.111111
323 346 0.111111
342 346 0.111111
343 346 0.111111
345 346 0.111111
347 346 0.111111
348 346 0.111111
349 346 0.111111
350 346 0.111111
214 218 0.125
215 218 0.125
216 218 0.125
217 218 0.125
219 218 0.125
220 218 0.125
221 218 0.125
222 218 0.125
215 350 0.142857
346 350 0.142857
349 350 0.142857
351 350 0.142857
352 350 0.142857
353 350 0.142857
401 350 0.142857
216 267 0.1
253 267 0.1
263 267 0.1
264 267 0.1
265 267 0.1
266 267 0.1
268 267 0.1
269 267 0.1
270 267 0.1
271 267 0.1
217 221 0.125
218 221 0.125
219 221 0.125
220 221 0.125
222 221 0.125
223 221 0.125
224 221 0.125
225 221 0.125
219 223 0.142857
220 223 0.142857
221 223 0.142857
224 223 0.142857
225 223 0.142857
226 223 0.142857
231 223 0.142857
223 231 0.111111
227 231 0.111111
228 231 0.111111
229 231 0.111111
230 231 0.111111
232 231 0.111111
233 231 0.111111
234 231 0.111111
235 231 0.111111
224 227 0.166667
225 227 0.166667
228 227 0.166667
229 227 0.166667
230 227 0.166667
231 227 0.166667
224 237 0.125
233 237 0.125
234 237 0.125
235 237 0.125
236 237 0.125
238 237 0.125
239 237 0.125
240 237 0.125
225 228 0.166667
227 228 0.166667
229 228 0.166667
230 228 0.166667
231 228 0.166667
232 228 0.166667
225 229 0.125
226 229 0.125
227 229 0.125
228 229 0.125
230 229 0.125
231 229 0.125
232 229 0.125
233 229 0.125
228 232 0.125
229 232 0.125
230 232 0.125
231 232 0.125
233 232 0.125
234 232 0.125
235 232 0.125
236 232 0.125
229 233 0.125
230 233 0.125
231 233 0.125
232 233 0.125
234 233 0.125
235 233 0.125
236 233 0.125
237 233 0.125
230 234 0.125
231 234 0.125
232 234 0.125
233 234 0.125
235 234 0.125
236 234 0.125
237 234 0.125
238 234 0.125
232 236 0.142857
233 236 0.142857
234 236 0.142857
237 236 0.142857
238 236 0.142857
239 236 0.142857
240 236 0.142857
234 238 0.111111
235 238 0.111111
236 238 0.111111
237 238 0.111111
239 238 0.111111
240 238 0.111111
241 238 0.111111
242 238 0.111111
330 238 0.111111
235 312 0.111111
308 312 0.111111
309 312 0.111111
310 312 0.111111
311 312 0.111111
313 312 0.111111
314 312 0.111111
315 312 0.111111
395 312 0.111111
236 239 0.125
237 239 0.125
238 239 0.125
240 239 0.125
241 239 0.125
242 239 0.125
243 239 0.125
281 239 0.125
236 240 0.125
237 240 0.125
238 240 0.125
239 240 0.125
241 240 0.125
242 240 0.125
243 240 0.125
244 240 0.125
238 330 0.125
326 330 0.125
327 330 0.125
329 330 0.125
332 330 0.125
333 330 0.125
334 330 0.125
347 330 0.125
239 243 0.125
240 243 0.125
241 243 0.125
242 243 0.125
244 243 0.125
245 243 0.125
246 243 0.125
247 243 0.125
239 281 0.142857
278 281 0.142857
279 281 0.142857
280 281 0.142857
282 281 0.142857
283 281 0.142857
301 281 0.142857
240 244 0.125
241 244 0.125
242 244 0.125
243 244 0.125
245 244 0.125
246 244 0.125
247 244 0.125
248 244 0.125
241 245 0.111111
242 245 0.111111
243 245 0.111111
244 245 0.111111
246 245 0.111111
247 245 0.111111
248 245 0.111111
249 245 0.111111
385 245 0.111111
243 247 0.125
244 247 0.125
245 247 0.125
246 247 0.125
248 247 0.125
249 247 0.125
250 247 0.125
251 247 0.125
249 253 0.111111
250 253 0.111111
251 253 0.111111
252 253 0.111111
254 253 0.111111
255 253 0.111111
257 253 0.111111
416 253 0.111111
267 253 0.111111
250 254 0.142857
252 254 0.142857
253 254 0.142857
255 254 0.142857
256 254 0.142857
257 254 0.142857
258 254 0.142857
251 255 0.125
252 255 0.125
253 255 0.125
254 255 0.125
256 255 0.125
257 255 0.125
258 255 0.125
259 255 0.125
251 326 0.125
322 326 0.125
324 326 0.125
325 326 0.125
327 326 0.125
329 326 0.125
330 326 0.125
331 326 0.125
252 256 0.142857
254 256 0.142857
255 256 0.142857
257 256 0.142857
258 256 0.142857
259 256 0.142857
260 256 0.142857
253 416 0.111111
347 416 0.111111
412 416 0.111111
413 416 0.111111
414 416 0.111111
415 416 0.111111
418 416 0.111111
419 416 0.111111
420 416 0.111111
254 258 0.125
255 258 0.125
256 258 0.125
257 258 0.125
259 258 0.125
260 258 0.125
261 258 0.125
262 258 0.125
255 259 0.125
256 259 0.125
257 259 0.125
258 259 0.125
260 259 0.125
261 259 0.125
262 259 0.125
263 259 0.125
256 260 0.142857
258 260 0.142857
259 260 0.142857
261 260 0.142857
262 260 0.142857
264 260 0.142857
344 260 0.142857
257 261 0.111111
258 261 0.111111
259 261 0.111111
260 261 0.111111
262 261 0.111111
263 261 0.111111
264 261 0.111111
265 261 0.111111
317 261 0.111111
257 366 0.111111
362 366 0.111111
363 366 0.111111
364 366 0.111111
365 366 0.111111
367 366 0.111111
368 366 0.111111
369 366 0.111111
370 366 0.111111
258 262 0.125
259 262 0.125
260 262 0.125
261 262 0.125
263 262 0.125
264 262 0.125
265 262 0.125
266 262 0.125
259 263 0.142857
261 263 0.142857
262 263 0.142857
264 263 0.142857
266 263 0.142857
267 263 0.142857
322 263 0.142857
260 264 0.111111
261 264 0.111111
262 264 0.111111
263 264 0.111111
265 264 0.111111
266 264 0.111111
267 264 0.111111
268 264 0.111111
270 264 0.111111
261 265 0.142857
262 265 0.142857
264 265 0.142857
266 265 0.142857
267 265 0.142857
268 265 0.142857
269 265 0.142857
261 317 0.125
313 317 0.125
314 317 0.125
315 317 0.125
316 317 0.125
318 317 0.125
319 317 0.125
321 317 0.125
263 322 0.111111
318 322 0.111111
319 322 0.111111
320 322 0.111111
321 322 0.111111
323 322 0.111111
324 322 0.111111
325 322 0.111111
326 322 0.111111
264 268 0.125
265 268 0.125
266 268 0.125
267 268 0.125
269 268 0.125
270 268 0.125
271 268 0.125
272 268 0.125
264 270 0.142857
266 270 0.142857
267 270 0.142857
268 270 0.142857
272 270 0.142857
273 270 0.142857
274 270 0.142857
265 269 0.125
266 269 0.125
267 269 0.125
268 269 0.125
271 269 0.125
272 269 0.125
273 269 0.125
298 269 0.125
269 273 0.166667
270 273 0.166667
274 273 0.166667
275 273 0.166667
276 273 0.166667
277 273 0.166667
269 298 0.111111
294 298 0.111111
295 298 0.111111
296 298 0.111111
297 298 0.111111
299 298 0.111111
300 298 0.111111
301 298 0.111111
302 298 0.111111
270 274 0.125
271 274 0.125
272 274 0.125
273 274 0.125
275 274 0.125
276 274 0.125
277 274 0.125
278 274 0.125
271 275 0.125
272 275 0.125
273 275 0.125
274 275 0.125
276 275 0.125
277 275 0.125
278 275 0.125
279 275 0.125
272 276 0.125
273 276 0.125
274 276 0.125
275 276 0.125
277 276 0.125
278 276 0.125
279 276 0.125
280 276 0.125
272 359 0.142857
357 359 0.142857
358 359 0.142857
360 359 0.142857
361 359 0.142857
362 359 0.142857
363 359 0.142857
273 277 0.125
274 277 0.125
275 277 0.125
276 277 0.125
278 277 0.125
279 277 0.125
280 277 0.125
329 277 0.125
277 329 0.125
325 329 0.125
326 329 0.125
327 329 0.125
330 329 0.125
331 329 0.125
332 329 0.125
333 329 0.125
278 282 0.125
279 282 0.125
280 282 0.125
281 282 0.125
283 282 0.125
284 282 0.125
285 282 0.125
286 282 0.125
282 285 0.142857
283 285 0.142857
284 285 0.142857
286 285 0.142857
287 285 0.142857
288 285 0.142857
289 285 0.142857
283 287 0.125
284 287 0.125
285 287 0.125
286 287 0.125
288 287 0.125
289 287 0.125
290 287 0.125
291 287 0.125
286 290 0.125
287 290 0.125
288 290 0.125
289 290 0.125
291 290 0.125
292 290 0.125
293 290 0.125
294 290 0.125
287 291 0.142857
288 291 0.142857
290 291 0.142857
292 291 0.142857
293 291 0.142857
294 291 0.142857
295 291 0.142857
288 292 0.125
289 292 0.125
290 292 0.125
291 292 0.125
293 292 0.125
294 292 0.125
295 292 0.125
296 292 0.125
289 342 0.1
303 342 0.1
338 342 0.1
339 342 0.1
340 342 0.1
341 342 0.1
343 342 0.1
344 342 0.1
345 342 0.1
346 342 0.1
290 294 0.142857
291 294 0.142857
292 294 0.142857
295 294 0.142857
296 294 0.142857
297 294 0.142857
298 294 0.142857
291 295 0.125
292 295 0.125
293 295 0.125
294 295 0.125
296 295 0.125
297 295 0.125
298 295 0.125
299 295 0.125
295 299 0.125
296 299 0.125
297 299 0.125
298 299 0.125
300 299 0.125
301 299 0.125
302 299 0.125
303 299 0.125
304 307 0.142857
305 307 0.142857
306 307 0.142857
308 307 0.142857
309 307 0.142857
310 307 0.142857
311 307 0.142857
305 308 0.142857
306 308 0.142857
307 308 0.142857
309 308 0.142857
310 308 0.142857
311 308 0.142857
312 308 0.142857
305 309 0.125
306 309 0.125
307 309 0.125
308 309 0.125
310 309 0.125
311 309 0.125
312 309 0.125
313 309 0.125
306 310 0.1
307 310 0.1
308 310 0.1
309 310 0.1
311 310 0.1
312 310 0.1
313 310 0.1
314 310 0.1
382 310 0.1
324 310 0.1
307 311 0.125
308 311 0.125
309 311 0.125
310 311 0.125
312 311 0.125
313 311 0.125
314 311 0.125
315 311 0.125
310 314 0.111111
311 314 0.111111
312 314 0.111111
313 314 0.111111
315 314 0.111111
316 314 0.111111
317 314 0.111111
318 314 0.111111
401 314 0.111111
310 382 0.125
378 382 0.125
379 382 0.125
380 382 0.125
381 382 0.125
383 382 0.125
385 382 0.125
386 382 0.125
310 324 0.125
320 324 0.125
321 324 0.125
322 324 0.125
323 324 0.125
325 324 0.125
326 324 0.125
328 324 0.125
311 315 0.142857
312 315 0.142857
314 315 0.142857
316 315 0.142857
317 315 0.142857
318 315 0.142857
319 315 0.142857
313 316 0.142857
314 316 0.142857
315 316 0.142857
317 316 0.142857
318 316 0.142857
319 316 0.142857
320 316 0.142857
314 318 0.125
315 318 0.125
316 318 0.125
317 318 0.125
319 318 0.125
320 318 0.125
321 318 0.125
322 318 0.125
314 401 0.125
350 401 0.125
397 401 0.125
398 401 0.125
400 401 0.125
403 401 0.125
404 401 0.125
405 401 0.125
316 320 0.142857
318 320 0.142857
319 320 0.142857
321 320 0.142857
322 320 0.142857
323 320 0.142857
324 320 0.142857
317 321 0.125
318 321 0.125
319 321 0.125
320 321 0.125
322 321 0.125
323 321 0.125
324 321 0.125
325 321 0.125
321 325 0.125
322 325 0.125
323 325 0.125
324 325 0.125
326 325 0.125
327 325 0.125
328 325 0.125
329 325 0.125
323 327 0.142857
325 327 0.142857
326 327 0.142857
328 327 0.142857
329 327 0.142857
330 327 0.142857
331 327 0.142857
328 384 0.142857
380 384 0.142857
381 384 0.142857
385 384 0.142857
386 384 0.142857
387 384 0.142857
388 384 0.142857
329 332 0.166667
330 332 0.166667
333 332 0.166667
334 332 0.166667
335 332 0.166667
336 332 0.166667
330 347 0.166667
345 347 0.166667
346 347 0.166667
348 347 0.166667
351 347 0.166667
416 347 0.166667
332 336 0.125
333 336 0.125
334 336 0.125
335 336 0.125
337 336 0.125
338 336 0.125
339 336 0.125
340 336 0.125
334 338 0.125
335 338 0.125
336 338 0.125
337 338 0.125
339 338 0.125
340 338 0.125
341 338 0.125
342 338 0.125
335 339 0.142857
336 339 0.142857
338 339 0.142857
340 339 0.142857
341 339 0.142857
342 339 0.142857
343 339 0.142857
336 340 0.125
337 340 0.125
338 340 0.125
339 340 0.125
341 340 0.125
342 340 0.125
343 340 0.125
344 340 0.125
338 341 0.142857
339 341 0.142857
340 341 0.142857
342 341 0.142857
343 341 0.142857
344 341 0.142857
345 341 0.142857
341 345 0.142857
342 345 0.142857
344 345 0.142857
346 345 0.142857
347 345 0.142857
348 345 0.142857
349 345 0.142857
343 417 0.125
402 417 0.125
413 417 0.125
414 417 0.125
415 417 0.125
418 417 0.125
420 417 0.125
421 417 0.125
344 348 0.125
345 348 0.125
346 348 0.125
347 348 0.125
349 348 0.125
351 348 0.125
352 348 0.125
388 348 0.125
344 410 0.111111
406 410 0.111111
407 410 0.111111
408 410 0.111111
409 410 0.111111
411 410 0.111111
412 410 0.111111
413 410 0.111111
414 410 0.111111
344 373 0.125
369 373 0.125
370 373 0.125
372 373 0.125
374 373 0.125
375 373 0.125
376 373 0.125
377 373 0.125
345 349 0.142857
346 349 0.142857
348 349 0.142857
350 349 0.142857
351 349 0.142857
352 349 0.142857
353 349 0.142857
347 351 0.125
348 351 0.125
349 351 0.125
350 351 0.125
352 351 0.125
353 351 0.125
354 351 0.125
355 351 0.125
348 352 0.125
349 352 0.125
350 352 0.125
351 352 0.125
353 352 0.125
354 352 0.125
355 352 0.125
356 352 0.125
349 353 0.125
350 353 0.125
351 353 0.125
352 353 0.125
354 353 0.125
355 353 0.125
356 353 0.125
357 353 0.125
351 354 0.142857
352 354 0.142857
353 354 0.142857
355 354 0.142857
356 354 0.142857
357 354 0.142857
358 354 0.142857
353 357 0.111111
354 357 0.111111
355 357 0.111111
356 357 0.111111
358 357 0.111111
359 357 0.111111
360 357 0.111111
361 357 0.111111
389 357 0.111111
354 358 0.142857
356 358 0.142857
357 358 0.142857
359 358 0.142857
360 358 0.142857
361 358 0.142857
362 358 0.142857
358 362 0.125
359 362 0.125
360 362 0.125
361 362 0.125
363 362 0.125
364 362 0.125
365 362 0.125
366 362 0.125
359 363 0.125
360 363 0.125
361 363 0.125
362 363 0.125
364 363 0.125
365 363 0.125
366 363 0.125
367 363 0.125
360 406 0.125
402 406 0.125
403 406 0.125
404 406 0.125
405 406 0.125
407 406 0.125
408 406 0.125
410 406 0.125
361 364 0.142857
362 364 0.142857
363 364 0.142857
365 364 0.142857
366 364 0.142857
367 364 0.142857
368 364 0.142857
361 365 0.125
362 365 0.125
363 365 0.125
364 365 0.125
366 365 0.125
367 365 0.125
368 365 0.125
369 365 0.125
363 367 0.125
364 367 0.125
365 367 0.125
366 367 0.125
368 367 0.125
369 367 0.125
370 367 0.125
371 367 0.125
364 368 0.125
365 368 0.125
366 368 0.125
367 368 0.125
369 368 0.125
370 368 0.125
371 368 0.125
372 368 0.125
370 374 0.125
371 374 0.125
372 374 0.125
373 374 0.125
375 374 0.125
376 374 0.125
377 374 0.125
378 374 0.125
371 397 0.125
394 397 0.125
395 397 0.125
396 397 0.125
398 397 0.125
399 397 0.125
400 397 0.125
401 397 0.125
372 376 0.142857
373 376 0.142857
374 376 0.142857
377 376 0.142857
378 376 0.142857
379 376 0.142857
380 376 0.142857
373 377 0.125
374 377 0.125
375 377 0.125
376 377 0.125
378 377 0.125
379 377 0.125
380 377 0.125
381 377 0.125
374 378 0.125
375 378 0.125
376 378 0.125
377 378 0.125
379 378 0.125
380 378 0.125
381 378 0.125
382 378 0.125
375 379 0.125
376 379 0.125
377 379 0.125
378 379 0.125
380 379 0.125
381 379 0.125
382 379 0.125
383 379 0.125
376 380 0.125
377 380 0.125
378 380 0.125
379 380 0.125
381 380 0.125
382 380 0.125
383 380 0.125
384 380 0.125
377 381 0.125
378 381 0.125
379 381 0.125
380 381 0.125
382 381 0.125
383 381 0.125
384 381 0.125
385 381 0.125
379 383 0.125
380 383 0.125
381 383 0.125
382 383 0.125
385 383 0.125
386 383 0.125
387 383 0.125
404 383 0.125
382 386 0.142857
383 386 0.142857
384 386 0.142857
387 386 0.142857
388 386 0.142857
389 386 0.142857
390 386 0.142857
383 387 0.142857
384 387 0.142857
386 387 0.142857
388 387 0.142857
389 387 0.142857
390 387 0.142857
391 387 0.142857
383 404 0.111111
400 404 0.111111
401 404 0.111111
402 404 0.111111
403 404 0.111111
405 404 0.111111
406 404 0.111111
407 404 0.111111
408 404 0.111111
388 392 0.166667
390 392 0.166667
393 392 0.166667
394 392 0.166667
395 392 0.166667
396 392 0.166667
390 394 0.125
391 394 0.125
392 394 0.125
393 394 0.125
395 394 0.125
396 394 0.125
397 394 0.125
398 394 0.125
396 400 0.142857
397 400 0.142857
398 400 0.142857
401 400 0.142857
402 400 0.142857
403 400 0.142857
404 400 0.142857
399 407 0.125
403 407 0.125
404 407 0.125
405 407 0.125
406 407 0.125
408 407 0.125
409 407 0.125
410 407 0.125
401 405 0.125
402 405 0.125
403 405 0.125
404 405 0.125
406 405 0.125
407 405 0.125
408 405 0.125
409 405 0.125
404 408 0.125
405 408 0.125
406 408 0.125
407 408 0.125
409 408 0.125
410 408 0.125
411 408 0.125
412 408 0.125
408 411 0.166667
410 411 0.166667
412 411 0.166667
413 411 0.166667
414 411 0.166667
415 411 0.166667
408 412 0.142857
410 412 0.142857
411 412 0.142857
413 412 0.142857
414 412 0.142857
415 412 0.142857
416 412 0.142857
409 413 0.125
410 413 0.125
411 413 0.125
412 413 0.125
414 413 0.125
415 413 0.125
416 413 0.125
417 413 0.125
410 414 0.125
411 414 0.125
412 414 0.125
413 414 0.125
415 414 0.125
416 414 0.125
417 414 0.125
418 414 0.125
411 415 0.125
412 415 0.125
413 415 0.125
414 415 0.125
416 415 0.125
417 415 0.125
418 415 0.125
419 415 0.125
414 418 0.125
415 418 0.125
416 418 0.125
417 418 0.125
419 418 0.125
420 418 0.125
421 418 0.125
422 418 0.125
1 0 0.125
422 0 0.125
2 0 0.125
3 0 0.125
420 0 0.125
4 0 0.125
419 0 0.125
45 0 0.125
