0 1 0.033333
5 1 0.033333
6 1 0.033333
8 1 0.033333
14 1 0.033333
18 1 0.033333
21 1 0.033333
24 1 0.033333
28 1 0.033333
33 1 0.033333
34 1 0.033333
48 1 0.033333
49 1 0.033333
54 1 0.033333
66 1 0.033333
69 1 0.033333
94 1 0.033333
116 1 0.033333
118 1 0.033333
131 1 0.033333
148 1 0.033333
151 1 0.033333
157 1 0.033333
160 1 0.033333
162 1 0.033333
169 1 0.033333
171 1 0.033333
180 1 0.033333
182 1 0.033333
188 1 0.033333
0 2 0.038462
17 2 0.038462
21 2 0.038462
26 2 0.038462
32 2 0.038462
51 2 0.038462
58 2 0.038462
59 2 0.038462
61 2 0.038462
69 2 0.038462
75 2 0.038462
79 2 0.038462
80 2 0.038462
84 2 0.038462
94 2 0.038462
101 2 0.038462
106 2 0.038462
116 2 0.038462
131 2 0.038462
133 2 0.038462
150 2 0.038462
157 2 0.038462
161 2 0.038462
165 2 0.038462
181 2 0.038462
182 2 0.038462
0 10 0.027027
5 10 0.027027
14 10 0.027027
22 10 0.027027
30 10 0.027027
35 10 0.027027
41 10 0.027027
43 10 0.027027
44 10 0.027027
45 10 0.027027
46 10 0.027027
51 10 0.027027
53 10 0.027027
58 10 0.027027
65 10 0.027027
73 10 0.027027
75 10 0.027027
86 10 0.027027
89 10 0.027027
98 10 0.027027
103 10 0.027027
112 10 0.027027
131 10 0.027027
133 10 0.027027
142 10 0.027027
144 10 0.027027
145 10 0.027027
146 10 0.027027
147 10 0.027027
148 10 0.027027
155 10 0.027027
156 10 0.027027
158 10 0.027027
163 10 0.027027
174 10 0.027027
181 10 0.027027
188 10 0.027027
0 14 0.030303
1 14 0.030303
8 14 0.030303
10 14 0.030303
13 14 0.030303
23 14 0.030303
30 14 0.030303
38 14 0.030303
41 14 0.030303
43 14 0.030303
55 14 0.030303
61 14 0.030303
71 14 0.030303
74 14 0.030303
76 14 0.030303
81 14 0.030303
93 14 0.030303
98 14 0.030303
113 14 0.030303
127 14 0.030303
130 14 0.030303
132 14 0.030303
137 14 0.030303
138 14 0.030303
154 14 0.030303
160 14 0.030303
166 14 0.030303
168 14 0.030303
171 14 0.030303
174 14 0.030303
175 14 0.030303
177 14 0.030303
185 14 0.030303
0 15 0.03125
17 15 0.03125
19 15 0.03125
31 15 0.03125
37 15 0.03125
40 15 0.03125
42 15 0.03125
50 15 0.03125
51 15 0.03125
59 15 0.03125
64 15 0.03125
83 15 0.03125
99 15 0.03125
100 15 0.03125
113 15 0.03125
117 15 0.03125
118 15 0.03125
123 15 0.03125
132 15 0.03125
134 15 0.03125
139 15 0.03125
144 15 0.03125
148 15 0.03125
149 15 0.03125
151 15 0.03125
157 15 0.03125
158 15 0.03125
161 15 0.03125
165 15 0.03125
169 15 0.03125
184 15 0.03125
186 15 0.03125
0 24 0.030303
1 24 0.030303
4 24 0.030303
6 24 0.030303
9 24 0.030303
16 24 0.030303
17 24 0.030303
19 24 0.030303
28 24 0.030303
39 24 0.030303
40 24 0.030303
41 24 0.030303
48 24 0.030303
52 24 0.030303
58 24 0.030303
84 24 0.030303
92 24 0.030303
93 24 0.030303
99 24 0.030303
101 24 0.030303
122 24 0.030303
126 24 0.030303
131 24 0.030303
132 24 0.030303
133 24 0.030303
154 24 0.030303
157 24 0.030303
158 24 0.030303
162 24 0.030303
167 24 0.030303
168 24 0.030303
175 24 0.030303
183 24 0.030303
0 31 0.034483
3 31 0.034483
12 31 0.034483
15 31 0.034483
28 31 0.034483
36 31 0.034483
51 31 0.034483
69 31 0.034483
91 31 0.034483
101 31 0.034483
102 31 0.034483
112 31 0.034483
115 31 0.034483
119 31 0.034483
121 31 0.034483
124 31 0.034483
135 31 0.034483
142 31 0.034483
146 31 0.034483
147 31 0.034483
149 31 0.034483
152 31 0.034483
162 31 0.034483
163 31 0.034483
166 31 0.034483
182 31 0.034483
183 31 0.034483
184 31 0.034483
189 31 0.034483
0 42 0.034483
6 42 0.034483
12 42 0.034483
13 42 0.034483
15 42 0.034483
32 42 0.034483
37 42 0.034483
39 42 0.034483
50 42 0.034483
51 42 0.034483
58 42 0.034483
59 42 0.034483
67 42 0.034483
77 42 0.034483
85 42 0.034483
89 42 0.034483
106 42 0.034483
123 42 0.034483
128 42 0.034483
135 42 0.034483
138 42 0.034483
141 42 0.034483
154 42 0.034483
155 42 0.034483
156 42 0.034483
158 42 0.034483
163 42 0.034483
170 42 0.034483
190 42 0.034483
0 50 0.05
8 50 0.05
15 50 0.05
21 50 0.05
25 50 0.05
32 50 0.05
42 50 0.05
45 50 0.05
51 50 0.05
55 50 0.05
77 50 0.05
92 50 0.05
112 50 0.05
120 50 0.05
152 50 0.05
154 50 0.05
155 50 0.05
167 50 0.05
170 50 0.05
181 50 0.05
0 52 0.035714
6 52 0.035714
11 52 0.035714
21 52 0.035714
23 52 0.035714
24 52 0.035714
27 52 0.035714
29 52 0.035714
47 52 0.035714
70 52 0.035714
76 52 0.035714
91 52 0.035714
103 52 0.035714
114 52 0.035714
118 52 0.035714
120 52 0.035714
123 52 0.035714
130 52 0.035714
131 52 0.035714
132 52 0.035714
153 52 0.035714
164 52 0.035714
169 52 0.035714
177 52 0.035714
178 52 0.035714
184 52 0.035714
187 52 0.035714
191 52 0.035714
0 64 0.033333
3 64 0.033333
7 64 0.033333
12 64 0.033333
15 64 0.033333
18 64 0.033333
27 64 0.033333
30 64 0.033333
32 64 0.033333
44 64 0.033333
49 64 0.033333
61 64 0.033333
69 64 0.033333
70 64 0.033333
73 64 0.033333
76 64 0.033333
97 64 0.033333
98 64 0.033333
102 64 0.033333
120 64 0.033333
122 64 0.033333
135 64 0.033333
140 64 0.033333
144 64 0.033333
146 64 0.033333
158 64 0.033333
165 64 0.033333
169 64 0.033333
170 64 0.033333
174 64 0.033333
0 68 0.028571
4 68 0.028571
17 68 0.028571
20 68 0.028571
21 68 0.028571
28 68 0.028571
33 68 0.028571
58 68 0.028571
63 68 0.028571
76 68 0.028571
84 68 0.028571
85 68 0.028571
87 68 0.028571
88 68 0.028571
92 68 0.028571
94 68 0.028571
98 68 0.028571
103 68 0.028571
107 68 0.028571
109 68 0.028571
116 68 0.028571
119 68 0.028571
123 68 0.028571
127 68 0.028571
137 68 0.028571
138 68 0.028571
139 68 0.028571
147 68 0.028571
149 68 0.028571
156 68 0.028571
162 68 0.028571
176 68 0.028571
182 68 0.028571
183 68 0.028571
184 68 0.028571
0 78 0.032258
4 78 0.032258
12 78 0.032258
16 78 0.032258
18 78 0.032258
22 78 0.032258
29 78 0.032258
40 78 0.032258
46 78 0.032258
47 78 0.032258
54 78 0.032258
63 78 0.032258
89 78 0.032258
94 78 0.032258
104 78 0.032258
106 78 0.032258
125 78 0.032258
128 78 0.032258
135 78 0.032258
137 78 0.032258
142 78 0.032258
143 78 0.032258
152 78 0.032258
155 78 0.032258
158 78 0.032258
160 78 0.032258
174 78 0.032258
175 78 0.032258
182 78 0.032258
184 78 0.032258
188 78 0.032258
0 88 0.033333
12 88 0.033333
13 88 0.033333
30 88 0.033333
33 88 0.033333
44 88 0.033333
51 88 0.033333
57 88 0.033333
66 88 0.033333
68 88 0.033333
77 88 0.033333
80 88 0.033333
81 88 0.033333
103 88 0.033333
111 88 0.033333
119 88 0.033333
132 88 0.033333
133 88 0.033333
140 88 0.033333
147 88 0.033333
148 88 0.033333
154 88 0.033333
156 88 0.033333
159 88 0.033333
160 88 0.033333
163 88 0.033333
173 88 0.033333
187 88 0.033333
190 88 0.033333
191 88 0.033333
0 89 0.033333
5 89 0.033333
8 89 0.033333
10 89 0.033333
20 89 0.033333
28 89 0.033333
33 89 0.033333
36 89 0.033333
41 89 0.033333
42 89 0.033333
43 89 0.033333
55 89 0.033333
71 89 0.033333
72 89 0.033333
76 89 0.033333
78 89 0.033333
83 89 0.033333
99 89 0.033333
100 89 0.033333
103 89 0.033333
104 89 0.033333
108 89 0.033333
109 89 0.033333
113 89 0.033333
117 89 0.033333
154 89 0.033333
160 89 0.033333
173 89 0.033333
189 89 0.033333
191 89 0.033333
0 129 0.047619
7 129 0.047619
20 129 0.047619
23 129 0.047619
28 129 0.047619
38 129 0.047619
41 129 0.047619
70 129 0.047619
72 129 0.047619
86 129 0.047619
113 129 0.047619
136 129 0.047619
138 129 0.047619
141 129 0.047619
142 129 0.047619
144 129 0.047619
156 129 0.047619
164 129 0.047619
171 129 0.047619
174 129 0.047619
189 129 0.047619
0 133 0.029412
2 133 0.029412
6 133 0.029412
10 133 0.029412
13 133 0.029412
24 133 0.029412
45 133 0.029412
46 133 0.029412
60 133 0.029412
62 133 0.029412
88 133 0.029412
91 133 0.029412
99 133 0.029412
108 133 0.029412
120 133 0.029412
125 133 0.029412
134 133 0.029412
144 133 0.029412
145 133 0.029412
149 133 0.029412
153 133 0.029412
157 133 0.029412
163 133 0.029412
164 133 0.029412
166 133 0.029412
167 133 0.029412
173 133 0.029412
174 133 0.029412
177 133 0.029412
178 133 0.029412
185 133 0.029412
187 133 0.029412
190 133 0.029412
191 133 0.029412
0 135 0.034483
6 135 0.034483
12 135 0.034483
16 135 0.034483
25 135 0.034483
31 135 0.034483
34 135 0.034483
42 135 0.034483
44 135 0.034483
46 135 0.034483
48 135 0.034483
64 135 0.034483
66 135 0.034483
71 135 0.034483
78 135 0.034483
100 135 0.034483
116 135 0.034483
118 135 0.034483
120 135 0.034483
121 135 0.034483
124 135 0.034483
138 135 0.034483
154 135 0.034483
159 135 0.034483
161 135 0.034483
163 135 0.034483
165 135 0.034483
178 135 0.034483
179 135 0.034483
0 136 0.03125
7 136 0.03125
9 136 0.03125
18 136 0.03125
21 136 0.03125
22 136 0.03125
29 136 0.03125
33 136 0.03125
41 136 0.03125
55 136 0.03125
76 136 0.03125
77 136 0.03125
81 136 0.03125
84 136 0.03125
101 136 0.03125
106 136 0.03125
112 136 0.03125
116 136 0.03125
118 136 0.03125
129 136 0.03125
132 136 0.03125
142 136 0.03125
148 136 0.03125
151 136 0.03125
156 136 0.03125
163 136 0.03125
165 136 0.03125
168 136 0.03125
171 136 0.03125
187 136 0.03125
190 136 0.03125
192 136 0.03125
0 143 0.030303
4 143 0.030303
9 143 0.030303
11 143 0.030303
26 143 0.030303
33 143 0.030303
34 143 0.030303
36 143 0.030303
37 143 0.030303
38 143 0.030303
48 143 0.030303
57 143 0.030303
60 143 0.030303
66 143 0.030303
67 143 0.030303
69 143 0.030303
71 143 0.030303
78 143 0.030303
79 143 0.030303
84 143 0.030303
91 143 0.030303
108 143 0.030303
110 143 0.030303
120 143 0.030303
126 143 0.030303
142 143 0.030303
147 143 0.030303
152 143 0.030303
156 143 0.030303
158 143 0.030303
160 143 0.030303
182 143 0.030303
192 143 0.030303
0 145 0.030303
3 145 0.030303
9 145 0.030303
10 145 0.030303
20 145 0.030303
23 145 0.030303
35 145 0.030303
43 145 0.030303
47 145 0.030303
51 145 0.030303
80 145 0.030303
85 145 0.030303
90 145 0.030303
95 145 0.030303
99 145 0.030303
100 145 0.030303
107 145 0.030303
112 145 0.030303
113 145 0.030303
114 145 0.030303
115 145 0.030303
116 145 0.030303
118 145 0.030303
121 145 0.030303
124 145 0.030303
133 145 0.030303
137 145 0.030303
144 145 0.030303
149 145 0.030303
151 145 0.030303
171 145 0.030303
178 145 0.030303
189 145 0.030303
0 154 0.030303
13 154 0.030303
14 154 0.030303
20 154 0.030303
24 154 0.030303
30 154 0.030303
32 154 0.030303
36 154 0.030303
41 154 0.030303
42 154 0.030303
48 154 0.030303
50 154 0.030303
57 154 0.030303
66 154 0.030303
77 154 0.030303
81 154 0.030303
88 154 0.030303
89 154 0.030303
93 154 0.030303
101 154 0.030303
108 154 0.030303
114 154 0.030303
116 154 0.030303
119 154 0.030303
132 154 0.030303
135 154 0.030303
140 154 0.030303
159 154 0.030303
160 154 0.030303
162 154 0.030303
171 154 0.030303
178 154 0.030303
185 154 0.030303
0 156 0.037037
9 156 0.037037
10 156 0.037037
30 156 0.037037
32 156 0.037037
35 156 0.037037
42 156 0.037037
65 156 0.037037
68 156 0.037037
69 156 0.037037
75 156 0.037037
86 156 0.037037
88 156 0.037037
121 156 0.037037
128 156 0.037037
129 156 0.037037
130 156 0.037037
136 156 0.037037
140 156 0.037037
143 156 0.037037
146 156 0.037037
149 156 0.037037
165 156 0.037037
174 156 0.037037
185 156 0.037037
187 156 0.037037
188 156 0.037037
0 157 0.03125
1 157 0.03125
2 157 0.03125
7 157 0.03125
15 157 0.03125
19 157 0.03125
20 157 0.03125
22 157 0.03125
24 157 0.03125
28 157 0.03125
35 157 0.03125
55 157 0.03125
56 157 0.03125
73 157 0.03125
76 157 0.03125
81 157 0.03125
84 157 0.03125
91 157 0.03125
95 157 0.03125
97 157 0.03125
102 157 0.03125
106 157 0.03125
120 157 0.03125
133 157 0.03125
139 157 0.03125
158 157 0.03125
163 157 0.03125
165 157 0.03125
175 157 0.03125
183 157 0.03125
190 157 0.03125
192 157 0.03125
0 160 0.033333
1 160 0.033333
7 160 0.033333
8 160 0.033333
14 160 0.033333
21 160 0.033333
23 160 0.033333
26 160 0.033333
27 160 0.033333
55 160 0.033333
63 160 0.033333
74 160 0.033333
78 160 0.033333
88 160 0.033333
89 160 0.033333
90 160 0.033333
92 160 0.033333
100 160 0.033333
111 160 0.033333
120 160 0.033333
126 160 0.033333
131 160 0.033333
141 160 0.033333
143 160 0.033333
147 160 0.033333
153 160 0.033333
154 160 0.033333
159 160 0.033333
179 160 0.033333
184 160 0.033333
0 163 0.035714
4 163 0.035714
8 163 0.035714
10 163 0.035714
22 163 0.035714
25 163 0.035714
31 163 0.035714
40 163 0.035714
42 163 0.035714
55 163 0.035714
57 163 0.035714
71 163 0.035714
80 163 0.035714
84 163 0.035714
85 163 0.035714
88 163 0.035714
110 163 0.035714
119 163 0.035714
121 163 0.035714
133 163 0.035714
135 163 0.035714
136 163 0.035714
138 163 0.035714
144 163 0.035714
157 163 0.035714
159 163 0.035714
164 163 0.035714
189 163 0.035714
0 167 0.025641
6 167 0.025641
11 167 0.025641
13 167 0.025641
16 167 0.025641
19 167 0.025641
20 167 0.025641
24 167 0.025641
30 167 0.025641
34 167 0.025641
35 167 0.025641
40 167 0.025641
43 167 0.025641
50 167 0.025641
58 167 0.025641
66 167 0.025641
72 167 0.025641
83 167 0.025641
85 167 0.025641
97 167 0.025641
98 167 0.025641
105 167 0.025641
106 167 0.025641
110 167 0.025641
114 167 0.025641
117 167 0.025641
119 167 0.025641
125 167 0.025641
133 167 0.025641
146 167 0.025641
147 167 0.025641
150 167 0.025641
155 167 0.025641
170 167 0.025641
174 167 0.025641
177 167 0.025641
178 167 0.025641
188 167 0.025641
189 167 0.025641
0 171 0.029412
1 171 0.029412
14 171 0.029412
18 171 0.029412
22 171 0.029412
33 171 0.029412
35 171 0.029412
43 171 0.029412
48 171 0.029412
51 171 0.029412
54 171 0.029412
70 171 0.029412
75 171 0.029412
83 171 0.029412
86 171 0.029412
101 171 0.029412
105 171 0.029412
106 171 0.029412
113 171 0.029412
114 171 0.029412
123 171 0.029412
127 171 0.029412
129 171 0.029412
136 171 0.029412
140 171 0.029412
145 171 0.029412
153 171 0.029412
154 171 0.029412
162 171 0.029412
164 171 0.029412
166 171 0.029412
179 171 0.029412
180 171 0.029412
192 171 0.029412
0 174 0.025
3 174 0.025
4 174 0.025
10 174 0.025
14 174 0.025
21 174 0.025
25 174 0.025
26 174 0.025
33 174 0.025
35 174 0.025
39 174 0.025
41 174 0.025
44 174 0.025
45 174 0.025
62 174 0.025
63 174 0.025
64 174 0.025
78 174 0.025
94 174 0.025
96 174 0.025
99 174 0.025
101 174 0.025
103 174 0.025
105 174 0.025
108 174 0.025
111 174 0.025
113 174 0.025
118 174 0.025
120 174 0.025
123 174 0.025
129 174 0.025
133 174 0.025
139 174 0.025
146 174 0.025
150 174 0.025
156 174 0.025
167 174 0.025
168 174 0.025
178 174 0.025
187 174 0.025
0 183 0.028571
11 183 0.028571
16 183 0.028571
18 183 0.028571
24 183 0.028571
26 183 0.028571
27 183 0.028571
31 183 0.028571
32 183 0.028571
33 183 0.028571
34 183 0.028571
36 183 0.028571
43 183 0.028571
44 183 0.028571
54 183 0.028571
55 183 0.028571
58 183 0.028571
60 183 0.028571
65 183 0.028571
68 183 0.028571
69 183 0.028571
82 183 0.028571
86 183 0.028571
96 183 0.028571
98 183 0.028571
108 183 0.028571
125 183 0.028571
131 183 0.028571
142 183 0.028571
157 183 0.028571
159 183 0.028571
164 183 0.028571
170 183 0.028571
178 183 0.028571
179 183 0.028571
1 5 0.047619
8 5 0.047619
10 5 0.047619
12 5 0.047619
17 5 0.047619
18 5 0.047619
25 5 0.047619
41 5 0.047619
44 5 0.047619
63 5 0.047619
79 5 0.047619
83 5 0.047619
89 5 0.047619
92 5 0.047619
131 5 0.047619
147 5 0.047619
158 5 0.047619
159 5 0.047619
164 5 0.047619
177 5 0.047619
182 5 0.047619
1 6 0.037037
24 6 0.037037
30 6 0.037037
32 6 0.037037
37 6 0.037037
40 6 0.037037
42 6 0.037037
47 6 0.037037
52 6 0.037037
54 6 0.037037
73 6 0.037037
93 6 0.037037
96 6 0.037037
99 6 0.037037
110 6 0.037037
120 6 0.037037
133 6 0.037037
135 6 0.037037
139 6 0.037037
162 6 0.037037
167 6 0.037037
168 6 0.037037
170 6 0.037037
175 6 0.037037
178 6 0.037037
181 6 0.037037
189 6 0.037037
1 8 0.030303
5 8 0.030303
11 8 0.030303
13 8 0.030303
14 8 0.030303
16 8 0.030303
28 8 0.030303
37 8 0.030303
45 8 0.030303
46 8 0.030303
50 8 0.030303
54 8 0.030303
60 8 0.030303
67 8 0.030303
72 8 0.030303
73 8 0.030303
75 8 0.030303
80 8 0.030303
89 8 0.030303
92 8 0.030303
105 8 0.030303
114 8 0.030303
122 8 0.030303
131 8 0.030303
134 8 0.030303
139 8 0.030303
141 8 0.030303
147 8 0.030303
160 8 0.030303
163 8 0.030303
170 8 0.030303
180 8 0.030303
190 8 0.030303
1 18 0.030303
5 18 0.030303
16 18 0.030303
21 18 0.030303
26 18 0.030303
27 18 0.030303
36 18 0.030303
37 18 0.030303
39 18 0.030303
40 18 0.030303
44 18 0.030303
47 18 0.030303
64 18 0.030303
67 18 0.030303
69 18 0.030303
73 18 0.030303
74 18 0.030303
76 18 0.030303
78 18 0.030303
79 18 0.030303
82 18 0.030303
114 18 0.030303
115 18 0.030303
117 18 0.030303
119 18 0.030303
136 18 0.030303
144 18 0.030303
152 18 0.030303
162 18 0.030303
171 18 0.030303
180 18 0.030303
183 18 0.030303
190 18 0.030303
1 21 0.02439
2 21 0.02439
7 21 0.02439
18 21 0.02439
22 21 0.02439
34 21 0.02439
35 21 0.02439
36 21 0.02439
40 21 0.02439
50 21 0.02439
51 21 0.02439
52 21 0.02439
53 21 0.02439
61 21 0.02439
65 21 0.02439
68 21 0.02439
81 21 0.02439
86 21 0.02439
94 21 0.02439
104 21 0.02439
106 21 0.02439
114 21 0.02439
118 21 0.02439
122 21 0.02439
124 21 0.02439
130 21 0.02439
131 21 0.02439
136 21 0.02439
139 21 0.02439
140 21 0.02439
147 21 0.02439
151 21 0.02439
155 21 0.02439
160 21 0.02439
161 21 0.02439
162 21 0.02439
165 21 0.02439
174 21 0.02439
184 21 0.02439
187 21 0.02439
189 21 0.02439
1 28 0.037037
4 28 0.037037
8 28 0.037037
24 28 0.037037
31 28 0.037037
33 28 0.037037
36 28 0.037037
41 28 0.037037
55 28 0.037037
57 28 0.037037
58 28 0.037037
67 28 0.037037
68 28 0.037037
74 28 0.037037
79 28 0.037037
86 28 0.037037
89 28 0.037037
92 28 0.037037
96 28 0.037037
97 28 0.037037
102 28 0.037037
129 28 0.037037
138 28 0.037037
142 28 0.037037
157 28 0.037037
170 28 0.037037
176 28 0.037037
1 33 0.026316
3 33 0.026316
13 33 0.026316
19 33 0.026316
20 33 0.026316
28 33 0.026316
41 33 0.026316
43 33 0.026316
45 33 0.026316
57 33 0.026316
58 33 0.026316
59 33 0.026316
68 33 0.026316
88 33 0.026316
89 33 0.026316
91 33 0.026316
96 33 0.026316
100 33 0.026316
105 33 0.026316
111 33 0.026316
118 33 0.026316
120 33 0.026316
127 33 0.026316
128 33 0.026316
136 33 0.026316
140 33 0.026316
143 33 0.026316
148 33 0.026316
150 33 0.026316
151 33 0.026316
164 33 0.026316
171 33 0.026316
174 33 0.026316
177 33 0.026316
178 33 0.026316
183 33 0.026316
188 33 0.026316
191 33 0.026316
1 34 0.028571
3 34 0.028571
12 34 0.028571
16 34 0.028571
21 34 0.028571
26 34 0.028571
32 34 0.028571
38 34 0.028571
75 34 0.028571
79 34 0.028571
94 34 0.028571
95 34 0.028571
98 34 0.028571
102 34 0.028571
108 34 0.028571
113 34 0.028571
118 34 0.028571
124 34 0.028571
125 34 0.028571
127 34 0.028571
135 34 0.028571
143 34 0.028571
144 34 0.028571
146 34 0.028571
147 34 0.028571
150 34 0.028571
151 34 0.028571
158 34 0.028571
159 34 0.028571
161 34 0.028571
167 34 0.028571
168 34 0.028571
173 34 0.028571
179 34 0.028571
183 34 0.028571
1 48 0.030303
12 48 0.030303
22 48 0.030303
24 48 0.030303
25 48 0.030303
36 48 0.030303
43 48 0.030303
55 48 0.030303
62 48 0.030303
65 48 0.030303
67 48 0.030303
71 48 0.030303
79 48 0.030303
80 48 0.030303
92 48 0.030303
97 48 0.030303
110 48 0.030303
114 48 0.030303
115 48 0.030303
119 48 0.030303
122 48 0.030303
124 48 0.030303
135 48 0.030303
143 48 0.030303
154 48 0.030303
164 48 0.030303
171 48 0.030303
173 48 0.030303
176 48 0.030303
180 48 0.030303
181 48 0.030303
185 48 0.030303
190 48 0.030303
1 49 0.043478
11 49 0.043478
20 49 0.043478
25 49 0.043478
32 49 0.043478
59 49 0.043478
64 49 0.043478
70 49 0.043478
77 49 0.043478
84 49 0.043478
91 49 0.043478
92 49 0.043478
97 49 0.043478
101 49 0.043478
104 49 0.043478
110 49 0.043478
117 49 0.043478
119 49 0.043478
142 49 0.043478
176 49 0.043478
178 49 0.043478
190 49 0.043478
191 49 0.043478
1 54 0.04
3 54 0.04
4 54 0.04
6 54 0.04
8 54 0.04
20 54 0.04
23 54 0.04
38 54 0.04
65 54 0.04
70 54 0.04
74 54 0.04
78 54 0.04
99 54 0.04
111 54 0.04
119 54 0.04
121 54 0.04
138 54 0.04
148 54 0.04
164 54 0.04
171 54 0.04
177 54 0.04
183 54 0.04
185 54 0.04
186 54 0.04
190 54 0.04
1 66 0.052632
11 66 0.052632
29 66 0.052632
44 66 0.052632
63 66 0.052632
75 66 0.052632
88 66 0.052632
93 66 0.052632
101 66 0.052632
112 66 0.052632
128 66 0.052632
135 66 0.052632
137 66 0.052632
143 66 0.052632
154 66 0.052632
158 66 0.052632
162 66 0.052632
167 66 0.052632
182 66 0.052632
1 69 0.03125
2 69 0.03125
12 69 0.03125
17 69 0.03125
18 69 0.03125
29 69 0.03125
31 69 0.03125
41 69 0.03125
51 69 0.03125
59 69 0.03125
64 69 0.03125
71 69 0.03125
77 69 0.03125
80 69 0.03125
81 69 0.03125
86 69 0.03125
93 69 0.03125
99 69 0.03125
104 69 0.03125
134 69 0.03125
137 69 0.03125
139 69 0.03125
140 69 0.03125
142 69 0.03125
143 69 0.03125
151 69 0.03125
155 69 0.03125
156 69 0.03125
172 69 0.03125
176 69 0.03125
182 69 0.03125
183 69 0.03125
1 94 0.03125
2 94 0.03125
12 94 0.03125
21 94 0.03125
22 94 0.03125
27 94 0.03125
29 94 0.03125
34 94 0.03125
45 94 0.03125
55 94 0.03125
60 94 0.03125
67 94 0.03125
68 94 0.03125
73 94 0.03125
75 94 0.03125
76 94 0.03125
78 94 0.03125
82 94 0.03125
90 94 0.03125
105 94 0.03125
106 94 0.03125
109 94 0.03125
113 94 0.03125
115 94 0.03125
126 94 0.03125
158 94 0.03125
161 94 0.03125
166 94 0.03125
174 94 0.03125
177 94 0.03125
184 94 0.03125
192 94 0.03125
1 116 0.037037
2 116 0.037037
23 116 0.037037
27 116 0.037037
30 116 0.037037
44 116 0.037037
65 116 0.037037
68 116 0.037037
72 116 0.037037
104 116 0.037037
109 116 0.037037
111 116 0.037037
113 116 0.037037
119 116 0.037037
135 116 0.037037
136 116 0.037037
145 116 0.037037
147 116 0.037037
154 116 0.037037
165 116 0.037037
169 116 0.037037
173 116 0.037037
181 116 0.037037
185 116 0.037037
186 116 0.037037
187 116 0.037037
192 116 0.037037
1 118 0.027027
15 118 0.027027
17 118 0.027027
19 118 0.027027
21 118 0.027027
23 118 0.027027
25 118 0.027027
27 118 0.027027
33 118 0.027027
34 118 0.027027
43 118 0.027027
46 118 0.027027
52 118 0.027027
60 118 0.027027
61 118 0.027027
65 118 0.027027
71 118 0.027027
73 118 0.027027
74 118 0.027027
76 118 0.027027
80 118 0.027027
95 118 0.027027
98 118 0.027027
110 118 0.027027
113 118 0.027027
117 118 0.027027
123 118 0.027027
124 118 0.027027
126 118 0.027027
135 118 0.027027
136 118 0.027027
144 118 0.027027
145 118 0.027027
149 118 0.027027
174 118 0.027027
177 118 0.027027
190 118 0.027027
1 131 0.035714
2 131 0.035714
5 131 0.035714
8 131 0.035714
10 131 0.035714
13 131 0.035714
20 131 0.035714
21 131 0.035714
24 131 0.035714
35 131 0.035714
45 131 0.035714
52 131 0.035714
55 131 0.035714
73 131 0.035714
75 131 0.035714
85 131 0.035714
92 131 0.035714
93 131 0.035714
95 131 0.035714
96 131 0.035714
101 131 0.035714
103 131 0.035714
117 131 0.035714
160 131 0.035714
181 131 0.035714
182 131 0.035714
183 131 0.035714
185 131 0.035714
1 148 0.037037
10 148 0.037037
13 148 0.037037
15 148 0.037037
22 148 0.037037
25 148 0.037037
29 148 0.037037
33 148 0.037037
41 148 0.037037
54 148 0.037037
59 148 0.037037
63 148 0.037037
81 148 0.037037
88 148 0.037037
96 148 0.037037
103 148 0.037037
107 148 0.037037
132 148 0.037037
136 148 0.037037
150 148 0.037037
151 148 0.037037
153 148 0.037037
158 148 0.037037
172 148 0.037037
181 148 0.037037
188 148 0.037037
192 148 0.037037
1 151 0.034483
15 151 0.034483
21 151 0.034483
25 151 0.034483
30 151 0.034483
33 151 0.034483
34 151 0.034483
55 151 0.034483
67 151 0.034483
69 151 0.034483
72 151 0.034483
74 151 0.034483
77 151 0.034483
85 151 0.034483
92 151 0.034483
101 151 0.034483
126 151 0.034483
130 151 0.034483
136 151 0.034483
138 151 0.034483
145 151 0.034483
148 151 0.034483
149 151 0.034483
162 151 0.034483
166 151 0.034483
185 151 0.034483
188 151 0.034483
189 151 0.034483
192 151 0.034483
1 162 0.03125
6 162 0.03125
9 162 0.03125
13 162 0.03125
16 162 0.03125
18 162 0.03125
19 162 0.03125
20 162 0.03125
21 162 0.03125
24 162 0.03125
31 162 0.03125
37 162 0.03125
38 162 0.03125
39 162 0.03125
43 162 0.03125
47 162 0.03125
60 162 0.03125
61 162 0.03125
62 162 0.03125
66 162 0.03125
68 162 0.03125
72 162 0.03125
75 162 0.03125
108 162 0.03125
117 162 0.03125
130 162 0.03125
138 162 0.03125
139 162 0.03125
140 162 0.03125
151 162 0.03125
154 162 0.03125
171 162 0.03125
1 169 0.038462
15 169 0.038462
16 169 0.038462
26 169 0.038462
27 169 0.038462
40 169 0.038462
45 169 0.038462
52 169 0.038462
64 169 0.038462
67 169 0.038462
77 169 0.038462
80 169 0.038462
82 169 0.038462
107 169 0.038462
110 169 0.038462
114 169 0.038462
116 169 0.038462
119 169 0.038462
126 169 0.038462
128 169 0.038462
149 169 0.038462
150 169 0.038462
170 169 0.038462
176 169 0.038462
177 169 0.038462
185 169 0.038462
1 180 0.045455
8 180 0.045455
18 180 0.045455
29 180 0.045455
32 180 0.045455
45 180 0.045455
46 180 0.045455
48 180 0.045455
59 180 0.045455
70 180 0.045455
86 180 0.045455
99 180 0.045455
112 180 0.045455
113 180 0.045455
123 180 0.045455
124 180 0.045455
127 180 0.045455
128 180 0.045455
132 180 0.045455
149 180 0.045455
171 180 0.045455
173 180 0.045455
1 182 0.03125
2 182 0.03125
4 182 0.03125
5 182 0.03125
23 182 0.03125
31 182 0.03125
40 182 0.03125
41 182 0.03125
51 182 0.03125
66 182 0.03125
68 182 0.03125
69 182 0.03125
78 182 0.03125
80 182 0.03125
81 182 0.03125
85 182 0.03125
95 182 0.03125
96 182 0.03125
97 182 0.03125
103 182 0.03125
104 182 0.03125
112 182 0.03125
119 182 0.03125
131 182 0.03125
132 182 0.03125
143 182 0.03125
146 182 0.03125
161 182 0.03125
165 182 0.03125
177 182 0.03125
181 182 0.03125
189 182 0.03125
1 188 0.03125
9 188 0.03125
10 188 0.03125
11 188 0.03125
25 188 0.03125
30 188 0.03125
33 188 0.03125
36 188 0.03125
38 188 0.03125
55 188 0.03125
60 188 0.03125
67 188 0.03125
70 188 0.03125
76 188 0.03125
78 188 0.03125
81 188 0.03125
96 188 0.03125
99 188 0.03125
101 188 0.03125
103 188 0.03125
119 188 0.03125
120 188 0.03125
123 188 0.03125
124 188 0.03125
134 188 0.03125
139 188 0.03125
142 188 0.03125
148 188 0.03125
151 188 0.03125
156 188 0.03125
167 188 0.03125
186 188 0.03125
2 17 0.032258
3 17 0.032258
5 17 0.032258
15 17 0.032258
19 17 0.032258
24 17 0.032258
30 17 0.032258
43 17 0.032258
55 17 0.032258
57 17 0.032258
60 17 0.032258
65 17 0.032258
68 17 0.032258
69 17 0.032258
79 17 0.032258
80 17 0.032258
83 17 0.032258
85 17 0.032258
99 17 0.032258
106 17 0.032258
110 17 0.032258
118 17 0.032258
123 17 0.032258
128 17 0.032258
130 17 0.032258
138 17 0.032258
141 17 0.032258
177 17 0.032258
184 17 0.032258
185 17 0.032258
186 17 0.032258
2 26 0.027778
4 26 0.027778
11 26 0.027778
16 26 0.027778
18 26 0.027778
19 26 0.027778
22 26 0.027778
34 26 0.027778
51 26 0.027778
53 26 0.027778
63 26 0.027778
82 26 0.027778
84 26 0.027778
85 26 0.027778
92 26 0.027778
100 26 0.027778
108 26 0.027778
110 26 0.027778
112 26 0.027778
122 26 0.027778
123 26 0.027778
127 26 0.027778
138 26 0.027778
141 26 0.027778
143 26 0.027778
147 26 0.027778
149 26 0.027778
152 26 0.027778
159 26 0.027778
160 26 0.027778
169 26 0.027778
172 26 0.027778
174 26 0.027778
183 26 0.027778
185 26 0.027778
189 26 0.027778
2 32 0.027778
6 32 0.027778
19 32 0.027778
30 32 0.027778
34 32 0.027778
35 32 0.027778
42 32 0.027778
43 32 0.027778
49 32 0.027778
50 32 0.027778
62 32 0.027778
64 32 0.027778
67 32 0.027778
71 32 0.027778
80 32 0.027778
82 32 0.027778
97 32 0.027778
99 32 0.027778
100 32 0.027778
106 32 0.027778
117 32 0.027778
125 32 0.027778
126 32 0.027778
139 32 0.027778
147 32 0.027778
153 32 0.027778
154 32 0.027778
155 32 0.027778
156 32 0.027778
164 32 0.027778
173 32 0.027778
175 32 0.027778
180 32 0.027778
183 32 0.027778
185 32 0.027778
190 32 0.027778
2 51 0.037037
10 51 0.037037
15 51 0.037037
21 51 0.037037
26 51 0.037037
31 51 0.037037
36 51 0.037037
42 51 0.037037
50 51 0.037037
57 51 0.037037
69 51 0.037037
80 51 0.037037
81 51 0.037037
85 51 0.037037
88 51 0.037037
93 51 0.037037
101 51 0.037037
120 51 0.037037
128 51 0.037037
145 51 0.037037
165 51 0.037037
168 51 0.037037
170 51 0.037037
171 51 0.037037
175 51 0.037037
177 51 0.037037
182 51 0.037037
2 58 0.033333
9 58 0.033333
10 58 0.033333
20 58 0.033333
24 58 0.033333
28 58 0.033333
33 58 0.033333
37 58 0.033333
40 58 0.033333
42 58 0.033333
43 58 0.033333
55 58 0.033333
61 58 0.033333
62 58 0.033333
65 58 0.033333
68 58 0.033333
81 58 0.033333
83 58 0.033333
96 58 0.033333
104 58 0.033333
105 58 0.033333
122 58 0.033333
137 58 0.033333
149 58 0.033333
158 58 0.033333
167 58 0.033333
172 58 0.033333
177 58 0.033333
179 58 0.033333
183 58 0.033333
2 59 0.033333
4 59 0.033333
15 59 0.033333
33 59 0.033333
35 59 0.033333
42 59 0.033333
49 59 0.033333
63 59 0.033333
69 59 0.033333
71 59 0.033333
80 59 0.033333
83 59 0.033333
91 59 0.033333
96 59 0.033333
98 59 0.033333
100 59 0.033333
109 59 0.033333
111 59 0.033333
113 59 0.033333
117 59 0.033333
134 59 0.033333
141 59 0.033333
142 59 0.033333
148 59 0.033333
159 59 0.033333
161 59 0.033333
166 59 0.033333
175 59 0.033333
180 59 0.033333
184 59 0.033333
2 61 0.032258
14 61 0.032258
21 61 0.032258
40 61 0.032258
58 61 0.032258
64 61 0.032258
67 61 0.032258
80 61 0.032258
82 61 0.032258
85 61 0.032258
86 61 0.032258
98 61 0.032258
105 61 0.032258
107 61 0.032258
110 61 0.032258
118 61 0.032258
120 61 0.032258
121 61 0.032258
126 61 0.032258
127 61 0.032258
132 61 0.032258
137 61 0.032258
149 61 0.032258
152 61 0.032258
158 61 0.032258
162 61 0.032258
166 61 0.032258
173 61 0.032258
175 61 0.032258
191 61 0.032258
192 61 0.032258
2 75 0.03125
4 75 0.03125
7 75 0.03125
8 75 0.03125
10 75 0.03125
16 75 0.03125
22 75 0.03125
23 75 0.03125
30 75 0.03125
34 75 0.03125
38 75 0.03125
62 75 0.03125
63 75 0.03125
66 75 0.03125
70 75 0.03125
74 75 0.03125
82 75 0.03125
83 75 0.03125
92 75 0.03125
94 75 0.03125
101 75 0.03125
105 75 0.03125
131 75 0.03125
152 75 0.03125
156 75 0.03125
162 75 0.03125
164 75 0.03125
166 75 0.03125
170 75 0.03125
171 75 0.03125
175 75 0.03125
177 75 0.03125
2 79 0.035714
5 79 0.035714
17 79 0.035714
18 79 0.035714
28 79 0.035714
34 79 0.035714
35 79 0.035714
37 79 0.035714
38 79 0.035714
46 79 0.035714
48 79 0.035714
67 79 0.035714
83 79 0.035714
84 79 0.035714
90 79 0.035714
98 79 0.035714
103 79 0.035714
110 79 0.035714
117 79 0.035714
120 79 0.035714
143 79 0.035714
147 79 0.035714
150 79 0.035714
177 79 0.035714
184 79 0.035714
187 79 0.035714
189 79 0.035714
190 79 0.035714
2 80 0.030303
8 80 0.030303
13 80 0.030303
17 80 0.030303
32 80 0.030303
48 80 0.030303
51 80 0.030303
53 80 0.030303
59 80 0.030303
60 80 0.030303
61 80 0.030303
63 80 0.030303
67 80 0.030303
69 80 0.030303
88 80 0.030303
92 80 0.030303
118 80 0.030303
125 80 0.030303
127 80 0.030303
141 80 0.030303
142 80 0.030303
144 80 0.030303
145 80 0.030303
153 80 0.030303
163 80 0.030303
165 80 0.030303
169 80 0.030303
172 80 0.030303
176 80 0.030303
182 80 0.030303
184 80 0.030303
190 80 0.030303
192 80 0.030303
2 84 0.041667
9 84 0.041667
19 84 0.041667
24 84 0.041667
26 84 0.041667
45 84 0.041667
49 84 0.041667
63 84 0.041667
68 84 0.041667
70 84 0.041667
71 84 0.041667
79 84 0.041667
96 84 0.041667
113 84 0.041667
134 84 0.041667
136 84 0.041667
140 84 0.041667
143 84 0.041667
144 84 0.041667
157 84 0.041667
163 84 0.041667
164 84 0.041667
170 84 0.041667
184 84 0.041667
2 101 0.03125
19 101 0.03125
24 101 0.03125
31 101 0.03125
47 101 0.03125
49 101 0.03125
51 101 0.03125
57 101 0.03125
66 101 0.03125
71 101 0.03125
75 101 0.03125
76 101 0.03125
77 101 0.03125
100 101 0.03125
102 101 0.03125
104 101 0.03125
106 101 0.03125
111 101 0.03125
123 101 0.03125
131 101 0.03125
134 101 0.03125
136 101 0.03125
151 101 0.03125
154 101 0.03125
166 101 0.03125
171 101 0.03125
174 101 0.03125
175 101 0.03125
186 101 0.03125
188 101 0.03125
190 101 0.03125
192 101 0.03125
2 106 0.033333
17 106 0.033333
21 106 0.033333
32 106 0.033333
36 106 0.033333
42 106 0.033333
56 106 0.033333
63 106 0.033333
70 106 0.033333
72 106 0.033333
78 106 0.033333
92 106 0.033333
94 106 0.033333
101 106 0.033333
110 106 0.033333
112 106 0.033333
123 106 0.033333
126 106 0.033333
136 106 0.033333
139 106 0.033333
149 106 0.033333
150 106 0.033333
157 106 0.033333
164 106 0.033333
166 106 0.033333
167 106 0.033333
168 106 0.033333
171 106 0.033333
172 106 0.033333
186 106 0.033333
2 150 0.037037
16 150 0.037037
19 150 0.037037
33 150 0.037037
34 150 0.037037
53 150 0.037037
57 150 0.037037
62 150 0.037037
79 150 0.037037
81 150 0.037037
100 150 0.037037
104 150 0.037037
106 150 0.037037
110 150 0.037037
139 150 0.037037
147 150 0.037037
148 150 0.037037
155 150 0.037037
159 150 0.037037
166 150 0.037037
167 150 0.037037
169 150 0.037037
172 150 0.037037
173 150 0.037037
174 150 0.037037
179 150 0.037037
190 150 0.037037
2 161 0.032258
7 161 0.032258
15 161 0.032258
20 161 0.032258
21 161 0.032258
27 161 0.032258
29 161 0.032258
30 161 0.032258
34 161 0.032258
38 161 0.032258
44 161 0.032258
59 161 0.032258
90 161 0.032258
94 161 0.032258
95 161 0.032258
98 161 0.032258
107 161 0.032258
111 161 0.032258
117 161 0.032258
123 161 0.032258
134 161 0.032258
135 161 0.032258
144 161 0.032258
149 161 0.032258
158 161 0.032258
170 161 0.032258
176 161 0.032258
177 161 0.032258
179 161 0.032258
182 161 0.032258
187 161 0.032258
2 165 0.030303
15 165 0.030303
21 165 0.030303
25 165 0.030303
39 165 0.030303
43 165 0.030303
51 165 0.030303
64 165 0.030303
80 165 0.030303
95 165 0.030303
97 165 0.030303
98 165 0.030303
113 165 0.030303
116 165 0.030303
121 165 0.030303
123 165 0.030303
124 165 0.030303
135 165 0.030303
136 165 0.030303
138 165 0.030303
140 165 0.030303
142 165 0.030303
144 165 0.030303
153 165 0.030303
156 165 0.030303
157 165 0.030303
172 165 0.030303
173 165 0.030303
179 165 0.030303
181 165 0.030303
182 165 0.030303
185 165 0.030303
190 165 0.030303
2 181 0.05
6 181 0.05
10 181 0.05
25 181 0.05
36 181 0.05
48 181 0.05
50 181 0.05
71 181 0.05
102 181 0.05
116 181 0.05
117 181 0.05
120 181 0.05
131 181 0.05
146 181 0.05
147 181 0.05
148 181 0.05
165 181 0.05
173 181 0.05
182 181 0.05
185 181 0.05
3 7 0.035714
12 7 0.035714
21 7 0.035714
22 7 0.035714
25 7 0.035714
27 7 0.035714
35 7 0.035714
56 7 0.035714
64 7 0.035714
70 7 0.035714
74 7 0.035714
75 7 0.035714
76 7 0.035714
77 7 0.035714
86 7 0.035714
114 7 0.035714
115 7 0.035714
127 7 0.035714
128 7 0.035714
129 7 0.035714
136 7 0.035714
137 7 0.035714
155 7 0.035714
157 7 0.035714
160 7 0.035714
161 7 0.035714
166 7 0.035714
192 7 0.035714
3 9 0.03125
11 9 0.03125
12 9 0.03125
16 9 0.03125
24 9 0.03125
27 9 0.03125
36 9 0.03125
40 9 0.03125
58 9 0.03125
62 9 0.03125
65 9 0.03125
81 9 0.03125
82 9 0.03125
84 9 0.03125
96 9 0.03125
100 9 0.03125
103 9 0.03125
117 9 0.03125
122 9 0.03125
127 9 0.03125
132 9 0.03125
136 9 0.03125
143 9 0.03125
145 9 0.03125
147 9 0.03125
149 9 0.03125
156 9 0.03125
162 9 0.03125
168 9 0.03125
173 9 0.03125
188 9 0.03125
192 9 0.03125
3 12 0.03125
5 12 0.03125
7 12 0.03125
9 12 0.03125
13 12 0.03125
20 12 0.03125
31 12 0.03125
34 12 0.03125
42 12 0.03125
43 12 0.03125
45 12 0.03125
48 12 0.03125
53 12 0.03125
64 12 0.03125
67 12 0.03125
69 12 0.03125
74 12 0.03125
78 12 0.03125
88 12 0.03125
93 12 0.03125
94 12 0.03125
96 12 0.03125
97 12 0.03125
98 12 0.03125
107 12 0.03125
135 12 0.03125
140 12 0.03125
141 12 0.03125
149 12 0.03125
152 12 0.03125
155 12 0.03125
190 12 0.03125
3 30 0.032258
6 30 0.032258
10 30 0.032258
14 30 0.032258
17 30 0.032258
25 30 0.032258
32 30 0.032258
36 30 0.032258
38 30 0.032258
41 30 0.032258
46 30 0.032258
53 30 0.032258
64 30 0.032258
70 30 0.032258
75 30 0.032258
76 30 0.032258
77 30 0.032258
88 30 0.032258
98 30 0.032258
116 30 0.032258
132 30 0.032258
139 30 0.032258
141 30 0.032258
151 30 0.032258
154 30 0.032258
155 30 0.032258
156 30 0.032258
161 30 0.032258
167 30 0.032258
168 30 0.032258
188 30 0.032258
3 39 0.05
16 39 0.05
18 39 0.05
24 39 0.05
42 39 0.05
57 39 0.05
63 39 0.05
77 39 0.05
82 39 0.05
108 39 0.05
111 39 0.05
121 39 0.05
128 39 0.05
137 39 0.05
159 39 0.05
162 39 0.05
165 39 0.05
168 39 0.05
173 39 0.05
174 39 0.05
3 47 0.038462
6 47 0.038462
18 47 0.038462
41 47 0.038462
52 47 0.038462
60 47 0.038462
63 47 0.038462
67 47 0.038462
78 47 0.038462
85 47 0.038462
90 47 0.038462
96 47 0.038462
101 47 0.038462
105 47 0.038462
109 47 0.038462
115 47 0.038462
123 47 0.038462
127 47 0.038462
134 47 0.038462
145 47 0.038462
155 47 0.038462
158 47 0.038462
162 47 0.038462
179 47 0.038462
185 47 0.038462
190 47 0.038462
3 57 0.034483
4 57 0.034483
17 57 0.034483
28 57 0.034483
33 57 0.034483
39 57 0.034483
51 57 0.034483
60 57 0.034483
62 57 0.034483
73 57 0.034483
77 57 0.034483
83 57 0.034483
87 57 0.034483
88 57 0.034483
96 57 0.034483
101 57 0.034483
103 57 0.034483
107 57 0.034483
126 57 0.034483
140 57 0.034483
143 57 0.034483
146 57 0.034483
147 57 0.034483
149 57 0.034483
150 57 0.034483
152 57 0.034483
154 57 0.034483
163 57 0.034483
179 57 0.034483
3 91 0.04
13 91 0.04
31 91 0.04
33 91 0.04
37 91 0.04
49 91 0.04
52 91 0.04
59 91 0.04
81 91 0.04
83 91 0.04
113 91 0.04
122 91 0.04
123 91 0.04
133 91 0.04
137 91 0.04
140 91 0.04
141 91 0.04
143 91 0.04
144 91 0.04
146 91 0.04
149 91 0.04
157 91 0.04
172 91 0.04
177 91 0.04
178 91 0.04
3 102 0.045455
13 102 0.045455
16 102 0.045455
27 102 0.045455
28 102 0.045455
31 102 0.045455
34 102 0.045455
60 102 0.045455
64 102 0.045455
95 102 0.045455
96 102 0.045455
101 102 0.045455
107 102 0.045455
111 102 0.045455
123 102 0.045455
132 102 0.045455
142 102 0.045455
144 102 0.045455
157 102 0.045455
159 102 0.045455
181 102 0.045455
186 102 0.045455
3 103 0.03125
9 103 0.03125
10 103 0.03125
11 103 0.03125
13 103 0.03125
19 103 0.03125
25 103 0.03125
52 103 0.03125
57 103 0.03125
68 103 0.03125
74 103 0.03125
79 103 0.03125
86 103 0.03125
88 103 0.03125
89 103 0.03125
90 103 0.03125
109 103 0.03125
112 103 0.03125
113 103 0.03125
127 103 0.03125
131 103 0.03125
138 103 0.03125
141 103 0.03125
148 103 0.03125
172 103 0.03125
174 103 0.03125
175 103 0.03125
179 103 0.03125
182 103 0.03125
185 103 0.03125
188 103 0.03125
192 103 0.03125
3 114 0.032258
7 114 0.032258
8 114 0.032258
18 114 0.032258
21 114 0.032258
35 114 0.032258
36 114 0.032258
48 114 0.032258
52 114 0.032258
97 114 0.032258
99 114 0.032258
105 114 0.032258
107 114 0.032258
113 114 0.032258
121 114 0.032258
122 114 0.032258
123 114 0.032258
128 114 0.032258
139 114 0.032258
140 114 0.032258
144 114 0.032258
145 114 0.032258
146 114 0.032258
147 114 0.032258
154 114 0.032258
167 114 0.032258
169 114 0.032258
171 114 0.032258
184 114 0.032258
187 114 0.032258
191 114 0.032258
3 121 0.037037
4 121 0.037037
13 121 0.037037
19 121 0.037037
27 121 0.037037
31 121 0.037037
39 121 0.037037
54 121 0.037037
61 121 0.037037
72 121 0.037037
93 121 0.037037
97 121 0.037037
114 121 0.037037
117 121 0.037037
122 121 0.037037
125 121 0.037037
135 121 0.037037
137 121 0.037037
145 121 0.037037
149 121 0.037037
156 121 0.037037
163 121 0.037037
164 121 0.037037
165 121 0.037037
176 121 0.037037
184 121 0.037037
191 121 0.037037
3 126 0.037037
16 126 0.037037
19 126 0.037037
24 126 0.037037
32 126 0.037037
35 126 0.037037
44 126 0.037037
56 126 0.037037
57 126 0.037037
61 126 0.037037
72 126 0.037037
82 126 0.037037
94 126 0.037037
98 126 0.037037
106 126 0.037037
118 126 0.037037
122 126 0.037037
137 126 0.037037
142 126 0.037037
143 126 0.037037
151 126 0.037037
158 126 0.037037
160 126 0.037037
169 126 0.037037
177 126 0.037037
179 126 0.037037
190 126 0.037037
3 138 0.03125
14 138 0.03125
17 138 0.03125
26 138 0.03125
27 138 0.03125
28 138 0.03125
36 138 0.03125
42 138 0.03125
54 138 0.03125
68 138 0.03125
83 138 0.03125
86 138 0.03125
92 138 0.03125
100 138 0.03125
103 138 0.03125
108 138 0.03125
123 138 0.03125
125 138 0.03125
129 138 0.03125
132 138 0.03125
135 138 0.03125
141 138 0.03125
146 138 0.03125
151 138 0.03125
162 138 0.03125
163 138 0.03125
165 138 0.03125
168 138 0.03125
179 138 0.03125
184 138 0.03125
187 138 0.03125
192 138 0.03125
3 140 0.030303
12 140 0.030303
21 140 0.030303
22 140 0.030303
33 140 0.030303
40 140 0.030303
41 140 0.030303
46 140 0.030303
57 140 0.030303
64 140 0.030303
65 140 0.030303
69 140 0.030303
76 140 0.030303
77 140 0.030303
84 140 0.030303
85 140 0.030303
88 140 0.030303
90 140 0.030303
91 140 0.030303
96 140 0.030303
108 140 0.030303
114 140 0.030303
137 140 0.030303
154 140 0.030303
156 140 0.030303
162 140 0.030303
165 140 0.030303
171 140 0.030303
175 140 0.030303
178 140 0.030303
179 140 0.030303
185 140 0.030303
187 140 0.030303
3 147 0.025641
5 147 0.025641
8 147 0.025641
9 147 0.025641
10 147 0.025641
21 147 0.025641
26 147 0.025641
31 147 0.025641
32 147 0.025641
34 147 0.025641
45 147 0.025641
57 147 0.025641
62 147 0.025641
65 147 0.025641
68 147 0.025641
72 147 0.025641
73 147 0.025641
74 147 0.025641
76 147 0.025641
77 147 0.025641
79 147 0.025641
88 147 0.025641
108 147 0.025641
112 147 0.025641
114 147 0.025641
116 147 0.025641
123 147 0.025641
137 147 0.025641
139 147 0.025641
141 147 0.025641
143 147 0.025641
149 147 0.025641
150 147 0.025641
160 147 0.025641
164 147 0.025641
167 147 0.025641
170 147 0.025641
181 147 0.025641
192 147 0.025641
3 164 0.027778
4 164 0.027778
5 164 0.027778
19 164 0.027778
20 164 0.027778
29 164 0.027778
32 164 0.027778
33 164 0.027778
37 164 0.027778
44 164 0.027778
45 164 0.027778
48 164 0.027778
52 164 0.027778
54 164 0.027778
56 164 0.027778
67 164 0.027778
74 164 0.027778
75 164 0.027778
84 164 0.027778
93 164 0.027778
105 164 0.027778
106 164 0.027778
121 164 0.027778
129 164 0.027778
133 164 0.027778
139 164 0.027778
147 164 0.027778
152 164 0.027778
163 164 0.027778
171 164 0.027778
172 164 0.027778
178 164 0.027778
179 164 0.027778
183 164 0.027778
184 164 0.027778
186 164 0.027778
3 173 0.029412
4 173 0.029412
9 173 0.029412
11 173 0.029412
13 173 0.029412
19 173 0.029412
32 173 0.029412
34 173 0.029412
37 173 0.029412
39 173 0.029412
48 173 0.029412
55 173 0.029412
61 173 0.029412
67 173 0.029412
74 173 0.029412
81 173 0.029412
88 173 0.029412
89 173 0.029412
90 173 0.029412
97 173 0.029412
116 173 0.029412
124 173 0.029412
127 173 0.029412
133 173 0.029412
141 173 0.029412
149 173 0.029412
150 173 0.029412
159 173 0.029412
165 173 0.029412
166 173 0.029412
178 173 0.029412
180 173 0.029412
181 173 0.029412
191 173 0.029412
3 192 0.028571
7 192 0.028571
9 192 0.028571
19 192 0.028571
35 192 0.028571
40 192 0.028571
45 192 0.028571
46 192 0.028571
61 192 0.028571
67 192 0.028571
73 192 0.028571
80 192 0.028571
90 192 0.028571
94 192 0.028571
99 192 0.028571
100 192 0.028571
101 192 0.028571
103 192 0.028571
112 192 0.028571
113 192 0.028571
116 192 0.028571
119 192 0.028571
130 192 0.028571
132 192 0.028571
136 192 0.028571
138 192 0.028571
142 192 0.028571
143 192 0.028571
147 192 0.028571
148 192 0.028571
151 192 0.028571
157 192 0.028571
171 192 0.028571
185 192 0.028571
191 192 0.028571
4 13 0.028571
8 13 0.028571
12 13 0.028571
14 13 0.028571
23 13 0.028571
25 13 0.028571
33 13 0.028571
41 13 0.028571
42 13 0.028571
63 13 0.028571
80 13 0.028571
82 13 0.028571
87 13 0.028571
88 13 0.028571
91 13 0.028571
93 13 0.028571
100 13 0.028571
102 13 0.028571
103 13 0.028571
107 13 0.028571
109 13 0.028571
115 13 0.028571
121 13 0.028571
131 13 0.028571
133 13 0.028571
139 13 0.028571
144 13 0.028571
148 13 0.028571
154 13 0.028571
159 13 0.028571
162 13 0.028571
167 13 0.028571
173 13 0.028571
179 13 0.028571
191 13 0.028571
4 46 0.032258
8 46 0.032258
10 46 0.032258
11 46 0.032258
29 46 0.032258
30 46 0.032258
35 46 0.032258
41 46 0.032258
45 46 0.032258
62 46 0.032258
74 46 0.032258
77 46 0.032258
78 46 0.032258
79 46 0.032258
82 46 0.032258
92 46 0.032258
105 46 0.032258
112 46 0.032258
113 46 0.032258
115 46 0.032258
118 46 0.032258
130 46 0.032258
133 46 0.032258
135 46 0.032258
140 46 0.032258
153 46 0.032258
155 46 0.032258
170 46 0.032258
176 46 0.032258
180 46 0.032258
192 46 0.032258
4 60 0.03125
8 60 0.03125
16 60 0.03125
17 60 0.03125
19 60 0.03125
20 60 0.03125
29 60 0.03125
35 60 0.03125
36 60 0.03125
40 60 0.03125
44 60 0.03125
47 60 0.03125
55 60 0.03125
57 60 0.03125
63 60 0.03125
70 60 0.03125
80 60 0.03125
86 60 0.03125
94 60 0.03125
102 60 0.03125
118 60 0.03125
125 60 0.03125
133 60 0.03125
143 60 0.03125
155 60 0.03125
158 60 0.03125
162 60 0.03125
166 60 0.03125
170 60 0.03125
179 60 0.03125
183 60 0.03125
188 60 0.03125
4 62 0.032258
9 62 0.032258
11 62 0.032258
16 62 0.032258
29 62 0.032258
32 62 0.032258
43 62 0.032258
46 62 0.032258
48 62 0.032258
57 62 0.032258
58 62 0.032258
71 62 0.032258
75 62 0.032258
83 62 0.032258
95 62 0.032258
99 62 0.032258
107 62 0.032258
120 62 0.032258
125 62 0.032258
133 62 0.032258
141 62 0.032258
144 62 0.032258
147 62 0.032258
150 62 0.032258
153 62 0.032258
159 62 0.032258
162 62 0.032258
174 62 0.032258
189 62 0.032258
190 62 0.032258
191 62 0.032258
4 81 0.04
9 81 0.04
14 81 0.04
20 81 0.04
21 81 0.04
51 81 0.04
58 81 0.04
63 81 0.04
67 81 0.04
69 81 0.04
77 81 0.04
88 81 0.04
91 81 0.04
104 81 0.04
134 81 0.04
136 81 0.04
139 81 0.04
148 81 0.04
150 81 0.04
152 81 0.04
154 81 0.04
157 81 0.04
173 81 0.04
182 81 0.04
188 81 0.04
4 95 0.05
34 95 0.05
40 95 0.05
62 95 0.05
70 95 0.05
98 95 0.05
102 95 0.05
117 95 0.05
118 95 0.05
120 95 0.05
124 95 0.05
131 95 0.05
134 95 0.05
139 95 0.05
145 95 0.05
157 95 0.05
161 95 0.05
165 95 0.05
168 95 0.05
182 95 0.05
4 110 0.034483
6 110 0.034483
17 110 0.034483
22 110 0.034483
26 110 0.034483
48 110 0.034483
49 110 0.034483
61 110 0.034483
65 110 0.034483
77 110 0.034483
79 110 0.034483
93 110 0.034483
98 110 0.034483
99 110 0.034483
100 110 0.034483
106 110 0.034483
109 110 0.034483
113 110 0.034483
115 110 0.034483
118 110 0.034483
130 110 0.034483
143 110 0.034483
146 110 0.034483
150 110 0.034483
163 110 0.034483
167 110 0.034483
169 110 0.034483
177 110 0.034483
190 110 0.034483
4 139 0.026316
6 139 0.026316
8 139 0.026316
13 139 0.026316
15 139 0.026316
20 139 0.026316
21 139 0.026316
30 139 0.026316
32 139 0.026316
35 139 0.026316
37 139 0.026316
40 139 0.026316
68 139 0.026316
69 139 0.026316
70 139 0.026316
73 139 0.026316
81 139 0.026316
95 139 0.026316
106 139 0.026316
114 139 0.026316
117 139 0.026316
125 139 0.026316
127 139 0.026316
128 139 0.026316
141 139 0.026316
146 139 0.026316
147 139 0.026316
149 139 0.026316
150 139 0.026316
152 139 0.026316
157 139 0.026316
159 139 0.026316
162 139 0.026316
164 139 0.026316
170 139 0.026316
174 139 0.026316
188 139 0.026316
191 139 0.026316
4 149 0.028571
9 149 0.028571
11 149 0.028571
12 149 0.028571
15 149 0.028571
26 149 0.028571
31 149 0.028571
55 149 0.028571
57 149 0.028571
58 149 0.028571
61 149 0.028571
67 149 0.028571
68 149 0.028571
77 149 0.028571
90 149 0.028571
91 149 0.028571
105 149 0.028571
106 149 0.028571
112 149 0.028571
118 149 0.028571
120 149 0.028571
121 149 0.028571
124 149 0.028571
125 149 0.028571
133 149 0.028571
139 149 0.028571
145 149 0.028571
147 149 0.028571
151 149 0.028571
156 149 0.028571
161 149 0.028571
166 149 0.028571
169 149 0.028571
173 149 0.028571
180 149 0.028571
4 178 0.035714
6 178 0.035714
19 178 0.035714
20 178 0.035714
33 178 0.035714
35 178 0.035714
36 178 0.035714
49 178 0.035714
52 178 0.035714
65 178 0.035714
76 178 0.035714
85 178 0.035714
86 178 0.035714
90 178 0.035714
91 178 0.035714
119 178 0.035714
128 178 0.035714
133 178 0.035714
135 178 0.035714
140 178 0.035714
145 178 0.035714
154 178 0.035714
164 178 0.035714
167 178 0.035714
173 178 0.035714
174 178 0.035714
179 178 0.035714
183 178 0.035714
4 184 0.037037
15 184 0.037037
17 184 0.037037
20 184 0.037037
21 184 0.037037
31 184 0.037037
52 184 0.037037
59 184 0.037037
63 184 0.037037
68 184 0.037037
78 184 0.037037
79 184 0.037037
80 184 0.037037
84 184 0.037037
85 184 0.037037
94 184 0.037037
104 184 0.037037
107 184 0.037037
114 184 0.037037
121 184 0.037037
124 184 0.037037
137 184 0.037037
138 184 0.037037
142 184 0.037037
155 184 0.037037
160 184 0.037037
164 184 0.037037
4 186 0.041667
15 186 0.041667
17 186 0.041667
23 186 0.041667
25 186 0.041667
27 186 0.041667
29 186 0.041667
37 186 0.041667
54 186 0.041667
56 186 0.041667
71 186 0.041667
101 186 0.041667
102 186 0.041667
105 186 0.041667
106 186 0.041667
107 186 0.041667
116 186 0.041667
134 186 0.041667
137 186 0.041667
158 186 0.041667
164 186 0.041667
166 186 0.041667
172 186 0.041667
188 186 0.041667
5 25 0.034483
7 25 0.034483
13 25 0.034483
16 25 0.034483
30 25 0.034483
38 25 0.034483
40 25 0.034483
41 25 0.034483
48 25 0.034483
49 25 0.034483
50 25 0.034483
71 25 0.034483
74 25 0.034483
103 25 0.034483
105 25 0.034483
118 25 0.034483
124 25 0.034483
135 25 0.034483
148 25 0.034483
151 25 0.034483
152 25 0.034483
163 25 0.034483
165 25 0.034483
174 25 0.034483
179 25 0.034483
181 25 0.034483
186 25 0.034483
187 25 0.034483
188 25 0.034483
5 41 0.029412
10 41 0.029412
13 41 0.029412
14 41 0.029412
24 41 0.029412
25 41 0.029412
28 41 0.029412
30 41 0.029412
33 41 0.029412
35 41 0.029412
40 41 0.029412
46 41 0.029412
47 41 0.029412
53 41 0.029412
56 41 0.029412
65 41 0.029412
69 41 0.029412
70 41 0.029412
74 41 0.029412
89 41 0.029412
96 41 0.029412
107 41 0.029412
112 41 0.029412
129 41 0.029412
136 41 0.029412
137 41 0.029412
140 41 0.029412
148 41 0.029412
154 41 0.029412
174 41 0.029412
182 41 0.029412
185 41 0.029412
187 41 0.029412
189 41 0.029412
5 44 0.038462
10 44 0.038462
18 44 0.038462
22 44 0.038462
38 44 0.038462
55 44 0.038462
60 44 0.038462
63 44 0.038462
64 44 0.038462
66 44 0.038462
88 44 0.038462
90 44 0.038462
108 44 0.038462
109 44 0.038462
115 44 0.038462
116 44 0.038462
126 44 0.038462
130 44 0.038462
135 44 0.038462
144 44 0.038462
158 44 0.038462
161 44 0.038462
164 44 0.038462
174 44 0.038462
176 44 0.038462
183 44 0.038462
5 63 0.033333
13 63 0.033333
26 63 0.033333
29 63 0.033333
39 63 0.033333
44 63 0.033333
47 63 0.033333
59 63 0.033333
60 63 0.033333
65 63 0.033333
66 63 0.033333
68 63 0.033333
74 63 0.033333
75 63 0.033333
76 63 0.033333
78 63 0.033333
80 63 0.033333
81 63 0.033333
84 63 0.033333
106 63 0.033333
112 63 0.033333
117 63 0.033333
146 63 0.033333
148 63 0.033333
153 63 0.033333
158 63 0.033333
160 63 0.033333
172 63 0.033333
174 63 0.033333
184 63 0.033333
5 83 0.041667
15 83 0.041667
16 83 0.041667
17 83 0.041667
53 83 0.041667
57 83 0.041667
58 83 0.041667
59 83 0.041667
62 83 0.041667
75 83 0.041667
79 83 0.041667
89 83 0.041667
91 83 0.041667
92 83 0.041667
108 83 0.041667
109 83 0.041667
112 83 0.041667
113 83 0.041667
122 83 0.041667
138 83 0.041667
152 83 0.041667
155 83 0.041667
167 83 0.041667
171 83 0.041667
5 92 0.037037
8 92 0.037037
24 92 0.037037
26 92 0.037037
28 92 0.037037
43 92 0.037037
45 92 0.037037
46 92 0.037037
48 92 0.037037
49 92 0.037037
50 92 0.037037
56 92 0.037037
65 92 0.037037
68 92 0.037037
75 92 0.037037
80 92 0.037037
83 92 0.037037
86 92 0.037037
90 92 0.037037
106 92 0.037037
111 92 0.037037
120 92 0.037037
131 92 0.037037
138 92 0.037037
151 92 0.037037
155 92 0.037037
160 92 0.037037
5 158 0.028571
10 158 0.028571
15 158 0.028571
23 158 0.028571
24 158 0.028571
29 158 0.028571
34 158 0.028571
36 158 0.028571
42 158 0.028571
44 158 0.028571
47 158 0.028571
58 158 0.028571
60 158 0.028571
61 158 0.028571
63 158 0.028571
64 158 0.028571
66 158 0.028571
76 158 0.028571
78 158 0.028571
82 158 0.028571
87 158 0.028571
94 158 0.028571
99 158 0.028571
108 158 0.028571
109 158 0.028571
126 158 0.028571
132 158 0.028571
143 158 0.028571
144 158 0.028571
148 158 0.028571
157 158 0.028571
161 158 0.028571
166 158 0.028571
172 158 0.028571
186 158 0.028571
5 159 0.033333
13 159 0.033333
26 159 0.033333
34 159 0.033333
39 159 0.033333
55 159 0.033333
59 159 0.033333
62 159 0.033333
67 159 0.033333
76 159 0.033333
88 159 0.033333
102 159 0.033333
104 159 0.033333
108 159 0.033333
112 159 0.033333
123 159 0.033333
128 159 0.033333
135 159 0.033333
137 159 0.033333
139 159 0.033333
146 159 0.033333
150 159 0.033333
152 159 0.033333
154 159 0.033333
160 159 0.033333
163 159 0.033333
173 159 0.033333
176 159 0.033333
183 159 0.033333
190 159 0.033333
5 177 0.033333
14 177 0.033333
16 177 0.033333
17 177 0.033333
23 177 0.033333
33 177 0.033333
51 177 0.033333
52 177 0.033333
54 177 0.033333
58 177 0.033333
74 177 0.033333
75 177 0.033333
77 177 0.033333
79 177 0.033333
91 177 0.033333
94 177 0.033333
99 177 0.033333
110 177 0.033333
118 177 0.033333
119 177 0.033333
123 177 0.033333
125 177 0.033333
126 177 0.033333
132 177 0.033333
133 177 0.033333
161 177 0.033333
167 177 0.033333
169 177 0.033333
182 177 0.033333
191 177 0.033333
6 37 0.037037
8 37 0.037037
15 37 0.037037
18 37 0.037037
22 37 0.037037
38 37 0.037037
40 37 0.037037
42 37 0.037037
55 37 0.037037
58 37 0.037037
67 37 0.037037
71 37 0.037037
79 37 0.037037
86 37 0.037037
87 37 0.037037
91 37 0.037037
105 37 0.037037
134 37 0.037037
139 37 0.037037
142 37 0.037037
143 37 0.037037
146 37 0.037037
162 37 0.037037
164 37 0.037037
173 37 0.037037
186 37 0.037037
189 37 0.037037
6 40 0.03125
9 40 0.03125
15 40 0.03125
16 40 0.03125
18 40 0.03125
21 40 0.03125
23 40 0.03125
24 40 0.03125
25 40 0.03125
37 40 0.03125
41 40 0.03125
58 40 0.03125
60 40 0.03125
61 40 0.03125
67 40 0.03125
73 40 0.03125
78 40 0.03125
85 40 0.03125
90 40 0.03125
95 40 0.03125
109 40 0.03125
124 40 0.03125
137 40 0.03125
139 40 0.03125
140 40 0.03125
163 40 0.03125
166 40 0.03125
167 40 0.03125
168 40 0.03125
169 40 0.03125
182 40 0.03125
192 40 0.03125
6 73 0.038462
8 73 0.038462
10 73 0.038462
18 73 0.038462
22 73 0.038462
40 73 0.038462
43 73 0.038462
57 73 0.038462
64 73 0.038462
76 73 0.038462
85 73 0.038462
87 73 0.038462
94 73 0.038462
98 73 0.038462
105 73 0.038462
118 73 0.038462
119 73 0.038462
127 73 0.038462
131 73 0.038462
137 73 0.038462
139 73 0.038462
147 73 0.038462
157 73 0.038462
185 73 0.038462
189 73 0.038462
192 73 0.038462
6 93 0.034483
11 93 0.034483
12 93 0.034483
13 93 0.034483
14 93 0.034483
24 93 0.034483
36 93 0.034483
51 93 0.034483
66 93 0.034483
69 93 0.034483
74 93 0.034483
107 93 0.034483
110 93 0.034483
121 93 0.034483
122 93 0.034483
124 93 0.034483
127 93 0.034483
131 93 0.034483
132 93 0.034483
137 93 0.034483
144 93 0.034483
146 93 0.034483
153 93 0.034483
154 93 0.034483
164 93 0.034483
172 93 0.034483
175 93 0.034483
176 93 0.034483
189 93 0.034483
6 96 0.034483
9 96 0.034483
11 96 0.034483
12 96 0.034483
28 96 0.034483
33 96 0.034483
41 96 0.034483
43 96 0.034483
45 96 0.034483
47 96 0.034483
53 96 0.034483
57 96 0.034483
58 96 0.034483
59 96 0.034483
84 96 0.034483
102 96 0.034483
113 96 0.034483
122 96 0.034483
127 96 0.034483
131 96 0.034483
140 96 0.034483
142 96 0.034483
146 96 0.034483
148 96 0.034483
152 96 0.034483
174 96 0.034483
182 96 0.034483
183 96 0.034483
188 96 0.034483
6 99 0.03125
15 99 0.03125
16 99 0.03125
17 99 0.03125
24 99 0.03125
32 99 0.03125
43 99 0.03125
54 99 0.03125
62 99 0.03125
69 99 0.03125
71 99 0.03125
77 99 0.03125
86 99 0.03125
89 99 0.03125
108 99 0.03125
110 99 0.03125
114 99 0.03125
117 99 0.03125
119 99 0.03125
124 99 0.03125
127 99 0.03125
133 99 0.03125
145 99 0.03125
153 99 0.03125
158 99 0.03125
174 99 0.03125
176 99 0.03125
177 99 0.03125
180 99 0.03125
185 99 0.03125
188 99 0.03125
192 99 0.03125
6 120 0.027778
11 120 0.027778
23 120 0.027778
29 120 0.027778
33 120 0.027778
35 120 0.027778
36 120 0.027778
38 120 0.027778
50 120 0.027778
51 120 0.027778
52 120 0.027778
56 120 0.027778
61 120 0.027778
62 120 0.027778
64 120 0.027778
79 120 0.027778
86 120 0.027778
87 120 0.027778
92 120 0.027778
95 120 0.027778
100 120 0.027778
109 120 0.027778
119 120 0.027778
127 120 0.027778
130 120 0.027778
133 120 0.027778
135 120 0.027778
137 120 0.027778
143 120 0.027778
149 120 0.027778
157 120 0.027778
160 120 0.027778
174 120 0.027778
181 120 0.027778
188 120 0.027778
190 120 0.027778
6 168 0.055556
9 168 0.055556
11 168 0.055556
14 168 0.055556
23 168 0.055556
24 168 0.055556
30 168 0.055556
34 168 0.055556
39 168 0.055556
40 168 0.055556
51 168 0.055556
70 168 0.055556
95 168 0.055556
106 168 0.055556
123 168 0.055556
136 168 0.055556
138 168 0.055556
174 168 0.055556
6 170 0.035714
8 170 0.035714
11 170 0.035714
19 170 0.035714
27 170 0.035714
28 170 0.035714
36 170 0.035714
42 170 0.035714
46 170 0.035714
50 170 0.035714
51 170 0.035714
53 170 0.035714
60 170 0.035714
64 170 0.035714
65 170 0.035714
75 170 0.035714
84 170 0.035714
86 170 0.035714
87 170 0.035714
109 170 0.035714
128 170 0.035714
130 170 0.035714
139 170 0.035714
147 170 0.035714
161 170 0.035714
167 170 0.035714
169 170 0.035714
183 170 0.035714
6 175 0.043478
11 175 0.043478
14 175 0.043478
24 175 0.043478
27 175 0.043478
32 175 0.043478
51 175 0.043478
55 175 0.043478
59 175 0.043478
61 175 0.043478
75 175 0.043478
77 175 0.043478
78 175 0.043478
85 175 0.043478
93 175 0.043478
101 175 0.043478
103 175 0.043478
130 175 0.043478
132 175 0.043478
140 175 0.043478
153 175 0.043478
157 175 0.043478
185 175 0.043478
6 189 0.041667
11 189 0.041667
19 189 0.041667
21 189 0.041667
26 189 0.041667
31 189 0.041667
37 189 0.041667
41 189 0.041667
62 189 0.041667
70 189 0.041667
73 189 0.041667
79 189 0.041667
85 189 0.041667
89 189 0.041667
93 189 0.041667
107 189 0.041667
129 189 0.041667
145 189 0.041667
146 189 0.041667
151 189 0.041667
153 189 0.041667
163 189 0.041667
167 189 0.041667
182 189 0.041667
7 22 0.034483
10 22 0.034483
11 22 0.034483
21 22 0.034483
26 22 0.034483
37 22 0.034483
44 22 0.034483
48 22 0.034483
53 22 0.034483
55 22 0.034483
56 22 0.034483
65 22 0.034483
67 22 0.034483
73 22 0.034483
75 22 0.034483
76 22 0.034483
77 22 0.034483
78 22 0.034483
94 22 0.034483
110 22 0.034483
130 22 0.034483
136 22 0.034483
140 22 0.034483
148 22 0.034483
157 22 0.034483
163 22 0.034483
171 22 0.034483
172 22 0.034483
185 22 0.034483
7 27 0.034483
9 27 0.034483
18 27 0.034483
45 27 0.034483
52 27 0.034483
64 27 0.034483
76 27 0.034483
94 27 0.034483
98 27 0.034483
102 27 0.034483
107 27 0.034483
108 27 0.034483
109 27 0.034483
111 27 0.034483
113 27 0.034483
116 27 0.034483
117 27 0.034483
118 27 0.034483
121 27 0.034483
138 27 0.034483
142 27 0.034483
160 27 0.034483
161 27 0.034483
169 27 0.034483
170 27 0.034483
172 27 0.034483
175 27 0.034483
183 27 0.034483
186 27 0.034483
7 35 0.032258
10 35 0.032258
21 35 0.032258
32 35 0.032258
36 35 0.032258
41 35 0.032258
46 35 0.032258
53 35 0.032258
55 35 0.032258
59 35 0.032258
60 35 0.032258
74 35 0.032258
79 35 0.032258
105 35 0.032258
108 35 0.032258
112 35 0.032258
113 35 0.032258
114 35 0.032258
120 35 0.032258
124 35 0.032258
126 35 0.032258
131 35 0.032258
139 35 0.032258
145 35 0.032258
156 35 0.032258
157 35 0.032258
167 35 0.032258
171 35 0.032258
174 35 0.032258
178 35 0.032258
192 35 0.032258
7 56 0.05
22 56 0.05
41 56 0.05
45 56 0.05
72 56 0.05
74 56 0.05
92 56 0.05
106 56 0.05
109 56 0.05
120 56 0.05
122 56 0.05
126 56 0.05
141 56 0.05
146 56 0.05
153 56 0.05
155 56 0.05
157 56 0.05
164 56 0.05
172 56 0.05
186 56 0.05
7 70 0.030303
20 70 0.030303
29 70 0.030303
30 70 0.030303
41 70 0.030303
49 70 0.030303
52 70 0.030303
54 70 0.030303
55 70 0.030303
60 70 0.030303
64 70 0.030303
71 70 0.030303
75 70 0.030303
84 70 0.030303
95 70 0.030303
98 70 0.030303
106 70 0.030303
107 70 0.030303
109 70 0.030303
124 70 0.030303
125 70 0.030303
129 70 0.030303
134 70 0.030303
139 70 0.030303
141 70 0.030303
142 70 0.030303
144 70 0.030303
168 70 0.030303
171 70 0.030303
179 70 0.030303
180 70 0.030303
188 70 0.030303
189 70 0.030303
7 74 0.032258
12 74 0.032258
14 74 0.032258
18 74 0.032258
23 74 0.032258
25 74 0.032258
28 74 0.032258
35 74 0.032258
41 74 0.032258
46 74 0.032258
53 74 0.032258
54 74 0.032258
55 74 0.032258
56 74 0.032258
63 74 0.032258
75 74 0.032258
93 74 0.032258
97 74 0.032258
103 74 0.032258
118 74 0.032258
125 74 0.032258
127 74 0.032258
147 74 0.032258
151 74 0.032258
152 74 0.032258
160 74 0.032258
164 74 0.032258
166 74 0.032258
173 74 0.032258
176 74 0.032258
177 74 0.032258
7 76 0.029412
14 76 0.029412
18 76 0.029412
22 76 0.029412
27 76 0.029412
30 76 0.029412
36 76 0.029412
52 76 0.029412
63 76 0.029412
64 76 0.029412
68 76 0.029412
71 76 0.029412
73 76 0.029412
85 76 0.029412
89 76 0.029412
94 76 0.029412
100 76 0.029412
101 76 0.029412
112 76 0.029412
117 76 0.029412
118 76 0.029412
123 76 0.029412
125 76 0.029412
136 76 0.029412
140 76 0.029412
144 76 0.029412
147 76 0.029412
157 76 0.029412
158 76 0.029412
159 76 0.029412
166 76 0.029412
178 76 0.029412
179 76 0.029412
188 76 0.029412
7 77 0.037037
22 77 0.037037
29 77 0.037037
30 77 0.037037
39 77 0.037037
42 77 0.037037
46 77 0.037037
49 77 0.037037
50 77 0.037037
57 77 0.037037
69 77 0.037037
81 77 0.037037
88 77 0.037037
99 77 0.037037
101 77 0.037037
110 77 0.037037
132 77 0.037037
136 77 0.037037
140 77 0.037037
147 77 0.037037
149 77 0.037037
151 77 0.037037
154 77 0.037037
166 77 0.037037
169 77 0.037037
175 77 0.037037
177 77 0.037037
7 86 0.033333
10 86 0.033333
21 86 0.033333
28 86 0.033333
36 86 0.033333
37 86 0.033333
38 86 0.033333
60 86 0.033333
61 86 0.033333
69 86 0.033333
92 86 0.033333
99 86 0.033333
103 86 0.033333
107 86 0.033333
111 86 0.033333
115 86 0.033333
120 86 0.033333
129 86 0.033333
138 86 0.033333
141 86 0.033333
146 86 0.033333
156 86 0.033333
170 86 0.033333
171 86 0.033333
172 86 0.033333
176 86 0.033333
178 86 0.033333
180 86 0.033333
183 86 0.033333
190 86 0.033333
7 115 0.037037
13 115 0.037037
18 115 0.037037
19 115 0.037037
23 115 0.037037
31 115 0.037037
38 115 0.037037
44 115 0.037037
46 115 0.037037
47 115 0.037037
48 115 0.037037
53 115 0.037037
86 115 0.037037
94 115 0.037037
97 115 0.037037
98 115 0.037037
104 115 0.037037
110 115 0.037037
124 115 0.037037
134 115 0.037037
141 115 0.037037
144 115 0.037037
145 115 0.037037
146 115 0.037037
152 115 0.037037
155 115 0.037037
185 115 0.037037
7 127 0.034483
9 127 0.034483
11 127 0.034483
14 127 0.034483
20 127 0.034483
26 127 0.034483
33 127 0.034483
34 127 0.034483
47 127 0.034483
61 127 0.034483
65 127 0.034483
68 127 0.034483
73 127 0.034483
74 127 0.034483
80 127 0.034483
87 127 0.034483
93 127 0.034483
96 127 0.034483
99 127 0.034483
103 127 0.034483
107 127 0.034483
111 127 0.034483
120 127 0.034483
123 127 0.034483
130 127 0.034483
139 127 0.034483
171 127 0.034483
173 127 0.034483
180 127 0.034483
7 128 0.045455
17 128 0.045455
33 128 0.045455
39 128 0.045455
42 128 0.045455
51 128 0.045455
66 128 0.045455
78 128 0.045455
82 128 0.045455
85 128 0.045455
114 128 0.045455
125 128 0.045455
132 128 0.045455
134 128 0.045455
139 128 0.045455
155 128 0.045455
156 128 0.045455
159 128 0.045455
169 128 0.045455
170 128 0.045455
178 128 0.045455
180 128 0.045455
7 137 0.032258
14 137 0.032258
23 137 0.032258
36 137 0.032258
39 137 0.032258
40 137 0.032258
41 137 0.032258
55 137 0.032258
58 137 0.032258
61 137 0.032258
65 137 0.032258
66 137 0.032258
68 137 0.032258
69 137 0.032258
73 137 0.032258
78 137 0.032258
91 137 0.032258
93 137 0.032258
97 137 0.032258
107 137 0.032258
120 137 0.032258
121 137 0.032258
122 137 0.032258
126 137 0.032258
130 137 0.032258
140 137 0.032258
145 137 0.032258
147 137 0.032258
159 137 0.032258
184 137 0.032258
186 137 0.032258
7 155 0.03125
10 155 0.03125
12 155 0.03125
21 155 0.03125
29 155 0.03125
30 155 0.03125
32 155 0.03125
38 155 0.03125
42 155 0.03125
46 155 0.03125
47 155 0.03125
50 155 0.03125
55 155 0.03125
56 155 0.03125
60 155 0.03125
67 155 0.03125
69 155 0.03125
72 155 0.03125
78 155 0.03125
83 155 0.03125
90 155 0.03125
92 155 0.03125
105 155 0.03125
115 155 0.03125
123 155 0.03125
125 155 0.03125
128 155 0.03125
150 155 0.03125
167 155 0.03125
184 155 0.03125
185 155 0.03125
191 155 0.03125
7 166 0.034483
14 166 0.034483
16 166 0.034483
31 166 0.034483
40 166 0.034483
45 166 0.034483
59 166 0.034483
60 166 0.034483
61 166 0.034483
71 166 0.034483
74 166 0.034483
75 166 0.034483
76 166 0.034483
77 166 0.034483
94 166 0.034483
101 166 0.034483
106 166 0.034483
113 166 0.034483
124 166 0.034483
133 166 0.034483
134 166 0.034483
149 166 0.034483
150 166 0.034483
151 166 0.034483
153 166 0.034483
158 166 0.034483
171 166 0.034483
173 166 0.034483
186 166 0.034483
8 11 0.034483
9 11 0.034483
20 11 0.034483
22 11 0.034483
26 11 0.034483
46 11 0.034483
49 11 0.034483
52 11 0.034483
62 11 0.034483
66 11 0.034483
93 11 0.034483
96 11 0.034483
103 11 0.034483
120 11 0.034483
127 11 0.034483
134 11 0.034483
143 11 0.034483
146 11 0.034483
149 11 0.034483
167 11 0.034483
168 11 0.034483
170 11 0.034483
173 11 0.034483
175 11 0.034483
183 11 0.034483
187 11 0.034483
188 11 0.034483
189 11 0.034483
190 11 0.034483
8 16 0.032258
9 16 0.032258
18 16 0.032258
20 16 0.032258
24 16 0.032258
25 16 0.032258
26 16 0.032258
34 16 0.032258
39 16 0.032258
40 16 0.032258
45 16 0.032258
60 16 0.032258
62 16 0.032258
75 16 0.032258
78 16 0.032258
82 16 0.032258
83 16 0.032258
97 16 0.032258
99 16 0.032258
102 16 0.032258
126 16 0.032258
135 16 0.032258
146 16 0.032258
150 16 0.032258
162 16 0.032258
166 16 0.032258
167 16 0.032258
169 16 0.032258
177 16 0.032258
179 16 0.032258
183 16 0.032258
8 45 0.03125
10 45 0.03125
12 45 0.03125
16 45 0.03125
27 45 0.03125
33 45 0.03125
46 45 0.03125
50 45 0.03125
56 45 0.03125
84 45 0.03125
85 45 0.03125
92 45 0.03125
94 45 0.03125
96 45 0.03125
98 45 0.03125
100 45 0.03125
107 45 0.03125
111 45 0.03125
125 45 0.03125
131 45 0.03125
132 45 0.03125
133 45 0.03125
141 45 0.03125
147 45 0.03125
164 45 0.03125
166 45 0.03125
169 45 0.03125
174 45 0.03125
179 45 0.03125
180 45 0.03125
187 45 0.03125
192 45 0.03125
8 67 0.030303
12 67 0.030303
18 67 0.030303
22 67 0.030303
28 67 0.030303
32 67 0.030303
37 67 0.030303
40 67 0.030303
42 67 0.030303
47 67 0.030303
48 67 0.030303
61 67 0.030303
79 67 0.030303
80 67 0.030303
81 67 0.030303
85 67 0.030303
90 67 0.030303
94 67 0.030303
105 67 0.030303
130 67 0.030303
143 67 0.030303
144 67 0.030303
149 67 0.030303
151 67 0.030303
152 67 0.030303
155 67 0.030303
159 67 0.030303
164 67 0.030303
169 67 0.030303
173 67 0.030303
185 67 0.030303
188 67 0.030303
192 67 0.030303
8 72 0.052632
23 72 0.052632
43 72 0.052632
56 72 0.052632
89 72 0.052632
100 72 0.052632
104 72 0.052632
106 72 0.052632
116 72 0.052632
121 72 0.052632
126 72 0.052632
129 72 0.052632
147 72 0.052632
151 72 0.052632
153 72 0.052632
155 72 0.052632
162 72 0.052632
167 72 0.052632
187 72 0.052632
8 105 0.034483
25 105 0.034483
33 105 0.034483
35 105 0.034483
37 105 0.034483
46 105 0.034483
47 105 0.034483
55 105 0.034483
58 105 0.034483
61 105 0.034483
67 105 0.034483
73 105 0.034483
75 105 0.034483
85 105 0.034483
87 105 0.034483
94 105 0.034483
114 105 0.034483
117 105 0.034483
122 105 0.034483
123 105 0.034483
142 105 0.034483
149 105 0.034483
155 105 0.034483
164 105 0.034483
167 105 0.034483
171 105 0.034483
174 105 0.034483
185 105 0.034483
186 105 0.034483
8 122 0.034483
9 122 0.034483
21 122 0.034483
24 122 0.034483
26 122 0.034483
29 122 0.034483
36 122 0.034483
48 122 0.034483
56 122 0.034483
58 122 0.034483
64 122 0.034483
82 122 0.034483
83 122 0.034483
85 122 0.034483
91 122 0.034483
93 122 0.034483
96 122 0.034483
97 122 0.034483
105 122 0.034483
113 122 0.034483
114 122 0.034483
121 122 0.034483
126 122 0.034483
132 122 0.034483
137 122 0.034483
142 122 0.034483
152 122 0.034483
179 122 0.034483
191 122 0.034483
8 134 0.033333
11 134 0.033333
15 134 0.033333
37 134 0.033333
47 134 0.033333
59 134 0.033333
69 134 0.033333
70 134 0.033333
81 134 0.033333
82 134 0.033333
84 134 0.033333
87 134 0.033333
95 134 0.033333
100 134 0.033333
101 134 0.033333
108 134 0.033333
109 134 0.033333
112 134 0.033333
115 134 0.033333
128 134 0.033333
133 134 0.033333
144 134 0.033333
161 134 0.033333
166 134 0.033333
172 134 0.033333
185 134 0.033333
186 134 0.033333
187 134 0.033333
188 134 0.033333
190 134 0.033333
8 141 0.034483
12 141 0.034483
17 141 0.034483
20 141 0.034483
26 141 0.034483
30 141 0.034483
42 141 0.034483
45 141 0.034483
56 141 0.034483
59 141 0.034483
62 141 0.034483
70 141 0.034483
80 141 0.034483
86 141 0.034483
91 141 0.034483
98 141 0.034483
103 141 0.034483
104 141 0.034483
115 141 0.034483
125 141 0.034483
129 141 0.034483
138 141 0.034483
139 141 0.034483
144 141 0.034483
146 141 0.034483
147 141 0.034483
160 141 0.034483
172 141 0.034483
173 141 0.034483
8 190 0.026316
11 190 0.026316
12 190 0.026316
18 190 0.026316
20 190 0.026316
32 190 0.026316
42 190 0.026316
47 190 0.026316
48 190 0.026316
49 190 0.026316
54 190 0.026316
55 190 0.026316
62 190 0.026316
79 190 0.026316
80 190 0.026316
86 190 0.026316
88 190 0.026316
97 190 0.026316
101 190 0.026316
107 190 0.026316
110 190 0.026316
111 190 0.026316
117 190 0.026316
118 190 0.026316
120 190 0.026316
124 190 0.026316
126 190 0.026316
132 190 0.026316
133 190 0.026316
134 190 0.026316
136 190 0.026316
146 190 0.026316
150 190 0.026316
152 190 0.026316
157 190 0.026316
159 190 0.026316
165 190 0.026316
185 190 0.026316
9 36 0.033333
18 36 0.033333
21 36 0.033333
28 36 0.033333
30 36 0.033333
31 36 0.033333
35 36 0.033333
43 36 0.033333
48 36 0.033333
51 36 0.033333
60 36 0.033333
76 36 0.033333
86 36 0.033333
89 36 0.033333
93 36 0.033333
106 36 0.033333
111 36 0.033333
114 36 0.033333
120 36 0.033333
122 36 0.033333
137 36 0.033333
138 36 0.033333
143 36 0.033333
154 36 0.033333
158 36 0.033333
170 36 0.033333
178 36 0.033333
181 36 0.033333
183 36 0.033333
188 36 0.033333
9 65 0.035714
10 65 0.035714
17 65 0.035714
21 65 0.035714
22 65 0.035714
38 65 0.035714
41 65 0.035714
48 65 0.035714
54 65 0.035714
58 65 0.035714
63 65 0.035714
85 65 0.035714
92 65 0.035714
97 65 0.035714
110 65 0.035714
116 65 0.035714
118 65 0.035714
119 65 0.035714
127 65 0.035714
130 65 0.035714
137 65 0.035714
140 65 0.035714
147 65 0.035714
156 65 0.035714
170 65 0.035714
178 65 0.035714
183 65 0.035714
185 65 0.035714
9 82 0.035714
13 82 0.035714
16 82 0.035714
18 82 0.035714
26 82 0.035714
32 82 0.035714
38 82 0.035714
39 82 0.035714
46 82 0.035714
55 82 0.035714
61 82 0.035714
71 82 0.035714
75 82 0.035714
87 82 0.035714
94 82 0.035714
104 82 0.035714
113 82 0.035714
122 82 0.035714
124 82 0.035714
126 82 0.035714
128 82 0.035714
132 82 0.035714
134 82 0.035714
144 82 0.035714
158 82 0.035714
169 82 0.035714
172 82 0.035714
183 82 0.035714
9 100 0.038462
13 100 0.038462
15 100 0.038462
20 100 0.038462
26 100 0.038462
32 100 0.038462
33 100 0.038462
45 100 0.038462
55 100 0.038462
59 100 0.038462
72 100 0.038462
76 100 0.038462
89 100 0.038462
101 100 0.038462
110 100 0.038462
117 100 0.038462
120 100 0.038462
125 100 0.038462
134 100 0.038462
135 100 0.038462
138 100 0.038462
145 100 0.038462
150 100 0.038462
153 100 0.038462
160 100 0.038462
192 100 0.038462
9 117 0.035714
15 117 0.035714
18 117 0.035714
27 117 0.035714
32 117 0.035714
49 117 0.035714
59 117 0.035714
63 117 0.035714
76 117 0.035714
79 117 0.035714
89 117 0.035714
95 117 0.035714
98 117 0.035714
99 117 0.035714
100 117 0.035714
104 117 0.035714
105 117 0.035714
108 117 0.035714
118 117 0.035714
121 117 0.035714
131 117 0.035714
139 117 0.035714
161 117 0.035714
162 117 0.035714
167 117 0.035714
179 117 0.035714
181 117 0.035714
190 117 0.035714
9 132 0.032258
14 132 0.032258
15 132 0.032258
19 132 0.032258
24 132 0.032258
30 132 0.032258
43 132 0.032258
45 132 0.032258
52 132 0.032258
53 132 0.032258
61 132 0.032258
77 132 0.032258
82 132 0.032258
85 132 0.032258
88 132 0.032258
93 132 0.032258
102 132 0.032258
122 132 0.032258
128 132 0.032258
130 132 0.032258
136 132 0.032258
138 132 0.032258
148 132 0.032258
154 132 0.032258
158 132 0.032258
175 132 0.032258
177 132 0.032258
180 132 0.032258
182 132 0.032258
190 132 0.032258
192 132 0.032258
10 43 0.033333
12 43 0.033333
14 43 0.033333
17 43 0.033333
20 43 0.033333
32 43 0.033333
33 43 0.033333
36 43 0.033333
48 43 0.033333
58 43 0.033333
62 43 0.033333
71 43 0.033333
72 43 0.033333
73 43 0.033333
89 43 0.033333
92 43 0.033333
96 43 0.033333
99 43 0.033333
113 43 0.033333
118 43 0.033333
132 43 0.033333
144 43 0.033333
145 43 0.033333
162 43 0.033333
165 43 0.033333
167 43 0.033333
171 43 0.033333
176 43 0.033333
183 43 0.033333
191 43 0.033333
10 53 0.05
12 53 0.05
21 53 0.05
22 53 0.05
26 53 0.05
30 53 0.05
35 53 0.05
41 53 0.05
74 53 0.05
80 53 0.05
83 53 0.05
87 53 0.05
96 53 0.05
107 53 0.05
115 53 0.05
119 53 0.05
132 53 0.05
146 53 0.05
150 53 0.05
170 53 0.05
10 98 0.033333
12 98 0.033333
14 98 0.033333
27 98 0.033333
30 98 0.033333
34 98 0.033333
45 98 0.033333
59 98 0.033333
61 98 0.033333
64 98 0.033333
68 98 0.033333
70 98 0.033333
73 98 0.033333
79 98 0.033333
95 98 0.033333
108 98 0.033333
110 98 0.033333
113 98 0.033333
115 98 0.033333
117 98 0.033333
118 98 0.033333
124 98 0.033333
126 98 0.033333
141 98 0.033333
161 98 0.033333
165 98 0.033333
167 98 0.033333
183 98 0.033333
187 98 0.033333
191 98 0.033333
10 112 0.038462
26 112 0.038462
31 112 0.038462
35 112 0.038462
41 112 0.038462
46 112 0.038462
50 112 0.038462
63 112 0.038462
66 112 0.038462
76 112 0.038462
83 112 0.038462
87 112 0.038462
103 112 0.038462
104 112 0.038462
106 112 0.038462
108 112 0.038462
125 112 0.038462
134 112 0.038462
136 112 0.038462
145 112 0.038462
147 112 0.038462
149 112 0.038462
159 112 0.038462
180 112 0.038462
182 112 0.038462
192 112 0.038462
10 142 0.037037
27 142 0.037037
28 142 0.037037
31 142 0.037037
37 142 0.037037
49 142 0.037037
59 142 0.037037
69 142 0.037037
70 142 0.037037
78 142 0.037037
80 142 0.037037
96 142 0.037037
102 142 0.037037
104 142 0.037037
105 142 0.037037
122 142 0.037037
126 142 0.037037
129 142 0.037037
136 142 0.037037
143 142 0.037037
153 142 0.037037
165 142 0.037037
183 142 0.037037
184 142 0.037037
185 142 0.037037
188 142 0.037037
192 142 0.037037
10 144 0.030303
13 144 0.030303
15 144 0.030303
18 144 0.030303
23 144 0.030303
34 144 0.030303
43 144 0.030303
44 144 0.030303
62 144 0.030303
64 144 0.030303
67 144 0.030303
70 144 0.030303
76 144 0.030303
80 144 0.030303
82 144 0.030303
84 144 0.030303
91 144 0.030303
93 144 0.030303
102 144 0.030303
114 144 0.030303
115 144 0.030303
118 144 0.030303
123 144 0.030303
129 144 0.030303
133 144 0.030303
134 144 0.030303
141 144 0.030303
145 144 0.030303
158 144 0.030303
161 144 0.030303
163 144 0.030303
165 144 0.030303
176 144 0.030303
10 146 0.029412
11 146 0.029412
16 146 0.029412
31 146 0.029412
34 146 0.029412
37 146 0.029412
53 146 0.029412
56 146 0.029412
57 146 0.029412
63 146 0.029412
64 146 0.029412
85 146 0.029412
86 146 0.029412
91 146 0.029412
93 146 0.029412
96 146 0.029412
110 146 0.029412
114 146 0.029412
115 146 0.029412
123 146 0.029412
130 146 0.029412
138 146 0.029412
139 146 0.029412
141 146 0.029412
156 146 0.029412
159 146 0.029412
167 146 0.029412
172 146 0.029412
174 146 0.029412
176 146 0.029412
181 146 0.029412
182 146 0.029412
189 146 0.029412
190 146 0.029412
11 20 0.030303
12 20 0.030303
16 20 0.030303
33 20 0.030303
43 20 0.030303
49 20 0.030303
54 20 0.030303
58 20 0.030303
60 20 0.030303
68 20 0.030303
70 20 0.030303
81 20 0.030303
85 20 0.030303
89 20 0.030303
100 20 0.030303
107 20 0.030303
127 20 0.030303
129 20 0.030303
131 20 0.030303
139 20 0.030303
141 20 0.030303
145 20 0.030303
154 20 0.030303
157 20 0.030303
161 20 0.030303
162 20 0.030303
164 20 0.030303
167 20 0.030303
178 20 0.030303
184 20 0.030303
185 20 0.030303
187 20 0.030303
190 20 0.030303
11 187 0.045455
20 187 0.045455
21 187 0.045455
25 187 0.045455
41 187 0.045455
45 187 0.045455
52 187 0.045455
71 187 0.045455
72 187 0.045455
79 187 0.045455
88 187 0.045455
98 187 0.045455
114 187 0.045455
116 187 0.045455
133 187 0.045455
134 187 0.045455
136 187 0.045455
138 187 0.045455
140 187 0.045455
156 187 0.045455
161 187 0.045455
174 187 0.045455
12 97 0.035714
16 97 0.035714
19 97 0.035714
28 97 0.035714
29 97 0.035714
32 97 0.035714
38 97 0.035714
48 97 0.035714
49 97 0.035714
64 97 0.035714
65 97 0.035714
71 97 0.035714
74 97 0.035714
85 97 0.035714
107 97 0.035714
114 97 0.035714
115 97 0.035714
121 97 0.035714
122 97 0.035714
137 97 0.035714
152 97 0.035714
157 97 0.035714
165 97 0.035714
167 97 0.035714
173 97 0.035714
176 97 0.035714
182 97 0.035714
190 97 0.035714
12 107 0.029412
13 107 0.029412
19 107 0.029412
20 107 0.029412
27 107 0.029412
29 107 0.029412
41 107 0.029412
45 107 0.029412
53 107 0.029412
57 107 0.029412
61 107 0.029412
62 107 0.029412
68 107 0.029412
70 107 0.029412
86 107 0.029412
90 107 0.029412
93 107 0.029412
97 107 0.029412
102 107 0.029412
114 107 0.029412
124 107 0.029412
125 107 0.029412
127 107 0.029412
137 107 0.029412
145 107 0.029412
148 107 0.029412
152 107 0.029412
153 107 0.029412
161 107 0.029412
169 107 0.029412
184 107 0.029412
186 107 0.029412
189 107 0.029412
190 107 0.029412
12 152 0.038462
18 152 0.038462
19 152 0.038462
23 152 0.038462
25 152 0.038462
26 152 0.038462
31 152 0.038462
50 152 0.038462
57 152 0.038462
61 152 0.038462
67 152 0.038462
74 152 0.038462
75 152 0.038462
78 152 0.038462
81 152 0.038462
83 152 0.038462
96 152 0.038462
97 152 0.038462
107 152 0.038462
115 152 0.038462
122 152 0.038462
139 152 0.038462
143 152 0.038462
159 152 0.038462
164 152 0.038462
190 152 0.038462
13 23 0.035714
14 23 0.035714
19 23 0.035714
40 23 0.035714
52 23 0.035714
54 23 0.035714
71 23 0.035714
72 23 0.035714
74 23 0.035714
75 23 0.035714
109 23 0.035714
115 23 0.035714
116 23 0.035714
118 23 0.035714
119 23 0.035714
120 23 0.035714
129 23 0.035714
137 23 0.035714
144 23 0.035714
145 23 0.035714
152 23 0.035714
158 23 0.035714
160 23 0.035714
168 23 0.035714
177 23 0.035714
182 23 0.035714
186 23 0.035714
191 23 0.035714
13 87 0.052632
37 87 0.052632
53 87 0.052632
57 87 0.052632
68 87 0.052632
73 87 0.052632
82 87 0.052632
90 87 0.052632
105 87 0.052632
112 87 0.052632
113 87 0.052632
120 87 0.052632
124 87 0.052632
127 87 0.052632
134 87 0.052632
158 87 0.052632
170 87 0.052632
179 87 0.052632
191 87 0.052632
13 109 0.05
23 109 0.05
27 109 0.05
40 109 0.05
44 109 0.05
47 109 0.05
56 109 0.05
59 109 0.05
68 109 0.05
70 109 0.05
83 109 0.05
89 109 0.05
94 109 0.05
103 109 0.05
110 109 0.05
116 109 0.05
120 109 0.05
134 109 0.05
158 109 0.05
170 109 0.05
13 179 0.034483
16 179 0.034483
19 179 0.034483
25 179 0.034483
34 179 0.034483
45 179 0.034483
47 179 0.034483
57 179 0.034483
58 179 0.034483
60 179 0.034483
70 179 0.034483
76 179 0.034483
87 179 0.034483
103 179 0.034483
117 179 0.034483
122 179 0.034483
126 179 0.034483
135 179 0.034483
138 179 0.034483
140 179 0.034483
150 179 0.034483
160 179 0.034483
161 179 0.034483
164 179 0.034483
165 179 0.034483
171 179 0.034483
178 179 0.034483
183 179 0.034483
191 179 0.034483
13 191 0.038462
23 191 0.038462
33 191 0.038462
43 191 0.038462
49 191 0.038462
52 191 0.038462
61 191 0.038462
62 191 0.038462
87 191 0.038462
88 191 0.038462
89 191 0.038462
98 191 0.038462
108 191 0.038462
111 191 0.038462
114 191 0.038462
121 191 0.038462
122 191 0.038462
124 191 0.038462
133 191 0.038462
139 191 0.038462
155 191 0.038462
172 191 0.038462
173 191 0.038462
177 191 0.038462
179 191 0.038462
192 191 0.038462
14 38 0.043478
19 38 0.043478
25 38 0.043478
30 38 0.043478
34 38 0.043478
37 38 0.043478
44 38 0.043478
54 38 0.043478
65 38 0.043478
75 38 0.043478
79 38 0.043478
82 38 0.043478
86 38 0.043478
97 38 0.043478
115 38 0.043478
120 38 0.043478
129 38 0.043478
130 38 0.043478
143 38 0.043478
155 38 0.043478
161 38 0.043478
162 38 0.043478
188 38 0.043478
14 55 0.028571
17 55 0.028571
22 55 0.028571
28 55 0.028571
35 55 0.028571
37 55 0.028571
44 55 0.028571
48 55 0.028571
50 55 0.028571
58 55 0.028571
60 55 0.028571
70 55 0.028571
74 55 0.028571
82 55 0.028571
89 55 0.028571
90 55 0.028571
94 55 0.028571
100 55 0.028571
104 55 0.028571
105 55 0.028571
131 55 0.028571
136 55 0.028571
137 55 0.028571
149 55 0.028571
151 55 0.028571
155 55 0.028571
157 55 0.028571
159 55 0.028571
160 55 0.028571
163 55 0.028571
173 55 0.028571
175 55 0.028571
183 55 0.028571
188 55 0.028571
190 55 0.028571
14 71 0.035714
19 71 0.035714
23 71 0.035714
25 71 0.035714
32 71 0.035714
37 71 0.035714
43 71 0.035714
48 71 0.035714
59 71 0.035714
62 71 0.035714
69 71 0.035714
70 71 0.035714
76 71 0.035714
82 71 0.035714
84 71 0.035714
89 71 0.035714
90 71 0.035714
97 71 0.035714
99 71 0.035714
101 71 0.035714
118 71 0.035714
135 71 0.035714
143 71 0.035714
163 71 0.035714
166 71 0.035714
181 71 0.035714
186 71 0.035714
187 71 0.035714
14 113 0.029412
15 113 0.029412
27 113 0.029412
34 113 0.029412
35 113 0.029412
43 113 0.029412
46 113 0.029412
59 113 0.029412
82 113 0.029412
83 113 0.029412
84 113 0.029412
87 113 0.029412
89 113 0.029412
90 113 0.029412
91 113 0.029412
94 113 0.029412
96 113 0.029412
98 113 0.029412
103 113 0.029412
110 113 0.029412
114 113 0.029412
116 113 0.029412
118 113 0.029412
119 113 0.029412
122 113 0.029412
123 113 0.029412
129 113 0.029412
145 113 0.029412
165 113 0.029412
166 113 0.029412
171 113 0.029412
174 113 0.029412
180 113 0.029412
192 113 0.029412
14 130 0.041667
17 130 0.041667
21 130 0.041667
22 130 0.041667
29 130 0.041667
38 130 0.041667
44 130 0.041667
46 130 0.041667
52 130 0.041667
65 130 0.041667
67 130 0.041667
110 130 0.041667
119 130 0.041667
120 130 0.041667
127 130 0.041667
132 130 0.041667
137 130 0.041667
146 130 0.041667
151 130 0.041667
156 130 0.041667
162 130 0.041667
170 130 0.041667
175 130 0.041667
192 130 0.041667
14 185 0.030303
17 185 0.030303
20 185 0.030303
22 185 0.030303
26 185 0.030303
32 185 0.030303
41 185 0.030303
47 185 0.030303
48 185 0.030303
54 185 0.030303
65 185 0.030303
67 185 0.030303
73 185 0.030303
99 185 0.030303
103 185 0.030303
105 185 0.030303
115 185 0.030303
116 185 0.030303
131 185 0.030303
133 185 0.030303
134 185 0.030303
140 185 0.030303
142 185 0.030303
151 185 0.030303
154 185 0.030303
155 185 0.030303
156 185 0.030303
165 185 0.030303
169 185 0.030303
175 185 0.030303
181 185 0.030303
190 185 0.030303
192 185 0.030303
15 19 0.030303
17 19 0.030303
23 19 0.030303
24 19 0.030303
26 19 0.030303
29 19 0.030303
32 19 0.030303
33 19 0.030303
38 19 0.030303
60 19 0.030303
71 19 0.030303
84 19 0.030303
97 19 0.030303
101 19 0.030303
103 19 0.030303
107 19 0.030303
115 19 0.030303
118 19 0.030303
121 19 0.030303
126 19 0.030303
132 19 0.030303
150 19 0.030303
152 19 0.030303
157 19 0.030303
162 19 0.030303
164 19 0.030303
167 19 0.030303
170 19 0.030303
173 19 0.030303
178 19 0.030303
179 19 0.030303
189 19 0.030303
192 19 0.030303
15 123 0.030303
17 123 0.030303
26 123 0.030303
42 123 0.030303
47 123 0.030303
52 123 0.030303
68 123 0.030303
76 123 0.030303
85 123 0.030303
91 123 0.030303
101 123 0.030303
102 123 0.030303
105 123 0.030303
106 123 0.030303
113 123 0.030303
114 123 0.030303
118 123 0.030303
124 123 0.030303
127 123 0.030303
138 123 0.030303
144 123 0.030303
146 123 0.030303
147 123 0.030303
155 123 0.030303
159 123 0.030303
161 123 0.030303
165 123 0.030303
168 123 0.030303
171 123 0.030303
174 123 0.030303
177 123 0.030303
180 123 0.030303
188 123 0.030303
17 85 0.03125
20 85 0.03125
26 85 0.03125
40 85 0.03125
42 85 0.03125
45 85 0.03125
47 85 0.03125
51 85 0.03125
61 85 0.03125
65 85 0.03125
67 85 0.03125
68 85 0.03125
73 85 0.03125
76 85 0.03125
97 85 0.03125
105 85 0.03125
122 85 0.03125
123 85 0.03125
128 85 0.03125
131 85 0.03125
132 85 0.03125
140 85 0.03125
145 85 0.03125
146 85 0.03125
151 85 0.03125
163 85 0.03125
167 85 0.03125
175 85 0.03125
178 85 0.03125
182 85 0.03125
184 85 0.03125
189 85 0.03125
18 119 0.04
23 119 0.04
31 119 0.04
48 119 0.04
49 119 0.04
53 119 0.04
54 119 0.04
65 119 0.04
68 119 0.04
73 119 0.04
88 119 0.04
99 119 0.04
113 119 0.04
116 119 0.04
120 119 0.04
130 119 0.04
154 119 0.04
163 119 0.04
167 119 0.04
169 119 0.04
177 119 0.04
178 119 0.04
182 119 0.04
188 119 0.04
192 119 0.04
19 29 0.037037
46 29 0.037037
52 29 0.037037
60 29 0.037037
62 29 0.037037
63 29 0.037037
66 29 0.037037
69 29 0.037037
70 29 0.037037
77 29 0.037037
78 29 0.037037
90 29 0.037037
94 29 0.037037
97 29 0.037037
107 29 0.037037
120 29 0.037037
122 29 0.037037
130 29 0.037037
136 29 0.037037
148 29 0.037037
155 29 0.037037
158 29 0.037037
161 29 0.037037
164 29 0.037037
172 29 0.037037
180 29 0.037037
186 29 0.037037
21 104 0.047619
49 104 0.047619
55 104 0.047619
58 104 0.047619
69 104 0.047619
72 104 0.047619
78 104 0.047619
81 104 0.047619
82 104 0.047619
89 104 0.047619
101 104 0.047619
112 104 0.047619
115 104 0.047619
116 104 0.047619
117 104 0.047619
141 104 0.047619
142 104 0.047619
150 104 0.047619
159 104 0.047619
182 104 0.047619
184 104 0.047619
21 124 0.030303
25 124 0.030303
31 124 0.030303
34 124 0.030303
35 124 0.030303
40 124 0.030303
48 124 0.030303
70 124 0.030303
82 124 0.030303
87 124 0.030303
90 124 0.030303
93 124 0.030303
95 124 0.030303
98 124 0.030303
99 124 0.030303
107 124 0.030303
111 124 0.030303
115 124 0.030303
118 124 0.030303
123 124 0.030303
135 124 0.030303
145 124 0.030303
149 124 0.030303
165 124 0.030303
166 124 0.030303
172 124 0.030303
173 124 0.030303
176 124 0.030303
180 124 0.030303
184 124 0.030303
188 124 0.030303
190 124 0.030303
191 124 0.030303
22 172 0.037037
26 172 0.037037
27 172 0.037037
29 172 0.037037
56 172 0.037037
58 172 0.037037
63 172 0.037037
69 172 0.037037
80 172 0.037037
82 172 0.037037
86 172 0.037037
90 172 0.037037
91 172 0.037037
93 172 0.037037
103 172 0.037037
106 172 0.037037
124 172 0.037037
134 172 0.037037
141 172 0.037037
146 172 0.037037
148 172 0.037037
150 172 0.037037
158 172 0.037037
164 172 0.037037
165 172 0.037037
186 172 0.037037
191 172 0.037037
26 108 0.038462
27 108 0.038462
34 108 0.038462
35 108 0.038462
39 108 0.038462
44 108 0.038462
83 108 0.038462
89 108 0.038462
98 108 0.038462
99 108 0.038462
111 108 0.038462
112 108 0.038462
117 108 0.038462
133 108 0.038462
134 108 0.038462
138 108 0.038462
140 108 0.038462
143 108 0.038462
147 108 0.038462
154 108 0.038462
158 108 0.038462
159 108 0.038462
162 108 0.038462
174 108 0.038462
183 108 0.038462
191 108 0.038462
27 111 0.043478
33 111 0.043478
36 111 0.043478
39 111 0.043478
45 111 0.043478
54 111 0.043478
59 111 0.043478
86 111 0.043478
88 111 0.043478
90 111 0.043478
92 111 0.043478
101 111 0.043478
102 111 0.043478
108 111 0.043478
116 111 0.043478
124 111 0.043478
125 111 0.043478
127 111 0.043478
160 111 0.043478
161 111 0.043478
174 111 0.043478
190 111 0.043478
191 111 0.043478
28 176 0.047619
43 176 0.047619
44 176 0.047619
46 176 0.047619
48 176 0.047619
49 176 0.047619
68 176 0.047619
69 176 0.047619
74 176 0.047619
80 176 0.047619
86 176 0.047619
93 176 0.047619
97 176 0.047619
99 176 0.047619
121 176 0.047619
124 176 0.047619
144 176 0.047619
146 176 0.047619
159 176 0.047619
161 176 0.047619
169 176 0.047619
29 90 0.038462
40 90 0.038462
44 90 0.038462
47 90 0.038462
55 90 0.038462
67 90 0.038462
71 90 0.038462
79 90 0.038462
87 90 0.038462
92 90 0.038462
94 90 0.038462
103 90 0.038462
107 90 0.038462
111 90 0.038462
113 90 0.038462
124 90 0.038462
140 90 0.038462
145 90 0.038462
149 90 0.038462
155 90 0.038462
160 90 0.038462
161 90 0.038462
172 90 0.038462
173 90 0.038462
178 90 0.038462
192 90 0.038462
32 125 0.038462
34 125 0.038462
45 125 0.038462
60 125 0.038462
62 125 0.038462
70 125 0.038462
74 125 0.038462
76 125 0.038462
78 125 0.038462
80 125 0.038462
100 125 0.038462
107 125 0.038462
111 125 0.038462
112 125 0.038462
121 125 0.038462
128 125 0.038462
133 125 0.038462
138 125 0.038462
139 125 0.038462
141 125 0.038462
149 125 0.038462
153 125 0.038462
155 125 0.038462
167 125 0.038462
177 125 0.038462
183 125 0.038462
32 153 0.045455
46 153 0.045455
52 153 0.045455
56 153 0.045455
62 153 0.045455
63 153 0.045455
72 153 0.045455
80 153 0.045455
93 153 0.045455
99 153 0.045455
100 153 0.045455
107 153 0.045455
125 153 0.045455
133 153 0.045455
142 153 0.045455
148 153 0.045455
160 153 0.045455
165 153 0.045455
166 153 0.045455
171 153 0.045455
175 153 0.045455
189 153 0.045455
1 0 0.033333
2 0 0.033333
10 0 0.033333
14 0 0.033333
15 0 0.033333
24 0 0.033333
31 0 0.033333
42 0 0.033333
50 0 0.033333
52 0 0.033333
64 0 0.033333
68 0 0.033333
78 0 0.033333
88 0 0.033333
89 0 0.033333
129 0 0.033333
133 0 0.033333
135 0 0.033333
136 0 0.033333
143 0 0.033333
145 0 0.033333
154 0 0.033333
156 0 0.033333
157 0 0.033333
160 0 0.033333
163 0 0.033333
167 0 0.033333
171 0 0.033333
174 0 0.033333
183 0 0.033333
7 3 0.037037
9 3 0.037037
12 3 0.037037
17 3 0.037037
30 3 0.037037
31 3 0.037037
33 3 0.037037
34 3 0.037037
39 3 0.037037
47 3 0.037037
54 3 0.037037
57 3 0.037037
64 3 0.037037
91 3 0.037037
102 3 0.037037
103 3 0.037037
114 3 0.037037
121 3 0.037037
126 3 0.037037
138 3 0.037037
140 3 0.037037
145 3 0.037037
147 3 0.037037
164 3 0.037037
173 3 0.037037
174 3 0.037037
192 3 0.037037
13 4 0.035714
24 4 0.035714
26 4 0.035714
28 4 0.035714
46 4 0.035714
54 4 0.035714
57 4 0.035714
59 4 0.035714
60 4 0.035714
62 4 0.035714
68 4 0.035714
75 4 0.035714
78 4 0.035714
81 4 0.035714
95 4 0.035714
110 4 0.035714
121 4 0.035714
139 4 0.035714
143 4 0.035714
149 4 0.035714
163 4 0.035714
164 4 0.035714
173 4 0.035714
174 4 0.035714
178 4 0.035714
182 4 0.035714
184 4 0.035714
186 4 0.035714
