0 1 0.125
2 1 0.125
3 1 0.125
118 1 0.125
4 1 0.125
117 1 0.125
5 1 0.125
116 1 0.125
0 118 0.125
1 118 0.125
2 118 0.125
3 118 0.125
114 118 0.125
115 118 0.125
116 118 0.125
117 118 0.125
0 2 0.125
1 2 0.125
4 2 0.125
118 2 0.125
6 2 0.125
117 2 0.125
15 2 0.125
116 2 0.125
0 117 0.125
1 117 0.125
2 117 0.125
113 117 0.125
114 117 0.125
115 117 0.125
116 117 0.125
118 117 0.125
0 3 0.125
1 3 0.125
4 3 0.125
5 3 0.125
6 3 0.125
7 3 0.125
118 3 0.125
88 3 0.125
0 116 0.1
1 116 0.1
2 116 0.1
89 116 0.1
112 116 0.1
113 116 0.1
114 116 0.1
115 116 0.1
117 116 0.1
118 116 0.1
0 4 0.1
1 4 0.1
2 4 0.1
3 4 0.1
5 4 0.1
6 4 0.1
7 4 0.1
8 4 0.1
44 4 0.1
95 4 0.1
0 115 0.125
111 115 0.125
112 115 0.125
113 115 0.125
114 115 0.125
116 115 0.125
117 115 0.125
118 115 0.125
1 5 0.142857
3 5 0.142857
4 5 0.142857
6 5 0.142857
7 5 0.142857
8 5 0.142857
9 5 0.142857
2 6 0.111111
3 6 0.111111
4 6 0.111111
5 6 0.111111
7 6 0.111111
8 6 0.111111
10 6 0.111111
80 6 0.111111
36 6 0.111111
2 15 0.111111
11 15 0.111111
12 15 0.111111
13 15 0.111111
14 15 0.111111
17 15 0.111111
18 15 0.111111
19 15 0.111111
79 15 0.111111
3 7 0.125
4 7 0.125
5 7 0.125
6 7 0.125
8 7 0.125
9 7 0.125
10 7 0.125
11 7 0.125
3 88 0.142857
85 88 0.142857
86 88 0.142857
87 88 0.142857
89 88 0.142857
91 88 0.142857
92 88 0.142857
4 8 0.125
5 8 0.125
6 8 0.125
7 8 0.125
9 8 0.125
10 8 0.125
11 8 0.125
12 8 0.125
4 44 0.125
40 44 0.125
41 44 0.125
42 44 0.125
43 44 0.125
46 44 0.125
47 44 0.125
48 44 0.125
4 95 0.111111
67 95 0.111111
91 95 0.111111
92 95 0.111111
93 95 0.111111
94 95 0.111111
96 95 0.111111
97 95 0.111111
99 95 0.111111
5 9 0.142857
7 9 0.142857
8 9 0.142857
11 9 0.142857
12 9 0.142857
13 9 0.142857
60 9 0.142857
6 10 0.111111
7 10 0.111111
8 10 0.111111
11 10 0.111111
12 10 0.111111
13 10 0.111111
14 10 0.111111
21 10 0.111111
100 10 0.111111
6 80 0.1
12 80 0.1
76 80 0.1
77 80 0.1
78 80 0.1
79 80 0.1
81 80 0.1
82 80 0.1
83 80 0.1
84 80 0.1
6 36 0.125
32 36 0.125
33 36 0.125
34 36 0.125
35 36 0.125
37 36 0.125
38 36 0.125
40 36 0.125
7 11 0.111111
8 11 0.111111
9 11 0.111111
10 11 0.111111
12 11 0.111111
13 11 0.111111
14 11 0.111111
15 11 0.111111
69 11 0.111111
8 12 0.125
9 12 0.125
10 12 0.125
11 12 0.125
14 12 0.125
15 12 0.125
16 12 0.125
80 12 0.125
9 13 0.142857
10 13 0.142857
11 13 0.142857
15 13 0.142857
16 13 0.142857
17 13 0.142857
27 13 0.142857
9 60 0.111111
56 60 0.111111
57 60 0.111111
58 60 0.111111
59 60 0.111111
61 60 0.111111
62 60 0.111111
63 60 0.111111
64 60 0.111111
10 14 0.142857
11 14 0.142857
12 14 0.142857
15 14 0.142857
17 14 0.142857
18 14 0.142857
32 14 0.142857
10 21 0.125
17 21 0.125
18 21 0.125
19 21 0.125
20 21 0.125
22 21 0.125
24 21 0.125
25 21 0.125
10 100 0.125
49 100 0.125
96 100 0.125
98 100 0.125
99 100 0.125
101 100 0.125
102 100 0.125
103 100 0.125
11 69 0.142857
65 69 0.142857
66 69 0.142857
68 69 0.142857
70 69 0.142857
71 69 0.142857
73 69 0.142857
12 16 0.166667
13 16 0.166667
17 16 0.166667
18 16 0.166667
19 16 0.166667
20 16 0.166667
13 17 0.125
14 17 0.125
15 17 0.125
16 17 0.125
18 17 0.125
19 17 0.125
20 17 0.125
21 17 0.125
13 27 0.125
23 27 0.125
25 27 0.125
26 27 0.125
29 27 0.125
30 27 0.125
31 27 0.125
109 27 0.125
14 18 0.125
15 18 0.125
16 18 0.125
17 18 0.125
19 18 0.125
20 18 0.125
21 18 0.125
22 18 0.125
14 32 0.111111
28 32 0.111111
29 32 0.111111
30 32 0.111111
31 32 0.111111
33 32 0.111111
34 32 0.111111
35 32 0.111111
36 32 0.111111
15 19 0.125
16 19 0.125
17 19 0.125
18 19 0.125
20 19 0.125
21 19 0.125
22 19 0.125
23 19 0.125
15 79 0.1
20 79 0.1
30 79 0.1
39 79 0.1
75 79 0.1
76 79 0.1
77 79 0.1
78 79 0.1
80 79 0.1
83 79 0.1
16 20 0.111111
17 20 0.111111
18 20 0.111111
19 20 0.111111
21 20 0.111111
22 20 0.111111
23 20 0.111111
24 20 0.111111
79 20 0.111111
18 22 0.125
19 22 0.125
20 22 0.125
21 22 0.125
23 22 0.125
24 22 0.125
25 22 0.125
26 22 0.125
19 23 0.142857
20 23 0.142857
22 23 0.142857
24 23 0.142857
25 23 0.142857
26 23 0.142857
27 23 0.142857
20 24 0.125
21 24 0.125
22 24 0.125
23 24 0.125
25 24 0.125
26 24 0.125
28 24 0.125
94 24 0.125
21 25 0.125
22 25 0.125
23 25 0.125
24 25 0.125
27 25 0.125
28 25 0.125
29 25 0.125
40 25 0.125
22 26 0.142857
23 26 0.142857
24 26 0.142857
27 26 0.142857
28 26 0.142857
29 26 0.142857
30 26 0.142857
24 28 0.142857
25 28 0.142857
26 28 0.142857
29 28 0.142857
30 28 0.142857
31 28 0.142857
32 28 0.142857
24 94 0.142857
91 94 0.142857
92 94 0.142857
95 94 0.142857
96 94 0.142857
97 94 0.142857
98 94 0.142857
25 29 0.125
26 29 0.125
27 29 0.125
28 29 0.125
30 29 0.125
31 29 0.125
32 29 0.125
33 29 0.125
25 40 0.125
36 40 0.125
37 40 0.125
38 40 0.125
41 40 0.125
42 40 0.125
43 40 0.125
44 40 0.125
26 30 0.111111
27 30 0.111111
28 30 0.111111
29 30 0.111111
31 30 0.111111
32 30 0.111111
33 30 0.111111
34 30 0.111111
79 30 0.111111
27 31 0.125
28 31 0.125
29 31 0.125
30 31 0.125
32 31 0.125
33 31 0.125
34 31 0.125
35 31 0.125
27 109 0.111111
97 109 0.111111
105 109 0.111111
106 109 0.111111
108 109 0.111111
110 109 0.111111
111 109 0.111111
112 109 0.111111
113 109 0.111111
29 33 0.111111
30 33 0.111111
31 33 0.111111
32 33 0.111111
34 33 0.111111
35 33 0.111111
36 33 0.111111
37 33 0.111111
111 33 0.111111
30 34 0.125
31 34 0.125
32 34 0.125
33 34 0.125
35 34 0.125
36 34 0.125
37 34 0.125
38 34 0.125
31 35 0.125
32 35 0.125
33 35 0.125
34 35 0.125
36 35 0.125
37 35 0.125
38 35 0.125
39 35 0.125
33 37 0.125
34 37 0.125
35 37 0.125
36 37 0.125
38 37 0.125
39 37 0.125
40 37 0.125
97 37 0.125
33 111 0.111111
48 111 0.111111
63 111 0.111111
108 111 0.111111
109 111 0.111111
110 111 0.111111
113 111 0.111111
114 111 0.111111
115 111 0.111111
34 38 0.125
35 38 0.125
36 38 0.125
37 38 0.125
39 38 0.125
40 38 0.125
41 38 0.125
42 38 0.125
35 39 0.111111
37 39 0.111111
38 39 0.111111
41 39 0.111111
43 39 0.111111
79 39 0.111111
101 39 0.111111
92 39 0.111111
97 39 0.111111
37 97 0.111111
39 97 0.111111
93 97 0.111111
94 97 0.111111
95 97 0.111111
96 97 0.111111
98 97 0.111111
101 97 0.111111
109 97 0.111111
38 41 0.142857
39 41 0.142857
40 41 0.142857
42 41 0.142857
43 41 0.142857
44 41 0.142857
45 41 0.142857
38 42 0.142857
40 42 0.142857
41 42 0.142857
43 42 0.142857
44 42 0.142857
45 42 0.142857
46 42 0.142857
39 43 0.125
40 43 0.125
41 43 0.125
42 43 0.125
44 43 0.125
45 43 0.125
46 43 0.125
47 43 0.125
39 101 0.125
97 101 0.125
98 101 0.125
99 101 0.125
100 101 0.125
103 101 0.125
104 101 0.125
105 101 0.125
39 92 0.111111
88 92 0.111111
89 92 0.111111
90 92 0.111111
91 92 0.111111
93 92 0.111111
94 92 0.111111
95 92 0.111111
96 92 0.111111
41 45 0.125
42 45 0.125
43 45 0.125
46 45 0.125
47 45 0.125
49 45 0.125
83 45 0.125
74 45 0.125
42 46 0.125
43 46 0.125
44 46 0.125
45 46 0.125
47 46 0.125
48 46 0.125
50 46 0.125
104 46 0.125
43 47 0.125
44 47 0.125
45 47 0.125
46 47 0.125
48 47 0.125
49 47 0.125
50 47 0.125
51 47 0.125
44 48 0.142857
46 48 0.142857
47 48 0.142857
49 48 0.142857
50 48 0.142857
51 48 0.142857
111 48 0.142857
45 49 0.142857
47 49 0.142857
48 49 0.142857
50 49 0.142857
52 49 0.142857
53 49 0.142857
100 49 0.142857
45 83 0.125
79 83 0.125
80 83 0.125
81 83 0.125
82 83 0.125
85 83 0.125
86 83 0.125
104 83 0.125
45 74 0.1
53 74 0.1
70 74 0.1
71 74 0.1
72 74 0.1
73 74 0.1
76 74 0.1
77 74 0.1
78 74 0.1
93 74 0.1
46 50 0.125
47 50 0.125
48 50 0.125
49 50 0.125
51 50 0.125
52 50 0.125
53 50 0.125
54 50 0.125
46 104 0.111111
83 104 0.111111
101 104 0.111111
102 104 0.111111
103 104 0.111111
105 104 0.111111
106 104 0.111111
107 104 0.111111
108 104 0.111111
47 51 0.142857
48 51 0.142857
50 51 0.142857
52 51 0.142857
53 51 0.142857
54 51 0.142857
55 51 0.142857
49 52 0.142857
50 52 0.142857
51 52 0.142857
53 52 0.142857
54 52 0.142857
55 52 0.142857
66 52 0.142857
49 53 0.111111
50 53 0.111111
51 53 0.111111
52 53 0.111111
55 53 0.111111
56 53 0.111111
57 53 0.111111
59 53 0.111111
74 53 0.111111
50 54 0.142857
51 54 0.142857
52 54 0.142857
55 54 0.142857
56 54 0.142857
57 54 0.142857
66 54 0.142857
51 55 0.125
52 55 0.125
53 55 0.125
54 55 0.125
56 55 0.125
57 55 0.125
58 55 0.125
59 55 0.125
52 66 0.111111
54 66 0.111111
62 66 0.111111
64 66 0.111111
65 66 0.111111
67 66 0.111111
68 66 0.111111
69 66 0.111111
70 66 0.111111
53 56 0.142857
54 56 0.142857
55 56 0.142857
57 56 0.142857
58 56 0.142857
59 56 0.142857
60 56 0.142857
53 57 0.125
54 57 0.125
55 57 0.125
56 57 0.125
59 57 0.125
60 57 0.125
61 57 0.125
108 57 0.125
53 59 0.125
55 59 0.125
56 59 0.125
57 59 0.125
60 59 0.125
61 59 0.125
62 59 0.125
63 59 0.125
55 58 0.166667
56 58 0.166667
60 58 0.166667
61 58 0.166667
62 58 0.166667
114 58 0.166667
57 61 0.125
58 61 0.125
59 61 0.125
60 61 0.125
62 61 0.125
63 61 0.125
64 61 0.125
65 61 0.125
57 108 0.111111
104 108 0.111111
105 108 0.111111
106 108 0.111111
107 108 0.111111
109 108 0.111111
110 108 0.111111
111 108 0.111111
112 108 0.111111
58 62 0.125
59 62 0.125
60 62 0.125
61 62 0.125
63 62 0.125
64 62 0.125
65 62 0.125
66 62 0.125
58 114 0.125
110 114 0.125
111 114 0.125
113 114 0.125
115 114 0.125
116 114 0.125
117 114 0.125
118 114 0.125
59 63 0.125
60 63 0.125
61 63 0.125
62 63 0.125
64 63 0.125
65 63 0.125
67 63 0.125
111 63 0.125
60 64 0.125
61 64 0.125
62 64 0.125
63 64 0.125
65 64 0.125
66 64 0.125
67 64 0.125
68 64 0.125
61 65 0.111111
62 65 0.111111
63 65 0.111111
64 65 0.111111
66 65 0.111111
67 65 0.111111
68 65 0.111111
69 65 0.111111
90 65 0.111111
63 67 0.125
64 67 0.125
65 67 0.125
66 67 0.125
68 67 0.125
70 67 0.125
71 67 0.125
95 67 0.125
64 68 0.125
65 68 0.125
66 68 0.125
67 68 0.125
69 68 0.125
70 68 0.125
71 68 0.125
72 68 0.125
65 90 0.142857
86 90 0.142857
87 90 0.142857
89 90 0.142857
91 90 0.142857
92 90 0.142857
93 90 0.142857
66 70 0.111111
67 70 0.111111
68 70 0.111111
69 70 0.111111
71 70 0.111111
72 70 0.111111
73 70 0.111111
74 70 0.111111
84 70 0.111111
67 71 0.125
68 71 0.125
69 71 0.125
70 71 0.125
72 71 0.125
73 71 0.125
74 71 0.125
75 71 0.125
68 72 0.142857
70 72 0.142857
71 72 0.142857
73 72 0.142857
74 72 0.142857
75 72 0.142857
89 72 0.142857
69 73 0.125
70 73 0.125
71 73 0.125
72 73 0.125
74 73 0.125
75 73 0.125
76 73 0.125
77 73 0.125
70 84 0.142857
80 84 0.142857
81 84 0.142857
82 84 0.142857
85 84 0.142857
86 84 0.142857
87 84 0.142857
71 75 0.125
72 75 0.125
73 75 0.125
76 75 0.125
77 75 0.125
78 75 0.125
79 75 0.125
107 75 0.125
72 89 0.125
85 89 0.125
86 89 0.125
88 89 0.125
90 89 0.125
91 89 0.125
92 89 0.125
116 89 0.125
73 76 0.142857
74 76 0.142857
75 76 0.142857
77 76 0.142857
78 76 0.142857
79 76 0.142857
80 76 0.142857
73 77 0.125
74 77 0.125
75 77 0.125
76 77 0.125
78 77 0.125
79 77 0.125
80 77 0.125
81 77 0.125
74 78 0.125
75 78 0.125
76 78 0.125
77 78 0.125
79 78 0.125
80 78 0.125
81 78 0.125
82 78 0.125
74 93 0.142857
90 93 0.142857
91 93 0.142857
92 93 0.142857
95 93 0.142857
96 93 0.142857
97 93 0.142857
75 107 0.125
103 107 0.125
104 107 0.125
105 107 0.125
106 107 0.125
108 107 0.125
110 107 0.125
112 107 0.125
77 81 0.125
78 81 0.125
80 81 0.125
82 81 0.125
83 81 0.125
84 81 0.125
85 81 0.125
112 81 0.125
78 82 0.142857
80 82 0.142857
81 82 0.142857
83 82 0.142857
84 82 0.142857
85 82 0.142857
86 82 0.142857
81 85 0.125
82 85 0.125
83 85 0.125
84 85 0.125
86 85 0.125
87 85 0.125
88 85 0.125
89 85 0.125
81 112 0.125
107 112 0.125
108 112 0.125
109 112 0.125
110 112 0.125
113 112 0.125
115 112 0.125
116 112 0.125
82 86 0.125
83 86 0.125
84 86 0.125
85 86 0.125
87 86 0.125
88 86 0.125
89 86 0.125
90 86 0.125
84 87 0.142857
85 87 0.142857
86 87 0.142857
88 87 0.142857
90 87 0.142857
91 87 0.142857
110 87 0.142857
87 91 0.125
88 91 0.125
89 91 0.125
90 91 0.125
92 91 0.125
93 91 0.125
94 91 0.125
95 91 0.125
87 110 0.111111
106 110 0.111111
107 110 0.111111
108 110 0.111111
109 110 0.111111
111 110 0.111111
112 110 0.111111
113 110 0.111111
114 110 0.111111
92 96 0.125
93 96 0.125
94 96 0.125
95 96 0.125
97 96 0.125
98 96 0.125
99 96 0.125
100 96 0.125
94 98 0.142857
96 98 0.142857
97 98 0.142857
99 98 0.142857
100 98 0.142857
101 98 0.142857
102 98 0.142857
95 99 0.142857
96 99 0.142857
98 99 0.142857
100 99 0.142857
101 99 0.142857
102 99 0.142857
103 99 0.142857
98 102 0.142857
99 102 0.142857
100 102 0.142857
103 102 0.142857
104 102 0.142857
105 102 0.142857
106 102 0.142857
99 103 0.125
100 103 0.125
101 103 0.125
102 103 0.125
104 103 0.125
105 103 0.125
106 103 0.125
107 103 0.125
101 105 0.125
102 105 0.125
103 105 0.125
104 105 0.125
106 105 0.125
107 105 0.125
108 105 0.125
109 105 0.125
102 106 0.125
103 106 0.125
104 106 0.125
105 106 0.125
107 106 0.125
108 106 0.125
109 106 0.125
110 106 0.125
109 113 0.125
110 113 0.125
111 113 0.125
112 113 0.125
114 113 0.125
115 113 0.125
116 113 0.125
117 113 0.125
1 0 0.125
118 0 0.125
2 0 0.125
117 0 0.125
3 0 0.125
116 0 0.125
4 0 0.125
115 0 0.125
