0 1 0.142857
2 1 0.142857
3 1 0.142857
193 1 0.142857
4 1 0.142857
5 1 0.142857
191 1 0.142857
0 193 0.125
1 193 0.125
2 193 0.125
3 193 0.125
189 193 0.125
190 193 0.125
191 193 0.125
192 193 0.125
0 2 0.111111
1 2 0.111111
3 2 0.111111
4 2 0.111111
5 2 0.111111
193 2 0.111111
6 2 0.111111
135 2 0.111111
147 2 0.111111
0 192 0.142857
8 192 0.142857
17 192 0.142857
32 192 0.142857
189 192 0.142857
191 192 0.142857
193 192 0.142857
0 3 0.125
1 3 0.125
2 3 0.125
4 3 0.125
5 3 0.125
6 3 0.125
193 3 0.125
102 3 0.125
0 191 0.125
1 191 0.125
187 191 0.125
188 191 0.125
189 191 0.125
190 191 0.125
192 191 0.125
193 191 0.125
0 4 0.111111
1 4 0.111111
2 4 0.111111
3 4 0.111111
5 4 0.111111
6 4 0.111111
7 4 0.111111
8 4 0.111111
36 4 0.111111
1 5 0.125
2 5 0.125
3 5 0.125
4 5 0.125
7 5 0.125
9 5 0.125
172 5 0.125
52 5 0.125
2 6 0.142857
3 6 0.142857
4 6 0.142857
7 6 0.142857
8 6 0.142857
9 6 0.142857
10 6 0.142857
2 135 0.111111
50 135 0.111111
131 135 0.111111
132 135 0.111111
133 135 0.111111
134 135 0.111111
137 135 0.111111
138 135 0.111111
139 135 0.111111
2 147 0.142857
144 147 0.142857
145 147 0.142857
146 147 0.142857
148 147 0.142857
149 147 0.142857
150 147 0.142857
3 102 0.1
67 102 0.1
98 102 0.1
99 102 0.1
100 102 0.1
101 102 0.1
103 102 0.1
104 102 0.1
105 102 0.1
114 102 0.1
4 7 0.142857
5 7 0.142857
6 7 0.142857
8 7 0.142857
9 7 0.142857
10 7 0.142857
11 7 0.142857
4 8 0.125
6 8 0.125
7 8 0.125
9 8 0.125
10 8 0.125
11 8 0.125
180 8 0.125
192 8 0.125
4 36 0.142857
23 36 0.142857
32 36 0.142857
33 36 0.142857
34 36 0.142857
38 36 0.142857
40 36 0.142857
5 9 0.125
6 9 0.125
7 9 0.125
8 9 0.125
10 9 0.125
11 9 0.125
12 9 0.125
13 9 0.125
5 172 0.111111
53 172 0.111111
62 172 0.111111
168 172 0.111111
169 172 0.111111
170 172 0.111111
171 172 0.111111
175 172 0.111111
176 172 0.111111
5 52 0.125
48 52 0.125
50 52 0.125
51 52 0.125
53 52 0.125
54 52 0.125
55 52 0.125
56 52 0.125
6 10 0.111111
7 10 0.111111
8 10 0.111111
9 10 0.111111
12 10 0.111111
13 10 0.111111
14 10 0.111111
104 10 0.111111
41 10 0.111111
7 11 0.125
8 11 0.125
9 11 0.125
12 11 0.125
13 11 0.125
14 11 0.125
15 11 0.125
139 11 0.125
8 180 0.111111
22 180 0.111111
123 180 0.111111
176 180 0.111111
177 180 0.111111
178 180 0.111111
181 180 0.111111
183 180 0.111111
184 180 0.111111
9 12 0.142857
10 12 0.142857
11 12 0.142857
13 12 0.142857
14 12 0.142857
15 12 0.142857
16 12 0.142857
9 13 0.125
10 13 0.125
11 13 0.125
12 13 0.125
14 13 0.125
15 13 0.125
16 13 0.125
17 13 0.125
10 14 0.125
11 14 0.125
12 14 0.125
13 14 0.125
15 14 0.125
16 14 0.125
17 14 0.125
18 14 0.125
10 104 0.125
101 104 0.125
102 104 0.125
103 104 0.125
105 104 0.125
106 104 0.125
107 104 0.125
108 104 0.125
10 41 0.125
37 41 0.125
38 41 0.125
39 41 0.125
40 41 0.125
43 41 0.125
44 41 0.125
45 41 0.125
11 15 0.111111
12 15 0.111111
13 15 0.111111
14 15 0.111111
17 15 0.111111
18 15 0.111111
19 15 0.111111
140 15 0.111111
149 15 0.111111
11 139 0.125
135 139 0.125
136 139 0.125
137 139 0.125
138 139 0.125
140 139 0.125
141 139 0.125
143 139 0.125
12 16 0.142857
13 16 0.142857
14 16 0.142857
17 16 0.142857
18 16 0.142857
19 16 0.142857
20 16 0.142857
13 17 0.090909
14 17 0.090909
15 17 0.090909
16 17 0.090909
18 17 0.090909
20 17 0.090909
21 17 0.090909
163 17 0.090909
115 17 0.090909
105 17 0.090909
192 17 0.090909
14 18 0.111111
15 18 0.111111
16 18 0.111111
17 18 0.111111
19 18 0.111111
20 18 0.111111
22 18 0.111111
33 18 0.111111
34 18 0.111111
15 19 0.125
16 19 0.125
18 19 0.125
20 19 0.125
21 19 0.125
22 19 0.125
23 19 0.125
42 19 0.125
15 140 0.142857
138 140 0.142857
139 140 0.142857
141 140 0.142857
142 140 0.142857
143 140 0.142857
144 140 0.142857
15 149 0.125
29 149 0.125
145 149 0.125
146 149 0.125
147 149 0.125
148 149 0.125
150 149 0.125
153 149 0.125
16 20 0.090909
17 20 0.090909
18 20 0.090909
19 20 0.090909
21 20 0.090909
22 20 0.090909
23 20 0.090909
24 20 0.090909
30 20 0.090909
31 20 0.090909
137 20 0.090909
17 21 0.142857
19 21 0.142857
20 21 0.142857
22 21 0.142857
23 21 0.142857
24 21 0.142857
25 21 0.142857
17 163 0.1
24 163 0.1
117 163 0.1
159 163 0.1
160 163 0.1
161 163 0.1
162 163 0.1
165 163 0.1
166 163 0.1
167 163 0.1
17 115 0.111111
111 115 0.111111
112 115 0.111111
113 115 0.111111
114 115 0.111111
116 115 0.111111
117 115 0.111111
118 115 0.111111
119 115 0.111111
17 105 0.125
101 105 0.125
102 105 0.125
103 105 0.125
104 105 0.125
106 105 0.125
107 105 0.125
109 105 0.125
18 22 0.125
19 22 0.125
20 22 0.125
21 22 0.125
23 22 0.125
24 22 0.125
26 22 0.125
180 22 0.125
18 33 0.125
29 33 0.125
30 33 0.125
31 33 0.125
32 33 0.125
34 33 0.125
36 33 0.125
90 33 0.125
18 34 0.125
30 34 0.125
32 34 0.125
33 34 0.125
35 34 0.125
36 34 0.125
37 34 0.125
38 34 0.125
19 23 0.111111
20 23 0.111111
21 23 0.111111
22 23 0.111111
24 23 0.111111
25 23 0.111111
26 23 0.111111
27 23 0.111111
36 23 0.111111
19 42 0.142857
38 42 0.142857
39 42 0.142857
40 42 0.142857
43 42 0.142857
44 42 0.142857
45 42 0.142857
20 24 0.125
21 24 0.125
22 24 0.125
23 24 0.125
25 24 0.125
27 24 0.125
28 24 0.125
163 24 0.125
20 30 0.125
26 30 0.125
27 30 0.125
28 30 0.125
29 30 0.125
31 30 0.125
33 30 0.125
34 30 0.125
20 31 0.111111
27 31 0.111111
28 31 0.111111
29 31 0.111111
30 31 0.111111
32 31 0.111111
33 31 0.111111
35 31 0.111111
143 31 0.111111
20 137 0.125
133 137 0.125
134 137 0.125
135 137 0.125
136 137 0.125
138 137 0.125
139 137 0.125
141 137 0.125
21 25 0.142857
23 25 0.142857
24 25 0.142857
26 25 0.142857
27 25 0.142857
28 25 0.142857
29 25 0.142857
22 26 0.142857
23 26 0.142857
25 26 0.142857
27 26 0.142857
29 26 0.142857
30 26 0.142857
178 26 0.142857
23 27 0.125
24 27 0.125
25 27 0.125
26 27 0.125
28 27 0.125
29 27 0.125
30 27 0.125
31 27 0.125
24 28 0.142857
25 28 0.142857
27 28 0.142857
29 28 0.142857
30 28 0.142857
31 28 0.142857
32 28 0.142857
25 29 0.111111
26 29 0.111111
27 29 0.111111
28 29 0.111111
30 29 0.111111
31 29 0.111111
32 29 0.111111
33 29 0.111111
149 29 0.111111
26 178 0.125
174 178 0.125
175 178 0.125
177 178 0.125
179 178 0.125
180 178 0.125
181 178 0.125
182 178 0.125
28 32 0.125
29 32 0.125
31 32 0.125
33 32 0.125
34 32 0.125
35 32 0.125
36 32 0.125
192 32 0.125
31 35 0.125
32 35 0.125
34 35 0.125
37 35 0.125
38 35 0.125
39 35 0.125
181 35 0.125
75 35 0.125
31 143 0.125
139 143 0.125
140 143 0.125
141 143 0.125
142 143 0.125
144 143 0.125
145 143 0.125
171 143 0.125
33 90 0.1
77 90 0.1
86 90 0.1
87 90 0.1
88 90 0.1
89 90 0.1
91 90 0.1
92 90 0.1
93 90 0.1
94 90 0.1
34 37 0.166667
35 37 0.166667
38 37 0.166667
39 37 0.166667
40 37 0.166667
41 37 0.166667
34 38 0.111111
35 38 0.111111
36 38 0.111111
37 38 0.111111
39 38 0.111111
40 38 0.111111
41 38 0.111111
42 38 0.111111
108 38 0.111111
35 39 0.142857
37 39 0.142857
38 39 0.142857
40 39 0.142857
41 39 0.142857
42 39 0.142857
43 39 0.142857
35 181 0.111111
101 181 0.111111
177 181 0.111111
178 181 0.111111
179 181 0.111111
180 181 0.111111
182 181 0.111111
183 181 0.111111
184 181 0.111111
35 75 0.125
71 75 0.125
72 75 0.125
73 75 0.125
74 75 0.125
77 75 0.125
78 75 0.125
79 75 0.125
36 40 0.125
37 40 0.125
38 40 0.125
39 40 0.125
41 40 0.125
42 40 0.125
43 40 0.125
44 40 0.125
38 108 0.142857
104 108 0.142857
106 108 0.142857
107 108 0.142857
110 108 0.142857
111 108 0.142857
112 108 0.142857
39 43 0.125
40 43 0.125
41 43 0.125
42 43 0.125
44 43 0.125
45 43 0.125
46 43 0.125
47 43 0.125
40 44 0.125
41 44 0.125
42 44 0.125
43 44 0.125
45 44 0.125
46 44 0.125
47 44 0.125
48 44 0.125
41 45 0.125
42 45 0.125
43 45 0.125
44 45 0.125
46 45 0.125
47 45 0.125
48 45 0.125
49 45 0.125
43 46 0.142857
44 46 0.142857
45 46 0.142857
47 46 0.142857
48 46 0.142857
49 46 0.142857
50 46 0.142857
43 47 0.111111
44 47 0.111111
45 47 0.111111
46 47 0.111111
48 47 0.111111
49 47 0.111111
50 47 0.111111
51 47 0.111111
176 47 0.111111
44 48 0.111111
45 48 0.111111
46 48 0.111111
47 48 0.111111
50 48 0.111111
51 48 0.111111
52 48 0.111111
145 48 0.111111
116 48 0.111111
45 49 0.125
46 49 0.125
47 49 0.125
50 49 0.125
51 49 0.125
53 49 0.125
179 49 0.125
190 49 0.125
46 50 0.125
47 50 0.125
48 50 0.125
49 50 0.125
51 50 0.125
52 50 0.125
54 50 0.125
135 50 0.125
47 51 0.125
48 51 0.125
49 51 0.125
50 51 0.125
52 51 0.125
53 51 0.125
54 51 0.125
141 51 0.125
47 176 0.125
172 176 0.125
173 176 0.125
174 176 0.125
175 176 0.125
177 176 0.125
179 176 0.125
180 176 0.125
48 145 0.1
92 145 0.1
100 145 0.1
141 145 0.1
142 145 0.1
143 145 0.1
144 145 0.1
147 145 0.1
148 145 0.1
149 145 0.1
48 116 0.111111
85 116 0.111111
112 116 0.111111
113 116 0.111111
114 116 0.111111
115 116 0.111111
118 116 0.111111
120 116 0.111111
161 116 0.111111
49 53 0.125
51 53 0.125
52 53 0.125
54 53 0.125
55 53 0.125
56 53 0.125
57 53 0.125
172 53 0.125
49 179 0.125
175 179 0.125
176 179 0.125
177 179 0.125
178 179 0.125
181 179 0.125
182 179 0.125
183 179 0.125
49 190 0.1
58 190 0.1
117 190 0.1
168 190 0.1
186 190 0.1
187 190 0.1
188 190 0.1
189 190 0.1
191 190 0.1
193 190 0.1
50 54 0.125
51 54 0.125
52 54 0.125
53 54 0.125
55 54 0.125
56 54 0.125
57 54 0.125
58 54 0.125
51 141 0.1
136 141 0.1
137 141 0.1
138 141 0.1
139 141 0.1
140 141 0.1
142 141 0.1
143 141 0.1
144 141 0.1
145 141 0.1
52 55 0.142857
53 55 0.142857
54 55 0.142857
56 55 0.142857
57 55 0.142857
58 55 0.142857
59 55 0.142857
52 56 0.125
53 56 0.125
54 56 0.125
55 56 0.125
57 56 0.125
58 56 0.125
59 56 0.125
60 56 0.125
53 57 0.111111
54 57 0.111111
55 57 0.111111
56 57 0.111111
58 57 0.111111
59 57 0.111111
60 57 0.111111
61 57 0.111111
119 57 0.111111
54 58 0.125
55 58 0.125
56 58 0.125
57 58 0.125
59 58 0.125
60 58 0.125
61 58 0.125
190 58 0.125
55 59 0.125
56 59 0.125
57 59 0.125
58 59 0.125
60 59 0.125
61 59 0.125
62 59 0.125
63 59 0.125
56 60 0.1
57 60 0.1
58 60 0.1
59 60 0.1
61 60 0.1
62 60 0.1
63 60 0.1
64 60 0.1
106 60 0.1
188 60 0.1
57 61 0.125
58 61 0.125
59 61 0.125
60 61 0.125
63 61 0.125
64 61 0.125
65 61 0.125
86 61 0.125
57 119 0.142857
115 119 0.142857
117 119 0.142857
118 119 0.142857
121 119 0.142857
123 119 0.142857
129 119 0.142857
59 62 0.142857
60 62 0.142857
63 62 0.142857
64 62 0.142857
65 62 0.142857
66 62 0.142857
172 62 0.142857
59 63 0.125
60 63 0.125
61 63 0.125
62 63 0.125
64 63 0.125
65 63 0.125
66 63 0.125
67 63 0.125
60 64 0.125
61 64 0.125
62 64 0.125
63 64 0.125
65 64 0.125
66 64 0.125
67 64 0.125
68 64 0.125
60 106 0.125
103 106 0.125
104 106 0.125
105 106 0.125
108 106 0.125
109 106 0.125
110 106 0.125
121 106 0.125
60 188 0.142857
185 188 0.142857
186 188 0.142857
187 188 0.142857
189 188 0.142857
190 188 0.142857
191 188 0.142857
61 65 0.125
62 65 0.125
63 65 0.125
64 65 0.125
67 65 0.125
68 65 0.125
69 65 0.125
103 65 0.125
61 86 0.111111
82 86 0.111111
83 86 0.111111
84 86 0.111111
85 86 0.111111
87 86 0.111111
88 86 0.111111
89 86 0.111111
90 86 0.111111
62 66 0.142857
63 66 0.142857
64 66 0.142857
67 66 0.142857
68 66 0.142857
69 66 0.142857
70 66 0.142857
63 67 0.125
64 67 0.125
65 67 0.125
66 67 0.125
68 67 0.125
69 67 0.125
70 67 0.125
102 67 0.125
64 68 0.125
65 68 0.125
66 68 0.125
67 68 0.125
69 68 0.125
70 68 0.125
71 68 0.125
72 68 0.125
65 69 0.125
66 69 0.125
67 69 0.125
68 69 0.125
70 69 0.125
71 69 0.125
72 69 0.125
73 69 0.125
65 103 0.111111
99 103 0.111111
100 103 0.111111
101 103 0.111111
102 103 0.111111
104 103 0.111111
105 103 0.111111
106 103 0.111111
107 103 0.111111
66 70 0.125
67 70 0.125
68 70 0.125
69 70 0.125
71 70 0.125
72 70 0.125
74 70 0.125
87 70 0.125
68 71 0.142857
69 71 0.142857
70 71 0.142857
72 71 0.142857
73 71 0.142857
74 71 0.142857
75 71 0.142857
68 72 0.125
69 72 0.125
70 72 0.125
71 72 0.125
73 72 0.125
74 72 0.125
75 72 0.125
76 72 0.125
69 73 0.142857
71 73 0.142857
72 73 0.142857
74 73 0.142857
75 73 0.142857
76 73 0.142857
77 73 0.142857
70 74 0.125
71 74 0.125
72 74 0.125
73 74 0.125
75 74 0.125
76 74 0.125
77 74 0.125
78 74 0.125
70 87 0.111111
83 87 0.111111
84 87 0.111111
85 87 0.111111
86 87 0.111111
88 87 0.111111
89 87 0.111111
90 87 0.111111
91 87 0.111111
72 76 0.142857
73 76 0.142857
74 76 0.142857
77 76 0.142857
78 76 0.142857
79 76 0.142857
80 76 0.142857
73 77 0.125
74 77 0.125
75 77 0.125
76 77 0.125
78 77 0.125
79 77 0.125
81 77 0.125
90 77 0.125
74 78 0.111111
75 78 0.111111
76 78 0.111111
77 78 0.111111
79 78 0.111111
80 78 0.111111
81 78 0.111111
82 78 0.111111
182 78 0.111111
75 79 0.125
76 79 0.125
77 79 0.125
78 79 0.125
80 79 0.125
81 79 0.125
82 79 0.125
83 79 0.125
76 80 0.125
78 80 0.125
79 80 0.125
81 80 0.125
82 80 0.125
83 80 0.125
84 80 0.125
150 80 0.125
77 81 0.125
78 81 0.125
79 81 0.125
80 81 0.125
82 81 0.125
83 81 0.125
84 81 0.125
85 81 0.125
78 82 0.111111
79 82 0.111111
80 82 0.111111
81 82 0.111111
83 82 0.111111
84 82 0.111111
85 82 0.111111
86 82 0.111111
122 82 0.111111
78 182 0.142857
178 182 0.142857
179 182 0.142857
181 182 0.142857
183 182 0.142857
184 182 0.142857
186 182 0.142857
79 83 0.111111
80 83 0.111111
81 83 0.111111
82 83 0.111111
84 83 0.111111
85 83 0.111111
86 83 0.111111
87 83 0.111111
184 83 0.111111
80 84 0.125
81 84 0.125
82 84 0.125
83 84 0.125
85 84 0.125
86 84 0.125
87 84 0.125
88 84 0.125
80 150 0.125
146 150 0.125
147 150 0.125
148 150 0.125
149 150 0.125
151 150 0.125
152 150 0.125
154 150 0.125
81 85 0.111111
82 85 0.111111
83 85 0.111111
84 85 0.111111
86 85 0.111111
87 85 0.111111
88 85 0.111111
116 85 0.111111
92 85 0.111111
82 122 0.125
118 122 0.125
120 122 0.125
121 122 0.125
123 122 0.125
124 122 0.125
125 122 0.125
152 122 0.125
83 184 0.125
180 184 0.125
181 184 0.125
182 184 0.125
183 184 0.125
185 184 0.125
186 184 0.125
187 184 0.125
84 88 0.125
85 88 0.125
86 88 0.125
87 88 0.125
89 88 0.125
90 88 0.125
91 88 0.125
92 88 0.125
85 92 0.1
88 92 0.1
89 92 0.1
90 92 0.1
91 92 0.1
93 92 0.1
94 92 0.1
95 92 0.1
96 92 0.1
145 92 0.1
86 89 0.142857
87 89 0.142857
88 89 0.142857
90 89 0.142857
91 89 0.142857
92 89 0.142857
93 89 0.142857
87 91 0.125
88 91 0.125
89 91 0.125
90 91 0.125
92 91 0.125
93 91 0.125
94 91 0.125
95 91 0.125
89 93 0.111111
90 93 0.111111
91 93 0.111111
92 93 0.111111
94 93 0.111111
95 93 0.111111
96 93 0.111111
183 93 0.111111
186 93 0.111111
90 94 0.125
91 94 0.125
92 94 0.125
93 94 0.125
95 94 0.125
96 94 0.125
97 94 0.125
98 94 0.125
91 95 0.125
92 95 0.125
93 95 0.125
94 95 0.125
96 95 0.125
97 95 0.125
98 95 0.125
99 95 0.125
92 96 0.125
93 96 0.125
94 96 0.125
95 96 0.125
97 96 0.125
98 96 0.125
99 96 0.125
100 96 0.125
93 183 0.125
179 183 0.125
180 183 0.125
181 183 0.125
182 183 0.125
184 183 0.125
185 183 0.125
187 183 0.125
93 186 0.125
182 186 0.125
184 186 0.125
185 186 0.125
187 186 0.125
188 186 0.125
189 186 0.125
190 186 0.125
94 97 0.142857
95 97 0.142857
96 97 0.142857
98 97 0.142857
99 97 0.142857
100 97 0.142857
101 97 0.142857
94 98 0.125
95 98 0.125
96 98 0.125
97 98 0.125
99 98 0.125
100 98 0.125
101 98 0.125
102 98 0.125
95 99 0.125
96 99 0.125
97 99 0.125
98 99 0.125
100 99 0.125
101 99 0.125
102 99 0.125
103 99 0.125
96 100 0.125
97 100 0.125
98 100 0.125
99 100 0.125
101 100 0.125
102 100 0.125
103 100 0.125
145 100 0.125
97 101 0.111111
98 101 0.111111
99 101 0.111111
100 101 0.111111
102 101 0.111111
103 101 0.111111
104 101 0.111111
105 101 0.111111
181 101 0.111111
102 114 0.111111
110 114 0.111111
111 114 0.111111
112 114 0.111111
113 114 0.111111
115 114 0.111111
116 114 0.111111
117 114 0.111111
118 114 0.111111
103 107 0.142857
104 107 0.142857
105 107 0.142857
108 107 0.142857
109 107 0.142857
110 107 0.142857
111 107 0.142857
105 109 0.142857
106 109 0.142857
107 109 0.142857
110 109 0.142857
111 109 0.142857
112 109 0.142857
113 109 0.142857
106 110 0.125
107 110 0.125
108 110 0.125
109 110 0.125
111 110 0.125
112 110 0.125
113 110 0.125
114 110 0.125
106 121 0.125
117 121 0.125
118 121 0.125
119 121 0.125
120 121 0.125
122 121 0.125
123 121 0.125
125 121 0.125
107 111 0.125
108 111 0.125
109 111 0.125
110 111 0.125
112 111 0.125
113 111 0.125
114 111 0.125
115 111 0.125
108 112 0.125
109 112 0.125
110 112 0.125
111 112 0.125
113 112 0.125
114 112 0.125
115 112 0.125
116 112 0.125
109 113 0.125
110 113 0.125
111 113 0.125
112 113 0.125
114 113 0.125
115 113 0.125
116 113 0.125
117 113 0.125
113 117 0.111111
114 117 0.111111
115 117 0.111111
119 117 0.111111
120 117 0.111111
121 117 0.111111
163 117 0.111111
125 117 0.111111
190 117 0.111111
114 118 0.142857
115 118 0.142857
116 118 0.142857
119 118 0.142857
120 118 0.142857
121 118 0.142857
122 118 0.142857
116 120 0.142857
117 120 0.142857
118 120 0.142857
121 120 0.142857
122 120 0.142857
123 120 0.142857
124 120 0.142857
116 161 0.125
157 161 0.125
158 161 0.125
159 161 0.125
160 161 0.125
163 161 0.125
164 161 0.125
165 161 0.125
117 125 0.142857
121 125 0.142857
122 125 0.142857
124 125 0.142857
126 125 0.142857
128 125 0.142857
129 125 0.142857
119 123 0.125
120 123 0.125
121 123 0.125
122 123 0.125
124 123 0.125
126 123 0.125
127 123 0.125
180 123 0.125
119 129 0.125
125 129 0.125
126 129 0.125
128 129 0.125
130 129 0.125
131 129 0.125
132 129 0.125
133 129 0.125
120 124 0.142857
122 124 0.142857
123 124 0.142857
125 124 0.142857
127 124 0.142857
128 124 0.142857
187 124 0.142857
122 152 0.142857
148 152 0.142857
150 152 0.142857
151 152 0.142857
153 152 0.142857
154 152 0.142857
155 152 0.142857
123 126 0.166667
125 126 0.166667
127 126 0.166667
128 126 0.166667
129 126 0.166667
130 126 0.166667
123 127 0.142857
124 127 0.142857
126 127 0.142857
128 127 0.142857
130 127 0.142857
131 127 0.142857
148 127 0.142857
124 128 0.125
125 128 0.125
126 128 0.125
127 128 0.125
129 128 0.125
130 128 0.125
131 128 0.125
132 128 0.125
124 187 0.111111
183 187 0.111111
184 187 0.111111
185 187 0.111111
186 187 0.111111
188 187 0.111111
189 187 0.111111
190 187 0.111111
191 187 0.111111
126 130 0.125
127 130 0.125
128 130 0.125
129 130 0.125
131 130 0.125
132 130 0.125
133 130 0.125
134 130 0.125
127 131 0.125
128 131 0.125
129 131 0.125
130 131 0.125
132 131 0.125
133 131 0.125
134 131 0.125
135 131 0.125
127 148 0.111111
144 148 0.111111
145 148 0.111111
146 148 0.111111
147 148 0.111111
149 148 0.111111
150 148 0.111111
151 148 0.111111
152 148 0.111111
128 132 0.125
129 132 0.125
130 132 0.125
131 132 0.125
133 132 0.125
134 132 0.125
135 132 0.125
136 132 0.125
129 133 0.125
130 133 0.125
131 133 0.125
132 133 0.125
134 133 0.125
135 133 0.125
136 133 0.125
137 133 0.125
130 134 0.111111
131 134 0.111111
132 134 0.111111
133 134 0.111111
135 134 0.111111
136 134 0.111111
137 134 0.111111
138 134 0.111111
154 134 0.111111
132 136 0.142857
133 136 0.142857
134 136 0.142857
137 136 0.142857
138 136 0.142857
139 136 0.142857
141 136 0.142857
134 138 0.125
135 138 0.125
136 138 0.125
137 138 0.125
139 138 0.125
140 138 0.125
141 138 0.125
142 138 0.125
134 154 0.125
150 154 0.125
151 154 0.125
152 154 0.125
153 154 0.125
156 154 0.125
157 154 0.125
158 154 0.125
138 142 0.142857
140 142 0.142857
141 142 0.142857
143 142 0.142857
144 142 0.142857
145 142 0.142857
146 142 0.142857
140 144 0.125
141 144 0.125
142 144 0.125
143 144 0.125
145 144 0.125
146 144 0.125
147 144 0.125
148 144 0.125
142 146 0.166667
144 146 0.166667
147 146 0.166667
148 146 0.166667
149 146 0.166667
150 146 0.166667
143 171 0.111111
167 171 0.111111
168 171 0.111111
169 171 0.111111
170 171 0.111111
172 171 0.111111
173 171 0.111111
174 171 0.111111
175 171 0.111111
148 151 0.166667
150 151 0.166667
152 151 0.166667
153 151 0.166667
154 151 0.166667
155 151 0.166667
149 153 0.142857
151 153 0.142857
152 153 0.142857
154 153 0.142857
155 153 0.142857
156 153 0.142857
157 153 0.142857
151 155 0.142857
152 155 0.142857
153 155 0.142857
156 155 0.142857
157 155 0.142857
158 155 0.142857
159 155 0.142857
153 156 0.142857
154 156 0.142857
155 156 0.142857
157 156 0.142857
158 156 0.142857
159 156 0.142857
160 156 0.142857
153 157 0.125
154 157 0.125
155 157 0.125
156 157 0.125
158 157 0.125
159 157 0.125
160 157 0.125
161 157 0.125
154 158 0.125
155 158 0.125
156 158 0.125
157 158 0.125
159 158 0.125
160 158 0.125
161 158 0.125
162 158 0.125
155 159 0.125
156 159 0.125
157 159 0.125
158 159 0.125
160 159 0.125
161 159 0.125
162 159 0.125
163 159 0.125
156 160 0.125
157 160 0.125
158 160 0.125
159 160 0.125
161 160 0.125
162 160 0.125
163 160 0.125
164 160 0.125
158 162 0.142857
159 162 0.142857
160 162 0.142857
163 162 0.142857
164 162 0.142857
165 162 0.142857
166 162 0.142857
160 164 0.142857
161 164 0.142857
162 164 0.142857
165 164 0.142857
167 164 0.142857
168 164 0.142857
174 164 0.142857
161 165 0.125
162 165 0.125
163 165 0.125
164 165 0.125
166 165 0.125
167 165 0.125
168 165 0.125
169 165 0.125
162 166 0.142857
163 166 0.142857
165 166 0.142857
167 166 0.142857
168 166 0.142857
169 166 0.142857
170 166 0.142857
163 167 0.125
164 167 0.125
165 167 0.125
166 167 0.125
168 167 0.125
169 167 0.125
170 167 0.125
171 167 0.125
164 168 0.111111
165 168 0.111111
166 168 0.111111
167 168 0.111111
169 168 0.111111
170 168 0.111111
171 168 0.111111
172 168 0.111111
190 168 0.111111
164 174 0.125
170 174 0.125
171 174 0.125
173 174 0.125
175 174 0.125
176 174 0.125
177 174 0.125
178 174 0.125
165 169 0.125
166 169 0.125
167 169 0.125
168 169 0.125
170 169 0.125
171 169 0.125
172 169 0.125
173 169 0.125
166 170 0.125
167 170 0.125
168 170 0.125
169 170 0.125
171 170 0.125
172 170 0.125
173 170 0.125
174 170 0.125
169 173 0.142857
170 173 0.142857
171 173 0.142857
174 173 0.142857
175 173 0.142857
176 173 0.142857
177 173 0.142857
171 175 0.125
172 175 0.125
173 175 0.125
174 175 0.125
176 175 0.125
177 175 0.125
178 175 0.125
179 175 0.125
173 177 0.125
174 177 0.125
175 177 0.125
176 177 0.125
178 177 0.125
179 177 0.125
180 177 0.125
181 177 0.125
183 185 0.166667
184 185 0.166667
186 185 0.166667
187 185 0.166667
188 185 0.166667
189 185 0.166667
185 189 0.125
186 189 0.125
187 189 0.125
188 189 0.125
190 189 0.125
191 189 0.125
192 189 0.125
193 189 0.125
1 0 0.142857
193 0 0.142857
2 0 0.142857
192 0 0.142857
3 0 0.142857
191 0 0.142857
4 0 0.142857
