0 2 0.045455
11 2 0.045455
13 2 0.045455
22 2 0.045455
37 2 0.045455
43 2 0.045455
44 2 0.045455
54 2 0.045455
56 2 0.045455
57 2 0.045455
60 2 0.045455
64 2 0.045455
67 2 0.045455
69 2 0.045455
73 2 0.045455
81 2 0.045455
99 2 0.045455
108 2 0.045455
114 2 0.045455
130 2 0.045455
132 2 0.045455
137 2 0.045455
0 28 0.05
1 28 0.05
8 28 0.05
13 28 0.05
16 28 0.05
19 28 0.05
23 28 0.05
27 28 0.05
44 28 0.05
55 28 0.05
59 28 0.05
64 28 0.05
71 28 0.05
73 28 0.05
76 28 0.05
84 28 0.05
89 28 0.05
117 28 0.05
130 28 0.05
133 28 0.05
0 30 0.037037
6 30 0.037037
10 30 0.037037
13 30 0.037037
20 30 0.037037
23 30 0.037037
24 30 0.037037
40 30 0.037037
41 30 0.037037
43 30 0.037037
58 30 0.037037
69 30 0.037037
73 30 0.037037
74 30 0.037037
77 30 0.037037
83 30 0.037037
85 30 0.037037
90 30 0.037037
99 30 0.037037
101 30 0.037037
107 30 0.037037
109 30 0.037037
120 30 0.037037
121 30 0.037037
125 30 0.037037
128 30 0.037037
139 30 0.037037
0 36 0.037037
4 36 0.037037
5 36 0.037037
12 36 0.037037
20 36 0.037037
21 36 0.037037
22 36 0.037037
34 36 0.037037
38 36 0.037037
44 36 0.037037
48 36 0.037037
55 36 0.037037
60 36 0.037037
65 36 0.037037
71 36 0.037037
73 36 0.037037
76 36 0.037037
83 36 0.037037
84 36 0.037037
99 36 0.037037
101 36 0.037037
102 36 0.037037
105 36 0.037037
108 36 0.037037
112 36 0.037037
125 36 0.037037
128 36 0.037037
0 38 0.041667
3 38 0.041667
17 38 0.041667
22 38 0.041667
24 38 0.041667
26 38 0.041667
36 38 0.041667
49 38 0.041667
64 38 0.041667
71 38 0.041667
75 38 0.041667
81 38 0.041667
86 38 0.041667
101 38 0.041667
102 38 0.041667
104 38 0.041667
107 38 0.041667
110 38 0.041667
112 38 0.041667
117 38 0.041667
121 38 0.041667
122 38 0.041667
123 38 0.041667
124 38 0.041667
0 42 0.071429
8 42 0.071429
9 42 0.071429
16 42 0.071429
20 42 0.071429
29 42 0.071429
34 42 0.071429
51 42 0.071429
68 42 0.071429
89 42 0.071429
90 42 0.071429
108 42 0.071429
112 42 0.071429
139 42 0.071429
0 56 0.045455
2 56 0.045455
10 56 0.045455
12 56 0.045455
18 56 0.045455
25 56 0.045455
26 56 0.045455
27 56 0.045455
39 56 0.045455
43 56 0.045455
45 56 0.045455
54 56 0.045455
59 56 0.045455
64 56 0.045455
80 56 0.045455
88 56 0.045455
96 56 0.045455
98 56 0.045455
102 56 0.045455
124 56 0.045455
136 56 0.045455
138 56 0.045455
0 62 0.043478
1 62 0.043478
12 62 0.043478
15 62 0.043478
17 62 0.043478
22 62 0.043478
27 62 0.043478
29 62 0.043478
39 62 0.043478
43 62 0.043478
44 62 0.043478
46 62 0.043478
74 62 0.043478
81 62 0.043478
96 62 0.043478
98 62 0.043478
102 62 0.043478
108 62 0.043478
111 62 0.043478
115 62 0.043478
119 62 0.043478
121 62 0.043478
137 62 0.043478
0 66 0.052632
1 66 0.052632
14 66 0.052632
27 66 0.052632
41 66 0.052632
48 66 0.052632
52 66 0.052632
53 66 0.052632
57 66 0.052632
61 66 0.052632
72 66 0.052632
78 66 0.052632
88 66 0.052632
94 66 0.052632
97 66 0.052632
103 66 0.052632
104 66 0.052632
123 66 0.052632
133 66 0.052632
0 69 0.043478
2 69 0.043478
3 69 0.043478
12 69 0.043478
30 69 0.043478
50 69 0.043478
54 69 0.043478
63 69 0.043478
68 69 0.043478
72 69 0.043478
73 69 0.043478
76 69 0.043478
80 69 0.043478
85 69 0.043478
94 69 0.043478
96 69 0.043478
103 69 0.043478
105 69 0.043478
115 69 0.043478
129 69 0.043478
136 69 0.043478
137 69 0.043478
139 69 0.043478
0 71 0.038462
4 71 0.038462
11 71 0.038462
17 71 0.038462
26 71 0.038462
28 71 0.038462
33 71 0.038462
36 71 0.038462
38 71 0.038462
39 71 0.038462
41 71 0.038462
47 71 0.038462
53 71 0.038462
54 71 0.038462
55 71 0.038462
57 71 0.038462
59 71 0.038462
64 71 0.038462
81 71 0.038462
89 71 0.038462
91 71 0.038462
110 71 0.038462
111 71 0.038462
114 71 0.038462
127 71 0.038462
131 71 0.038462
0 72 0.035714
3 72 0.035714
6 72 0.035714
9 72 0.035714
12 72 0.035714
15 72 0.035714
24 72 0.035714
40 72 0.035714
44 72 0.035714
51 72 0.035714
52 72 0.035714
63 72 0.035714
66 72 0.035714
69 72 0.035714
76 72 0.035714
85 72 0.035714
88 72 0.035714
89 72 0.035714
93 72 0.035714
99 72 0.035714
107 72 0.035714
112 72 0.035714
113 72 0.035714
117 72 0.035714
118 72 0.035714
124 72 0.035714
133 72 0.035714
138 72 0.035714
0 77 0.045455
9 77 0.045455
12 77 0.045455
15 77 0.045455
25 77 0.045455
30 77 0.045455
33 77 0.045455
39 77 0.045455
43 77 0.045455
45 77 0.045455
58 77 0.045455
81 77 0.045455
82 77 0.045455
84 77 0.045455
88 77 0.045455
97 77 0.045455
108 77 0.045455
116 77 0.045455
127 77 0.045455
133 77 0.045455
135 77 0.045455
138 77 0.045455
0 81 0.03125
2 81 0.03125
3 81 0.03125
6 81 0.03125
7 81 0.03125
11 81 0.03125
21 81 0.03125
38 81 0.03125
57 81 0.03125
58 81 0.03125
59 81 0.03125
61 81 0.03125
62 81 0.03125
67 81 0.03125
70 81 0.03125
71 81 0.03125
74 81 0.03125
76 81 0.03125
77 81 0.03125
80 81 0.03125
85 81 0.03125
87 81 0.03125
96 81 0.03125
98 81 0.03125
108 81 0.03125
111 81 0.03125
124 81 0.03125
125 81 0.03125
128 81 0.03125
132 81 0.03125
134 81 0.03125
136 81 0.03125
0 86 0.047619
3 86 0.047619
6 86 0.047619
8 86 0.047619
20 86 0.047619
23 86 0.047619
27 86 0.047619
37 86 0.047619
38 86 0.047619
39 86 0.047619
53 86 0.047619
64 86 0.047619
74 86 0.047619
99 86 0.047619
109 86 0.047619
110 86 0.047619
114 86 0.047619
122 86 0.047619
131 86 0.047619
136 86 0.047619
138 86 0.047619
0 90 0.0625
5 90 0.0625
14 90 0.0625
16 90 0.0625
18 90 0.0625
30 90 0.0625
40 90 0.0625
42 90 0.0625
53 90 0.0625
60 90 0.0625
61 90 0.0625
91 90 0.0625
96 90 0.0625
122 90 0.0625
126 90 0.0625
132 90 0.0625
0 93 0.04
9 93 0.04
14 93 0.04
17 93 0.04
19 93 0.04
22 93 0.04
27 93 0.04
50 93 0.04
53 93 0.04
68 93 0.04
70 93 0.04
72 93 0.04
83 93 0.04
84 93 0.04
92 93 0.04
99 93 0.04
100 93 0.04
103 93 0.04
109 93 0.04
115 93 0.04
117 93 0.04
120 93 0.04
129 93 0.04
131 93 0.04
133 93 0.04
0 113 0.052632
16 113 0.052632
21 113 0.052632
29 113 0.052632
37 113 0.052632
43 113 0.052632
52 113 0.052632
53 113 0.052632
72 113 0.052632
75 113 0.052632
79 113 0.052632
88 113 0.052632
94 113 0.052632
96 113 0.052632
105 113 0.052632
110 113 0.052632
118 113 0.052632
120 113 0.052632
135 113 0.052632
0 120 0.052632
6 120 0.052632
16 120 0.052632
25 120 0.052632
27 120 0.052632
30 120 0.052632
51 120 0.052632
57 120 0.052632
64 120 0.052632
82 120 0.052632
83 120 0.052632
87 120 0.052632
93 120 0.052632
99 120 0.052632
103 120 0.052632
112 120 0.052632
113 120 0.052632
124 120 0.052632
132 120 0.052632
0 132 0.052632
2 132 0.052632
33 132 0.052632
44 132 0.052632
54 132 0.052632
61 132 0.052632
81 132 0.052632
88 132 0.052632
90 132 0.052632
94 132 0.052632
106 132 0.052632
108 132 0.052632
110 132 0.052632
116 132 0.052632
120 132 0.052632
129 132 0.052632
131 132 0.052632
135 132 0.052632
136 132 0.052632
0 134 0.055556
7 134 0.055556
9 134 0.055556
25 134 0.055556
31 134 0.055556
33 134 0.055556
37 134 0.055556
47 134 0.055556
59 134 0.055556
75 134 0.055556
81 134 0.055556
103 134 0.055556
104 134 0.055556
108 134 0.055556
110 134 0.055556
112 134 0.055556
126 134 0.055556
139 134 0.055556
1 11 0.083333
2 11 0.083333
5 11 0.083333
13 11 0.083333
16 11 0.083333
26 11 0.083333
49 11 0.083333
71 11 0.083333
81 11 0.083333
108 11 0.083333
111 11 0.083333
116 11 0.083333
1 13 0.052632
2 13 0.052632
10 13 0.052632
11 13 0.052632
12 13 0.052632
18 13 0.052632
28 13 0.052632
30 13 0.052632
31 13 0.052632
47 13 0.052632
50 13 0.052632
55 13 0.052632
70 13 0.052632
75 13 0.052632
107 13 0.052632
110 13 0.052632
122 13 0.052632
126 13 0.052632
129 13 0.052632
1 14 0.034483
3 14 0.034483
12 14 0.034483
15 14 0.034483
17 14 0.034483
18 14 0.034483
24 14 0.034483
25 14 0.034483
31 14 0.034483
43 14 0.034483
44 14 0.034483
50 14 0.034483
53 14 0.034483
54 14 0.034483
57 14 0.034483
64 14 0.034483
66 14 0.034483
80 14 0.034483
90 14 0.034483
91 14 0.034483
93 14 0.034483
95 14 0.034483
104 14 0.034483
114 14 0.034483
115 14 0.034483
118 14 0.034483
119 14 0.034483
137 14 0.034483
139 14 0.034483
1 61 0.041667
20 61 0.041667
22 61 0.041667
23 61 0.041667
29 61 0.041667
31 61 0.041667
43 61 0.041667
44 61 0.041667
48 61 0.041667
51 61 0.041667
57 61 0.041667
66 61 0.041667
81 61 0.041667
83 61 0.041667
87 61 0.041667
88 61 0.041667
90 61 0.041667
98 61 0.041667
100 61 0.041667
104 61 0.041667
109 61 0.041667
132 61 0.041667
137 61 0.041667
139 61 0.041667
1 75 0.041667
3 75 0.041667
8 75 0.041667
13 75 0.041667
15 75 0.041667
16 75 0.041667
17 75 0.041667
38 75 0.041667
41 75 0.041667
49 75 0.041667
52 75 0.041667
53 75 0.041667
54 75 0.041667
91 75 0.041667
92 75 0.041667
95 75 0.041667
104 75 0.041667
110 75 0.041667
113 75 0.041667
129 75 0.041667
130 75 0.041667
134 75 0.041667
135 75 0.041667
139 75 0.041667
1 101 0.052632
3 101 0.052632
20 101 0.052632
30 101 0.052632
31 101 0.052632
32 101 0.052632
36 101 0.052632
38 101 0.052632
41 101 0.052632
43 101 0.052632
45 101 0.052632
47 101 0.052632
63 101 0.052632
68 101 0.052632
74 101 0.052632
88 101 0.052632
97 101 0.052632
124 101 0.052632
133 101 0.052632
1 105 0.052632
5 105 0.052632
8 105 0.052632
9 105 0.052632
16 105 0.052632
31 105 0.052632
32 105 0.052632
36 105 0.052632
41 105 0.052632
43 105 0.052632
55 105 0.052632
65 105 0.052632
69 105 0.052632
82 105 0.052632
88 105 0.052632
107 105 0.052632
113 105 0.052632
127 105 0.052632
139 105 0.052632
1 106 0.066667
5 106 0.066667
6 106 0.066667
19 106 0.066667
44 106 0.066667
46 106 0.066667
51 106 0.066667
68 106 0.066667
91 106 0.066667
98 106 0.066667
111 106 0.066667
115 106 0.066667
116 106 0.066667
121 106 0.066667
132 106 0.066667
1 124 0.038462
4 124 0.038462
16 124 0.038462
18 124 0.038462
20 124 0.038462
21 124 0.038462
26 124 0.038462
34 124 0.038462
38 124 0.038462
39 124 0.038462
45 124 0.038462
46 124 0.038462
56 124 0.038462
63 124 0.038462
65 124 0.038462
72 124 0.038462
73 124 0.038462
74 124 0.038462
79 124 0.038462
81 124 0.038462
91 124 0.038462
101 124 0.038462
103 124 0.038462
120 124 0.038462
125 124 0.038462
126 124 0.038462
1 126 0.052632
6 126 0.052632
12 126 0.052632
13 126 0.052632
17 126 0.052632
23 126 0.052632
32 126 0.052632
50 126 0.052632
85 126 0.052632
90 126 0.052632
102 126 0.052632
110 126 0.052632
111 126 0.052632
116 126 0.052632
124 126 0.052632
125 126 0.052632
128 126 0.052632
134 126 0.052632
136 126 0.052632
1 129 0.047619
4 129 0.047619
6 129 0.047619
10 129 0.047619
13 129 0.047619
23 129 0.047619
27 129 0.047619
31 129 0.047619
44 129 0.047619
48 129 0.047619
49 129 0.047619
69 129 0.047619
75 129 0.047619
83 129 0.047619
88 129 0.047619
93 129 0.047619
96 129 0.047619
128 129 0.047619
131 129 0.047619
132 129 0.047619
139 129 0.047619
1 130 0.043478
2 130 0.043478
7 130 0.043478
8 130 0.043478
9 130 0.043478
21 130 0.043478
28 130 0.043478
29 130 0.043478
32 130 0.043478
37 130 0.043478
48 130 0.043478
75 130 0.043478
79 130 0.043478
84 130 0.043478
102 130 0.043478
103 130 0.043478
107 130 0.043478
116 130 0.043478
117 130 0.043478
128 130 0.043478
131 130 0.043478
136 130 0.043478
137 130 0.043478
1 133 0.043478
5 133 0.043478
7 133 0.043478
17 133 0.043478
19 133 0.043478
28 133 0.043478
32 133 0.043478
66 133 0.043478
70 133 0.043478
72 133 0.043478
73 133 0.043478
76 133 0.043478
77 133 0.043478
83 133 0.043478
88 133 0.043478
93 133 0.043478
96 133 0.043478
100 133 0.043478
101 133 0.043478
102 133 0.043478
107 133 0.043478
114 133 0.043478
123 133 0.043478
2 22 0.058824
4 22 0.058824
18 22 0.058824
33 22 0.058824
36 22 0.058824
38 22 0.058824
43 22 0.058824
48 22 0.058824
58 22 0.058824
61 22 0.058824
62 22 0.058824
76 22 0.058824
92 22 0.058824
93 22 0.058824
122 22 0.058824
136 22 0.058824
138 22 0.058824
2 37 0.038462
8 37 0.038462
10 37 0.038462
16 37 0.038462
21 37 0.038462
29 37 0.038462
32 37 0.038462
59 37 0.038462
67 37 0.038462
70 37 0.038462
76 37 0.038462
83 37 0.038462
86 37 0.038462
87 37 0.038462
91 37 0.038462
98 37 0.038462
99 37 0.038462
108 37 0.038462
110 37 0.038462
113 37 0.038462
115 37 0.038462
118 37 0.038462
122 37 0.038462
127 37 0.038462
130 37 0.038462
134 37 0.038462
2 43 0.030303
4 43 0.030303
14 43 0.030303
22 43 0.030303
23 43 0.030303
27 43 0.030303
30 43 0.030303
32 43 0.030303
45 43 0.030303
53 43 0.030303
54 43 0.030303
56 43 0.030303
61 43 0.030303
62 43 0.030303
67 43 0.030303
77 43 0.030303
85 43 0.030303
88 43 0.030303
89 43 0.030303
96 43 0.030303
101 43 0.030303
104 43 0.030303
105 43 0.030303
107 43 0.030303
110 43 0.030303
111 43 0.030303
112 43 0.030303
113 43 0.030303
116 43 0.030303
117 43 0.030303
125 43 0.030303
127 43 0.030303
138 43 0.030303
2 44 0.037037
3 44 0.037037
6 44 0.037037
9 44 0.037037
14 44 0.037037
16 44 0.037037
20 44 0.037037
27 44 0.037037
28 44 0.037037
36 44 0.037037
45 44 0.037037
61 44 0.037037
62 44 0.037037
72 44 0.037037
78 44 0.037037
82 44 0.037037
95 44 0.037037
100 44 0.037037
106 44 0.037037
112 44 0.037037
117 44 0.037037
125 44 0.037037
127 44 0.037037
129 44 0.037037
132 44 0.037037
135 44 0.037037
136 44 0.037037
2 54 0.047619
7 54 0.047619
14 54 0.047619
20 54 0.047619
21 54 0.047619
39 54 0.047619
43 54 0.047619
49 54 0.047619
56 54 0.047619
64 54 0.047619
69 54 0.047619
71 54 0.047619
75 54 0.047619
82 54 0.047619
84 54 0.047619
85 54 0.047619
88 54 0.047619
112 54 0.047619
131 54 0.047619
132 54 0.047619
139 54 0.047619
2 57 0.055556
14 57 0.055556
19 57 0.055556
20 57 0.055556
39 57 0.055556
41 57 0.055556
51 57 0.055556
61 57 0.055556
66 57 0.055556
71 57 0.055556
81 57 0.055556
87 57 0.055556
89 57 0.055556
92 57 0.055556
97 57 0.055556
110 57 0.055556
120 57 0.055556
136 57 0.055556
2 60 0.0625
7 60 0.0625
18 60 0.0625
27 60 0.0625
29 60 0.0625
33 60 0.0625
36 60 0.0625
52 60 0.0625
53 60 0.0625
59 60 0.0625
79 60 0.0625
90 60 0.0625
97 60 0.0625
110 60 0.0625
115 60 0.0625
131 60 0.0625
2 64 0.045455
5 64 0.045455
14 64 0.045455
15 64 0.045455
21 64 0.045455
24 64 0.045455
27 64 0.045455
28 64 0.045455
38 64 0.045455
41 64 0.045455
54 64 0.045455
56 64 0.045455
70 64 0.045455
71 64 0.045455
84 64 0.045455
86 64 0.045455
87 64 0.045455
88 64 0.045455
94 64 0.045455
100 64 0.045455
120 64 0.045455
138 64 0.045455
2 67 0.0625
3 67 0.0625
25 67 0.0625
35 67 0.0625
37 67 0.0625
40 67 0.0625
43 67 0.0625
46 67 0.0625
52 67 0.0625
53 67 0.0625
79 67 0.0625
80 67 0.0625
81 67 0.0625
89 67 0.0625
116 67 0.0625
125 67 0.0625
2 73 0.043478
3 73 0.043478
8 73 0.043478
12 73 0.043478
28 73 0.043478
30 73 0.043478
32 73 0.043478
34 73 0.043478
36 73 0.043478
48 73 0.043478
53 73 0.043478
59 73 0.043478
68 73 0.043478
69 73 0.043478
79 73 0.043478
87 73 0.043478
88 73 0.043478
104 73 0.043478
121 73 0.043478
123 73 0.043478
124 73 0.043478
133 73 0.043478
139 73 0.043478
2 99 0.035714
10 99 0.035714
12 99 0.035714
15 99 0.035714
16 99 0.035714
19 99 0.035714
23 99 0.035714
30 99 0.035714
32 99 0.035714
33 99 0.035714
36 99 0.035714
37 99 0.035714
40 99 0.035714
46 99 0.035714
50 99 0.035714
52 99 0.035714
55 99 0.035714
72 99 0.035714
86 99 0.035714
87 99 0.035714
91 99 0.035714
92 99 0.035714
93 99 0.035714
96 99 0.035714
107 99 0.035714
120 99 0.035714
137 99 0.035714
139 99 0.035714
2 108 0.045455
7 108 0.045455
11 108 0.045455
12 108 0.045455
18 108 0.045455
36 108 0.045455
37 108 0.045455
40 108 0.045455
42 108 0.045455
50 108 0.045455
62 108 0.045455
63 108 0.045455
76 108 0.045455
77 108 0.045455
81 108 0.045455
97 108 0.045455
110 108 0.045455
117 108 0.045455
125 108 0.045455
131 108 0.045455
132 108 0.045455
134 108 0.045455
2 114 0.041667
14 114 0.041667
19 114 0.041667
21 114 0.041667
31 114 0.041667
32 114 0.041667
35 114 0.041667
50 114 0.041667
53 114 0.041667
59 114 0.041667
65 114 0.041667
71 114 0.041667
84 114 0.041667
86 114 0.041667
89 114 0.041667
96 114 0.041667
97 114 0.041667
104 114 0.041667
112 114 0.041667
116 114 0.041667
125 114 0.041667
133 114 0.041667
137 114 0.041667
139 114 0.041667
2 137 0.045455
12 137 0.045455
14 137 0.045455
20 137 0.045455
27 137 0.045455
39 137 0.045455
41 137 0.045455
47 137 0.045455
52 137 0.045455
61 137 0.045455
62 137 0.045455
63 137 0.045455
69 137 0.045455
84 137 0.045455
89 137 0.045455
98 137 0.045455
99 137 0.045455
114 137 0.045455
118 137 0.045455
119 137 0.045455
122 137 0.045455
130 137 0.045455
3 5 0.037037
10 5 0.037037
11 5 0.037037
12 5 0.037037
21 5 0.037037
25 5 0.037037
27 5 0.037037
29 5 0.037037
32 5 0.037037
35 5 0.037037
36 5 0.037037
48 5 0.037037
58 5 0.037037
64 5 0.037037
70 5 0.037037
74 5 0.037037
78 5 0.037037
90 5 0.037037
95 5 0.037037
102 5 0.037037
105 5 0.037037
106 5 0.037037
109 5 0.037037
112 5 0.037037
117 5 0.037037
131 5 0.037037
133 5 0.037037
3 23 0.047619
6 23 0.047619
15 23 0.047619
21 23 0.047619
26 23 0.047619
28 23 0.047619
29 23 0.047619
30 23 0.047619
31 23 0.047619
43 23 0.047619
61 23 0.047619
63 23 0.047619
84 23 0.047619
86 23 0.047619
99 23 0.047619
112 23 0.047619
115 23 0.047619
122 23 0.047619
125 23 0.047619
126 23 0.047619
129 23 0.047619
3 25 0.052632
5 25 0.052632
14 25 0.052632
18 25 0.052632
19 25 0.052632
24 25 0.052632
40 25 0.052632
49 25 0.052632
51 25 0.052632
56 25 0.052632
67 25 0.052632
77 25 0.052632
82 25 0.052632
92 25 0.052632
120 25 0.052632
127 25 0.052632
128 25 0.052632
134 25 0.052632
136 25 0.052632
3 29 0.043478
5 29 0.043478
6 29 0.043478
23 29 0.043478
37 29 0.043478
40 29 0.043478
42 29 0.043478
46 29 0.043478
48 29 0.043478
49 29 0.043478
59 29 0.043478
60 29 0.043478
61 29 0.043478
62 29 0.043478
80 29 0.043478
112 29 0.043478
113 29 0.043478
117 29 0.043478
119 29 0.043478
121 29 0.043478
130 29 0.043478
131 29 0.043478
135 29 0.043478
3 34 0.055556
17 34 0.055556
18 34 0.055556
35 34 0.055556
36 34 0.055556
40 34 0.055556
42 34 0.055556
59 34 0.055556
68 34 0.055556
73 34 0.055556
78 34 0.055556
85 34 0.055556
87 34 0.055556
103 34 0.055556
123 34 0.055556
124 34 0.055556
135 34 0.055556
139 34 0.055556
3 39 0.045455
4 39 0.045455
33 39 0.045455
48 39 0.045455
49 39 0.045455
50 39 0.045455
54 39 0.045455
56 39 0.045455
57 39 0.045455
62 39 0.045455
71 39 0.045455
77 39 0.045455
80 39 0.045455
86 39 0.045455
88 39 0.045455
96 39 0.045455
98 39 0.045455
104 39 0.045455
118 39 0.045455
124 39 0.045455
125 39 0.045455
137 39 0.045455
3 49 0.058824
11 49 0.058824
12 49 0.058824
25 49 0.058824
29 49 0.058824
38 49 0.058824
39 49 0.058824
40 49 0.058824
50 49 0.058824
52 49 0.058824
54 49 0.058824
75 49 0.058824
80 49 0.058824
83 49 0.058824
111 49 0.058824
125 49 0.058824
129 49 0.058824
3 50 0.045455
4 50 0.045455
6 50 0.045455
7 50 0.045455
13 50 0.045455
14 50 0.045455
39 50 0.045455
40 50 0.045455
49 50 0.045455
55 50 0.045455
59 50 0.045455
69 50 0.045455
74 50 0.045455
80 50 0.045455
93 50 0.045455
99 50 0.045455
103 50 0.045455
104 50 0.045455
108 50 0.045455
114 50 0.045455
126 50 0.045455
128 50 0.045455
3 79 0.058824
24 79 0.058824
27 79 0.058824
58 79 0.058824
60 79 0.058824
67 79 0.058824
73 79 0.058824
84 79 0.058824
91 79 0.058824
98 79 0.058824
107 79 0.058824
113 79 0.058824
115 79 0.058824
124 79 0.058824
127 79 0.058824
130 79 0.058824
138 79 0.058824
3 98 0.035714
31 98 0.035714
33 98 0.035714
37 98 0.035714
39 98 0.035714
40 98 0.035714
52 98 0.035714
55 98 0.035714
56 98 0.035714
58 98 0.035714
59 98 0.035714
61 98 0.035714
62 98 0.035714
68 98 0.035714
70 98 0.035714
79 98 0.035714
81 98 0.035714
88 98 0.035714
95 98 0.035714
103 98 0.035714
106 98 0.035714
115 98 0.035714
123 98 0.035714
125 98 0.035714
135 98 0.035714
137 98 0.035714
138 98 0.035714
139 98 0.035714
3 112 0.043478
5 112 0.043478
23 112 0.043478
26 112 0.043478
29 112 0.043478
36 112 0.043478
38 112 0.043478
42 112 0.043478
43 112 0.043478
44 112 0.043478
45 112 0.043478
53 112 0.043478
54 112 0.043478
70 112 0.043478
72 112 0.043478
76 112 0.043478
82 112 0.043478
92 112 0.043478
114 112 0.043478
120 112 0.043478
125 112 0.043478
134 112 0.043478
136 112 0.043478
3 139 0.032258
14 139 0.032258
19 139 0.032258
20 139 0.032258
26 139 0.032258
30 139 0.032258
34 139 0.032258
42 139 0.032258
45 139 0.032258
54 139 0.032258
58 139 0.032258
61 139 0.032258
65 139 0.032258
68 139 0.032258
69 139 0.032258
73 139 0.032258
75 139 0.032258
83 139 0.032258
87 139 0.032258
92 139 0.032258
98 139 0.032258
99 139 0.032258
105 139 0.032258
107 139 0.032258
114 139 0.032258
115 139 0.032258
116 139 0.032258
129 139 0.032258
134 139 0.032258
136 139 0.032258
138 139 0.032258
4 8 0.052632
28 8 0.052632
33 8 0.052632
35 8 0.052632
37 8 0.052632
42 8 0.052632
65 8 0.052632
68 8 0.052632
73 8 0.052632
75 8 0.052632
78 8 0.052632
80 8 0.052632
82 8 0.052632
84 8 0.052632
86 8 0.052632
102 8 0.052632
105 8 0.052632
110 8 0.052632
130 8 0.052632
4 31 0.047619
13 31 0.047619
14 31 0.047619
18 31 0.047619
23 31 0.047619
32 31 0.047619
48 31 0.047619
55 31 0.047619
61 31 0.047619
65 31 0.047619
80 31 0.047619
98 31 0.047619
101 31 0.047619
103 31 0.047619
105 31 0.047619
111 31 0.047619
114 31 0.047619
119 31 0.047619
128 31 0.047619
129 31 0.047619
134 31 0.047619
4 45 0.05
12 45 0.05
15 45 0.05
16 45 0.05
40 45 0.05
43 45 0.05
44 45 0.05
48 45 0.05
56 45 0.05
77 45 0.05
85 45 0.05
94 45 0.05
101 45 0.05
109 45 0.05
112 45 0.05
116 45 0.05
121 45 0.05
122 45 0.05
124 45 0.05
139 45 0.05
4 46 0.071429
16 46 0.071429
17 46 0.071429
29 46 0.071429
62 46 0.071429
67 46 0.071429
96 46 0.071429
99 46 0.071429
106 46 0.071429
109 46 0.071429
117 46 0.071429
118 46 0.071429
124 46 0.071429
135 46 0.071429
4 74 0.043478
5 74 0.043478
10 74 0.043478
15 74 0.043478
16 74 0.043478
20 74 0.043478
26 74 0.043478
30 74 0.043478
41 74 0.043478
50 74 0.043478
53 74 0.043478
58 74 0.043478
62 74 0.043478
81 74 0.043478
83 74 0.043478
84 74 0.043478
86 74 0.043478
87 74 0.043478
94 74 0.043478
101 74 0.043478
115 74 0.043478
118 74 0.043478
124 74 0.043478
4 80 0.034483
6 80 0.034483
8 80 0.034483
9 80 0.034483
14 80 0.034483
27 80 0.034483
29 80 0.034483
31 80 0.034483
33 80 0.034483
39 80 0.034483
47 80 0.034483
49 80 0.034483
50 80 0.034483
56 80 0.034483
58 80 0.034483
63 80 0.034483
67 80 0.034483
69 80 0.034483
78 80 0.034483
81 80 0.034483
85 80 0.034483
94 80 0.034483
95 80 0.034483
97 80 0.034483
110 80 0.034483
111 80 0.034483
117 80 0.034483
118 80 0.034483
122 80 0.034483
4 85 0.055556
7 85 0.055556
15 85 0.055556
27 85 0.055556
30 85 0.055556
34 85 0.055556
43 85 0.055556
45 85 0.055556
48 85 0.055556
53 85 0.055556
54 85 0.055556
68 85 0.055556
69 85 0.055556
72 85 0.055556
80 85 0.055556
81 85 0.055556
125 85 0.055556
126 85 0.055556
4 92 0.05
22 92 0.05
25 92 0.05
48 92 0.05
57 92 0.05
58 92 0.05
63 92 0.05
75 92 0.05
89 92 0.05
93 92 0.05
95 92 0.05
99 92 0.05
100 92 0.05
102 92 0.05
112 92 0.05
121 92 0.05
125 92 0.05
127 92 0.05
131 92 0.05
139 92 0.05
4 111 0.041667
6 111 0.041667
9 111 0.041667
11 111 0.041667
17 111 0.041667
31 111 0.041667
41 111 0.041667
43 111 0.041667
49 111 0.041667
53 111 0.041667
58 111 0.041667
62 111 0.041667
71 111 0.041667
80 111 0.041667
81 111 0.041667
82 111 0.041667
95 111 0.041667
106 111 0.041667
115 111 0.041667
121 111 0.041667
125 111 0.041667
126 111 0.041667
135 111 0.041667
138 111 0.041667
4 127 0.043478
25 127 0.043478
37 127 0.043478
41 127 0.043478
43 127 0.043478
44 127 0.043478
52 127 0.043478
65 127 0.043478
68 127 0.043478
71 127 0.043478
77 127 0.043478
79 127 0.043478
82 127 0.043478
91 127 0.043478
92 127 0.043478
103 127 0.043478
105 127 0.043478
109 127 0.043478
110 127 0.043478
118 127 0.043478
122 127 0.043478
123 127 0.043478
136 127 0.043478
4 138 0.05
16 138 0.05
18 138 0.05
22 138 0.05
43 138 0.05
52 138 0.05
56 138 0.05
64 138 0.05
65 138 0.05
72 138 0.05
77 138 0.05
79 138 0.05
86 138 0.05
98 138 0.05
100 138 0.05
107 138 0.05
111 138 0.05
115 138 0.05
125 138 0.05
139 138 0.05
5 10 0.041667
6 10 0.041667
7 10 0.041667
9 10 0.041667
13 10 0.041667
16 10 0.041667
21 10 0.041667
30 10 0.041667
37 10 0.041667
47 10 0.041667
53 10 0.041667
56 10 0.041667
58 10 0.041667
63 10 0.041667
74 10 0.041667
76 10 0.041667
89 10 0.041667
91 10 0.041667
96 10 0.041667
99 10 0.041667
100 10 0.041667
103 10 0.041667
121 10 0.041667
129 10 0.041667
5 12 0.034483
9 12 0.034483
13 12 0.034483
14 12 0.034483
24 12 0.034483
35 12 0.034483
36 12 0.034483
41 12 0.034483
45 12 0.034483
49 12 0.034483
56 12 0.034483
62 12 0.034483
65 12 0.034483
69 12 0.034483
72 12 0.034483
73 12 0.034483
77 12 0.034483
78 12 0.034483
99 12 0.034483
103 12 0.034483
108 12 0.034483
110 12 0.034483
123 12 0.034483
125 12 0.034483
126 12 0.034483
128 12 0.034483
131 12 0.034483
135 12 0.034483
137 12 0.034483
5 21 0.052632
10 21 0.052632
17 21 0.052632
23 21 0.052632
32 21 0.052632
35 21 0.052632
36 21 0.052632
37 21 0.052632
54 21 0.052632
63 21 0.052632
64 21 0.052632
81 21 0.052632
102 21 0.052632
109 21 0.052632
113 21 0.052632
114 21 0.052632
124 21 0.052632
125 21 0.052632
130 21 0.052632
5 27 0.04
28 27 0.04
43 27 0.04
44 27 0.04
48 27 0.04
56 27 0.04
59 27 0.04
60 27 0.04
62 27 0.04
63 27 0.04
64 27 0.04
66 27 0.04
79 27 0.04
80 27 0.04
85 27 0.04
86 27 0.04
93 27 0.04
97 27 0.04
102 27 0.04
107 27 0.04
120 27 0.04
125 27 0.04
129 27 0.04
131 27 0.04
137 27 0.04
5 32 0.0625
9 32 0.0625
21 32 0.0625
31 32 0.0625
37 32 0.0625
43 32 0.0625
58 32 0.0625
73 32 0.0625
99 32 0.0625
101 32 0.0625
105 32 0.0625
114 32 0.0625
115 32 0.0625
126 32 0.0625
130 32 0.0625
133 32 0.0625
5 35 0.071429
8 35 0.071429
12 35 0.071429
21 35 0.071429
34 35 0.071429
53 35 0.071429
63 35 0.071429
67 35 0.071429
94 35 0.071429
95 35 0.071429
96 35 0.071429
114 35 0.071429
116 35 0.071429
118 35 0.071429
5 48 0.047619
15 48 0.047619
22 48 0.047619
26 48 0.047619
27 48 0.047619
29 48 0.047619
31 48 0.047619
36 48 0.047619
39 48 0.047619
45 48 0.047619
58 48 0.047619
59 48 0.047619
61 48 0.047619
66 48 0.047619
70 48 0.047619
73 48 0.047619
85 48 0.047619
92 48 0.047619
128 48 0.047619
129 48 0.047619
130 48 0.047619
5 58 0.045455
10 58 0.045455
17 58 0.045455
22 58 0.045455
30 58 0.045455
32 58 0.045455
33 58 0.045455
41 58 0.045455
48 58 0.045455
74 58 0.045455
77 58 0.045455
79 58 0.045455
80 58 0.045455
81 58 0.045455
87 58 0.045455
92 58 0.045455
95 58 0.045455
98 58 0.045455
111 58 0.045455
125 58 0.045455
135 58 0.045455
139 58 0.045455
5 70 0.05
13 70 0.05
15 70 0.05
19 70 0.05
26 70 0.05
37 70 0.05
41 70 0.05
48 70 0.05
63 70 0.05
64 70 0.05
68 70 0.05
78 70 0.05
81 70 0.05
93 70 0.05
98 70 0.05
102 70 0.05
112 70 0.05
119 70 0.05
133 70 0.05
136 70 0.05
5 78 0.05
8 78 0.05
9 78 0.05
12 78 0.05
16 78 0.05
26 78 0.05
34 78 0.05
44 78 0.05
47 78 0.05
55 78 0.05
59 78 0.05
65 78 0.05
66 78 0.05
70 78 0.05
80 78 0.05
87 78 0.05
95 78 0.05
97 78 0.05
100 78 0.05
136 78 0.05
5 95 0.05
9 95 0.05
14 95 0.05
24 95 0.05
35 95 0.05
40 95 0.05
41 95 0.05
44 95 0.05
55 95 0.05
58 95 0.05
75 95 0.05
78 95 0.05
80 95 0.05
92 95 0.05
98 95 0.05
110 95 0.05
111 95 0.05
116 95 0.05
122 95 0.05
135 95 0.05
5 102 0.047619
6 102 0.047619
8 102 0.047619
21 102 0.047619
26 102 0.047619
27 102 0.047619
36 102 0.047619
38 102 0.047619
47 102 0.047619
56 102 0.047619
59 102 0.047619
62 102 0.047619
70 102 0.047619
84 102 0.047619
88 102 0.047619
92 102 0.047619
109 102 0.047619
125 102 0.047619
126 102 0.047619
130 102 0.047619
133 102 0.047619
5 109 0.052632
7 109 0.052632
17 109 0.052632
21 109 0.052632
30 109 0.052632
45 109 0.052632
46 109 0.052632
55 109 0.052632
61 109 0.052632
76 109 0.052632
86 109 0.052632
87 109 0.052632
93 109 0.052632
97 109 0.052632
100 109 0.052632
102 109 0.052632
103 109 0.052632
119 109 0.052632
127 109 0.052632
5 117 0.055556
20 117 0.055556
24 117 0.055556
28 117 0.055556
29 117 0.055556
38 117 0.055556
43 117 0.055556
44 117 0.055556
46 117 0.055556
47 117 0.055556
53 117 0.055556
55 117 0.055556
72 117 0.055556
80 117 0.055556
93 117 0.055556
108 117 0.055556
122 117 0.055556
130 117 0.055556
5 131 0.043478
12 131 0.043478
17 131 0.043478
26 131 0.043478
27 131 0.043478
29 131 0.043478
54 131 0.043478
60 131 0.043478
71 131 0.043478
82 131 0.043478
86 131 0.043478
92 131 0.043478
93 131 0.043478
97 131 0.043478
103 131 0.043478
108 131 0.043478
118 131 0.043478
125 131 0.043478
129 131 0.043478
130 131 0.043478
132 131 0.043478
135 131 0.043478
136 131 0.043478
6 7 0.052632
10 7 0.052632
15 7 0.052632
50 7 0.052632
52 7 0.052632
54 7 0.052632
60 7 0.052632
68 7 0.052632
81 7 0.052632
84 7 0.052632
85 7 0.052632
91 7 0.052632
108 7 0.052632
109 7 0.052632
110 7 0.052632
116 7 0.052632
130 7 0.052632
133 7 0.052632
134 7 0.052632
6 19 0.05
20 19 0.05
25 19 0.05
28 19 0.05
57 19 0.05
70 19 0.05
83 19 0.05
93 19 0.05
99 19 0.05
103 19 0.05
106 19 0.05
110 19 0.05
114 19 0.05
115 19 0.05
116 19 0.05
119 19 0.05
121 19 0.05
128 19 0.05
133 19 0.05
139 19 0.05
6 26 0.055556
11 26 0.055556
15 26 0.055556
17 26 0.055556
23 26 0.055556
38 26 0.055556
48 26 0.055556
56 26 0.055556
70 26 0.055556
71 26 0.055556
74 26 0.055556
78 26 0.055556
100 26 0.055556
102 26 0.055556
112 26 0.055556
124 26 0.055556
131 26 0.055556
139 26 0.055556
6 47 0.052632
9 47 0.052632
10 47 0.052632
13 47 0.052632
17 47 0.052632
18 47 0.052632
53 47 0.052632
71 47 0.052632
78 47 0.052632
80 47 0.052632
88 47 0.052632
89 47 0.052632
94 47 0.052632
101 47 0.052632
102 47 0.052632
117 47 0.052632
134 47 0.052632
135 47 0.052632
137 47 0.052632
6 76 0.045455
10 76 0.045455
18 76 0.045455
22 76 0.045455
28 76 0.045455
33 76 0.045455
36 76 0.045455
37 76 0.045455
41 76 0.045455
65 76 0.045455
69 76 0.045455
72 76 0.045455
81 76 0.045455
84 76 0.045455
107 76 0.045455
108 76 0.045455
109 76 0.045455
110 76 0.045455
112 76 0.045455
116 76 0.045455
128 76 0.045455
133 76 0.045455
6 84 0.034483
7 84 0.034483
8 84 0.034483
9 84 0.034483
16 84 0.034483
17 84 0.034483
23 84 0.034483
28 84 0.034483
33 84 0.034483
36 84 0.034483
40 84 0.034483
51 84 0.034483
54 84 0.034483
64 84 0.034483
74 84 0.034483
76 84 0.034483
77 84 0.034483
79 84 0.034483
93 84 0.034483
94 84 0.034483
100 84 0.034483
102 84 0.034483
104 84 0.034483
110 84 0.034483
114 84 0.034483
123 84 0.034483
128 84 0.034483
130 84 0.034483
137 84 0.034483
6 87 0.052632
34 87 0.052632
37 87 0.052632
40 87 0.052632
57 87 0.052632
58 87 0.052632
59 87 0.052632
61 87 0.052632
64 87 0.052632
68 87 0.052632
73 87 0.052632
74 87 0.052632
78 87 0.052632
81 87 0.052632
99 87 0.052632
109 87 0.052632
118 87 0.052632
120 87 0.052632
139 87 0.052632
6 104 0.05
14 104 0.05
16 104 0.05
17 104 0.05
38 104 0.05
39 104 0.05
43 104 0.05
50 104 0.05
59 104 0.05
61 104 0.05
66 104 0.05
73 104 0.05
75 104 0.05
84 104 0.05
88 104 0.05
110 104 0.05
114 104 0.05
121 104 0.05
122 104 0.05
134 104 0.05
6 107 0.047619
13 107 0.047619
20 107 0.047619
27 107 0.047619
30 107 0.047619
38 107 0.047619
41 107 0.047619
43 107 0.047619
52 107 0.047619
72 107 0.047619
76 107 0.047619
79 107 0.047619
94 107 0.047619
99 107 0.047619
105 107 0.047619
130 107 0.047619
133 107 0.047619
135 107 0.047619
136 107 0.047619
138 107 0.047619
139 107 0.047619
6 115 0.043478
14 115 0.043478
19 115 0.043478
23 115 0.043478
32 115 0.043478
37 115 0.043478
60 115 0.043478
62 115 0.043478
69 115 0.043478
74 115 0.043478
79 115 0.043478
83 115 0.043478
88 115 0.043478
93 115 0.043478
94 115 0.043478
98 115 0.043478
100 115 0.043478
103 115 0.043478
106 115 0.043478
111 115 0.043478
121 115 0.043478
138 115 0.043478
139 115 0.043478
7 15 0.05
14 15 0.05
23 15 0.05
24 15 0.05
26 15 0.05
45 15 0.05
48 15 0.05
51 15 0.05
62 15 0.05
64 15 0.05
70 15 0.05
72 15 0.05
74 15 0.05
75 15 0.05
77 15 0.05
85 15 0.05
89 15 0.05
99 15 0.05
110 15 0.05
116 15 0.05
7 52 0.052632
17 52 0.052632
20 52 0.052632
49 52 0.052632
60 52 0.052632
66 52 0.052632
67 52 0.052632
72 52 0.052632
75 52 0.052632
89 52 0.052632
91 52 0.052632
98 52 0.052632
99 52 0.052632
107 52 0.052632
110 52 0.052632
113 52 0.052632
127 52 0.052632
137 52 0.052632
138 52 0.052632
7 68 0.045455
8 68 0.045455
24 68 0.045455
34 68 0.045455
42 68 0.045455
59 68 0.045455
69 68 0.045455
70 68 0.045455
73 68 0.045455
82 68 0.045455
85 68 0.045455
87 68 0.045455
93 68 0.045455
94 68 0.045455
98 68 0.045455
101 68 0.045455
106 68 0.045455
116 68 0.045455
119 68 0.045455
125 68 0.045455
127 68 0.045455
139 68 0.045455
7 91 0.0625
10 91 0.0625
14 91 0.0625
37 91 0.0625
52 91 0.0625
53 91 0.0625
71 91 0.0625
75 91 0.0625
79 91 0.0625
90 91 0.0625
94 91 0.0625
99 91 0.0625
106 91 0.0625
119 91 0.0625
124 91 0.0625
127 91 0.0625
7 110 0.033333
8 110 0.033333
12 110 0.033333
13 110 0.033333
15 110 0.033333
19 110 0.033333
37 110 0.033333
38 110 0.033333
40 110 0.033333
41 110 0.033333
43 110 0.033333
52 110 0.033333
57 110 0.033333
60 110 0.033333
71 110 0.033333
75 110 0.033333
76 110 0.033333
80 110 0.033333
82 110 0.033333
84 110 0.033333
86 110 0.033333
89 110 0.033333
95 110 0.033333
104 110 0.033333
108 110 0.033333
113 110 0.033333
126 110 0.033333
127 110 0.033333
132 110 0.033333
134 110 0.033333
7 116 0.052632
11 116 0.052632
15 116 0.052632
19 116 0.052632
35 116 0.052632
43 116 0.052632
45 116 0.052632
67 116 0.052632
68 116 0.052632
76 116 0.052632
77 116 0.052632
95 116 0.052632
106 116 0.052632
114 116 0.052632
118 116 0.052632
126 116 0.052632
130 116 0.052632
132 116 0.052632
139 116 0.052632
8 33 0.05
22 33 0.05
39 33 0.05
40 33 0.05
55 33 0.05
58 33 0.05
60 33 0.05
63 33 0.05
71 33 0.05
76 33 0.05
77 33 0.05
80 33 0.05
84 33 0.05
89 33 0.05
96 33 0.05
97 33 0.05
98 33 0.05
99 33 0.05
132 33 0.05
134 33 0.05
8 65 0.071429
12 65 0.071429
16 65 0.071429
31 65 0.071429
36 65 0.071429
41 65 0.071429
76 65 0.071429
78 65 0.071429
105 65 0.071429
114 65 0.071429
124 65 0.071429
127 65 0.071429
138 65 0.071429
139 65 0.071429
8 82 0.05
20 82 0.05
25 82 0.05
40 82 0.05
44 82 0.05
53 82 0.05
54 82 0.05
68 82 0.05
77 82 0.05
94 82 0.05
96 82 0.05
105 82 0.05
110 82 0.05
111 82 0.05
112 82 0.05
120 82 0.05
121 82 0.05
127 82 0.05
131 82 0.05
135 82 0.05
9 18 0.055556
13 18 0.055556
14 18 0.055556
22 18 0.055556
25 18 0.055556
31 18 0.055556
34 18 0.055556
47 18 0.055556
56 18 0.055556
60 18 0.055556
76 18 0.055556
90 18 0.055556
100 18 0.055556
108 18 0.055556
124 18 0.055556
135 18 0.055556
136 18 0.055556
138 18 0.055556
9 53 0.032258
10 53 0.032258
14 53 0.032258
35 53 0.032258
40 53 0.032258
43 53 0.032258
47 53 0.032258
51 53 0.032258
59 53 0.032258
60 53 0.032258
66 53 0.032258
67 53 0.032258
71 53 0.032258
73 53 0.032258
74 53 0.032258
75 53 0.032258
82 53 0.032258
85 53 0.032258
86 53 0.032258
90 53 0.032258
91 53 0.032258
93 53 0.032258
96 53 0.032258
103 53 0.032258
111 53 0.032258
112 53 0.032258
113 53 0.032258
114 53 0.032258
117 53 0.032258
128 53 0.032258
136 53 0.032258
9 94 0.04
16 94 0.04
17 94 0.04
24 94 0.04
35 94 0.04
45 94 0.04
47 94 0.04
59 94 0.04
64 94 0.04
66 94 0.04
68 94 0.04
69 94 0.04
74 94 0.04
80 94 0.04
82 94 0.04
84 94 0.04
89 94 0.04
91 94 0.04
96 94 0.04
103 94 0.04
107 94 0.04
113 94 0.04
115 94 0.04
121 94 0.04
132 94 0.04
9 118 0.0625
14 118 0.0625
35 118 0.0625
37 118 0.0625
39 118 0.0625
46 118 0.0625
72 118 0.0625
74 118 0.0625
80 118 0.0625
87 118 0.0625
113 118 0.0625
116 118 0.0625
125 118 0.0625
127 118 0.0625
131 118 0.0625
137 118 0.0625
9 136 0.04
18 136 0.04
22 136 0.04
25 136 0.04
44 136 0.04
51 136 0.04
53 136 0.04
56 136 0.04
57 136 0.04
69 136 0.04
70 136 0.04
78 136 0.04
81 136 0.04
86 136 0.04
107 136 0.04
112 136 0.04
119 136 0.04
126 136 0.04
127 136 0.04
128 136 0.04
130 136 0.04
131 136 0.04
132 136 0.04
135 136 0.04
139 136 0.04
10 16 0.038462
11 16 0.038462
28 16 0.038462
37 16 0.038462
42 16 0.038462
44 16 0.038462
45 16 0.038462
46 16 0.038462
59 16 0.038462
65 16 0.038462
74 16 0.038462
75 16 0.038462
78 16 0.038462
84 16 0.038462
89 16 0.038462
90 16 0.038462
94 16 0.038462
96 16 0.038462
99 16 0.038462
104 16 0.038462
105 16 0.038462
113 16 0.038462
120 16 0.038462
124 16 0.038462
128 16 0.038462
138 16 0.038462
10 63 0.052632
20 63 0.052632
21 63 0.052632
23 63 0.052632
27 63 0.052632
33 63 0.052632
35 63 0.052632
69 63 0.052632
70 63 0.052632
72 63 0.052632
80 63 0.052632
92 63 0.052632
100 63 0.052632
101 63 0.052632
108 63 0.052632
121 63 0.052632
124 63 0.052632
128 63 0.052632
137 63 0.052632
10 89 0.055556
15 89 0.055556
16 89 0.055556
28 89 0.055556
33 89 0.055556
42 89 0.055556
43 89 0.055556
47 89 0.055556
52 89 0.055556
57 89 0.055556
67 89 0.055556
71 89 0.055556
72 89 0.055556
92 89 0.055556
94 89 0.055556
110 89 0.055556
114 89 0.055556
137 89 0.055556
10 96 0.041667
16 96 0.041667
24 96 0.041667
33 96 0.041667
35 96 0.041667
39 96 0.041667
43 96 0.041667
46 96 0.041667
53 96 0.041667
56 96 0.041667
62 96 0.041667
69 96 0.041667
81 96 0.041667
82 96 0.041667
90 96 0.041667
94 96 0.041667
99 96 0.041667
113 96 0.041667
114 96 0.041667
121 96 0.041667
123 96 0.041667
129 96 0.041667
133 96 0.041667
135 96 0.041667
10 100 0.052632
17 100 0.052632
18 100 0.052632
20 100 0.052632
24 100 0.052632
26 100 0.052632
44 100 0.052632
61 100 0.052632
63 100 0.052632
64 100 0.052632
78 100 0.052632
83 100 0.052632
84 100 0.052632
92 100 0.052632
93 100 0.052632
109 100 0.052632
115 100 0.052632
133 100 0.052632
138 100 0.052632
10 103 0.043478
12 103 0.043478
19 103 0.043478
31 103 0.043478
34 103 0.043478
40 103 0.043478
50 103 0.043478
53 103 0.043478
66 103 0.043478
69 103 0.043478
93 103 0.043478
94 103 0.043478
98 103 0.043478
109 103 0.043478
115 103 0.043478
120 103 0.043478
122 103 0.043478
124 103 0.043478
125 103 0.043478
127 103 0.043478
130 103 0.043478
131 103 0.043478
134 103 0.043478
10 121 0.05
19 121 0.05
29 121 0.05
30 121 0.05
38 121 0.05
40 121 0.05
45 121 0.05
59 121 0.05
62 121 0.05
63 121 0.05
73 121 0.05
82 121 0.05
88 121 0.05
92 121 0.05
94 121 0.05
96 121 0.05
104 121 0.05
106 121 0.05
111 121 0.05
115 121 0.05
12 24 0.058824
14 24 0.058824
15 24 0.058824
25 24 0.058824
30 24 0.058824
38 24 0.058824
64 24 0.058824
68 24 0.058824
72 24 0.058824
79 24 0.058824
94 24 0.058824
95 24 0.058824
96 24 0.058824
100 24 0.058824
117 24 0.058824
119 24 0.058824
122 24 0.058824
12 41 0.047619
30 41 0.047619
55 41 0.047619
57 41 0.047619
58 41 0.047619
64 41 0.047619
65 41 0.047619
66 41 0.047619
70 41 0.047619
71 41 0.047619
74 41 0.047619
75 41 0.047619
76 41 0.047619
95 41 0.047619
101 41 0.047619
105 41 0.047619
107 41 0.047619
110 41 0.047619
111 41 0.047619
127 41 0.047619
137 41 0.047619
12 123 0.083333
34 123 0.083333
38 123 0.083333
66 123 0.083333
73 123 0.083333
83 123 0.083333
84 123 0.083333
96 123 0.083333
98 123 0.083333
127 123 0.083333
133 123 0.083333
135 123 0.083333
12 125 0.033333
21 125 0.033333
23 125 0.033333
27 125 0.033333
30 125 0.033333
36 125 0.033333
39 125 0.033333
40 125 0.033333
43 125 0.033333
44 125 0.033333
49 125 0.033333
58 125 0.033333
67 125 0.033333
68 125 0.033333
81 125 0.033333
85 125 0.033333
92 125 0.033333
98 125 0.033333
102 125 0.033333
103 125 0.033333
108 125 0.033333
111 125 0.033333
112 125 0.033333
114 125 0.033333
118 125 0.033333
119 125 0.033333
124 125 0.033333
126 125 0.033333
131 125 0.033333
138 125 0.033333
12 128 0.05
16 128 0.05
19 128 0.05
20 128 0.05
25 128 0.05
30 128 0.05
31 128 0.05
36 128 0.05
48 128 0.05
50 128 0.05
51 128 0.05
53 128 0.05
63 128 0.05
76 128 0.05
81 128 0.05
84 128 0.05
126 128 0.05
129 128 0.05
130 128 0.05
136 128 0.05
12 135 0.047619
18 135 0.047619
29 135 0.047619
34 135 0.047619
44 135 0.047619
46 135 0.047619
47 135 0.047619
58 135 0.047619
75 135 0.047619
77 135 0.047619
82 135 0.047619
95 135 0.047619
96 135 0.047619
98 135 0.047619
107 135 0.047619
111 135 0.047619
113 135 0.047619
123 135 0.047619
131 135 0.047619
132 135 0.047619
136 135 0.047619
13 55 0.0625
28 55 0.0625
31 55 0.0625
33 55 0.0625
36 55 0.0625
41 55 0.0625
50 55 0.0625
51 55 0.0625
71 55 0.0625
78 55 0.0625
95 55 0.0625
98 55 0.0625
99 55 0.0625
105 55 0.0625
109 55 0.0625
117 55 0.0625
13 122 0.058824
22 122 0.058824
23 122 0.058824
24 122 0.058824
37 122 0.058824
38 122 0.058824
45 122 0.058824
80 122 0.058824
86 122 0.058824
90 122 0.058824
95 122 0.058824
97 122 0.058824
103 122 0.058824
104 122 0.058824
117 122 0.058824
127 122 0.058824
137 122 0.058824
14 17 0.045455
21 17 0.045455
26 17 0.045455
34 17 0.045455
38 17 0.045455
46 17 0.045455
47 17 0.045455
52 17 0.045455
58 17 0.045455
62 17 0.045455
71 17 0.045455
75 17 0.045455
84 17 0.045455
93 17 0.045455
94 17 0.045455
100 17 0.045455
104 17 0.045455
109 17 0.045455
111 17 0.045455
126 17 0.045455
131 17 0.045455
133 17 0.045455
14 119 0.076923
19 119 0.076923
24 119 0.076923
29 119 0.076923
31 119 0.076923
62 119 0.076923
68 119 0.076923
70 119 0.076923
91 119 0.076923
109 119 0.076923
125 119 0.076923
136 119 0.076923
137 119 0.076923
15 51 0.071429
25 51 0.071429
42 51 0.071429
53 51 0.071429
55 51 0.071429
57 51 0.071429
61 51 0.071429
72 51 0.071429
84 51 0.071429
88 51 0.071429
106 51 0.071429
120 51 0.071429
128 51 0.071429
136 51 0.071429
16 59 0.041667
27 59 0.041667
28 59 0.041667
29 59 0.041667
34 59 0.041667
37 59 0.041667
48 59 0.041667
50 59 0.041667
53 59 0.041667
56 59 0.041667
60 59 0.041667
68 59 0.041667
71 59 0.041667
73 59 0.041667
78 59 0.041667
81 59 0.041667
87 59 0.041667
94 59 0.041667
98 59 0.041667
102 59 0.041667
104 59 0.041667
114 59 0.041667
121 59 0.041667
134 59 0.041667
19 20 0.047619
30 20 0.047619
36 20 0.047619
42 20 0.047619
44 20 0.047619
52 20 0.047619
54 20 0.047619
57 20 0.047619
61 20 0.047619
63 20 0.047619
74 20 0.047619
82 20 0.047619
86 20 0.047619
100 20 0.047619
101 20 0.047619
107 20 0.047619
117 20 0.047619
124 20 0.047619
128 20 0.047619
137 20 0.047619
139 20 0.047619
19 83 0.066667
30 83 0.066667
36 83 0.066667
37 83 0.066667
49 83 0.066667
61 83 0.066667
74 83 0.066667
93 83 0.066667
100 83 0.066667
115 83 0.066667
120 83 0.066667
123 83 0.066667
129 83 0.066667
133 83 0.066667
139 83 0.066667
25 40 0.041667
29 40 0.041667
30 40 0.041667
33 40 0.041667
34 40 0.041667
45 40 0.041667
49 40 0.041667
50 40 0.041667
53 40 0.041667
67 40 0.041667
72 40 0.041667
82 40 0.041667
84 40 0.041667
87 40 0.041667
90 40 0.041667
95 40 0.041667
97 40 0.041667
98 40 0.041667
99 40 0.041667
103 40 0.041667
108 40 0.041667
110 40 0.041667
121 40 0.041667
125 40 0.041667
27 97 0.066667
33 97 0.066667
40 97 0.066667
57 97 0.066667
60 97 0.066667
66 97 0.066667
77 97 0.066667
78 97 0.066667
80 97 0.066667
101 97 0.066667
108 97 0.066667
109 97 0.066667
114 97 0.066667
122 97 0.066667
131 97 0.066667
39 88 0.043478
43 88 0.043478
47 88 0.043478
51 88 0.043478
54 88 0.043478
56 88 0.043478
61 88 0.043478
64 88 0.043478
66 88 0.043478
72 88 0.043478
73 88 0.043478
77 88 0.043478
98 88 0.043478
101 88 0.043478
102 88 0.043478
104 88 0.043478
105 88 0.043478
113 88 0.043478
115 88 0.043478
121 88 0.043478
129 88 0.043478
132 88 0.043478
133 88 0.043478
2 0 0.047619
28 0 0.047619
30 0 0.047619
36 0 0.047619
38 0 0.047619
42 0 0.047619
56 0 0.047619
62 0 0.047619
66 0 0.047619
69 0 0.047619
71 0 0.047619
72 0 0.047619
77 0 0.047619
81 0 0.047619
86 0 0.047619
90 0 0.047619
93 0 0.047619
113 0 0.047619
120 0 0.047619
132 0 0.047619
134 0 0.047619
11 1 0.0625
13 1 0.0625
14 1 0.0625
28 1 0.0625
61 1 0.0625
62 1 0.0625
66 1 0.0625
75 1 0.0625
101 1 0.0625
105 1 0.0625
106 1 0.0625
124 1 0.0625
126 1 0.0625
129 1 0.0625
130 1 0.0625
133 1 0.0625
5 3 0.043478
14 3 0.043478
23 3 0.043478
25 3 0.043478
29 3 0.043478
34 3 0.043478
38 3 0.043478
39 3 0.043478
44 3 0.043478
49 3 0.043478
50 3 0.043478
67 3 0.043478
69 3 0.043478
72 3 0.043478
73 3 0.043478
75 3 0.043478
79 3 0.043478
81 3 0.043478
86 3 0.043478
98 3 0.043478
101 3 0.043478
112 3 0.043478
139 3 0.043478
8 4 0.052632
22 4 0.052632
31 4 0.052632
36 4 0.052632
39 4 0.052632
43 4 0.052632
45 4 0.052632
46 4 0.052632
50 4 0.052632
71 4 0.052632
74 4 0.052632
80 4 0.052632
85 4 0.052632
92 4 0.052632
111 4 0.052632
124 4 0.052632
127 4 0.052632
129 4 0.052632
138 4 0.052632
7 6 0.038462
10 6 0.038462
19 6 0.038462
23 6 0.038462
26 6 0.038462
29 6 0.038462
30 6 0.038462
44 6 0.038462
47 6 0.038462
50 6 0.038462
72 6 0.038462
76 6 0.038462
80 6 0.038462
81 6 0.038462
84 6 0.038462
86 6 0.038462
87 6 0.038462
102 6 0.038462
104 6 0.038462
106 6 0.038462
107 6 0.038462
111 6 0.038462
115 6 0.038462
120 6 0.038462
126 6 0.038462
129 6 0.038462
10 9 0.045455
12 9 0.045455
18 9 0.045455
32 9 0.045455
42 9 0.045455
44 9 0.045455
47 9 0.045455
53 9 0.045455
72 9 0.045455
77 9 0.045455
78 9 0.045455
80 9 0.045455
84 9 0.045455
93 9 0.045455
94 9 0.045455
95 9 0.045455
105 9 0.045455
111 9 0.045455
118 9 0.045455
130 9 0.045455
134 9 0.045455
136 9 0.045455
