0 4 0.0625
17 4 0.0625
24 4 0.0625
28 4 0.0625
29 4 0.0625
39 4 0.0625
43 4 0.0625
51 4 0.0625
59 4 0.0625
75 4 0.0625
79 4 0.0625
82 4 0.0625
87 4 0.0625
100 4 0.0625
110 4 0.0625
112 4 0.0625
0 11 0.0625
2 11 0.0625
7 11 0.0625
16 11 0.0625
19 11 0.0625
37 11 0.0625
45 11 0.0625
62 11 0.0625
66 11 0.0625
70 11 0.0625
78 11 0.0625
90 11 0.0625
95 11 0.0625
109 11 0.0625
110 11 0.0625
111 11 0.0625
0 16 0.052632
5 16 0.052632
6 16 0.052632
9 16 0.052632
11 16 0.052632
15 16 0.052632
28 16 0.052632
29 16 0.052632
50 16 0.052632
60 16 0.052632
61 16 0.052632
73 16 0.052632
76 16 0.052632
82 16 0.052632
91 16 0.052632
94 16 0.052632
101 16 0.052632
105 16 0.052632
111 16 0.052632
0 69 0.052632
1 69 0.052632
20 69 0.052632
21 69 0.052632
31 69 0.052632
38 69 0.052632
44 69 0.052632
48 69 0.052632
55 69 0.052632
56 69 0.052632
57 69 0.052632
77 69 0.052632
79 69 0.052632
86 69 0.052632
92 69 0.052632
93 69 0.052632
96 69 0.052632
107 69 0.052632
111 69 0.052632
0 70 0.043478
11 70 0.043478
14 70 0.043478
18 70 0.043478
28 70 0.043478
34 70 0.043478
36 70 0.043478
38 70 0.043478
45 70 0.043478
47 70 0.043478
53 70 0.043478
57 70 0.043478
72 70 0.043478
74 70 0.043478
76 70 0.043478
77 70 0.043478
79 70 0.043478
80 70 0.043478
90 70 0.043478
93 70 0.043478
101 70 0.043478
103 70 0.043478
104 70 0.043478
0 82 0.055556
3 82 0.055556
4 82 0.055556
12 82 0.055556
16 82 0.055556
25 82 0.055556
28 82 0.055556
30 82 0.055556
34 82 0.055556
35 82 0.055556
38 82 0.055556
39 82 0.055556
43 82 0.055556
45 82 0.055556
63 82 0.055556
72 82 0.055556
90 82 0.055556
96 82 0.055556
0 92 0.047619
6 92 0.047619
20 92 0.047619
24 92 0.047619
27 92 0.047619
36 92 0.047619
38 92 0.047619
49 92 0.047619
50 92 0.047619
56 92 0.047619
58 92 0.047619
60 92 0.047619
69 92 0.047619
71 92 0.047619
73 92 0.047619
85 92 0.047619
89 92 0.047619
96 92 0.047619
98 92 0.047619
108 92 0.047619
110 92 0.047619
0 101 0.090909
2 101 0.090909
15 101 0.090909
16 101 0.090909
18 101 0.090909
29 101 0.090909
31 101 0.090909
33 101 0.090909
52 101 0.090909
70 101 0.090909
77 101 0.090909
1 17 0.0625
2 17 0.0625
4 17 0.0625
6 17 0.0625
21 17 0.0625
28 17 0.0625
45 17 0.0625
50 17 0.0625
51 17 0.0625
60 17 0.0625
64 17 0.0625
73 17 0.0625
78 17 0.0625
91 17 0.0625
99 17 0.0625
103 17 0.0625
1 19 0.055556
11 19 0.055556
12 19 0.055556
21 19 0.055556
25 19 0.055556
28 19 0.055556
40 19 0.055556
41 19 0.055556
48 19 0.055556
50 19 0.055556
53 19 0.055556
56 19 0.055556
59 19 0.055556
61 19 0.055556
73 19 0.055556
80 19 0.055556
85 19 0.055556
90 19 0.055556
1 24 0.1
4 24 0.1
7 24 0.1
27 24 0.1
51 24 0.1
60 24 0.1
88 24 0.1
90 24 0.1
92 24 0.1
98 24 0.1
1 35 0.0625
2 35 0.0625
12 35 0.0625
15 35 0.0625
20 35 0.0625
22 35 0.0625
39 35 0.0625
43 35 0.0625
56 35 0.0625
60 35 0.0625
62 35 0.0625
64 35 0.0625
82 35 0.0625
84 35 0.0625
99 35 0.0625
112 35 0.0625
1 36 0.0625
14 36 0.0625
30 36 0.0625
38 36 0.0625
45 36 0.0625
55 36 0.0625
57 36 0.0625
67 36 0.0625
70 36 0.0625
76 36 0.0625
80 36 0.0625
83 36 0.0625
89 36 0.0625
92 36 0.0625
97 36 0.0625
108 36 0.0625
1 38 0.052632
8 38 0.052632
9 38 0.052632
13 38 0.052632
15 38 0.052632
29 38 0.052632
36 38 0.052632
39 38 0.052632
42 38 0.052632
61 38 0.052632
65 38 0.052632
69 38 0.052632
70 38 0.052632
71 38 0.052632
75 38 0.052632
82 38 0.052632
91 38 0.052632
92 38 0.052632
105 38 0.052632
1 43 0.0625
4 43 0.0625
8 43 0.0625
13 43 0.0625
15 43 0.0625
35 43 0.0625
39 43 0.0625
47 43 0.0625
63 43 0.0625
65 43 0.0625
67 43 0.0625
82 43 0.0625
86 43 0.0625
102 43 0.0625
108 43 0.0625
110 43 0.0625
1 49 0.066667
2 49 0.066667
23 49 0.066667
42 49 0.066667
44 49 0.066667
60 49 0.066667
61 49 0.066667
73 49 0.066667
78 49 0.066667
84 49 0.066667
91 49 0.066667
92 49 0.066667
93 49 0.066667
99 49 0.066667
106 49 0.066667
1 50 0.045455
3 50 0.045455
5 50 0.045455
16 50 0.045455
17 50 0.045455
19 50 0.045455
20 50 0.045455
21 50 0.045455
25 50 0.045455
27 50 0.045455
30 50 0.045455
39 50 0.045455
52 50 0.045455
61 50 0.045455
76 50 0.045455
92 50 0.045455
93 50 0.045455
94 50 0.045455
95 50 0.045455
100 50 0.045455
108 50 0.045455
110 50 0.045455
1 54 0.083333
14 54 0.083333
21 54 0.083333
32 54 0.083333
41 54 0.083333
56 54 0.083333
60 54 0.083333
74 54 0.083333
79 54 0.083333
91 54 0.083333
95 54 0.083333
103 54 0.083333
1 55 0.045455
28 55 0.045455
29 55 0.045455
36 55 0.045455
45 55 0.045455
46 55 0.045455
48 55 0.045455
51 55 0.045455
52 55 0.045455
53 55 0.045455
57 55 0.045455
69 55 0.045455
77 55 0.045455
78 55 0.045455
79 55 0.045455
84 55 0.045455
86 55 0.045455
95 55 0.045455
104 55 0.045455
107 55 0.045455
110 55 0.045455
112 55 0.045455
1 56 0.0625
12 56 0.0625
19 56 0.0625
25 56 0.0625
32 56 0.0625
35 56 0.0625
44 56 0.0625
54 56 0.0625
65 56 0.0625
66 56 0.0625
69 56 0.0625
71 56 0.0625
92 56 0.0625
94 56 0.0625
95 56 0.0625
102 56 0.0625
1 57 0.0625
23 57 0.0625
26 57 0.0625
31 57 0.0625
32 57 0.0625
36 57 0.0625
39 57 0.0625
55 57 0.0625
61 57 0.0625
67 57 0.0625
69 57 0.0625
70 57 0.0625
87 57 0.0625
106 57 0.0625
109 57 0.0625
110 57 0.0625
1 63 0.055556
6 63 0.055556
7 63 0.055556
8 63 0.055556
9 63 0.055556
12 63 0.055556
23 63 0.055556
30 63 0.055556
43 63 0.055556
45 63 0.055556
47 63 0.055556
64 63 0.055556
66 63 0.055556
82 63 0.055556
99 63 0.055556
106 63 0.055556
110 63 0.055556
112 63 0.055556
1 77 0.043478
3 77 0.043478
8 77 0.043478
22 77 0.043478
28 77 0.043478
30 77 0.043478
51 77 0.043478
55 77 0.043478
59 77 0.043478
69 77 0.043478
70 77 0.043478
73 77 0.043478
78 77 0.043478
79 77 0.043478
81 77 0.043478
84 77 0.043478
85 77 0.043478
88 77 0.043478
91 77 0.043478
95 77 0.043478
101 77 0.043478
106 77 0.043478
111 77 0.043478
1 78 0.076923
9 78 0.076923
10 78 0.076923
11 78 0.076923
15 78 0.076923
17 78 0.076923
37 78 0.076923
49 78 0.076923
55 78 0.076923
72 78 0.076923
77 78 0.076923
85 78 0.076923
109 78 0.076923
1 80 0.058824
5 80 0.058824
14 80 0.058824
18 80 0.058824
19 80 0.058824
21 80 0.058824
23 80 0.058824
31 80 0.058824
32 80 0.058824
36 80 0.058824
37 80 0.058824
53 80 0.058824
70 80 0.058824
83 80 0.058824
93 80 0.058824
95 80 0.058824
105 80 0.058824
1 86 0.052632
8 86 0.052632
13 86 0.052632
27 86 0.052632
31 86 0.052632
40 86 0.052632
42 86 0.052632
43 86 0.052632
55 86 0.052632
65 86 0.052632
69 86 0.052632
88 86 0.052632
90 86 0.052632
95 86 0.052632
98 86 0.052632
99 86 0.052632
100 86 0.052632
104 86 0.052632
106 86 0.052632
1 88 0.052632
6 88 0.052632
15 88 0.052632
24 88 0.052632
32 88 0.052632
33 88 0.052632
39 88 0.052632
47 88 0.052632
51 88 0.052632
53 88 0.052632
60 88 0.052632
71 88 0.052632
74 88 0.052632
77 88 0.052632
81 88 0.052632
86 88 0.052632
96 88 0.052632
99 88 0.052632
100 88 0.052632
1 91 0.055556
2 91 0.055556
3 91 0.055556
6 91 0.055556
7 91 0.055556
12 91 0.055556
16 91 0.055556
17 91 0.055556
26 91 0.055556
38 91 0.055556
49 91 0.055556
54 91 0.055556
62 91 0.055556
64 91 0.055556
77 91 0.055556
89 91 0.055556
102 91 0.055556
105 91 0.055556
1 94 0.047619
2 94 0.047619
9 94 0.047619
10 94 0.047619
16 94 0.047619
21 94 0.047619
23 94 0.047619
27 94 0.047619
28 94 0.047619
29 94 0.047619
31 94 0.047619
41 94 0.047619
44 94 0.047619
47 94 0.047619
50 94 0.047619
51 94 0.047619
56 94 0.047619
62 94 0.047619
74 94 0.047619
76 94 0.047619
81 94 0.047619
1 97 0.052632
5 97 0.052632
9 97 0.052632
18 97 0.052632
30 97 0.052632
36 97 0.052632
40 97 0.052632
45 97 0.052632
46 97 0.052632
48 97 0.052632
65 97 0.052632
66 97 0.052632
68 97 0.052632
79 97 0.052632
85 97 0.052632
89 97 0.052632
99 97 0.052632
109 97 0.052632
111 97 0.052632
1 109 0.0625
5 109 0.0625
8 109 0.0625
11 109 0.0625
32 109 0.0625
51 109 0.0625
53 109 0.0625
57 109 0.0625
59 109 0.0625
60 109 0.0625
64 109 0.0625
78 109 0.0625
96 109 0.0625
97 109 0.0625
106 109 0.0625
111 109 0.0625
2 6 0.038462
3 6 0.038462
7 6 0.038462
16 6 0.038462
17 6 0.038462
21 6 0.038462
31 6 0.038462
42 6 0.038462
44 6 0.038462
45 6 0.038462
52 6 0.038462
53 6 0.038462
59 6 0.038462
63 6 0.038462
64 6 0.038462
73 6 0.038462
74 6 0.038462
76 6 0.038462
85 6 0.038462
88 6 0.038462
89 6 0.038462
91 6 0.038462
92 6 0.038462
93 6 0.038462
100 6 0.038462
110 6 0.038462
2 22 0.111111
8 22 0.111111
12 22 0.111111
27 22 0.111111
32 22 0.111111
35 22 0.111111
52 22 0.111111
58 22 0.111111
77 22 0.111111
2 26 0.071429
12 26 0.071429
14 26 0.071429
27 26 0.071429
39 26 0.071429
40 26 0.071429
48 26 0.071429
57 26 0.071429
62 26 0.071429
68 26 0.071429
91 26 0.071429
95 26 0.071429
104 26 0.071429
106 26 0.071429
2 52 0.066667
6 52 0.066667
14 52 0.066667
20 52 0.066667
22 52 0.066667
37 52 0.066667
48 52 0.066667
50 52 0.066667
55 52 0.066667
67 52 0.066667
90 52 0.066667
93 52 0.066667
95 52 0.066667
101 52 0.066667
110 52 0.066667
2 67 0.066667
8 67 0.066667
13 67 0.066667
18 67 0.066667
20 67 0.066667
34 67 0.066667
36 67 0.066667
39 67 0.066667
40 67 0.066667
43 67 0.066667
46 67 0.066667
52 67 0.066667
57 67 0.066667
68 67 0.066667
83 67 0.066667
2 71 0.043478
7 71 0.043478
8 71 0.043478
14 71 0.043478
28 71 0.043478
30 71 0.043478
38 71 0.043478
39 71 0.043478
40 71 0.043478
41 71 0.043478
56 71 0.043478
59 71 0.043478
60 71 0.043478
75 71 0.043478
83 71 0.043478
84 71 0.043478
88 71 0.043478
92 71 0.043478
93 71 0.043478
98 71 0.043478
100 71 0.043478
103 71 0.043478
105 71 0.043478
2 72 0.071429
31 72 0.071429
33 72 0.071429
37 72 0.071429
39 72 0.071429
47 72 0.071429
58 72 0.071429
70 72 0.071429
78 72 0.071429
79 72 0.071429
82 72 0.071429
84 72 0.071429
85 72 0.071429
90 72 0.071429
2 83 0.076923
9 83 0.076923
13 83 0.076923
33 83 0.076923
36 83 0.076923
39 83 0.076923
46 83 0.076923
60 83 0.076923
67 83 0.076923
71 83 0.076923
79 83 0.076923
80 83 0.076923
89 83 0.076923
2 87 0.0625
3 87 0.0625
4 87 0.0625
7 87 0.0625
9 87 0.0625
10 87 0.0625
32 87 0.0625
48 87 0.0625
57 87 0.0625
59 87 0.0625
65 87 0.0625
73 87 0.0625
75 87 0.0625
76 87 0.0625
90 87 0.0625
112 87 0.0625
2 93 0.052632
6 93 0.052632
7 93 0.052632
30 93 0.052632
48 93 0.052632
49 93 0.052632
50 93 0.052632
51 93 0.052632
52 93 0.052632
59 93 0.052632
69 93 0.052632
70 93 0.052632
71 93 0.052632
73 93 0.052632
76 93 0.052632
80 93 0.052632
99 93 0.052632
102 93 0.052632
112 93 0.052632
2 106 0.047619
5 106 0.047619
8 106 0.047619
18 106 0.047619
21 106 0.047619
26 106 0.047619
44 106 0.047619
49 106 0.047619
51 106 0.047619
53 106 0.047619
57 106 0.047619
58 106 0.047619
63 106 0.047619
65 106 0.047619
74 106 0.047619
76 106 0.047619
77 106 0.047619
86 106 0.047619
98 106 0.047619
105 106 0.047619
109 106 0.047619
3 10 0.1
15 10 0.1
25 10 0.1
37 10 0.1
46 10 0.1
60 10 0.1
76 10 0.1
78 10 0.1
87 10 0.1
94 10 0.1
3 13 0.0625
21 13 0.0625
38 13 0.0625
40 13 0.0625
43 13 0.0625
51 13 0.0625
67 13 0.0625
68 13 0.0625
81 13 0.0625
83 13 0.0625
86 13 0.0625
90 13 0.0625
102 13 0.0625
104 13 0.0625
105 13 0.0625
112 13 0.0625
3 14 0.083333
21 14 0.083333
26 14 0.083333
36 14 0.083333
44 14 0.083333
52 14 0.083333
54 14 0.083333
70 14 0.083333
71 14 0.083333
80 14 0.083333
100 14 0.083333
105 14 0.083333
3 29 0.076923
4 29 0.076923
5 29 0.076923
12 29 0.076923
16 29 0.076923
32 29 0.076923
38 29 0.076923
42 29 0.076923
55 29 0.076923
94 29 0.076923
95 29 0.076923
101 29 0.076923
105 29 0.076923
3 32 0.05
22 32 0.05
25 32 0.05
29 32 0.05
37 32 0.05
51 32 0.05
54 32 0.05
56 32 0.05
57 32 0.05
60 32 0.05
62 32 0.05
66 32 0.05
73 32 0.05
80 32 0.05
81 32 0.05
87 32 0.05
88 32 0.05
96 32 0.05
108 32 0.05
109 32 0.05
3 53 0.05
5 53 0.05
6 53 0.05
9 53 0.05
19 53 0.05
23 53 0.05
33 53 0.05
39 53 0.05
51 53 0.05
55 53 0.05
61 53 0.05
70 53 0.05
73 53 0.05
74 53 0.05
80 53 0.05
88 53 0.05
98 53 0.05
106 53 0.05
108 53 0.05
109 53 0.05
3 62 0.0625
7 62 0.0625
11 62 0.0625
18 62 0.0625
25 62 0.0625
26 62 0.0625
32 62 0.0625
34 62 0.0625
35 62 0.0625
44 62 0.0625
48 62 0.0625
68 62 0.0625
91 62 0.0625
94 62 0.0625
100 62 0.0625
105 62 0.0625
3 66 0.083333
9 66 0.083333
11 66 0.083333
18 66 0.083333
23 66 0.083333
31 66 0.083333
32 66 0.083333
56 66 0.083333
63 66 0.083333
73 66 0.083333
97 66 0.083333
111 66 0.083333
3 68 0.0625
13 68 0.0625
15 68 0.0625
20 68 0.0625
21 68 0.0625
26 68 0.0625
42 68 0.0625
59 68 0.0625
62 68 0.0625
65 68 0.0625
67 68 0.0625
95 68 0.0625
96 68 0.0625
97 68 0.0625
99 68 0.0625
103 68 0.0625
3 76 0.05
5 76 0.05
6 76 0.05
9 76 0.05
10 76 0.05
12 76 0.05
16 76 0.05
20 76 0.05
23 76 0.05
36 76 0.05
37 76 0.05
45 76 0.05
50 76 0.05
70 76 0.05
74 76 0.05
87 76 0.05
93 76 0.05
94 76 0.05
102 76 0.05
106 76 0.05
3 81 0.125
5 81 0.125
13 81 0.125
31 81 0.125
32 81 0.125
77 81 0.125
88 81 0.125
94 81 0.125
3 84 0.0625
35 84 0.0625
41 84 0.0625
47 84 0.0625
48 84 0.0625
49 84 0.0625
51 84 0.0625
55 84 0.0625
59 84 0.0625
71 84 0.0625
72 84 0.0625
74 84 0.0625
77 84 0.0625
102 84 0.0625
104 84 0.0625
108 84 0.0625
3 90 0.0625
5 90 0.0625
11 90 0.0625
12 90 0.0625
13 90 0.0625
19 90 0.0625
24 90 0.0625
42 90 0.0625
52 90 0.0625
65 90 0.0625
70 90 0.0625
72 90 0.0625
82 90 0.0625
86 90 0.0625
87 90 0.0625
107 90 0.0625
3 98 0.055556
24 98 0.055556
27 98 0.055556
34 98 0.055556
42 98 0.055556
46 98 0.055556
51 98 0.055556
53 98 0.055556
58 98 0.055556
60 98 0.055556
64 98 0.055556
65 98 0.055556
71 98 0.055556
73 98 0.055556
86 98 0.055556
92 98 0.055556
106 98 0.055556
110 98 0.055556
3 100 0.076923
4 100 0.076923
6 100 0.076923
14 100 0.076923
44 100 0.076923
48 100 0.076923
50 100 0.076923
62 100 0.076923
71 100 0.076923
74 100 0.076923
86 100 0.076923
88 100 0.076923
96 100 0.076923
3 107 0.090909
27 107 0.090909
30 107 0.090909
31 107 0.090909
45 107 0.090909
55 107 0.090909
59 107 0.090909
64 107 0.090909
69 107 0.090909
90 107 0.090909
112 107 0.090909
4 28 0.0625
16 28 0.0625
17 28 0.0625
19 28 0.0625
20 28 0.0625
25 28 0.0625
31 28 0.0625
41 28 0.0625
47 28 0.0625
55 28 0.0625
70 28 0.0625
71 28 0.0625
77 28 0.0625
79 28 0.0625
82 28 0.0625
94 28 0.0625
4 39 0.038462
25 39 0.038462
26 39 0.038462
27 39 0.038462
31 39 0.038462
35 39 0.038462
37 39 0.038462
38 39 0.038462
43 39 0.038462
50 39 0.038462
53 39 0.038462
57 39 0.038462
61 39 0.038462
67 39 0.038462
71 39 0.038462
72 39 0.038462
74 39 0.038462
79 39 0.038462
82 39 0.038462
83 39 0.038462
88 39 0.038462
95 39 0.038462
96 39 0.038462
105 39 0.038462
108 39 0.038462
110 39 0.038462
4 51 0.043478
13 51 0.043478
17 51 0.043478
21 51 0.043478
24 51 0.043478
32 51 0.043478
42 51 0.043478
53 51 0.043478
55 51 0.043478
58 51 0.043478
73 51 0.043478
77 51 0.043478
84 51 0.043478
88 51 0.043478
89 51 0.043478
93 51 0.043478
94 51 0.043478
98 51 0.043478
99 51 0.043478
104 51 0.043478
106 51 0.043478
108 51 0.043478
109 51 0.043478
4 59 0.045455
6 59 0.045455
8 59 0.045455
12 59 0.045455
19 59 0.045455
30 59 0.045455
42 59 0.045455
46 59 0.045455
61 59 0.045455
64 59 0.045455
68 59 0.045455
71 59 0.045455
77 59 0.045455
84 59 0.045455
87 59 0.045455
93 59 0.045455
99 59 0.045455
102 59 0.045455
104 59 0.045455
107 59 0.045455
109 59 0.045455
112 59 0.045455
4 75 0.1
20 75 0.1
31 75 0.1
38 75 0.1
47 75 0.1
60 75 0.1
71 75 0.1
73 75 0.1
74 75 0.1
87 75 0.1
4 79 0.058824
25 79 0.058824
28 79 0.058824
37 79 0.058824
39 79 0.058824
40 79 0.058824
41 79 0.058824
42 79 0.058824
54 79 0.058824
55 79 0.058824
69 79 0.058824
70 79 0.058824
72 79 0.058824
77 79 0.058824
83 79 0.058824
85 79 0.058824
97 79 0.058824
4 110 0.058824
6 110 0.058824
11 110 0.058824
39 110 0.058824
41 110 0.058824
42 110 0.058824
43 110 0.058824
50 110 0.058824
52 110 0.058824
55 110 0.058824
57 110 0.058824
61 110 0.058824
63 110 0.058824
92 110 0.058824
98 110 0.058824
103 110 0.058824
112 110 0.058824
4 112 0.058824
7 112 0.058824
13 112 0.058824
35 112 0.058824
37 112 0.058824
44 112 0.058824
55 112 0.058824
58 112 0.058824
59 112 0.058824
63 112 0.058824
73 112 0.058824
74 112 0.058824
87 112 0.058824
93 112 0.058824
104 112 0.058824
107 112 0.058824
110 112 0.058824
5 12 0.05
18 12 0.05
19 12 0.05
22 12 0.05
26 12 0.05
29 12 0.05
30 12 0.05
31 12 0.05
35 12 0.05
56 12 0.05
59 12 0.05
63 12 0.05
76 12 0.05
82 12 0.05
90 12 0.05
91 12 0.05
102 12 0.05
104 12 0.05
105 12 0.05
111 12 0.05
5 31 0.047619
6 31 0.047619
12 31 0.047619
20 31 0.047619
28 31 0.047619
30 31 0.047619
39 31 0.047619
47 31 0.047619
57 31 0.047619
66 31 0.047619
69 31 0.047619
72 31 0.047619
73 31 0.047619
75 31 0.047619
80 31 0.047619
81 31 0.047619
86 31 0.047619
94 31 0.047619
96 31 0.047619
101 31 0.047619
107 31 0.047619
5 44 0.052632
6 44 0.052632
9 44 0.052632
14 44 0.052632
15 44 0.052632
21 44 0.052632
33 44 0.052632
40 44 0.052632
42 44 0.052632
49 44 0.052632
56 44 0.052632
62 44 0.052632
69 44 0.052632
94 44 0.052632
99 44 0.052632
100 44 0.052632
102 44 0.052632
106 44 0.052632
112 44 0.052632
5 45 0.047619
6 45 0.047619
8 45 0.047619
11 45 0.047619
17 45 0.047619
25 45 0.047619
36 45 0.047619
40 45 0.047619
42 45 0.047619
47 45 0.047619
55 45 0.047619
63 45 0.047619
70 45 0.047619
74 45 0.047619
76 45 0.047619
82 45 0.047619
85 45 0.047619
97 45 0.047619
99 45 0.047619
103 45 0.047619
107 45 0.047619
5 65 0.0625
18 65 0.0625
21 65 0.0625
37 65 0.0625
38 65 0.0625
43 65 0.0625
48 65 0.0625
56 65 0.0625
68 65 0.0625
86 65 0.0625
87 65 0.0625
90 65 0.0625
95 65 0.0625
97 65 0.0625
98 65 0.0625
106 65 0.0625
5 96 0.055556
7 96 0.055556
31 96 0.055556
32 96 0.055556
34 96 0.055556
39 96 0.055556
41 96 0.055556
60 96 0.055556
68 96 0.055556
69 96 0.055556
82 96 0.055556
85 96 0.055556
88 96 0.055556
92 96 0.055556
100 96 0.055556
102 96 0.055556
103 96 0.055556
109 96 0.055556
5 104 0.076923
12 104 0.076923
13 104 0.076923
26 104 0.076923
47 104 0.076923
51 104 0.076923
55 104 0.076923
59 104 0.076923
70 104 0.076923
84 104 0.076923
86 104 0.076923
103 104 0.076923
112 104 0.076923
5 111 0.0625
9 111 0.0625
11 111 0.0625
12 111 0.0625
16 111 0.0625
18 111 0.0625
33 111 0.0625
37 111 0.0625
66 111 0.0625
69 111 0.0625
74 111 0.0625
77 111 0.0625
97 111 0.0625
99 111 0.0625
103 111 0.0625
109 111 0.0625
6 7 0.052632
11 7 0.052632
15 7 0.052632
18 7 0.052632
21 7 0.052632
24 7 0.052632
34 7 0.052632
37 7 0.052632
62 7 0.052632
63 7 0.052632
71 7 0.052632
87 7 0.052632
91 7 0.052632
93 7 0.052632
96 7 0.052632
102 7 0.052632
103 7 0.052632
105 7 0.052632
112 7 0.052632
6 21 0.058824
7 21 0.058824
13 21 0.058824
14 21 0.058824
17 21 0.058824
19 21 0.058824
44 21 0.058824
50 21 0.058824
51 21 0.058824
54 21 0.058824
65 21 0.058824
68 21 0.058824
69 21 0.058824
73 21 0.058824
80 21 0.058824
94 21 0.058824
106 21 0.058824
6 42 0.058824
23 42 0.058824
29 42 0.058824
38 42 0.058824
41 42 0.058824
44 42 0.058824
45 42 0.058824
49 42 0.058824
51 42 0.058824
59 42 0.058824
61 42 0.058824
68 42 0.058824
79 42 0.058824
86 42 0.058824
90 42 0.058824
98 42 0.058824
110 42 0.058824
6 64 0.071429
17 64 0.071429
25 64 0.071429
35 64 0.071429
41 64 0.071429
48 64 0.071429
59 64 0.071429
61 64 0.071429
63 64 0.071429
91 64 0.071429
98 64 0.071429
102 64 0.071429
107 64 0.071429
109 64 0.071429
6 73 0.052632
16 73 0.052632
17 73 0.052632
19 73 0.052632
21 73 0.052632
31 73 0.052632
32 73 0.052632
37 73 0.052632
49 73 0.052632
51 73 0.052632
53 73 0.052632
66 73 0.052632
75 73 0.052632
77 73 0.052632
87 73 0.052632
92 73 0.052632
93 73 0.052632
98 73 0.052632
112 73 0.052632
6 74 0.05
15 74 0.05
33 74 0.05
37 74 0.05
39 74 0.05
45 74 0.05
53 74 0.05
54 74 0.05
60 74 0.05
70 74 0.05
75 74 0.05
76 74 0.05
84 74 0.05
88 74 0.05
94 74 0.05
100 74 0.05
102 74 0.05
106 74 0.05
111 74 0.05
112 74 0.05
6 85 0.0625
9 85 0.0625
18 85 0.0625
19 85 0.0625
20 85 0.0625
23 85 0.0625
45 85 0.0625
48 85 0.0625
72 85 0.0625
77 85 0.0625
78 85 0.0625
79 85 0.0625
92 85 0.0625
96 85 0.0625
97 85 0.0625
103 85 0.0625
6 89 0.090909
27 89 0.090909
34 89 0.090909
36 89 0.090909
51 89 0.090909
58 89 0.090909
60 89 0.090909
83 89 0.090909
91 89 0.090909
92 89 0.090909
97 89 0.090909
7 15 0.058824
10 15 0.058824
16 15 0.058824
27 15 0.058824
33 15 0.058824
35 15 0.058824
38 15 0.058824
43 15 0.058824
44 15 0.058824
48 15 0.058824
68 15 0.058824
74 15 0.058824
78 15 0.058824
88 15 0.058824
99 15 0.058824
101 15 0.058824
105 15 0.058824
7 18 0.058824
9 18 0.058824
12 18 0.058824
30 18 0.058824
34 18 0.058824
62 18 0.058824
65 18 0.058824
66 18 0.058824
67 18 0.058824
70 18 0.058824
80 18 0.058824
85 18 0.058824
97 18 0.058824
101 18 0.058824
106 18 0.058824
108 18 0.058824
111 18 0.058824
7 34 0.090909
8 34 0.090909
18 34 0.090909
62 34 0.090909
67 34 0.090909
70 34 0.090909
82 34 0.090909
89 34 0.090909
96 34 0.090909
98 34 0.090909
105 34 0.090909
7 37 0.05
10 37 0.05
11 37 0.05
20 37 0.05
27 37 0.05
32 37 0.05
39 37 0.05
48 37 0.05
52 37 0.05
60 37 0.05
65 37 0.05
72 37 0.05
73 37 0.05
74 37 0.05
76 37 0.05
78 37 0.05
79 37 0.05
80 37 0.05
111 37 0.05
112 37 0.05
7 102 0.066667
12 102 0.066667
13 102 0.066667
43 102 0.066667
44 102 0.066667
56 102 0.066667
59 102 0.066667
64 102 0.066667
74 102 0.066667
76 102 0.066667
84 102 0.066667
91 102 0.066667
93 102 0.066667
96 102 0.066667
108 102 0.066667
7 103 0.055556
17 103 0.055556
23 103 0.055556
33 103 0.055556
40 103 0.055556
45 103 0.055556
48 103 0.055556
54 103 0.055556
58 103 0.055556
68 103 0.055556
70 103 0.055556
71 103 0.055556
85 103 0.055556
96 103 0.055556
104 103 0.055556
105 103 0.055556
110 103 0.055556
111 103 0.055556
7 105 0.05
12 105 0.05
13 105 0.05
14 105 0.05
15 105 0.05
16 105 0.05
23 105 0.05
27 105 0.05
29 105 0.05
30 105 0.05
34 105 0.05
38 105 0.05
39 105 0.05
62 105 0.05
71 105 0.05
80 105 0.05
91 105 0.05
95 105 0.05
103 105 0.05
106 105 0.05
8 20 0.0625
28 20 0.0625
31 20 0.0625
35 20 0.0625
37 20 0.0625
50 20 0.0625
52 20 0.0625
67 20 0.0625
68 20 0.0625
69 20 0.0625
75 20 0.0625
76 20 0.0625
85 20 0.0625
92 20 0.0625
95 20 0.0625
108 20 0.0625
8 33 0.071429
15 33 0.071429
27 33 0.071429
40 33 0.071429
44 33 0.071429
53 33 0.071429
58 33 0.071429
72 33 0.071429
74 33 0.071429
83 33 0.071429
88 33 0.071429
101 33 0.071429
103 33 0.071429
111 33 0.071429
8 47 0.0625
23 47 0.0625
28 47 0.0625
30 47 0.0625
31 47 0.0625
40 47 0.0625
43 47 0.0625
45 47 0.0625
63 47 0.0625
70 47 0.0625
72 47 0.0625
75 47 0.0625
84 47 0.0625
88 47 0.0625
94 47 0.0625
104 47 0.0625
8 60 0.045455
10 60 0.045455
16 60 0.045455
17 60 0.045455
24 60 0.045455
32 60 0.045455
35 60 0.045455
37 60 0.045455
40 60 0.045455
41 60 0.045455
49 60 0.045455
54 60 0.045455
71 60 0.045455
74 60 0.045455
75 60 0.045455
83 60 0.045455
88 60 0.045455
89 60 0.045455
92 60 0.045455
96 60 0.045455
98 60 0.045455
109 60 0.045455
9 30 0.055556
12 30 0.055556
18 30 0.055556
27 30 0.055556
31 30 0.055556
36 30 0.055556
47 30 0.055556
50 30 0.055556
59 30 0.055556
61 30 0.055556
63 30 0.055556
71 30 0.055556
77 30 0.055556
82 30 0.055556
93 30 0.055556
97 30 0.055556
105 30 0.055556
107 30 0.055556
9 46 0.1
10 46 0.1
25 46 0.1
48 46 0.1
55 46 0.1
59 46 0.1
67 46 0.1
83 46 0.1
97 46 0.1
98 46 0.1
10 25 0.066667
19 25 0.066667
28 25 0.066667
32 25 0.066667
39 25 0.066667
45 25 0.066667
46 25 0.066667
50 25 0.066667
56 25 0.066667
62 25 0.066667
64 25 0.066667
79 25 0.066667
82 25 0.066667
95 25 0.066667
99 25 0.066667
11 95 0.058824
20 95 0.058824
25 95 0.058824
26 95 0.058824
29 95 0.058824
39 95 0.058824
50 95 0.058824
52 95 0.058824
54 95 0.058824
55 95 0.058824
56 95 0.058824
65 95 0.058824
68 95 0.058824
77 95 0.058824
80 95 0.058824
86 95 0.058824
105 95 0.058824
13 40 0.071429
19 40 0.071429
26 40 0.071429
33 40 0.071429
44 40 0.071429
45 40 0.071429
47 40 0.071429
60 40 0.071429
67 40 0.071429
71 40 0.071429
79 40 0.071429
86 40 0.071429
97 40 0.071429
103 40 0.071429
15 27 0.058824
22 27 0.058824
24 27 0.058824
26 27 0.058824
30 27 0.058824
33 27 0.058824
37 27 0.058824
39 27 0.058824
50 27 0.058824
58 27 0.058824
86 27 0.058824
89 27 0.058824
92 27 0.058824
94 27 0.058824
98 27 0.058824
105 27 0.058824
107 27 0.058824
15 48 0.05
19 48 0.05
23 48 0.05
26 48 0.05
37 48 0.05
46 48 0.05
52 48 0.05
55 48 0.05
61 48 0.05
62 48 0.05
64 48 0.05
65 48 0.05
69 48 0.05
84 48 0.05
85 48 0.05
87 48 0.05
93 48 0.05
97 48 0.05
100 48 0.05
103 48 0.05
15 99 0.0625
17 99 0.0625
25 99 0.0625
35 99 0.0625
44 99 0.0625
45 99 0.0625
49 99 0.0625
51 99 0.0625
59 99 0.0625
63 99 0.0625
68 99 0.0625
86 99 0.0625
88 99 0.0625
93 99 0.0625
97 99 0.0625
111 99 0.0625
16 61 0.066667
19 61 0.066667
30 61 0.066667
38 61 0.066667
39 61 0.066667
42 61 0.066667
48 61 0.066667
49 61 0.066667
50 61 0.066667
53 61 0.066667
57 61 0.066667
58 61 0.066667
59 61 0.066667
64 61 0.066667
110 61 0.066667
18 108 0.083333
20 108 0.083333
32 108 0.083333
36 108 0.083333
39 108 0.083333
43 108 0.083333
50 108 0.083333
51 108 0.083333
53 108 0.083333
84 108 0.083333
92 108 0.083333
102 108 0.083333
19 41 0.076923
23 41 0.076923
28 41 0.076923
42 41 0.076923
54 41 0.076923
60 41 0.076923
64 41 0.076923
71 41 0.076923
79 41 0.076923
84 41 0.076923
94 41 0.076923
96 41 0.076923
110 41 0.076923
22 58 0.076923
23 58 0.076923
27 58 0.076923
33 58 0.076923
51 58 0.076923
61 58 0.076923
72 58 0.076923
89 58 0.076923
92 58 0.076923
98 58 0.076923
103 58 0.076923
106 58 0.076923
112 58 0.076923
4 0 0.125
11 0 0.125
16 0 0.125
69 0 0.125
70 0 0.125
82 0 0.125
92 0 0.125
101 0 0.125
17 1 0.041667
19 1 0.041667
24 1 0.041667
35 1 0.041667
36 1 0.041667
38 1 0.041667
43 1 0.041667
49 1 0.041667
50 1 0.041667
54 1 0.041667
55 1 0.041667
56 1 0.041667
57 1 0.041667
63 1 0.041667
69 1 0.041667
77 1 0.041667
78 1 0.041667
80 1 0.041667
86 1 0.041667
88 1 0.041667
91 1 0.041667
94 1 0.041667
97 1 0.041667
109 1 0.041667
6 2 0.055556
11 2 0.055556
17 2 0.055556
22 2 0.055556
26 2 0.055556
35 2 0.055556
49 2 0.055556
52 2 0.055556
67 2 0.055556
71 2 0.055556
72 2 0.055556
83 2 0.055556
87 2 0.055556
91 2 0.055556
93 2 0.055556
94 2 0.055556
101 2 0.055556
106 2 0.055556
6 3 0.045455
10 3 0.045455
13 3 0.045455
14 3 0.045455
29 3 0.045455
32 3 0.045455
50 3 0.045455
53 3 0.045455
62 3 0.045455
66 3 0.045455
68 3 0.045455
76 3 0.045455
77 3 0.045455
81 3 0.045455
82 3 0.045455
84 3 0.045455
87 3 0.045455
90 3 0.045455
91 3 0.045455
98 3 0.045455
100 3 0.045455
107 3 0.045455
12 5 0.052632
16 5 0.052632
29 5 0.052632
31 5 0.052632
44 5 0.052632
45 5 0.052632
50 5 0.052632
53 5 0.052632
65 5 0.052632
76 5 0.052632
80 5 0.052632
81 5 0.052632
90 5 0.052632
96 5 0.052632
97 5 0.052632
104 5 0.052632
106 5 0.052632
109 5 0.052632
111 5 0.052632
20 8 0.058824
22 8 0.058824
33 8 0.058824
34 8 0.058824
38 8 0.058824
43 8 0.058824
45 8 0.058824
47 8 0.058824
59 8 0.058824
60 8 0.058824
63 8 0.058824
67 8 0.058824
71 8 0.058824
77 8 0.058824
86 8 0.058824
106 8 0.058824
109 8 0.058824
16 9 0.058824
18 9 0.058824
30 9 0.058824
38 9 0.058824
44 9 0.058824
46 9 0.058824
53 9 0.058824
63 9 0.058824
66 9 0.058824
76 9 0.058824
78 9 0.058824
83 9 0.058824
85 9 0.058824
87 9 0.058824
94 9 0.058824
97 9 0.058824
111 9 0.058824
41 23 0.0625
42 23 0.0625
47 23 0.0625
48 23 0.0625
49 23 0.0625
53 23 0.0625
57 23 0.0625
58 23 0.0625
63 23 0.0625
66 23 0.0625
76 23 0.0625
80 23 0.0625
85 23 0.0625
94 23 0.0625
103 23 0.0625
105 23 0.0625
