0 2 0.058824
1 2 0.058824
21 2 0.058824
42 2 0.058824
43 2 0.058824
56 2 0.058824
65 2 0.058824
70 2 0.058824
103 2 0.058824
117 2 0.058824
124 2 0.058824
130 2 0.058824
140 2 0.058824
155 2 0.058824
156 2 0.058824
160 2 0.058824
169 2 0.058824
0 3 0.037037
11 3 0.037037
17 3 0.037037
28 3 0.037037
29 3 0.037037
32 3 0.037037
37 3 0.037037
39 3 0.037037
43 3 0.037037
58 3 0.037037
73 3 0.037037
82 3 0.037037
93 3 0.037037
96 3 0.037037
98 3 0.037037
103 3 0.037037
125 3 0.037037
127 3 0.037037
130 3 0.037037
144 3 0.037037
148 3 0.037037
153 3 0.037037
160 3 0.037037
162 3 0.037037
166 3 0.037037
172 3 0.037037
178 3 0.037037
0 5 0.032258
4 5 0.032258
6 5 0.032258
13 5 0.032258
20 5 0.032258
21 5 0.032258
43 5 0.032258
47 5 0.032258
49 5 0.032258
57 5 0.032258
60 5 0.032258
69 5 0.032258
72 5 0.032258
81 5 0.032258
83 5 0.032258
85 5 0.032258
95 5 0.032258
97 5 0.032258
100 5 0.032258
105 5 0.032258
111 5 0.032258
112 5 0.032258
115 5 0.032258
119 5 0.032258
126 5 0.032258
134 5 0.032258
144 5 0.032258
151 5 0.032258
152 5 0.032258
163 5 0.032258
164 5 0.032258
0 12 0.033333
19 12 0.033333
20 12 0.033333
26 12 0.033333
33 12 0.033333
40 12 0.033333
41 12 0.033333
46 12 0.033333
47 12 0.033333
50 12 0.033333
57 12 0.033333
61 12 0.033333
71 12 0.033333
76 12 0.033333
85 12 0.033333
86 12 0.033333
92 12 0.033333
107 12 0.033333
110 12 0.033333
115 12 0.033333
116 12 0.033333
124 12 0.033333
132 12 0.033333
145 12 0.033333
150 12 0.033333
154 12 0.033333
155 12 0.033333
156 12 0.033333
157 12 0.033333
172 12 0.033333
0 17 0.02439
3 17 0.02439
13 17 0.02439
14 17 0.02439
16 17 0.02439
20 17 0.02439
25 17 0.02439
32 17 0.02439
39 17 0.02439
42 17 0.02439
47 17 0.02439
49 17 0.02439
69 17 0.02439
71 17 0.02439
82 17 0.02439
83 17 0.02439
86 17 0.02439
88 17 0.02439
89 17 0.02439
93 17 0.02439
97 17 0.02439
108 17 0.02439
111 17 0.02439
113 17 0.02439
125 17 0.02439
127 17 0.02439
130 17 0.02439
131 17 0.02439
133 17 0.02439
135 17 0.02439
139 17 0.02439
141 17 0.02439
142 17 0.02439
144 17 0.02439
146 17 0.02439
151 17 0.02439
158 17 0.02439
164 17 0.02439
169 17 0.02439
172 17 0.02439
173 17 0.02439
0 19 0.043478
7 19 0.043478
12 19 0.043478
13 19 0.043478
29 19 0.043478
31 19 0.043478
41 19 0.043478
75 19 0.043478
99 19 0.043478
101 19 0.043478
102 19 0.043478
110 19 0.043478
111 19 0.043478
117 19 0.043478
123 19 0.043478
125 19 0.043478
130 19 0.043478
140 19 0.043478
146 19 0.043478
148 19 0.043478
160 19 0.043478
165 19 0.043478
170 19 0.043478
0 25 0.041667
10 25 0.041667
17 25 0.041667
22 25 0.041667
35 25 0.041667
41 25 0.041667
45 25 0.041667
76 25 0.041667
80 25 0.041667
87 25 0.041667
90 25 0.041667
106 25 0.041667
110 25 0.041667
117 25 0.041667
140 25 0.041667
141 25 0.041667
148 25 0.041667
158 25 0.041667
160 25 0.041667
164 25 0.041667
165 25 0.041667
168 25 0.041667
169 25 0.041667
173 25 0.041667
0 26 0.034483
12 26 0.034483
27 26 0.034483
28 26 0.034483
31 26 0.034483
34 26 0.034483
40 26 0.034483
44 26 0.034483
48 26 0.034483
52 26 0.034483
54 26 0.034483
60 26 0.034483
63 26 0.034483
68 26 0.034483
71 26 0.034483
73 26 0.034483
74 26 0.034483
79 26 0.034483
82 26 0.034483
87 26 0.034483
90 26 0.034483
94 26 0.034483
95 26 0.034483
133 26 0.034483
138 26 0.034483
139 26 0.034483
141 26 0.034483
153 26 0.034483
157 26 0.034483
0 46 0.045455
12 46 0.045455
16 46 0.045455
24 46 0.045455
32 46 0.045455
43 46 0.045455
45 46 0.045455
47 46 0.045455
57 46 0.045455
58 46 0.045455
73 46 0.045455
80 46 0.045455
92 46 0.045455
93 46 0.045455
96 46 0.045455
97 46 0.045455
116 46 0.045455
123 46 0.045455
127 46 0.045455
168 46 0.045455
171 46 0.045455
173 46 0.045455
0 54 0.032258
4 54 0.032258
7 54 0.032258
9 54 0.032258
22 54 0.032258
26 54 0.032258
30 54 0.032258
47 54 0.032258
52 54 0.032258
57 54 0.032258
58 54 0.032258
60 54 0.032258
74 54 0.032258
85 54 0.032258
93 54 0.032258
96 54 0.032258
102 54 0.032258
104 54 0.032258
116 54 0.032258
118 54 0.032258
127 54 0.032258
133 54 0.032258
136 54 0.032258
147 54 0.032258
148 54 0.032258
163 54 0.032258
175 54 0.032258
176 54 0.032258
179 54 0.032258
180 54 0.032258
181 54 0.032258
0 96 0.04
3 96 0.04
6 96 0.04
15 96 0.04
23 96 0.04
30 96 0.04
39 96 0.04
44 96 0.04
46 96 0.04
54 96 0.04
59 96 0.04
67 96 0.04
83 96 0.04
95 96 0.04
101 96 0.04
105 96 0.04
107 96 0.04
117 96 0.04
124 96 0.04
137 96 0.04
139 96 0.04
140 96 0.04
145 96 0.04
147 96 0.04
148 96 0.04
0 102 0.05
11 102 0.05
19 102 0.05
27 102 0.05
28 102 0.05
37 102 0.05
51 102 0.05
54 102 0.05
69 102 0.05
85 102 0.05
88 102 0.05
118 102 0.05
135 102 0.05
136 102 0.05
141 102 0.05
161 102 0.05
162 102 0.05
172 102 0.05
177 102 0.05
179 102 0.05
0 104 0.034483
4 104 0.034483
10 104 0.034483
22 104 0.034483
35 104 0.034483
44 104 0.034483
52 104 0.034483
53 104 0.034483
54 104 0.034483
57 104 0.034483
75 104 0.034483
80 104 0.034483
86 104 0.034483
87 104 0.034483
89 104 0.034483
103 104 0.034483
115 104 0.034483
117 104 0.034483
127 104 0.034483
130 104 0.034483
134 104 0.034483
137 104 0.034483
145 104 0.034483
152 104 0.034483
156 104 0.034483
159 104 0.034483
162 104 0.034483
170 104 0.034483
171 104 0.034483
0 109 0.030303
4 109 0.030303
7 109 0.030303
14 109 0.030303
18 109 0.030303
20 109 0.030303
24 109 0.030303
32 109 0.030303
35 109 0.030303
43 109 0.030303
48 109 0.030303
49 109 0.030303
66 109 0.030303
78 109 0.030303
94 109 0.030303
103 109 0.030303
106 109 0.030303
107 109 0.030303
110 109 0.030303
111 109 0.030303
112 109 0.030303
116 109 0.030303
123 109 0.030303
124 109 0.030303
130 109 0.030303
149 109 0.030303
155 109 0.030303
156 109 0.030303
157 109 0.030303
162 109 0.030303
167 109 0.030303
170 109 0.030303
171 109 0.030303
0 113 0.035714
8 113 0.035714
16 113 0.035714
17 113 0.035714
21 113 0.035714
22 113 0.035714
23 113 0.035714
39 113 0.035714
43 113 0.035714
50 113 0.035714
64 113 0.035714
68 113 0.035714
69 113 0.035714
71 113 0.035714
76 113 0.035714
86 113 0.035714
97 113 0.035714
99 113 0.035714
108 113 0.035714
126 113 0.035714
129 113 0.035714
132 113 0.035714
134 113 0.035714
142 113 0.035714
144 113 0.035714
153 113 0.035714
156 113 0.035714
159 113 0.035714
0 115 0.037037
4 115 0.037037
5 115 0.037037
12 115 0.037037
18 115 0.037037
20 115 0.037037
21 115 0.037037
37 115 0.037037
39 115 0.037037
53 115 0.037037
70 115 0.037037
80 115 0.037037
92 115 0.037037
93 115 0.037037
98 115 0.037037
104 115 0.037037
106 115 0.037037
111 115 0.037037
123 115 0.037037
132 115 0.037037
136 115 0.037037
144 115 0.037037
147 115 0.037037
152 115 0.037037
153 115 0.037037
170 115 0.037037
172 115 0.037037
0 125 0.038462
3 125 0.038462
17 125 0.038462
19 125 0.038462
20 125 0.038462
27 125 0.038462
41 125 0.038462
44 125 0.038462
45 125 0.038462
60 125 0.038462
74 125 0.038462
83 125 0.038462
84 125 0.038462
91 125 0.038462
97 125 0.038462
98 125 0.038462
103 125 0.038462
105 125 0.038462
134 125 0.038462
135 125 0.038462
144 125 0.038462
155 125 0.038462
157 125 0.038462
168 125 0.038462
169 125 0.038462
171 125 0.038462
0 128 0.047619
23 128 0.047619
24 128 0.047619
29 128 0.047619
36 128 0.047619
47 128 0.047619
58 128 0.047619
60 128 0.047619
76 128 0.047619
86 128 0.047619
94 128 0.047619
99 128 0.047619
107 128 0.047619
122 128 0.047619
124 128 0.047619
129 128 0.047619
130 128 0.047619
145 128 0.047619
152 128 0.047619
155 128 0.047619
181 128 0.047619
0 147 0.032258
1 147 0.032258
14 147 0.032258
20 147 0.032258
29 147 0.032258
31 147 0.032258
34 147 0.032258
35 147 0.032258
40 147 0.032258
50 147 0.032258
54 147 0.032258
62 147 0.032258
74 147 0.032258
91 147 0.032258
96 147 0.032258
99 147 0.032258
112 147 0.032258
115 147 0.032258
118 147 0.032258
119 147 0.032258
124 147 0.032258
131 147 0.032258
137 147 0.032258
142 147 0.032258
146 147 0.032258
149 147 0.032258
151 147 0.032258
155 147 0.032258
178 147 0.032258
180 147 0.032258
181 147 0.032258
0 149 0.038462
8 149 0.038462
11 149 0.038462
40 149 0.038462
41 149 0.038462
44 149 0.038462
48 149 0.038462
49 149 0.038462
51 149 0.038462
57 149 0.038462
72 149 0.038462
74 149 0.038462
79 149 0.038462
80 149 0.038462
89 149 0.038462
103 149 0.038462
106 149 0.038462
107 149 0.038462
109 149 0.038462
131 149 0.038462
147 149 0.038462
152 149 0.038462
153 149 0.038462
162 149 0.038462
169 149 0.038462
174 149 0.038462
0 150 0.038462
12 150 0.038462
13 150 0.038462
14 150 0.038462
20 150 0.038462
23 150 0.038462
24 150 0.038462
29 150 0.038462
30 150 0.038462
35 150 0.038462
41 150 0.038462
44 150 0.038462
50 150 0.038462
57 150 0.038462
59 150 0.038462
79 150 0.038462
127 150 0.038462
132 150 0.038462
137 150 0.038462
140 150 0.038462
144 150 0.038462
151 150 0.038462
152 150 0.038462
155 150 0.038462
157 150 0.038462
162 150 0.038462
0 155 0.029412
2 155 0.029412
8 155 0.029412
12 155 0.029412
15 155 0.029412
18 155 0.029412
21 155 0.029412
22 155 0.029412
23 155 0.029412
32 155 0.029412
39 155 0.029412
47 155 0.029412
49 155 0.029412
60 155 0.029412
67 155 0.029412
68 155 0.029412
76 155 0.029412
80 155 0.029412
81 155 0.029412
90 155 0.029412
91 155 0.029412
100 155 0.029412
105 155 0.029412
109 155 0.029412
125 155 0.029412
126 155 0.029412
128 155 0.029412
142 155 0.029412
147 155 0.029412
150 155 0.029412
151 155 0.029412
167 155 0.029412
170 155 0.029412
173 155 0.029412
0 157 0.03125
1 157 0.03125
12 157 0.03125
26 157 0.03125
27 157 0.03125
32 157 0.03125
43 157 0.03125
44 157 0.03125
49 157 0.03125
51 157 0.03125
76 157 0.03125
79 157 0.03125
87 157 0.03125
90 157 0.03125
92 157 0.03125
93 157 0.03125
94 157 0.03125
97 157 0.03125
100 157 0.03125
103 157 0.03125
109 157 0.03125
116 157 0.03125
121 157 0.03125
125 157 0.03125
136 157 0.03125
143 157 0.03125
148 157 0.03125
150 157 0.03125
153 157 0.03125
158 157 0.03125
168 157 0.03125
180 157 0.03125
0 180 0.03125
9 180 0.03125
13 180 0.03125
16 180 0.03125
22 180 0.03125
29 180 0.03125
44 180 0.03125
53 180 0.03125
54 180 0.03125
63 180 0.03125
65 180 0.03125
66 180 0.03125
73 180 0.03125
82 180 0.03125
83 180 0.03125
86 180 0.03125
88 180 0.03125
90 180 0.03125
92 180 0.03125
94 180 0.03125
101 180 0.03125
103 180 0.03125
108 180 0.03125
135 180 0.03125
140 180 0.03125
146 180 0.03125
147 180 0.03125
157 180 0.03125
160 180 0.03125
164 180 0.03125
168 180 0.03125
170 180 0.03125
1 4 0.037037
5 4 0.037037
9 4 0.037037
23 4 0.037037
24 4 0.037037
38 4 0.037037
52 4 0.037037
54 4 0.037037
57 4 0.037037
59 4 0.037037
60 4 0.037037
67 4 0.037037
74 4 0.037037
78 4 0.037037
85 4 0.037037
94 4 0.037037
104 4 0.037037
109 4 0.037037
115 4 0.037037
120 4 0.037037
136 4 0.037037
141 4 0.037037
146 4 0.037037
148 4 0.037037
153 4 0.037037
162 4 0.037037
178 4 0.037037
1 6 0.033333
5 6 0.033333
18 6 0.033333
20 6 0.033333
31 6 0.033333
34 6 0.033333
48 6 0.033333
52 6 0.033333
56 6 0.033333
59 6 0.033333
63 6 0.033333
68 6 0.033333
73 6 0.033333
75 6 0.033333
81 6 0.033333
86 6 0.033333
87 6 0.033333
90 6 0.033333
91 6 0.033333
96 6 0.033333
105 6 0.033333
110 6 0.033333
122 6 0.033333
126 6 0.033333
129 6 0.033333
138 6 0.033333
159 6 0.033333
160 6 0.033333
164 6 0.033333
170 6 0.033333
1 7 0.028571
8 7 0.028571
9 7 0.028571
10 7 0.028571
11 7 0.028571
19 7 0.028571
33 7 0.028571
41 7 0.028571
42 7 0.028571
43 7 0.028571
44 7 0.028571
53 7 0.028571
54 7 0.028571
57 7 0.028571
61 7 0.028571
62 7 0.028571
71 7 0.028571
77 7 0.028571
87 7 0.028571
92 7 0.028571
97 7 0.028571
98 7 0.028571
101 7 0.028571
109 7 0.028571
111 7 0.028571
118 7 0.028571
127 7 0.028571
130 7 0.028571
131 7 0.028571
136 7 0.028571
139 7 0.028571
145 7 0.028571
153 7 0.028571
160 7 0.028571
162 7 0.028571
1 13 0.030303
5 13 0.030303
8 13 0.030303
17 13 0.030303
19 13 0.030303
29 13 0.030303
35 13 0.030303
44 13 0.030303
49 13 0.030303
52 13 0.030303
57 13 0.030303
58 13 0.030303
61 13 0.030303
62 13 0.030303
63 13 0.030303
73 13 0.030303
86 13 0.030303
105 13 0.030303
111 13 0.030303
120 13 0.030303
126 13 0.030303
134 13 0.030303
137 13 0.030303
138 13 0.030303
146 13 0.030303
150 13 0.030303
158 13 0.030303
162 13 0.030303
168 13 0.030303
171 13 0.030303
173 13 0.030303
175 13 0.030303
180 13 0.030303
1 35 0.030303
8 35 0.030303
13 35 0.030303
14 35 0.030303
20 35 0.030303
22 35 0.030303
23 35 0.030303
25 35 0.030303
29 35 0.030303
34 35 0.030303
38 35 0.030303
44 35 0.030303
72 35 0.030303
84 35 0.030303
85 35 0.030303
87 35 0.030303
90 35 0.030303
94 35 0.030303
104 35 0.030303
107 35 0.030303
109 35 0.030303
121 35 0.030303
123 35 0.030303
133 35 0.030303
136 35 0.030303
139 35 0.030303
147 35 0.030303
150 35 0.030303
158 35 0.030303
162 35 0.030303
163 35 0.030303
178 35 0.030303
181 35 0.030303
1 36 0.052632
11 36 0.052632
40 36 0.052632
52 36 0.052632
61 36 0.052632
65 36 0.052632
67 36 0.052632
82 36 0.052632
86 36 0.052632
92 36 0.052632
93 36 0.052632
101 36 0.052632
128 36 0.052632
129 36 0.052632
142 36 0.052632
151 36 0.052632
158 36 0.052632
171 36 0.052632
176 36 0.052632
1 48 0.030303
6 48 0.030303
8 48 0.030303
9 48 0.030303
10 48 0.030303
15 48 0.030303
22 48 0.030303
26 48 0.030303
28 48 0.030303
41 48 0.030303
51 48 0.030303
56 48 0.030303
57 48 0.030303
63 48 0.030303
71 48 0.030303
79 48 0.030303
82 48 0.030303
90 48 0.030303
93 48 0.030303
100 48 0.030303
101 48 0.030303
109 48 0.030303
126 48 0.030303
130 48 0.030303
132 48 0.030303
136 48 0.030303
137 48 0.030303
140 48 0.030303
148 48 0.030303
149 48 0.030303
166 48 0.030303
169 48 0.030303
170 48 0.030303
1 57 0.034483
4 57 0.034483
5 57 0.034483
7 57 0.034483
8 57 0.034483
12 57 0.034483
13 57 0.034483
15 57 0.034483
33 57 0.034483
46 57 0.034483
48 57 0.034483
54 57 0.034483
59 57 0.034483
62 57 0.034483
73 57 0.034483
103 57 0.034483
104 57 0.034483
108 57 0.034483
112 57 0.034483
114 57 0.034483
122 57 0.034483
126 57 0.034483
138 57 0.034483
149 57 0.034483
150 57 0.034483
163 57 0.034483
167 57 0.034483
171 57 0.034483
174 57 0.034483
1 64 0.045455
45 64 0.045455
52 64 0.045455
70 64 0.045455
74 64 0.045455
75 64 0.045455
82 64 0.045455
85 64 0.045455
87 64 0.045455
90 64 0.045455
91 64 0.045455
98 64 0.045455
101 64 0.045455
103 64 0.045455
106 64 0.045455
113 64 0.045455
119 64 0.045455
130 64 0.045455
136 64 0.045455
145 64 0.045455
174 64 0.045455
179 64 0.045455
1 66 0.038462
28 66 0.038462
29 66 0.038462
42 66 0.038462
51 66 0.038462
63 66 0.038462
65 66 0.038462
74 66 0.038462
75 66 0.038462
85 66 0.038462
86 66 0.038462
94 66 0.038462
99 66 0.038462
100 66 0.038462
107 66 0.038462
109 66 0.038462
117 66 0.038462
121 66 0.038462
123 66 0.038462
129 66 0.038462
144 66 0.038462
146 66 0.038462
151 66 0.038462
167 66 0.038462
175 66 0.038462
180 66 0.038462
1 90 0.032258
6 90 0.032258
11 90 0.032258
16 90 0.032258
22 90 0.032258
24 90 0.032258
25 90 0.032258
26 90 0.032258
29 90 0.032258
35 90 0.032258
40 90 0.032258
45 90 0.032258
48 90 0.032258
51 90 0.032258
61 90 0.032258
64 90 0.032258
73 90 0.032258
105 90 0.032258
110 90 0.032258
123 90 0.032258
127 90 0.032258
132 90 0.032258
133 90 0.032258
155 90 0.032258
157 90 0.032258
158 90 0.032258
161 90 0.032258
169 90 0.032258
175 90 0.032258
179 90 0.032258
180 90 0.032258
1 103 0.029412
2 103 0.029412
3 103 0.029412
14 103 0.029412
15 103 0.029412
23 103 0.029412
37 103 0.029412
43 103 0.029412
45 103 0.029412
47 103 0.029412
57 103 0.029412
58 103 0.029412
60 103 0.029412
64 103 0.029412
73 103 0.029412
77 103 0.029412
86 103 0.029412
100 103 0.029412
104 103 0.029412
106 103 0.029412
109 103 0.029412
124 103 0.029412
125 103 0.029412
126 103 0.029412
132 103 0.029412
134 103 0.029412
149 103 0.029412
157 103 0.029412
158 103 0.029412
159 103 0.029412
166 103 0.029412
169 103 0.029412
171 103 0.029412
180 103 0.029412
1 112 0.041667
5 112 0.041667
9 112 0.041667
10 112 0.041667
16 112 0.041667
42 112 0.041667
53 112 0.041667
57 112 0.041667
60 112 0.041667
67 112 0.041667
68 112 0.041667
73 112 0.041667
85 112 0.041667
106 112 0.041667
109 112 0.041667
111 112 0.041667
126 112 0.041667
130 112 0.041667
147 112 0.041667
153 112 0.041667
161 112 0.041667
171 112 0.041667
175 112 0.041667
181 112 0.041667
1 117 0.038462
2 117 0.038462
8 117 0.038462
14 117 0.038462
19 117 0.038462
25 117 0.038462
41 117 0.038462
45 117 0.038462
61 117 0.038462
66 117 0.038462
67 117 0.038462
79 117 0.038462
80 117 0.038462
84 117 0.038462
96 117 0.038462
104 117 0.038462
118 117 0.038462
119 117 0.038462
127 117 0.038462
140 117 0.038462
153 117 0.038462
167 117 0.038462
170 117 0.038462
172 117 0.038462
177 117 0.038462
178 117 0.038462
1 136 0.030303
4 136 0.030303
7 136 0.030303
16 136 0.030303
18 136 0.030303
31 136 0.030303
35 136 0.030303
43 136 0.030303
48 136 0.030303
54 136 0.030303
56 136 0.030303
58 136 0.030303
59 136 0.030303
64 136 0.030303
69 136 0.030303
85 136 0.030303
89 136 0.030303
92 136 0.030303
93 136 0.030303
95 136 0.030303
102 136 0.030303
111 136 0.030303
115 136 0.030303
119 136 0.030303
121 136 0.030303
122 136 0.030303
126 136 0.030303
137 136 0.030303
148 136 0.030303
157 136 0.030303
160 136 0.030303
169 136 0.030303
175 136 0.030303
1 141 0.038462
4 141 0.038462
11 141 0.038462
15 141 0.038462
16 141 0.038462
17 141 0.038462
25 141 0.038462
26 141 0.038462
33 141 0.038462
38 141 0.038462
39 141 0.038462
41 141 0.038462
47 141 0.038462
65 141 0.038462
71 141 0.038462
72 141 0.038462
87 141 0.038462
102 141 0.038462
107 141 0.038462
116 141 0.038462
133 141 0.038462
148 141 0.038462
151 141 0.038462
170 141 0.038462
172 141 0.038462
178 141 0.038462
1 163 0.033333
5 163 0.033333
32 163 0.033333
35 163 0.033333
37 163 0.033333
45 163 0.033333
54 163 0.033333
57 163 0.033333
62 163 0.033333
68 163 0.033333
75 163 0.033333
88 163 0.033333
92 163 0.033333
94 163 0.033333
97 163 0.033333
105 163 0.033333
119 163 0.033333
126 163 0.033333
134 163 0.033333
138 163 0.033333
151 163 0.033333
153 163 0.033333
154 163 0.033333
159 163 0.033333
162 163 0.033333
164 163 0.033333
167 163 0.033333
169 163 0.033333
172 163 0.033333
175 163 0.033333
1 164 0.037037
5 164 0.037037
6 164 0.037037
17 164 0.037037
23 164 0.037037
25 164 0.037037
27 164 0.037037
33 164 0.037037
44 164 0.037037
55 164 0.037037
59 164 0.037037
61 164 0.037037
62 164 0.037037
68 164 0.037037
72 164 0.037037
100 164 0.037037
116 164 0.037037
119 164 0.037037
133 164 0.037037
138 164 0.037037
148 164 0.037037
161 164 0.037037
163 164 0.037037
170 164 0.037037
174 164 0.037037
177 164 0.037037
180 164 0.037037
1 168 0.041667
13 168 0.041667
15 168 0.041667
25 168 0.041667
27 168 0.041667
28 168 0.041667
34 168 0.041667
46 168 0.041667
50 168 0.041667
58 168 0.041667
63 168 0.041667
81 168 0.041667
122 168 0.041667
125 168 0.041667
133 168 0.041667
134 168 0.041667
138 168 0.041667
140 168 0.041667
142 168 0.041667
154 168 0.041667
157 168 0.041667
162 168 0.041667
176 168 0.041667
180 168 0.041667
2 21 0.041667
5 21 0.041667
31 21 0.041667
38 21 0.041667
43 21 0.041667
49 21 0.041667
50 21 0.041667
52 21 0.041667
68 21 0.041667
93 21 0.041667
101 21 0.041667
108 21 0.041667
113 21 0.041667
115 21 0.041667
121 21 0.041667
133 21 0.041667
143 21 0.041667
145 21 0.041667
155 21 0.041667
161 21 0.041667
166 21 0.041667
169 21 0.041667
170 21 0.041667
181 21 0.041667
2 42 0.04
7 42 0.04
11 42 0.04
17 42 0.04
20 42 0.04
23 42 0.04
27 42 0.04
33 42 0.04
40 42 0.04
53 42 0.04
66 42 0.04
71 42 0.04
76 42 0.04
92 42 0.04
100 42 0.04
112 42 0.04
116 42 0.04
119 42 0.04
124 42 0.04
131 42 0.04
133 42 0.04
138 42 0.04
176 42 0.04
178 42 0.04
181 42 0.04
2 43 0.041667
3 43 0.041667
5 43 0.041667
7 43 0.041667
15 43 0.041667
21 43 0.041667
31 43 0.041667
39 43 0.041667
46 43 0.041667
47 43 0.041667
79 43 0.041667
103 43 0.041667
105 43 0.041667
109 43 0.041667
113 43 0.041667
118 43 0.041667
136 43 0.041667
139 43 0.041667
152 43 0.041667
157 43 0.041667
159 43 0.041667
165 43 0.041667
171 43 0.041667
176 43 0.041667
2 56 0.034483
6 56 0.034483
9 56 0.034483
14 56 0.034483
18 56 0.034483
40 56 0.034483
48 56 0.034483
55 56 0.034483
60 56 0.034483
67 56 0.034483
74 56 0.034483
76 56 0.034483
84 56 0.034483
86 56 0.034483
88 56 0.034483
91 56 0.034483
114 56 0.034483
122 56 0.034483
136 56 0.034483
137 56 0.034483
146 56 0.034483
151 56 0.034483
153 56 0.034483
154 56 0.034483
162 56 0.034483
165 56 0.034483
166 56 0.034483
172 56 0.034483
179 56 0.034483
2 65 0.03125
8 65 0.03125
10 65 0.03125
31 65 0.03125
36 65 0.03125
37 65 0.03125
41 65 0.03125
52 65 0.03125
61 65 0.03125
62 65 0.03125
66 65 0.03125
73 65 0.03125
74 65 0.03125
75 65 0.03125
80 65 0.03125
92 65 0.03125
110 65 0.03125
127 65 0.03125
135 65 0.03125
137 65 0.03125
138 65 0.03125
141 65 0.03125
154 65 0.03125
156 65 0.03125
160 65 0.03125
172 65 0.03125
174 65 0.03125
177 65 0.03125
178 65 0.03125
179 65 0.03125
180 65 0.03125
181 65 0.03125
2 70 0.04
10 70 0.04
14 70 0.04
22 70 0.04
29 70 0.04
32 70 0.04
34 70 0.04
38 70 0.04
39 70 0.04
47 70 0.04
55 70 0.04
64 70 0.04
72 70 0.04
73 70 0.04
98 70 0.04
115 70 0.04
122 70 0.04
137 70 0.04
153 70 0.04
158 70 0.04
165 70 0.04
166 70 0.04
174 70 0.04
176 70 0.04
177 70 0.04
2 124 0.04
8 124 0.04
12 124 0.04
22 124 0.04
27 124 0.04
39 124 0.04
42 124 0.04
55 124 0.04
58 124 0.04
96 124 0.04
103 124 0.04
106 124 0.04
109 124 0.04
121 124 0.04
127 124 0.04
128 124 0.04
129 124 0.04
133 124 0.04
138 124 0.04
144 124 0.04
147 124 0.04
153 124 0.04
159 124 0.04
166 124 0.04
179 124 0.04
2 130 0.029412
3 130 0.029412
7 130 0.029412
8 130 0.029412
10 130 0.029412
11 130 0.029412
17 130 0.029412
19 130 0.029412
22 130 0.029412
28 130 0.029412
29 130 0.029412
48 130 0.029412
51 130 0.029412
58 130 0.029412
64 130 0.029412
67 130 0.029412
84 130 0.029412
97 130 0.029412
104 130 0.029412
109 130 0.029412
112 130 0.029412
126 130 0.029412
128 130 0.029412
131 130 0.029412
137 130 0.029412
140 130 0.029412
143 130 0.029412
145 130 0.029412
152 130 0.029412
165 130 0.029412
169 130 0.029412
172 130 0.029412
173 130 0.029412
179 130 0.029412
2 140 0.037037
11 140 0.037037
19 140 0.037037
23 140 0.037037
25 140 0.037037
27 140 0.037037
48 140 0.037037
52 140 0.037037
62 140 0.037037
67 140 0.037037
71 140 0.037037
75 140 0.037037
78 140 0.037037
93 140 0.037037
94 140 0.037037
96 140 0.037037
100 140 0.037037
107 140 0.037037
114 140 0.037037
117 140 0.037037
130 140 0.037037
138 140 0.037037
150 140 0.037037
160 140 0.037037
168 140 0.037037
179 140 0.037037
180 140 0.037037
2 156 0.058824
12 156 0.058824
27 156 0.058824
37 156 0.058824
65 156 0.058824
71 156 0.058824
72 156 0.058824
76 156 0.058824
78 156 0.058824
104 156 0.058824
109 156 0.058824
113 156 0.058824
129 156 0.058824
134 156 0.058824
151 156 0.058824
167 156 0.058824
171 156 0.058824
2 160 0.028571
3 160 0.028571
6 160 0.028571
7 160 0.028571
19 160 0.028571
20 160 0.028571
23 160 0.028571
25 160 0.028571
30 160 0.028571
41 160 0.028571
62 160 0.028571
65 160 0.028571
69 160 0.028571
84 160 0.028571
88 160 0.028571
99 160 0.028571
101 160 0.028571
105 160 0.028571
126 160 0.028571
129 160 0.028571
131 160 0.028571
132 160 0.028571
136 160 0.028571
138 160 0.028571
140 160 0.028571
142 160 0.028571
148 160 0.028571
159 160 0.028571
165 160 0.028571
167 160 0.028571
169 160 0.028571
172 160 0.028571
175 160 0.028571
177 160 0.028571
180 160 0.028571
2 169 0.035714
8 169 0.035714
17 169 0.035714
21 169 0.035714
25 169 0.035714
41 169 0.035714
48 169 0.035714
55 169 0.035714
71 169 0.035714
74 169 0.035714
77 169 0.035714
84 169 0.035714
86 169 0.035714
90 169 0.035714
91 169 0.035714
97 169 0.035714
103 169 0.035714
106 169 0.035714
118 169 0.035714
123 169 0.035714
125 169 0.035714
130 169 0.035714
136 169 0.035714
149 169 0.035714
158 169 0.035714
160 169 0.035714
163 169 0.035714
176 169 0.035714
3 11 0.033333
7 11 0.033333
10 11 0.033333
36 11 0.033333
42 11 0.033333
52 11 0.033333
62 11 0.033333
69 11 0.033333
73 11 0.033333
77 11 0.033333
79 11 0.033333
81 11 0.033333
90 11 0.033333
92 11 0.033333
93 11 0.033333
94 11 0.033333
102 11 0.033333
118 11 0.033333
130 11 0.033333
131 11 0.033333
132 11 0.033333
135 11 0.033333
137 11 0.033333
140 11 0.033333
141 11 0.033333
143 11 0.033333
146 11 0.033333
149 11 0.033333
174 11 0.033333
176 11 0.033333
3 28 0.045455
18 28 0.045455
26 28 0.045455
31 28 0.045455
48 28 0.045455
63 28 0.045455
66 28 0.045455
75 28 0.045455
81 28 0.045455
87 28 0.045455
102 28 0.045455
107 28 0.045455
116 28 0.045455
122 28 0.045455
126 28 0.045455
130 28 0.045455
137 28 0.045455
145 28 0.045455
151 28 0.045455
152 28 0.045455
168 28 0.045455
176 28 0.045455
3 29 0.033333
13 29 0.033333
19 29 0.033333
23 29 0.033333
31 29 0.033333
35 29 0.033333
38 29 0.033333
49 29 0.033333
66 29 0.033333
69 29 0.033333
70 29 0.033333
71 29 0.033333
76 29 0.033333
86 29 0.033333
90 29 0.033333
110 29 0.033333
119 29 0.033333
121 29 0.033333
128 29 0.033333
130 29 0.033333
144 29 0.033333
147 29 0.033333
150 29 0.033333
154 29 0.033333
158 29 0.033333
162 29 0.033333
170 29 0.033333
172 29 0.033333
179 29 0.033333
180 29 0.033333
3 32 0.047619
8 32 0.047619
14 32 0.047619
17 32 0.047619
23 32 0.047619
39 32 0.047619
46 32 0.047619
49 32 0.047619
70 32 0.047619
83 32 0.047619
92 32 0.047619
93 32 0.047619
94 32 0.047619
100 32 0.047619
109 32 0.047619
110 32 0.047619
132 32 0.047619
155 32 0.047619
157 32 0.047619
163 32 0.047619
166 32 0.047619
3 37 0.043478
16 37 0.043478
52 37 0.043478
60 37 0.043478
65 37 0.043478
72 37 0.043478
93 37 0.043478
102 37 0.043478
103 37 0.043478
106 37 0.043478
115 37 0.043478
129 37 0.043478
131 37 0.043478
132 37 0.043478
138 37 0.043478
146 37 0.043478
148 37 0.043478
153 37 0.043478
154 37 0.043478
156 37 0.043478
163 37 0.043478
167 37 0.043478
181 37 0.043478
3 39 0.04
14 39 0.04
17 39 0.04
32 39 0.04
38 39 0.04
43 39 0.04
47 39 0.04
70 39 0.04
74 39 0.04
79 39 0.04
83 39 0.04
96 39 0.04
108 39 0.04
113 39 0.04
115 39 0.04
121 39 0.04
124 39 0.04
129 39 0.04
141 39 0.04
145 39 0.04
146 39 0.04
155 39 0.04
158 39 0.04
161 39 0.04
171 39 0.04
3 58 0.034483
13 58 0.034483
33 58 0.034483
34 58 0.034483
46 58 0.034483
51 58 0.034483
54 58 0.034483
60 58 0.034483
76 58 0.034483
78 58 0.034483
80 58 0.034483
103 58 0.034483
106 58 0.034483
107 58 0.034483
118 58 0.034483
124 58 0.034483
127 58 0.034483
128 58 0.034483
130 58 0.034483
134 58 0.034483
135 58 0.034483
136 58 0.034483
138 58 0.034483
143 58 0.034483
161 58 0.034483
166 58 0.034483
168 58 0.034483
179 58 0.034483
181 58 0.034483
3 73 0.030303
6 73 0.030303
9 73 0.030303
11 73 0.030303
13 73 0.030303
15 73 0.030303
16 73 0.030303
26 73 0.030303
27 73 0.030303
31 73 0.030303
46 73 0.030303
47 73 0.030303
57 73 0.030303
59 73 0.030303
61 73 0.030303
62 73 0.030303
65 73 0.030303
70 73 0.030303
75 73 0.030303
81 73 0.030303
84 73 0.030303
88 73 0.030303
90 73 0.030303
100 73 0.030303
103 73 0.030303
112 73 0.030303
120 73 0.030303
126 73 0.030303
137 73 0.030303
152 73 0.030303
161 73 0.030303
179 73 0.030303
180 73 0.030303
3 82 0.038462
17 82 0.038462
23 82 0.038462
26 82 0.038462
36 82 0.038462
48 82 0.038462
49 82 0.038462
60 82 0.038462
61 82 0.038462
64 82 0.038462
75 82 0.038462
84 82 0.038462
87 82 0.038462
98 82 0.038462
99 82 0.038462
111 82 0.038462
118 82 0.038462
120 82 0.038462
148 82 0.038462
159 82 0.038462
162 82 0.038462
165 82 0.038462
173 82 0.038462
174 82 0.038462
178 82 0.038462
180 82 0.038462
3 93 0.025641
10 93 0.025641
11 93 0.025641
14 93 0.025641
17 93 0.025641
21 93 0.025641
23 93 0.025641
27 93 0.025641
32 93 0.025641
33 93 0.025641
36 93 0.025641
37 93 0.025641
46 93 0.025641
47 93 0.025641
48 93 0.025641
52 93 0.025641
54 93 0.025641
61 93 0.025641
69 93 0.025641
74 93 0.025641
76 93 0.025641
81 93 0.025641
83 93 0.025641
86 93 0.025641
95 93 0.025641
107 93 0.025641
108 93 0.025641
115 93 0.025641
116 93 0.025641
129 93 0.025641
133 93 0.025641
135 93 0.025641
136 93 0.025641
140 93 0.025641
146 93 0.025641
151 93 0.025641
157 93 0.025641
167 93 0.025641
178 93 0.025641
3 98 0.052632
7 98 0.052632
8 98 0.052632
51 98 0.052632
55 98 0.052632
63 98 0.052632
64 98 0.052632
70 98 0.052632
82 98 0.052632
83 98 0.052632
88 98 0.052632
115 98 0.052632
125 98 0.052632
137 98 0.052632
145 98 0.052632
146 98 0.052632
171 98 0.052632
175 98 0.052632
181 98 0.052632
3 127 0.033333
7 127 0.033333
9 127 0.033333
14 127 0.033333
15 127 0.033333
17 127 0.033333
34 127 0.033333
40 127 0.033333
46 127 0.033333
47 127 0.033333
51 127 0.033333
54 127 0.033333
58 127 0.033333
65 127 0.033333
69 127 0.033333
71 127 0.033333
74 127 0.033333
80 127 0.033333
90 127 0.033333
97 127 0.033333
104 127 0.033333
117 127 0.033333
120 127 0.033333
124 127 0.033333
138 127 0.033333
142 127 0.033333
148 127 0.033333
150 127 0.033333
167 127 0.033333
171 127 0.033333
3 144 0.034483
5 144 0.034483
9 144 0.034483
17 144 0.034483
22 144 0.034483
29 144 0.034483
38 144 0.034483
47 144 0.034483
62 144 0.034483
66 144 0.034483
91 144 0.034483
92 144 0.034483
101 144 0.034483
113 144 0.034483
115 144 0.034483
116 144 0.034483
119 144 0.034483
120 144 0.034483
122 144 0.034483
124 144 0.034483
125 144 0.034483
132 144 0.034483
134 144 0.034483
139 144 0.034483
142 144 0.034483
150 144 0.034483
153 144 0.034483
167 144 0.034483
174 144 0.034483
3 148 0.032258
4 148 0.032258
15 148 0.032258
19 148 0.032258
20 148 0.032258
25 148 0.032258
33 148 0.032258
37 148 0.032258
48 148 0.032258
54 148 0.032258
59 148 0.032258
71 148 0.032258
75 148 0.032258
82 148 0.032258
96 148 0.032258
97 148 0.032258
99 148 0.032258
114 148 0.032258
118 148 0.032258
119 148 0.032258
126 148 0.032258
127 148 0.032258
136 148 0.032258
137 148 0.032258
141 148 0.032258
154 148 0.032258
157 148 0.032258
160 148 0.032258
164 148 0.032258
170 148 0.032258
174 148 0.032258
3 153 0.025
4 153 0.025
7 153 0.025
8 153 0.025
9 153 0.025
23 153 0.025
26 153 0.025
31 153 0.025
37 153 0.025
44 153 0.025
45 153 0.025
56 153 0.025
60 153 0.025
70 153 0.025
74 153 0.025
77 153 0.025
85 153 0.025
86 153 0.025
91 153 0.025
97 153 0.025
101 153 0.025
105 153 0.025
106 153 0.025
112 153 0.025
113 153 0.025
114 153 0.025
115 153 0.025
117 153 0.025
124 153 0.025
131 153 0.025
134 153 0.025
137 153 0.025
144 153 0.025
146 153 0.025
149 153 0.025
157 153 0.025
163 153 0.025
167 153 0.025
171 153 0.025
172 153 0.025
3 162 0.035714
4 162 0.035714
7 162 0.035714
13 162 0.035714
29 162 0.035714
34 162 0.035714
35 162 0.035714
53 162 0.035714
56 162 0.035714
62 162 0.035714
82 162 0.035714
85 162 0.035714
92 162 0.035714
94 162 0.035714
100 162 0.035714
102 162 0.035714
104 162 0.035714
109 162 0.035714
111 162 0.035714
116 162 0.035714
133 162 0.035714
149 162 0.035714
150 162 0.035714
152 162 0.035714
163 162 0.035714
168 162 0.035714
171 162 0.035714
176 162 0.035714
3 166 0.041667
14 166 0.041667
18 166 0.041667
21 166 0.041667
32 166 0.041667
40 166 0.041667
47 166 0.041667
48 166 0.041667
51 166 0.041667
56 166 0.041667
58 166 0.041667
69 166 0.041667
70 166 0.041667
74 166 0.041667
91 166 0.041667
94 166 0.041667
103 166 0.041667
108 166 0.041667
124 166 0.041667
134 166 0.041667
146 166 0.041667
161 166 0.041667
165 166 0.041667
172 166 0.041667
3 172 0.027778
12 172 0.027778
16 172 0.027778
17 172 0.027778
20 172 0.027778
27 172 0.027778
29 172 0.027778
41 172 0.027778
56 172 0.027778
62 172 0.027778
63 172 0.027778
65 172 0.027778
71 172 0.027778
76 172 0.027778
85 172 0.027778
89 172 0.027778
97 172 0.027778
101 172 0.027778
102 172 0.027778
106 172 0.027778
110 172 0.027778
115 172 0.027778
116 172 0.027778
117 172 0.027778
118 172 0.027778
126 172 0.027778
130 172 0.027778
133 172 0.027778
141 172 0.027778
153 172 0.027778
160 172 0.027778
163 172 0.027778
165 172 0.027778
166 172 0.027778
170 172 0.027778
171 172 0.027778
3 178 0.045455
4 178 0.045455
24 178 0.045455
33 178 0.045455
35 178 0.045455
40 178 0.045455
42 178 0.045455
61 178 0.045455
65 178 0.045455
78 178 0.045455
82 178 0.045455
89 178 0.045455
91 178 0.045455
93 178 0.045455
110 178 0.045455
117 178 0.045455
123 178 0.045455
126 178 0.045455
131 178 0.045455
141 178 0.045455
147 178 0.045455
170 178 0.045455
4 9 0.041667
7 9 0.041667
23 9 0.041667
31 9 0.041667
41 9 0.041667
47 9 0.041667
48 9 0.041667
54 9 0.041667
56 9 0.041667
72 9 0.041667
73 9 0.041667
74 9 0.041667
97 9 0.041667
105 9 0.041667
112 9 0.041667
116 9 0.041667
118 9 0.041667
127 9 0.041667
144 9 0.041667
152 9 0.041667
153 9 0.041667
154 9 0.041667
176 9 0.041667
180 9 0.041667
4 23 0.029412
9 23 0.029412
18 23 0.029412
29 23 0.029412
32 23 0.029412
34 23 0.029412
35 23 0.029412
42 23 0.029412
49 23 0.029412
59 23 0.029412
69 23 0.029412
75 23 0.029412
76 23 0.029412
82 23 0.029412
93 23 0.029412
94 23 0.029412
95 23 0.029412
96 23 0.029412
99 23 0.029412
103 23 0.029412
106 23 0.029412
110 23 0.029412
113 23 0.029412
120 23 0.029412
128 23 0.029412
129 23 0.029412
140 23 0.029412
142 23 0.029412
150 23 0.029412
153 23 0.029412
155 23 0.029412
160 23 0.029412
164 23 0.029412
173 23 0.029412
4 24 0.055556
46 24 0.055556
53 24 0.055556
80 24 0.055556
85 24 0.055556
90 24 0.055556
97 24 0.055556
99 24 0.055556
109 24 0.055556
118 24 0.055556
128 24 0.055556
133 24 0.055556
139 24 0.055556
150 24 0.055556
158 24 0.055556
167 24 0.055556
178 24 0.055556
181 24 0.055556
4 38 0.055556
16 38 0.055556
21 38 0.055556
29 38 0.055556
35 38 0.055556
39 38 0.055556
50 38 0.055556
52 38 0.055556
70 38 0.055556
74 38 0.055556
83 38 0.055556
86 38 0.055556
97 38 0.055556
108 38 0.055556
123 38 0.055556
141 38 0.055556
142 38 0.055556
144 38 0.055556
4 52 0.035714
6 52 0.035714
10 52 0.035714
11 52 0.035714
13 52 0.035714
16 52 0.035714
21 52 0.035714
26 52 0.035714
27 52 0.035714
36 52 0.035714
37 52 0.035714
38 52 0.035714
54 52 0.035714
61 52 0.035714
64 52 0.035714
65 52 0.035714
69 52 0.035714
93 52 0.035714
95 52 0.035714
101 52 0.035714
104 52 0.035714
116 52 0.035714
119 52 0.035714
122 52 0.035714
140 52 0.035714
142 52 0.035714
171 52 0.035714
176 52 0.035714
4 59 0.041667
6 59 0.041667
23 59 0.041667
57 59 0.041667
71 59 0.041667
72 59 0.041667
73 59 0.041667
74 59 0.041667
75 59 0.041667
76 59 0.041667
79 59 0.041667
85 59 0.041667
96 59 0.041667
97 59 0.041667
101 59 0.041667
122 59 0.041667
136 59 0.041667
148 59 0.041667
150 59 0.041667
161 59 0.041667
164 59 0.041667
165 59 0.041667
173 59 0.041667
181 59 0.041667
4 60 0.03125
5 60 0.03125
16 60 0.03125
26 60 0.03125
27 60 0.03125
30 60 0.03125
37 60 0.03125
50 60 0.03125
54 60 0.03125
56 60 0.03125
58 60 0.03125
79 60 0.03125
80 60 0.03125
81 60 0.03125
82 60 0.03125
83 60 0.03125
87 60 0.03125
91 60 0.03125
100 60 0.03125
103 60 0.03125
106 60 0.03125
112 60 0.03125
121 60 0.03125
125 60 0.03125
128 60 0.03125
133 60 0.03125
137 60 0.03125
146 60 0.03125
151 60 0.03125
153 60 0.03125
155 60 0.03125
161 60 0.03125
4 67 0.030303
20 67 0.030303
33 67 0.030303
36 67 0.030303
50 67 0.030303
56 67 0.030303
68 67 0.030303
83 67 0.030303
84 67 0.030303
86 67 0.030303
91 67 0.030303
96 67 0.030303
97 67 0.030303
100 67 0.030303
101 67 0.030303
107 67 0.030303
112 67 0.030303
117 67 0.030303
118 67 0.030303
119 67 0.030303
122 67 0.030303
129 67 0.030303
130 67 0.030303
132 67 0.030303
133 67 0.030303
135 67 0.030303
138 67 0.030303
140 67 0.030303
154 67 0.030303
155 67 0.030303
161 67 0.030303
165 67 0.030303
179 67 0.030303
4 74 0.033333
9 74 0.033333
16 74 0.033333
20 74 0.033333
26 74 0.033333
34 74 0.033333
38 74 0.033333
39 74 0.033333
54 74 0.033333
56 74 0.033333
59 74 0.033333
62 74 0.033333
64 74 0.033333
65 74 0.033333
66 74 0.033333
77 74 0.033333
93 74 0.033333
110 74 0.033333
116 74 0.033333
125 74 0.033333
127 74 0.033333
132 74 0.033333
133 74 0.033333
147 74 0.033333
149 74 0.033333
153 74 0.033333
165 74 0.033333
166 74 0.033333
169 74 0.033333
176 74 0.033333
4 78 0.071429
30 78 0.071429
58 78 0.071429
61 78 0.071429
95 78 0.071429
109 78 0.071429
121 78 0.071429
129 78 0.071429
132 78 0.071429
137 78 0.071429
140 78 0.071429
152 78 0.071429
156 78 0.071429
178 78 0.071429
4 85 0.028571
5 85 0.028571
10 85 0.028571
12 85 0.028571
18 85 0.028571
24 85 0.028571
31 85 0.028571
35 85 0.028571
45 85 0.028571
54 85 0.028571
59 85 0.028571
64 85 0.028571
66 85 0.028571
68 85 0.028571
69 85 0.028571
77 85 0.028571
79 85 0.028571
80 85 0.028571
94 85 0.028571
102 85 0.028571
108 85 0.028571
112 85 0.028571
114 85 0.028571
118 85 0.028571
119 85 0.028571
123 85 0.028571
131 85 0.028571
134 85 0.028571
136 85 0.028571
137 85 0.028571
153 85 0.028571
154 85 0.028571
159 85 0.028571
162 85 0.028571
172 85 0.028571
4 94 0.041667
11 94 0.041667
18 94 0.041667
23 94 0.041667
26 94 0.041667
32 94 0.041667
35 94 0.041667
53 94 0.041667
66 94 0.041667
85 94 0.041667
89 94 0.041667
97 94 0.041667
109 94 0.041667
121 94 0.041667
128 94 0.041667
134 94 0.041667
140 94 0.041667
157 94 0.041667
162 94 0.041667
163 94 0.041667
166 94 0.041667
173 94 0.041667
177 94 0.041667
180 94 0.041667
4 120 0.0625
13 120 0.0625
22 120 0.0625
23 120 0.0625
55 120 0.0625
63 120 0.0625
71 120 0.0625
72 120 0.0625
73 120 0.0625
82 120 0.0625
118 120 0.0625
127 120 0.0625
138 120 0.0625
144 120 0.0625
170 120 0.0625
177 120 0.0625
4 146 0.037037
11 146 0.037037
13 146 0.037037
16 146 0.037037
17 146 0.037037
19 146 0.037037
27 146 0.037037
37 146 0.037037
39 146 0.037037
49 146 0.037037
51 146 0.037037
56 146 0.037037
60 146 0.037037
66 146 0.037037
81 146 0.037037
93 146 0.037037
98 146 0.037037
100 146 0.037037
107 146 0.037037
111 146 0.037037
138 146 0.037037
142 146 0.037037
147 146 0.037037
153 146 0.037037
166 146 0.037037
174 146 0.037037
180 146 0.037037
5 20 0.038462
6 20 0.038462
12 20 0.038462
14 20 0.038462
17 20 0.038462
35 20 0.038462
42 20 0.038462
50 20 0.038462
67 20 0.038462
74 20 0.038462
92 20 0.038462
101 20 0.038462
109 20 0.038462
111 20 0.038462
115 20 0.038462
121 20 0.038462
125 20 0.038462
134 20 0.038462
139 20 0.038462
147 20 0.038462
148 20 0.038462
150 20 0.038462
151 20 0.038462
160 20 0.038462
172 20 0.038462
179 20 0.038462
5 47 0.027778
9 47 0.027778
10 47 0.027778
12 47 0.027778
15 47 0.027778
16 47 0.027778
17 47 0.027778
34 47 0.027778
39 47 0.027778
43 47 0.027778
46 47 0.027778
54 47 0.027778
63 47 0.027778
68 47 0.027778
70 47 0.027778
73 47 0.027778
93 47 0.027778
95 47 0.027778
103 47 0.027778
106 47 0.027778
116 47 0.027778
118 47 0.027778
119 47 0.027778
127 47 0.027778
128 47 0.027778
133 47 0.027778
134 47 0.027778
141 47 0.027778
144 47 0.027778
151 47 0.027778
155 47 0.027778
166 47 0.027778
170 47 0.027778
173 47 0.027778
174 47 0.027778
177 47 0.027778
5 49 0.035714
13 49 0.035714
15 49 0.035714
17 49 0.035714
18 49 0.035714
21 49 0.035714
23 49 0.035714
29 49 0.035714
32 49 0.035714
41 49 0.035714
68 49 0.035714
82 49 0.035714
84 49 0.035714
86 49 0.035714
88 49 0.035714
101 49 0.035714
108 49 0.035714
109 49 0.035714
116 49 0.035714
129 49 0.035714
146 49 0.035714
149 49 0.035714
154 49 0.035714
155 49 0.035714
157 49 0.035714
167 49 0.035714
173 49 0.035714
174 49 0.035714
5 69 0.041667
11 69 0.041667
17 69 0.041667
23 69 0.041667
29 69 0.041667
33 69 0.041667
41 69 0.041667
52 69 0.041667
83 69 0.041667
85 69 0.041667
86 69 0.041667
87 69 0.041667
93 69 0.041667
102 69 0.041667
113 69 0.041667
121 69 0.041667
127 69 0.041667
136 69 0.041667
139 69 0.041667
143 69 0.041667
160 69 0.041667
165 69 0.041667
166 69 0.041667
181 69 0.041667
5 72 0.04
9 72 0.04
31 72 0.04
35 72 0.04
37 72 0.04
59 72 0.04
70 72 0.04
71 72 0.04
89 72 0.04
95 72 0.04
100 72 0.04
105 72 0.04
106 72 0.04
119 72 0.04
120 72 0.04
121 72 0.04
137 72 0.04
141 72 0.04
149 72 0.04
156 72 0.04
161 72 0.04
164 72 0.04
171 72 0.04
173 72 0.04
179 72 0.04
5 81 0.045455
6 81 0.045455
11 81 0.045455
28 81 0.045455
31 81 0.045455
34 81 0.045455
40 81 0.045455
60 81 0.045455
68 81 0.045455
73 81 0.045455
83 81 0.045455
91 81 0.045455
93 81 0.045455
111 81 0.045455
129 81 0.045455
131 81 0.045455
135 81 0.045455
146 81 0.045455
155 81 0.045455
168 81 0.045455
173 81 0.045455
179 81 0.045455
5 83 0.035714
8 83 0.035714
15 83 0.035714
17 83 0.035714
32 83 0.035714
34 83 0.035714
38 83 0.035714
39 83 0.035714
41 83 0.035714
60 83 0.035714
62 83 0.035714
67 83 0.035714
68 83 0.035714
69 83 0.035714
77 83 0.035714
81 83 0.035714
93 83 0.035714
96 83 0.035714
97 83 0.035714
98 83 0.035714
100 83 0.035714
101 83 0.035714
118 83 0.035714
125 83 0.035714
137 83 0.035714
143 83 0.035714
173 83 0.035714
180 83 0.035714
5 95 0.04
18 95 0.04
23 95 0.04
26 95 0.04
44 95 0.04
47 95 0.04
52 95 0.04
53 95 0.04
72 95 0.04
75 95 0.04
76 95 0.04
78 95 0.04
86 95 0.04
93 95 0.04
96 95 0.04
111 95 0.04
118 95 0.04
121 95 0.04
122 95 0.04
133 95 0.04
135 95 0.04
136 95 0.04
158 95 0.04
174 95 0.04
181 95 0.04
5 97 0.035714
7 97 0.035714
9 97 0.035714
17 97 0.035714
24 97 0.035714
27 97 0.035714
38 97 0.035714
46 97 0.035714
50 97 0.035714
53 97 0.035714
59 97 0.035714
67 97 0.035714
83 97 0.035714
94 97 0.035714
107 97 0.035714
113 97 0.035714
125 97 0.035714
127 97 0.035714
130 97 0.035714
137 97 0.035714
148 97 0.035714
153 97 0.035714
157 97 0.035714
158 97 0.035714
161 97 0.035714
163 97 0.035714
169 97 0.035714
172 97 0.035714
5 100 0.033333
8 100 0.033333
10 100 0.033333
16 100 0.033333
22 100 0.033333
32 100 0.033333
42 100 0.033333
48 100 0.033333
60 100 0.033333
63 100 0.033333
66 100 0.033333
67 100 0.033333
71 100 0.033333
72 100 0.033333
73 100 0.033333
75 100 0.033333
77 100 0.033333
83 100 0.033333
103 100 0.033333
110 100 0.033333
131 100 0.033333
135 100 0.033333
137 100 0.033333
140 100 0.033333
146 100 0.033333
155 100 0.033333
157 100 0.033333
162 100 0.033333
164 100 0.033333
175 100 0.033333
5 105 0.034483
6 105 0.034483
8 105 0.034483
9 105 0.034483
13 105 0.034483
22 105 0.034483
43 105 0.034483
71 105 0.034483
72 105 0.034483
76 105 0.034483
87 105 0.034483
90 105 0.034483
96 105 0.034483
99 105 0.034483
101 105 0.034483
111 105 0.034483
122 105 0.034483
125 105 0.034483
132 105 0.034483
133 105 0.034483
139 105 0.034483
143 105 0.034483
152 105 0.034483
153 105 0.034483
155 105 0.034483
158 105 0.034483
160 105 0.034483
163 105 0.034483
176 105 0.034483
5 111 0.04
7 111 0.04
13 111 0.04
17 111 0.04
18 111 0.04
19 111 0.04
20 111 0.04
30 111 0.04
44 111 0.04
61 111 0.04
68 111 0.04
81 111 0.04
82 111 0.04
89 111 0.04
95 111 0.04
105 111 0.04
106 111 0.04
109 111 0.04
112 111 0.04
115 111 0.04
129 111 0.04
136 111 0.04
146 111 0.04
152 111 0.04
162 111 0.04
5 119 0.041667
29 119 0.041667
42 119 0.041667
47 119 0.041667
52 119 0.041667
64 119 0.041667
67 119 0.041667
72 119 0.041667
76 119 0.041667
85 119 0.041667
110 119 0.041667
116 119 0.041667
117 119 0.041667
134 119 0.041667
135 119 0.041667
136 119 0.041667
142 119 0.041667
144 119 0.041667
147 119 0.041667
148 119 0.041667
163 119 0.041667
164 119 0.041667
170 119 0.041667
175 119 0.041667
5 126 0.038462
6 126 0.038462
8 126 0.038462
13 126 0.038462
28 126 0.038462
33 126 0.038462
48 126 0.038462
55 126 0.038462
57 126 0.038462
73 126 0.038462
76 126 0.038462
80 126 0.038462
92 126 0.038462
103 126 0.038462
112 126 0.038462
113 126 0.038462
130 126 0.038462
136 126 0.038462
143 126 0.038462
148 126 0.038462
155 126 0.038462
160 126 0.038462
163 126 0.038462
172 126 0.038462
178 126 0.038462
181 126 0.038462
5 134 0.032258
10 134 0.032258
13 134 0.032258
14 134 0.032258
20 134 0.032258
27 134 0.032258
31 134 0.032258
33 134 0.032258
40 134 0.032258
44 134 0.032258
47 134 0.032258
58 134 0.032258
62 134 0.032258
77 134 0.032258
85 134 0.032258
94 134 0.032258
103 134 0.032258
104 134 0.032258
113 134 0.032258
119 134 0.032258
123 134 0.032258
125 134 0.032258
144 134 0.032258
152 134 0.032258
153 134 0.032258
156 134 0.032258
161 134 0.032258
163 134 0.032258
166 134 0.032258
168 134 0.032258
171 134 0.032258
5 151 0.045455
17 151 0.045455
20 151 0.045455
28 151 0.045455
36 151 0.045455
40 151 0.045455
47 151 0.045455
56 151 0.045455
60 151 0.045455
66 151 0.045455
68 151 0.045455
75 151 0.045455
93 151 0.045455
131 151 0.045455
141 151 0.045455
147 151 0.045455
150 151 0.045455
155 151 0.045455
156 151 0.045455
163 151 0.045455
167 151 0.045455
174 151 0.045455
5 152 0.03125
9 152 0.03125
16 152 0.03125
28 152 0.03125
30 152 0.03125
43 152 0.03125
50 152 0.03125
53 152 0.03125
61 152 0.03125
73 152 0.03125
76 152 0.03125
78 152 0.03125
79 152 0.03125
80 152 0.03125
99 152 0.03125
101 152 0.03125
104 152 0.03125
105 152 0.03125
111 152 0.03125
115 152 0.03125
121 152 0.03125
123 152 0.03125
128 152 0.03125
130 152 0.03125
134 152 0.03125
145 152 0.03125
149 152 0.03125
150 152 0.03125
158 152 0.03125
162 152 0.03125
167 152 0.03125
173 152 0.03125
6 18 0.038462
15 18 0.038462
22 18 0.038462
23 18 0.038462
28 18 0.038462
45 18 0.038462
49 18 0.038462
56 18 0.038462
75 18 0.038462
85 18 0.038462
94 18 0.038462
95 18 0.038462
106 18 0.038462
109 18 0.038462
110 18 0.038462
111 18 0.038462
115 18 0.038462
121 18 0.038462
136 18 0.038462
137 18 0.038462
142 18 0.038462
143 18 0.038462
145 18 0.038462
155 18 0.038462
166 18 0.038462
181 18 0.038462
6 31 0.033333
9 31 0.033333
14 31 0.033333
19 31 0.033333
21 31 0.033333
26 31 0.033333
28 31 0.033333
29 31 0.033333
33 31 0.033333
41 31 0.033333
43 31 0.033333
45 31 0.033333
55 31 0.033333
63 31 0.033333
65 31 0.033333
72 31 0.033333
73 31 0.033333
80 31 0.033333
81 31 0.033333
85 31 0.033333
99 31 0.033333
121 31 0.033333
134 31 0.033333
136 31 0.033333
145 31 0.033333
147 31 0.033333
153 31 0.033333
159 31 0.033333
167 31 0.033333
171 31 0.033333
6 34 0.045455
23 34 0.045455
26 34 0.045455
35 34 0.045455
40 34 0.045455
47 34 0.045455
51 34 0.045455
53 34 0.045455
58 34 0.045455
70 34 0.045455
71 34 0.045455
74 34 0.045455
80 34 0.045455
81 34 0.045455
83 34 0.045455
127 34 0.045455
135 34 0.045455
139 34 0.045455
147 34 0.045455
162 34 0.045455
168 34 0.045455
174 34 0.045455
6 63 0.038462
13 63 0.038462
26 63 0.038462
27 63 0.038462
28 63 0.038462
31 63 0.038462
33 63 0.038462
47 63 0.038462
48 63 0.038462
66 63 0.038462
68 63 0.038462
75 63 0.038462
91 63 0.038462
98 63 0.038462
100 63 0.038462
108 63 0.038462
110 63 0.038462
120 63 0.038462
129 63 0.038462
138 63 0.038462
154 63 0.038462
158 63 0.038462
165 63 0.038462
168 63 0.038462
172 63 0.038462
180 63 0.038462
6 68 0.037037
21 68 0.037037
26 68 0.037037
40 68 0.037037
45 68 0.037037
47 68 0.037037
49 68 0.037037
63 68 0.037037
67 68 0.037037
81 68 0.037037
83 68 0.037037
85 68 0.037037
92 68 0.037037
108 68 0.037037
111 68 0.037037
112 68 0.037037
113 68 0.037037
118 68 0.037037
129 68 0.037037
139 68 0.037037
151 68 0.037037
154 68 0.037037
155 68 0.037037
158 68 0.037037
163 68 0.037037
164 68 0.037037
175 68 0.037037
6 75 0.032258
18 75 0.032258
19 75 0.032258
23 75 0.032258
28 75 0.032258
33 75 0.032258
55 75 0.032258
59 75 0.032258
62 75 0.032258
63 75 0.032258
64 75 0.032258
65 75 0.032258
66 75 0.032258
73 75 0.032258
80 75 0.032258
82 75 0.032258
86 75 0.032258
95 75 0.032258
100 75 0.032258
101 75 0.032258
104 75 0.032258
107 75 0.032258
114 75 0.032258
129 75 0.032258
140 75 0.032258
145 75 0.032258
148 75 0.032258
151 75 0.032258
159 75 0.032258
163 75 0.032258
179 75 0.032258
6 86 0.030303
8 86 0.030303
12 86 0.030303
13 86 0.030303
17 86 0.030303
29 86 0.030303
33 86 0.030303
36 86 0.030303
38 86 0.030303
49 86 0.030303
56 86 0.030303
66 86 0.030303
67 86 0.030303
69 86 0.030303
75 86 0.030303
80 86 0.030303
93 86 0.030303
95 86 0.030303
101 86 0.030303
103 86 0.030303
104 86 0.030303
113 86 0.030303
123 86 0.030303
128 86 0.030303
131 86 0.030303
133 86 0.030303
137 86 0.030303
153 86 0.030303
161 86 0.030303
169 86 0.030303
174 86 0.030303
175 86 0.030303
180 86 0.030303
6 87 0.05
7 87 0.05
15 87 0.05
25 87 0.05
26 87 0.05
28 87 0.05
35 87 0.05
44 87 0.05
60 87 0.05
62 87 0.05
64 87 0.05
69 87 0.05
82 87 0.05
84 87 0.05
104 87 0.05
105 87 0.05
131 87 0.05
141 87 0.05
157 87 0.05
175 87 0.05
6 91 0.038462
14 91 0.038462
40 91 0.038462
45 91 0.038462
50 91 0.038462
56 91 0.038462
60 91 0.038462
63 91 0.038462
64 91 0.038462
67 91 0.038462
71 91 0.038462
81 91 0.038462
108 91 0.038462
125 91 0.038462
131 91 0.038462
138 91 0.038462
144 91 0.038462
145 91 0.038462
147 91 0.038462
153 91 0.038462
155 91 0.038462
166 91 0.038462
167 91 0.038462
169 91 0.038462
177 91 0.038462
178 91 0.038462
6 110 0.035714
8 110 0.035714
12 110 0.035714
18 110 0.035714
19 110 0.035714
23 110 0.035714
25 110 0.035714
29 110 0.035714
30 110 0.035714
32 110 0.035714
40 110 0.035714
53 110 0.035714
63 110 0.035714
65 110 0.035714
74 110 0.035714
80 110 0.035714
90 110 0.035714
99 110 0.035714
100 110 0.035714
108 110 0.035714
109 110 0.035714
116 110 0.035714
118 110 0.035714
119 110 0.035714
121 110 0.035714
158 110 0.035714
172 110 0.035714
178 110 0.035714
6 122 0.043478
28 122 0.043478
45 122 0.043478
51 122 0.043478
52 122 0.043478
53 122 0.043478
56 122 0.043478
57 122 0.043478
59 122 0.043478
62 122 0.043478
67 122 0.043478
70 122 0.043478
76 122 0.043478
77 122 0.043478
80 122 0.043478
95 122 0.043478
105 122 0.043478
123 122 0.043478
128 122 0.043478
136 122 0.043478
144 122 0.043478
165 122 0.043478
168 122 0.043478
6 129 0.032258
8 129 0.032258
23 129 0.032258
27 129 0.032258
36 129 0.032258
37 129 0.032258
39 129 0.032258
45 129 0.032258
49 129 0.032258
63 129 0.032258
66 129 0.032258
67 129 0.032258
68 129 0.032258
75 129 0.032258
78 129 0.032258
79 129 0.032258
81 129 0.032258
88 129 0.032258
93 129 0.032258
111 129 0.032258
113 129 0.032258
116 129 0.032258
124 129 0.032258
128 129 0.032258
138 129 0.032258
145 129 0.032258
156 129 0.032258
158 129 0.032258
160 129 0.032258
171 129 0.032258
174 129 0.032258
6 138 0.038462
13 138 0.038462
26 138 0.038462
37 138 0.038462
42 138 0.038462
45 138 0.038462
50 138 0.038462
53 138 0.038462
57 138 0.038462
58 138 0.038462
63 138 0.038462
65 138 0.038462
67 138 0.038462
91 138 0.038462
116 138 0.038462
120 138 0.038462
124 138 0.038462
127 138 0.038462
129 138 0.038462
140 138 0.038462
146 138 0.038462
160 138 0.038462
163 138 0.038462
164 138 0.038462
168 138 0.038462
176 138 0.038462
6 159 0.052632
31 159 0.052632
43 159 0.052632
61 159 0.052632
62 159 0.052632
75 159 0.052632
82 159 0.052632
85 159 0.052632
103 159 0.052632
104 159 0.052632
107 159 0.052632
113 159 0.052632
118 159 0.052632
124 159 0.052632
137 159 0.052632
139 159 0.052632
160 159 0.052632
163 159 0.052632
167 159 0.052632
6 170 0.035714
14 170 0.035714
19 170 0.035714
21 170 0.035714
22 170 0.035714
29 170 0.035714
47 170 0.035714
48 170 0.035714
53 170 0.035714
88 170 0.035714
104 170 0.035714
109 170 0.035714
115 170 0.035714
116 170 0.035714
117 170 0.035714
119 170 0.035714
120 170 0.035714
133 170 0.035714
141 170 0.035714
148 170 0.035714
155 170 0.035714
164 170 0.035714
165 170 0.035714
172 170 0.035714
175 170 0.035714
178 170 0.035714
179 170 0.035714
180 170 0.035714
7 8 0.035714
13 8 0.035714
32 8 0.035714
35 8 0.035714
48 8 0.035714
50 8 0.035714
55 8 0.035714
57 8 0.035714
65 8 0.035714
71 8 0.035714
83 8 0.035714
86 8 0.035714
98 8 0.035714
100 8 0.035714
105 8 0.035714
110 8 0.035714
113 8 0.035714
117 8 0.035714
124 8 0.035714
126 8 0.035714
129 8 0.035714
130 8 0.035714
142 8 0.035714
149 8 0.035714
153 8 0.035714
155 8 0.035714
169 8 0.035714
179 8 0.035714
7 10 0.04
11 10 0.04
25 10 0.04
45 10 0.04
47 10 0.04
48 10 0.04
52 10 0.04
53 10 0.04
65 10 0.04
70 10 0.04
80 10 0.04
85 10 0.04
93 10 0.04
100 10 0.04
104 10 0.04
106 10 0.04
112 10 0.04
116 10 0.04
123 10 0.04
130 10 0.04
131 10 0.04
134 10 0.04
142 10 0.04
158 10 0.04
165 10 0.04
7 33 0.028571
12 33 0.028571
15 33 0.028571
31 33 0.028571
41 33 0.028571
42 33 0.028571
44 33 0.028571
51 33 0.028571
57 33 0.028571
58 33 0.028571
63 33 0.028571
67 33 0.028571
69 33 0.028571
75 33 0.028571
76 33 0.028571
86 33 0.028571
93 33 0.028571
101 33 0.028571
114 33 0.028571
116 33 0.028571
121 33 0.028571
123 33 0.028571
126 33 0.028571
131 33 0.028571
134 33 0.028571
141 33 0.028571
142 33 0.028571
148 33 0.028571
154 33 0.028571
164 33 0.028571
167 33 0.028571
174 33 0.028571
176 33 0.028571
178 33 0.028571
181 33 0.028571
7 41 0.038462
9 41 0.038462
12 41 0.038462
14 41 0.038462
19 41 0.038462
25 41 0.038462
31 41 0.038462
33 41 0.038462
48 41 0.038462
49 41 0.038462
51 41 0.038462
65 41 0.038462
69 41 0.038462
83 41 0.038462
88 41 0.038462
107 41 0.038462
117 41 0.038462
125 41 0.038462
141 41 0.038462
145 41 0.038462
149 41 0.038462
150 41 0.038462
160 41 0.038462
169 41 0.038462
171 41 0.038462
172 41 0.038462
7 44 0.045455
13 44 0.045455
26 44 0.045455
33 44 0.045455
35 44 0.045455
79 44 0.045455
87 44 0.045455
92 44 0.045455
95 44 0.045455
96 44 0.045455
104 44 0.045455
111 44 0.045455
125 44 0.045455
133 44 0.045455
134 44 0.045455
149 44 0.045455
150 44 0.045455
153 44 0.045455
157 44 0.045455
164 44 0.045455
173 44 0.045455
180 44 0.045455
7 53 0.04
10 53 0.04
24 53 0.04
34 53 0.04
42 53 0.04
55 53 0.04
94 53 0.04
95 53 0.04
97 53 0.04
104 53 0.04
110 53 0.04
112 53 0.04
114 53 0.04
115 53 0.04
116 53 0.04
122 53 0.04
135 53 0.04
138 53 0.04
152 53 0.04
158 53 0.04
162 53 0.04
170 53 0.04
171 53 0.04
174 53 0.04
180 53 0.04
7 61 0.047619
12 61 0.047619
13 61 0.047619
27 61 0.047619
30 61 0.047619
36 61 0.047619
51 61 0.047619
52 61 0.047619
65 61 0.047619
73 61 0.047619
78 61 0.047619
80 61 0.047619
82 61 0.047619
90 61 0.047619
93 61 0.047619
111 61 0.047619
117 61 0.047619
152 61 0.047619
159 61 0.047619
164 61 0.047619
178 61 0.047619
7 62 0.038462
11 62 0.038462
13 62 0.038462
57 62 0.038462
65 62 0.038462
73 62 0.038462
74 62 0.038462
75 62 0.038462
83 62 0.038462
87 62 0.038462
92 62 0.038462
101 62 0.038462
106 62 0.038462
122 62 0.038462
134 62 0.038462
137 62 0.038462
140 62 0.038462
144 62 0.038462
145 62 0.038462
147 62 0.038462
159 62 0.038462
160 62 0.038462
162 62 0.038462
163 62 0.038462
164 62 0.038462
172 62 0.038462
7 71 0.03125
8 71 0.03125
12 71 0.03125
17 71 0.03125
26 71 0.03125
29 71 0.03125
34 71 0.03125
42 71 0.03125
48 71 0.03125
59 71 0.03125
72 71 0.03125
91 71 0.03125
100 71 0.03125
101 71 0.03125
105 71 0.03125
107 71 0.03125
108 71 0.03125
113 71 0.03125
116 71 0.03125
120 71 0.03125
127 71 0.03125
140 71 0.03125
141 71 0.03125
145 71 0.03125
148 71 0.03125
154 71 0.03125
156 71 0.03125
161 71 0.03125
169 71 0.03125
172 71 0.03125
177 71 0.03125
181 71 0.03125
7 77 0.052632
11 77 0.052632
15 77 0.052632
30 77 0.052632
74 77 0.052632
79 77 0.052632
83 77 0.052632
84 77 0.052632
85 77 0.052632
88 77 0.052632
100 77 0.052632
103 77 0.052632
116 77 0.052632
122 77 0.052632
134 77 0.052632
153 77 0.052632
169 77 0.052632
176 77 0.052632
177 77 0.052632
7 92 0.035714
11 92 0.035714
12 92 0.035714
20 92 0.035714
22 92 0.035714
30 92 0.035714
32 92 0.035714
36 92 0.035714
42 92 0.035714
44 92 0.035714
46 92 0.035714
62 92 0.035714
65 92 0.035714
68 92 0.035714
84 92 0.035714
115 92 0.035714
116 92 0.035714
118 92 0.035714
126 92 0.035714
132 92 0.035714
136 92 0.035714
144 92 0.035714
154 92 0.035714
157 92 0.035714
162 92 0.035714
163 92 0.035714
176 92 0.035714
180 92 0.035714
7 101 0.026316
16 101 0.026316
19 101 0.026316
20 101 0.026316
21 101 0.026316
27 101 0.026316
33 101 0.026316
36 101 0.026316
40 101 0.026316
48 101 0.026316
49 101 0.026316
52 101 0.026316
59 101 0.026316
62 101 0.026316
64 101 0.026316
67 101 0.026316
71 101 0.026316
75 101 0.026316
76 101 0.026316
83 101 0.026316
86 101 0.026316
96 101 0.026316
105 101 0.026316
107 101 0.026316
114 101 0.026316
118 101 0.026316
132 101 0.026316
142 101 0.026316
144 101 0.026316
145 101 0.026316
152 101 0.026316
153 101 0.026316
158 101 0.026316
160 101 0.026316
172 101 0.026316
176 101 0.026316
177 101 0.026316
180 101 0.026316
7 118 0.029412
9 118 0.029412
11 118 0.029412
24 118 0.029412
43 118 0.029412
47 118 0.029412
54 118 0.029412
58 118 0.029412
67 118 0.029412
68 118 0.029412
76 118 0.029412
80 118 0.029412
82 118 0.029412
83 118 0.029412
85 118 0.029412
92 118 0.029412
95 118 0.029412
101 118 0.029412
102 118 0.029412
110 118 0.029412
117 118 0.029412
120 118 0.029412
121 118 0.029412
135 118 0.029412
137 118 0.029412
139 118 0.029412
143 118 0.029412
147 118 0.029412
148 118 0.029412
159 118 0.029412
169 118 0.029412
171 118 0.029412
172 118 0.029412
176 118 0.029412
7 131 0.041667
10 131 0.041667
11 131 0.041667
15 131 0.041667
17 131 0.041667
22 131 0.041667
33 131 0.041667
37 131 0.041667
42 131 0.041667
81 131 0.041667
85 131 0.041667
86 131 0.041667
87 131 0.041667
91 131 0.041667
100 131 0.041667
130 131 0.041667
137 131 0.041667
139 131 0.041667
147 131 0.041667
149 131 0.041667
151 131 0.041667
153 131 0.041667
160 131 0.041667
178 131 0.041667
7 139 0.041667
17 139 0.041667
20 139 0.041667
24 139 0.041667
26 139 0.041667
30 139 0.041667
34 139 0.041667
35 139 0.041667
43 139 0.041667
68 139 0.041667
69 139 0.041667
96 139 0.041667
99 139 0.041667
105 139 0.041667
107 139 0.041667
108 139 0.041667
118 139 0.041667
131 139 0.041667
137 139 0.041667
144 139 0.041667
145 139 0.041667
159 139 0.041667
165 139 0.041667
174 139 0.041667
7 145 0.033333
12 145 0.033333
18 145 0.033333
21 145 0.033333
27 145 0.033333
28 145 0.033333
31 145 0.033333
39 145 0.033333
40 145 0.033333
41 145 0.033333
50 145 0.033333
62 145 0.033333
64 145 0.033333
71 145 0.033333
75 145 0.033333
88 145 0.033333
91 145 0.033333
96 145 0.033333
98 145 0.033333
101 145 0.033333
104 145 0.033333
114 145 0.033333
116 145 0.033333
128 145 0.033333
129 145 0.033333
130 145 0.033333
133 145 0.033333
139 145 0.033333
152 145 0.033333
158 145 0.033333
8 50 0.043478
12 50 0.043478
14 50 0.043478
16 50 0.043478
20 50 0.043478
21 50 0.043478
38 50 0.043478
60 50 0.043478
67 50 0.043478
76 50 0.043478
91 50 0.043478
97 50 0.043478
113 50 0.043478
123 50 0.043478
138 50 0.043478
145 50 0.043478
147 50 0.043478
150 50 0.043478
152 50 0.043478
165 50 0.043478
168 50 0.043478
173 50 0.043478
177 50 0.043478
8 55 0.066667
31 55 0.066667
53 55 0.066667
56 55 0.066667
70 55 0.066667
75 55 0.066667
98 55 0.066667
106 55 0.066667
108 55 0.066667
120 55 0.066667
124 55 0.066667
126 55 0.066667
132 55 0.066667
164 55 0.066667
169 55 0.066667
8 142 0.037037
10 142 0.037037
17 142 0.037037
18 142 0.037037
23 142 0.037037
33 142 0.037037
36 142 0.037037
38 142 0.037037
45 142 0.037037
51 142 0.037037
52 142 0.037037
76 142 0.037037
79 142 0.037037
84 142 0.037037
101 142 0.037037
113 142 0.037037
119 142 0.037037
127 142 0.037037
137 142 0.037037
144 142 0.037037
146 142 0.037037
147 142 0.037037
155 142 0.037037
158 142 0.037037
160 142 0.037037
168 142 0.037037
179 142 0.037037
8 179 0.035714
20 179 0.035714
27 179 0.035714
29 179 0.035714
30 179 0.035714
54 179 0.035714
56 179 0.035714
58 179 0.035714
64 179 0.035714
65 179 0.035714
67 179 0.035714
72 179 0.035714
73 179 0.035714
75 179 0.035714
81 179 0.035714
89 179 0.035714
90 179 0.035714
102 179 0.035714
124 179 0.035714
130 179 0.035714
132 179 0.035714
135 179 0.035714
140 179 0.035714
142 179 0.035714
154 179 0.035714
167 179 0.035714
170 179 0.035714
175 179 0.035714
9 116 0.028571
10 116 0.028571
12 116 0.028571
28 116 0.028571
30 116 0.028571
33 116 0.028571
40 116 0.028571
42 116 0.028571
46 116 0.028571
47 116 0.028571
49 116 0.028571
52 116 0.028571
53 116 0.028571
54 116 0.028571
71 116 0.028571
74 116 0.028571
77 116 0.028571
88 116 0.028571
92 116 0.028571
93 116 0.028571
107 116 0.028571
109 116 0.028571
110 116 0.028571
119 116 0.028571
129 116 0.028571
137 116 0.028571
138 116 0.028571
141 116 0.028571
144 116 0.028571
145 116 0.028571
157 116 0.028571
162 116 0.028571
164 116 0.028571
170 116 0.028571
172 116 0.028571
9 154 0.038462
12 154 0.038462
29 154 0.038462
33 154 0.038462
37 154 0.038462
45 154 0.038462
49 154 0.038462
56 154 0.038462
63 154 0.038462
65 154 0.038462
67 154 0.038462
68 154 0.038462
71 154 0.038462
85 154 0.038462
92 154 0.038462
99 154 0.038462
106 154 0.038462
107 154 0.038462
114 154 0.038462
148 154 0.038462
158 154 0.038462
163 154 0.038462
168 154 0.038462
174 154 0.038462
179 154 0.038462
181 154 0.038462
9 176 0.035714
11 176 0.035714
15 176 0.035714
27 176 0.035714
28 176 0.035714
33 176 0.035714
36 176 0.035714
42 176 0.035714
43 176 0.035714
52 176 0.035714
54 176 0.035714
70 176 0.035714
74 176 0.035714
77 176 0.035714
92 176 0.035714
99 176 0.035714
101 176 0.035714
105 176 0.035714
114 176 0.035714
118 176 0.035714
132 176 0.035714
135 176 0.035714
138 176 0.035714
143 176 0.035714
162 176 0.035714
165 176 0.035714
168 176 0.035714
169 176 0.035714
10 45 0.043478
18 45 0.043478
25 45 0.043478
31 45 0.043478
46 45 0.043478
64 45 0.043478
68 45 0.043478
85 45 0.043478
90 45 0.043478
91 45 0.043478
103 45 0.043478
107 45 0.043478
114 45 0.043478
117 45 0.043478
122 45 0.043478
125 45 0.043478
129 45 0.043478
138 45 0.043478
142 45 0.043478
153 45 0.043478
154 45 0.043478
163 45 0.043478
173 45 0.043478
10 80 0.037037
24 80 0.037037
25 80 0.037037
31 80 0.037037
34 80 0.037037
46 80 0.037037
58 80 0.037037
60 80 0.037037
61 80 0.037037
65 80 0.037037
75 80 0.037037
85 80 0.037037
86 80 0.037037
88 80 0.037037
104 80 0.037037
110 80 0.037037
115 80 0.037037
117 80 0.037037
118 80 0.037037
122 80 0.037037
126 80 0.037037
127 80 0.037037
135 80 0.037037
149 80 0.037037
152 80 0.037037
155 80 0.037037
167 80 0.037037
10 106 0.034483
18 106 0.034483
23 106 0.034483
25 106 0.034483
37 106 0.034483
40 106 0.034483
47 106 0.034483
55 106 0.034483
58 106 0.034483
60 106 0.034483
62 106 0.034483
64 106 0.034483
72 106 0.034483
76 106 0.034483
103 106 0.034483
107 106 0.034483
109 106 0.034483
111 106 0.034483
112 106 0.034483
115 106 0.034483
121 106 0.034483
124 106 0.034483
133 106 0.034483
149 106 0.034483
153 106 0.034483
154 106 0.034483
167 106 0.034483
169 106 0.034483
172 106 0.034483
10 123 0.045455
19 123 0.045455
33 123 0.045455
35 123 0.045455
38 123 0.045455
46 123 0.045455
50 123 0.045455
66 123 0.045455
84 123 0.045455
85 123 0.045455
86 123 0.045455
89 123 0.045455
90 123 0.045455
99 123 0.045455
109 123 0.045455
115 123 0.045455
122 123 0.045455
134 123 0.045455
152 123 0.045455
169 123 0.045455
173 123 0.045455
178 123 0.045455
10 158 0.030303
13 158 0.030303
17 158 0.030303
22 158 0.030303
24 158 0.030303
25 158 0.030303
27 158 0.030303
29 158 0.030303
30 158 0.030303
35 158 0.030303
36 158 0.030303
39 158 0.030303
40 158 0.030303
53 158 0.030303
63 158 0.030303
68 158 0.030303
70 158 0.030303
84 158 0.030303
90 158 0.030303
95 158 0.030303
97 158 0.030303
101 158 0.030303
103 158 0.030303
105 158 0.030303
110 158 0.030303
121 158 0.030303
129 158 0.030303
142 158 0.030303
145 158 0.030303
152 158 0.030303
154 158 0.030303
157 158 0.030303
169 158 0.030303
10 165 0.043478
19 165 0.043478
25 165 0.043478
40 165 0.043478
43 165 0.043478
50 165 0.043478
56 165 0.043478
59 165 0.043478
63 165 0.043478
67 165 0.043478
69 165 0.043478
70 165 0.043478
74 165 0.043478
82 165 0.043478
107 165 0.043478
122 165 0.043478
130 165 0.043478
139 165 0.043478
160 165 0.043478
166 165 0.043478
170 165 0.043478
172 165 0.043478
176 165 0.043478
11 79 0.045455
14 79 0.045455
26 79 0.045455
39 79 0.045455
40 79 0.045455
43 79 0.045455
44 79 0.045455
48 79 0.045455
59 79 0.045455
60 79 0.045455
77 79 0.045455
85 79 0.045455
99 79 0.045455
117 79 0.045455
129 79 0.045455
132 79 0.045455
142 79 0.045455
143 79 0.045455
149 79 0.045455
150 79 0.045455
152 79 0.045455
157 79 0.045455
11 132 0.038462
12 132 0.038462
22 132 0.038462
32 132 0.038462
37 132 0.038462
48 132 0.038462
51 132 0.038462
55 132 0.038462
67 132 0.038462
74 132 0.038462
78 132 0.038462
79 132 0.038462
88 132 0.038462
89 132 0.038462
90 132 0.038462
92 132 0.038462
101 132 0.038462
103 132 0.038462
105 132 0.038462
113 132 0.038462
115 132 0.038462
144 132 0.038462
150 132 0.038462
160 132 0.038462
176 132 0.038462
179 132 0.038462
11 135 0.045455
17 135 0.045455
34 135 0.045455
53 135 0.045455
58 135 0.045455
65 135 0.045455
67 135 0.045455
80 135 0.045455
81 135 0.045455
93 135 0.045455
95 135 0.045455
100 135 0.045455
102 135 0.045455
118 135 0.045455
119 135 0.045455
121 135 0.045455
125 135 0.045455
137 135 0.045455
161 135 0.045455
176 135 0.045455
179 135 0.045455
180 135 0.045455
11 137 0.025
13 137 0.025
16 137 0.025
18 137 0.025
28 137 0.025
40 137 0.025
48 137 0.025
51 137 0.025
56 137 0.025
60 137 0.025
62 137 0.025
65 137 0.025
70 137 0.025
72 137 0.025
73 137 0.025
78 137 0.025
83 137 0.025
84 137 0.025
85 137 0.025
86 137 0.025
96 137 0.025
97 137 0.025
98 137 0.025
99 137 0.025
100 137 0.025
104 137 0.025
107 137 0.025
116 137 0.025
118 137 0.025
130 137 0.025
131 137 0.025
135 137 0.025
136 137 0.025
139 137 0.025
142 137 0.025
147 137 0.025
148 137 0.025
150 137 0.025
153 137 0.025
159 137 0.025
11 143 0.052632
18 143 0.052632
21 143 0.052632
40 143 0.052632
58 143 0.052632
69 143 0.052632
79 143 0.052632
83 143 0.052632
88 143 0.052632
89 143 0.052632
105 143 0.052632
118 143 0.052632
126 143 0.052632
130 143 0.052632
157 143 0.052632
173 143 0.052632
174 143 0.052632
176 143 0.052632
181 143 0.052632
11 174 0.04
33 174 0.04
34 174 0.04
47 174 0.04
49 174 0.04
51 174 0.04
53 174 0.04
57 174 0.04
64 174 0.04
65 174 0.04
70 174 0.04
82 174 0.04
86 174 0.04
95 174 0.04
108 174 0.04
129 174 0.04
139 174 0.04
143 174 0.04
144 174 0.04
146 174 0.04
148 174 0.04
149 174 0.04
151 174 0.04
154 174 0.04
164 174 0.04
12 40 0.032258
26 40 0.032258
34 40 0.032258
36 40 0.032258
42 40 0.032258
56 40 0.032258
68 40 0.032258
76 40 0.032258
79 40 0.032258
81 40 0.032258
88 40 0.032258
90 40 0.032258
91 40 0.032258
101 40 0.032258
106 40 0.032258
108 40 0.032258
110 40 0.032258
116 40 0.032258
127 40 0.032258
134 40 0.032258
137 40 0.032258
143 40 0.032258
145 40 0.032258
147 40 0.032258
149 40 0.032258
151 40 0.032258
158 40 0.032258
165 40 0.032258
166 40 0.032258
167 40 0.032258
178 40 0.032258
12 76 0.030303
15 76 0.030303
16 76 0.030303
23 76 0.030303
25 76 0.030303
27 76 0.030303
29 76 0.030303
33 76 0.030303
40 76 0.030303
42 76 0.030303
50 76 0.030303
56 76 0.030303
58 76 0.030303
59 76 0.030303
93 76 0.030303
95 76 0.030303
101 76 0.030303
105 76 0.030303
106 76 0.030303
108 76 0.030303
113 76 0.030303
118 76 0.030303
119 76 0.030303
122 76 0.030303
126 76 0.030303
128 76 0.030303
142 76 0.030303
152 76 0.030303
155 76 0.030303
156 76 0.030303
157 76 0.030303
172 76 0.030303
181 76 0.030303
12 107 0.032258
27 107 0.032258
28 107 0.032258
35 107 0.032258
41 107 0.032258
45 107 0.032258
58 107 0.032258
66 107 0.032258
67 107 0.032258
71 107 0.032258
75 107 0.032258
93 107 0.032258
96 107 0.032258
97 107 0.032258
101 107 0.032258
106 107 0.032258
109 107 0.032258
116 107 0.032258
128 107 0.032258
133 107 0.032258
137 107 0.032258
139 107 0.032258
140 107 0.032258
141 107 0.032258
146 107 0.032258
149 107 0.032258
154 107 0.032258
159 107 0.032258
161 107 0.032258
165 107 0.032258
177 107 0.032258
13 171 0.034483
27 171 0.034483
31 171 0.034483
36 171 0.034483
39 171 0.034483
41 171 0.034483
43 171 0.034483
46 171 0.034483
52 171 0.034483
53 171 0.034483
57 171 0.034483
72 171 0.034483
98 171 0.034483
103 171 0.034483
104 171 0.034483
109 171 0.034483
112 171 0.034483
118 171 0.034483
125 171 0.034483
127 171 0.034483
129 171 0.034483
133 171 0.034483
134 171 0.034483
153 171 0.034483
156 171 0.034483
162 171 0.034483
172 171 0.034483
173 171 0.034483
181 171 0.034483
13 173 0.043478
14 173 0.043478
17 173 0.043478
23 173 0.043478
25 173 0.043478
44 173 0.043478
45 173 0.043478
46 173 0.043478
47 173 0.043478
49 173 0.043478
50 173 0.043478
59 173 0.043478
72 173 0.043478
81 173 0.043478
82 173 0.043478
83 173 0.043478
94 173 0.043478
123 173 0.043478
130 173 0.043478
143 173 0.043478
152 173 0.043478
155 173 0.043478
171 173 0.043478
13 175 0.0625
54 175 0.0625
66 175 0.0625
68 175 0.0625
86 175 0.0625
87 175 0.0625
90 175 0.0625
98 175 0.0625
100 175 0.0625
112 175 0.0625
119 175 0.0625
136 175 0.0625
160 175 0.0625
163 175 0.0625
170 175 0.0625
179 175 0.0625
14 27 0.032258
26 27 0.032258
42 27 0.032258
52 27 0.032258
60 27 0.032258
61 27 0.032258
63 27 0.032258
73 27 0.032258
76 27 0.032258
93 27 0.032258
97 27 0.032258
101 27 0.032258
102 27 0.032258
107 27 0.032258
114 27 0.032258
124 27 0.032258
125 27 0.032258
129 27 0.032258
134 27 0.032258
140 27 0.032258
145 27 0.032258
146 27 0.032258
156 27 0.032258
157 27 0.032258
158 27 0.032258
164 27 0.032258
168 27 0.032258
171 27 0.032258
172 27 0.032258
176 27 0.032258
179 27 0.032258
14 181 0.038462
16 181 0.038462
18 181 0.038462
21 181 0.038462
22 181 0.038462
24 181 0.038462
33 181 0.038462
35 181 0.038462
37 181 0.038462
42 181 0.038462
54 181 0.038462
58 181 0.038462
59 181 0.038462
65 181 0.038462
69 181 0.038462
71 181 0.038462
76 181 0.038462
95 181 0.038462
98 181 0.038462
112 181 0.038462
126 181 0.038462
128 181 0.038462
143 181 0.038462
147 181 0.038462
154 181 0.038462
171 181 0.038462
15 51 0.041667
33 51 0.041667
34 51 0.041667
41 51 0.041667
48 51 0.041667
58 51 0.041667
61 51 0.041667
66 51 0.041667
89 51 0.041667
90 51 0.041667
98 51 0.041667
102 51 0.041667
114 51 0.041667
122 51 0.041667
127 51 0.041667
130 51 0.041667
132 51 0.041667
137 51 0.041667
142 51 0.041667
146 51 0.041667
149 51 0.041667
157 51 0.041667
166 51 0.041667
174 51 0.041667
15 161 0.041667
21 161 0.041667
30 161 0.041667
39 161 0.041667
58 161 0.041667
59 161 0.041667
60 161 0.041667
67 161 0.041667
71 161 0.041667
72 161 0.041667
73 161 0.041667
86 161 0.041667
89 161 0.041667
90 161 0.041667
97 161 0.041667
102 161 0.041667
107 161 0.041667
108 161 0.041667
112 161 0.041667
134 161 0.041667
135 161 0.041667
164 161 0.041667
166 161 0.041667
177 161 0.041667
16 99 0.043478
19 99 0.043478
23 99 0.043478
24 99 0.043478
31 99 0.043478
66 99 0.043478
79 99 0.043478
82 99 0.043478
84 99 0.043478
89 99 0.043478
105 99 0.043478
110 99 0.043478
113 99 0.043478
123 99 0.043478
128 99 0.043478
137 99 0.043478
139 99 0.043478
147 99 0.043478
148 99 0.043478
152 99 0.043478
154 99 0.043478
160 99 0.043478
176 99 0.043478
16 121 0.037037
18 121 0.037037
20 121 0.037037
21 121 0.037037
29 121 0.037037
31 121 0.037037
33 121 0.037037
35 121 0.037037
39 121 0.037037
60 121 0.037037
66 121 0.037037
69 121 0.037037
72 121 0.037037
78 121 0.037037
88 121 0.037037
89 121 0.037037
94 121 0.037037
95 121 0.037037
106 121 0.037037
110 121 0.037037
118 121 0.037037
124 121 0.037037
135 121 0.037037
136 121 0.037037
152 121 0.037037
157 121 0.037037
158 121 0.037037
17 88 0.047619
40 88 0.047619
41 88 0.047619
49 88 0.047619
56 88 0.047619
73 88 0.047619
77 88 0.047619
80 88 0.047619
98 88 0.047619
102 88 0.047619
108 88 0.047619
116 88 0.047619
121 88 0.047619
129 88 0.047619
132 88 0.047619
143 88 0.047619
145 88 0.047619
160 88 0.047619
163 88 0.047619
170 88 0.047619
180 88 0.047619
17 89 0.047619
22 89 0.047619
51 89 0.047619
72 89 0.047619
84 89 0.047619
94 89 0.047619
99 89 0.047619
104 89 0.047619
111 89 0.047619
121 89 0.047619
123 89 0.047619
132 89 0.047619
136 89 0.047619
143 89 0.047619
149 89 0.047619
161 89 0.047619
167 89 0.047619
172 89 0.047619
177 89 0.047619
178 89 0.047619
179 89 0.047619
17 108 0.041667
21 108 0.041667
22 108 0.041667
38 108 0.041667
39 108 0.041667
40 108 0.041667
49 108 0.041667
55 108 0.041667
57 108 0.041667
63 108 0.041667
68 108 0.041667
71 108 0.041667
76 108 0.041667
85 108 0.041667
88 108 0.041667
91 108 0.041667
93 108 0.041667
110 108 0.041667
113 108 0.041667
139 108 0.041667
161 108 0.041667
166 108 0.041667
174 108 0.041667
180 108 0.041667
17 133 0.035714
21 133 0.035714
24 133 0.035714
26 133 0.035714
35 133 0.035714
42 133 0.035714
44 133 0.035714
47 133 0.035714
54 133 0.035714
60 133 0.035714
67 133 0.035714
74 133 0.035714
86 133 0.035714
90 133 0.035714
93 133 0.035714
95 133 0.035714
105 133 0.035714
106 133 0.035714
107 133 0.035714
124 133 0.035714
141 133 0.035714
145 133 0.035714
162 133 0.035714
164 133 0.035714
168 133 0.035714
170 133 0.035714
171 133 0.035714
172 133 0.035714
18 22 0.038462
25 22 0.038462
35 22 0.038462
48 22 0.038462
54 22 0.038462
70 22 0.038462
89 22 0.038462
90 22 0.038462
92 22 0.038462
100 22 0.038462
104 22 0.038462
105 22 0.038462
108 22 0.038462
113 22 0.038462
114 22 0.038462
120 22 0.038462
124 22 0.038462
130 22 0.038462
131 22 0.038462
132 22 0.038462
144 22 0.038462
155 22 0.038462
158 22 0.038462
170 22 0.038462
180 22 0.038462
181 22 0.038462
22 114 0.055556
27 114 0.055556
33 114 0.055556
45 114 0.055556
51 114 0.055556
53 114 0.055556
56 114 0.055556
57 114 0.055556
75 114 0.055556
84 114 0.055556
85 114 0.055556
101 114 0.055556
140 114 0.055556
145 114 0.055556
148 114 0.055556
153 114 0.055556
154 114 0.055556
176 114 0.055556
24 167 0.038462
31 167 0.038462
33 167 0.038462
37 167 0.038462
40 167 0.038462
49 167 0.038462
57 167 0.038462
66 167 0.038462
80 167 0.038462
89 167 0.038462
91 167 0.038462
93 167 0.038462
106 167 0.038462
109 167 0.038462
117 167 0.038462
127 167 0.038462
144 167 0.038462
151 167 0.038462
152 167 0.038462
153 167 0.038462
155 167 0.038462
156 167 0.038462
159 167 0.038462
160 167 0.038462
163 167 0.038462
179 167 0.038462
35 84 0.045455
49 84 0.045455
56 84 0.045455
67 84 0.045455
73 84 0.045455
77 84 0.045455
82 84 0.045455
87 84 0.045455
89 84 0.045455
92 84 0.045455
99 84 0.045455
114 84 0.045455
117 84 0.045455
123 84 0.045455
125 84 0.045455
130 84 0.045455
137 84 0.045455
142 84 0.045455
158 84 0.045455
160 84 0.045455
169 84 0.045455
177 84 0.045455
47 177 0.055556
50 177 0.055556
65 177 0.055556
70 177 0.055556
71 177 0.055556
77 177 0.055556
84 177 0.055556
89 177 0.055556
91 177 0.055556
94 177 0.055556
101 177 0.055556
102 177 0.055556
107 177 0.055556
117 177 0.055556
120 177 0.055556
160 177 0.055556
161 177 0.055556
164 177 0.055556
2 0 0.041667
3 0 0.041667
5 0 0.041667
12 0 0.041667
17 0 0.041667
19 0 0.041667
25 0 0.041667
26 0 0.041667
46 0 0.041667
54 0 0.041667
96 0 0.041667
102 0 0.041667
104 0 0.041667
109 0 0.041667
113 0 0.041667
115 0 0.041667
125 0 0.041667
128 0 0.041667
147 0 0.041667
149 0 0.041667
150 0 0.041667
155 0 0.041667
157 0 0.041667
180 0 0.041667
2 1 0.045455
4 1 0.045455
6 1 0.045455
7 1 0.045455
13 1 0.045455
35 1 0.045455
36 1 0.045455
48 1 0.045455
57 1 0.045455
64 1 0.045455
66 1 0.045455
90 1 0.045455
103 1 0.045455
112 1 0.045455
117 1 0.045455
136 1 0.045455
141 1 0.045455
147 1 0.045455
157 1 0.045455
163 1 0.045455
164 1 0.045455
168 1 0.045455
17 14 0.04
20 14 0.04
27 14 0.04
31 14 0.04
32 14 0.04
35 14 0.04
39 14 0.04
41 14 0.04
50 14 0.04
56 14 0.04
70 14 0.04
79 14 0.04
91 14 0.04
93 14 0.04
103 14 0.04
109 14 0.04
117 14 0.04
127 14 0.04
134 14 0.04
147 14 0.04
150 14 0.04
166 14 0.04
170 14 0.04
173 14 0.04
181 14 0.04
18 15 0.043478
33 15 0.043478
43 15 0.043478
47 15 0.043478
48 15 0.043478
49 15 0.043478
51 15 0.043478
57 15 0.043478
73 15 0.043478
76 15 0.043478
77 15 0.043478
83 15 0.043478
87 15 0.043478
96 15 0.043478
103 15 0.043478
127 15 0.043478
131 15 0.043478
141 15 0.043478
148 15 0.043478
155 15 0.043478
161 15 0.043478
168 15 0.043478
176 15 0.043478
17 16 0.038462
37 16 0.038462
38 16 0.038462
46 16 0.038462
47 16 0.038462
50 16 0.038462
52 16 0.038462
60 16 0.038462
73 16 0.038462
74 16 0.038462
76 16 0.038462
90 16 0.038462
99 16 0.038462
100 16 0.038462
101 16 0.038462
112 16 0.038462
113 16 0.038462
121 16 0.038462
136 16 0.038462
137 16 0.038462
141 16 0.038462
146 16 0.038462
152 16 0.038462
172 16 0.038462
180 16 0.038462
181 16 0.038462
54 30 0.058824
60 30 0.058824
61 30 0.058824
77 30 0.058824
78 30 0.058824
92 30 0.058824
96 30 0.058824
110 30 0.058824
111 30 0.058824
116 30 0.058824
139 30 0.058824
150 30 0.058824
152 30 0.058824
158 30 0.058824
160 30 0.058824
161 30 0.058824
179 30 0.058824
