0 18 0.045455
1 18 0.045455
4 18 0.045455
15 18 0.045455
19 18 0.045455
29 18 0.045455
38 18 0.045455
47 18 0.045455
57 18 0.045455
63 18 0.045455
64 18 0.045455
65 18 0.045455
73 18 0.045455
79 18 0.045455
87 18 0.045455
90 18 0.045455
91 18 0.045455
93 18 0.045455
96 18 0.045455
107 18 0.045455
116 18 0.045455
119 18 0.045455
0 20 0.038462
5 20 0.038462
11 20 0.038462
21 20 0.038462
22 20 0.038462
24 20 0.038462
32 20 0.038462
38 20 0.038462
54 20 0.038462
57 20 0.038462
60 20 0.038462
64 20 0.038462
65 20 0.038462
71 20 0.038462
72 20 0.038462
76 20 0.038462
78 20 0.038462
79 20 0.038462
81 20 0.038462
83 20 0.038462
84 20 0.038462
85 20 0.038462
92 20 0.038462
94 20 0.038462
98 20 0.038462
111 20 0.038462
0 22 0.055556
8 22 0.055556
16 22 0.055556
20 22 0.055556
26 22 0.055556
36 22 0.055556
49 22 0.055556
52 22 0.055556
53 22 0.055556
55 22 0.055556
56 22 0.055556
65 22 0.055556
71 22 0.055556
97 22 0.055556
105 22 0.055556
107 22 0.055556
115 22 0.055556
120 22 0.055556
0 37 0.045455
12 37 0.045455
17 37 0.045455
23 37 0.045455
26 37 0.045455
32 37 0.045455
34 37 0.045455
35 37 0.045455
38 37 0.045455
49 37 0.045455
53 37 0.045455
57 37 0.045455
67 37 0.045455
79 37 0.045455
85 37 0.045455
86 37 0.045455
90 37 0.045455
94 37 0.045455
104 37 0.045455
106 37 0.045455
119 37 0.045455
120 37 0.045455
0 39 0.055556
25 39 0.055556
27 39 0.055556
30 39 0.055556
47 39 0.055556
59 39 0.055556
60 39 0.055556
66 39 0.055556
68 39 0.055556
72 39 0.055556
80 39 0.055556
81 39 0.055556
87 39 0.055556
88 39 0.055556
99 39 0.055556
104 39 0.055556
112 39 0.055556
116 39 0.055556
0 70 0.045455
3 70 0.045455
4 70 0.045455
17 70 0.045455
26 70 0.045455
30 70 0.045455
34 70 0.045455
43 70 0.045455
49 70 0.045455
54 70 0.045455
56 70 0.045455
60 70 0.045455
64 70 0.045455
67 70 0.045455
68 70 0.045455
79 70 0.045455
81 70 0.045455
84 70 0.045455
95 70 0.045455
98 70 0.045455
109 70 0.045455
114 70 0.045455
0 73 0.05
3 73 0.05
7 73 0.05
18 73 0.05
35 73 0.05
49 73 0.05
54 73 0.05
58 73 0.05
60 73 0.05
71 73 0.05
74 73 0.05
78 73 0.05
80 73 0.05
84 73 0.05
89 73 0.05
91 73 0.05
97 73 0.05
98 73 0.05
115 73 0.05
116 73 0.05
0 76 0.045455
5 76 0.045455
7 76 0.045455
19 76 0.045455
20 76 0.045455
25 76 0.045455
30 76 0.045455
33 76 0.045455
38 76 0.045455
41 76 0.045455
45 76 0.045455
46 76 0.045455
53 76 0.045455
54 76 0.045455
55 76 0.045455
77 76 0.045455
87 76 0.045455
90 76 0.045455
100 76 0.045455
105 76 0.045455
107 76 0.045455
117 76 0.045455
0 77 0.05
1 77 0.05
3 77 0.05
12 77 0.05
14 77 0.05
30 77 0.05
33 77 0.05
44 77 0.05
63 77 0.05
76 77 0.05
80 77 0.05
82 77 0.05
99 77 0.05
102 77 0.05
103 77 0.05
105 77 0.05
107 77 0.05
109 77 0.05
116 77 0.05
117 77 0.05
0 78 0.052632
4 78 0.052632
19 78 0.052632
20 78 0.052632
33 78 0.052632
38 78 0.052632
48 78 0.052632
62 78 0.052632
67 78 0.052632
73 78 0.052632
89 78 0.052632
92 78 0.052632
95 78 0.052632
96 78 0.052632
99 78 0.052632
105 78 0.052632
114 78 0.052632
116 78 0.052632
118 78 0.052632
0 103 0.076923
28 103 0.076923
33 103 0.076923
44 103 0.076923
47 103 0.076923
54 103 0.076923
58 103 0.076923
72 103 0.076923
77 103 0.076923
83 103 0.076923
85 103 0.076923
92 103 0.076923
119 103 0.076923
0 106 0.058824
6 106 0.058824
19 106 0.058824
24 106 0.058824
29 106 0.058824
36 106 0.058824
37 106 0.058824
40 106 0.058824
48 106 0.058824
51 106 0.058824
67 106 0.058824
72 106 0.058824
79 106 0.058824
80 106 0.058824
83 106 0.058824
89 106 0.058824
115 106 0.058824
0 112 0.045455
7 112 0.045455
10 112 0.045455
14 112 0.045455
29 112 0.045455
30 112 0.045455
39 112 0.045455
43 112 0.045455
45 112 0.045455
49 112 0.045455
60 112 0.045455
63 112 0.045455
71 112 0.045455
74 112 0.045455
79 112 0.045455
86 112 0.045455
98 112 0.045455
100 112 0.045455
102 112 0.045455
110 112 0.045455
111 112 0.045455
120 112 0.045455
0 120 0.066667
4 120 0.066667
5 120 0.066667
9 120 0.066667
19 120 0.066667
22 120 0.066667
27 120 0.066667
31 120 0.066667
37 120 0.066667
44 120 0.066667
50 120 0.066667
58 120 0.066667
107 120 0.066667
109 120 0.066667
112 120 0.066667
1 4 0.076923
12 4 0.076923
18 4 0.076923
25 4 0.076923
70 4 0.076923
78 4 0.076923
81 4 0.076923
83 4 0.076923
96 4 0.076923
102 4 0.076923
104 4 0.076923
115 4 0.076923
120 4 0.076923
1 19 0.05
12 19 0.05
14 19 0.05
18 19 0.05
24 19 0.05
29 19 0.05
30 19 0.05
31 19 0.05
34 19 0.05
38 19 0.05
48 19 0.05
52 19 0.05
66 19 0.05
71 19 0.05
76 19 0.05
78 19 0.05
91 19 0.05
106 19 0.05
115 19 0.05
120 19 0.05
1 29 0.047619
10 29 0.047619
13 29 0.047619
14 29 0.047619
18 29 0.047619
19 29 0.047619
31 29 0.047619
56 29 0.047619
60 29 0.047619
62 29 0.047619
68 29 0.047619
69 29 0.047619
71 29 0.047619
87 29 0.047619
89 29 0.047619
95 29 0.047619
96 29 0.047619
101 29 0.047619
106 29 0.047619
107 29 0.047619
112 29 0.047619
1 32 0.076923
13 32 0.076923
16 32 0.076923
20 32 0.076923
37 32 0.076923
44 32 0.076923
63 32 0.076923
67 32 0.076923
83 32 0.076923
95 32 0.076923
96 32 0.076923
98 32 0.076923
115 32 0.076923
1 35 0.066667
7 35 0.066667
9 35 0.066667
17 35 0.066667
31 35 0.066667
36 35 0.066667
37 35 0.066667
41 35 0.066667
45 35 0.066667
53 35 0.066667
54 35 0.066667
60 35 0.066667
61 35 0.066667
73 35 0.066667
91 35 0.066667
1 47 0.047619
7 47 0.047619
11 47 0.047619
16 47 0.047619
18 47 0.047619
39 47 0.047619
58 47 0.047619
59 47 0.047619
60 47 0.047619
72 47 0.047619
85 47 0.047619
86 47 0.047619
90 47 0.047619
98 47 0.047619
99 47 0.047619
100 47 0.047619
102 47 0.047619
103 47 0.047619
111 47 0.047619
114 47 0.047619
115 47 0.047619
1 55 0.083333
22 55 0.083333
24 55 0.083333
45 55 0.083333
46 55 0.083333
57 55 0.083333
65 55 0.083333
67 55 0.083333
76 55 0.083333
95 55 0.083333
116 55 0.083333
118 55 0.083333
1 86 0.066667
3 86 0.066667
15 86 0.066667
25 86 0.066667
34 86 0.066667
36 86 0.066667
37 86 0.066667
47 86 0.066667
60 86 0.066667
66 86 0.066667
81 86 0.066667
93 86 0.066667
99 86 0.066667
108 86 0.066667
112 86 0.066667
1 88 0.041667
17 88 0.041667
21 88 0.041667
31 88 0.041667
36 88 0.041667
39 88 0.041667
41 88 0.041667
42 88 0.041667
52 88 0.041667
57 88 0.041667
61 88 0.041667
62 88 0.041667
63 88 0.041667
64 88 0.041667
67 88 0.041667
79 88 0.041667
82 88 0.041667
87 88 0.041667
97 88 0.041667
101 88 0.041667
107 88 0.041667
110 88 0.041667
114 88 0.041667
119 88 0.041667
1 90 0.076923
18 90 0.076923
36 90 0.076923
37 90 0.076923
47 90 0.076923
49 90 0.076923
51 90 0.076923
68 90 0.076923
71 90 0.076923
76 90 0.076923
101 90 0.076923
102 90 0.076923
110 90 0.076923
1 96 0.045455
4 96 0.045455
8 96 0.045455
11 96 0.045455
14 96 0.045455
18 96 0.045455
21 96 0.045455
27 96 0.045455
29 96 0.045455
30 96 0.045455
32 96 0.045455
43 96 0.045455
49 96 0.045455
52 96 0.045455
53 96 0.045455
62 96 0.045455
63 96 0.045455
66 96 0.045455
78 96 0.045455
82 96 0.045455
113 96 0.045455
119 96 0.045455
1 102 0.066667
4 102 0.066667
14 102 0.066667
33 102 0.066667
43 102 0.066667
45 102 0.066667
47 102 0.066667
56 102 0.066667
77 102 0.066667
81 102 0.066667
87 102 0.066667
90 102 0.066667
109 102 0.066667
112 102 0.066667
115 102 0.066667
1 105 0.066667
15 105 0.066667
16 105 0.066667
17 105 0.066667
22 105 0.066667
34 105 0.066667
65 105 0.066667
71 105 0.066667
76 105 0.066667
77 105 0.066667
78 105 0.066667
81 105 0.066667
108 105 0.066667
114 105 0.066667
115 105 0.066667
1 109 0.066667
13 109 0.066667
14 109 0.066667
23 109 0.066667
31 109 0.066667
38 109 0.066667
70 109 0.066667
77 109 0.066667
79 109 0.066667
83 109 0.066667
102 109 0.066667
108 109 0.066667
111 109 0.066667
114 109 0.066667
120 109 0.066667
1 110 0.066667
41 110 0.066667
51 110 0.066667
61 110 0.066667
81 110 0.066667
82 110 0.066667
88 110 0.066667
89 110 0.066667
90 110 0.066667
92 110 0.066667
98 110 0.066667
100 110 0.066667
108 110 0.066667
111 110 0.066667
112 110 0.066667
2 36 0.047619
6 36 0.047619
7 36 0.047619
12 36 0.047619
14 36 0.047619
16 36 0.047619
17 36 0.047619
22 36 0.047619
35 36 0.047619
40 36 0.047619
44 36 0.047619
52 36 0.047619
54 36 0.047619
60 36 0.047619
75 36 0.047619
86 36 0.047619
88 36 0.047619
90 36 0.047619
100 36 0.047619
101 36 0.047619
106 36 0.047619
2 44 0.058824
14 44 0.058824
27 44 0.058824
31 44 0.058824
32 44 0.058824
36 44 0.058824
42 44 0.058824
45 44 0.058824
49 44 0.058824
64 44 0.058824
77 44 0.058824
92 44 0.058824
93 44 0.058824
103 44 0.058824
107 44 0.058824
111 44 0.058824
120 44 0.058824
2 56 0.083333
3 56 0.083333
5 56 0.083333
17 56 0.083333
22 56 0.083333
27 56 0.083333
29 56 0.083333
42 56 0.083333
67 56 0.083333
68 56 0.083333
70 56 0.083333
102 56 0.083333
2 62 0.052632
3 62 0.052632
9 62 0.052632
23 62 0.052632
29 62 0.052632
42 62 0.052632
50 62 0.052632
58 62 0.052632
66 62 0.052632
74 62 0.052632
78 62 0.052632
84 62 0.052632
88 62 0.052632
89 62 0.052632
96 62 0.052632
99 62 0.052632
104 62 0.052632
107 62 0.052632
117 62 0.052632
2 67 0.052632
10 67 0.052632
23 67 0.052632
25 67 0.052632
32 67 0.052632
37 67 0.052632
49 67 0.052632
53 67 0.052632
55 67 0.052632
56 67 0.052632
59 67 0.052632
70 67 0.052632
72 67 0.052632
74 67 0.052632
78 67 0.052632
81 67 0.052632
88 67 0.052632
98 67 0.052632
106 67 0.052632
2 80 0.05
5 80 0.05
6 80 0.05
15 80 0.05
16 80 0.05
23 80 0.05
39 80 0.05
43 80 0.05
52 80 0.05
60 80 0.05
73 80 0.05
74 80 0.05
75 80 0.05
77 80 0.05
85 80 0.05
92 80 0.05
106 80 0.05
108 80 0.05
111 80 0.05
113 80 0.05
2 81 0.047619
4 81 0.047619
14 81 0.047619
16 81 0.047619
20 81 0.047619
26 81 0.047619
27 81 0.047619
28 81 0.047619
39 81 0.047619
51 81 0.047619
52 81 0.047619
63 81 0.047619
65 81 0.047619
67 81 0.047619
70 81 0.047619
86 81 0.047619
87 81 0.047619
102 81 0.047619
105 81 0.047619
110 81 0.047619
113 81 0.047619
2 89 0.05
14 89 0.05
25 89 0.05
29 89 0.05
45 89 0.05
49 89 0.05
59 89 0.05
62 89 0.05
71 89 0.05
73 89 0.05
78 89 0.05
79 89 0.05
83 89 0.05
94 89 0.05
98 89 0.05
106 89 0.05
107 89 0.05
110 89 0.05
111 89 0.05
114 89 0.05
2 94 0.066667
7 94 0.066667
13 94 0.066667
20 94 0.066667
37 94 0.066667
46 94 0.066667
52 94 0.066667
57 94 0.066667
72 94 0.066667
75 94 0.066667
83 94 0.066667
89 94 0.066667
95 94 0.066667
97 94 0.066667
113 94 0.066667
2 98 0.05
11 98 0.05
20 98 0.05
32 98 0.05
38 98 0.05
40 98 0.05
47 98 0.05
49 98 0.05
59 98 0.05
64 98 0.05
67 98 0.05
70 98 0.05
71 98 0.05
73 98 0.05
89 98 0.05
95 98 0.05
110 98 0.05
112 98 0.05
114 98 0.05
118 98 0.05
2 107 0.032258
7 107 0.032258
8 107 0.032258
11 107 0.032258
14 107 0.032258
18 107 0.032258
22 107 0.032258
23 107 0.032258
24 107 0.032258
26 107 0.032258
28 107 0.032258
29 107 0.032258
33 107 0.032258
40 107 0.032258
44 107 0.032258
62 107 0.032258
63 107 0.032258
65 107 0.032258
66 107 0.032258
68 107 0.032258
75 107 0.032258
76 107 0.032258
77 107 0.032258
85 107 0.032258
88 107 0.032258
89 107 0.032258
101 107 0.032258
104 107 0.032258
113 107 0.032258
115 107 0.032258
120 107 0.032258
3 24 0.1
9 24 0.1
19 24 0.1
20 24 0.1
52 24 0.1
55 24 0.1
106 24 0.1
107 24 0.1
113 24 0.1
118 24 0.1
3 34 0.047619
5 34 0.047619
11 34 0.047619
15 34 0.047619
16 34 0.047619
19 34 0.047619
25 34 0.047619
26 34 0.047619
28 34 0.047619
31 34 0.047619
37 34 0.047619
59 34 0.047619
63 34 0.047619
70 34 0.047619
72 34 0.047619
83 34 0.047619
86 34 0.047619
104 34 0.047619
105 34 0.047619
117 34 0.047619
119 34 0.047619
3 38 0.038462
6 38 0.038462
7 38 0.038462
13 38 0.038462
17 38 0.038462
18 38 0.038462
19 38 0.038462
20 38 0.038462
33 38 0.038462
37 38 0.038462
41 38 0.038462
50 38 0.038462
51 38 0.038462
60 38 0.038462
69 38 0.038462
71 38 0.038462
76 38 0.038462
78 38 0.038462
91 38 0.038462
92 38 0.038462
98 38 0.038462
99 38 0.038462
108 38 0.038462
109 38 0.038462
111 38 0.038462
113 38 0.038462
3 42 0.055556
6 42 0.055556
21 42 0.055556
25 42 0.055556
26 42 0.055556
27 42 0.055556
28 42 0.055556
40 42 0.055556
43 42 0.055556
44 42 0.055556
54 42 0.055556
56 42 0.055556
61 42 0.055556
62 42 0.055556
83 42 0.055556
88 42 0.055556
100 42 0.055556
116 42 0.055556
3 49 0.043478
5 49 0.043478
12 49 0.043478
16 49 0.043478
22 49 0.043478
37 49 0.043478
41 49 0.043478
44 49 0.043478
46 49 0.043478
50 49 0.043478
67 49 0.043478
70 49 0.043478
73 49 0.043478
83 49 0.043478
89 49 0.043478
90 49 0.043478
92 49 0.043478
96 49 0.043478
98 49 0.043478
99 49 0.043478
108 49 0.043478
112 49 0.043478
117 49 0.043478
3 50 0.071429
6 50 0.071429
10 50 0.071429
12 50 0.071429
33 50 0.071429
38 50 0.071429
45 50 0.071429
48 50 0.071429
49 50 0.071429
62 50 0.071429
83 50 0.071429
108 50 0.071429
115 50 0.071429
120 50 0.071429
3 61 0.066667
14 61 0.066667
17 61 0.066667
31 61 0.066667
35 61 0.066667
42 61 0.066667
46 61 0.066667
51 61 0.066667
72 61 0.066667
79 61 0.066667
87 61 0.066667
88 61 0.066667
108 61 0.066667
110 61 0.066667
117 61 0.066667
3 71 0.035714
7 71 0.035714
8 71 0.035714
9 71 0.035714
11 71 0.035714
15 71 0.035714
19 71 0.035714
20 71 0.035714
22 71 0.035714
29 71 0.035714
38 71 0.035714
45 71 0.035714
51 71 0.035714
63 71 0.035714
64 71 0.035714
66 71 0.035714
73 71 0.035714
75 71 0.035714
89 71 0.035714
90 71 0.035714
91 71 0.035714
95 71 0.035714
98 71 0.035714
99 71 0.035714
105 71 0.035714
111 71 0.035714
112 71 0.035714
114 71 0.035714
3 95 0.0625
11 95 0.0625
29 95 0.0625
30 95 0.0625
32 95 0.0625
33 95 0.0625
51 95 0.0625
55 95 0.0625
63 95 0.0625
70 95 0.0625
71 95 0.0625
74 95 0.0625
78 95 0.0625
87 95 0.0625
94 95 0.0625
98 95 0.0625
4 12 0.0625
5 12 0.0625
8 12 0.0625
10 12 0.0625
19 12 0.0625
30 12 0.0625
36 12 0.0625
37 12 0.0625
46 12 0.0625
49 12 0.0625
50 12 0.0625
53 12 0.0625
63 12 0.0625
75 12 0.0625
77 12 0.0625
101 12 0.0625
4 25 0.05
9 25 0.05
23 25 0.05
26 25 0.05
34 25 0.05
39 25 0.05
42 25 0.05
45 25 0.05
53 25 0.05
63 25 0.05
65 25 0.05
67 25 0.05
69 25 0.05
76 25 0.05
82 25 0.05
83 25 0.05
86 25 0.05
89 25 0.05
97 25 0.05
118 25 0.05
4 83 0.052632
6 83 0.052632
11 83 0.052632
13 83 0.052632
20 83 0.052632
23 83 0.052632
25 83 0.052632
32 83 0.052632
34 83 0.052632
42 83 0.052632
49 83 0.052632
50 83 0.052632
65 83 0.052632
69 83 0.052632
89 83 0.052632
94 83 0.052632
103 83 0.052632
106 83 0.052632
109 83 0.052632
4 104 0.052632
5 104 0.052632
8 104 0.052632
14 104 0.052632
15 104 0.052632
21 104 0.052632
34 104 0.052632
37 104 0.052632
39 104 0.052632
45 104 0.052632
52 104 0.052632
53 104 0.052632
54 104 0.052632
62 104 0.052632
79 104 0.052632
91 104 0.052632
92 104 0.052632
107 104 0.052632
118 104 0.052632
4 115 0.047619
7 115 0.047619
19 115 0.047619
22 115 0.047619
32 115 0.047619
45 115 0.047619
47 115 0.047619
50 115 0.047619
51 115 0.047619
52 115 0.047619
68 115 0.047619
73 115 0.047619
99 115 0.047619
102 115 0.047619
105 115 0.047619
106 115 0.047619
107 115 0.047619
111 115 0.047619
114 115 0.047619
117 115 0.047619
119 115 0.047619
5 8 0.055556
6 8 0.055556
12 8 0.055556
16 8 0.055556
22 8 0.055556
28 8 0.055556
30 8 0.055556
52 8 0.055556
63 8 0.055556
71 8 0.055556
84 8 0.055556
96 8 0.055556
99 8 0.055556
100 8 0.055556
104 8 0.055556
107 8 0.055556
117 8 0.055556
119 8 0.055556
5 27 0.058824
15 27 0.058824
23 27 0.058824
39 27 0.058824
42 27 0.058824
44 27 0.058824
56 27 0.058824
79 27 0.058824
81 27 0.058824
84 27 0.058824
87 27 0.058824
92 27 0.058824
93 27 0.058824
96 27 0.058824
99 27 0.058824
113 27 0.058824
120 27 0.058824
5 31 0.04
10 31 0.04
13 31 0.04
19 31 0.04
26 31 0.04
29 31 0.04
34 31 0.04
35 31 0.04
40 31 0.04
43 31 0.04
44 31 0.04
46 31 0.04
57 31 0.04
58 31 0.04
61 31 0.04
65 31 0.04
72 31 0.04
74 31 0.04
82 31 0.04
88 31 0.04
97 31 0.04
109 31 0.04
113 31 0.04
114 31 0.04
120 31 0.04
5 53 0.055556
12 53 0.055556
16 53 0.055556
21 53 0.055556
22 53 0.055556
25 53 0.055556
35 53 0.055556
37 53 0.055556
45 53 0.055556
48 53 0.055556
59 53 0.055556
64 53 0.055556
67 53 0.055556
76 53 0.055556
84 53 0.055556
87 53 0.055556
96 53 0.055556
104 53 0.055556
5 58 0.090909
10 58 0.090909
11 58 0.090909
31 58 0.090909
47 58 0.090909
54 58 0.090909
62 58 0.090909
73 58 0.090909
85 58 0.090909
103 58 0.090909
120 58 0.090909
5 60 0.052632
14 60 0.052632
20 60 0.052632
21 60 0.052632
29 60 0.052632
35 60 0.052632
36 60 0.052632
38 60 0.052632
39 60 0.052632
45 60 0.052632
47 60 0.052632
54 60 0.052632
70 60 0.052632
73 60 0.052632
79 60 0.052632
80 60 0.052632
86 60 0.052632
101 60 0.052632
112 60 0.052632
5 74 0.076923
15 74 0.076923
31 74 0.076923
43 74 0.076923
62 74 0.076923
66 74 0.076923
67 74 0.076923
73 74 0.076923
80 74 0.076923
82 74 0.076923
95 74 0.076923
112 74 0.076923
117 74 0.076923
5 111 0.058824
7 111 0.058824
14 111 0.058824
20 111 0.058824
38 111 0.058824
44 111 0.058824
47 111 0.058824
52 111 0.058824
57 111 0.058824
71 111 0.058824
80 111 0.058824
89 111 0.058824
109 111 0.058824
110 111 0.058824
112 111 0.058824
115 111 0.058824
119 111 0.058824
6 17 0.055556
9 17 0.055556
13 17 0.055556
16 17 0.055556
28 17 0.055556
35 17 0.055556
36 17 0.055556
37 17 0.055556
38 17 0.055556
40 17 0.055556
56 17 0.055556
61 17 0.055556
70 17 0.055556
72 17 0.055556
79 17 0.055556
88 17 0.055556
101 17 0.055556
105 17 0.055556
6 21 0.076923
20 21 0.076923
42 21 0.076923
53 21 0.076923
60 21 0.076923
75 21 0.076923
82 21 0.076923
84 21 0.076923
88 21 0.076923
91 21 0.076923
96 21 0.076923
104 21 0.076923
108 21 0.076923
6 23 0.05
11 23 0.05
14 23 0.05
15 23 0.05
25 23 0.05
27 23 0.05
37 23 0.05
45 23 0.05
46 23 0.05
62 23 0.05
66 23 0.05
67 23 0.05
75 23 0.05
80 23 0.05
82 23 0.05
83 23 0.05
107 23 0.05
109 23 0.05
117 23 0.05
119 23 0.05
6 33 0.047619
10 33 0.047619
38 33 0.047619
50 33 0.047619
52 33 0.047619
63 33 0.047619
66 33 0.047619
69 33 0.047619
72 33 0.047619
76 33 0.047619
77 33 0.047619
78 33 0.047619
84 33 0.047619
91 33 0.047619
92 33 0.047619
93 33 0.047619
95 33 0.047619
102 33 0.047619
103 33 0.047619
107 33 0.047619
119 33 0.047619
6 40 0.058824
14 40 0.058824
17 40 0.058824
28 40 0.058824
31 40 0.058824
36 40 0.058824
42 40 0.058824
72 40 0.058824
79 40 0.058824
91 40 0.058824
93 40 0.058824
98 40 0.058824
99 40 0.058824
106 40 0.058824
107 40 0.058824
118 40 0.058824
119 40 0.058824
6 41 0.071429
35 41 0.071429
38 41 0.071429
49 41 0.071429
63 41 0.071429
72 41 0.071429
76 41 0.071429
88 41 0.071429
92 41 0.071429
100 41 0.071429
110 41 0.071429
114 41 0.071429
117 41 0.071429
119 41 0.071429
6 113 0.071429
9 113 0.071429
13 113 0.071429
24 113 0.071429
27 113 0.071429
30 113 0.071429
31 113 0.071429
38 113 0.071429
80 113 0.071429
81 113 0.071429
82 113 0.071429
94 113 0.071429
96 113 0.071429
107 113 0.071429
6 119 0.045455
8 119 0.045455
10 119 0.045455
18 119 0.045455
23 119 0.045455
33 119 0.045455
34 119 0.045455
37 119 0.045455
40 119 0.045455
41 119 0.045455
52 119 0.045455
59 119 0.045455
75 119 0.045455
88 119 0.045455
92 119 0.045455
96 119 0.045455
101 119 0.045455
103 119 0.045455
111 119 0.045455
115 119 0.045455
116 119 0.045455
118 119 0.045455
7 10 0.05
9 10 0.05
12 10 0.05
13 10 0.05
14 10 0.05
29 10 0.05
31 10 0.05
33 10 0.05
50 10 0.05
58 10 0.05
59 10 0.05
64 10 0.05
67 10 0.05
72 10 0.05
79 10 0.05
82 10 0.05
112 10 0.05
114 10 0.05
118 10 0.05
119 10 0.05
7 51 0.0625
38 51 0.0625
61 51 0.0625
65 51 0.0625
68 51 0.0625
71 51 0.0625
75 51 0.0625
81 51 0.0625
84 51 0.0625
90 51 0.0625
92 51 0.0625
95 51 0.0625
97 51 0.0625
106 51 0.0625
110 51 0.0625
115 51 0.0625
7 68 0.066667
29 68 0.066667
39 68 0.066667
48 68 0.066667
51 68 0.066667
54 68 0.066667
56 68 0.066667
70 68 0.066667
72 68 0.066667
75 68 0.066667
82 68 0.066667
90 68 0.066667
107 68 0.066667
115 68 0.066667
116 68 0.066667
7 97 0.090909
22 97 0.090909
25 97 0.090909
31 97 0.090909
45 97 0.090909
51 97 0.090909
64 97 0.090909
66 97 0.090909
73 97 0.090909
88 97 0.090909
94 97 0.090909
7 118 0.0625
10 118 0.0625
13 118 0.0625
24 118 0.0625
25 118 0.0625
40 118 0.0625
55 118 0.0625
64 118 0.0625
78 118 0.0625
87 118 0.0625
93 118 0.0625
98 118 0.0625
100 118 0.0625
104 118 0.0625
116 118 0.0625
119 118 0.0625
8 16 0.052632
13 16 0.052632
17 16 0.052632
22 16 0.052632
32 16 0.052632
34 16 0.052632
36 16 0.052632
46 16 0.052632
47 16 0.052632
49 16 0.052632
53 16 0.052632
59 16 0.052632
72 16 0.052632
75 16 0.052632
80 16 0.052632
81 16 0.052632
84 16 0.052632
101 16 0.052632
105 16 0.052632
8 28 0.0625
15 28 0.0625
17 28 0.0625
34 28 0.0625
40 28 0.0625
42 28 0.0625
54 28 0.0625
59 28 0.0625
81 28 0.0625
82 28 0.0625
84 28 0.0625
92 28 0.0625
101 28 0.0625
103 28 0.0625
107 28 0.0625
117 28 0.0625
8 30 0.0625
12 30 0.0625
15 30 0.0625
19 30 0.0625
39 30 0.0625
65 30 0.0625
70 30 0.0625
76 30 0.0625
77 30 0.0625
82 30 0.0625
87 30 0.0625
95 30 0.0625
96 30 0.0625
112 30 0.0625
113 30 0.0625
114 30 0.0625
8 52 0.055556
13 52 0.055556
19 52 0.055556
22 52 0.055556
24 52 0.055556
33 52 0.055556
36 52 0.055556
64 52 0.055556
72 52 0.055556
80 52 0.055556
81 52 0.055556
88 52 0.055556
94 52 0.055556
96 52 0.055556
104 52 0.055556
111 52 0.055556
115 52 0.055556
119 52 0.055556
8 63 0.052632
12 63 0.052632
18 63 0.052632
25 63 0.052632
32 63 0.052632
33 63 0.052632
34 63 0.052632
41 63 0.052632
45 63 0.052632
48 63 0.052632
71 63 0.052632
77 63 0.052632
81 63 0.052632
88 63 0.052632
95 63 0.052632
96 63 0.052632
99 63 0.052632
107 63 0.052632
112 63 0.052632
8 84 0.066667
14 84 0.066667
16 84 0.066667
20 84 0.066667
21 84 0.066667
26 84 0.066667
27 84 0.066667
28 84 0.066667
33 84 0.066667
51 84 0.066667
53 84 0.066667
54 84 0.066667
62 84 0.066667
70 84 0.066667
73 84 0.066667
8 99 0.055556
13 99 0.055556
15 99 0.055556
27 99 0.055556
38 99 0.055556
39 99 0.055556
40 99 0.055556
46 99 0.055556
47 99 0.055556
49 99 0.055556
62 99 0.055556
63 99 0.055556
71 99 0.055556
72 99 0.055556
77 99 0.055556
78 99 0.055556
86 99 0.055556
115 99 0.055556
8 100 0.071429
13 100 0.071429
36 100 0.071429
41 100 0.071429
42 100 0.071429
47 100 0.071429
48 100 0.071429
66 100 0.071429
76 100 0.071429
82 100 0.071429
110 100 0.071429
112 100 0.071429
114 100 0.071429
118 100 0.071429
8 117 0.052632
23 117 0.052632
26 117 0.052632
28 117 0.052632
34 117 0.052632
41 117 0.052632
49 117 0.052632
54 117 0.052632
57 117 0.052632
61 117 0.052632
62 117 0.052632
74 117 0.052632
76 117 0.052632
77 117 0.052632
82 117 0.052632
92 117 0.052632
101 117 0.052632
115 117 0.052632
116 117 0.052632
9 54 0.047619
15 54 0.047619
20 54 0.047619
26 54 0.047619
28 54 0.047619
35 54 0.047619
36 54 0.047619
42 54 0.047619
57 54 0.047619
58 54 0.047619
60 54 0.047619
68 54 0.047619
70 54 0.047619
73 54 0.047619
75 54 0.047619
76 54 0.047619
84 54 0.047619
91 54 0.047619
103 54 0.047619
104 54 0.047619
117 54 0.047619
9 57 0.066667
18 57 0.066667
20 57 0.066667
31 57 0.066667
37 57 0.066667
54 57 0.066667
55 57 0.066667
65 57 0.066667
66 57 0.066667
72 57 0.066667
88 57 0.066667
92 57 0.066667
94 57 0.066667
111 57 0.066667
117 57 0.066667
9 59 0.052632
10 59 0.052632
14 59 0.052632
16 59 0.052632
26 59 0.052632
28 59 0.052632
34 59 0.052632
39 59 0.052632
45 59 0.052632
46 59 0.052632
47 59 0.052632
53 59 0.052632
67 59 0.052632
69 59 0.052632
82 59 0.052632
89 59 0.052632
98 59 0.052632
101 59 0.052632
119 59 0.052632
9 64 0.076923
10 64 0.076923
18 64 0.076923
20 64 0.076923
44 64 0.076923
52 64 0.076923
53 64 0.076923
70 64 0.076923
71 64 0.076923
88 64 0.076923
97 64 0.076923
98 64 0.076923
118 64 0.076923
9 108 0.076923
21 108 0.076923
26 108 0.076923
38 108 0.076923
46 108 0.076923
49 108 0.076923
50 108 0.076923
61 108 0.076923
80 108 0.076923
86 108 0.076923
105 108 0.076923
109 108 0.076923
110 108 0.076923
10 13 0.05
16 13 0.05
17 13 0.05
29 13 0.05
31 13 0.05
32 13 0.05
38 13 0.05
48 13 0.05
52 13 0.05
65 13 0.05
69 13 0.05
83 13 0.05
92 13 0.05
93 13 0.05
94 13 0.05
99 13 0.05
100 13 0.05
109 13 0.05
113 13 0.05
118 13 0.05
10 14 0.037037
11 14 0.037037
19 14 0.037037
23 14 0.037037
29 14 0.037037
36 14 0.037037
40 14 0.037037
43 14 0.037037
44 14 0.037037
59 14 0.037037
60 14 0.037037
61 14 0.037037
65 14 0.037037
69 14 0.037037
77 14 0.037037
79 14 0.037037
81 14 0.037037
84 14 0.037037
87 14 0.037037
89 14 0.037037
96 14 0.037037
102 14 0.037037
104 14 0.037037
107 14 0.037037
109 14 0.037037
111 14 0.037037
112 14 0.037037
10 72 0.043478
16 72 0.043478
17 72 0.043478
20 72 0.043478
31 72 0.043478
33 72 0.043478
34 72 0.043478
39 72 0.043478
40 72 0.043478
41 72 0.043478
43 72 0.043478
47 72 0.043478
52 72 0.043478
57 72 0.043478
61 72 0.043478
67 72 0.043478
68 72 0.043478
92 72 0.043478
94 72 0.043478
99 72 0.043478
101 72 0.043478
103 72 0.043478
106 72 0.043478
10 79 0.052632
11 79 0.052632
14 79 0.052632
15 79 0.052632
17 79 0.052632
18 79 0.052632
20 79 0.052632
27 79 0.052632
37 79 0.052632
40 79 0.052632
60 79 0.052632
61 79 0.052632
70 79 0.052632
88 79 0.052632
89 79 0.052632
104 79 0.052632
106 79 0.052632
109 79 0.052632
112 79 0.052632
10 82 0.047619
21 82 0.047619
23 82 0.047619
25 82 0.047619
28 82 0.047619
30 82 0.047619
31 82 0.047619
43 82 0.047619
46 82 0.047619
59 82 0.047619
68 82 0.047619
69 82 0.047619
74 82 0.047619
77 82 0.047619
88 82 0.047619
93 82 0.047619
96 82 0.047619
100 82 0.047619
110 82 0.047619
113 82 0.047619
117 82 0.047619
10 114 0.058824
30 114 0.058824
31 114 0.058824
41 114 0.058824
47 114 0.058824
69 114 0.058824
70 114 0.058824
71 114 0.058824
78 114 0.058824
87 114 0.058824
88 114 0.058824
89 114 0.058824
98 114 0.058824
100 114 0.058824
105 114 0.058824
109 114 0.058824
115 114 0.058824
11 43 0.058824
14 43 0.058824
31 43 0.058824
42 43 0.058824
65 43 0.058824
70 43 0.058824
72 43 0.058824
74 43 0.058824
80 43 0.058824
82 43 0.058824
87 43 0.058824
91 43 0.058824
96 43 0.058824
101 43 0.058824
102 43 0.058824
112 43 0.058824
116 43 0.058824
11 46 0.0625
12 46 0.0625
16 46 0.0625
23 46 0.0625
31 46 0.0625
49 46 0.0625
55 46 0.0625
59 46 0.0625
61 46 0.0625
65 46 0.0625
76 46 0.0625
82 46 0.0625
91 46 0.0625
94 46 0.0625
99 46 0.0625
108 46 0.0625
11 91 0.066667
18 91 0.066667
19 91 0.066667
21 91 0.066667
33 91 0.066667
35 91 0.066667
38 91 0.066667
40 91 0.066667
43 91 0.066667
46 91 0.066667
54 91 0.066667
71 91 0.066667
73 91 0.066667
75 91 0.066667
104 91 0.066667
12 75 0.0625
16 75 0.0625
21 75 0.0625
23 75 0.0625
36 75 0.0625
51 75 0.0625
54 75 0.0625
65 75 0.0625
68 75 0.0625
71 75 0.0625
80 75 0.0625
87 75 0.0625
91 75 0.0625
94 75 0.0625
107 75 0.0625
119 75 0.0625
12 101 0.066667
16 101 0.066667
17 101 0.066667
28 101 0.066667
29 101 0.066667
36 101 0.066667
43 101 0.066667
59 101 0.066667
60 101 0.066667
72 101 0.066667
88 101 0.066667
90 101 0.066667
107 101 0.066667
117 101 0.066667
119 101 0.066667
13 48 0.111111
19 48 0.111111
50 48 0.111111
53 48 0.111111
63 48 0.111111
68 48 0.111111
78 48 0.111111
100 48 0.111111
106 48 0.111111
13 65 0.052632
14 65 0.052632
18 65 0.052632
20 65 0.052632
22 65 0.052632
25 65 0.052632
30 65 0.052632
31 65 0.052632
43 65 0.052632
46 65 0.052632
51 65 0.052632
55 65 0.052632
57 65 0.052632
75 65 0.052632
81 65 0.052632
83 65 0.052632
105 65 0.052632
107 65 0.052632
116 65 0.052632
13 69 0.090909
14 69 0.090909
25 69 0.090909
29 69 0.090909
33 69 0.090909
38 69 0.090909
59 69 0.090909
82 69 0.090909
83 69 0.090909
114 69 0.090909
116 69 0.090909
13 92 0.05
20 92 0.05
27 92 0.05
28 92 0.05
33 92 0.05
38 92 0.05
41 92 0.05
44 92 0.05
45 92 0.05
49 92 0.05
51 92 0.05
57 92 0.05
72 92 0.05
78 92 0.05
80 92 0.05
103 92 0.05
104 92 0.05
110 92 0.05
117 92 0.05
119 92 0.05
13 93 0.1
15 93 0.1
18 93 0.1
27 93 0.1
33 93 0.1
40 93 0.1
44 93 0.1
82 93 0.1
86 93 0.1
118 93 0.1
14 87 0.058824
18 87 0.058824
27 87 0.058824
29 87 0.058824
30 87 0.058824
39 87 0.058824
43 87 0.058824
53 87 0.058824
61 87 0.058824
75 87 0.058824
76 87 0.058824
81 87 0.058824
88 87 0.058824
95 87 0.058824
102 87 0.058824
114 87 0.058824
118 87 0.058824
15 85 0.111111
20 85 0.111111
37 85 0.111111
47 85 0.111111
58 85 0.111111
66 85 0.111111
80 85 0.111111
103 85 0.111111
107 85 0.111111
18 116 0.071429
39 116 0.071429
42 116 0.071429
43 116 0.071429
55 116 0.071429
65 116 0.071429
68 116 0.071429
69 116 0.071429
73 116 0.071429
77 116 0.071429
78 116 0.071429
117 116 0.071429
118 116 0.071429
119 116 0.071429
19 66 0.071429
23 66 0.071429
33 66 0.071429
39 66 0.071429
57 66 0.071429
62 66 0.071429
71 66 0.071429
74 66 0.071429
85 66 0.071429
86 66 0.071429
96 66 0.071429
97 66 0.071429
100 66 0.071429
107 66 0.071429
22 26 0.071429
25 26 0.071429
31 26 0.071429
34 26 0.071429
37 26 0.071429
42 26 0.071429
54 26 0.071429
59 26 0.071429
70 26 0.071429
81 26 0.071429
84 26 0.071429
107 26 0.071429
108 26 0.071429
117 26 0.071429
23 45 0.052632
25 45 0.052632
35 45 0.052632
44 45 0.052632
50 45 0.052632
53 45 0.052632
55 45 0.052632
59 45 0.052632
60 45 0.052632
63 45 0.052632
71 45 0.052632
76 45 0.052632
89 45 0.052632
92 45 0.052632
97 45 0.052632
102 45 0.052632
104 45 0.052632
112 45 0.052632
115 45 0.052632
18 0 0.071429
20 0 0.071429
22 0 0.071429
37 0 0.071429
39 0 0.071429
70 0 0.071429
73 0 0.071429
76 0 0.071429
77 0 0.071429
78 0 0.071429
103 0 0.071429
106 0 0.071429
112 0 0.071429
120 0 0.071429
4 1 0.058824
18 1 0.058824
19 1 0.058824
29 1 0.058824
32 1 0.058824
35 1 0.058824
47 1 0.058824
55 1 0.058824
77 1 0.058824
86 1 0.058824
88 1 0.058824
90 1 0.058824
96 1 0.058824
102 1 0.058824
105 1 0.058824
109 1 0.058824
110 1 0.058824
36 2 0.090909
44 2 0.090909
56 2 0.090909
62 2 0.090909
67 2 0.090909
80 2 0.090909
81 2 0.090909
89 2 0.090909
94 2 0.090909
98 2 0.090909
107 2 0.090909
24 3 0.066667
34 3 0.066667
38 3 0.066667
42 3 0.066667
49 3 0.066667
50 3 0.066667
56 3 0.066667
61 3 0.066667
62 3 0.066667
70 3 0.066667
71 3 0.066667
73 3 0.066667
77 3 0.066667
86 3 0.066667
95 3 0.066667
8 5 0.058824
12 5 0.058824
20 5 0.058824
27 5 0.058824
31 5 0.058824
34 5 0.058824
49 5 0.058824
53 5 0.058824
56 5 0.058824
58 5 0.058824
60 5 0.058824
74 5 0.058824
76 5 0.058824
80 5 0.058824
104 5 0.058824
111 5 0.058824
120 5 0.058824
8 6 0.0625
17 6 0.0625
21 6 0.0625
23 6 0.0625
33 6 0.0625
36 6 0.0625
38 6 0.0625
40 6 0.0625
41 6 0.0625
42 6 0.0625
50 6 0.0625
80 6 0.0625
83 6 0.0625
106 6 0.0625
113 6 0.0625
119 6 0.0625
10 7 0.058824
35 7 0.058824
36 7 0.058824
38 7 0.058824
47 7 0.058824
51 7 0.058824
68 7 0.058824
71 7 0.058824
73 7 0.058824
76 7 0.058824
94 7 0.058824
97 7 0.058824
107 7 0.058824
111 7 0.058824
112 7 0.058824
115 7 0.058824
118 7 0.058824
10 9 0.071429
17 9 0.071429
24 9 0.071429
25 9 0.071429
35 9 0.071429
54 9 0.071429
57 9 0.071429
59 9 0.071429
62 9 0.071429
64 9 0.071429
71 9 0.071429
108 9 0.071429
113 9 0.071429
120 9 0.071429
14 11 0.0625
20 11 0.0625
23 11 0.0625
34 11 0.0625
43 11 0.0625
46 11 0.0625
47 11 0.0625
58 11 0.0625
71 11 0.0625
79 11 0.0625
83 11 0.0625
91 11 0.0625
95 11 0.0625
96 11 0.0625
98 11 0.0625
107 11 0.0625
18 15 0.058824
23 15 0.058824
27 15 0.058824
28 15 0.058824
30 15 0.058824
34 15 0.058824
54 15 0.058824
71 15 0.058824
74 15 0.058824
79 15 0.058824
80 15 0.058824
85 15 0.058824
86 15 0.058824
93 15 0.058824
99 15 0.058824
104 15 0.058824
105 15 0.058824
