0 1 0.111111
2 1 0.111111
3 1 0.111111
177 1 0.111111
4 1 0.111111
176 1 0.111111
5 1 0.111111
175 1 0.111111
82 1 0.111111
0 177 0.125
1 177 0.125
2 177 0.125
3 177 0.125
173 177 0.125
174 177 0.125
175 177 0.125
176 177 0.125
0 2 0.125
1 2 0.125
3 2 0.125
4 2 0.125
5 2 0.125
177 2 0.125
176 2 0.125
154 2 0.125
0 176 0.125
1 176 0.125
2 176 0.125
172 176 0.125
173 176 0.125
174 176 0.125
175 176 0.125
177 176 0.125
0 3 0.111111
1 3 0.111111
2 3 0.111111
4 3 0.111111
5 3 0.111111
6 3 0.111111
7 3 0.111111
177 3 0.111111
118 3 0.111111
0 175 0.090909
1 175 0.090909
14 175 0.090909
117 175 0.090909
127 175 0.090909
171 175 0.090909
172 175 0.090909
173 175 0.090909
174 175 0.090909
176 175 0.090909
177 175 0.090909
0 4 0.111111
1 4 0.111111
2 4 0.111111
3 4 0.111111
6 4 0.111111
7 4 0.111111
8 4 0.111111
95 4 0.111111
51 4 0.111111
0 174 0.125
170 174 0.125
171 174 0.125
172 174 0.125
173 174 0.125
175 174 0.125
176 174 0.125
177 174 0.125
0 95 0.1
4 95 0.1
91 95 0.1
92 95 0.1
93 95 0.1
94 95 0.1
96 95 0.1
98 95 0.1
99 95 0.1
123 95 0.1
1 5 0.142857
2 5 0.142857
3 5 0.142857
6 5 0.142857
7 5 0.142857
8 5 0.142857
9 5 0.142857
1 82 0.125
36 82 0.125
78 82 0.125
79 82 0.125
80 82 0.125
83 82 0.125
85 82 0.125
86 82 0.125
2 154 0.1
117 154 0.1
150 154 0.1
151 154 0.1
152 154 0.1
153 154 0.1
155 154 0.1
156 154 0.1
157 154 0.1
158 154 0.1
3 6 0.111111
4 6 0.111111
5 6 0.111111
7 6 0.111111
8 6 0.111111
10 6 0.111111
48 6 0.111111
97 6 0.111111
127 6 0.111111
3 7 0.125
4 7 0.125
5 7 0.125
6 7 0.125
8 7 0.125
9 7 0.125
10 7 0.125
11 7 0.125
3 118 0.166667
114 118 0.166667
116 118 0.166667
119 118 0.166667
120 118 0.166667
122 118 0.166667
4 8 0.125
5 8 0.125
6 8 0.125
7 8 0.125
9 8 0.125
10 8 0.125
11 8 0.125
12 8 0.125
4 51 0.142857
47 51 0.142857
48 51 0.142857
49 51 0.142857
52 51 0.142857
53 51 0.142857
55 51 0.142857
5 9 0.142857
7 9 0.142857
8 9 0.142857
11 9 0.142857
140 9 0.142857
131 9 0.142857
167 9 0.142857
6 10 0.142857
7 10 0.142857
8 10 0.142857
11 10 0.142857
12 10 0.142857
13 10 0.142857
14 10 0.142857
6 48 0.111111
44 48 0.111111
45 48 0.111111
46 48 0.111111
47 48 0.111111
49 48 0.111111
50 48 0.111111
51 48 0.111111
52 48 0.111111
6 97 0.2
94 97 0.2
98 97 0.2
99 97 0.2
101 97 0.2
6 127 0.125
120 127 0.125
123 127 0.125
124 127 0.125
125 127 0.125
126 127 0.125
128 127 0.125
175 127 0.125
7 11 0.111111
8 11 0.111111
9 11 0.111111
10 11 0.111111
12 11 0.111111
13 11 0.111111
14 11 0.111111
15 11 0.111111
81 11 0.111111
8 12 0.142857
10 12 0.142857
11 12 0.142857
13 12 0.142857
14 12 0.142857
15 12 0.142857
16 12 0.142857
9 140 0.125
136 140 0.125
137 140 0.125
139 140 0.125
141 140 0.125
142 140 0.125
144 140 0.125
145 140 0.125
9 131 0.111111
59 131 0.111111
128 131 0.111111
129 131 0.111111
130 131 0.111111
132 131 0.111111
133 131 0.111111
134 131 0.111111
135 131 0.111111
9 167 0.090909
60 167 0.090909
93 167 0.090909
163 167 0.090909
164 167 0.090909
165 167 0.090909
166 167 0.090909
168 167 0.090909
169 167 0.090909
170 167 0.090909
171 167 0.090909
10 13 0.142857
11 13 0.142857
12 13 0.142857
14 13 0.142857
15 13 0.142857
16 13 0.142857
17 13 0.142857
10 14 0.125
11 14 0.125
12 14 0.125
13 14 0.125
15 14 0.125
16 14 0.125
17 14 0.125
175 14 0.125
11 15 0.125
12 15 0.125
13 15 0.125
14 15 0.125
16 15 0.125
17 15 0.125
19 15 0.125
84 15 0.125
11 81 0.111111
38 81 0.111111
77 81 0.111111
78 81 0.111111
79 81 0.111111
80 81 0.111111
83 81 0.111111
84 81 0.111111
85 81 0.111111
12 16 0.125
13 16 0.125
14 16 0.125
15 16 0.125
17 16 0.125
18 16 0.125
19 16 0.125
20 16 0.125
13 17 0.111111
14 17 0.111111
15 17 0.111111
16 17 0.111111
19 17 0.111111
20 17 0.111111
21 17 0.111111
121 17 0.111111
36 17 0.111111
15 19 0.125
16 19 0.125
17 19 0.125
18 19 0.125
20 19 0.125
21 19 0.125
22 19 0.125
23 19 0.125
15 84 0.142857
81 84 0.142857
83 84 0.142857
85 84 0.142857
86 84 0.142857
87 84 0.142857
171 84 0.142857
16 18 0.2
19 18 0.2
20 18 0.2
21 18 0.2
22 18 0.2
16 20 0.111111
17 20 0.111111
18 20 0.111111
19 20 0.111111
22 20 0.111111
23 20 0.111111
24 20 0.111111
60 20 0.111111
57 20 0.111111
17 21 0.142857
18 21 0.142857
19 21 0.142857
22 21 0.142857
23 21 0.142857
24 21 0.142857
25 21 0.142857
17 121 0.125
88 121 0.125
117 121 0.125
119 121 0.125
120 121 0.125
122 121 0.125
123 121 0.125
124 121 0.125
17 36 0.125
32 36 0.125
33 36 0.125
34 36 0.125
35 36 0.125
38 36 0.125
39 36 0.125
82 36 0.125
18 22 0.125
19 22 0.125
20 22 0.125
21 22 0.125
23 22 0.125
24 22 0.125
25 22 0.125
26 22 0.125
19 23 0.125
20 23 0.125
21 23 0.125
22 23 0.125
24 23 0.125
25 23 0.125
26 23 0.125
27 23 0.125
20 24 0.111111
21 24 0.111111
22 24 0.111111
23 24 0.111111
25 24 0.111111
26 24 0.111111
27 24 0.111111
28 24 0.111111
119 24 0.111111
20 60 0.111111
56 60 0.111111
57 60 0.111111
58 60 0.111111
59 60 0.111111
62 60 0.111111
63 60 0.111111
64 60 0.111111
167 60 0.111111
20 57 0.111111
53 57 0.111111
54 57 0.111111
55 57 0.111111
56 57 0.111111
59 57 0.111111
60 57 0.111111
61 57 0.111111
123 57 0.111111
21 25 0.125
22 25 0.125
23 25 0.125
24 25 0.125
26 25 0.125
27 25 0.125
28 25 0.125
29 25 0.125
22 26 0.111111
23 26 0.111111
24 26 0.111111
25 26 0.111111
27 26 0.111111
28 26 0.111111
29 26 0.111111
30 26 0.111111
88 26 0.111111
23 27 0.125
24 27 0.125
25 27 0.125
26 27 0.125
28 27 0.125
29 27 0.125
30 27 0.125
31 27 0.125
24 28 0.111111
25 28 0.111111
26 28 0.111111
27 28 0.111111
29 28 0.111111
30 28 0.111111
31 28 0.111111
32 28 0.111111
58 28 0.111111
24 119 0.142857
115 119 0.142857
116 119 0.142857
118 119 0.142857
120 119 0.142857
121 119 0.142857
123 119 0.142857
25 29 0.125
26 29 0.125
27 29 0.125
28 29 0.125
30 29 0.125
31 29 0.125
32 29 0.125
33 29 0.125
26 30 0.111111
27 30 0.111111
28 30 0.111111
29 30 0.111111
31 30 0.111111
33 30 0.111111
34 30 0.111111
148 30 0.111111
99 30 0.111111
26 88 0.111111
85 88 0.111111
86 88 0.111111
87 88 0.111111
89 88 0.111111
90 88 0.111111
91 88 0.111111
152 88 0.111111
121 88 0.111111
27 31 0.125
28 31 0.125
29 31 0.125
30 31 0.125
33 31 0.125
34 31 0.125
35 31 0.125
58 31 0.125
28 32 0.166667
29 32 0.166667
33 32 0.166667
34 32 0.166667
35 32 0.166667
36 32 0.166667
28 58 0.125
31 58 0.125
54 58 0.125
55 58 0.125
56 58 0.125
60 58 0.125
61 58 0.125
62 58 0.125
29 33 0.125
30 33 0.125
31 33 0.125
32 33 0.125
34 33 0.125
35 33 0.125
36 33 0.125
37 33 0.125
30 34 0.125
31 34 0.125
32 34 0.125
33 34 0.125
35 34 0.125
36 34 0.125
37 34 0.125
79 34 0.125
30 148 0.1
144 148 0.1
145 148 0.1
146 148 0.1
147 148 0.1
149 148 0.1
150 148 0.1
151 148 0.1
152 148 0.1
168 148 0.1
30 99 0.125
95 99 0.125
96 99 0.125
97 99 0.125
98 99 0.125
100 99 0.125
101 99 0.125
103 99 0.125
31 35 0.125
32 35 0.125
33 35 0.125
34 35 0.125
36 35 0.125
37 35 0.125
38 35 0.125
61 35 0.125
33 37 0.142857
34 37 0.142857
35 37 0.142857
38 37 0.142857
39 37 0.142857
40 37 0.142857
41 37 0.142857
34 79 0.1
75 79 0.1
76 79 0.1
77 79 0.1
78 79 0.1
80 79 0.1
81 79 0.1
82 79 0.1
83 79 0.1
138 79 0.1
35 38 0.142857
36 38 0.142857
37 38 0.142857
39 38 0.142857
40 38 0.142857
42 38 0.142857
81 38 0.142857
35 61 0.125
57 61 0.125
58 61 0.125
59 61 0.125
62 61 0.125
63 61 0.125
64 61 0.125
65 61 0.125
36 39 0.142857
37 39 0.142857
38 39 0.142857
40 39 0.142857
41 39 0.142857
42 39 0.142857
43 39 0.142857
37 40 0.142857
38 40 0.142857
39 40 0.142857
41 40 0.142857
42 40 0.142857
43 40 0.142857
44 40 0.142857
37 41 0.142857
39 41 0.142857
40 41 0.142857
42 41 0.142857
43 41 0.142857
44 41 0.142857
45 41 0.142857
38 42 0.125
39 42 0.125
40 42 0.125
41 42 0.125
43 42 0.125
44 42 0.125
45 42 0.125
46 42 0.125
39 43 0.125
40 43 0.125
41 43 0.125
42 43 0.125
45 43 0.125
46 43 0.125
47 43 0.125
145 43 0.125
40 44 0.111111
41 44 0.111111
42 44 0.111111
45 44 0.111111
46 44 0.111111
47 44 0.111111
48 44 0.111111
76 44 0.111111
66 44 0.111111
41 45 0.125
42 45 0.125
43 45 0.125
44 45 0.125
46 45 0.125
47 45 0.125
48 45 0.125
49 45 0.125
42 46 0.125
43 46 0.125
44 46 0.125
45 46 0.125
47 46 0.125
48 46 0.125
49 46 0.125
50 46 0.125
43 47 0.111111
44 47 0.111111
45 47 0.111111
46 47 0.111111
48 47 0.111111
49 47 0.111111
50 47 0.111111
51 47 0.111111
169 47 0.111111
43 145 0.1
122 145 0.1
140 145 0.1
141 145 0.1
142 145 0.1
143 145 0.1
144 145 0.1
146 145 0.1
148 145 0.1
149 145 0.1
44 76 0.125
53 76 0.125
72 76 0.125
73 76 0.125
74 76 0.125
75 76 0.125
79 76 0.125
80 76 0.125
44 66 0.125
62 66 0.125
63 66 0.125
64 66 0.125
65 66 0.125
67 66 0.125
68 66 0.125
69 66 0.125
45 49 0.125
46 49 0.125
47 49 0.125
48 49 0.125
50 49 0.125
51 49 0.125
52 49 0.125
53 49 0.125
46 50 0.125
47 50 0.125
48 50 0.125
49 50 0.125
52 50 0.125
53 50 0.125
54 50 0.125
150 50 0.125
47 169 0.125
96 169 0.125
165 169 0.125
166 169 0.125
167 169 0.125
168 169 0.125
171 169 0.125
173 169 0.125
48 52 0.125
49 52 0.125
50 52 0.125
51 52 0.125
53 52 0.125
54 52 0.125
55 52 0.125
56 52 0.125
49 53 0.1
50 53 0.1
51 53 0.1
52 53 0.1
54 53 0.1
55 53 0.1
56 53 0.1
57 53 0.1
76 53 0.1
80 53 0.1
50 54 0.142857
52 54 0.142857
53 54 0.142857
55 54 0.142857
56 54 0.142857
57 54 0.142857
58 54 0.142857
50 150 0.111111
146 150 0.111111
147 150 0.111111
148 150 0.111111
149 150 0.111111
151 150 0.111111
152 150 0.111111
153 150 0.111111
154 150 0.111111
51 55 0.125
52 55 0.125
53 55 0.125
54 55 0.125
56 55 0.125
57 55 0.125
58 55 0.125
59 55 0.125
52 56 0.125
53 56 0.125
54 56 0.125
55 56 0.125
57 56 0.125
58 56 0.125
59 56 0.125
60 56 0.125
53 80 0.111111
76 80 0.111111
77 80 0.111111
78 80 0.111111
79 80 0.111111
81 80 0.111111
82 80 0.111111
83 80 0.111111
96 80 0.111111
55 59 0.125
56 59 0.125
57 59 0.125
60 59 0.125
61 59 0.125
131 59 0.125
109 59 0.125
160 59 0.125
57 123 0.125
95 123 0.125
119 123 0.125
120 123 0.125
121 123 0.125
122 123 0.125
126 123 0.125
127 123 0.125
58 62 0.142857
60 62 0.142857
61 62 0.142857
63 62 0.142857
64 62 0.142857
65 62 0.142857
66 62 0.142857
59 109 0.125
105 109 0.125
106 109 0.125
107 109 0.125
108 109 0.125
110 109 0.125
111 109 0.125
113 109 0.125
59 160 0.111111
156 160 0.111111
157 160 0.111111
158 160 0.111111
159 160 0.111111
161 160 0.111111
162 160 0.111111
163 160 0.111111
164 160 0.111111
60 63 0.125
61 63 0.125
62 63 0.125
64 63 0.125
65 63 0.125
66 63 0.125
67 63 0.125
142 63 0.125
60 64 0.125
61 64 0.125
62 64 0.125
63 64 0.125
65 64 0.125
66 64 0.125
67 64 0.125
68 64 0.125
61 65 0.125
62 65 0.125
63 65 0.125
64 65 0.125
66 65 0.125
67 65 0.125
68 65 0.125
69 65 0.125
63 67 0.111111
64 67 0.111111
65 67 0.111111
66 67 0.111111
68 67 0.111111
69 67 0.111111
70 67 0.111111
71 67 0.111111
83 67 0.111111
63 142 0.125
138 142 0.125
139 142 0.125
140 142 0.125
141 142 0.125
143 142 0.125
144 142 0.125
145 142 0.125
64 68 0.125
65 68 0.125
66 68 0.125
67 68 0.125
69 68 0.125
70 68 0.125
71 68 0.125
72 68 0.125
65 69 0.125
66 69 0.125
67 69 0.125
68 69 0.125
70 69 0.125
72 69 0.125
73 69 0.125
135 69 0.125
67 70 0.142857
68 70 0.142857
69 70 0.142857
71 70 0.142857
72 70 0.142857
73 70 0.142857
103 70 0.142857
67 71 0.142857
68 71 0.142857
70 71 0.142857
72 71 0.142857
73 71 0.142857
74 71 0.142857
75 71 0.142857
67 83 0.125
79 83 0.125
80 83 0.125
81 83 0.125
82 83 0.125
84 83 0.125
86 83 0.125
87 83 0.125
68 72 0.125
69 72 0.125
70 72 0.125
71 72 0.125
73 72 0.125
74 72 0.125
75 72 0.125
76 72 0.125
69 73 0.125
70 73 0.125
71 73 0.125
72 73 0.125
74 73 0.125
75 73 0.125
76 73 0.125
77 73 0.125
69 135 0.125
131 135 0.125
133 135 0.125
134 135 0.125
136 135 0.125
137 135 0.125
138 135 0.125
139 135 0.125
70 103 0.111111
99 103 0.111111
100 103 0.111111
101 103 0.111111
102 103 0.111111
105 103 0.111111
106 103 0.111111
155 103 0.111111
120 103 0.111111
71 74 0.142857
72 74 0.142857
73 74 0.142857
75 74 0.142857
76 74 0.142857
77 74 0.142857
78 74 0.142857
71 75 0.125
72 75 0.125
73 75 0.125
74 75 0.125
76 75 0.125
77 75 0.125
79 75 0.125
141 75 0.125
73 77 0.142857
74 77 0.142857
75 77 0.142857
78 77 0.142857
79 77 0.142857
80 77 0.142857
81 77 0.142857
74 78 0.166667
77 78 0.166667
79 78 0.166667
80 78 0.166667
81 78 0.166667
82 78 0.166667
75 141 0.111111
137 141 0.111111
138 141 0.111111
139 141 0.111111
140 141 0.111111
142 141 0.111111
143 141 0.111111
144 141 0.111111
145 141 0.111111
79 138 0.125
134 138 0.125
135 138 0.125
136 138 0.125
137 138 0.125
139 138 0.125
141 138 0.125
142 138 0.125
80 96 0.111111
85 96 0.111111
92 96 0.111111
93 96 0.111111
94 96 0.111111
95 96 0.111111
99 96 0.111111
100 96 0.111111
169 96 0.111111
81 85 0.125
82 85 0.125
84 85 0.125
86 85 0.125
87 85 0.125
88 85 0.125
89 85 0.125
96 85 0.125
82 86 0.125
83 86 0.125
84 86 0.125
85 86 0.125
87 86 0.125
88 86 0.125
89 86 0.125
90 86 0.125
83 87 0.125
84 87 0.125
85 87 0.125
86 87 0.125
88 87 0.125
89 87 0.125
90 87 0.125
91 87 0.125
84 171 0.125
167 171 0.125
169 171 0.125
170 171 0.125
172 171 0.125
173 171 0.125
174 171 0.125
175 171 0.125
85 89 0.125
86 89 0.125
87 89 0.125
88 89 0.125
90 89 0.125
91 89 0.125
92 89 0.125
93 89 0.125
86 90 0.125
87 90 0.125
88 90 0.125
89 90 0.125
91 90 0.125
92 90 0.125
93 90 0.125
94 90 0.125
87 91 0.111111
88 91 0.111111
89 91 0.111111
90 91 0.111111
92 91 0.111111
93 91 0.111111
94 91 0.111111
95 91 0.111111
132 91 0.111111
88 152 0.125
148 152 0.125
149 152 0.125
150 152 0.125
151 152 0.125
153 152 0.125
154 152 0.125
156 152 0.125
89 92 0.125
90 92 0.125
91 92 0.125
93 92 0.125
94 92 0.125
95 92 0.125
96 92 0.125
144 92 0.125
89 93 0.111111
90 93 0.111111
91 93 0.111111
92 93 0.111111
94 93 0.111111
95 93 0.111111
96 93 0.111111
115 93 0.111111
167 93 0.111111
90 94 0.125
91 94 0.125
92 94 0.125
93 94 0.125
95 94 0.125
96 94 0.125
97 94 0.125
146 94 0.125
91 132 0.125
128 132 0.125
129 132 0.125
130 132 0.125
131 132 0.125
133 132 0.125
134 132 0.125
136 132 0.125
92 144 0.125
140 144 0.125
141 144 0.125
142 144 0.125
143 144 0.125
145 144 0.125
146 144 0.125
148 144 0.125
93 115 0.125
111 115 0.125
112 115 0.125
113 115 0.125
114 115 0.125
116 115 0.125
117 115 0.125
119 115 0.125
94 146 0.125
143 146 0.125
144 146 0.125
145 146 0.125
147 146 0.125
148 146 0.125
149 146 0.125
150 146 0.125
95 98 0.166667
97 98 0.166667
99 98 0.166667
100 98 0.166667
101 98 0.166667
102 98 0.166667
96 100 0.125
98 100 0.125
99 100 0.125
101 100 0.125
102 100 0.125
103 100 0.125
104 100 0.125
165 100 0.125
97 101 0.125
98 101 0.125
99 101 0.125
100 101 0.125
102 101 0.125
103 101 0.125
104 101 0.125
105 101 0.125
98 102 0.142857
100 102 0.142857
101 102 0.142857
103 102 0.142857
104 102 0.142857
105 102 0.142857
106 102 0.142857
100 104 0.142857
101 104 0.142857
102 104 0.142857
105 104 0.142857
106 104 0.142857
107 104 0.142857
108 104 0.142857
100 165 0.125
161 165 0.125
162 165 0.125
163 165 0.125
164 165 0.125
166 165 0.125
167 165 0.125
169 165 0.125
101 105 0.125
102 105 0.125
103 105 0.125
104 105 0.125
106 105 0.125
107 105 0.125
108 105 0.125
109 105 0.125
102 106 0.125
103 106 0.125
104 106 0.125
105 106 0.125
107 106 0.125
108 106 0.125
109 106 0.125
110 106 0.125
103 155 0.125
151 155 0.125
153 155 0.125
154 155 0.125
156 155 0.125
157 155 0.125
158 155 0.125
159 155 0.125
103 120 0.1
116 120 0.1
117 120 0.1
118 120 0.1
119 120 0.1
121 120 0.1
122 120 0.1
123 120 0.1
124 120 0.1
127 120 0.1
104 107 0.142857
105 107 0.142857
106 107 0.142857
108 107 0.142857
109 107 0.142857
111 107 0.142857
166 107 0.142857
104 108 0.125
105 108 0.125
106 108 0.125
107 108 0.125
109 108 0.125
110 108 0.125
111 108 0.125
112 108 0.125
106 110 0.142857
108 110 0.142857
109 110 0.142857
111 110 0.142857
112 110 0.142857
113 110 0.142857
114 110 0.142857
107 111 0.125
108 111 0.125
109 111 0.125
110 111 0.125
112 111 0.125
113 111 0.125
114 111 0.125
115 111 0.125
107 166 0.111111
162 166 0.111111
163 166 0.111111
164 166 0.111111
165 166 0.111111
167 166 0.111111
168 166 0.111111
169 166 0.111111
170 166 0.111111
108 112 0.142857
110 112 0.142857
111 112 0.142857
113 112 0.142857
114 112 0.142857
115 112 0.142857
116 112 0.142857
109 113 0.125
110 113 0.125
111 113 0.125
112 113 0.125
114 113 0.125
115 113 0.125
116 113 0.125
117 113 0.125
110 114 0.125
111 114 0.125
112 114 0.125
113 114 0.125
115 114 0.125
116 114 0.125
117 114 0.125
118 114 0.125
112 116 0.125
113 116 0.125
114 116 0.125
115 116 0.125
117 116 0.125
118 116 0.125
119 116 0.125
120 116 0.125
113 117 0.125
114 117 0.125
115 117 0.125
116 117 0.125
120 117 0.125
121 117 0.125
175 117 0.125
154 117 0.125
118 122 0.125
120 122 0.125
121 122 0.125
123 122 0.125
124 122 0.125
125 122 0.125
126 122 0.125
145 122 0.125
120 124 0.142857
121 124 0.142857
122 124 0.142857
125 124 0.142857
126 124 0.142857
127 124 0.142857
163 124 0.142857
122 125 0.166667
124 125 0.166667
126 125 0.166667
127 125 0.166667
128 125 0.166667
129 125 0.166667
122 126 0.125
123 126 0.125
124 126 0.125
125 126 0.125
127 126 0.125
128 126 0.125
129 126 0.125
130 126 0.125
124 163 0.111111
159 163 0.111111
160 163 0.111111
161 163 0.111111
162 163 0.111111
164 163 0.111111
165 163 0.111111
166 163 0.111111
167 163 0.111111
125 128 0.142857
126 128 0.142857
127 128 0.142857
129 128 0.142857
130 128 0.142857
131 128 0.142857
132 128 0.142857
125 129 0.142857
126 129 0.142857
128 129 0.142857
130 129 0.142857
131 129 0.142857
132 129 0.142857
133 129 0.142857
126 130 0.142857
128 130 0.142857
129 130 0.142857
131 130 0.142857
132 130 0.142857
133 130 0.142857
134 130 0.142857
129 133 0.125
130 133 0.125
131 133 0.125
132 133 0.125
134 133 0.125
135 133 0.125
136 133 0.125
137 133 0.125
130 134 0.125
131 134 0.125
132 134 0.125
133 134 0.125
135 134 0.125
136 134 0.125
137 134 0.125
138 134 0.125
132 136 0.125
133 136 0.125
134 136 0.125
135 136 0.125
137 136 0.125
138 136 0.125
139 136 0.125
140 136 0.125
133 137 0.125
134 137 0.125
135 137 0.125
136 137 0.125
138 137 0.125
139 137 0.125
140 137 0.125
141 137 0.125
135 139 0.125
136 139 0.125
137 139 0.125
138 139 0.125
140 139 0.125
141 139 0.125
142 139 0.125
143 139 0.125
139 143 0.142857
141 143 0.142857
142 143 0.142857
144 143 0.142857
145 143 0.142857
146 143 0.142857
147 143 0.142857
143 147 0.166667
146 147 0.166667
148 147 0.166667
149 147 0.166667
150 147 0.166667
151 147 0.166667
145 149 0.125
146 149 0.125
147 149 0.125
148 149 0.125
150 149 0.125
151 149 0.125
152 149 0.125
153 149 0.125
147 151 0.125
148 151 0.125
149 151 0.125
150 151 0.125
152 151 0.125
153 151 0.125
154 151 0.125
155 151 0.125
148 168 0.142857
164 168 0.142857
166 168 0.142857
167 168 0.142857
169 168 0.142857
170 168 0.142857
172 168 0.142857
149 153 0.125
150 153 0.125
151 153 0.125
152 153 0.125
154 153 0.125
155 153 0.125
156 153 0.125
157 153 0.125
152 156 0.125
153 156 0.125
154 156 0.125
155 156 0.125
157 156 0.125
158 156 0.125
159 156 0.125
160 156 0.125
153 157 0.125
154 157 0.125
155 157 0.125
156 157 0.125
158 157 0.125
159 157 0.125
160 157 0.125
161 157 0.125
154 158 0.125
155 158 0.125
156 158 0.125
157 158 0.125
159 158 0.125
160 158 0.125
161 158 0.125
162 158 0.125
155 159 0.125
156 159 0.125
157 159 0.125
158 159 0.125
160 159 0.125
161 159 0.125
162 159 0.125
163 159 0.125
157 161 0.125
158 161 0.125
159 161 0.125
160 161 0.125
162 161 0.125
163 161 0.125
164 161 0.125
165 161 0.125
158 162 0.125
159 162 0.125
160 162 0.125
161 162 0.125
163 162 0.125
164 162 0.125
165 162 0.125
166 162 0.125
160 164 0.125
161 164 0.125
162 164 0.125
163 164 0.125
165 164 0.125
166 164 0.125
167 164 0.125
168 164 0.125
166 170 0.142857
167 170 0.142857
168 170 0.142857
171 170 0.142857
172 170 0.142857
173 170 0.142857
174 170 0.142857
168 172 0.142857
170 172 0.142857
171 172 0.142857
173 172 0.142857
174 172 0.142857
175 172 0.142857
176 172 0.142857
169 173 0.125
170 173 0.125
171 173 0.125
172 173 0.125
174 173 0.125
175 173 0.125
176 173 0.125
177 173 0.125
1 0 0.111111
177 0 0.111111
2 0 0.111111
176 0 0.111111
3 0 0.111111
175 0 0.111111
4 0 0.111111
174 0 0.111111
95 0 0.111111
