0 1 0.125
2 1 0.125
3 1 0.125
113 1 0.125
4 1 0.125
112 1 0.125
111 1 0.125
42 1 0.125
0 113 0.111111
1 113 0.111111
2 113 0.111111
3 113 0.111111
56 113 0.111111
109 113 0.111111
110 113 0.111111
111 113 0.111111
112 113 0.111111
0 2 0.142857
1 2 0.142857
3 2 0.142857
4 2 0.142857
5 2 0.142857
113 2 0.142857
6 2 0.142857
0 112 0.125
1 112 0.125
32 112 0.125
76 112 0.125
109 112 0.125
110 112 0.125
111 112 0.125
113 112 0.125
0 3 0.125
1 3 0.125
2 3 0.125
4 3 0.125
6 3 0.125
7 3 0.125
113 3 0.125
13 3 0.125
0 111 0.125
1 111 0.125
107 111 0.125
108 111 0.125
109 111 0.125
110 111 0.125
112 111 0.125
113 111 0.125
0 4 0.125
1 4 0.125
2 4 0.125
3 4 0.125
5 4 0.125
6 4 0.125
8 4 0.125
18 4 0.125
0 110 0.125
106 110 0.125
107 110 0.125
108 110 0.125
109 110 0.125
111 110 0.125
112 110 0.125
113 110 0.125
0 86 0.125
82 86 0.125
83 86 0.125
84 86 0.125
88 86 0.125
89 86 0.125
90 86 0.125
108 86 0.125
1 42 0.125
38 42 0.125
39 42 0.125
41 42 0.125
43 42 0.125
44 42 0.125
45 42 0.125
46 42 0.125
2 5 0.166667
4 5 0.166667
6 5 0.166667
7 5 0.166667
8 5 0.166667
9 5 0.166667
2 6 0.1
3 6 0.1
4 6 0.1
5 6 0.1
7 6 0.1
8 6 0.1
9 6 0.1
10 6 0.1
64 6 0.1
96 6 0.1
3 7 0.142857
5 7 0.142857
6 7 0.142857
8 7 0.142857
9 7 0.142857
11 7 0.142857
93 7 0.142857
3 13 0.142857
10 13 0.142857
12 13 0.142857
15 13 0.142857
16 13 0.142857
17 13 0.142857
25 13 0.142857
4 8 0.125
5 8 0.125
6 8 0.125
7 8 0.125
9 8 0.125
10 8 0.125
11 8 0.125
12 8 0.125
4 18 0.111111
14 18 0.111111
15 18 0.111111
16 18 0.111111
17 18 0.111111
19 18 0.111111
20 18 0.111111
21 18 0.111111
22 18 0.111111
5 9 0.125
6 9 0.125
7 9 0.125
8 9 0.125
10 9 0.125
90 9 0.125
106 9 0.125
97 9 0.125
6 10 0.125
8 10 0.125
9 10 0.125
11 10 0.125
12 10 0.125
13 10 0.125
14 10 0.125
88 10 0.125
6 64 0.125
16 64 0.125
60 64 0.125
61 64 0.125
62 64 0.125
63 64 0.125
67 64 0.125
68 64 0.125
6 96 0.142857
92 96 0.142857
93 96 0.142857
94 96 0.142857
97 96 0.142857
98 96 0.142857
99 96 0.142857
7 11 0.125
8 11 0.125
10 11 0.125
12 11 0.125
14 11 0.125
48 11 0.125
33 11 0.125
101 11 0.125
7 93 0.125
90 93 0.125
91 93 0.125
92 93 0.125
94 93 0.125
95 93 0.125
96 93 0.125
97 93 0.125
8 12 0.142857
10 12 0.142857
11 12 0.142857
13 12 0.142857
14 12 0.142857
15 12 0.142857
16 12 0.142857
9 90 0.125
86 90 0.125
87 90 0.125
89 90 0.125
91 90 0.125
92 90 0.125
93 90 0.125
94 90 0.125
9 106 0.125
102 106 0.125
103 106 0.125
105 106 0.125
107 106 0.125
108 106 0.125
109 106 0.125
110 106 0.125
9 97 0.111111
31 97 0.111111
93 97 0.111111
94 97 0.111111
95 97 0.111111
96 97 0.111111
98 97 0.111111
100 97 0.111111
101 97 0.111111
10 14 0.142857
11 14 0.142857
12 14 0.142857
15 14 0.142857
16 14 0.142857
18 14 0.142857
82 14 0.142857
10 88 0.125
84 88 0.125
85 88 0.125
86 88 0.125
87 88 0.125
89 88 0.125
91 88 0.125
92 88 0.125
11 48 0.111111
44 48 0.111111
46 48 0.111111
47 48 0.111111
49 48 0.111111
50 48 0.111111
51 48 0.111111
52 48 0.111111
73 48 0.111111
11 33 0.111111
29 33 0.111111
30 33 0.111111
31 33 0.111111
32 33 0.111111
34 33 0.111111
36 33 0.111111
37 33 0.111111
77 33 0.111111
11 101 0.111111
97 101 0.111111
98 101 0.111111
99 101 0.111111
100 101 0.111111
102 101 0.111111
103 101 0.111111
104 101 0.111111
105 101 0.111111
12 15 0.111111
13 15 0.111111
14 15 0.111111
16 15 0.111111
17 15 0.111111
18 15 0.111111
19 15 0.111111
104 15 0.111111
49 15 0.111111
12 16 0.1
13 16 0.1
14 16 0.1
15 16 0.1
18 16 0.1
19 16 0.1
20 16 0.1
23 16 0.1
70 16 0.1
64 16 0.1
13 17 0.142857
15 17 0.142857
18 17 0.142857
19 17 0.142857
20 17 0.142857
21 17 0.142857
63 17 0.142857
13 25 0.111111
21 25 0.111111
22 25 0.111111
23 25 0.111111
24 25 0.111111
26 25 0.111111
28 25 0.111111
29 25 0.111111
66 25 0.111111
14 82 0.111111
78 82 0.111111
79 82 0.111111
80 82 0.111111
81 82 0.111111
83 82 0.111111
84 82 0.111111
85 82 0.111111
86 82 0.111111
15 19 0.125
16 19 0.125
17 19 0.125
18 19 0.125
20 19 0.125
21 19 0.125
22 19 0.125
23 19 0.125
15 104 0.125
100 104 0.125
101 104 0.125
102 104 0.125
103 104 0.125
105 104 0.125
107 104 0.125
108 104 0.125
15 49 0.125
45 49 0.125
46 49 0.125
48 49 0.125
50 49 0.125
51 49 0.125
52 49 0.125
76 49 0.125
16 20 0.125
17 20 0.125
18 20 0.125
19 20 0.125
21 20 0.125
22 20 0.125
23 20 0.125
24 20 0.125
16 23 0.111111
19 23 0.111111
20 23 0.111111
21 23 0.111111
22 23 0.111111
24 23 0.111111
25 23 0.111111
26 23 0.111111
27 23 0.111111
16 70 0.142857
65 70 0.142857
66 70 0.142857
67 70 0.142857
68 70 0.142857
73 70 0.142857
74 70 0.142857
17 21 0.111111
18 21 0.111111
19 21 0.111111
20 21 0.111111
22 21 0.111111
23 21 0.111111
24 21 0.111111
25 21 0.111111
43 21 0.111111
17 63 0.111111
59 63 0.111111
60 63 0.111111
61 63 0.111111
62 63 0.111111
64 63 0.111111
65 63 0.111111
67 63 0.111111
98 63 0.111111
18 22 0.125
19 22 0.125
20 22 0.125
21 22 0.125
23 22 0.125
24 22 0.125
25 22 0.125
26 22 0.125
20 24 0.111111
21 24 0.111111
22 24 0.111111
23 24 0.111111
25 24 0.111111
26 24 0.111111
27 24 0.111111
28 24 0.111111
74 24 0.111111
21 43 0.125
40 43 0.125
41 43 0.125
42 43 0.125
44 43 0.125
45 43 0.125
47 43 0.125
51 43 0.125
22 26 0.125
23 26 0.125
24 26 0.125
25 26 0.125
28 26 0.125
29 26 0.125
30 26 0.125
47 26 0.125
23 27 0.142857
24 27 0.142857
28 27 0.142857
29 27 0.142857
30 27 0.142857
31 27 0.142857
69 27 0.142857
24 28 0.125
25 28 0.125
26 28 0.125
27 28 0.125
29 28 0.125
32 28 0.125
53 28 0.125
56 28 0.125
24 74 0.125
70 74 0.125
71 74 0.125
72 74 0.125
73 74 0.125
75 74 0.125
77 74 0.125
78 74 0.125
25 29 0.125
26 29 0.125
27 29 0.125
28 29 0.125
30 29 0.125
31 29 0.125
32 29 0.125
33 29 0.125
25 66 0.142857
62 66 0.142857
65 66 0.142857
67 66 0.142857
68 66 0.142857
69 66 0.142857
70 66 0.142857
26 30 0.125
27 30 0.125
29 30 0.125
31 30 0.125
32 30 0.125
33 30 0.125
100 30 0.125
89 30 0.125
26 47 0.125
43 47 0.125
44 47 0.125
45 47 0.125
48 47 0.125
50 47 0.125
51 47 0.125
56 47 0.125
27 31 0.111111
29 31 0.111111
30 31 0.111111
32 31 0.111111
33 31 0.111111
34 31 0.111111
35 31 0.111111
97 31 0.111111
94 31 0.111111
27 69 0.125
65 69 0.125
66 69 0.125
67 69 0.125
68 69 0.125
71 69 0.125
72 69 0.125
100 69 0.125
28 32 0.1
29 32 0.1
30 32 0.1
31 32 0.1
33 32 0.1
34 32 0.1
35 32 0.1
36 32 0.1
102 32 0.1
112 32 0.1
28 53 0.125
50 53 0.125
51 53 0.125
52 53 0.125
54 53 0.125
55 53 0.125
56 53 0.125
57 53 0.125
28 56 0.1
47 56 0.1
52 56 0.1
53 56 0.1
54 56 0.1
55 56 0.1
57 56 0.1
58 56 0.1
59 56 0.1
113 56 0.1
30 100 0.125
69 100 0.125
97 100 0.125
99 100 0.125
101 100 0.125
102 100 0.125
103 100 0.125
104 100 0.125
30 89 0.111111
34 89 0.111111
85 89 0.111111
86 89 0.111111
87 89 0.111111
88 89 0.111111
90 89 0.111111
91 89 0.111111
92 89 0.111111
31 34 0.142857
32 34 0.142857
33 34 0.142857
35 34 0.142857
36 34 0.142857
37 34 0.142857
89 34 0.142857
31 35 0.142857
32 35 0.142857
34 35 0.142857
36 35 0.142857
37 35 0.142857
38 35 0.142857
39 35 0.142857
31 94 0.111111
38 94 0.111111
90 94 0.111111
91 94 0.111111
92 94 0.111111
93 94 0.111111
95 94 0.111111
96 94 0.111111
97 94 0.111111
32 36 0.111111
33 36 0.111111
34 36 0.111111
35 36 0.111111
37 36 0.111111
38 36 0.111111
39 36 0.111111
40 36 0.111111
60 36 0.111111
32 102 0.125
98 102 0.125
99 102 0.125
100 102 0.125
101 102 0.125
103 102 0.125
104 102 0.125
106 102 0.125
33 37 0.125
34 37 0.125
35 37 0.125
36 37 0.125
38 37 0.125
39 37 0.125
40 37 0.125
41 37 0.125
33 77 0.125
73 77 0.125
74 77 0.125
75 77 0.125
76 77 0.125
78 77 0.125
80 77 0.125
81 77 0.125
35 38 0.125
36 38 0.125
37 38 0.125
40 38 0.125
41 38 0.125
42 38 0.125
94 38 0.125
45 38 0.125
35 39 0.142857
36 39 0.142857
37 39 0.142857
40 39 0.142857
41 39 0.142857
42 39 0.142857
68 39 0.142857
36 40 0.125
37 40 0.125
38 40 0.125
39 40 0.125
41 40 0.125
43 40 0.125
44 40 0.125
80 40 0.125
36 60 0.142857
57 60 0.142857
58 60 0.142857
59 60 0.142857
61 60 0.142857
63 60 0.142857
64 60 0.142857
37 41 0.111111
38 41 0.111111
39 41 0.111111
40 41 0.111111
42 41 0.111111
43 41 0.111111
44 41 0.111111
45 41 0.111111
75 41 0.111111
38 45 0.125
41 45 0.125
42 45 0.125
43 45 0.125
44 45 0.125
46 45 0.125
47 45 0.125
49 45 0.125
39 68 0.111111
64 68 0.111111
65 68 0.111111
66 68 0.111111
67 68 0.111111
69 68 0.111111
70 68 0.111111
71 68 0.111111
72 68 0.111111
40 44 0.125
41 44 0.125
42 44 0.125
43 44 0.125
45 44 0.125
46 44 0.125
47 44 0.125
48 44 0.125
40 80 0.125
77 80 0.125
78 80 0.125
79 80 0.125
81 80 0.125
82 80 0.125
83 80 0.125
84 80 0.125
41 75 0.142857
55 75 0.142857
71 75 0.142857
72 75 0.142857
74 75 0.142857
77 75 0.142857
79 75 0.142857
42 46 0.142857
44 46 0.142857
45 46 0.142857
48 46 0.142857
49 46 0.142857
50 46 0.142857
76 46 0.142857
43 51 0.125
47 51 0.125
48 51 0.125
49 51 0.125
50 51 0.125
53 51 0.125
54 51 0.125
55 51 0.125
46 50 0.125
47 50 0.125
48 50 0.125
49 50 0.125
51 50 0.125
52 50 0.125
53 50 0.125
54 50 0.125
46 76 0.142857
49 76 0.142857
72 76 0.142857
73 76 0.142857
77 76 0.142857
79 76 0.142857
112 76 0.142857
48 52 0.142857
49 52 0.142857
50 52 0.142857
53 52 0.142857
54 52 0.142857
55 52 0.142857
56 52 0.142857
48 73 0.142857
70 73 0.142857
71 73 0.142857
72 73 0.142857
74 73 0.142857
76 73 0.142857
77 73 0.142857
50 54 0.125
51 54 0.125
52 54 0.125
53 54 0.125
55 54 0.125
56 54 0.125
57 54 0.125
58 54 0.125
51 55 0.111111
52 55 0.111111
53 55 0.111111
54 55 0.111111
56 55 0.111111
57 55 0.111111
58 55 0.111111
59 55 0.111111
75 55 0.111111
53 57 0.125
54 57 0.125
55 57 0.125
56 57 0.125
58 57 0.125
59 57 0.125
60 57 0.125
61 57 0.125
54 58 0.111111
55 58 0.111111
56 58 0.111111
57 58 0.111111
59 58 0.111111
60 58 0.111111
61 58 0.111111
62 58 0.111111
99 58 0.111111
55 59 0.111111
56 59 0.111111
57 59 0.111111
58 59 0.111111
60 59 0.111111
61 59 0.111111
62 59 0.111111
63 59 0.111111
85 59 0.111111
57 61 0.125
58 61 0.125
59 61 0.125
60 61 0.125
62 61 0.125
63 61 0.125
64 61 0.125
65 61 0.125
58 62 0.142857
59 62 0.142857
61 62 0.142857
63 62 0.142857
64 62 0.142857
65 62 0.142857
66 62 0.142857
58 99 0.142857
95 99 0.142857
96 99 0.142857
98 99 0.142857
100 99 0.142857
101 99 0.142857
102 99 0.142857
59 85 0.125
81 85 0.125
82 85 0.125
83 85 0.125
84 85 0.125
87 85 0.125
88 85 0.125
89 85 0.125
61 65 0.125
62 65 0.125
63 65 0.125
66 65 0.125
67 65 0.125
68 65 0.125
69 65 0.125
70 65 0.125
63 67 0.125
64 67 0.125
65 67 0.125
66 67 0.125
68 67 0.125
69 67 0.125
70 67 0.125
71 67 0.125
63 98 0.142857
95 98 0.142857
96 98 0.142857
97 98 0.142857
99 98 0.142857
101 98 0.142857
102 98 0.142857
67 71 0.125
68 71 0.125
69 71 0.125
72 71 0.125
73 71 0.125
74 71 0.125
75 71 0.125
95 71 0.125
68 72 0.142857
69 72 0.142857
71 72 0.142857
73 72 0.142857
74 72 0.142857
75 72 0.142857
76 72 0.142857
71 95 0.125
91 95 0.125
92 95 0.125
93 95 0.125
94 95 0.125
97 95 0.125
98 95 0.125
99 95 0.125
74 78 0.142857
77 78 0.142857
79 78 0.142857
80 78 0.142857
81 78 0.142857
82 78 0.142857
83 78 0.142857
75 79 0.142857
76 79 0.142857
78 79 0.142857
80 79 0.142857
81 79 0.142857
82 79 0.142857
83 79 0.142857
77 81 0.125
78 81 0.125
79 81 0.125
80 81 0.125
82 81 0.125
83 81 0.125
84 81 0.125
85 81 0.125
78 83 0.125
79 83 0.125
80 83 0.125
81 83 0.125
82 83 0.125
85 83 0.125
86 83 0.125
87 83 0.125
80 84 0.142857
81 84 0.142857
82 84 0.142857
85 84 0.142857
86 84 0.142857
87 84 0.142857
88 84 0.142857
83 87 0.142857
84 87 0.142857
85 87 0.142857
88 87 0.142857
89 87 0.142857
90 87 0.142857
91 87 0.142857
86 108 0.125
104 108 0.125
105 108 0.125
106 108 0.125
107 108 0.125
109 108 0.125
110 108 0.125
111 108 0.125
87 91 0.125
88 91 0.125
89 91 0.125
90 91 0.125
92 91 0.125
93 91 0.125
94 91 0.125
95 91 0.125
88 92 0.125
89 92 0.125
90 92 0.125
91 92 0.125
93 92 0.125
94 92 0.125
95 92 0.125
96 92 0.125
100 103 0.142857
101 103 0.142857
102 103 0.142857
104 103 0.142857
105 103 0.142857
106 103 0.142857
107 103 0.142857
101 105 0.142857
103 105 0.142857
104 105 0.142857
106 105 0.142857
107 105 0.142857
108 105 0.142857
109 105 0.142857
103 107 0.125
104 107 0.125
105 107 0.125
106 107 0.125
108 107 0.125
109 107 0.125
110 107 0.125
111 107 0.125
105 109 0.125
106 109 0.125
107 109 0.125
108 109 0.125
110 109 0.125
111 109 0.125
112 109 0.125
113 109 0.125
1 0 0.111111
113 0 0.111111
2 0 0.111111
112 0 0.111111
3 0 0.111111
111 0 0.111111
4 0 0.111111
110 0 0.111111
86 0 0.111111
