0 1 0.142857
2 1 0.142857
319 1 0.142857
4 1 0.142857
5 1 0.142857
317 1 0.142857
29 1 0.142857
0 319 0.125
1 319 0.125
2 319 0.125
3 319 0.125
113 319 0.125
315 319 0.125
317 319 0.125
318 319 0.125
0 318 0.166667
18 318 0.166667
140 318 0.166667
315 318 0.166667
317 318 0.166667
319 318 0.166667
0 3 0.142857
2 3 0.142857
4 3 0.142857
5 3 0.142857
6 3 0.142857
7 3 0.142857
319 3 0.142857
0 317 0.1
1 317 0.1
257 317 0.1
300 317 0.1
313 317 0.1
314 317 0.1
315 317 0.1
316 317 0.1
318 317 0.1
319 317 0.1
0 4 0.125
1 4 0.125
2 4 0.125
3 4 0.125
5 4 0.125
7 4 0.125
8 4 0.125
164 4 0.125
0 316 0.111111
73 316 0.111111
108 316 0.111111
120 316 0.111111
167 316 0.111111
313 316 0.111111
314 316 0.111111
315 316 0.111111
317 316 0.111111
0 59 0.111111
55 59 0.111111
56 59 0.111111
57 59 0.111111
58 59 0.111111
60 59 0.111111
61 59 0.111111
62 59 0.111111
63 59 0.111111
1 2 0.142857
3 2 0.142857
4 2 0.142857
5 2 0.142857
319 2 0.142857
6 2 0.142857
29 2 0.142857
1 5 0.125
2 5 0.125
3 5 0.125
4 5 0.125
6 5 0.125
7 5 0.125
8 5 0.125
9 5 0.125
1 29 0.125
2 29 0.125
25 29 0.125
26 29 0.125
28 29 0.125
30 29 0.125
31 29 0.125
32 29 0.125
2 6 0.142857
3 6 0.142857
5 6 0.142857
7 6 0.142857
8 6 0.142857
9 6 0.142857
10 6 0.142857
3 7 0.125
4 7 0.125
5 7 0.125
6 7 0.125
8 7 0.125
9 7 0.125
10 7 0.125
11 7 0.125
4 8 0.125
5 8 0.125
6 8 0.125
7 8 0.125
9 8 0.125
10 8 0.125
11 8 0.125
12 8 0.125
4 164 0.1
160 164 0.1
161 164 0.1
162 164 0.1
163 164 0.1
166 164 0.1
167 164 0.1
168 164 0.1
281 164 0.1
208 164 0.1
5 9 0.125
6 9 0.125
7 9 0.125
8 9 0.125
10 9 0.125
11 9 0.125
12 9 0.125
13 9 0.125
6 10 0.125
7 10 0.125
8 10 0.125
9 10 0.125
11 10 0.125
12 10 0.125
13 10 0.125
14 10 0.125
7 11 0.125
8 11 0.125
9 11 0.125
10 11 0.125
12 11 0.125
13 11 0.125
14 11 0.125
15 11 0.125
8 12 0.125
9 12 0.125
10 12 0.125
11 12 0.125
13 12 0.125
14 12 0.125
15 12 0.125
16 12 0.125
9 13 0.111111
10 13 0.111111
11 13 0.111111
12 13 0.111111
14 13 0.111111
15 13 0.111111
16 13 0.111111
17 13 0.111111
309 13 0.111111
10 14 0.125
11 14 0.125
12 14 0.125
13 14 0.125
16 14 0.125
17 14 0.125
18 14 0.125
61 14 0.125
11 15 0.142857
12 15 0.142857
13 15 0.142857
16 15 0.142857
17 15 0.142857
18 15 0.142857
19 15 0.142857
12 16 0.125
13 16 0.125
14 16 0.125
15 16 0.125
17 16 0.125
18 16 0.125
20 16 0.125
85 16 0.125
13 17 0.125
14 17 0.125
15 17 0.125
16 17 0.125
19 17 0.125
20 17 0.125
21 17 0.125
235 17 0.125
13 309 0.125
305 309 0.125
306 309 0.125
307 309 0.125
308 309 0.125
310 309 0.125
312 309 0.125
313 309 0.125
14 18 0.125
15 18 0.125
16 18 0.125
19 18 0.125
21 18 0.125
22 18 0.125
132 18 0.125
318 18 0.125
14 61 0.111111
57 61 0.111111
58 61 0.111111
59 61 0.111111
60 61 0.111111
62 61 0.111111
63 61 0.111111
64 61 0.111111
65 61 0.111111
15 19 0.125
17 19 0.125
18 19 0.125
21 19 0.125
22 19 0.125
23 19 0.125
111 19 0.125
124 19 0.125
16 20 0.142857
17 20 0.142857
21 20 0.142857
22 20 0.142857
23 20 0.142857
24 20 0.142857
179 20 0.142857
16 85 0.111111
81 85 0.111111
82 85 0.111111
83 85 0.111111
84 85 0.111111
86 85 0.111111
87 85 0.111111
88 85 0.111111
89 85 0.111111
17 21 0.125
18 21 0.125
19 21 0.125
20 21 0.125
22 21 0.125
24 21 0.125
25 21 0.125
253 21 0.125
17 235 0.111111
231 235 0.111111
232 235 0.111111
233 235 0.111111
234 235 0.111111
236 235 0.111111
237 235 0.111111
238 235 0.111111
239 235 0.111111
18 22 0.125
19 22 0.125
20 22 0.125
21 22 0.125
23 22 0.125
24 22 0.125
25 22 0.125
26 22 0.125
18 132 0.111111
128 132 0.111111
129 132 0.111111
130 132 0.111111
131 132 0.111111
133 132 0.111111
135 132 0.111111
136 132 0.111111
289 132 0.111111
19 23 0.125
20 23 0.125
22 23 0.125
24 23 0.125
26 23 0.125
27 23 0.125
170 23 0.125
51 23 0.125
19 111 0.111111
107 111 0.111111
109 111 0.111111
110 111 0.111111
112 111 0.111111
113 111 0.111111
114 111 0.111111
115 111 0.111111
220 111 0.111111
19 124 0.166667
122 124 0.166667
123 124 0.166667
125 124 0.166667
259 124 0.166667
219 124 0.166667
20 24 0.125
21 24 0.125
22 24 0.125
23 24 0.125
25 24 0.125
26 24 0.125
27 24 0.125
28 24 0.125
20 179 0.125
175 179 0.125
176 179 0.125
178 179 0.125
180 179 0.125
181 179 0.125
182 179 0.125
258 179 0.125
21 25 0.142857
22 25 0.142857
24 25 0.142857
26 25 0.142857
27 25 0.142857
28 25 0.142857
29 25 0.142857
21 253 0.111111
249 253 0.111111
250 253 0.111111
251 253 0.111111
252 253 0.111111
254 253 0.111111
255 253 0.111111
256 253 0.111111
257 253 0.111111
22 26 0.1
23 26 0.1
24 26 0.1
25 26 0.1
27 26 0.1
28 26 0.1
29 26 0.1
30 26 0.1
146 26 0.1
283 26 0.1
23 27 0.111111
24 27 0.111111
25 27 0.111111
26 27 0.111111
28 27 0.111111
30 27 0.111111
31 27 0.111111
173 27 0.111111
314 27 0.111111
23 170 0.111111
166 170 0.111111
167 170 0.111111
168 170 0.111111
169 170 0.111111
171 170 0.111111
172 170 0.111111
173 170 0.111111
174 170 0.111111
23 51 0.111111
47 51 0.111111
48 51 0.111111
49 51 0.111111
50 51 0.111111
52 51 0.111111
53 51 0.111111
55 51 0.111111
178 51 0.111111
24 28 0.125
25 28 0.125
26 28 0.125
27 28 0.125
29 28 0.125
30 28 0.125
31 28 0.125
32 28 0.125
26 30 0.125
27 30 0.125
28 30 0.125
29 30 0.125
31 30 0.125
32 30 0.125
33 30 0.125
34 30 0.125
26 146 0.111111
142 146 0.111111
143 146 0.111111
144 146 0.111111
145 146 0.111111
147 146 0.111111
148 146 0.111111
150 146 0.111111
242 146 0.111111
26 283 0.125
184 283 0.125
279 283 0.125
280 283 0.125
281 283 0.125
282 283 0.125
285 283 0.125
286 283 0.125
27 31 0.125
28 31 0.125
29 31 0.125
30 31 0.125
32 31 0.125
33 31 0.125
35 31 0.125
38 31 0.125
27 173 0.125
169 173 0.125
170 173 0.125
172 173 0.125
174 173 0.125
175 173 0.125
176 173 0.125
177 173 0.125
27 314 0.111111
91 314 0.111111
310 314 0.111111
311 314 0.111111
312 314 0.111111
313 314 0.111111
315 314 0.111111
316 314 0.111111
317 314 0.111111
28 32 0.125
29 32 0.125
30 32 0.125
31 32 0.125
33 32 0.125
34 32 0.125
35 32 0.125
36 32 0.125
30 33 0.142857
31 33 0.142857
32 33 0.142857
35 33 0.142857
36 33 0.142857
37 33 0.142857
286 33 0.142857
30 34 0.166667
32 34 0.166667
35 34 0.166667
36 34 0.166667
37 34 0.166667
38 34 0.166667
31 35 0.111111
32 35 0.111111
33 35 0.111111
34 35 0.111111
36 35 0.111111
37 35 0.111111
38 35 0.111111
39 35 0.111111
99 35 0.111111
31 38 0.111111
34 38 0.111111
35 38 0.111111
36 38 0.111111
37 38 0.111111
39 38 0.111111
40 38 0.111111
41 38 0.111111
263 38 0.111111
32 36 0.125
33 36 0.125
34 36 0.125
35 36 0.125
37 36 0.125
38 36 0.125
39 36 0.125
40 36 0.125
33 37 0.125
34 37 0.125
35 37 0.125
36 37 0.125
38 37 0.125
39 37 0.125
40 37 0.125
41 37 0.125
33 286 0.111111
42 286 0.111111
282 286 0.111111
283 286 0.111111
284 286 0.111111
285 286 0.111111
287 286 0.111111
288 286 0.111111
290 286 0.111111
35 39 0.125
36 39 0.125
37 39 0.125
38 39 0.125
40 39 0.125
41 39 0.125
42 39 0.125
43 39 0.125
35 99 0.125
95 99 0.125
96 99 0.125
97 99 0.125
98 99 0.125
101 99 0.125
102 99 0.125
103 99 0.125
36 40 0.111111
37 40 0.111111
38 40 0.111111
39 40 0.111111
41 40 0.111111
42 40 0.111111
43 40 0.111111
44 40 0.111111
225 40 0.111111
37 41 0.125
38 41 0.125
39 41 0.125
40 41 0.125
42 41 0.125
43 41 0.125
45 41 0.125
83 41 0.125
38 263 0.125
259 263 0.125
261 263 0.125
262 263 0.125
264 263 0.125
265 263 0.125
266 263 0.125
267 263 0.125
39 42 0.125
40 42 0.125
41 42 0.125
43 42 0.125
44 42 0.125
45 42 0.125
46 42 0.125
286 42 0.125
39 43 0.125
40 43 0.125
41 43 0.125
42 43 0.125
44 43 0.125
45 43 0.125
46 43 0.125
167 43 0.125
40 44 0.111111
42 44 0.111111
43 44 0.111111
45 44 0.111111
46 44 0.111111
47 44 0.111111
48 44 0.111111
81 44 0.111111
92 44 0.111111
40 225 0.125
221 225 0.125
222 225 0.125
223 225 0.125
224 225 0.125
227 225 0.125
228 225 0.125
229 225 0.125
41 45 0.125
42 45 0.125
43 45 0.125
44 45 0.125
46 45 0.125
47 45 0.125
48 45 0.125
49 45 0.125
41 83 0.111111
79 83 0.111111
80 83 0.111111
81 83 0.111111
82 83 0.111111
84 83 0.111111
85 83 0.111111
86 83 0.111111
87 83 0.111111
42 46 0.125
43 46 0.125
44 46 0.125
45 46 0.125
47 46 0.125
48 46 0.125
49 46 0.125
50 46 0.125
43 167 0.125
164 167 0.125
165 167 0.125
168 167 0.125
169 167 0.125
170 167 0.125
171 167 0.125
316 167 0.125
44 47 0.125
45 47 0.125
46 47 0.125
48 47 0.125
49 47 0.125
51 47 0.125
294 47 0.125
134 47 0.125
44 48 0.125
45 48 0.125
46 48 0.125
47 48 0.125
49 48 0.125
50 48 0.125
51 48 0.125
52 48 0.125
44 81 0.125
77 81 0.125
78 81 0.125
79 81 0.125
80 81 0.125
82 81 0.125
83 81 0.125
85 81 0.125
44 92 0.125
88 92 0.125
89 92 0.125
90 92 0.125
91 92 0.125
93 92 0.125
94 92 0.125
95 92 0.125
45 49 0.125
46 49 0.125
47 49 0.125
48 49 0.125
50 49 0.125
51 49 0.125
52 49 0.125
53 49 0.125
46 50 0.142857
48 50 0.142857
49 50 0.142857
51 50 0.142857
52 50 0.142857
53 50 0.142857
54 50 0.142857
47 294 0.125
290 294 0.125
291 294 0.125
293 294 0.125
295 294 0.125
296 294 0.125
297 294 0.125
298 294 0.125
47 134 0.142857
130 134 0.142857
131 134 0.142857
133 134 0.142857
135 134 0.142857
136 134 0.142857
218 134 0.142857
48 52 0.125
49 52 0.125
50 52 0.125
51 52 0.125
53 52 0.125
54 52 0.125
55 52 0.125
56 52 0.125
49 53 0.125
50 53 0.125
51 53 0.125
52 53 0.125
54 53 0.125
55 53 0.125
56 53 0.125
57 53 0.125
50 54 0.142857
52 54 0.142857
53 54 0.142857
55 54 0.142857
56 54 0.142857
57 54 0.142857
58 54 0.142857
51 55 0.1
52 55 0.1
53 55 0.1
54 55 0.1
56 55 0.1
57 55 0.1
58 55 0.1
59 55 0.1
280 55 0.1
74 55 0.1
51 178 0.125
174 178 0.125
175 178 0.125
176 178 0.125
177 178 0.125
179 178 0.125
180 178 0.125
181 178 0.125
52 56 0.125
53 56 0.125
54 56 0.125
55 56 0.125
57 56 0.125
58 56 0.125
59 56 0.125
60 56 0.125
53 57 0.125
54 57 0.125
55 57 0.125
56 57 0.125
58 57 0.125
59 57 0.125
60 57 0.125
61 57 0.125
54 58 0.125
55 58 0.125
56 58 0.125
57 58 0.125
59 58 0.125
60 58 0.125
61 58 0.125
62 58 0.125
55 280 0.125
276 280 0.125
277 280 0.125
278 280 0.125
279 280 0.125
281 280 0.125
283 280 0.125
284 280 0.125
55 74 0.125
70 74 0.125
71 74 0.125
72 74 0.125
73 74 0.125
75 74 0.125
76 74 0.125
151 74 0.125
56 60 0.125
57 60 0.125
58 60 0.125
59 60 0.125
61 60 0.125
62 60 0.125
63 60 0.125
64 60 0.125
58 62 0.111111
59 62 0.111111
60 62 0.111111
61 62 0.111111
64 62 0.111111
66 62 0.111111
76 62 0.111111
156 62 0.111111
141 62 0.111111
59 63 0.125
60 63 0.125
61 63 0.125
64 63 0.125
65 63 0.125
66 63 0.125
67 63 0.125
105 63 0.125
60 64 0.111111
61 64 0.111111
62 64 0.111111
63 64 0.111111
65 64 0.111111
67 64 0.111111
68 64 0.111111
229 64 0.111111
78 64 0.111111
61 65 0.142857
63 65 0.142857
64 65 0.142857
67 65 0.142857
68 65 0.142857
69 65 0.142857
206 65 0.142857
62 66 0.142857
63 66 0.142857
67 66 0.142857
68 66 0.142857
69 66 0.142857
70 66 0.142857
129 66 0.142857
62 76 0.125
73 76 0.125
74 76 0.125
75 76 0.125
77 76 0.125
78 76 0.125
79 76 0.125
80 76 0.125
62 156 0.125
152 156 0.125
153 156 0.125
154 156 0.125
155 156 0.125
157 156 0.125
159 156 0.125
160 156 0.125
62 141 0.1
137 141 0.1
138 141 0.1
139 141 0.1
140 141 0.1
143 141 0.1
145 141 0.1
221 141 0.1
292 141 0.1
260 141 0.1
63 67 0.111111
64 67 0.111111
65 67 0.111111
66 67 0.111111
68 67 0.111111
69 67 0.111111
70 67 0.111111
71 67 0.111111
260 67 0.111111
63 105 0.125
101 105 0.125
102 105 0.125
103 105 0.125
104 105 0.125
107 105 0.125
109 105 0.125
219 105 0.125
64 68 0.125
65 68 0.125
66 68 0.125
67 68 0.125
70 68 0.125
71 68 0.125
72 68 0.125
300 68 0.125
64 229 0.111111
135 229 0.111111
225 229 0.111111
226 229 0.111111
227 229 0.111111
228 229 0.111111
230 229 0.111111
232 229 0.111111
233 229 0.111111
64 78 0.125
75 78 0.125
76 78 0.125
77 78 0.125
79 78 0.125
80 78 0.125
81 78 0.125
198 78 0.125
65 69 0.142857
66 69 0.142857
67 69 0.142857
70 69 0.142857
71 69 0.142857
72 69 0.142857
274 69 0.142857
65 206 0.111111
202 206 0.111111
203 206 0.111111
204 206 0.111111
205 206 0.111111
207 206 0.111111
208 206 0.111111
209 206 0.111111
210 206 0.111111
66 70 0.125
67 70 0.125
68 70 0.125
69 70 0.125
71 70 0.125
72 70 0.125
73 70 0.125
74 70 0.125
66 129 0.166667
125 129 0.166667
128 129 0.166667
130 129 0.166667
131 129 0.166667
132 129 0.166667
67 71 0.125
68 71 0.125
69 71 0.125
70 71 0.125
72 71 0.125
73 71 0.125
74 71 0.125
75 71 0.125
67 260 0.125
141 260 0.125
150 260 0.125
256 260 0.125
257 260 0.125
258 260 0.125
259 260 0.125
264 260 0.125
68 72 0.125
69 72 0.125
70 72 0.125
71 72 0.125
73 72 0.125
74 72 0.125
75 72 0.125
257 72 0.125
68 300 0.125
296 300 0.125
297 300 0.125
299 300 0.125
301 300 0.125
302 300 0.125
303 300 0.125
317 300 0.125
69 274 0.1
171 274 0.1
270 274 0.1
271 274 0.1
272 274 0.1
273 274 0.1
275 274 0.1
276 274 0.1
277 274 0.1
278 274 0.1
70 73 0.125
71 73 0.125
72 73 0.125
74 73 0.125
75 73 0.125
76 73 0.125
77 73 0.125
316 73 0.125
71 75 0.125
72 75 0.125
73 75 0.125
74 75 0.125
76 75 0.125
77 75 0.125
78 75 0.125
79 75 0.125
72 257 0.125
253 257 0.125
254 257 0.125
256 257 0.125
258 257 0.125
259 257 0.125
260 257 0.125
317 257 0.125
73 77 0.142857
75 77 0.142857
76 77 0.142857
78 77 0.142857
79 77 0.142857
81 77 0.142857
258 77 0.142857
74 151 0.142857
100 151 0.142857
147 151 0.142857
149 151 0.142857
153 151 0.142857
154 151 0.142857
155 151 0.142857
75 79 0.111111
76 79 0.111111
77 79 0.111111
78 79 0.111111
80 79 0.111111
81 79 0.111111
82 79 0.111111
83 79 0.111111
185 79 0.111111
76 80 0.125
78 80 0.125
79 80 0.125
81 80 0.125
82 80 0.125
83 80 0.125
84 80 0.125
285 80 0.125
77 258 0.111111
179 258 0.111111
254 258 0.111111
255 258 0.111111
256 258 0.111111
257 258 0.111111
259 258 0.111111
260 258 0.111111
261 258 0.111111
78 198 0.125
194 198 0.125
195 198 0.125
196 198 0.125
197 198 0.125
199 198 0.125
200 198 0.125
202 198 0.125
79 82 0.142857
80 82 0.142857
81 82 0.142857
83 82 0.142857
84 82 0.142857
85 82 0.142857
86 82 0.142857
79 185 0.125
181 185 0.125
182 185 0.125
183 185 0.125
184 185 0.125
186 185 0.125
188 185 0.125
218 185 0.125
80 84 0.142857
82 84 0.142857
83 84 0.142857
85 84 0.142857
86 84 0.142857
87 84 0.142857
88 84 0.142857
80 285 0.125
281 285 0.125
282 285 0.125
283 285 0.125
284 285 0.125
286 285 0.125
288 285 0.125
289 285 0.125
82 86 0.125
83 86 0.125
84 86 0.125
85 86 0.125
87 86 0.125
88 86 0.125
89 86 0.125
90 86 0.125
83 87 0.125
84 87 0.125
85 87 0.125
86 87 0.125
88 87 0.125
89 87 0.125
90 87 0.125
91 87 0.125
84 88 0.125
85 88 0.125
86 88 0.125
87 88 0.125
89 88 0.125
90 88 0.125
91 88 0.125
92 88 0.125
85 89 0.125
86 89 0.125
87 89 0.125
88 89 0.125
90 89 0.125
91 89 0.125
92 89 0.125
93 89 0.125
86 90 0.125
87 90 0.125
88 90 0.125
89 90 0.125
91 90 0.125
92 90 0.125
93 90 0.125
94 90 0.125
87 91 0.125
88 91 0.125
89 91 0.125
90 91 0.125
92 91 0.125
94 91 0.125
95 91 0.125
314 91 0.125
89 93 0.142857
90 93 0.142857
92 93 0.142857
94 93 0.142857
95 93 0.142857
96 93 0.142857
97 93 0.142857
90 94 0.125
91 94 0.125
92 94 0.125
93 94 0.125
95 94 0.125
96 94 0.125
97 94 0.125
98 94 0.125
91 95 0.125
92 95 0.125
93 95 0.125
94 95 0.125
96 95 0.125
97 95 0.125
98 95 0.125
99 95 0.125
93 96 0.125
94 96 0.125
95 96 0.125
97 96 0.125
98 96 0.125
99 96 0.125
100 96 0.125
268 96 0.125
93 97 0.125
94 97 0.125
95 97 0.125
96 97 0.125
98 97 0.125
99 97 0.125
100 97 0.125
101 97 0.125
94 98 0.125
95 98 0.125
96 98 0.125
97 98 0.125
99 98 0.125
100 98 0.125
101 98 0.125
102 98 0.125
96 100 0.125
97 100 0.125
98 100 0.125
101 100 0.125
102 100 0.125
103 100 0.125
104 100 0.125
151 100 0.125
96 268 0.111111
264 268 0.111111
265 268 0.111111
266 268 0.111111
267 268 0.111111
269 268 0.111111
270 268 0.111111
272 268 0.111111
278 268 0.111111
97 101 0.125
98 101 0.125
99 101 0.125
100 101 0.125
102 101 0.125
103 101 0.125
104 101 0.125
105 101 0.125
98 102 0.125
99 102 0.125
100 102 0.125
101 102 0.125
103 102 0.125
104 102 0.125
105 102 0.125
106 102 0.125
99 103 0.125
100 103 0.125
101 103 0.125
102 103 0.125
104 103 0.125
105 103 0.125
106 103 0.125
107 103 0.125
100 104 0.125
101 104 0.125
102 104 0.125
103 104 0.125
105 104 0.125
106 104 0.125
107 104 0.125
108 104 0.125
102 106 0.142857
103 106 0.142857
104 106 0.142857
107 106 0.142857
108 106 0.142857
109 106 0.142857
110 106 0.142857
103 107 0.125
104 107 0.125
105 107 0.125
106 107 0.125
108 107 0.125
109 107 0.125
110 107 0.125
111 107 0.125
104 108 0.142857
106 108 0.142857
107 108 0.142857
109 108 0.142857
110 108 0.142857
112 108 0.142857
316 108 0.142857
105 109 0.111111
106 109 0.111111
107 109 0.111111
108 109 0.111111
110 109 0.111111
111 109 0.111111
112 109 0.111111
113 109 0.111111
290 109 0.111111
105 219 0.1
124 219 0.1
215 219 0.1
216 219 0.1
217 219 0.1
218 219 0.1
220 219 0.1
221 219 0.1
222 219 0.1
223 219 0.1
106 110 0.111111
107 110 0.111111
108 110 0.111111
109 110 0.111111
111 110 0.111111
113 110 0.111111
114 110 0.111111
289 110 0.111111
143 110 0.111111
108 112 0.142857
109 112 0.142857
111 112 0.142857
113 112 0.142857
114 112 0.142857
115 112 0.142857
152 112 0.142857
109 113 0.111111
110 113 0.111111
111 113 0.111111
112 113 0.111111
114 113 0.111111
117 113 0.111111
319 113 0.111111
298 113 0.111111
199 113 0.111111
109 290 0.125
286 290 0.125
287 290 0.125
288 290 0.125
289 290 0.125
292 290 0.125
293 290 0.125
294 290 0.125
110 114 0.125
111 114 0.125
112 114 0.125
113 114 0.125
115 114 0.125
116 114 0.125
117 114 0.125
118 114 0.125
110 289 0.111111
132 289 0.111111
285 289 0.111111
287 289 0.111111
288 289 0.111111
290 289 0.111111
291 289 0.111111
292 289 0.111111
293 289 0.111111
110 143 0.125
139 143 0.125
140 143 0.125
141 143 0.125
142 143 0.125
144 143 0.125
145 143 0.125
146 143 0.125
111 115 0.142857
112 115 0.142857
114 115 0.142857
116 115 0.142857
117 115 0.142857
118 115 0.142857
119 115 0.142857
111 220 0.125
216 220 0.125
217 220 0.125
218 220 0.125
219 220 0.125
222 220 0.125
223 220 0.125
224 220 0.125
112 152 0.125
148 152 0.125
149 152 0.125
150 152 0.125
153 152 0.125
154 152 0.125
155 152 0.125
156 152 0.125
113 117 0.125
114 117 0.125
115 117 0.125
116 117 0.125
118 117 0.125
120 117 0.125
121 117 0.125
266 117 0.125
113 298 0.142857
192 298 0.142857
294 298 0.142857
295 298 0.142857
296 298 0.142857
299 298 0.142857
302 298 0.142857
113 199 0.1
195 199 0.1
196 199 0.1
197 199 0.1
198 199 0.1
200 199 0.1
201 199 0.1
202 199 0.1
203 199 0.1
221 199 0.1
114 116 0.166667
115 116 0.166667
117 116 0.166667
118 116 0.166667
119 116 0.166667
120 116 0.166667
114 118 0.125
115 118 0.125
116 118 0.125
117 118 0.125
119 118 0.125
120 118 0.125
121 118 0.125
122 118 0.125
115 119 0.142857
116 119 0.142857
118 119 0.142857
120 119 0.142857
121 119 0.142857
122 119 0.142857
123 119 0.142857
116 120 0.125
117 120 0.125
118 120 0.125
119 120 0.125
121 120 0.125
122 120 0.125
123 120 0.125
316 120 0.125
117 121 0.125
118 121 0.125
119 121 0.125
120 121 0.125
122 121 0.125
123 121 0.125
125 121 0.125
269 121 0.125
117 266 0.111111
262 266 0.111111
263 266 0.111111
264 266 0.111111
265 266 0.111111
267 266 0.111111
268 266 0.111111
269 266 0.111111
270 266 0.111111
118 122 0.125
119 122 0.125
120 122 0.125
121 122 0.125
123 122 0.125
124 122 0.125
125 122 0.125
126 122 0.125
119 123 0.125
120 123 0.125
121 123 0.125
122 123 0.125
124 123 0.125
125 123 0.125
126 123 0.125
127 123 0.125
121 125 0.125
122 125 0.125
123 125 0.125
124 125 0.125
126 125 0.125
127 125 0.125
128 125 0.125
129 125 0.125
121 269 0.111111
265 269 0.111111
266 269 0.111111
267 269 0.111111
268 269 0.111111
270 269 0.111111
271 269 0.111111
272 269 0.111111
273 269 0.111111
122 126 0.142857
123 126 0.142857
125 126 0.142857
127 126 0.142857
128 126 0.142857
130 126 0.142857
139 126 0.142857
123 127 0.142857
125 127 0.142857
126 127 0.142857
128 127 0.142857
130 127 0.142857
131 127 0.142857
242 127 0.142857
124 259 0.111111
255 259 0.111111
256 259 0.111111
257 259 0.111111
258 259 0.111111
260 259 0.111111
261 259 0.111111
262 259 0.111111
263 259 0.111111
125 128 0.142857
126 128 0.142857
127 128 0.142857
129 128 0.142857
130 128 0.142857
131 128 0.142857
132 128 0.142857
126 130 0.125
127 130 0.125
128 130 0.125
129 130 0.125
131 130 0.125
132 130 0.125
133 130 0.125
134 130 0.125
126 139 0.111111
135 139 0.111111
136 139 0.111111
137 139 0.111111
138 139 0.111111
140 139 0.111111
141 139 0.111111
142 139 0.111111
143 139 0.111111
127 131 0.125
128 131 0.125
129 131 0.125
130 131 0.125
132 131 0.125
133 131 0.125
134 131 0.125
135 131 0.125
127 242 0.111111
146 242 0.111111
238 242 0.111111
239 242 0.111111
240 242 0.111111
241 242 0.111111
243 242 0.111111
245 242 0.111111
246 242 0.111111
130 133 0.125
131 133 0.125
132 133 0.125
134 133 0.125
135 133 0.125
136 133 0.125
137 133 0.125
177 133 0.125
131 135 0.111111
132 135 0.111111
133 135 0.111111
134 135 0.111111
136 135 0.111111
138 135 0.111111
139 135 0.111111
241 135 0.111111
229 135 0.111111
132 136 0.125
133 136 0.125
134 136 0.125
135 136 0.125
137 136 0.125
138 136 0.125
139 136 0.125
140 136 0.125
133 137 0.142857
136 137 0.142857
139 137 0.142857
140 137 0.142857
141 137 0.142857
297 137 0.142857
312 137 0.142857
133 177 0.111111
173 177 0.111111
174 177 0.111111
175 177 0.111111
176 177 0.111111
178 177 0.111111
180 177 0.111111
181 177 0.111111
203 177 0.111111
134 218 0.1
185 218 0.1
214 218 0.1
215 218 0.1
216 218 0.1
217 218 0.1
219 218 0.1
220 218 0.1
221 218 0.1
222 218 0.1
135 138 0.166667
136 138 0.166667
139 138 0.166667
140 138 0.166667
141 138 0.166667
142 138 0.166667
135 241 0.1
237 241 0.1
238 241 0.1
239 241 0.1
240 241 0.1
242 241 0.1
243 241 0.1
244 241 0.1
245 241 0.1
247 241 0.1
136 140 0.111111
137 140 0.111111
138 140 0.111111
139 140 0.111111
141 140 0.111111
142 140 0.111111
143 140 0.111111
144 140 0.111111
318 140 0.111111
137 297 0.111111
293 297 0.111111
294 297 0.111111
295 297 0.111111
296 297 0.111111
299 297 0.111111
300 297 0.111111
301 297 0.111111
313 297 0.111111
137 312 0.142857
309 312 0.142857
310 312 0.142857
311 312 0.142857
313 312 0.142857
314 312 0.142857
315 312 0.142857
138 142 0.142857
139 142 0.142857
140 142 0.142857
143 142 0.142857
144 142 0.142857
145 142 0.142857
146 142 0.142857
140 144 0.142857
142 144 0.142857
143 144 0.142857
145 144 0.142857
146 144 0.142857
147 144 0.142857
148 144 0.142857
141 145 0.125
142 145 0.125
143 145 0.125
144 145 0.125
146 145 0.125
147 145 0.125
148 145 0.125
149 145 0.125
141 221 0.125
199 221 0.125
217 221 0.125
218 221 0.125
219 221 0.125
223 221 0.125
224 221 0.125
225 221 0.125
141 292 0.111111
275 292 0.111111
288 292 0.111111
289 292 0.111111
290 292 0.111111
291 292 0.111111
293 292 0.111111
295 292 0.111111
296 292 0.111111
144 147 0.142857
145 147 0.142857
146 147 0.142857
148 147 0.142857
149 147 0.142857
150 147 0.142857
151 147 0.142857
144 148 0.125
145 148 0.125
146 148 0.125
147 148 0.125
149 148 0.125
150 148 0.125
152 148 0.125
279 148 0.125
145 149 0.142857
147 149 0.142857
148 149 0.142857
150 149 0.142857
151 149 0.142857
152 149 0.142857
308 149 0.142857
146 150 0.111111
147 150 0.111111
148 150 0.111111
149 150 0.111111
152 150 0.111111
153 150 0.111111
154 150 0.111111
249 150 0.111111
260 150 0.111111
148 279 0.125
275 279 0.125
276 279 0.125
277 279 0.125
280 279 0.125
281 279 0.125
282 279 0.125
283 279 0.125
149 308 0.111111
194 308 0.111111
304 308 0.111111
305 308 0.111111
306 308 0.111111
307 308 0.111111
309 308 0.111111
310 308 0.111111
311 308 0.111111
150 153 0.142857
151 153 0.142857
152 153 0.142857
154 153 0.142857
155 153 0.142857
156 153 0.142857
157 153 0.142857
150 154 0.125
151 154 0.125
152 154 0.125
153 154 0.125
155 154 0.125
156 154 0.125
157 154 0.125
158 154 0.125
150 249 0.125
245 249 0.125
246 249 0.125
248 249 0.125
250 249 0.125
251 249 0.125
252 249 0.125
253 249 0.125
151 155 0.111111
152 155 0.111111
153 155 0.111111
154 155 0.111111
156 155 0.111111
157 155 0.111111
158 155 0.111111
159 155 0.111111
310 155 0.111111
153 157 0.125
154 157 0.125
155 157 0.125
156 157 0.125
158 157 0.125
159 157 0.125
160 157 0.125
161 157 0.125
154 158 0.142857
155 158 0.142857
157 158 0.142857
159 158 0.142857
160 158 0.142857
161 158 0.142857
162 158 0.142857
155 159 0.111111
156 159 0.111111
157 159 0.111111
158 159 0.111111
160 159 0.111111
161 159 0.111111
162 159 0.111111
163 159 0.111111
186 159 0.111111
155 310 0.125
306 310 0.125
307 310 0.125
308 310 0.125
309 310 0.125
312 310 0.125
313 310 0.125
314 310 0.125
156 160 0.125
157 160 0.125
158 160 0.125
159 160 0.125
161 160 0.125
162 160 0.125
163 160 0.125
164 160 0.125
157 161 0.125
158 161 0.125
159 161 0.125
160 161 0.125
162 161 0.125
163 161 0.125
164 161 0.125
165 161 0.125
158 162 0.125
159 162 0.125
160 162 0.125
161 162 0.125
163 162 0.125
164 162 0.125
165 162 0.125
166 162 0.125
159 163 0.125
160 163 0.125
161 163 0.125
162 163 0.125
164 163 0.125
165 163 0.125
166 163 0.125
238 163 0.125
159 186 0.125
182 186 0.125
183 186 0.125
184 186 0.125
185 186 0.125
187 186 0.125
188 186 0.125
189 186 0.125
161 165 0.142857
162 165 0.142857
163 165 0.142857
166 165 0.142857
167 165 0.142857
168 165 0.142857
169 165 0.142857
162 166 0.125
163 166 0.125
164 166 0.125
165 166 0.125
168 166 0.125
169 166 0.125
170 166 0.125
315 166 0.125
163 238 0.111111
234 238 0.111111
235 238 0.111111
236 238 0.111111
237 238 0.111111
239 238 0.111111
240 238 0.111111
241 238 0.111111
242 238 0.111111
164 168 0.125
165 168 0.125
166 168 0.125
167 168 0.125
169 168 0.125
170 168 0.125
171 168 0.125
172 168 0.125
164 281 0.111111
248 281 0.111111
277 281 0.111111
278 281 0.111111
279 281 0.111111
280 281 0.111111
282 281 0.111111
283 281 0.111111
285 281 0.111111
164 208 0.125
204 208 0.125
205 208 0.125
206 208 0.125
207 208 0.125
209 208 0.125
211 208 0.125
212 208 0.125
165 169 0.125
166 169 0.125
167 169 0.125
168 169 0.125
170 169 0.125
172 169 0.125
173 169 0.125
276 169 0.125
166 315 0.111111
311 315 0.111111
312 315 0.111111
313 315 0.111111
314 315 0.111111
316 315 0.111111
317 315 0.111111
318 315 0.111111
319 315 0.111111
167 171 0.142857
168 171 0.142857
170 171 0.142857
172 171 0.142857
174 171 0.142857
175 171 0.142857
274 171 0.142857
168 172 0.125
169 172 0.125
170 172 0.125
171 172 0.125
173 172 0.125
174 172 0.125
175 172 0.125
176 172 0.125
169 276 0.111111
272 276 0.111111
273 276 0.111111
274 276 0.111111
275 276 0.111111
277 276 0.111111
278 276 0.111111
279 276 0.111111
280 276 0.111111
170 174 0.125
171 174 0.125
172 174 0.125
173 174 0.125
175 174 0.125
176 174 0.125
177 174 0.125
178 174 0.125
171 175 0.125
172 175 0.125
173 175 0.125
174 175 0.125
176 175 0.125
177 175 0.125
178 175 0.125
179 175 0.125
172 176 0.125
173 176 0.125
174 176 0.125
175 176 0.125
177 176 0.125
178 176 0.125
179 176 0.125
180 176 0.125
176 180 0.125
177 180 0.125
178 180 0.125
179 180 0.125
181 180 0.125
182 180 0.125
183 180 0.125
184 180 0.125
177 181 0.125
178 181 0.125
179 181 0.125
180 181 0.125
182 181 0.125
183 181 0.125
184 181 0.125
185 181 0.125
177 203 0.125
199 203 0.125
200 203 0.125
201 203 0.125
202 203 0.125
204 203 0.125
206 203 0.125
207 203 0.125
179 182 0.142857
180 182 0.142857
181 182 0.142857
184 182 0.142857
185 182 0.142857
186 182 0.142857
245 182 0.142857
180 183 0.166667
181 183 0.166667
184 183 0.166667
185 183 0.166667
186 183 0.166667
187 183 0.166667
180 184 0.1
181 184 0.1
182 184 0.1
183 184 0.1
185 184 0.1
186 184 0.1
188 184 0.1
283 184 0.1
255 184 0.1
246 184 0.1
182 245 0.111111
241 245 0.111111
242 245 0.111111
243 245 0.111111
244 245 0.111111
246 245 0.111111
247 245 0.111111
248 245 0.111111
249 245 0.111111
183 187 0.166667
186 187 0.166667
188 187 0.166667
189 187 0.166667
190 187 0.166667
191 187 0.166667
184 188 0.125
185 188 0.125
186 188 0.125
187 188 0.125
189 188 0.125
190 188 0.125
191 188 0.125
192 188 0.125
184 255 0.125
251 255 0.125
252 255 0.125
253 255 0.125
254 255 0.125
256 255 0.125
258 255 0.125
259 255 0.125
184 246 0.111111
242 246 0.111111
243 246 0.111111
244 246 0.111111
245 246 0.111111
247 246 0.111111
248 246 0.111111
249 246 0.111111
250 246 0.111111
186 189 0.142857
187 189 0.142857
188 189 0.142857
190 189 0.142857
191 189 0.142857
192 189 0.142857
193 189 0.142857
187 190 0.142857
188 190 0.142857
189 190 0.142857
191 190 0.142857
192 190 0.142857
193 190 0.142857
194 190 0.142857
187 191 0.125
188 191 0.125
189 191 0.125
190 191 0.125
192 191 0.125
193 191 0.125
194 191 0.125
195 191 0.125
188 192 0.111111
189 192 0.111111
190 192 0.111111
191 192 0.111111
193 192 0.111111
194 192 0.111111
195 192 0.111111
196 192 0.111111
298 192 0.111111
189 193 0.125
190 193 0.125
191 193 0.125
192 193 0.125
194 193 0.125
195 193 0.125
196 193 0.125
197 193 0.125
190 194 0.111111
191 194 0.111111
192 194 0.111111
193 194 0.111111
195 194 0.111111
196 194 0.111111
197 194 0.111111
198 194 0.111111
308 194 0.111111
191 195 0.125
192 195 0.125
193 195 0.125
194 195 0.125
196 195 0.125
198 195 0.125
199 195 0.125
233 195 0.125
192 196 0.125
193 196 0.125
194 196 0.125
195 196 0.125
197 196 0.125
198 196 0.125
199 196 0.125
200 196 0.125
193 197 0.142857
194 197 0.142857
196 197 0.142857
198 197 0.142857
199 197 0.142857
200 197 0.142857
201 197 0.142857
195 233 0.111111
229 233 0.111111
230 233 0.111111
231 233 0.111111
232 233 0.111111
234 233 0.111111
235 233 0.111111
236 233 0.111111
237 233 0.111111
196 200 0.125
197 200 0.125
198 200 0.125
199 200 0.125
201 200 0.125
202 200 0.125
203 200 0.125
204 200 0.125
197 201 0.142857
199 201 0.142857
200 201 0.142857
202 201 0.142857
203 201 0.142857
204 201 0.142857
205 201 0.142857
198 202 0.125
199 202 0.125
200 202 0.125
201 202 0.125
203 202 0.125
204 202 0.125
205 202 0.125
206 202 0.125
200 204 0.125
201 204 0.125
202 204 0.125
203 204 0.125
205 204 0.125
206 204 0.125
207 204 0.125
208 204 0.125
201 205 0.125
202 205 0.125
204 205 0.125
206 205 0.125
207 205 0.125
208 205 0.125
209 205 0.125
223 205 0.125
203 207 0.125
204 207 0.125
205 207 0.125
206 207 0.125
208 207 0.125
209 207 0.125
210 207 0.125
211 207 0.125
205 209 0.125
206 209 0.125
207 209 0.125
208 209 0.125
210 209 0.125
211 209 0.125
212 209 0.125
213 209 0.125
205 223 0.125
219 223 0.125
220 223 0.125
221 223 0.125
222 223 0.125
224 223 0.125
225 223 0.125
227 223 0.125
206 210 0.142857
207 210 0.142857
209 210 0.142857
211 210 0.142857
212 210 0.142857
213 210 0.142857
214 210 0.142857
207 211 0.125
208 211 0.125
209 211 0.125
210 211 0.125
212 211 0.125
213 211 0.125
214 211 0.125
215 211 0.125
208 212 0.125
209 212 0.125
210 212 0.125
211 212 0.125
213 212 0.125
214 212 0.125
215 212 0.125
216 212 0.125
209 213 0.125
210 213 0.125
211 213 0.125
212 213 0.125
214 213 0.125
215 213 0.125
216 213 0.125
217 213 0.125
210 214 0.125
211 214 0.125
212 214 0.125
213 214 0.125
215 214 0.125
216 214 0.125
217 214 0.125
218 214 0.125
211 215 0.1
212 215 0.1
213 215 0.1
214 215 0.1
216 215 0.1
217 215 0.1
218 215 0.1
219 215 0.1
272 215 0.1
304 215 0.1
212 216 0.125
213 216 0.125
214 216 0.125
215 216 0.125
217 216 0.125
218 216 0.125
219 216 0.125
220 216 0.125
213 217 0.125
214 217 0.125
215 217 0.125
216 217 0.125
218 217 0.125
219 217 0.125
220 217 0.125
221 217 0.125
215 272 0.125
268 272 0.125
269 272 0.125
270 272 0.125
271 272 0.125
274 272 0.125
275 272 0.125
276 272 0.125
215 304 0.142857
301 304 0.142857
302 304 0.142857
303 304 0.142857
306 304 0.142857
307 304 0.142857
308 304 0.142857
218 222 0.142857
219 222 0.142857
220 222 0.142857
223 222 0.142857
224 222 0.142857
225 222 0.142857
226 222 0.142857
220 224 0.125
221 224 0.125
222 224 0.125
223 224 0.125
225 224 0.125
226 224 0.125
227 224 0.125
228 224 0.125
222 226 0.166667
224 226 0.166667
227 226 0.166667
228 226 0.166667
229 226 0.166667
230 226 0.166667
223 227 0.125
224 227 0.125
225 227 0.125
226 227 0.125
228 227 0.125
229 227 0.125
230 227 0.125
231 227 0.125
224 228 0.125
225 228 0.125
226 228 0.125
227 228 0.125
229 228 0.125
230 228 0.125
231 228 0.125
232 228 0.125
226 230 0.125
227 230 0.125
228 230 0.125
229 230 0.125
231 230 0.125
232 230 0.125
233 230 0.125
234 230 0.125
227 231 0.142857
228 231 0.142857
230 231 0.142857
232 231 0.142857
233 231 0.142857
234 231 0.142857
235 231 0.142857
228 232 0.125
229 232 0.125
230 232 0.125
231 232 0.125
233 232 0.125
234 232 0.125
235 232 0.125
236 232 0.125
230 234 0.125
231 234 0.125
232 234 0.125
233 234 0.125
235 234 0.125
236 234 0.125
237 234 0.125
238 234 0.125
232 236 0.111111
233 236 0.111111
234 236 0.111111
235 236 0.111111
237 236 0.111111
238 236 0.111111
239 236 0.111111
240 236 0.111111
307 236 0.111111
233 237 0.125
234 237 0.125
235 237 0.125
236 237 0.125
238 237 0.125
239 237 0.125
240 237 0.125
241 237 0.125
235 239 0.125
236 239 0.125
237 239 0.125
238 239 0.125
240 239 0.125
241 239 0.125
242 239 0.125
243 239 0.125
236 240 0.125
237 240 0.125
238 240 0.125
239 240 0.125
241 240 0.125
242 240 0.125
243 240 0.125
244 240 0.125
236 307 0.125
303 307 0.125
304 307 0.125
305 307 0.125
306 307 0.125
308 307 0.125
309 307 0.125
310 307 0.125
239 243 0.125
240 243 0.125
241 243 0.125
242 243 0.125
244 243 0.125
245 243 0.125
246 243 0.125
247 243 0.125
240 244 0.142857
241 244 0.142857
243 244 0.142857
245 244 0.142857
246 244 0.142857
247 244 0.142857
248 244 0.142857
241 247 0.125
243 247 0.125
244 247 0.125
245 247 0.125
246 247 0.125
248 247 0.125
250 247 0.125
251 247 0.125
244 248 0.111111
245 248 0.111111
246 248 0.111111
247 248 0.111111
249 248 0.111111
250 248 0.111111
251 248 0.111111
252 248 0.111111
281 248 0.111111
246 250 0.125
247 250 0.125
248 250 0.125
249 250 0.125
251 250 0.125
252 250 0.125
253 250 0.125
254 250 0.125
247 251 0.125
248 251 0.125
249 251 0.125
250 251 0.125
252 251 0.125
253 251 0.125
254 251 0.125
255 251 0.125
248 252 0.125
249 252 0.125
250 252 0.125
251 252 0.125
253 252 0.125
254 252 0.125
255 252 0.125
256 252 0.125
250 254 0.125
251 254 0.125
252 254 0.125
253 254 0.125
255 254 0.125
256 254 0.125
257 254 0.125
258 254 0.125
252 256 0.125
253 256 0.125
254 256 0.125
255 256 0.125
257 256 0.125
258 256 0.125
259 256 0.125
260 256 0.125
258 261 0.142857
259 261 0.142857
262 261 0.142857
263 261 0.142857
264 261 0.142857
265 261 0.142857
270 261 0.142857
259 262 0.166667
261 262 0.166667
263 262 0.166667
264 262 0.166667
265 262 0.166667
266 262 0.166667
260 264 0.125
261 264 0.125
262 264 0.125
263 264 0.125
265 264 0.125
266 264 0.125
267 264 0.125
268 264 0.125
261 265 0.125
262 265 0.125
263 265 0.125
264 265 0.125
266 265 0.125
267 265 0.125
268 265 0.125
269 265 0.125
261 270 0.125
266 270 0.125
267 270 0.125
268 270 0.125
269 270 0.125
271 270 0.125
272 270 0.125
274 270 0.125
263 267 0.125
264 267 0.125
265 267 0.125
266 267 0.125
268 267 0.125
269 267 0.125
270 267 0.125
271 267 0.125
267 271 0.142857
269 271 0.142857
270 271 0.142857
272 271 0.142857
273 271 0.142857
274 271 0.142857
275 271 0.142857
268 278 0.125
274 278 0.125
275 278 0.125
276 278 0.125
277 278 0.125
280 278 0.125
281 278 0.125
282 278 0.125
269 273 0.166667
271 273 0.166667
274 273 0.166667
275 273 0.166667
276 273 0.166667
277 273 0.166667
271 275 0.111111
272 275 0.111111
273 275 0.111111
274 275 0.111111
276 275 0.111111
277 275 0.111111
278 275 0.111111
279 275 0.111111
292 275 0.111111
273 277 0.125
274 277 0.125
275 277 0.125
276 277 0.125
278 277 0.125
279 277 0.125
280 277 0.125
281 277 0.125
278 282 0.142857
279 282 0.142857
281 282 0.142857
283 282 0.142857
284 282 0.142857
285 282 0.142857
286 282 0.142857
280 284 0.166667
282 284 0.166667
285 284 0.166667
286 284 0.166667
287 284 0.166667
288 284 0.166667
284 287 0.166667
286 287 0.166667
288 287 0.166667
289 287 0.166667
290 287 0.166667
291 287 0.166667
284 288 0.125
285 288 0.125
286 288 0.125
287 288 0.125
289 288 0.125
290 288 0.125
291 288 0.125
292 288 0.125
287 291 0.142857
288 291 0.142857
289 291 0.142857
292 291 0.142857
293 291 0.142857
294 291 0.142857
295 291 0.142857
289 293 0.125
290 293 0.125
291 293 0.125
292 293 0.125
294 293 0.125
295 293 0.125
296 293 0.125
297 293 0.125
291 295 0.125
292 295 0.125
293 295 0.125
294 295 0.125
296 295 0.125
297 295 0.125
298 295 0.125
299 295 0.125
292 296 0.125
293 296 0.125
294 296 0.125
295 296 0.125
297 296 0.125
298 296 0.125
299 296 0.125
300 296 0.125
295 299 0.125
296 299 0.125
297 299 0.125
298 299 0.125
300 299 0.125
301 299 0.125
302 299 0.125
303 299 0.125
297 301 0.142857
299 301 0.142857
300 301 0.142857
302 301 0.142857
303 301 0.142857
304 301 0.142857
305 301 0.142857
297 313 0.111111
309 313 0.111111
310 313 0.111111
311 313 0.111111
312 313 0.111111
314 313 0.111111
315 313 0.111111
316 313 0.111111
317 313 0.111111
298 302 0.125
299 302 0.125
300 302 0.125
301 302 0.125
303 302 0.125
304 302 0.125
305 302 0.125
306 302 0.125
299 303 0.125
300 303 0.125
301 303 0.125
302 303 0.125
304 303 0.125
305 303 0.125
306 303 0.125
307 303 0.125
301 305 0.142857
302 305 0.142857
303 305 0.142857
306 305 0.142857
307 305 0.142857
308 305 0.142857
309 305 0.142857
302 306 0.125
303 306 0.125
304 306 0.125
305 306 0.125
307 306 0.125
308 306 0.125
309 306 0.125
310 306 0.125
308 311 0.2
312 311 0.2
313 311 0.2
314 311 0.2
315 311 0.2
1 0 0.125
319 0 0.125
318 0 0.125
3 0 0.125
317 0 0.125
4 0 0.125
316 0 0.125
59 0 0.125
