0 389 0.142857
1 389 0.142857
2 389 0.142857
3 389 0.142857
385 389 0.142857
386 389 0.142857
388 389 0.142857
0 2 0.125
1 2 0.125
3 2 0.125
4 2 0.125
5 2 0.125
389 2 0.125
6 2 0.125
388 2 0.125
0 388 0.125
1 388 0.125
2 388 0.125
384 388 0.125
385 388 0.125
386 388 0.125
387 388 0.125
389 388 0.125
0 3 0.125
1 3 0.125
2 3 0.125
4 3 0.125
5 3 0.125
6 3 0.125
7 3 0.125
389 3 0.125
0 387 0.125
1 387 0.125
71 387 0.125
383 387 0.125
384 387 0.125
385 387 0.125
386 387 0.125
388 387 0.125
0 4 0.125
1 4 0.125
2 4 0.125
3 4 0.125
5 4 0.125
6 4 0.125
7 4 0.125
8 4 0.125
0 386 0.111111
316 386 0.111111
382 386 0.111111
383 386 0.111111
384 386 0.111111
385 386 0.111111
387 386 0.111111
388 386 0.111111
389 386 0.111111
0 330 0.111111
100 330 0.111111
199 330 0.111111
326 330 0.111111
328 330 0.111111
329 330 0.111111
331 330 0.111111
333 330 0.111111
334 330 0.111111
1 5 0.111111
2 5 0.111111
3 5 0.111111
4 5 0.111111
6 5 0.111111
8 5 0.111111
9 5 0.111111
255 5 0.111111
64 5 0.111111
1 221 0.142857
217 221 0.142857
219 221 0.142857
220 221 0.142857
222 221 0.142857
223 221 0.142857
224 221 0.142857
2 6 0.125
3 6 0.125
4 6 0.125
5 6 0.125
7 6 0.125
9 6 0.125
10 6 0.125
262 6 0.125
3 7 0.142857
4 7 0.142857
6 7 0.142857
8 7 0.142857
9 7 0.142857
10 7 0.142857
11 7 0.142857
4 8 0.142857
5 8 0.142857
7 8 0.142857
9 8 0.142857
10 8 0.142857
11 8 0.142857
12 8 0.142857
5 9 0.125
6 9 0.125
7 9 0.125
8 9 0.125
10 9 0.125
12 9 0.125
13 9 0.125
176 9 0.125
5 255 0.111111
251 255 0.111111
252 255 0.111111
253 255 0.111111
254 255 0.111111
256 255 0.111111
257 255 0.111111
258 255 0.111111
259 255 0.111111
5 64 0.142857
60 64 0.142857
62 64 0.142857
63 64 0.142857
67 64 0.142857
68 64 0.142857
105 64 0.142857
6 10 0.111111
7 10 0.111111
8 10 0.111111
9 10 0.111111
11 10 0.111111
12 10 0.111111
14 10 0.111111
148 10 0.111111
61 10 0.111111
6 262 0.125
77 262 0.125
258 262 0.125
259 262 0.125
260 262 0.125
264 262 0.125
265 262 0.125
266 262 0.125
7 11 0.125
8 11 0.125
10 11 0.125
12 11 0.125
14 11 0.125
15 11 0.125
360 11 0.125
349 11 0.125
8 12 0.125
9 12 0.125
10 12 0.125
11 12 0.125
13 12 0.125
14 12 0.125
15 12 0.125
16 12 0.125
9 13 0.166667
12 13 0.166667
14 13 0.166667
15 13 0.166667
16 13 0.166667
17 13 0.166667
9 176 0.1
172 176 0.1
173 176 0.1
174 176 0.1
175 176 0.1
177 176 0.1
178 176 0.1
179 176 0.1
180 176 0.1
364 176 0.1
10 14 0.125
11 14 0.125
12 14 0.125
13 14 0.125
16 14 0.125
17 14 0.125
18 14 0.125
84 14 0.125
10 148 0.125
87 148 0.125
147 148 0.125
149 148 0.125
150 148 0.125
151 148 0.125
244 148 0.125
154 148 0.125
10 61 0.166667
59 61 0.166667
60 61 0.166667
62 61 0.166667
63 61 0.166667
152 61 0.166667
11 15 0.142857
12 15 0.142857
13 15 0.142857
16 15 0.142857
17 15 0.142857
18 15 0.142857
19 15 0.142857
11 360 0.1
308 360 0.1
356 360 0.1
357 360 0.1
358 360 0.1
359 360 0.1
361 360 0.1
362 360 0.1
363 360 0.1
364 360 0.1
11 349 0.1
122 349 0.1
240 349 0.1
345 349 0.1
346 349 0.1
347 349 0.1
348 349 0.1
350 349 0.1
352 349 0.1
353 349 0.1
12 16 0.111111
13 16 0.111111
14 16 0.111111
15 16 0.111111
17 16 0.111111
18 16 0.111111
19 16 0.111111
20 16 0.111111
304 16 0.111111
13 17 0.125
14 17 0.125
15 17 0.125
16 17 0.125
18 17 0.125
19 17 0.125
20 17 0.125
21 17 0.125
14 18 0.125
15 18 0.125
16 18 0.125
17 18 0.125
19 18 0.125
20 18 0.125
21 18 0.125
22 18 0.125
14 84 0.1
80 84 0.1
81 84 0.1
82 84 0.1
83 84 0.1
85 84 0.1
86 84 0.1
87 84 0.1
88 84 0.1
227 84 0.1
15 19 0.1
16 19 0.1
17 19 0.1
18 19 0.1
21 19 0.1
23 19 0.1
108 19 0.1
185 19 0.1
326 19 0.1
359 19 0.1
16 20 0.142857
17 20 0.142857
18 20 0.142857
21 20 0.142857
22 20 0.142857
23 20 0.142857
24 20 0.142857
16 304 0.142857
300 304 0.142857
301 304 0.142857
303 304 0.142857
305 304 0.142857
306 304 0.142857
308 304 0.142857
17 21 0.125
18 21 0.125
19 21 0.125
20 21 0.125
22 21 0.125
24 21 0.125
25 21 0.125
306 21 0.125
18 22 0.142857
20 22 0.142857
21 22 0.142857
23 22 0.142857
24 22 0.142857
26 22 0.142857
115 22 0.142857
19 23 0.142857
20 23 0.142857
22 23 0.142857
24 23 0.142857
25 23 0.142857
26 23 0.142857
27 23 0.142857
19 108 0.125
104 108 0.125
106 108 0.125
107 108 0.125
109 108 0.125
110 108 0.125
111 108 0.125
112 108 0.125
19 185 0.142857
181 185 0.142857
182 185 0.142857
183 185 0.142857
187 185 0.142857
188 185 0.142857
189 185 0.142857
19 326 0.166667
322 326 0.166667
324 326 0.166667
327 326 0.166667
329 326 0.166667
330 326 0.166667
19 359 0.142857
356 359 0.142857
358 359 0.142857
360 359 0.142857
361 359 0.142857
362 359 0.142857
363 359 0.142857
20 24 0.125
21 24 0.125
22 24 0.125
23 24 0.125
25 24 0.125
26 24 0.125
28 24 0.125
306 24 0.125
21 25 0.111111
23 25 0.111111
24 25 0.111111
26 25 0.111111
27 25 0.111111
28 25 0.111111
29 25 0.111111
325 25 0.111111
328 25 0.111111
21 306 0.1
24 306 0.1
121 306 0.1
297 306 0.1
302 306 0.1
303 306 0.1
304 306 0.1
305 306 0.1
307 306 0.1
309 306 0.1
22 26 0.125
23 26 0.125
24 26 0.125
25 26 0.125
27 26 0.125
28 26 0.125
29 26 0.125
30 26 0.125
22 115 0.111111
111 115 0.111111
112 115 0.111111
113 115 0.111111
114 115 0.111111
116 115 0.111111
117 115 0.111111
118 115 0.111111
119 115 0.111111
23 27 0.142857
25 27 0.142857
26 27 0.142857
28 27 0.142857
29 27 0.142857
30 27 0.142857
31 27 0.142857
24 28 0.125
25 28 0.125
26 28 0.125
27 28 0.125
29 28 0.125
30 28 0.125
32 28 0.125
112 28 0.125
25 29 0.125
26 29 0.125
27 29 0.125
28 29 0.125
30 29 0.125
31 29 0.125
32 29 0.125
33 29 0.125
25 325 0.125
321 325 0.125
322 325 0.125
323 325 0.125
324 325 0.125
327 325 0.125
328 325 0.125
329 325 0.125
25 328 0.125
119 328 0.125
324 328 0.125
325 328 0.125
327 328 0.125
329 328 0.125
330 328 0.125
332 328 0.125
26 30 0.1
27 30 0.1
28 30 0.1
29 30 0.1
31 30 0.1
32 30 0.1
33 30 0.1
34 30 0.1
271 30 0.1
355 30 0.1
27 31 0.142857
29 31 0.142857
30 31 0.142857
33 31 0.142857
34 31 0.142857
35 31 0.142857
119 31 0.142857
28 32 0.142857
29 32 0.142857
30 32 0.142857
33 32 0.142857
34 32 0.142857
35 32 0.142857
36 32 0.142857
28 112 0.111111
108 112 0.111111
110 112 0.111111
111 112 0.111111
113 112 0.111111
114 112 0.111111
115 112 0.111111
116 112 0.111111
260 112 0.111111
29 33 0.125
30 33 0.125
31 33 0.125
32 33 0.125
34 33 0.125
35 33 0.125
36 33 0.125
37 33 0.125
30 34 0.125
31 34 0.125
32 34 0.125
33 34 0.125
35 34 0.125
36 34 0.125
38 34 0.125
236 34 0.125
30 271 0.111111
220 271 0.111111
267 271 0.111111
268 271 0.111111
269 271 0.111111
270 271 0.111111
273 271 0.111111
274 271 0.111111
275 271 0.111111
30 355 0.125
207 355 0.125
351 355 0.125
352 355 0.125
353 355 0.125
354 355 0.125
356 355 0.125
358 355 0.125
31 35 0.125
32 35 0.125
33 35 0.125
34 35 0.125
36 35 0.125
37 35 0.125
38 35 0.125
39 35 0.125
31 119 0.1
92 119 0.1
115 119 0.1
116 119 0.1
117 119 0.1
118 119 0.1
123 119 0.1
328 119 0.1
362 119 0.1
303 119 0.1
32 36 0.125
33 36 0.125
34 36 0.125
35 36 0.125
37 36 0.125
38 36 0.125
39 36 0.125
40 36 0.125
33 37 0.142857
35 37 0.142857
36 37 0.142857
38 37 0.142857
41 37 0.142857
295 37 0.142857
342 37 0.142857
34 38 0.125
35 38 0.125
36 38 0.125
37 38 0.125
39 38 0.125
40 38 0.125
41 38 0.125
261 38 0.125
34 236 0.125
96 236 0.125
232 236 0.125
234 236 0.125
235 236 0.125
237 236 0.125
238 236 0.125
240 236 0.125
35 39 0.125
36 39 0.125
38 39 0.125
40 39 0.125
41 39 0.125
42 39 0.125
43 39 0.125
102 39 0.125
36 40 0.142857
38 40 0.142857
39 40 0.142857
41 40 0.142857
42 40 0.142857
43 40 0.142857
44 40 0.142857
37 41 0.125
38 41 0.125
39 41 0.125
40 41 0.125
42 41 0.125
43 41 0.125
44 41 0.125
45 41 0.125
37 295 0.1
183 295 0.1
291 295 0.1
292 295 0.1
293 295 0.1
294 295 0.1
296 295 0.1
297 295 0.1
298 295 0.1
299 295 0.1
37 342 0.111111
77 342 0.111111
338 342 0.111111
340 342 0.111111
341 342 0.111111
343 342 0.111111
344 342 0.111111
345 342 0.111111
346 342 0.111111
38 261 0.111111
253 261 0.111111
257 261 0.111111
258 261 0.111111
259 261 0.111111
260 261 0.111111
263 261 0.111111
265 261 0.111111
267 261 0.111111
39 42 0.142857
40 42 0.142857
41 42 0.142857
43 42 0.142857
44 42 0.142857
45 42 0.142857
46 42 0.142857
39 43 0.125
40 43 0.125
41 43 0.125
42 43 0.125
44 43 0.125
45 43 0.125
46 43 0.125
47 43 0.125
39 102 0.111111
98 102 0.111111
99 102 0.111111
100 102 0.111111
101 102 0.111111
103 102 0.111111
104 102 0.111111
302 102 0.111111
294 102 0.111111
40 44 0.125
41 44 0.125
42 44 0.125
43 44 0.125
45 44 0.125
46 44 0.125
47 44 0.125
48 44 0.125
41 45 0.111111
42 45 0.111111
43 45 0.111111
44 45 0.111111
46 45 0.111111
47 45 0.111111
48 45 0.111111
49 45 0.111111
218 45 0.111111
42 46 0.125
43 46 0.125
44 46 0.125
45 46 0.125
48 46 0.125
49 46 0.125
50 46 0.125
78 46 0.125
43 47 0.142857
44 47 0.142857
45 47 0.142857
48 47 0.142857
49 47 0.142857
50 47 0.142857
51 47 0.142857
44 48 0.1
45 48 0.1
46 48 0.1
47 48 0.1
49 48 0.1
50 48 0.1
51 48 0.1
52 48 0.1
79 48 0.1
181 48 0.1
45 49 0.125
46 49 0.125
47 49 0.125
48 49 0.125
50 49 0.125
51 49 0.125
52 49 0.125
144 49 0.125
45 218 0.111111
189 218 0.111111
214 218 0.111111
215 218 0.111111
216 218 0.111111
217 218 0.111111
219 218 0.111111
220 218 0.111111
222 218 0.111111
46 50 0.125
47 50 0.125
48 50 0.125
49 50 0.125
51 50 0.125
52 50 0.125
53 50 0.125
54 50 0.125
46 78 0.111111
74 78 0.111111
75 78 0.111111
76 78 0.111111
77 78 0.111111
79 78 0.111111
80 78 0.111111
81 78 0.111111
82 78 0.111111
47 51 0.111111
48 51 0.111111
49 51 0.111111
50 51 0.111111
53 51 0.111111
54 51 0.111111
55 51 0.111111
63 51 0.111111
297 51 0.111111
48 52 0.142857
49 52 0.142857
50 52 0.142857
53 52 0.142857
54 52 0.142857
55 52 0.142857
56 52 0.142857
48 79 0.125
75 79 0.125
76 79 0.125
77 79 0.125
78 79 0.125
81 79 0.125
82 79 0.125
83 79 0.125
48 181 0.125
178 181 0.125
179 181 0.125
180 181 0.125
182 181 0.125
184 181 0.125
185 181 0.125
265 181 0.125
49 144 0.111111
70 144 0.111111
140 144 0.111111
141 144 0.111111
142 144 0.111111
143 144 0.111111
145 144 0.111111
146 144 0.111111
147 144 0.111111
50 53 0.125
51 53 0.125
52 53 0.125
54 53 0.125
55 53 0.125
56 53 0.125
226 53 0.125
149 53 0.125
50 54 0.125
51 54 0.125
52 54 0.125
53 54 0.125
56 54 0.125
57 54 0.125
58 54 0.125
198 54 0.125
51 55 0.142857
52 55 0.142857
53 55 0.142857
58 55 0.142857
59 55 0.142857
287 55 0.142857
371 55 0.142857
51 63 0.090909
59 63 0.090909
60 63 0.090909
61 63 0.090909
62 63 0.090909
64 63 0.090909
65 63 0.090909
66 63 0.090909
67 63 0.090909
274 63 0.090909
376 63 0.090909
51 297 0.111111
293 297 0.111111
294 297 0.111111
295 297 0.111111
296 297 0.111111
298 297 0.111111
299 297 0.111111
300 297 0.111111
306 297 0.111111
52 56 0.125
53 56 0.125
54 56 0.125
58 56 0.125
59 56 0.125
60 56 0.125
150 56 0.125
364 56 0.125
53 226 0.111111
105 226 0.111111
170 226 0.111111
222 226 0.111111
223 226 0.111111
225 226 0.111111
227 226 0.111111
228 226 0.111111
230 226 0.111111
53 149 0.111111
145 149 0.111111
146 149 0.111111
147 149 0.111111
148 149 0.111111
150 149 0.111111
151 149 0.111111
152 149 0.111111
153 149 0.111111
54 57 0.166667
58 57 0.166667
59 57 0.166667
60 57 0.166667
93 57 0.166667
215 57 0.166667
54 58 0.125
55 58 0.125
56 58 0.125
57 58 0.125
60 58 0.125
62 58 0.125
332 58 0.125
118 58 0.125
54 198 0.1
194 198 0.1
195 198 0.1
196 198 0.1
197 198 0.1
199 198 0.1
200 198 0.1
201 198 0.1
202 198 0.1
277 198 0.1
55 59 0.142857
56 59 0.142857
57 59 0.142857
60 59 0.142857
61 59 0.142857
62 59 0.142857
63 59 0.142857
55 287 0.125
284 287 0.125
285 287 0.125
286 287 0.125
288 287 0.125
289 287 0.125
290 287 0.125
291 287 0.125
55 371 0.1
350 371 0.1
367 371 0.1
368 371 0.1
369 371 0.1
370 371 0.1
372 371 0.1
373 371 0.1
374 371 0.1
375 371 0.1
56 60 0.125
57 60 0.125
58 60 0.125
59 60 0.125
61 60 0.125
62 60 0.125
63 60 0.125
64 60 0.125
56 150 0.125
147 150 0.125
148 150 0.125
149 150 0.125
151 150 0.125
153 150 0.125
154 150 0.125
184 150 0.125
56 364 0.142857
176 364 0.142857
360 364 0.142857
361 364 0.142857
363 364 0.142857
365 364 0.142857
368 364 0.142857
57 93 0.125
89 93 0.125
90 93 0.125
91 93 0.125
92 93 0.125
94 93 0.125
96 93 0.125
97 93 0.125
57 215 0.111111
211 215 0.111111
212 215 0.111111
213 215 0.111111
214 215 0.111111
216 215 0.111111
217 215 0.111111
218 215 0.111111
219 215 0.111111
58 62 0.111111
59 62 0.111111
60 62 0.111111
61 62 0.111111
63 62 0.111111
64 62 0.111111
65 62 0.111111
66 62 0.111111
357 62 0.111111
58 332 0.125
328 332 0.125
329 332 0.125
331 332 0.125
333 332 0.125
334 332 0.125
335 332 0.125
336 332 0.125
58 118 0.111111
114 118 0.111111
115 118 0.111111
116 118 0.111111
117 118 0.111111
119 118 0.111111
120 118 0.111111
121 118 0.111111
122 118 0.111111
61 152 0.125
149 152 0.125
151 152 0.125
153 152 0.125
154 152 0.125
155 152 0.125
156 152 0.125
329 152 0.125
62 65 0.166667
63 65 0.166667
66 65 0.166667
67 65 0.166667
69 65 0.166667
358 65 0.166667
62 66 0.125
63 66 0.125
65 66 0.125
67 66 0.125
68 66 0.125
69 66 0.125
70 66 0.125
354 66 0.125
62 357 0.142857
353 357 0.142857
354 357 0.142857
356 357 0.142857
358 357 0.142857
360 357 0.142857
361 357 0.142857
63 67 0.111111
64 67 0.111111
65 67 0.111111
66 67 0.111111
68 67 0.111111
69 67 0.111111
70 67 0.111111
71 67 0.111111
288 67 0.111111
63 274 0.111111
184 274 0.111111
270 274 0.111111
271 274 0.111111
272 274 0.111111
273 274 0.111111
275 274 0.111111
276 274 0.111111
277 274 0.111111
63 376 0.142857
372 376 0.142857
373 376 0.142857
374 376 0.142857
377 376 0.142857
378 376 0.142857
379 376 0.142857
64 68 0.142857
66 68 0.142857
67 68 0.142857
69 68 0.142857
70 68 0.142857
71 68 0.142857
72 68 0.142857
64 105 0.142857
101 105 0.142857
104 105 0.142857
106 105 0.142857
107 105 0.142857
109 105 0.142857
226 105 0.142857
65 69 0.125
66 69 0.125
67 69 0.125
68 69 0.125
70 69 0.125
71 69 0.125
73 69 0.125
298 69 0.125
65 358 0.111111
99 358 0.111111
142 358 0.111111
355 358 0.111111
356 358 0.111111
357 358 0.111111
359 358 0.111111
360 358 0.111111
361 358 0.111111
66 70 0.111111
67 70 0.111111
68 70 0.111111
69 70 0.111111
71 70 0.111111
72 70 0.111111
73 70 0.111111
74 70 0.111111
144 70 0.111111
66 354 0.125
350 354 0.125
351 354 0.125
352 354 0.125
353 354 0.125
355 354 0.125
356 354 0.125
357 354 0.125
67 71 0.111111
68 71 0.111111
69 71 0.111111
70 71 0.111111
72 71 0.111111
73 71 0.111111
74 71 0.111111
75 71 0.111111
387 71 0.111111
67 288 0.125
284 288 0.125
285 288 0.125
286 288 0.125
287 288 0.125
289 288 0.125
290 288 0.125
292 288 0.125
68 72 0.142857
70 72 0.142857
71 72 0.142857
73 72 0.142857
74 72 0.142857
75 72 0.142857
285 72 0.142857
69 73 0.125
70 73 0.125
71 73 0.125
72 73 0.125
74 73 0.125
75 73 0.125
76 73 0.125
103 73 0.125
69 298 0.111111
294 298 0.111111
295 298 0.111111
296 298 0.111111
297 298 0.111111
299 298 0.111111
300 298 0.111111
301 298 0.111111
302 298 0.111111
70 74 0.125
71 74 0.125
72 74 0.125
73 74 0.125
75 74 0.125
76 74 0.125
77 74 0.125
78 74 0.125
71 75 0.111111
72 75 0.111111
73 75 0.111111
74 75 0.111111
76 75 0.111111
77 75 0.111111
78 75 0.111111
79 75 0.111111
224 75 0.111111
72 285 0.111111
146 285 0.111111
281 285 0.111111
282 285 0.111111
284 285 0.111111
286 285 0.111111
287 285 0.111111
288 285 0.111111
289 285 0.111111
73 76 0.142857
74 76 0.142857
75 76 0.142857
77 76 0.142857
78 76 0.142857
79 76 0.142857
80 76 0.142857
73 103 0.125
99 103 0.125
101 103 0.125
102 103 0.125
104 103 0.125
106 103 0.125
107 103 0.125
133 103 0.125
74 77 0.125
75 77 0.125
76 77 0.125
78 77 0.125
79 77 0.125
81 77 0.125
262 77 0.125
342 77 0.125
75 224 0.142857
113 224 0.142857
221 224 0.142857
223 224 0.142857
227 224 0.142857
228 224 0.142857
362 224 0.142857
76 80 0.166667
78 80 0.166667
81 80 0.166667
82 80 0.166667
83 80 0.166667
84 80 0.166667
77 81 0.125
78 81 0.125
79 81 0.125
80 81 0.125
82 81 0.125
83 81 0.125
84 81 0.125
85 81 0.125
78 82 0.125
79 82 0.125
80 82 0.125
81 82 0.125
83 82 0.125
84 82 0.125
85 82 0.125
86 82 0.125
79 83 0.111111
80 83 0.111111
81 83 0.111111
82 83 0.111111
84 83 0.111111
86 83 0.111111
87 83 0.111111
282 83 0.111111
172 83 0.111111
81 85 0.142857
82 85 0.142857
84 85 0.142857
86 85 0.142857
87 85 0.142857
88 85 0.142857
89 85 0.142857
82 86 0.125
83 86 0.125
84 86 0.125
85 86 0.125
87 86 0.125
88 86 0.125
89 86 0.125
90 86 0.125
83 87 0.125
84 87 0.125
85 87 0.125
86 87 0.125
88 87 0.125
90 87 0.125
91 87 0.125
148 87 0.125
83 282 0.111111
278 282 0.111111
279 282 0.111111
280 282 0.111111
281 282 0.111111
283 282 0.111111
284 282 0.111111
285 282 0.111111
286 282 0.111111
83 172 0.142857
168 172 0.142857
169 172 0.142857
171 172 0.142857
173 172 0.142857
174 172 0.142857
176 172 0.142857
84 88 0.125
85 88 0.125
86 88 0.125
87 88 0.125
89 88 0.125
90 88 0.125
91 88 0.125
92 88 0.125
84 227 0.111111
217 227 0.111111
223 227 0.111111
224 227 0.111111
225 227 0.111111
226 227 0.111111
228 227 0.111111
230 227 0.111111
231 227 0.111111
85 89 0.142857
86 89 0.142857
88 89 0.142857
90 89 0.142857
91 89 0.142857
92 89 0.142857
93 89 0.142857
86 90 0.125
87 90 0.125
88 90 0.125
89 90 0.125
91 90 0.125
93 90 0.125
94 90 0.125
259 90 0.125
87 91 0.111111
88 91 0.111111
89 91 0.111111
90 91 0.111111
93 91 0.111111
94 91 0.111111
95 91 0.111111
106 91 0.111111
233 91 0.111111
88 92 0.142857
89 92 0.142857
93 92 0.142857
94 92 0.142857
95 92 0.142857
96 92 0.142857
119 92 0.142857
90 94 0.125
91 94 0.125
92 94 0.125
93 94 0.125
95 94 0.125
96 94 0.125
97 94 0.125
98 94 0.125
90 259 0.111111
255 259 0.111111
256 259 0.111111
257 259 0.111111
258 259 0.111111
260 259 0.111111
261 259 0.111111
262 259 0.111111
263 259 0.111111
91 95 0.142857
92 95 0.142857
94 95 0.142857
96 95 0.142857
97 95 0.142857
98 95 0.142857
99 95 0.142857
91 106 0.125
103 106 0.125
104 106 0.125
105 106 0.125
107 106 0.125
108 106 0.125
109 106 0.125
110 106 0.125
91 233 0.125
229 233 0.125
230 233 0.125
231 233 0.125
232 233 0.125
234 233 0.125
235 233 0.125
237 233 0.125
92 96 0.111111
93 96 0.111111
94 96 0.111111
95 96 0.111111
97 96 0.111111
98 96 0.111111
99 96 0.111111
100 96 0.111111
236 96 0.111111
93 97 0.125
94 97 0.125
95 97 0.125
96 97 0.125
98 97 0.125
99 97 0.125
100 97 0.125
101 97 0.125
94 98 0.125
95 98 0.125
96 98 0.125
97 98 0.125
99 98 0.125
100 98 0.125
101 98 0.125
102 98 0.125
95 99 0.125
96 99 0.125
97 99 0.125
98 99 0.125
100 99 0.125
102 99 0.125
103 99 0.125
358 99 0.125
96 100 0.111111
97 100 0.111111
98 100 0.111111
99 100 0.111111
102 100 0.111111
104 100 0.111111
277 100 0.111111
336 100 0.111111
330 100 0.111111
97 101 0.166667
98 101 0.166667
102 101 0.166667
103 101 0.166667
105 101 0.166667
263 101 0.166667
100 104 0.142857
102 104 0.142857
103 104 0.142857
105 104 0.142857
106 104 0.142857
107 104 0.142857
108 104 0.142857
100 277 0.111111
198 277 0.111111
273 277 0.111111
274 277 0.111111
275 277 0.111111
276 277 0.111111
279 277 0.111111
280 277 0.111111
281 277 0.111111
100 336 0.125
332 336 0.125
333 336 0.125
334 336 0.125
335 336 0.125
338 336 0.125
339 336 0.125
340 336 0.125
101 263 0.125
222 263 0.125
259 263 0.125
261 263 0.125
264 263 0.125
266 263 0.125
267 263 0.125
379 263 0.125
102 302 0.111111
298 302 0.111111
299 302 0.111111
300 302 0.111111
301 302 0.111111
303 302 0.111111
305 302 0.111111
306 302 0.111111
323 302 0.111111
102 294 0.1
290 294 0.1
291 294 0.1
292 294 0.1
293 294 0.1
295 294 0.1
296 294 0.1
297 294 0.1
298 294 0.1
299 294 0.1
103 107 0.125
104 107 0.125
105 107 0.125
106 107 0.125
108 107 0.125
109 107 0.125
110 107 0.125
111 107 0.125
103 133 0.111111
129 133 0.111111
130 133 0.111111
131 133 0.111111
132 133 0.111111
134 133 0.111111
135 133 0.111111
136 133 0.111111
292 133 0.111111
105 109 0.125
106 109 0.125
107 109 0.125
108 109 0.125
110 109 0.125
111 109 0.125
113 109 0.125
136 109 0.125
106 110 0.125
107 110 0.125
108 110 0.125
109 110 0.125
111 110 0.125
112 110 0.125
113 110 0.125
114 110 0.125
107 111 0.125
108 111 0.125
109 111 0.125
110 111 0.125
112 111 0.125
113 111 0.125
114 111 0.125
115 111 0.125
109 113 0.1
110 113 0.1
111 113 0.1
112 113 0.1
114 113 0.1
115 113 0.1
117 113 0.1
224 113 0.1
238 113 0.1
201 113 0.1
109 136 0.142857
132 136 0.142857
133 136 0.142857
137 136 0.142857
138 136 0.142857
139 136 0.142857
140 136 0.142857
110 114 0.125
111 114 0.125
112 114 0.125
113 114 0.125
115 114 0.125
116 114 0.125
117 114 0.125
118 114 0.125
112 116 0.142857
114 116 0.142857
115 116 0.142857
117 116 0.142857
118 116 0.142857
119 116 0.142857
322 116 0.142857
112 260 0.125
256 260 0.125
257 260 0.125
258 260 0.125
259 260 0.125
261 260 0.125
262 260 0.125
264 260 0.125
113 117 0.111111
114 117 0.111111
115 117 0.111111
116 117 0.111111
118 117 0.111111
119 117 0.111111
120 117 0.111111
121 117 0.111111
339 117 0.111111
113 238 0.111111
203 238 0.111111
234 238 0.111111
235 238 0.111111
236 238 0.111111
237 238 0.111111
240 238 0.111111
241 238 0.111111
347 238 0.111111
113 201 0.1
143 201 0.1
197 201 0.1
198 201 0.1
199 201 0.1
200 201 0.1
202 201 0.1
203 201 0.1
204 201 0.1
205 201 0.1
116 322 0.111111
318 322 0.111111
319 322 0.111111
320 322 0.111111
321 322 0.111111
323 322 0.111111
324 322 0.111111
325 322 0.111111
326 322 0.111111
117 120 0.142857
118 120 0.142857
121 120 0.142857
122 120 0.142857
123 120 0.142857
124 120 0.142857
200 120 0.142857
117 121 0.125
118 121 0.125
120 121 0.125
122 121 0.125
123 121 0.125
124 121 0.125
125 121 0.125
306 121 0.125
117 339 0.125
128 339 0.125
335 339 0.125
336 339 0.125
337 339 0.125
338 339 0.125
340 339 0.125
341 339 0.125
118 122 0.142857
120 122 0.142857
121 122 0.142857
123 122 0.142857
124 122 0.142857
126 122 0.142857
349 122 0.142857
119 123 0.125
120 123 0.125
121 123 0.125
122 123 0.125
124 123 0.125
125 123 0.125
127 123 0.125
175 123 0.125
119 362 0.125
224 362 0.125
359 362 0.125
360 362 0.125
361 362 0.125
363 362 0.125
365 362 0.125
366 362 0.125
119 303 0.125
299 303 0.125
300 303 0.125
301 303 0.125
302 303 0.125
304 303 0.125
305 303 0.125
306 303 0.125
120 124 0.125
121 124 0.125
122 124 0.125
123 124 0.125
125 124 0.125
126 124 0.125
127 124 0.125
128 124 0.125
120 200 0.111111
143 200 0.111111
196 200 0.111111
197 200 0.111111
198 200 0.111111
199 200 0.111111
201 200 0.111111
203 200 0.111111
204 200 0.111111
121 125 0.142857
123 125 0.142857
124 125 0.142857
126 125 0.142857
127 125 0.142857
128 125 0.142857
129 125 0.142857
122 126 0.125
124 126 0.125
125 126 0.125
128 126 0.125
129 126 0.125
130 126 0.125
249 126 0.125
135 126 0.125
123 127 0.142857
124 127 0.142857
125 127 0.142857
128 127 0.142857
129 127 0.142857
130 127 0.142857
131 127 0.142857
123 175 0.125
171 175 0.125
173 175 0.125
174 175 0.125
176 175 0.125
177 175 0.125
178 175 0.125
179 175 0.125
124 128 0.111111
125 128 0.111111
126 128 0.111111
127 128 0.111111
129 128 0.111111
130 128 0.111111
131 128 0.111111
132 128 0.111111
339 128 0.111111
125 129 0.125
126 129 0.125
127 129 0.125
128 129 0.125
130 129 0.125
131 129 0.125
132 129 0.125
133 129 0.125
126 130 0.125
127 130 0.125
128 130 0.125
129 130 0.125
131 130 0.125
132 130 0.125
133 130 0.125
272 130 0.125
126 249 0.111111
245 249 0.111111
246 249 0.111111
247 249 0.111111
248 249 0.111111
250 249 0.111111
251 249 0.111111
252 249 0.111111
253 249 0.111111
126 135 0.125
131 135 0.125
132 135 0.125
133 135 0.125
134 135 0.125
137 135 0.125
139 135 0.125
180 135 0.125
127 131 0.125
128 131 0.125
129 131 0.125
130 131 0.125
132 131 0.125
133 131 0.125
134 131 0.125
135 131 0.125
128 132 0.125
129 132 0.125
130 132 0.125
131 132 0.125
133 132 0.125
134 132 0.125
135 132 0.125
136 132 0.125
130 272 0.125
268 272 0.125
269 272 0.125
270 272 0.125
273 272 0.125
274 272 0.125
275 272 0.125
276 272 0.125
131 134 0.142857
132 134 0.142857
133 134 0.142857
135 134 0.142857
137 134 0.142857
138 134 0.142857
280 134 0.142857
133 292 0.111111
246 292 0.111111
288 292 0.111111
289 292 0.111111
290 292 0.111111
291 292 0.111111
293 292 0.111111
294 292 0.111111
295 292 0.111111
134 137 0.142857
135 137 0.142857
136 137 0.142857
138 137 0.142857
139 137 0.142857
140 137 0.142857
141 137 0.142857
134 138 0.142857
136 138 0.142857
137 138 0.142857
139 138 0.142857
140 138 0.142857
141 138 0.142857
142 138 0.142857
134 280 0.111111
276 280 0.111111
277 280 0.111111
278 280 0.111111
279 280 0.111111
281 280 0.111111
282 280 0.111111
283 280 0.111111
284 280 0.111111
135 139 0.125
136 139 0.125
137 139 0.125
138 139 0.125
141 139 0.125
142 139 0.125
143 139 0.125
158 139 0.125
135 180 0.111111
176 180 0.111111
177 180 0.111111
178 180 0.111111
179 180 0.111111
181 180 0.111111
182 180 0.111111
183 180 0.111111
184 180 0.111111
136 140 0.142857
137 140 0.142857
138 140 0.142857
141 140 0.142857
142 140 0.142857
143 140 0.142857
144 140 0.142857
137 141 0.125
138 141 0.125
139 141 0.125
140 141 0.125
142 141 0.125
143 141 0.125
144 141 0.125
145 141 0.125
138 142 0.111111
139 142 0.111111
140 142 0.111111
141 142 0.111111
143 142 0.111111
144 142 0.111111
145 142 0.111111
146 142 0.111111
358 142 0.111111
139 143 0.125
140 143 0.125
141 143 0.125
142 143 0.125
144 143 0.125
146 143 0.125
200 143 0.125
201 143 0.125
139 158 0.111111
154 158 0.111111
155 158 0.111111
156 158 0.111111
157 158 0.111111
159 158 0.111111
160 158 0.111111
161 158 0.111111
162 158 0.111111
141 145 0.142857
142 145 0.142857
144 145 0.142857
146 145 0.142857
147 145 0.142857
149 145 0.142857
352 145 0.142857
142 146 0.125
143 146 0.125
144 146 0.125
145 146 0.125
147 146 0.125
149 146 0.125
285 146 0.125
191 146 0.125
144 147 0.142857
145 147 0.142857
146 147 0.142857
148 147 0.142857
149 147 0.142857
150 147 0.142857
151 147 0.142857
145 352 0.111111
348 352 0.111111
349 352 0.111111
350 352 0.111111
351 352 0.111111
353 352 0.111111
354 352 0.111111
355 352 0.111111
356 352 0.111111
146 191 0.111111
187 191 0.111111
188 191 0.111111
189 191 0.111111
190 191 0.111111
192 191 0.111111
193 191 0.111111
194 191 0.111111
195 191 0.111111
147 151 0.125
148 151 0.125
149 151 0.125
150 151 0.125
152 151 0.125
153 151 0.125
154 151 0.125
155 151 0.125
148 244 0.125
240 244 0.125
241 244 0.125
242 244 0.125
243 244 0.125
245 244 0.125
247 244 0.125
248 244 0.125
148 154 0.111111
150 154 0.111111
151 154 0.111111
152 154 0.111111
153 154 0.111111
155 154 0.111111
156 154 0.111111
157 154 0.111111
158 154 0.111111
149 153 0.125
150 153 0.125
151 153 0.125
152 153 0.125
154 153 0.125
155 153 0.125
156 153 0.125
195 153 0.125
150 184 0.125
180 184 0.125
181 184 0.125
182 184 0.125
186 184 0.125
187 184 0.125
347 184 0.125
274 184 0.125
151 155 0.111111
152 155 0.111111
153 155 0.111111
154 155 0.111111
156 155 0.111111
157 155 0.111111
158 155 0.111111
159 155 0.111111
234 155 0.111111
152 156 0.125
153 156 0.125
154 156 0.125
155 156 0.125
157 156 0.125
158 156 0.125
159 156 0.125
160 156 0.125
152 329 0.111111
243 329 0.111111
325 329 0.111111
326 329 0.111111
327 329 0.111111
328 329 0.111111
330 329 0.111111
332 329 0.111111
333 329 0.111111
153 195 0.111111
191 195 0.111111
192 195 0.111111
193 195 0.111111
194 195 0.111111
196 195 0.111111
197 195 0.111111
198 195 0.111111
199 195 0.111111
154 157 0.142857
155 157 0.142857
156 157 0.142857
158 157 0.142857
159 157 0.142857
160 157 0.142857
199 157 0.142857
155 159 0.111111
156 159 0.111111
157 159 0.111111
158 159 0.111111
160 159 0.111111
161 159 0.111111
162 159 0.111111
163 159 0.111111
374 159 0.111111
155 234 0.125
230 234 0.125
231 234 0.125
232 234 0.125
233 234 0.125
235 234 0.125
236 234 0.125
238 234 0.125
156 160 0.125
157 160 0.125
158 160 0.125
159 160 0.125
161 160 0.125
162 160 0.125
163 160 0.125
164 160 0.125
157 199 0.1
195 199 0.1
196 199 0.1
197 199 0.1
198 199 0.1
200 199 0.1
201 199 0.1
202 199 0.1
203 199 0.1
330 199 0.1
158 161 0.142857
159 161 0.142857
160 161 0.142857
163 161 0.142857
164 161 0.142857
165 161 0.142857
337 161 0.142857
158 162 0.125
159 162 0.125
160 162 0.125
164 162 0.125
165 162 0.125
166 162 0.125
338 162 0.125
283 162 0.125
159 163 0.142857
160 163 0.142857
161 163 0.142857
164 163 0.142857
165 163 0.142857
166 163 0.142857
167 163 0.142857
159 374 0.125
369 374 0.125
370 374 0.125
371 374 0.125
372 374 0.125
373 374 0.125
376 374 0.125
378 374 0.125
160 164 0.125
161 164 0.125
162 164 0.125
163 164 0.125
165 164 0.125
166 164 0.125
168 164 0.125
382 164 0.125
161 165 0.111111
162 165 0.111111
163 165 0.111111
164 165 0.111111
166 165 0.111111
167 165 0.111111
169 165 0.111111
348 165 0.111111
309 165 0.111111
161 337 0.125
333 337 0.125
334 337 0.125
335 337 0.125
338 337 0.125
339 337 0.125
340 337 0.125
341 337 0.125
162 166 0.125
163 166 0.125
164 166 0.125
165 166 0.125
167 166 0.125
168 166 0.125
169 166 0.125
170 166 0.125
162 338 0.111111
177 338 0.111111
334 338 0.111111
336 338 0.111111
337 338 0.111111
339 338 0.111111
340 338 0.111111
341 338 0.111111
342 338 0.111111
162 283 0.125
279 283 0.125
280 283 0.125
281 283 0.125
282 283 0.125
284 283 0.125
286 283 0.125
380 283 0.125
163 167 0.125
165 167 0.125
166 167 0.125
168 167 0.125
169 167 0.125
170 167 0.125
171 167 0.125
311 167 0.125
164 168 0.142857
166 168 0.142857
167 168 0.142857
169 168 0.142857
170 168 0.142857
171 168 0.142857
172 168 0.142857
164 382 0.111111
235 382 0.111111
378 382 0.111111
379 382 0.111111
380 382 0.111111
381 382 0.111111
383 382 0.111111
385 382 0.111111
386 382 0.111111
165 169 0.125
166 169 0.125
167 169 0.125
168 169 0.125
170 169 0.125
171 169 0.125
172 169 0.125
173 169 0.125
165 348 0.125
344 348 0.125
345 348 0.125
346 348 0.125
349 348 0.125
350 348 0.125
351 348 0.125
352 348 0.125
165 309 0.142857
305 309 0.142857
306 309 0.142857
307 309 0.142857
310 309 0.142857
311 309 0.142857
313 309 0.142857
166 170 0.125
167 170 0.125
168 170 0.125
169 170 0.125
171 170 0.125
173 170 0.125
174 170 0.125
226 170 0.125
167 171 0.125
168 171 0.125
169 171 0.125
170 171 0.125
172 171 0.125
173 171 0.125
174 171 0.125
175 171 0.125
167 311 0.142857
307 311 0.142857
309 311 0.142857
310 311 0.142857
312 311 0.142857
314 311 0.142857
315 311 0.142857
169 173 0.125
170 173 0.125
171 173 0.125
172 173 0.125
174 173 0.125
175 173 0.125
176 173 0.125
177 173 0.125
170 174 0.125
171 174 0.125
172 174 0.125
173 174 0.125
175 174 0.125
176 174 0.125
177 174 0.125
178 174 0.125
173 177 0.125
174 177 0.125
175 177 0.125
176 177 0.125
178 177 0.125
179 177 0.125
180 177 0.125
338 177 0.125
174 178 0.125
175 178 0.125
176 178 0.125
177 178 0.125
179 178 0.125
180 178 0.125
181 178 0.125
182 178 0.125
175 179 0.125
176 179 0.125
177 179 0.125
178 179 0.125
180 179 0.125
181 179 0.125
182 179 0.125
183 179 0.125
178 182 0.125
179 182 0.125
180 182 0.125
181 182 0.125
183 182 0.125
184 182 0.125
185 182 0.125
186 182 0.125
179 183 0.142857
180 183 0.142857
182 183 0.142857
185 183 0.142857
186 183 0.142857
187 183 0.142857
295 183 0.142857
181 265 0.142857
261 265 0.142857
262 265 0.142857
264 265 0.142857
266 265 0.142857
267 265 0.142857
269 265 0.142857
182 186 0.142857
183 186 0.142857
184 186 0.142857
187 186 0.142857
188 186 0.142857
189 186 0.142857
190 186 0.142857
183 187 0.125
184 187 0.125
185 187 0.125
186 187 0.125
188 187 0.125
189 187 0.125
190 187 0.125
191 187 0.125
184 347 0.111111
238 347 0.111111
343 347 0.111111
344 347 0.111111
345 347 0.111111
346 347 0.111111
349 347 0.111111
350 347 0.111111
351 347 0.111111
185 188 0.142857
186 188 0.142857
187 188 0.142857
189 188 0.142857
190 188 0.142857
191 188 0.142857
192 188 0.142857
185 189 0.125
186 189 0.125
187 189 0.125
188 189 0.125
191 189 0.125
192 189 0.125
193 189 0.125
218 189 0.125
186 190 0.142857
187 190 0.142857
188 190 0.142857
191 190 0.142857
192 190 0.142857
193 190 0.142857
194 190 0.142857
188 192 0.125
189 192 0.125
190 192 0.125
191 192 0.125
193 192 0.125
194 192 0.125
195 192 0.125
196 192 0.125
189 193 0.125
190 193 0.125
191 193 0.125
192 193 0.125
194 193 0.125
195 193 0.125
196 193 0.125
197 193 0.125
190 194 0.125
191 194 0.125
192 194 0.125
193 194 0.125
195 194 0.125
196 194 0.125
197 194 0.125
198 194 0.125
192 196 0.125
193 196 0.125
194 196 0.125
195 196 0.125
197 196 0.125
198 196 0.125
199 196 0.125
200 196 0.125
193 197 0.125
194 197 0.125
195 197 0.125
196 197 0.125
198 197 0.125
199 197 0.125
200 197 0.125
201 197 0.125
198 202 0.111111
199 202 0.111111
201 202 0.111111
203 202 0.111111
205 202 0.111111
206 202 0.111111
275 202 0.111111
289 202 0.111111
340 202 0.111111
199 203 0.1
200 203 0.1
201 203 0.1
202 203 0.1
204 203 0.1
205 203 0.1
206 203 0.1
207 203 0.1
343 203 0.1
238 203 0.1
200 204 0.142857
201 204 0.142857
203 204 0.142857
205 204 0.142857
206 204 0.142857
207 204 0.142857
208 204 0.142857
201 205 0.125
202 205 0.125
203 205 0.125
204 205 0.125
206 205 0.125
207 205 0.125
208 205 0.125
209 205 0.125
202 206 0.125
203 206 0.125
204 206 0.125
205 206 0.125
207 206 0.125
208 206 0.125
209 206 0.125
240 206 0.125
202 275 0.125
271 275 0.125
272 275 0.125
273 275 0.125
274 275 0.125
277 275 0.125
278 275 0.125
279 275 0.125
202 289 0.111111
285 289 0.111111
286 289 0.111111
287 289 0.111111
288 289 0.111111
290 289 0.111111
291 289 0.111111
292 289 0.111111
293 289 0.111111
202 340 0.125
336 340 0.125
337 340 0.125
338 340 0.125
339 340 0.125
341 340 0.125
342 340 0.125
343 340 0.125
203 207 0.111111
204 207 0.111111
205 207 0.111111
206 207 0.111111
208 207 0.111111
209 207 0.111111
210 207 0.111111
211 207 0.111111
355 207 0.111111
203 343 0.142857
340 343 0.142857
341 343 0.142857
342 343 0.142857
344 343 0.142857
345 343 0.142857
347 343 0.142857
204 208 0.125
205 208 0.125
206 208 0.125
207 208 0.125
209 208 0.125
210 208 0.125
211 208 0.125
212 208 0.125
205 209 0.125
206 209 0.125
207 209 0.125
208 209 0.125
210 209 0.125
211 209 0.125
212 209 0.125
296 209 0.125
206 240 0.111111
236 240 0.111111
237 240 0.111111
238 240 0.111111
239 240 0.111111
241 240 0.111111
244 240 0.111111
349 240 0.111111
335 240 0.111111
207 210 0.142857
208 210 0.142857
209 210 0.142857
211 210 0.142857
212 210 0.142857
213 210 0.142857
214 210 0.142857
207 211 0.125
208 211 0.125
209 211 0.125
210 211 0.125
212 211 0.125
213 211 0.125
214 211 0.125
215 211 0.125
208 212 0.125
209 212 0.125
210 212 0.125
211 212 0.125
213 212 0.125
214 212 0.125
215 212 0.125
216 212 0.125
209 296 0.125
293 296 0.125
294 296 0.125
295 296 0.125
297 296 0.125
298 296 0.125
299 296 0.125
300 296 0.125
210 213 0.142857
211 213 0.142857
212 213 0.142857
214 213 0.142857
215 213 0.142857
216 213 0.142857
217 213 0.142857
210 214 0.125
211 214 0.125
212 214 0.125
213 214 0.125
215 214 0.125
216 214 0.125
217 214 0.125
218 214 0.125
212 216 0.125
213 216 0.125
214 216 0.125
215 216 0.125
217 216 0.125
218 216 0.125
219 216 0.125
220 216 0.125
213 217 0.125
214 217 0.125
215 217 0.125
216 217 0.125
218 217 0.125
220 217 0.125
221 217 0.125
227 217 0.125
215 219 0.142857
216 219 0.142857
218 219 0.142857
220 219 0.142857
221 219 0.142857
222 219 0.142857
223 219 0.142857
216 220 0.125
217 220 0.125
218 220 0.125
219 220 0.125
221 220 0.125
222 220 0.125
223 220 0.125
271 220 0.125
218 222 0.125
219 222 0.125
220 222 0.125
221 222 0.125
223 222 0.125
225 222 0.125
226 222 0.125
263 222 0.125
219 223 0.125
220 223 0.125
221 223 0.125
222 223 0.125
224 223 0.125
225 223 0.125
226 223 0.125
227 223 0.125
222 225 0.166667
223 225 0.166667
226 225 0.166667
227 225 0.166667
228 225 0.166667
229 225 0.166667
224 228 0.125
225 228 0.125
226 228 0.125
227 228 0.125
229 228 0.125
230 228 0.125
231 228 0.125
232 228 0.125
225 229 0.166667
228 229 0.166667
230 229 0.166667
231 229 0.166667
232 229 0.166667
233 229 0.166667
226 230 0.111111
227 230 0.111111
228 230 0.111111
229 230 0.111111
231 230 0.111111
232 230 0.111111
233 230 0.111111
234 230 0.111111
327 230 0.111111
227 231 0.125
228 231 0.125
229 231 0.125
230 231 0.125
232 231 0.125
233 231 0.125
234 231 0.125
235 231 0.125
228 232 0.125
229 232 0.125
230 232 0.125
231 232 0.125
233 232 0.125
234 232 0.125
235 232 0.125
236 232 0.125
230 327 0.125
323 327 0.125
324 327 0.125
325 327 0.125
326 327 0.125
328 327 0.125
329 327 0.125
331 327 0.125
231 235 0.111111
232 235 0.111111
233 235 0.111111
234 235 0.111111
236 235 0.111111
237 235 0.111111
238 235 0.111111
239 235 0.111111
382 235 0.111111
233 237 0.142857
235 237 0.142857
236 237 0.142857
238 237 0.142857
239 237 0.142857
240 237 0.142857
241 237 0.142857
235 239 0.166667
237 239 0.166667
240 239 0.166667
241 239 0.166667
242 239 0.166667
243 239 0.166667
237 241 0.125
238 241 0.125
239 241 0.125
240 241 0.125
242 241 0.125
243 241 0.125
244 241 0.125
245 241 0.125
239 242 0.166667
241 242 0.166667
243 242 0.166667
244 242 0.166667
245 242 0.166667
246 242 0.166667
239 243 0.142857
241 243 0.142857
242 243 0.142857
244 243 0.142857
246 243 0.142857
247 243 0.142857
329 243 0.142857
240 335 0.090909
310 335 0.090909
319 335 0.090909
321 335 0.090909
331 335 0.090909
332 335 0.090909
333 335 0.090909
334 335 0.090909
336 335 0.090909
337 335 0.090909
339 335 0.090909
241 245 0.142857
242 245 0.142857
244 245 0.142857
246 245 0.142857
247 245 0.142857
248 245 0.142857
249 245 0.142857
242 246 0.125
243 246 0.125
245 246 0.125
247 246 0.125
248 246 0.125
249 246 0.125
250 246 0.125
292 246 0.125
243 247 0.125
244 247 0.125
245 247 0.125
246 247 0.125
248 247 0.125
249 247 0.125
250 247 0.125
251 247 0.125
244 248 0.125
245 248 0.125
246 248 0.125
247 248 0.125
249 248 0.125
250 248 0.125
251 248 0.125
252 248 0.125
246 250 0.125
247 250 0.125
248 250 0.125
249 250 0.125
251 250 0.125
252 250 0.125
253 250 0.125
254 250 0.125
247 251 0.125
248 251 0.125
249 251 0.125
250 251 0.125
252 251 0.125
253 251 0.125
254 251 0.125
255 251 0.125
248 252 0.125
249 252 0.125
250 252 0.125
251 252 0.125
253 252 0.125
254 252 0.125
255 252 0.125
256 252 0.125
249 253 0.111111
250 253 0.111111
251 253 0.111111
252 253 0.111111
254 253 0.111111
255 253 0.111111
256 253 0.111111
257 253 0.111111
261 253 0.111111
250 254 0.125
251 254 0.125
252 254 0.125
253 254 0.125
255 254 0.125
256 254 0.125
257 254 0.125
258 254 0.125
252 256 0.125
253 256 0.125
254 256 0.125
255 256 0.125
257 256 0.125
258 256 0.125
259 256 0.125
260 256 0.125
253 257 0.111111
254 257 0.111111
255 257 0.111111
256 257 0.111111
258 257 0.111111
259 257 0.111111
260 257 0.111111
261 257 0.111111
308 257 0.111111
254 258 0.125
255 258 0.125
256 258 0.125
257 258 0.125
259 258 0.125
260 258 0.125
261 258 0.125
262 258 0.125
257 308 0.142857
304 308 0.142857
305 308 0.142857
307 308 0.142857
310 308 0.142857
312 308 0.142857
360 308 0.142857
260 264 0.142857
262 264 0.142857
263 264 0.142857
265 264 0.142857
266 264 0.142857
267 264 0.142857
268 264 0.142857
261 267 0.111111
263 267 0.111111
264 267 0.111111
265 267 0.111111
266 267 0.111111
268 267 0.111111
270 267 0.111111
271 267 0.111111
346 267 0.111111
262 266 0.125
263 266 0.125
264 266 0.125
265 266 0.125
267 266 0.125
268 266 0.125
269 266 0.125
270 266 0.125
263 379 0.111111
375 379 0.111111
376 379 0.111111
377 379 0.111111
378 379 0.111111
380 379 0.111111
381 379 0.111111
382 379 0.111111
383 379 0.111111
264 268 0.142857
266 268 0.142857
267 268 0.142857
269 268 0.142857
270 268 0.142857
271 268 0.142857
272 268 0.142857
265 269 0.142857
266 269 0.142857
268 269 0.142857
270 269 0.142857
271 269 0.142857
272 269 0.142857
273 269 0.142857
266 270 0.125
267 270 0.125
268 270 0.125
269 270 0.125
271 270 0.125
272 270 0.125
273 270 0.125
274 270 0.125
267 346 0.125
342 346 0.125
344 346 0.125
345 346 0.125
347 346 0.125
348 346 0.125
349 346 0.125
350 346 0.125
269 273 0.125
270 273 0.125
271 273 0.125
272 273 0.125
274 273 0.125
275 273 0.125
276 273 0.125
277 273 0.125
272 276 0.142857
273 276 0.142857
274 276 0.142857
277 276 0.142857
278 276 0.142857
279 276 0.142857
280 276 0.142857
275 278 0.166667
276 278 0.166667
279 278 0.166667
280 278 0.166667
281 278 0.166667
282 278 0.166667
275 279 0.125
276 279 0.125
277 279 0.125
278 279 0.125
280 279 0.125
281 279 0.125
282 279 0.125
283 279 0.125
277 281 0.125
278 281 0.125
279 281 0.125
280 281 0.125
282 281 0.125
283 281 0.125
284 281 0.125
285 281 0.125
280 284 0.125
281 284 0.125
282 284 0.125
283 284 0.125
285 284 0.125
286 284 0.125
287 284 0.125
288 284 0.125
282 286 0.125
283 286 0.125
284 286 0.125
285 286 0.125
287 286 0.125
288 286 0.125
289 286 0.125
290 286 0.125
283 380 0.125
377 380 0.125
378 380 0.125
379 380 0.125
381 380 0.125
382 380 0.125
383 380 0.125
384 380 0.125
286 290 0.125
287 290 0.125
288 290 0.125
289 290 0.125
291 290 0.125
292 290 0.125
293 290 0.125
294 290 0.125
287 291 0.142857
289 291 0.142857
290 291 0.142857
292 291 0.142857
293 291 0.142857
294 291 0.142857
295 291 0.142857
289 293 0.125
290 293 0.125
291 293 0.125
292 293 0.125
294 293 0.125
295 293 0.125
296 293 0.125
297 293 0.125
294 299 0.125
295 299 0.125
296 299 0.125
297 299 0.125
298 299 0.125
301 299 0.125
302 299 0.125
303 299 0.125
296 300 0.142857
297 300 0.142857
298 300 0.142857
301 300 0.142857
302 300 0.142857
303 300 0.142857
304 300 0.142857
298 301 0.142857
299 301 0.142857
300 301 0.142857
302 301 0.142857
303 301 0.142857
304 301 0.142857
305 301 0.142857
301 305 0.125
302 305 0.125
303 305 0.125
304 305 0.125
306 305 0.125
307 305 0.125
308 305 0.125
309 305 0.125
302 323 0.142857
319 323 0.142857
320 323 0.142857
322 323 0.142857
324 323 0.142857
325 323 0.142857
327 323 0.142857
305 307 0.142857
306 307 0.142857
308 307 0.142857
309 307 0.142857
310 307 0.142857
311 307 0.142857
375 307 0.142857
307 310 0.125
308 310 0.125
309 310 0.125
311 310 0.125
312 310 0.125
313 310 0.125
314 310 0.125
335 310 0.125
307 375 0.142857
371 375 0.142857
372 375 0.142857
373 375 0.142857
377 375 0.142857
378 375 0.142857
379 375 0.142857
308 312 0.142857
310 312 0.142857
311 312 0.142857
313 312 0.142857
314 312 0.142857
315 312 0.142857
316 312 0.142857
309 313 0.142857
310 313 0.142857
312 313 0.142857
314 313 0.142857
315 313 0.142857
316 313 0.142857
317 313 0.142857
310 314 0.125
311 314 0.125
312 314 0.125
313 314 0.125
315 314 0.125
316 314 0.125
317 314 0.125
318 314 0.125
311 315 0.125
312 315 0.125
313 315 0.125
314 315 0.125
316 315 0.125
317 315 0.125
318 315 0.125
319 315 0.125
312 316 0.125
313 316 0.125
314 316 0.125
315 316 0.125
317 316 0.125
318 316 0.125
319 316 0.125
386 316 0.125
313 317 0.125
314 317 0.125
315 317 0.125
316 317 0.125
318 317 0.125
319 317 0.125
320 317 0.125
321 317 0.125
314 318 0.125
315 318 0.125
316 318 0.125
317 318 0.125
319 318 0.125
320 318 0.125
321 318 0.125
322 318 0.125
315 319 0.125
316 319 0.125
317 319 0.125
318 319 0.125
321 319 0.125
322 319 0.125
323 319 0.125
335 319 0.125
317 320 0.166667
318 320 0.166667
321 320 0.166667
322 320 0.166667
323 320 0.166667
324 320 0.166667
317 321 0.125
318 321 0.125
319 321 0.125
320 321 0.125
322 321 0.125
324 321 0.125
325 321 0.125
335 321 0.125
320 324 0.125
321 324 0.125
322 324 0.125
323 324 0.125
325 324 0.125
326 324 0.125
327 324 0.125
328 324 0.125
327 331 0.166667
330 331 0.166667
332 331 0.166667
333 331 0.166667
334 331 0.166667
335 331 0.166667
329 333 0.125
330 333 0.125
331 333 0.125
332 333 0.125
334 333 0.125
335 333 0.125
336 333 0.125
337 333 0.125
330 334 0.125
331 334 0.125
332 334 0.125
333 334 0.125
335 334 0.125
336 334 0.125
337 334 0.125
338 334 0.125
337 341 0.125
338 341 0.125
339 341 0.125
340 341 0.125
342 341 0.125
343 341 0.125
344 341 0.125
345 341 0.125
341 344 0.142857
342 344 0.142857
343 344 0.142857
345 344 0.142857
346 344 0.142857
347 344 0.142857
348 344 0.142857
341 345 0.125
342 345 0.125
343 345 0.125
344 345 0.125
346 345 0.125
347 345 0.125
348 345 0.125
349 345 0.125
346 350 0.125
347 350 0.125
348 350 0.125
349 350 0.125
351 350 0.125
352 350 0.125
354 350 0.125
371 350 0.125
347 351 0.142857
348 351 0.142857
350 351 0.142857
352 351 0.142857
353 351 0.142857
354 351 0.142857
355 351 0.142857
349 353 0.142857
351 353 0.142857
352 353 0.142857
354 353 0.142857
355 353 0.142857
356 353 0.142857
357 353 0.142857
352 356 0.125
353 356 0.125
354 356 0.125
355 356 0.125
357 356 0.125
358 356 0.125
359 356 0.125
360 356 0.125
357 361 0.125
358 361 0.125
359 361 0.125
360 361 0.125
362 361 0.125
363 361 0.125
364 361 0.125
365 361 0.125
359 363 0.125
360 363 0.125
361 363 0.125
362 363 0.125
364 363 0.125
365 363 0.125
366 363 0.125
367 363 0.125
361 365 0.125
362 365 0.125
363 365 0.125
364 365 0.125
366 365 0.125
367 365 0.125
368 365 0.125
369 365 0.125
362 366 0.142857
363 366 0.142857
365 366 0.142857
367 366 0.142857
368 366 0.142857
369 366 0.142857
370 366 0.142857
363 367 0.125
365 367 0.125
366 367 0.125
368 367 0.125
369 367 0.125
370 367 0.125
371 367 0.125
377 367 0.125
364 368 0.125
365 368 0.125
366 368 0.125
367 368 0.125
369 368 0.125
370 368 0.125
371 368 0.125
372 368 0.125
365 369 0.111111
366 369 0.111111
367 369 0.111111
368 369 0.111111
370 369 0.111111
371 369 0.111111
372 369 0.111111
373 369 0.111111
374 369 0.111111
366 370 0.125
367 370 0.125
368 370 0.125
369 370 0.125
371 370 0.125
372 370 0.125
373 370 0.125
374 370 0.125
367 377 0.142857
373 377 0.142857
375 377 0.142857
376 377 0.142857
379 377 0.142857
380 377 0.142857
381 377 0.142857
368 372 0.125
369 372 0.125
370 372 0.125
371 372 0.125
373 372 0.125
374 372 0.125
375 372 0.125
376 372 0.125
369 373 0.125
370 373 0.125
371 373 0.125
372 373 0.125
374 373 0.125
375 373 0.125
376 373 0.125
377 373 0.125
374 378 0.142857
375 378 0.142857
376 378 0.142857
379 378 0.142857
380 378 0.142857
381 378 0.142857
382 378 0.142857
377 381 0.125
378 381 0.125
379 381 0.125
380 381 0.125
382 381 0.125
383 381 0.125
384 381 0.125
385 381 0.125
379 383 0.125
380 383 0.125
381 383 0.125
382 383 0.125
384 383 0.125
385 383 0.125
386 383 0.125
387 383 0.125
380 384 0.142857
381 384 0.142857
383 384 0.142857
385 384 0.142857
386 384 0.142857
387 384 0.142857
388 384 0.142857
381 385 0.125
382 385 0.125
383 385 0.125
384 385 0.125
386 385 0.125
387 385 0.125
388 385 0.125
389 385 0.125
389 0 0.125
2 0 0.125
388 0 0.125
3 0 0.125
387 0 0.125
4 0 0.125
386 0 0.125
330 0 0.125
2 1 0.125
3 1 0.125
389 1 0.125
4 1 0.125
388 1 0.125
5 1 0.125
387 1 0.125
221 1 0.125
