0 1 0.125
2 1 0.125
3 1 0.125
363 1 0.125
4 1 0.125
362 1 0.125
5 1 0.125
361 1 0.125
0 363 0.125
1 363 0.125
2 363 0.125
3 363 0.125
359 363 0.125
360 363 0.125
361 363 0.125
362 363 0.125
0 2 0.142857
1 2 0.142857
3 2 0.142857
363 2 0.142857
6 2 0.142857
150 2 0.142857
345 2 0.142857
0 362 0.111111
1 362 0.111111
127 362 0.111111
199 362 0.111111
358 362 0.111111
359 362 0.111111
360 362 0.111111
361 362 0.111111
363 362 0.111111
0 3 0.125
1 3 0.125
2 3 0.125
5 3 0.125
6 3 0.125
7 3 0.125
363 3 0.125
165 3 0.125
0 361 0.111111
1 361 0.111111
35 361 0.111111
357 361 0.111111
358 361 0.111111
359 361 0.111111
360 361 0.111111
362 361 0.111111
363 361 0.111111
0 4 0.142857
1 4 0.142857
5 4 0.142857
6 4 0.142857
7 4 0.142857
8 4 0.142857
321 4 0.142857
0 360 0.125
356 360 0.125
357 360 0.125
358 360 0.125
359 360 0.125
361 360 0.125
362 360 0.125
363 360 0.125
1 5 0.125
3 5 0.125
4 5 0.125
6 5 0.125
7 5 0.125
8 5 0.125
9 5 0.125
205 5 0.125
2 6 0.125
3 6 0.125
4 6 0.125
5 6 0.125
7 6 0.125
8 6 0.125
10 6 0.125
275 6 0.125
2 150 0.1
146 150 0.1
147 150 0.1
148 150 0.1
149 150 0.1
151 150 0.1
152 150 0.1
153 150 0.1
154 150 0.1
292 150 0.1
2 345 0.111111
341 345 0.111111
342 345 0.111111
343 345 0.111111
344 345 0.111111
346 345 0.111111
347 345 0.111111
348 345 0.111111
349 345 0.111111
3 7 0.125
4 7 0.125
5 7 0.125
6 7 0.125
9 7 0.125
10 7 0.125
11 7 0.125
355 7 0.125
3 165 0.1
21 165 0.1
162 165 0.1
163 165 0.1
164 165 0.1
166 165 0.1
167 165 0.1
168 165 0.1
169 165 0.1
179 165 0.1
4 8 0.142857
5 8 0.142857
6 8 0.142857
9 8 0.142857
10 8 0.142857
11 8 0.142857
12 8 0.142857
4 321 0.125
317 321 0.125
318 321 0.125
319 321 0.125
320 321 0.125
322 321 0.125
323 321 0.125
324 321 0.125
5 9 0.142857
7 9 0.142857
8 9 0.142857
10 9 0.142857
22 9 0.142857
137 9 0.142857
62 9 0.142857
5 205 0.125
202 205 0.125
203 205 0.125
204 205 0.125
206 205 0.125
207 205 0.125
208 205 0.125
224 205 0.125
6 10 0.125
7 10 0.125
8 10 0.125
9 10 0.125
11 10 0.125
12 10 0.125
13 10 0.125
14 10 0.125
6 275 0.111111
271 275 0.111111
272 275 0.111111
273 275 0.111111
274 275 0.111111
276 275 0.111111
277 275 0.111111
278 275 0.111111
279 275 0.111111
7 11 0.142857
8 11 0.142857
10 11 0.142857
12 11 0.142857
14 11 0.142857
15 11 0.142857
93 11 0.142857
7 355 0.111111
351 355 0.111111
352 355 0.111111
353 355 0.111111
354 355 0.111111
356 355 0.111111
357 355 0.111111
358 355 0.111111
359 355 0.111111
8 12 0.142857
10 12 0.142857
11 12 0.142857
13 12 0.142857
14 12 0.142857
15 12 0.142857
16 12 0.142857
9 22 0.125
18 22 0.125
19 22 0.125
21 22 0.125
23 22 0.125
25 22 0.125
26 22 0.125
177 22 0.125
9 137 0.111111
133 137 0.111111
134 137 0.111111
135 137 0.111111
136 137 0.111111
138 137 0.111111
140 137 0.111111
141 137 0.111111
200 137 0.111111
9 62 0.125
59 62 0.125
61 62 0.125
63 62 0.125
64 62 0.125
65 62 0.125
66 62 0.125
333 62 0.125
10 13 0.166667
12 13 0.166667
14 13 0.166667
15 13 0.166667
16 13 0.166667
94 13 0.166667
10 14 0.125
11 14 0.125
12 14 0.125
13 14 0.125
15 14 0.125
16 14 0.125
17 14 0.125
18 14 0.125
11 15 0.125
12 15 0.125
13 15 0.125
14 15 0.125
16 15 0.125
17 15 0.125
18 15 0.125
19 15 0.125
11 93 0.1
89 93 0.1
90 93 0.1
91 93 0.1
92 93 0.1
94 93 0.1
95 93 0.1
96 93 0.1
97 93 0.1
276 93 0.1
12 16 0.111111
13 16 0.111111
14 16 0.111111
15 16 0.111111
17 16 0.111111
20 16 0.111111
156 16 0.111111
180 16 0.111111
266 16 0.111111
13 94 0.1
90 94 0.1
91 94 0.1
92 94 0.1
93 94 0.1
95 94 0.1
96 94 0.1
97 94 0.1
98 94 0.1
287 94 0.1
14 17 0.142857
15 17 0.142857
16 17 0.142857
18 17 0.142857
19 17 0.142857
20 17 0.142857
21 17 0.142857
14 18 0.142857
15 18 0.142857
17 18 0.142857
20 18 0.142857
21 18 0.142857
22 18 0.142857
300 18 0.142857
15 19 0.166667
17 19 0.166667
20 19 0.166667
21 19 0.166667
22 19 0.166667
23 19 0.166667
16 20 0.125
17 20 0.125
18 20 0.125
19 20 0.125
21 20 0.125
23 20 0.125
70 20 0.125
172 20 0.125
16 156 0.111111
152 156 0.111111
153 156 0.111111
154 156 0.111111
155 156 0.111111
157 156 0.111111
158 156 0.111111
159 156 0.111111
160 156 0.111111
16 180 0.090909
47 180 0.090909
176 180 0.090909
177 180 0.090909
178 180 0.090909
179 180 0.090909
181 180 0.090909
182 180 0.090909
183 180 0.090909
184 180 0.090909
226 180 0.090909
16 266 0.142857
183 266 0.142857
222 266 0.142857
262 266 0.142857
263 266 0.142857
265 266 0.142857
269 266 0.142857
17 21 0.125
18 21 0.125
19 21 0.125
20 21 0.125
22 21 0.125
23 21 0.125
25 21 0.125
165 21 0.125
18 300 0.111111
296 300 0.111111
297 300 0.111111
298 300 0.111111
299 300 0.111111
301 300 0.111111
302 300 0.111111
303 300 0.111111
304 300 0.111111
19 23 0.125
20 23 0.125
21 23 0.125
22 23 0.125
24 23 0.125
25 23 0.125
26 23 0.125
27 23 0.125
20 70 0.111111
66 70 0.111111
67 70 0.111111
68 70 0.111111
69 70 0.111111
71 70 0.111111
72 70 0.111111
73 70 0.111111
88 70 0.111111
20 172 0.125
168 172 0.125
169 172 0.125
170 172 0.125
173 172 0.125
174 172 0.125
175 172 0.125
176 172 0.125
21 25 0.125
22 25 0.125
23 25 0.125
24 25 0.125
26 25 0.125
28 25 0.125
29 25 0.125
219 25 0.125
22 26 0.125
23 26 0.125
24 26 0.125
25 26 0.125
27 26 0.125
28 26 0.125
29 26 0.125
30 26 0.125
22 177 0.111111
173 177 0.111111
174 177 0.111111
175 177 0.111111
176 177 0.111111
178 177 0.111111
179 177 0.111111
180 177 0.111111
181 177 0.111111
23 24 0.2
25 24 0.2
26 24 0.2
27 24 0.2
28 24 0.2
23 27 0.125
24 27 0.125
26 27 0.125
29 27 0.125
30 27 0.125
31 27 0.125
342 27 0.125
305 27 0.125
24 28 0.142857
25 28 0.142857
26 28 0.142857
29 28 0.142857
30 28 0.142857
31 28 0.142857
32 28 0.142857
25 29 0.1
26 29 0.1
27 29 0.1
28 29 0.1
30 29 0.1
31 29 0.1
32 29 0.1
33 29 0.1
154 29 0.1
285 29 0.1
25 219 0.1
85 219 0.1
215 219 0.1
216 219 0.1
217 219 0.1
218 219 0.1
220 219 0.1
222 219 0.1
223 219 0.1
326 219 0.1
26 30 0.125
27 30 0.125
28 30 0.125
29 30 0.125
31 30 0.125
32 30 0.125
33 30 0.125
34 30 0.125
27 31 0.125
28 31 0.125
29 31 0.125
30 31 0.125
32 31 0.125
33 31 0.125
34 31 0.125
114 31 0.125
27 342 0.111111
89 342 0.111111
338 342 0.111111
339 342 0.111111
340 342 0.111111
341 342 0.111111
343 342 0.111111
344 342 0.111111
345 342 0.111111
27 305 0.125
134 305 0.125
248 305 0.125
301 305 0.125
302 305 0.125
303 305 0.125
304 305 0.125
308 305 0.125
28 32 0.125
29 32 0.125
30 32 0.125
31 32 0.125
33 32 0.125
34 32 0.125
35 32 0.125
160 32 0.125
29 33 0.125
30 33 0.125
31 33 0.125
32 33 0.125
34 33 0.125
37 33 0.125
187 33 0.125
244 33 0.125
29 154 0.125
150 154 0.125
151 154 0.125
152 154 0.125
153 154 0.125
156 154 0.125
157 154 0.125
158 154 0.125
29 285 0.125
281 285 0.125
282 285 0.125
283 285 0.125
284 285 0.125
286 285 0.125
287 285 0.125
289 285 0.125
30 34 0.125
31 34 0.125
32 34 0.125
33 34 0.125
35 34 0.125
36 34 0.125
37 34 0.125
38 34 0.125
31 114 0.111111
110 114 0.111111
111 114 0.111111
112 114 0.111111
113 114 0.111111
115 114 0.111111
116 114 0.111111
117 114 0.111111
134 114 0.111111
32 35 0.166667
34 35 0.166667
36 35 0.166667
37 35 0.166667
38 35 0.166667
361 35 0.166667
32 160 0.111111
156 160 0.111111
157 160 0.111111
158 160 0.111111
159 160 0.111111
161 160 0.111111
162 160 0.111111
163 160 0.111111
164 160 0.111111
33 37 0.125
34 37 0.125
35 37 0.125
36 37 0.125
38 37 0.125
39 37 0.125
40 37 0.125
41 37 0.125
33 187 0.111111
183 187 0.111111
184 187 0.111111
185 187 0.111111
186 187 0.111111
188 187 0.111111
189 187 0.111111
190 187 0.111111
191 187 0.111111
33 244 0.1
56 244 0.1
240 244 0.1
241 244 0.1
242 244 0.1
243 244 0.1
245 244 0.1
246 244 0.1
247 244 0.1
248 244 0.1
34 36 0.142857
35 36 0.142857
37 36 0.142857
38 36 0.142857
39 36 0.142857
40 36 0.142857
314 36 0.142857
34 38 0.125
35 38 0.125
36 38 0.125
37 38 0.125
40 38 0.125
42 38 0.125
78 38 0.125
279 38 0.125
36 39 0.166667
37 39 0.166667
40 39 0.166667
41 39 0.166667
42 39 0.166667
328 39 0.166667
36 40 0.125
37 40 0.125
38 40 0.125
39 40 0.125
41 40 0.125
42 40 0.125
43 40 0.125
44 40 0.125
36 314 0.111111
247 314 0.111111
310 314 0.111111
311 314 0.111111
312 314 0.111111
313 314 0.111111
315 314 0.111111
316 314 0.111111
318 314 0.111111
37 41 0.142857
39 41 0.142857
40 41 0.142857
42 41 0.142857
43 41 0.142857
44 41 0.142857
45 41 0.142857
38 42 0.125
39 42 0.125
40 42 0.125
41 42 0.125
43 42 0.125
44 42 0.125
45 42 0.125
46 42 0.125
38 78 0.111111
74 78 0.111111
75 78 0.111111
76 78 0.111111
77 78 0.111111
79 78 0.111111
80 78 0.111111
81 78 0.111111
82 78 0.111111
38 279 0.111111
275 279 0.111111
276 279 0.111111
277 279 0.111111
278 279 0.111111
280 279 0.111111
281 279 0.111111
282 279 0.111111
283 279 0.111111
39 328 0.111111
324 328 0.111111
325 328 0.111111
326 328 0.111111
327 328 0.111111
329 328 0.111111
330 328 0.111111
331 328 0.111111
332 328 0.111111
40 43 0.125
41 43 0.125
42 43 0.125
44 43 0.125
45 43 0.125
46 43 0.125
47 43 0.125
143 43 0.125
40 44 0.111111
41 44 0.111111
42 44 0.111111
43 44 0.111111
45 44 0.111111
46 44 0.111111
48 44 0.111111
60 44 0.111111
207 44 0.111111
41 45 0.111111
42 45 0.111111
43 45 0.111111
44 45 0.111111
47 45 0.111111
48 45 0.111111
49 45 0.111111
76 45 0.111111
195 45 0.111111
42 46 0.125
43 46 0.125
44 46 0.125
47 46 0.125
48 46 0.125
49 46 0.125
253 46 0.125
182 46 0.125
43 47 0.125
45 47 0.125
46 47 0.125
48 47 0.125
49 47 0.125
51 47 0.125
201 47 0.125
180 47 0.125
43 143 0.125
139 143 0.125
140 143 0.125
141 143 0.125
142 143 0.125
144 143 0.125
146 143 0.125
147 143 0.125
44 48 0.1
45 48 0.1
46 48 0.1
47 48 0.1
49 48 0.1
50 48 0.1
52 48 0.1
188 48 0.1
336 48 0.1
204 48 0.1
44 60 0.111111
56 60 0.111111
57 60 0.111111
58 60 0.111111
59 60 0.111111
61 60 0.111111
63 60 0.111111
64 60 0.111111
89 60 0.111111
44 207 0.125
203 207 0.125
204 207 0.125
205 207 0.125
206 207 0.125
208 207 0.125
209 207 0.125
210 207 0.125
45 49 0.1
46 49 0.1
47 49 0.1
48 49 0.1
50 49 0.1
51 49 0.1
52 49 0.1
53 49 0.1
213 49 0.1
121 49 0.1
45 76 0.111111
72 76 0.111111
73 76 0.111111
74 76 0.111111
75 76 0.111111
77 76 0.111111
78 76 0.111111
79 76 0.111111
80 76 0.111111
45 195 0.1
191 195 0.1
192 195 0.1
193 195 0.1
194 195 0.1
196 195 0.1
198 195 0.1
199 195 0.1
222 195 0.1
201 195 0.1
46 253 0.142857
249 253 0.142857
251 253 0.142857
252 253 0.142857
254 253 0.142857
256 253 0.142857
257 253 0.142857
46 182 0.111111
178 182 0.111111
180 182 0.111111
181 182 0.111111
183 182 0.111111
184 182 0.111111
185 182 0.111111
186 182 0.111111
330 182 0.111111
47 51 0.142857
49 51 0.142857
50 51 0.142857
52 51 0.142857
53 51 0.142857
54 51 0.142857
127 51 0.142857
47 201 0.125
64 201 0.125
195 201 0.125
197 201 0.125
198 201 0.125
199 201 0.125
200 201 0.125
202 201 0.125
48 50 0.166667
49 50 0.166667
51 50 0.166667
52 50 0.166667
54 50 0.166667
197 50 0.166667
48 52 0.125
49 52 0.125
50 52 0.125
51 52 0.125
53 52 0.125
54 52 0.125
55 52 0.125
56 52 0.125
48 188 0.125
155 188 0.125
184 188 0.125
185 188 0.125
186 188 0.125
187 188 0.125
191 188 0.125
192 188 0.125
48 336 0.142857
332 336 0.142857
334 336 0.142857
335 336 0.142857
338 336 0.142857
339 336 0.142857
340 336 0.142857
48 204 0.125
200 204 0.125
202 204 0.125
203 204 0.125
205 204 0.125
206 204 0.125
207 204 0.125
208 204 0.125
49 53 0.125
51 53 0.125
52 53 0.125
54 53 0.125
55 53 0.125
56 53 0.125
57 53 0.125
97 53 0.125
49 213 0.125
209 213 0.125
210 213 0.125
211 213 0.125
212 213 0.125
215 213 0.125
216 213 0.125
217 213 0.125
49 121 0.142857
118 121 0.142857
119 121 0.142857
120 121 0.142857
122 121 0.142857
124 121 0.142857
125 121 0.142857
50 54 0.111111
51 54 0.111111
52 54 0.111111
53 54 0.111111
55 54 0.111111
56 54 0.111111
57 54 0.111111
58 54 0.111111
141 54 0.111111
50 197 0.125
193 197 0.125
194 197 0.125
196 197 0.125
198 197 0.125
199 197 0.125
201 197 0.125
339 197 0.125
51 127 0.1
65 127 0.1
123 127 0.1
124 127 0.1
125 127 0.1
126 127 0.1
129 127 0.1
130 127 0.1
146 127 0.1
362 127 0.1
52 55 0.125
53 55 0.125
54 55 0.125
57 55 0.125
58 55 0.125
59 55 0.125
81 55 0.125
308 55 0.125
52 56 0.142857
53 56 0.142857
54 56 0.142857
58 56 0.142857
59 56 0.142857
60 56 0.142857
244 56 0.142857
53 57 0.142857
54 57 0.142857
55 57 0.142857
58 57 0.142857
59 57 0.142857
60 57 0.142857
61 57 0.142857
53 97 0.125
93 97 0.125
94 97 0.125
95 97 0.125
96 97 0.125
98 97 0.125
99 97 0.125
101 97 0.125
54 58 0.125
55 58 0.125
56 58 0.125
57 58 0.125
60 58 0.125
61 58 0.125
206 58 0.125
250 58 0.125
54 141 0.125
137 141 0.125
138 141 0.125
139 141 0.125
140 141 0.125
143 141 0.125
144 141 0.125
145 141 0.125
55 59 0.125
56 59 0.125
57 59 0.125
60 59 0.125
61 59 0.125
62 59 0.125
63 59 0.125
142 59 0.125
55 81 0.111111
77 81 0.111111
78 81 0.111111
79 81 0.111111
80 81 0.111111
82 81 0.111111
83 81 0.111111
84 81 0.111111
85 81 0.111111
55 308 0.142857
242 308 0.142857
304 308 0.142857
305 308 0.142857
306 308 0.142857
310 308 0.142857
312 308 0.142857
57 61 0.125
58 61 0.125
59 61 0.125
60 61 0.125
62 61 0.125
63 61 0.125
64 61 0.125
65 61 0.125
58 206 0.1
99 206 0.1
202 206 0.1
203 206 0.1
204 206 0.1
205 206 0.1
207 206 0.1
208 206 0.1
209 206 0.1
210 206 0.1
58 250 0.142857
248 250 0.142857
249 250 0.142857
251 250 0.142857
252 250 0.142857
254 250 0.142857
296 250 0.142857
59 63 0.125
60 63 0.125
61 63 0.125
62 63 0.125
64 63 0.125
65 63 0.125
66 63 0.125
67 63 0.125
59 142 0.142857
138 142 0.142857
139 142 0.142857
140 142 0.142857
143 142 0.142857
144 142 0.142857
146 142 0.142857
60 64 0.111111
61 64 0.111111
62 64 0.111111
63 64 0.111111
65 64 0.111111
66 64 0.111111
67 64 0.111111
201 64 0.111111
309 64 0.111111
60 89 0.1
85 89 0.1
86 89 0.1
87 89 0.1
88 89 0.1
90 89 0.1
91 89 0.1
92 89 0.1
93 89 0.1
342 89 0.1
61 65 0.083333
62 65 0.083333
63 65 0.083333
64 65 0.083333
66 65 0.083333
67 65 0.083333
68 65 0.083333
69 65 0.083333
233 65 0.083333
343 65 0.083333
347 65 0.083333
127 65 0.083333
62 66 0.125
63 66 0.125
64 66 0.125
65 66 0.125
67 66 0.125
68 66 0.125
69 66 0.125
70 66 0.125
62 333 0.125
329 333 0.125
330 333 0.125
331 333 0.125
332 333 0.125
334 333 0.125
335 333 0.125
337 333 0.125
63 67 0.125
64 67 0.125
65 67 0.125
66 67 0.125
68 67 0.125
70 67 0.125
71 67 0.125
346 67 0.125
64 309 0.142857
306 309 0.142857
307 309 0.142857
312 309 0.142857
313 309 0.142857
359 309 0.142857
337 309 0.142857
65 68 0.142857
66 68 0.142857
67 68 0.142857
69 68 0.142857
70 68 0.142857
71 68 0.142857
72 68 0.142857
65 69 0.142857
66 69 0.142857
68 69 0.142857
70 69 0.142857
71 69 0.142857
72 69 0.142857
73 69 0.142857
65 233 0.125
229 233 0.125
230 233 0.125
231 233 0.125
232 233 0.125
235 233 0.125
236 233 0.125
237 233 0.125
65 343 0.125
339 343 0.125
340 343 0.125
341 343 0.125
342 343 0.125
344 343 0.125
345 343 0.125
347 343 0.125
65 347 0.125
161 347 0.125
343 347 0.125
345 347 0.125
346 347 0.125
348 347 0.125
349 347 0.125
351 347 0.125
67 71 0.1
68 71 0.1
69 71 0.1
70 71 0.1
72 71 0.1
73 71 0.1
74 71 0.1
75 71 0.1
84 71 0.1
190 71 0.1
67 346 0.142857
344 346 0.142857
345 346 0.142857
347 346 0.142857
348 346 0.142857
349 346 0.142857
350 346 0.142857
68 72 0.111111
69 72 0.111111
70 72 0.111111
71 72 0.111111
73 72 0.111111
74 72 0.111111
75 72 0.111111
76 72 0.111111
320 72 0.111111
69 73 0.125
70 73 0.125
71 73 0.125
72 73 0.125
74 73 0.125
75 73 0.125
76 73 0.125
324 73 0.125
70 88 0.142857
86 88 0.142857
87 88 0.142857
89 88 0.142857
90 88 0.142857
91 88 0.142857
92 88 0.142857
71 74 0.125
72 74 0.125
73 74 0.125
75 74 0.125
76 74 0.125
77 74 0.125
78 74 0.125
256 74 0.125
71 75 0.111111
72 75 0.111111
73 75 0.111111
74 75 0.111111
76 75 0.111111
77 75 0.111111
78 75 0.111111
79 75 0.111111
254 75 0.111111
71 84 0.125
80 84 0.125
81 84 0.125
82 84 0.125
83 84 0.125
85 84 0.125
86 84 0.125
87 84 0.125
71 190 0.142857
186 190 0.142857
187 190 0.142857
189 190 0.142857
192 190 0.142857
193 190 0.142857
237 190 0.142857
72 320 0.142857
316 320 0.142857
318 320 0.142857
319 320 0.142857
321 320 0.142857
322 320 0.142857
324 320 0.142857
73 324 0.111111
199 324 0.111111
320 324 0.111111
321 324 0.111111
322 324 0.111111
323 324 0.111111
325 324 0.111111
327 324 0.111111
328 324 0.111111
74 77 0.142857
75 77 0.142857
76 77 0.142857
78 77 0.142857
79 77 0.142857
80 77 0.142857
81 77 0.142857
74 256 0.142857
252 256 0.142857
253 256 0.142857
255 256 0.142857
257 256 0.142857
258 256 0.142857
260 256 0.142857
75 79 0.125
76 79 0.125
77 79 0.125
78 79 0.125
80 79 0.125
81 79 0.125
82 79 0.125
281 79 0.125
75 254 0.125
250 254 0.125
251 254 0.125
252 254 0.125
253 254 0.125
255 254 0.125
257 254 0.125
258 254 0.125
76 80 0.125
77 80 0.125
78 80 0.125
79 80 0.125
81 80 0.125
82 80 0.125
84 80 0.125
306 80 0.125
78 82 0.125
79 82 0.125
80 82 0.125
81 82 0.125
83 82 0.125
84 82 0.125
85 82 0.125
86 82 0.125
79 281 0.090909
220 281 0.090909
277 281 0.090909
278 281 0.090909
279 281 0.090909
280 281 0.090909
282 281 0.090909
283 281 0.090909
285 281 0.090909
332 281 0.090909
334 281 0.090909
80 306 0.125
302 306 0.125
303 306 0.125
304 306 0.125
307 306 0.125
308 306 0.125
309 306 0.125
310 306 0.125
81 83 0.166667
82 83 0.166667
84 83 0.166667
85 83 0.166667
86 83 0.166667
87 83 0.166667
81 85 0.125
82 85 0.125
83 85 0.125
84 85 0.125
86 85 0.125
87 85 0.125
89 85 0.125
219 85 0.125
82 86 0.125
83 86 0.125
84 86 0.125
85 86 0.125
87 86 0.125
88 86 0.125
89 86 0.125
90 86 0.125
83 87 0.125
84 87 0.125
85 87 0.125
86 87 0.125
88 87 0.125
89 87 0.125
90 87 0.125
91 87 0.125
86 90 0.125
87 90 0.125
88 90 0.125
89 90 0.125
91 90 0.125
92 90 0.125
93 90 0.125
94 90 0.125
87 91 0.125
88 91 0.125
89 91 0.125
90 91 0.125
93 91 0.125
94 91 0.125
95 91 0.125
277 91 0.125
88 92 0.142857
89 92 0.142857
90 92 0.142857
93 92 0.142857
94 92 0.142857
95 92 0.142857
96 92 0.142857
91 95 0.1
92 95 0.1
93 95 0.1
94 95 0.1
96 95 0.1
97 95 0.1
98 95 0.1
264 95 0.1
289 95 0.1
102 95 0.1
91 277 0.125
273 277 0.125
274 277 0.125
275 277 0.125
278 277 0.125
279 277 0.125
280 277 0.125
281 277 0.125
92 96 0.111111
93 96 0.111111
94 96 0.111111
95 96 0.111111
97 96 0.111111
98 96 0.111111
99 96 0.111111
100 96 0.111111
117 96 0.111111
93 276 0.125
148 276 0.125
272 276 0.125
273 276 0.125
274 276 0.125
275 276 0.125
278 276 0.125
279 276 0.125
94 98 0.111111
95 98 0.111111
96 98 0.111111
97 98 0.111111
99 98 0.111111
100 98 0.111111
101 98 0.111111
108 98 0.111111
155 98 0.111111
94 287 0.125
283 287 0.125
284 287 0.125
285 287 0.125
286 287 0.125
288 287 0.125
290 287 0.125
291 287 0.125
95 264 0.142857
260 264 0.142857
262 264 0.142857
263 264 0.142857
265 264 0.142857
267 264 0.142857
268 264 0.142857
95 289 0.142857
100 289 0.142857
285 289 0.142857
286 289 0.142857
288 289 0.142857
290 289 0.142857
292 289 0.142857
95 102 0.142857
99 102 0.142857
100 102 0.142857
103 102 0.142857
104 102 0.142857
105 102 0.142857
106 102 0.142857
96 99 0.142857
97 99 0.142857
98 99 0.142857
100 99 0.142857
102 99 0.142857
206 99 0.142857
265 99 0.142857
96 100 0.125
98 100 0.125
99 100 0.125
101 100 0.125
102 100 0.125
103 100 0.125
104 100 0.125
289 100 0.125
96 117 0.125
113 117 0.125
114 117 0.125
115 117 0.125
116 117 0.125
118 117 0.125
119 117 0.125
120 117 0.125
97 101 0.142857
98 101 0.142857
100 101 0.142857
103 101 0.142857
104 101 0.142857
105 101 0.142857
334 101 0.142857
98 108 0.111111
104 108 0.111111
105 108 0.111111
106 108 0.111111
107 108 0.111111
110 108 0.111111
111 108 0.111111
148 108 0.111111
274 108 0.111111
98 155 0.125
151 155 0.125
153 155 0.125
156 155 0.125
157 155 0.125
158 155 0.125
159 155 0.125
188 155 0.125
99 265 0.125
261 265 0.125
263 265 0.125
264 265 0.125
266 265 0.125
267 265 0.125
268 265 0.125
269 265 0.125
100 103 0.142857
101 103 0.142857
102 103 0.142857
104 103 0.142857
105 103 0.142857
106 103 0.142857
107 103 0.142857
100 104 0.1
101 104 0.1
102 104 0.1
103 104 0.1
105 104 0.1
106 104 0.1
107 104 0.1
108 104 0.1
178 104 0.1
167 104 0.1
101 105 0.125
102 105 0.125
103 105 0.125
104 105 0.125
106 105 0.125
107 105 0.125
108 105 0.125
109 105 0.125
101 334 0.125
281 334 0.125
331 334 0.125
333 334 0.125
335 334 0.125
336 334 0.125
337 334 0.125
338 334 0.125
102 106 0.125
103 106 0.125
104 106 0.125
105 106 0.125
107 106 0.125
108 106 0.125
109 106 0.125
110 106 0.125
103 107 0.125
104 107 0.125
105 107 0.125
106 107 0.125
108 107 0.125
109 107 0.125
110 107 0.125
111 107 0.125
104 178 0.111111
174 178 0.111111
175 178 0.111111
176 178 0.111111
177 178 0.111111
180 178 0.111111
181 178 0.111111
182 178 0.111111
317 178 0.111111
104 167 0.125
147 167 0.125
163 167 0.125
165 167 0.125
166 167 0.125
168 167 0.125
169 167 0.125
171 167 0.125
105 109 0.142857
106 109 0.142857
107 109 0.142857
110 109 0.142857
111 109 0.142857
112 109 0.142857
113 109 0.142857
106 110 0.125
107 110 0.125
108 110 0.125
109 110 0.125
111 110 0.125
112 110 0.125
113 110 0.125
114 110 0.125
107 111 0.111111
108 111 0.111111
109 111 0.111111
110 111 0.111111
112 111 0.111111
113 111 0.111111
114 111 0.111111
115 111 0.111111
119 111 0.111111
108 148 0.111111
144 148 0.111111
145 148 0.111111
146 148 0.111111
149 148 0.111111
150 148 0.111111
151 148 0.111111
152 148 0.111111
276 148 0.111111
108 274 0.142857
270 274 0.142857
272 274 0.142857
273 274 0.142857
275 274 0.142857
276 274 0.142857
277 274 0.142857
109 112 0.142857
110 112 0.142857
111 112 0.142857
113 112 0.142857
114 112 0.142857
115 112 0.142857
116 112 0.142857
109 113 0.125
110 113 0.125
111 113 0.125
112 113 0.125
114 113 0.125
115 113 0.125
116 113 0.125
117 113 0.125
111 115 0.125
112 115 0.125
113 115 0.125
114 115 0.125
116 115 0.125
117 115 0.125
118 115 0.125
119 115 0.125
111 119 0.125
115 119 0.125
116 119 0.125
117 119 0.125
118 119 0.125
120 119 0.125
121 119 0.125
122 119 0.125
112 116 0.125
113 116 0.125
114 116 0.125
115 116 0.125
117 116 0.125
118 116 0.125
119 116 0.125
120 116 0.125
114 134 0.1
130 134 0.1
131 134 0.1
132 134 0.1
133 134 0.1
135 134 0.1
136 134 0.1
137 134 0.1
138 134 0.1
305 134 0.1
115 118 0.142857
116 118 0.142857
117 118 0.142857
119 118 0.142857
120 118 0.142857
121 118 0.142857
330 118 0.142857
116 120 0.125
117 120 0.125
118 120 0.125
119 120 0.125
121 120 0.125
122 120 0.125
123 120 0.125
139 120 0.125
118 330 0.1
182 330 0.1
278 330 0.1
326 330 0.1
327 330 0.1
328 330 0.1
329 330 0.1
331 330 0.1
332 330 0.1
333 330 0.1
119 122 0.142857
120 122 0.142857
121 122 0.142857
125 122 0.142857
126 122 0.142857
291 122 0.142857
123 122 0.142857
120 123 0.166667
122 123 0.166667
124 123 0.166667
125 123 0.166667
126 123 0.166667
127 123 0.166667
120 139 0.125
135 139 0.125
136 139 0.125
138 139 0.125
141 139 0.125
142 139 0.125
143 139 0.125
230 139 0.125
121 124 0.166667
123 124 0.166667
126 124 0.166667
127 124 0.166667
128 124 0.166667
283 124 0.166667
121 125 0.125
122 125 0.125
123 125 0.125
126 125 0.125
127 125 0.125
128 125 0.125
129 125 0.125
348 125 0.125
122 126 0.125
123 126 0.125
124 126 0.125
125 126 0.125
127 126 0.125
128 126 0.125
129 126 0.125
130 126 0.125
122 291 0.125
223 291 0.125
287 291 0.125
288 291 0.125
290 291 0.125
293 291 0.125
294 291 0.125
295 291 0.125
124 128 0.142857
125 128 0.142857
126 128 0.142857
129 128 0.142857
130 128 0.142857
131 128 0.142857
132 128 0.142857
124 283 0.111111
279 283 0.111111
280 283 0.111111
281 283 0.111111
282 283 0.111111
284 283 0.111111
285 283 0.111111
286 283 0.111111
287 283 0.111111
125 129 0.125
126 129 0.125
127 129 0.125
128 129 0.125
130 129 0.125
131 129 0.125
132 129 0.125
133 129 0.125
125 348 0.125
344 348 0.125
345 348 0.125
346 348 0.125
347 348 0.125
349 348 0.125
351 348 0.125
352 348 0.125
126 130 0.125
127 130 0.125
128 130 0.125
129 130 0.125
131 130 0.125
132 130 0.125
133 130 0.125
134 130 0.125
127 146 0.111111
142 146 0.111111
143 146 0.111111
144 146 0.111111
145 146 0.111111
147 146 0.111111
148 146 0.111111
149 146 0.111111
150 146 0.111111
128 131 0.142857
129 131 0.142857
130 131 0.142857
132 131 0.142857
133 131 0.142857
134 131 0.142857
135 131 0.142857
128 132 0.125
129 132 0.125
130 132 0.125
131 132 0.125
133 132 0.125
134 132 0.125
135 132 0.125
136 132 0.125
129 133 0.125
130 133 0.125
131 133 0.125
132 133 0.125
134 133 0.125
135 133 0.125
136 133 0.125
137 133 0.125
131 135 0.125
132 135 0.125
133 135 0.125
134 135 0.125
136 135 0.125
137 135 0.125
138 135 0.125
139 135 0.125
132 136 0.125
133 136 0.125
134 136 0.125
135 136 0.125
137 136 0.125
138 136 0.125
139 136 0.125
140 136 0.125
134 138 0.125
135 138 0.125
136 138 0.125
137 138 0.125
139 138 0.125
140 138 0.125
141 138 0.125
142 138 0.125
136 140 0.142857
137 140 0.142857
138 140 0.142857
141 140 0.142857
142 140 0.142857
143 140 0.142857
144 140 0.142857
137 200 0.142857
196 200 0.142857
198 200 0.142857
201 200 0.142857
202 200 0.142857
203 200 0.142857
204 200 0.142857
139 230 0.111111
226 230 0.111111
227 230 0.111111
228 230 0.111111
229 230 0.111111
231 230 0.111111
232 230 0.111111
233 230 0.111111
234 230 0.111111
140 144 0.125
141 144 0.125
142 144 0.125
143 144 0.125
145 144 0.125
146 144 0.125
147 144 0.125
148 144 0.125
141 145 0.166667
144 145 0.166667
146 145 0.166667
147 145 0.166667
148 145 0.166667
149 145 0.166667
143 147 0.125
144 147 0.125
145 147 0.125
146 147 0.125
149 147 0.125
150 147 0.125
151 147 0.125
167 147 0.125
145 149 0.125
146 149 0.125
147 149 0.125
148 149 0.125
150 149 0.125
151 149 0.125
152 149 0.125
153 149 0.125
147 151 0.125
148 151 0.125
149 151 0.125
150 151 0.125
152 151 0.125
153 151 0.125
154 151 0.125
155 151 0.125
148 152 0.111111
149 152 0.111111
150 152 0.111111
151 152 0.111111
153 152 0.111111
154 152 0.111111
156 152 0.111111
238 152 0.111111
271 152 0.111111
149 153 0.125
150 153 0.125
151 153 0.125
152 153 0.125
154 153 0.125
155 153 0.125
156 153 0.125
157 153 0.125
150 292 0.142857
288 292 0.142857
289 292 0.142857
290 292 0.142857
293 292 0.142857
294 292 0.142857
295 292 0.142857
152 238 0.111111
234 238 0.111111
235 238 0.111111
236 238 0.111111
237 238 0.111111
239 238 0.111111
240 238 0.111111
241 238 0.111111
242 238 0.111111
152 271 0.1
257 271 0.1
267 271 0.1
268 271 0.1
269 271 0.1
270 271 0.1
272 271 0.1
273 271 0.1
275 271 0.1
298 271 0.1
153 157 0.125
154 157 0.125
155 157 0.125
156 157 0.125
158 157 0.125
159 157 0.125
160 157 0.125
161 157 0.125
154 158 0.125
155 158 0.125
156 158 0.125
157 158 0.125
159 158 0.125
160 158 0.125
161 158 0.125
162 158 0.125
155 159 0.125
156 159 0.125
157 159 0.125
158 159 0.125
160 159 0.125
161 159 0.125
162 159 0.125
163 159 0.125
157 161 0.125
158 161 0.125
159 161 0.125
160 161 0.125
163 161 0.125
164 161 0.125
326 161 0.125
347 161 0.125
158 162 0.142857
159 162 0.142857
160 162 0.142857
163 162 0.142857
164 162 0.142857
165 162 0.142857
166 162 0.142857
159 163 0.125
160 163 0.125
161 163 0.125
162 163 0.125
164 163 0.125
165 163 0.125
166 163 0.125
167 163 0.125
160 164 0.125
161 164 0.125
162 164 0.125
163 164 0.125
165 164 0.125
166 164 0.125
168 164 0.125
353 164 0.125
161 326 0.111111
219 326 0.111111
322 326 0.111111
323 326 0.111111
325 326 0.111111
327 326 0.111111
328 326 0.111111
329 326 0.111111
330 326 0.111111
162 166 0.1
163 166 0.1
164 166 0.1
165 166 0.1
167 166 0.1
168 166 0.1
169 166 0.1
170 166 0.1
272 166 0.1
246 166 0.1
164 168 0.125
165 168 0.125
166 168 0.125
167 168 0.125
169 168 0.125
170 168 0.125
171 168 0.125
172 168 0.125
164 353 0.111111
349 353 0.111111
350 353 0.111111
351 353 0.111111
352 353 0.111111
354 353 0.111111
355 353 0.111111
356 353 0.111111
357 353 0.111111
165 169 0.125
166 169 0.125
167 169 0.125
168 169 0.125
170 169 0.125
171 169 0.125
172 169 0.125
173 169 0.125
165 179 0.142857
175 179 0.142857
176 179 0.142857
177 179 0.142857
180 179 0.142857
181 179 0.142857
183 179 0.142857
166 170 0.125
168 170 0.125
169 170 0.125
171 170 0.125
172 170 0.125
173 170 0.125
174 170 0.125
322 170 0.125
166 272 0.125
268 272 0.125
269 272 0.125
270 272 0.125
271 272 0.125
274 272 0.125
275 272 0.125
276 272 0.125
166 246 0.125
242 246 0.125
243 246 0.125
244 246 0.125
245 246 0.125
247 246 0.125
248 246 0.125
249 246 0.125
167 171 0.125
168 171 0.125
169 171 0.125
170 171 0.125
173 171 0.125
174 171 0.125
175 171 0.125
239 171 0.125
169 173 0.125
170 173 0.125
171 173 0.125
172 173 0.125
174 173 0.125
175 173 0.125
176 173 0.125
177 173 0.125
170 174 0.125
171 174 0.125
172 174 0.125
173 174 0.125
175 174 0.125
176 174 0.125
177 174 0.125
178 174 0.125
170 322 0.125
318 322 0.125
319 322 0.125
320 322 0.125
321 322 0.125
323 322 0.125
324 322 0.125
326 322 0.125
171 175 0.125
172 175 0.125
173 175 0.125
174 175 0.125
176 175 0.125
177 175 0.125
178 175 0.125
179 175 0.125
171 239 0.111111
235 239 0.111111
236 239 0.111111
237 239 0.111111
238 239 0.111111
240 239 0.111111
241 239 0.111111
242 239 0.111111
243 239 0.111111
172 176 0.125
173 176 0.125
174 176 0.125
175 176 0.125
177 176 0.125
178 176 0.125
179 176 0.125
180 176 0.125
177 181 0.111111
178 181 0.111111
179 181 0.111111
180 181 0.111111
182 181 0.111111
183 181 0.111111
184 181 0.111111
185 181 0.111111
261 181 0.111111
178 317 0.142857
313 317 0.142857
315 317 0.142857
316 317 0.142857
318 317 0.142857
319 317 0.142857
321 317 0.142857
179 183 0.111111
180 183 0.111111
181 183 0.111111
182 183 0.111111
184 183 0.111111
185 183 0.111111
186 183 0.111111
187 183 0.111111
266 183 0.111111
180 184 0.125
181 184 0.125
182 184 0.125
183 184 0.125
185 184 0.125
187 184 0.125
188 184 0.125
241 184 0.125
180 226 0.111111
222 226 0.111111
223 226 0.111111
224 226 0.111111
225 226 0.111111
227 226 0.111111
229 226 0.111111
230 226 0.111111
340 226 0.111111
181 185 0.125
182 185 0.125
183 185 0.125
184 185 0.125
187 185 0.125
188 185 0.125
189 185 0.125
278 185 0.125
181 261 0.125
257 261 0.125
258 261 0.125
259 261 0.125
260 261 0.125
262 261 0.125
263 261 0.125
265 261 0.125
182 186 0.166667
183 186 0.166667
187 186 0.166667
188 186 0.166667
189 186 0.166667
190 186 0.166667
184 241 0.111111
237 241 0.111111
238 241 0.111111
239 241 0.111111
240 241 0.111111
242 241 0.111111
243 241 0.111111
244 241 0.111111
245 241 0.111111
185 189 0.142857
186 189 0.142857
187 189 0.142857
190 189 0.142857
191 189 0.142857
192 189 0.142857
193 189 0.142857
185 278 0.125
275 278 0.125
276 278 0.125
277 278 0.125
279 278 0.125
281 278 0.125
282 278 0.125
330 278 0.125
187 191 0.142857
188 191 0.142857
189 191 0.142857
192 191 0.142857
193 191 0.142857
194 191 0.142857
195 191 0.142857
188 192 0.111111
189 192 0.111111
190 192 0.111111
191 192 0.111111
193 192 0.111111
194 192 0.111111
195 192 0.111111
196 192 0.111111
208 192 0.111111
189 193 0.125
190 193 0.125
191 193 0.125
192 193 0.125
194 193 0.125
195 193 0.125
196 193 0.125
197 193 0.125
190 237 0.125
233 237 0.125
234 237 0.125
236 237 0.125
238 237 0.125
239 237 0.125
240 237 0.125
241 237 0.125
191 194 0.142857
192 194 0.142857
193 194 0.142857
195 194 0.142857
196 194 0.142857
197 194 0.142857
198 194 0.142857
192 196 0.125
193 196 0.125
194 196 0.125
195 196 0.125
197 196 0.125
199 196 0.125
200 196 0.125
298 196 0.125
192 208 0.125
204 208 0.125
205 208 0.125
206 208 0.125
207 208 0.125
210 208 0.125
211 208 0.125
212 208 0.125
194 198 0.142857
195 198 0.142857
197 198 0.142857
199 198 0.142857
200 198 0.142857
201 198 0.142857
202 198 0.142857
195 199 0.111111
196 199 0.111111
197 199 0.111111
198 199 0.111111
201 199 0.111111
202 199 0.111111
203 199 0.111111
362 199 0.111111
324 199 0.111111
195 222 0.111111
218 222 0.111111
219 222 0.111111
220 222 0.111111
221 222 0.111111
223 222 0.111111
224 222 0.111111
226 222 0.111111
266 222 0.111111
196 298 0.111111
235 298 0.111111
271 298 0.111111
294 298 0.111111
295 298 0.111111
296 298 0.111111
299 298 0.111111
300 298 0.111111
301 298 0.111111
197 339 0.111111
335 339 0.111111
336 339 0.111111
337 339 0.111111
338 339 0.111111
340 339 0.111111
341 339 0.111111
342 339 0.111111
343 339 0.111111
198 202 0.125
199 202 0.125
200 202 0.125
201 202 0.125
203 202 0.125
204 202 0.125
205 202 0.125
206 202 0.125
199 203 0.142857
200 203 0.142857
202 203 0.142857
204 203 0.142857
205 203 0.142857
206 203 0.142857
207 203 0.142857
205 224 0.142857
221 224 0.142857
222 224 0.142857
223 224 0.142857
225 224 0.142857
226 224 0.142857
228 224 0.142857
206 209 0.166667
207 209 0.166667
211 209 0.166667
212 209 0.166667
213 209 0.166667
310 209 0.166667
206 210 0.142857
207 210 0.142857
208 210 0.142857
211 210 0.142857
212 210 0.142857
213 210 0.142857
214 210 0.142857
208 211 0.142857
209 211 0.142857
210 211 0.142857
212 211 0.142857
213 211 0.142857
214 211 0.142857
215 211 0.142857
208 212 0.125
209 212 0.125
210 212 0.125
211 212 0.125
213 212 0.125
214 212 0.125
216 212 0.125
255 212 0.125
209 310 0.125
306 310 0.125
307 310 0.125
308 310 0.125
311 310 0.125
312 310 0.125
313 310 0.125
314 310 0.125
210 214 0.142857
211 214 0.142857
212 214 0.142857
215 214 0.142857
216 214 0.142857
217 214 0.142857
218 214 0.142857
211 215 0.142857
213 215 0.142857
214 215 0.142857
216 215 0.142857
217 215 0.142857
218 215 0.142857
219 215 0.142857
212 216 0.125
213 216 0.125
214 216 0.125
215 216 0.125
217 216 0.125
218 216 0.125
219 216 0.125
220 216 0.125
212 255 0.125
251 255 0.125
252 255 0.125
254 255 0.125
256 255 0.125
257 255 0.125
258 255 0.125
259 255 0.125
213 217 0.125
214 217 0.125
215 217 0.125
216 217 0.125
218 217 0.125
219 217 0.125
220 217 0.125
221 217 0.125
214 218 0.1
215 218 0.1
216 218 0.1
217 218 0.1
219 218 0.1
220 218 0.1
221 218 0.1
222 218 0.1
297 218 0.1
315 218 0.1
216 220 0.125
217 220 0.125
218 220 0.125
219 220 0.125
221 220 0.125
222 220 0.125
223 220 0.125
281 220 0.125
217 221 0.142857
218 221 0.142857
220 221 0.142857
222 221 0.142857
223 221 0.142857
224 221 0.142857
225 221 0.142857
218 297 0.125
293 297 0.125
294 297 0.125
295 297 0.125
296 297 0.125
299 297 0.125
300 297 0.125
301 297 0.125
218 315 0.125
311 315 0.125
312 315 0.125
313 315 0.125
314 315 0.125
316 315 0.125
317 315 0.125
319 315 0.125
219 223 0.111111
220 223 0.111111
221 223 0.111111
222 223 0.111111
224 223 0.111111
225 223 0.111111
226 223 0.111111
227 223 0.111111
291 223 0.111111
221 225 0.142857
223 225 0.142857
224 225 0.142857
226 225 0.142857
227 225 0.142857
228 225 0.142857
229 225 0.142857
223 227 0.142857
225 227 0.142857
226 227 0.142857
228 227 0.142857
229 227 0.142857
230 227 0.142857
231 227 0.142857
224 228 0.142857
225 228 0.142857
227 228 0.142857
229 228 0.142857
230 228 0.142857
231 228 0.142857
232 228 0.142857
225 229 0.125
226 229 0.125
227 229 0.125
228 229 0.125
230 229 0.125
231 229 0.125
232 229 0.125
233 229 0.125
226 340 0.125
336 340 0.125
337 340 0.125
338 340 0.125
339 340 0.125
341 340 0.125
342 340 0.125
343 340 0.125
227 231 0.125
228 231 0.125
229 231 0.125
230 231 0.125
232 231 0.125
233 231 0.125
234 231 0.125
235 231 0.125
228 232 0.125
229 232 0.125
230 232 0.125
231 232 0.125
233 232 0.125
234 232 0.125
235 232 0.125
236 232 0.125
230 234 0.142857
231 234 0.142857
232 234 0.142857
235 234 0.142857
236 234 0.142857
237 234 0.142857
238 234 0.142857
231 235 0.125
232 235 0.125
233 235 0.125
234 235 0.125
236 235 0.125
238 235 0.125
239 235 0.125
298 235 0.125
232 236 0.125
233 236 0.125
234 236 0.125
235 236 0.125
237 236 0.125
238 236 0.125
239 236 0.125
240 236 0.125
236 240 0.125
237 240 0.125
238 240 0.125
239 240 0.125
241 240 0.125
242 240 0.125
244 240 0.125
359 240 0.125
238 242 0.1
239 242 0.1
240 242 0.1
241 242 0.1
243 242 0.1
244 242 0.1
245 242 0.1
246 242 0.1
308 242 0.1
344 242 0.1
239 243 0.142857
241 243 0.142857
242 243 0.142857
244 243 0.142857
245 243 0.142857
246 243 0.142857
247 243 0.142857
240 359 0.1
309 359 0.1
355 359 0.1
356 359 0.1
357 359 0.1
358 359 0.1
360 359 0.1
361 359 0.1
362 359 0.1
363 359 0.1
241 245 0.125
242 245 0.125
243 245 0.125
244 245 0.125
246 245 0.125
247 245 0.125
248 245 0.125
249 245 0.125
242 344 0.142857
341 344 0.142857
342 344 0.142857
343 344 0.142857
345 344 0.142857
346 344 0.142857
348 344 0.142857
243 247 0.125
244 247 0.125
245 247 0.125
246 247 0.125
248 247 0.125
249 247 0.125
251 247 0.125
314 247 0.125
244 248 0.111111
245 248 0.111111
246 248 0.111111
247 248 0.111111
249 248 0.111111
250 248 0.111111
251 248 0.111111
252 248 0.111111
305 248 0.111111
245 249 0.125
246 249 0.125
247 249 0.125
248 249 0.125
250 249 0.125
251 249 0.125
252 249 0.125
253 249 0.125
247 251 0.125
248 251 0.125
249 251 0.125
250 251 0.125
252 251 0.125
253 251 0.125
254 251 0.125
255 251 0.125
248 252 0.125
249 252 0.125
250 252 0.125
251 252 0.125
253 252 0.125
254 252 0.125
255 252 0.125
256 252 0.125
250 296 0.125
293 296 0.125
294 296 0.125
295 296 0.125
297 296 0.125
298 296 0.125
299 296 0.125
300 296 0.125
253 257 0.125
254 257 0.125
255 257 0.125
256 257 0.125
258 257 0.125
260 257 0.125
261 257 0.125
271 257 0.125
254 258 0.125
255 258 0.125
256 258 0.125
257 258 0.125
259 258 0.125
260 258 0.125
261 258 0.125
262 258 0.125
255 259 0.166667
258 259 0.166667
260 259 0.166667
261 259 0.166667
262 259 0.166667
263 259 0.166667
256 260 0.125
257 260 0.125
258 260 0.125
259 260 0.125
261 260 0.125
262 260 0.125
263 260 0.125
264 260 0.125
258 262 0.125
259 262 0.125
260 262 0.125
261 262 0.125
263 262 0.125
264 262 0.125
266 262 0.125
351 262 0.125
259 263 0.125
260 263 0.125
261 263 0.125
262 263 0.125
264 263 0.125
265 263 0.125
266 263 0.125
267 263 0.125
262 351 0.111111
347 351 0.111111
348 351 0.111111
349 351 0.111111
350 351 0.111111
352 351 0.111111
353 351 0.111111
354 351 0.111111
355 351 0.111111
263 267 0.142857
264 267 0.142857
265 267 0.142857
268 267 0.142857
269 267 0.142857
270 267 0.142857
271 267 0.142857
264 268 0.142857
265 268 0.142857
267 268 0.142857
269 268 0.142857
270 268 0.142857
271 268 0.142857
272 268 0.142857
265 269 0.125
266 269 0.125
267 269 0.125
268 269 0.125
270 269 0.125
271 269 0.125
272 269 0.125
273 269 0.125
267 270 0.142857
268 270 0.142857
269 270 0.142857
271 270 0.142857
272 270 0.142857
273 270 0.142857
274 270 0.142857
269 273 0.142857
270 273 0.142857
271 273 0.142857
274 273 0.142857
275 273 0.142857
276 273 0.142857
277 273 0.142857
277 280 0.166667
279 280 0.166667
281 280 0.166667
282 280 0.166667
283 280 0.166667
284 280 0.166667
278 282 0.125
279 282 0.125
280 282 0.125
281 282 0.125
283 282 0.125
284 282 0.125
285 282 0.125
286 282 0.125
280 284 0.142857
282 284 0.142857
283 284 0.142857
285 284 0.142857
286 284 0.142857
287 284 0.142857
288 284 0.142857
281 332 0.125
328 332 0.125
329 332 0.125
330 332 0.125
331 332 0.125
333 332 0.125
335 332 0.125
336 332 0.125
282 286 0.125
283 286 0.125
284 286 0.125
285 286 0.125
287 286 0.125
288 286 0.125
289 286 0.125
290 286 0.125
284 288 0.142857
286 288 0.142857
287 288 0.142857
289 288 0.142857
290 288 0.142857
291 288 0.142857
292 288 0.142857
286 290 0.125
287 290 0.125
288 290 0.125
289 290 0.125
291 290 0.125
292 290 0.125
293 290 0.125
325 290 0.125
290 293 0.142857
291 293 0.142857
292 293 0.142857
294 293 0.142857
295 293 0.142857
296 293 0.142857
297 293 0.142857
290 325 0.142857
323 325 0.142857
324 325 0.142857
326 325 0.142857
327 325 0.142857
328 325 0.142857
329 325 0.142857
291 294 0.142857
292 294 0.142857
293 294 0.142857
295 294 0.142857
296 294 0.142857
297 294 0.142857
298 294 0.142857
291 295 0.125
292 295 0.125
293 295 0.125
294 295 0.125
296 295 0.125
297 295 0.125
298 295 0.125
299 295 0.125
295 299 0.125
296 299 0.125
297 299 0.125
298 299 0.125
300 299 0.125
301 299 0.125
302 299 0.125
303 299 0.125
297 301 0.125
298 301 0.125
299 301 0.125
300 301 0.125
302 301 0.125
303 301 0.125
304 301 0.125
305 301 0.125
299 302 0.142857
300 302 0.142857
301 302 0.142857
303 302 0.142857
304 302 0.142857
305 302 0.142857
306 302 0.142857
299 303 0.125
300 303 0.125
301 303 0.125
302 303 0.125
304 303 0.125
305 303 0.125
306 303 0.125
307 303 0.125
300 304 0.125
301 304 0.125
302 304 0.125
303 304 0.125
305 304 0.125
306 304 0.125
307 304 0.125
308 304 0.125
303 307 0.142857
304 307 0.142857
306 307 0.142857
309 307 0.142857
310 307 0.142857
311 307 0.142857
319 307 0.142857
307 311 0.166667
310 311 0.166667
312 311 0.166667
313 311 0.166667
314 311 0.166667
315 311 0.166667
307 319 0.111111
315 319 0.111111
316 319 0.111111
317 319 0.111111
318 319 0.111111
320 319 0.111111
321 319 0.111111
322 319 0.111111
323 319 0.111111
308 312 0.125
309 312 0.125
310 312 0.125
311 312 0.125
313 312 0.125
314 312 0.125
315 312 0.125
316 312 0.125
309 313 0.125
310 313 0.125
311 313 0.125
312 313 0.125
314 313 0.125
315 313 0.125
316 313 0.125
317 313 0.125
309 337 0.125
333 337 0.125
334 337 0.125
335 337 0.125
338 337 0.125
339 337 0.125
340 337 0.125
341 337 0.125
312 316 0.125
313 316 0.125
314 316 0.125
315 316 0.125
317 316 0.125
318 316 0.125
319 316 0.125
320 316 0.125
314 318 0.142857
316 318 0.142857
317 318 0.142857
319 318 0.142857
320 318 0.142857
321 318 0.142857
322 318 0.142857
319 323 0.142857
321 323 0.142857
322 323 0.142857
324 323 0.142857
325 323 0.142857
326 323 0.142857
327 323 0.142857
323 327 0.125
324 327 0.125
325 327 0.125
326 327 0.125
328 327 0.125
329 327 0.125
330 327 0.125
331 327 0.125
325 329 0.125
326 329 0.125
327 329 0.125
328 329 0.125
330 329 0.125
331 329 0.125
332 329 0.125
333 329 0.125
327 331 0.125
328 331 0.125
329 331 0.125
330 331 0.125
332 331 0.125
333 331 0.125
334 331 0.125
335 331 0.125
331 335 0.125
332 335 0.125
333 335 0.125
334 335 0.125
336 335 0.125
337 335 0.125
338 335 0.125
339 335 0.125
334 338 0.125
335 338 0.125
336 338 0.125
337 338 0.125
339 338 0.125
340 338 0.125
341 338 0.125
342 338 0.125
337 341 0.125
338 341 0.125
339 341 0.125
340 341 0.125
342 341 0.125
343 341 0.125
344 341 0.125
345 341 0.125
345 349 0.125
346 349 0.125
347 349 0.125
348 349 0.125
350 349 0.125
351 349 0.125
352 349 0.125
353 349 0.125
346 350 0.166667
349 350 0.166667
351 350 0.166667
352 350 0.166667
353 350 0.166667
354 350 0.166667
348 352 0.125
349 352 0.125
350 352 0.125
351 352 0.125
353 352 0.125
354 352 0.125
355 352 0.125
356 352 0.125
350 354 0.125
351 354 0.125
352 354 0.125
353 354 0.125
355 354 0.125
356 354 0.125
357 354 0.125
358 354 0.125
352 356 0.125
353 356 0.125
354 356 0.125
355 356 0.125
357 356 0.125
358 356 0.125
359 356 0.125
360 356 0.125
353 357 0.125
354 357 0.125
355 357 0.125
356 357 0.125
358 357 0.125
359 357 0.125
360 357 0.125
361 357 0.125
354 358 0.125
355 358 0.125
356 358 0.125
357 358 0.125
359 358 0.125
360 358 0.125
361 358 0.125
362 358 0.125
1 0 0.125
363 0 0.125
2 0 0.125
362 0 0.125
3 0 0.125
361 0 0.125
4 0 0.125
360 0 0.125
