0 1 0.142857
2 1 0.142857
3 1 0.142857
133 1 0.142857
132 1 0.142857
5 1 0.142857
99 1 0.142857
0 133 0.125
1 133 0.125
2 133 0.125
3 133 0.125
129 133 0.125
130 133 0.125
131 133 0.125
132 133 0.125
0 132 0.142857
1 132 0.142857
2 132 0.142857
129 132 0.142857
130 132 0.142857
131 132 0.142857
133 132 0.142857
0 3 0.111111
1 3 0.111111
2 3 0.111111
4 3 0.111111
6 3 0.111111
7 3 0.111111
133 3 0.111111
110 3 0.111111
11 3 0.111111
0 131 0.125
10 131 0.125
127 131 0.125
128 131 0.125
129 131 0.125
130 131 0.125
132 131 0.125
133 131 0.125
0 4 0.142857
2 4 0.142857
3 4 0.142857
5 4 0.142857
6 4 0.142857
7 4 0.142857
8 4 0.142857
0 130 0.125
72 130 0.125
126 130 0.125
127 130 0.125
128 130 0.125
131 130 0.125
132 130 0.125
133 130 0.125
0 84 0.111111
80 84 0.111111
81 84 0.111111
82 84 0.111111
83 84 0.111111
85 84 0.111111
86 84 0.111111
87 84 0.111111
88 84 0.111111
1 2 0.125
3 2 0.125
4 2 0.125
5 2 0.125
133 2 0.125
6 2 0.125
132 2 0.125
107 2 0.125
1 5 0.142857
2 5 0.142857
4 5 0.142857
6 5 0.142857
7 5 0.142857
8 5 0.142857
9 5 0.142857
1 99 0.111111
95 99 0.111111
96 99 0.111111
97 99 0.111111
98 99 0.111111
100 99 0.111111
101 99 0.111111
102 99 0.111111
103 99 0.111111
2 6 0.111111
3 6 0.111111
4 6 0.111111
5 6 0.111111
7 6 0.111111
8 6 0.111111
9 6 0.111111
10 6 0.111111
61 6 0.111111
2 107 0.125
45 107 0.125
103 107 0.125
104 107 0.125
105 107 0.125
108 107 0.125
109 107 0.125
111 107 0.125
3 7 0.125
4 7 0.125
5 7 0.125
6 7 0.125
8 7 0.125
9 7 0.125
10 7 0.125
11 7 0.125
3 110 0.142857
14 110 0.142857
106 110 0.142857
108 110 0.142857
111 110 0.142857
112 110 0.142857
123 110 0.142857
3 11 0.125
7 11 0.125
8 11 0.125
9 11 0.125
10 11 0.125
12 11 0.125
13 11 0.125
14 11 0.125
4 8 0.125
5 8 0.125
6 8 0.125
7 8 0.125
9 8 0.125
10 8 0.125
11 8 0.125
12 8 0.125
5 9 0.125
6 9 0.125
7 9 0.125
8 9 0.125
10 9 0.125
11 9 0.125
12 9 0.125
129 9 0.125
6 10 0.111111
7 10 0.111111
8 10 0.111111
9 10 0.111111
11 10 0.111111
12 10 0.111111
13 10 0.111111
14 10 0.111111
131 10 0.111111
6 61 0.142857
57 61 0.142857
59 61 0.142857
60 61 0.142857
62 61 0.142857
64 61 0.142857
65 61 0.142857
8 12 0.125
9 12 0.125
10 12 0.125
11 12 0.125
13 12 0.125
14 12 0.125
15 12 0.125
16 12 0.125
9 129 0.111111
62 129 0.111111
125 129 0.111111
126 129 0.111111
127 129 0.111111
128 129 0.111111
131 129 0.111111
132 129 0.111111
133 129 0.111111
10 13 0.142857
11 13 0.142857
12 13 0.142857
14 13 0.142857
15 13 0.142857
16 13 0.142857
17 13 0.142857
10 14 0.111111
11 14 0.111111
12 14 0.111111
13 14 0.111111
15 14 0.111111
16 14 0.111111
17 14 0.111111
18 14 0.111111
110 14 0.111111
12 15 0.142857
13 15 0.142857
14 15 0.142857
16 15 0.142857
17 15 0.142857
18 15 0.142857
19 15 0.142857
12 16 0.125
13 16 0.125
14 16 0.125
15 16 0.125
18 16 0.125
19 16 0.125
20 16 0.125
23 16 0.125
13 17 0.142857
14 17 0.142857
15 17 0.142857
18 17 0.142857
19 17 0.142857
20 17 0.142857
21 17 0.142857
14 18 0.111111
15 18 0.111111
16 18 0.111111
17 18 0.111111
19 18 0.111111
20 18 0.111111
21 18 0.111111
22 18 0.111111
58 18 0.111111
15 19 0.125
16 19 0.125
17 19 0.125
18 19 0.125
20 19 0.125
21 19 0.125
22 19 0.125
23 19 0.125
16 20 0.125
17 20 0.125
18 20 0.125
19 20 0.125
21 20 0.125
22 20 0.125
23 20 0.125
24 20 0.125
16 23 0.125
19 23 0.125
20 23 0.125
22 23 0.125
25 23 0.125
26 23 0.125
124 23 0.125
126 23 0.125
17 21 0.125
18 21 0.125
19 21 0.125
20 21 0.125
22 21 0.125
24 21 0.125
25 21 0.125
125 21 0.125
18 22 0.125
19 22 0.125
20 22 0.125
21 22 0.125
23 22 0.125
24 22 0.125
25 22 0.125
26 22 0.125
18 58 0.125
54 58 0.125
55 58 0.125
56 58 0.125
57 58 0.125
60 58 0.125
62 58 0.125
70 58 0.125
20 24 0.142857
21 24 0.142857
22 24 0.142857
25 24 0.142857
26 24 0.142857
27 24 0.142857
28 24 0.142857
21 25 0.125
22 25 0.125
23 25 0.125
24 25 0.125
26 25 0.125
27 25 0.125
28 25 0.125
29 25 0.125
21 125 0.111111
121 125 0.111111
122 125 0.111111
123 125 0.111111
124 125 0.111111
126 125 0.111111
127 125 0.111111
128 125 0.111111
129 125 0.111111
22 26 0.1
23 26 0.1
24 26 0.1
25 26 0.1
28 26 0.1
29 26 0.1
30 26 0.1
67 26 0.1
117 26 0.1
47 26 0.1
23 124 0.125
121 124 0.125
122 124 0.125
123 124 0.125
125 124 0.125
126 124 0.125
127 124 0.125
128 124 0.125
23 126 0.1
66 126 0.1
122 126 0.1
123 126 0.1
124 126 0.1
125 126 0.1
127 126 0.1
128 126 0.1
129 126 0.1
130 126 0.1
24 27 0.166667
25 27 0.166667
28 27 0.166667
29 27 0.166667
30 27 0.166667
52 27 0.166667
24 28 0.125
25 28 0.125
26 28 0.125
27 28 0.125
29 28 0.125
30 28 0.125
31 28 0.125
32 28 0.125
25 29 0.125
26 29 0.125
27 29 0.125
28 29 0.125
30 29 0.125
31 29 0.125
32 29 0.125
33 29 0.125
26 30 0.125
27 30 0.125
28 30 0.125
29 30 0.125
31 30 0.125
32 30 0.125
33 30 0.125
123 30 0.125
26 67 0.142857
64 67 0.142857
65 67 0.142857
68 67 0.142857
69 67 0.142857
70 67 0.142857
71 67 0.142857
26 117 0.111111
90 117 0.111111
113 117 0.111111
114 117 0.111111
115 117 0.111111
116 117 0.111111
118 117 0.111111
119 117 0.111111
121 117 0.111111
26 47 0.142857
43 47 0.142857
44 47 0.142857
46 47 0.142857
48 47 0.142857
49 47 0.142857
50 47 0.142857
27 52 0.111111
48 52 0.111111
49 52 0.111111
50 52 0.111111
51 52 0.111111
53 52 0.111111
54 52 0.111111
55 52 0.111111
56 52 0.111111
28 31 0.142857
29 31 0.142857
30 31 0.142857
32 31 0.142857
33 31 0.142857
34 31 0.142857
35 31 0.142857
28 32 0.125
29 32 0.125
30 32 0.125
31 32 0.125
33 32 0.125
34 32 0.125
35 32 0.125
36 32 0.125
29 33 0.125
30 33 0.125
31 33 0.125
32 33 0.125
34 33 0.125
35 33 0.125
36 33 0.125
45 33 0.125
30 123 0.1
110 123 0.1
119 123 0.1
120 123 0.1
121 123 0.1
122 123 0.1
124 123 0.1
125 123 0.1
126 123 0.1
127 123 0.1
31 34 0.142857
32 34 0.142857
33 34 0.142857
35 34 0.142857
36 34 0.142857
37 34 0.142857
38 34 0.142857
31 35 0.125
32 35 0.125
33 35 0.125
34 35 0.125
36 35 0.125
37 35 0.125
38 35 0.125
39 35 0.125
32 36 0.125
33 36 0.125
34 36 0.125
35 36 0.125
37 36 0.125
38 36 0.125
39 36 0.125
40 36 0.125
33 45 0.125
41 45 0.125
43 45 0.125
44 45 0.125
46 45 0.125
48 45 0.125
49 45 0.125
107 45 0.125
34 37 0.142857
35 37 0.142857
36 37 0.142857
38 37 0.142857
39 37 0.142857
40 37 0.142857
41 37 0.142857
34 38 0.125
35 38 0.125
36 38 0.125
37 38 0.125
39 38 0.125
41 38 0.125
42 38 0.125
116 38 0.125
35 39 0.111111
36 39 0.111111
37 39 0.111111
38 39 0.111111
40 39 0.111111
41 39 0.111111
42 39 0.111111
43 39 0.111111
64 39 0.111111
36 40 0.111111
37 40 0.111111
39 40 0.111111
41 40 0.111111
42 40 0.111111
43 40 0.111111
44 40 0.111111
66 40 0.111111
78 40 0.111111
37 41 0.125
38 41 0.125
39 41 0.125
40 41 0.125
42 41 0.125
43 41 0.125
44 41 0.125
45 41 0.125
38 42 0.111111
39 42 0.111111
40 42 0.111111
41 42 0.111111
43 42 0.111111
44 42 0.111111
106 42 0.111111
94 42 0.111111
69 42 0.111111
38 116 0.111111
112 116 0.111111
113 116 0.111111
114 116 0.111111
115 116 0.111111
117 116 0.111111
118 116 0.111111
119 116 0.111111
120 116 0.111111
39 43 0.125
40 43 0.125
41 43 0.125
42 43 0.125
44 43 0.125
45 43 0.125
46 43 0.125
47 43 0.125
39 64 0.125
60 64 0.125
61 64 0.125
62 64 0.125
63 64 0.125
65 64 0.125
67 64 0.125
68 64 0.125
40 44 0.125
41 44 0.125
42 44 0.125
43 44 0.125
45 44 0.125
46 44 0.125
47 44 0.125
48 44 0.125
40 66 0.142857
62 66 0.142857
63 66 0.142857
65 66 0.142857
68 66 0.142857
70 66 0.142857
126 66 0.142857
40 78 0.1
74 78 0.1
75 78 0.1
76 78 0.1
77 78 0.1
79 78 0.1
80 78 0.1
82 78 0.1
109 78 0.1
112 78 0.1
42 106 0.125
102 106 0.125
103 106 0.125
104 106 0.125
105 106 0.125
108 106 0.125
109 106 0.125
110 106 0.125
42 94 0.125
91 94 0.125
92 94 0.125
93 94 0.125
95 94 0.125
96 94 0.125
97 94 0.125
98 94 0.125
42 69 0.125
65 69 0.125
67 69 0.125
68 69 0.125
70 69 0.125
71 69 0.125
72 69 0.125
73 69 0.125
43 46 0.142857
44 46 0.142857
45 46 0.142857
47 46 0.142857
48 46 0.142857
49 46 0.142857
50 46 0.142857
44 48 0.125
45 48 0.125
46 48 0.125
47 48 0.125
50 48 0.125
51 48 0.125
52 48 0.125
105 48 0.125
45 49 0.142857
46 49 0.142857
47 49 0.142857
50 49 0.142857
51 49 0.142857
52 49 0.142857
53 49 0.142857
46 50 0.111111
47 50 0.111111
48 50 0.111111
49 50 0.111111
51 50 0.111111
52 50 0.111111
53 50 0.111111
54 50 0.111111
83 50 0.111111
48 51 0.142857
49 51 0.142857
50 51 0.142857
52 51 0.142857
53 51 0.142857
54 51 0.142857
55 51 0.142857
48 105 0.111111
101 105 0.111111
102 105 0.111111
103 105 0.111111
104 105 0.111111
106 105 0.111111
107 105 0.111111
108 105 0.111111
109 105 0.111111
49 53 0.125
50 53 0.125
51 53 0.125
52 53 0.125
54 53 0.125
55 53 0.125
56 53 0.125
57 53 0.125
50 54 0.125
51 54 0.125
52 54 0.125
53 54 0.125
55 54 0.125
56 54 0.125
57 54 0.125
58 54 0.125
50 83 0.125
79 83 0.125
80 83 0.125
81 83 0.125
82 83 0.125
84 83 0.125
86 83 0.125
87 83 0.125
51 55 0.125
52 55 0.125
53 55 0.125
54 55 0.125
56 55 0.125
57 55 0.125
58 55 0.125
59 55 0.125
52 56 0.125
53 56 0.125
54 56 0.125
55 56 0.125
57 56 0.125
58 56 0.125
59 56 0.125
60 56 0.125
53 57 0.125
54 57 0.125
55 57 0.125
56 57 0.125
58 57 0.125
59 57 0.125
60 57 0.125
61 57 0.125
55 59 0.142857
56 59 0.142857
57 59 0.142857
60 59 0.142857
61 59 0.142857
62 59 0.142857
63 59 0.142857
56 60 0.125
57 60 0.125
58 60 0.125
59 60 0.125
61 60 0.125
62 60 0.125
63 60 0.125
64 60 0.125
58 62 0.111111
59 62 0.111111
60 62 0.111111
61 62 0.111111
63 62 0.111111
64 62 0.111111
65 62 0.111111
66 62 0.111111
129 62 0.111111
58 70 0.111111
66 70 0.111111
67 70 0.111111
68 70 0.111111
69 70 0.111111
71 70 0.111111
72 70 0.111111
74 70 0.111111
121 70 0.111111
59 63 0.142857
60 63 0.142857
62 63 0.142857
64 63 0.142857
65 63 0.142857
66 63 0.142857
114 63 0.142857
61 65 0.125
62 65 0.125
63 65 0.125
64 65 0.125
66 65 0.125
67 65 0.125
68 65 0.125
69 65 0.125
63 114 0.125
111 114 0.125
112 114 0.125
113 114 0.125
115 114 0.125
116 114 0.125
117 114 0.125
118 114 0.125
64 68 0.125
65 68 0.125
66 68 0.125
67 68 0.125
69 68 0.125
70 68 0.125
71 68 0.125
72 68 0.125
67 71 0.125
68 71 0.125
69 71 0.125
70 71 0.125
72 71 0.125
73 71 0.125
74 71 0.125
75 71 0.125
68 72 0.125
69 72 0.125
70 72 0.125
71 72 0.125
74 72 0.125
75 72 0.125
76 72 0.125
130 72 0.125
69 73 0.166667
71 73 0.166667
75 73 0.166667
76 73 0.166667
77 73 0.166667
97 73 0.166667
70 74 0.142857
71 74 0.142857
72 74 0.142857
75 74 0.142857
76 74 0.142857
77 74 0.142857
78 74 0.142857
70 121 0.111111
117 121 0.111111
118 121 0.111111
119 121 0.111111
120 121 0.111111
122 121 0.111111
123 121 0.111111
124 121 0.111111
125 121 0.111111
71 75 0.125
72 75 0.125
73 75 0.125
74 75 0.125
76 75 0.125
77 75 0.125
78 75 0.125
79 75 0.125
72 76 0.125
73 76 0.125
74 76 0.125
75 76 0.125
77 76 0.125
78 76 0.125
79 76 0.125
80 76 0.125
73 77 0.125
74 77 0.125
75 77 0.125
76 77 0.125
78 77 0.125
79 77 0.125
80 77 0.125
81 77 0.125
73 97 0.111111
93 97 0.111111
94 97 0.111111
95 97 0.111111
96 97 0.111111
98 97 0.111111
99 97 0.111111
100 97 0.111111
101 97 0.111111
75 79 0.125
76 79 0.125
77 79 0.125
78 79 0.125
80 79 0.125
81 79 0.125
82 79 0.125
83 79 0.125
76 80 0.111111
77 80 0.111111
78 80 0.111111
79 80 0.111111
81 80 0.111111
82 80 0.111111
83 80 0.111111
84 80 0.111111
111 80 0.111111
77 81 0.142857
79 81 0.142857
80 81 0.142857
82 81 0.142857
83 81 0.142857
84 81 0.142857
85 81 0.142857
78 82 0.125
79 82 0.125
80 82 0.125
81 82 0.125
83 82 0.125
84 82 0.125
85 82 0.125
86 82 0.125
78 109 0.125
105 109 0.125
106 109 0.125
107 109 0.125
108 109 0.125
111 109 0.125
112 109 0.125
113 109 0.125
78 112 0.125
108 112 0.125
109 112 0.125
110 112 0.125
111 112 0.125
114 112 0.125
115 112 0.125
116 112 0.125
80 111 0.125
107 111 0.125
108 111 0.125
109 111 0.125
110 111 0.125
112 111 0.125
113 111 0.125
114 111 0.125
81 85 0.142857
82 85 0.142857
84 85 0.142857
86 85 0.142857
87 85 0.142857
89 85 0.142857
96 85 0.142857
82 86 0.125
83 86 0.125
84 86 0.125
85 86 0.125
87 86 0.125
88 86 0.125
89 86 0.125
90 86 0.125
83 87 0.125
84 87 0.125
85 87 0.125
86 87 0.125
88 87 0.125
89 87 0.125
90 87 0.125
91 87 0.125
84 88 0.142857
86 88 0.142857
87 88 0.142857
89 88 0.142857
91 88 0.142857
92 88 0.142857
128 88 0.142857
85 89 0.125
86 89 0.125
87 89 0.125
88 89 0.125
90 89 0.125
91 89 0.125
92 89 0.125
93 89 0.125
85 96 0.111111
92 96 0.111111
93 96 0.111111
94 96 0.111111
95 96 0.111111
97 96 0.111111
98 96 0.111111
99 96 0.111111
100 96 0.111111
86 90 0.142857
87 90 0.142857
89 90 0.142857
91 90 0.142857
92 90 0.142857
93 90 0.142857
117 90 0.142857
87 91 0.125
88 91 0.125
89 91 0.125
90 91 0.125
92 91 0.125
93 91 0.125
94 91 0.125
95 91 0.125
88 92 0.125
89 92 0.125
90 92 0.125
91 92 0.125
93 92 0.125
94 92 0.125
95 92 0.125
96 92 0.125
88 128 0.111111
104 128 0.111111
124 128 0.111111
125 128 0.111111
126 128 0.111111
127 128 0.111111
129 128 0.111111
130 128 0.111111
131 128 0.111111
89 93 0.125
90 93 0.125
91 93 0.125
92 93 0.125
94 93 0.125
95 93 0.125
96 93 0.125
97 93 0.125
91 95 0.125
92 95 0.125
93 95 0.125
94 95 0.125
96 95 0.125
97 95 0.125
98 95 0.125
99 95 0.125
94 98 0.125
95 98 0.125
96 98 0.125
97 98 0.125
99 98 0.125
100 98 0.125
101 98 0.125
102 98 0.125
96 100 0.125
97 100 0.125
98 100 0.125
99 100 0.125
101 100 0.125
102 100 0.125
103 100 0.125
104 100 0.125
97 101 0.125
98 101 0.125
99 101 0.125
100 101 0.125
102 101 0.125
103 101 0.125
104 101 0.125
105 101 0.125
98 102 0.111111
99 102 0.111111
100 102 0.111111
101 102 0.111111
103 102 0.111111
104 102 0.111111
105 102 0.111111
106 102 0.111111
120 102 0.111111
99 103 0.125
100 103 0.125
101 103 0.125
102 103 0.125
104 103 0.125
105 103 0.125
106 103 0.125
107 103 0.125
100 104 0.111111
101 104 0.111111
102 104 0.111111
103 104 0.111111
105 104 0.111111
106 104 0.111111
107 104 0.111111
108 104 0.111111
128 104 0.111111
102 120 0.142857
116 120 0.142857
118 120 0.142857
119 120 0.142857
121 120 0.142857
122 120 0.142857
123 120 0.142857
104 108 0.125
105 108 0.125
106 108 0.125
107 108 0.125
109 108 0.125
110 108 0.125
111 108 0.125
112 108 0.125
109 113 0.166667
111 113 0.166667
114 113 0.166667
115 113 0.166667
116 113 0.166667
117 113 0.166667
112 115 0.142857
113 115 0.142857
114 115 0.142857
116 115 0.142857
117 115 0.142857
118 115 0.142857
119 115 0.142857
114 118 0.125
115 118 0.125
116 118 0.125
117 118 0.125
119 118 0.125
120 118 0.125
121 118 0.125
122 118 0.125
115 119 0.125
116 119 0.125
117 119 0.125
118 119 0.125
120 119 0.125
121 119 0.125
122 119 0.125
123 119 0.125
118 122 0.125
119 122 0.125
120 122 0.125
121 122 0.125
123 122 0.125
124 122 0.125
125 122 0.125
126 122 0.125
123 127 0.125
124 127 0.125
125 127 0.125
126 127 0.125
128 127 0.125
129 127 0.125
130 127 0.125
131 127 0.125
1 0 0.125
133 0 0.125
132 0 0.125
3 0 0.125
131 0 0.125
4 0 0.125
130 0 0.125
84 0 0.125
