0 6 0.041667
10 6 0.041667
11 6 0.041667
18 6 0.041667
26 6 0.041667
41 6 0.041667
43 6 0.041667
45 6 0.041667
50 6 0.041667
65 6 0.041667
66 6 0.041667
68 6 0.041667
82 6 0.041667
86 6 0.041667
95 6 0.041667
102 6 0.041667
105 6 0.041667
119 6 0.041667
120 6 0.041667
136 6 0.041667
137 6 0.041667
141 6 0.041667
150 6 0.041667
154 6 0.041667
0 9 0.041667
19 9 0.041667
26 9 0.041667
45 9 0.041667
53 9 0.041667
60 9 0.041667
65 9 0.041667
67 9 0.041667
81 9 0.041667
88 9 0.041667
99 9 0.041667
101 9 0.041667
111 9 0.041667
112 9 0.041667
114 9 0.041667
122 9 0.041667
130 9 0.041667
136 9 0.041667
140 9 0.041667
142 9 0.041667
146 9 0.041667
149 9 0.041667
152 9 0.041667
153 9 0.041667
0 12 0.035714
1 12 0.035714
3 12 0.035714
4 12 0.035714
7 12 0.035714
13 12 0.035714
15 12 0.035714
21 12 0.035714
23 12 0.035714
29 12 0.035714
31 12 0.035714
32 12 0.035714
40 12 0.035714
44 12 0.035714
45 12 0.035714
46 12 0.035714
57 12 0.035714
66 12 0.035714
71 12 0.035714
96 12 0.035714
100 12 0.035714
103 12 0.035714
111 12 0.035714
118 12 0.035714
119 12 0.035714
124 12 0.035714
127 12 0.035714
154 12 0.035714
0 16 0.035714
26 16 0.035714
30 16 0.035714
41 16 0.035714
42 16 0.035714
45 16 0.035714
48 16 0.035714
59 16 0.035714
60 16 0.035714
63 16 0.035714
73 16 0.035714
79 16 0.035714
80 16 0.035714
83 16 0.035714
85 16 0.035714
86 16 0.035714
93 16 0.035714
97 16 0.035714
106 16 0.035714
107 16 0.035714
113 16 0.035714
123 16 0.035714
132 16 0.035714
135 16 0.035714
136 16 0.035714
140 16 0.035714
142 16 0.035714
152 16 0.035714
0 17 0.034483
1 17 0.034483
4 17 0.034483
10 17 0.034483
21 17 0.034483
26 17 0.034483
31 17 0.034483
38 17 0.034483
42 17 0.034483
51 17 0.034483
55 17 0.034483
64 17 0.034483
70 17 0.034483
79 17 0.034483
80 17 0.034483
81 17 0.034483
89 17 0.034483
95 17 0.034483
101 17 0.034483
102 17 0.034483
108 17 0.034483
111 17 0.034483
120 17 0.034483
127 17 0.034483
131 17 0.034483
133 17 0.034483
136 17 0.034483
140 17 0.034483
147 17 0.034483
0 19 0.052632
9 19 0.052632
41 19 0.052632
42 19 0.052632
49 19 0.052632
61 19 0.052632
65 19 0.052632
68 19 0.052632
80 19 0.052632
88 19 0.052632
89 19 0.052632
96 19 0.052632
109 19 0.052632
119 19 0.052632
121 19 0.052632
133 19 0.052632
134 19 0.052632
135 19 0.052632
137 19 0.052632
0 29 0.047619
12 29 0.047619
18 29 0.047619
21 29 0.047619
58 29 0.047619
64 29 0.047619
71 29 0.047619
76 29 0.047619
77 29 0.047619
88 29 0.047619
89 29 0.047619
91 29 0.047619
95 29 0.047619
96 29 0.047619
105 29 0.047619
111 29 0.047619
115 29 0.047619
124 29 0.047619
131 29 0.047619
132 29 0.047619
147 29 0.047619
0 40 0.05
3 40 0.05
11 40 0.05
12 40 0.05
15 40 0.05
21 40 0.05
25 40 0.05
37 40 0.05
60 40 0.05
70 40 0.05
77 40 0.05
83 40 0.05
86 40 0.05
95 40 0.05
100 40 0.05
118 40 0.05
129 40 0.05
139 40 0.05
148 40 0.05
151 40 0.05
0 45 0.035714
6 45 0.035714
9 45 0.035714
11 45 0.035714
12 45 0.035714
16 45 0.035714
36 45 0.035714
38 45 0.035714
47 45 0.035714
66 45 0.035714
68 45 0.035714
87 45 0.035714
97 45 0.035714
98 45 0.035714
101 45 0.035714
104 45 0.035714
113 45 0.035714
116 45 0.035714
118 45 0.035714
120 45 0.035714
121 45 0.035714
123 45 0.035714
124 45 0.035714
127 45 0.035714
141 45 0.035714
147 45 0.035714
149 45 0.035714
151 45 0.035714
0 46 0.033333
1 46 0.033333
3 46 0.033333
12 46 0.033333
18 46 0.033333
21 46 0.033333
23 46 0.033333
33 46 0.033333
39 46 0.033333
43 46 0.033333
44 46 0.033333
52 46 0.033333
54 46 0.033333
61 46 0.033333
70 46 0.033333
74 46 0.033333
76 46 0.033333
80 46 0.033333
88 46 0.033333
89 46 0.033333
90 46 0.033333
94 46 0.033333
95 46 0.033333
105 46 0.033333
114 46 0.033333
122 46 0.033333
126 46 0.033333
134 46 0.033333
145 46 0.033333
146 46 0.033333
0 60 0.033333
9 60 0.033333
13 60 0.033333
16 60 0.033333
22 60 0.033333
32 60 0.033333
33 60 0.033333
34 60 0.033333
35 60 0.033333
40 60 0.033333
55 60 0.033333
58 60 0.033333
67 60 0.033333
68 60 0.033333
72 60 0.033333
73 60 0.033333
88 60 0.033333
90 60 0.033333
95 60 0.033333
109 60 0.033333
111 60 0.033333
112 60 0.033333
121 60 0.033333
123 60 0.033333
129 60 0.033333
133 60 0.033333
138 60 0.033333
144 60 0.033333
145 60 0.033333
146 60 0.033333
0 65 0.035714
6 65 0.035714
9 65 0.035714
10 65 0.035714
13 65 0.035714
19 65 0.035714
20 65 0.035714
25 65 0.035714
38 65 0.035714
39 65 0.035714
42 65 0.035714
43 65 0.035714
50 65 0.035714
56 65 0.035714
68 65 0.035714
70 65 0.035714
73 65 0.035714
78 65 0.035714
82 65 0.035714
88 65 0.035714
94 65 0.035714
107 65 0.035714
111 65 0.035714
112 65 0.035714
113 65 0.035714
120 65 0.035714
123 65 0.035714
137 65 0.035714
0 75 0.037037
11 75 0.037037
23 75 0.037037
25 75 0.037037
35 75 0.037037
37 75 0.037037
42 75 0.037037
52 75 0.037037
57 75 0.037037
63 75 0.037037
70 75 0.037037
73 75 0.037037
74 75 0.037037
76 75 0.037037
83 75 0.037037
89 75 0.037037
90 75 0.037037
115 75 0.037037
121 75 0.037037
128 75 0.037037
134 75 0.037037
141 75 0.037037
143 75 0.037037
147 75 0.037037
148 75 0.037037
152 75 0.037037
153 75 0.037037
0 81 0.03125
5 81 0.03125
9 81 0.03125
10 81 0.03125
11 81 0.03125
17 81 0.03125
23 81 0.03125
34 81 0.03125
35 81 0.03125
36 81 0.03125
39 81 0.03125
42 81 0.03125
44 81 0.03125
47 81 0.03125
52 81 0.03125
53 81 0.03125
57 81 0.03125
64 81 0.03125
69 81 0.03125
80 81 0.03125
88 81 0.03125
91 81 0.03125
94 81 0.03125
100 81 0.03125
106 81 0.03125
113 81 0.03125
116 81 0.03125
118 81 0.03125
127 81 0.03125
132 81 0.03125
141 81 0.03125
144 81 0.03125
0 89 0.041667
4 89 0.041667
5 89 0.041667
10 89 0.041667
17 89 0.041667
19 89 0.041667
29 89 0.041667
33 89 0.041667
34 89 0.041667
46 89 0.041667
48 89 0.041667
55 89 0.041667
66 89 0.041667
69 89 0.041667
75 89 0.041667
78 89 0.041667
87 89 0.041667
96 89 0.041667
102 89 0.041667
111 89 0.041667
113 89 0.041667
123 89 0.041667
146 89 0.041667
150 89 0.041667
0 95 0.035714
3 95 0.035714
6 95 0.035714
17 95 0.035714
21 95 0.035714
25 95 0.035714
28 95 0.035714
29 95 0.035714
40 95 0.035714
46 95 0.035714
47 95 0.035714
54 95 0.035714
60 95 0.035714
61 95 0.035714
62 95 0.035714
63 95 0.035714
66 95 0.035714
99 95 0.035714
121 95 0.035714
126 95 0.035714
128 95 0.035714
135 95 0.035714
138 95 0.035714
140 95 0.035714
142 95 0.035714
143 95 0.035714
150 95 0.035714
151 95 0.035714
0 97 0.037037
4 97 0.037037
5 97 0.037037
16 97 0.037037
22 97 0.037037
36 97 0.037037
39 97 0.037037
45 97 0.037037
61 97 0.037037
64 97 0.037037
68 97 0.037037
77 97 0.037037
82 97 0.037037
84 97 0.037037
88 97 0.037037
91 97 0.037037
92 97 0.037037
93 97 0.037037
96 97 0.037037
99 97 0.037037
118 97 0.037037
126 97 0.037037
131 97 0.037037
135 97 0.037037
137 97 0.037037
145 97 0.037037
154 97 0.037037
0 100 0.034483
1 100 0.034483
7 100 0.034483
10 100 0.034483
12 100 0.034483
13 100 0.034483
15 100 0.034483
25 100 0.034483
27 100 0.034483
36 100 0.034483
40 100 0.034483
49 100 0.034483
54 100 0.034483
57 100 0.034483
61 100 0.034483
62 100 0.034483
64 100 0.034483
66 100 0.034483
70 100 0.034483
81 100 0.034483
108 100 0.034483
109 100 0.034483
122 100 0.034483
126 100 0.034483
133 100 0.034483
135 100 0.034483
139 100 0.034483
148 100 0.034483
152 100 0.034483
0 101 0.037037
4 101 0.037037
7 101 0.037037
9 101 0.037037
14 101 0.037037
15 101 0.037037
17 101 0.037037
18 101 0.037037
23 101 0.037037
36 101 0.037037
41 101 0.037037
45 101 0.037037
50 101 0.037037
67 101 0.037037
71 101 0.037037
80 101 0.037037
98 101 0.037037
102 101 0.037037
107 101 0.037037
108 101 0.037037
109 101 0.037037
111 101 0.037037
122 101 0.037037
144 101 0.037037
146 101 0.037037
148 101 0.037037
154 101 0.037037
0 107 0.035714
11 107 0.035714
14 107 0.035714
16 107 0.035714
23 107 0.035714
27 107 0.035714
33 107 0.035714
35 107 0.035714
38 107 0.035714
42 107 0.035714
51 107 0.035714
52 107 0.035714
55 107 0.035714
65 107 0.035714
76 107 0.035714
79 107 0.035714
90 107 0.035714
101 107 0.035714
106 107 0.035714
111 107 0.035714
115 107 0.035714
127 107 0.035714
132 107 0.035714
133 107 0.035714
139 107 0.035714
145 107 0.035714
147 107 0.035714
154 107 0.035714
0 122 0.032258
1 122 0.032258
2 122 0.032258
9 122 0.032258
26 122 0.032258
32 122 0.032258
34 122 0.032258
43 122 0.032258
46 122 0.032258
48 122 0.032258
58 122 0.032258
77 122 0.032258
82 122 0.032258
85 122 0.032258
86 122 0.032258
100 122 0.032258
101 122 0.032258
109 122 0.032258
112 122 0.032258
114 122 0.032258
115 122 0.032258
116 122 0.032258
124 122 0.032258
125 122 0.032258
130 122 0.032258
132 122 0.032258
134 122 0.032258
136 122 0.032258
137 122 0.032258
142 122 0.032258
152 122 0.032258
0 138 0.047619
3 138 0.047619
5 138 0.047619
14 138 0.047619
21 138 0.047619
25 138 0.047619
37 138 0.047619
43 138 0.047619
51 138 0.047619
60 138 0.047619
68 138 0.047619
69 138 0.047619
88 138 0.047619
95 138 0.047619
96 138 0.047619
109 138 0.047619
113 138 0.047619
123 138 0.047619
143 138 0.047619
144 138 0.047619
150 138 0.047619
1 2 0.047619
14 2 0.047619
34 2 0.047619
50 2 0.047619
64 2 0.047619
74 2 0.047619
79 2 0.047619
80 2 0.047619
84 2 0.047619
90 2 0.047619
91 2 0.047619
96 2 0.047619
99 2 0.047619
106 2 0.047619
110 2 0.047619
111 2 0.047619
122 2 0.047619
129 2 0.047619
132 2 0.047619
133 2 0.047619
154 2 0.047619
1 10 0.034483
3 10 0.034483
6 10 0.034483
7 10 0.034483
17 10 0.034483
20 10 0.034483
23 10 0.034483
24 10 0.034483
33 10 0.034483
43 10 0.034483
47 10 0.034483
65 10 0.034483
76 10 0.034483
81 10 0.034483
89 10 0.034483
90 10 0.034483
91 10 0.034483
92 10 0.034483
96 10 0.034483
100 10 0.034483
112 10 0.034483
114 10 0.034483
121 10 0.034483
134 10 0.034483
137 10 0.034483
141 10 0.034483
144 10 0.034483
146 10 0.034483
149 10 0.034483
1 26 0.04
6 26 0.04
8 26 0.04
9 26 0.04
11 26 0.04
16 26 0.04
17 26 0.04
22 26 0.04
23 26 0.04
31 26 0.04
36 26 0.04
43 26 0.04
47 26 0.04
50 26 0.04
53 26 0.04
56 26 0.04
66 26 0.04
68 26 0.04
70 26 0.04
82 26 0.04
118 26 0.04
122 26 0.04
133 26 0.04
141 26 0.04
147 26 0.04
1 35 0.045455
7 35 0.045455
8 35 0.045455
23 35 0.045455
34 35 0.045455
36 35 0.045455
38 35 0.045455
42 35 0.045455
47 35 0.045455
60 35 0.045455
63 35 0.045455
75 35 0.045455
81 35 0.045455
87 35 0.045455
104 35 0.045455
107 35 0.045455
116 35 0.045455
118 35 0.045455
123 35 0.045455
130 35 0.045455
136 35 0.045455
140 35 0.045455
1 41 0.043478
6 41 0.043478
11 41 0.043478
13 41 0.043478
16 41 0.043478
19 41 0.043478
20 41 0.043478
36 41 0.043478
39 41 0.043478
42 41 0.043478
50 41 0.043478
52 41 0.043478
54 41 0.043478
56 41 0.043478
71 41 0.043478
85 41 0.043478
93 41 0.043478
101 41 0.043478
105 41 0.043478
116 41 0.043478
119 41 0.043478
124 41 0.043478
142 41 0.043478
1 44 0.038462
4 44 0.038462
5 44 0.038462
12 44 0.038462
15 44 0.038462
28 44 0.038462
46 44 0.038462
47 44 0.038462
48 44 0.038462
58 44 0.038462
59 44 0.038462
63 44 0.038462
68 44 0.038462
69 44 0.038462
70 44 0.038462
80 44 0.038462
81 44 0.038462
82 44 0.038462
84 44 0.038462
98 44 0.038462
117 44 0.038462
120 44 0.038462
126 44 0.038462
136 44 0.038462
148 44 0.038462
151 44 0.038462
1 47 0.04
10 47 0.04
14 47 0.04
22 47 0.04
26 47 0.04
31 47 0.04
35 47 0.04
36 47 0.04
44 47 0.04
45 47 0.04
52 47 0.04
57 47 0.04
64 47 0.04
66 47 0.04
67 47 0.04
76 47 0.04
78 47 0.04
81 47 0.04
95 47 0.04
96 47 0.04
99 47 0.04
110 47 0.04
126 47 0.04
139 47 0.04
140 47 0.04
1 48 0.055556
11 48 0.055556
16 48 0.055556
27 48 0.055556
42 48 0.055556
44 48 0.055556
53 48 0.055556
59 48 0.055556
72 48 0.055556
87 48 0.055556
89 48 0.055556
104 48 0.055556
106 48 0.055556
115 48 0.055556
122 48 0.055556
126 48 0.055556
129 48 0.055556
149 48 0.055556
1 68 0.035714
6 68 0.035714
8 68 0.035714
15 68 0.035714
19 68 0.035714
26 68 0.035714
28 68 0.035714
34 68 0.035714
38 68 0.035714
44 68 0.035714
45 68 0.035714
57 68 0.035714
60 68 0.035714
65 68 0.035714
80 68 0.035714
86 68 0.035714
93 68 0.035714
97 68 0.035714
111 68 0.035714
120 68 0.035714
124 68 0.035714
126 68 0.035714
128 68 0.035714
130 68 0.035714
134 68 0.035714
138 68 0.035714
142 68 0.035714
146 68 0.035714
1 69 0.041667
7 69 0.041667
11 69 0.041667
14 69 0.041667
18 69 0.041667
21 69 0.041667
22 69 0.041667
25 69 0.041667
32 69 0.041667
39 69 0.041667
44 69 0.041667
58 69 0.041667
61 69 0.041667
63 69 0.041667
79 69 0.041667
80 69 0.041667
81 69 0.041667
89 69 0.041667
128 69 0.041667
134 69 0.041667
138 69 0.041667
139 69 0.041667
142 69 0.041667
153 69 0.041667
1 78 0.043478
13 78 0.043478
23 78 0.043478
27 78 0.043478
28 78 0.043478
32 78 0.043478
34 78 0.043478
47 78 0.043478
50 78 0.043478
52 78 0.043478
53 78 0.043478
55 78 0.043478
62 78 0.043478
65 78 0.043478
66 78 0.043478
71 78 0.043478
89 78 0.043478
92 78 0.043478
94 78 0.043478
125 78 0.043478
126 78 0.043478
142 78 0.043478
153 78 0.043478
1 79 0.035714
2 79 0.035714
7 79 0.035714
8 79 0.035714
15 79 0.035714
16 79 0.035714
17 79 0.035714
22 79 0.035714
43 79 0.035714
52 79 0.035714
54 79 0.035714
61 79 0.035714
63 79 0.035714
64 79 0.035714
69 79 0.035714
77 79 0.035714
87 79 0.035714
88 79 0.035714
93 79 0.035714
96 79 0.035714
107 79 0.035714
111 79 0.035714
112 79 0.035714
117 79 0.035714
119 79 0.035714
131 79 0.035714
135 79 0.035714
139 79 0.035714
1 85 0.058824
11 85 0.058824
16 85 0.058824
34 85 0.058824
41 85 0.058824
54 85 0.058824
74 85 0.058824
84 85 0.058824
99 85 0.058824
113 85 0.058824
114 85 0.058824
115 85 0.058824
117 85 0.058824
121 85 0.058824
122 85 0.058824
130 85 0.058824
146 85 0.058824
1 106 0.047619
2 106 0.047619
16 106 0.047619
23 106 0.047619
32 106 0.047619
48 106 0.047619
59 106 0.047619
66 106 0.047619
74 106 0.047619
81 106 0.047619
93 106 0.047619
107 106 0.047619
114 106 0.047619
121 106 0.047619
126 106 0.047619
128 106 0.047619
129 106 0.047619
135 106 0.047619
140 106 0.047619
142 106 0.047619
149 106 0.047619
1 112 0.035714
8 112 0.035714
9 112 0.035714
10 112 0.035714
11 112 0.035714
13 112 0.035714
27 112 0.035714
28 112 0.035714
60 112 0.035714
65 112 0.035714
73 112 0.035714
79 112 0.035714
92 112 0.035714
96 112 0.035714
109 112 0.035714
118 112 0.035714
120 112 0.035714
122 112 0.035714
124 112 0.035714
127 112 0.035714
128 112 0.035714
129 112 0.035714
132 112 0.035714
133 112 0.035714
137 112 0.035714
141 112 0.035714
148 112 0.035714
152 112 0.035714
1 115 0.052632
11 115 0.052632
21 115 0.052632
23 115 0.052632
29 115 0.052632
32 115 0.052632
33 115 0.052632
48 115 0.052632
53 115 0.052632
57 115 0.052632
75 115 0.052632
85 115 0.052632
93 115 0.052632
103 115 0.052632
105 115 0.052632
107 115 0.052632
120 115 0.052632
122 115 0.052632
129 115 0.052632
1 123 0.047619
4 123 0.047619
14 123 0.047619
16 123 0.047619
27 123 0.047619
34 123 0.047619
35 123 0.047619
45 123 0.047619
60 123 0.047619
65 123 0.047619
76 123 0.047619
89 123 0.047619
108 123 0.047619
114 123 0.047619
132 123 0.047619
133 123 0.047619
134 123 0.047619
135 123 0.047619
136 123 0.047619
138 123 0.047619
148 123 0.047619
1 133 0.033333
2 133 0.033333
7 133 0.033333
17 133 0.033333
19 133 0.033333
20 133 0.033333
24 133 0.033333
26 133 0.033333
27 133 0.033333
50 133 0.033333
56 133 0.033333
60 133 0.033333
66 133 0.033333
80 133 0.033333
83 133 0.033333
94 133 0.033333
99 133 0.033333
100 133 0.033333
102 133 0.033333
103 133 0.033333
107 133 0.033333
109 133 0.033333
111 133 0.033333
112 133 0.033333
123 133 0.033333
124 133 0.033333
129 133 0.033333
132 133 0.033333
140 133 0.033333
144 133 0.033333
1 135 0.038462
14 135 0.038462
16 135 0.038462
19 135 0.038462
25 135 0.038462
50 135 0.038462
51 135 0.038462
54 135 0.038462
55 135 0.038462
62 135 0.038462
64 135 0.038462
77 135 0.038462
79 135 0.038462
80 135 0.038462
95 135 0.038462
97 135 0.038462
99 135 0.038462
100 135 0.038462
102 135 0.038462
106 135 0.038462
117 135 0.038462
123 135 0.038462
128 135 0.038462
129 135 0.038462
142 135 0.038462
145 135 0.038462
1 139 0.055556
30 139 0.055556
38 139 0.055556
40 139 0.055556
43 139 0.055556
47 139 0.055556
54 139 0.055556
57 139 0.055556
67 139 0.055556
69 139 0.055556
79 139 0.055556
100 139 0.055556
107 139 0.055556
128 139 0.055556
129 139 0.055556
141 139 0.055556
145 139 0.055556
151 139 0.055556
1 141 0.047619
6 141 0.047619
7 141 0.047619
10 141 0.047619
25 141 0.047619
26 141 0.047619
37 141 0.047619
45 141 0.047619
56 141 0.047619
57 141 0.047619
58 141 0.047619
63 141 0.047619
74 141 0.047619
75 141 0.047619
81 141 0.047619
83 141 0.047619
88 141 0.047619
111 141 0.047619
112 141 0.047619
139 141 0.047619
140 141 0.047619
1 143 0.055556
11 143 0.055556
27 143 0.055556
36 143 0.055556
37 143 0.055556
39 143 0.055556
52 143 0.055556
55 143 0.055556
58 143 0.055556
73 143 0.055556
75 143 0.055556
95 143 0.055556
116 143 0.055556
129 143 0.055556
138 143 0.055556
140 143 0.055556
142 143 0.055556
150 143 0.055556
1 154 0.055556
2 154 0.055556
5 154 0.055556
6 154 0.055556
12 154 0.055556
21 154 0.055556
23 154 0.055556
24 154 0.055556
33 154 0.055556
96 154 0.055556
97 154 0.055556
101 154 0.055556
107 154 0.055556
113 154 0.055556
118 154 0.055556
130 154 0.055556
145 154 0.055556
151 154 0.055556
2 14 0.045455
11 14 0.045455
15 14 0.045455
18 14 0.045455
32 14 0.045455
43 14 0.045455
47 14 0.045455
66 14 0.045455
69 14 0.045455
72 14 0.045455
84 14 0.045455
93 14 0.045455
101 14 0.045455
107 14 0.045455
116 14 0.045455
117 14 0.045455
123 14 0.045455
129 14 0.045455
135 14 0.045455
136 14 0.045455
138 14 0.045455
149 14 0.045455
2 34 0.033333
5 34 0.033333
22 34 0.033333
24 34 0.033333
25 34 0.033333
30 34 0.033333
31 34 0.033333
35 34 0.033333
38 34 0.033333
39 34 0.033333
42 34 0.033333
49 34 0.033333
57 34 0.033333
60 34 0.033333
68 34 0.033333
72 34 0.033333
78 34 0.033333
81 34 0.033333
82 34 0.033333
85 34 0.033333
89 34 0.033333
109 34 0.033333
119 34 0.033333
120 34 0.033333
122 34 0.033333
123 34 0.033333
140 34 0.033333
148 34 0.033333
149 34 0.033333
151 34 0.033333
2 50 0.047619
6 50 0.047619
8 50 0.047619
26 50 0.047619
36 50 0.047619
41 50 0.047619
49 50 0.047619
55 50 0.047619
56 50 0.047619
65 50 0.047619
71 50 0.047619
78 50 0.047619
87 50 0.047619
101 50 0.047619
113 50 0.047619
127 50 0.047619
131 50 0.047619
133 50 0.047619
134 50 0.047619
135 50 0.047619
144 50 0.047619
2 64 0.045455
17 64 0.045455
21 64 0.045455
29 64 0.045455
36 64 0.045455
37 64 0.045455
47 64 0.045455
63 64 0.045455
67 64 0.045455
79 64 0.045455
81 64 0.045455
86 64 0.045455
87 64 0.045455
94 64 0.045455
97 64 0.045455
100 64 0.045455
113 64 0.045455
116 64 0.045455
132 64 0.045455
135 64 0.045455
142 64 0.045455
152 64 0.045455
2 74 0.041667
3 74 0.041667
13 74 0.041667
32 74 0.041667
36 74 0.041667
38 74 0.041667
46 74 0.041667
49 74 0.041667
52 74 0.041667
58 74 0.041667
62 74 0.041667
75 74 0.041667
76 74 0.041667
83 74 0.041667
85 74 0.041667
90 74 0.041667
93 74 0.041667
102 74 0.041667
103 74 0.041667
105 74 0.041667
106 74 0.041667
117 74 0.041667
128 74 0.041667
141 74 0.041667
2 80 0.034483
16 80 0.034483
17 80 0.034483
19 80 0.034483
22 80 0.034483
44 80 0.034483
46 80 0.034483
55 80 0.034483
57 80 0.034483
61 80 0.034483
66 80 0.034483
68 80 0.034483
69 80 0.034483
76 80 0.034483
81 80 0.034483
84 80 0.034483
92 80 0.034483
94 80 0.034483
101 80 0.034483
104 80 0.034483
113 80 0.034483
117 80 0.034483
120 80 0.034483
126 80 0.034483
133 80 0.034483
135 80 0.034483
144 80 0.034483
149 80 0.034483
152 80 0.034483
2 84 0.047619
13 84 0.047619
14 84 0.047619
24 84 0.047619
42 84 0.047619
44 84 0.047619
49 84 0.047619
51 84 0.047619
57 84 0.047619
76 84 0.047619
80 84 0.047619
85 84 0.047619
96 84 0.047619
97 84 0.047619
104 84 0.047619
105 84 0.047619
108 84 0.047619
118 84 0.047619
126 84 0.047619
134 84 0.047619
145 84 0.047619
2 90 0.045455
7 90 0.045455
10 90 0.045455
18 90 0.045455
22 90 0.045455
27 90 0.045455
33 90 0.045455
36 90 0.045455
39 90 0.045455
46 90 0.045455
60 90 0.045455
72 90 0.045455
74 90 0.045455
75 90 0.045455
76 90 0.045455
86 90 0.045455
104 90 0.045455
107 90 0.045455
111 90 0.045455
146 90 0.045455
149 90 0.045455
150 90 0.045455
2 91 0.045455
3 91 0.045455
10 91 0.045455
11 91 0.045455
15 91 0.045455
20 91 0.045455
22 91 0.045455
29 91 0.045455
31 91 0.045455
49 91 0.045455
55 91 0.045455
62 91 0.045455
81 91 0.045455
96 91 0.045455
97 91 0.045455
110 91 0.045455
116 91 0.045455
125 91 0.045455
129 91 0.045455
144 91 0.045455
148 91 0.045455
152 91 0.045455
2 96 0.038462
4 96 0.038462
10 96 0.038462
12 96 0.038462
19 96 0.038462
29 96 0.038462
30 96 0.038462
43 96 0.038462
47 96 0.038462
54 96 0.038462
67 96 0.038462
72 96 0.038462
73 96 0.038462
79 96 0.038462
84 96 0.038462
88 96 0.038462
89 96 0.038462
91 96 0.038462
94 96 0.038462
97 96 0.038462
102 96 0.038462
112 96 0.038462
138 96 0.038462
142 96 0.038462
148 96 0.038462
154 96 0.038462
2 99 0.055556
9 99 0.055556
15 99 0.055556
25 99 0.055556
30 99 0.055556
47 99 0.055556
85 99 0.055556
87 99 0.055556
95 99 0.055556
97 99 0.055556
103 99 0.055556
105 99 0.055556
118 99 0.055556
119 99 0.055556
129 99 0.055556
131 99 0.055556
133 99 0.055556
135 99 0.055556
2 110 0.052632
5 110 0.052632
7 110 0.052632
8 110 0.052632
11 110 0.052632
47 110 0.052632
52 110 0.052632
55 110 0.052632
56 110 0.052632
91 110 0.052632
108 110 0.052632
113 110 0.052632
117 110 0.052632
118 110 0.052632
119 110 0.052632
132 110 0.052632
134 110 0.052632
140 110 0.052632
142 110 0.052632
2 111 0.035714
3 111 0.035714
7 111 0.035714
9 111 0.035714
12 111 0.035714
17 111 0.035714
28 111 0.035714
29 111 0.035714
33 111 0.035714
42 111 0.035714
60 111 0.035714
65 111 0.035714
67 111 0.035714
68 111 0.035714
71 111 0.035714
79 111 0.035714
89 111 0.035714
90 111 0.035714
101 111 0.035714
107 111 0.035714
117 111 0.035714
125 111 0.035714
127 111 0.035714
129 111 0.035714
133 111 0.035714
141 111 0.035714
147 111 0.035714
150 111 0.035714
2 129 0.03125
3 129 0.03125
14 129 0.03125
21 129 0.03125
30 129 0.03125
32 129 0.03125
40 129 0.03125
48 129 0.03125
52 129 0.03125
55 129 0.03125
60 129 0.03125
70 129 0.03125
73 129 0.03125
87 129 0.03125
91 129 0.03125
99 129 0.03125
106 129 0.03125
108 129 0.03125
111 129 0.03125
112 129 0.03125
115 129 0.03125
117 129 0.03125
118 129 0.03125
119 129 0.03125
120 129 0.03125
127 129 0.03125
133 129 0.03125
134 129 0.03125
135 129 0.03125
139 129 0.03125
143 129 0.03125
148 129 0.03125
2 132 0.043478
4 132 0.043478
13 132 0.043478
15 132 0.043478
16 132 0.043478
29 132 0.043478
52 132 0.043478
64 132 0.043478
81 132 0.043478
83 132 0.043478
86 132 0.043478
107 132 0.043478
110 132 0.043478
112 132 0.043478
118 132 0.043478
122 132 0.043478
123 132 0.043478
126 132 0.043478
127 132 0.043478
133 132 0.043478
140 132 0.043478
147 132 0.043478
151 132 0.043478
3 7 0.030303
10 7 0.030303
12 7 0.030303
20 7 0.030303
35 7 0.030303
39 7 0.030303
43 7 0.030303
57 7 0.030303
59 7 0.030303
69 7 0.030303
70 7 0.030303
72 7 0.030303
79 7 0.030303
83 7 0.030303
87 7 0.030303
90 7 0.030303
98 7 0.030303
100 7 0.030303
101 7 0.030303
102 7 0.030303
104 7 0.030303
105 7 0.030303
108 7 0.030303
109 7 0.030303
110 7 0.030303
111 7 0.030303
113 7 0.030303
130 7 0.030303
133 7 0.030303
141 7 0.030303
146 7 0.030303
147 7 0.030303
152 7 0.030303
3 18 0.0625
6 18 0.0625
14 18 0.0625
21 18 0.0625
23 18 0.0625
29 18 0.0625
30 18 0.0625
39 18 0.0625
46 18 0.0625
69 18 0.0625
90 18 0.0625
101 18 0.0625
102 18 0.0625
113 18 0.0625
136 18 0.0625
153 18 0.0625
3 39 0.045455
7 39 0.045455
18 39 0.045455
21 39 0.045455
23 39 0.045455
33 39 0.045455
34 39 0.045455
41 39 0.045455
42 39 0.045455
46 39 0.045455
65 39 0.045455
69 39 0.045455
81 39 0.045455
90 39 0.045455
93 39 0.045455
97 39 0.045455
102 39 0.045455
119 39 0.045455
121 39 0.045455
131 39 0.045455
143 39 0.045455
150 39 0.045455
3 51 0.05
5 51 0.05
17 51 0.05
33 51 0.05
42 51 0.05
55 51 0.05
71 51 0.05
84 51 0.05
104 51 0.05
107 51 0.05
116 51 0.05
126 51 0.05
134 51 0.05
135 51 0.05
136 51 0.05
138 51 0.05
140 51 0.05
145 51 0.05
147 51 0.05
148 51 0.05
3 61 0.047619
19 61 0.047619
28 61 0.047619
46 61 0.047619
53 61 0.047619
69 61 0.047619
71 61 0.047619
79 61 0.047619
80 61 0.047619
95 61 0.047619
97 61 0.047619
100 61 0.047619
103 61 0.047619
108 61 0.047619
114 61 0.047619
116 61 0.047619
127 61 0.047619
128 61 0.047619
134 61 0.047619
137 61 0.047619
151 61 0.047619
3 87 0.05
4 87 0.05
7 87 0.05
22 87 0.05
35 87 0.05
45 87 0.05
48 87 0.05
50 87 0.05
57 87 0.05
64 87 0.05
70 87 0.05
77 87 0.05
79 87 0.05
89 87 0.05
93 87 0.05
99 87 0.05
118 87 0.05
125 87 0.05
129 87 0.05
131 87 0.05
3 93 0.037037
4 93 0.037037
8 93 0.037037
14 93 0.037037
16 93 0.037037
20 93 0.037037
39 93 0.037037
41 93 0.037037
43 93 0.037037
53 93 0.037037
62 93 0.037037
68 93 0.037037
74 93 0.037037
76 93 0.037037
79 93 0.037037
87 93 0.037037
88 93 0.037037
97 93 0.037037
106 93 0.037037
108 93 0.037037
115 93 0.037037
116 93 0.037037
134 93 0.037037
140 93 0.037037
148 93 0.037037
151 93 0.037037
152 93 0.037037
3 121 0.043478
4 121 0.043478
10 121 0.043478
11 121 0.043478
15 121 0.043478
19 121 0.043478
24 121 0.043478
39 121 0.043478
45 121 0.043478
49 121 0.043478
52 121 0.043478
59 121 0.043478
60 121 0.043478
72 121 0.043478
75 121 0.043478
85 121 0.043478
95 121 0.043478
106 121 0.043478
114 121 0.043478
124 121 0.043478
127 121 0.043478
145 121 0.043478
148 121 0.043478
3 124 0.041667
8 124 0.041667
11 124 0.041667
12 124 0.041667
24 124 0.041667
29 124 0.041667
31 124 0.041667
37 124 0.041667
41 124 0.041667
42 124 0.041667
45 124 0.041667
49 124 0.041667
62 124 0.041667
63 124 0.041667
68 124 0.041667
109 124 0.041667
112 124 0.041667
121 124 0.041667
122 124 0.041667
133 124 0.041667
137 124 0.041667
142 124 0.041667
145 124 0.041667
150 124 0.041667
3 134 0.033333
8 134 0.033333
10 134 0.033333
19 134 0.033333
23 134 0.033333
30 134 0.033333
32 134 0.033333
46 134 0.033333
50 134 0.033333
51 134 0.033333
52 134 0.033333
56 134 0.033333
61 134 0.033333
62 134 0.033333
68 134 0.033333
69 134 0.033333
75 134 0.033333
82 134 0.033333
84 134 0.033333
92 134 0.033333
93 134 0.033333
109 134 0.033333
110 134 0.033333
113 134 0.033333
122 134 0.033333
123 134 0.033333
125 134 0.033333
129 134 0.033333
130 134 0.033333
148 134 0.033333
3 140 0.033333
8 140 0.033333
9 140 0.033333
16 140 0.033333
17 140 0.033333
25 140 0.033333
34 140 0.033333
35 140 0.033333
47 140 0.033333
51 140 0.033333
52 140 0.033333
55 140 0.033333
67 140 0.033333
70 140 0.033333
83 140 0.033333
86 140 0.033333
93 140 0.033333
95 140 0.033333
98 140 0.033333
106 140 0.033333
110 140 0.033333
117 140 0.033333
132 140 0.033333
133 140 0.033333
136 140 0.033333
141 140 0.033333
143 140 0.033333
146 140 0.033333
147 140 0.033333
150 140 0.033333
3 145 0.055556
21 145 0.055556
46 145 0.055556
51 145 0.055556
56 145 0.055556
60 145 0.055556
84 145 0.055556
97 145 0.055556
107 145 0.055556
118 145 0.055556
121 145 0.055556
124 145 0.055556
127 145 0.055556
135 145 0.055556
139 145 0.055556
142 145 0.055556
148 145 0.055556
154 145 0.055556
3 147 0.032258
5 147 0.032258
7 147 0.032258
17 147 0.032258
21 147 0.032258
26 147 0.032258
28 147 0.032258
29 147 0.032258
32 147 0.032258
36 147 0.032258
38 147 0.032258
45 147 0.032258
49 147 0.032258
51 147 0.032258
53 147 0.032258
59 147 0.032258
72 147 0.032258
73 147 0.032258
75 147 0.032258
76 147 0.032258
103 147 0.032258
104 147 0.032258
107 147 0.032258
111 147 0.032258
117 147 0.032258
120 147 0.032258
130 147 0.032258
132 147 0.032258
140 147 0.032258
144 147 0.032258
146 147 0.032258
3 150 0.052632
4 150 0.052632
5 150 0.052632
6 150 0.052632
31 150 0.052632
39 150 0.052632
82 150 0.052632
89 150 0.052632
90 150 0.052632
92 150 0.052632
95 150 0.052632
108 150 0.052632
111 150 0.052632
119 150 0.052632
124 150 0.052632
125 150 0.052632
138 150 0.052632
140 150 0.052632
143 150 0.052632
4 5 0.047619
24 5 0.047619
34 5 0.047619
44 5 0.047619
51 5 0.047619
52 5 0.047619
53 5 0.047619
56 5 0.047619
62 5 0.047619
81 5 0.047619
89 5 0.047619
97 5 0.047619
108 5 0.047619
110 5 0.047619
117 5 0.047619
138 5 0.047619
144 5 0.047619
147 5 0.047619
148 5 0.047619
150 5 0.047619
154 5 0.047619
4 8 0.043478
13 8 0.043478
15 8 0.043478
26 8 0.043478
28 8 0.043478
35 8 0.043478
38 8 0.043478
43 8 0.043478
50 8 0.043478
57 8 0.043478
68 8 0.043478
70 8 0.043478
73 8 0.043478
77 8 0.043478
79 8 0.043478
92 8 0.043478
93 8 0.043478
109 8 0.043478
110 8 0.043478
112 8 0.043478
124 8 0.043478
134 8 0.043478
140 8 0.043478
4 22 0.045455
20 22 0.045455
26 22 0.045455
30 22 0.045455
34 22 0.045455
47 22 0.045455
57 22 0.045455
60 22 0.045455
69 22 0.045455
79 22 0.045455
80 22 0.045455
87 22 0.045455
88 22 0.045455
90 22 0.045455
91 22 0.045455
97 22 0.045455
102 22 0.045455
108 22 0.045455
127 22 0.045455
130 22 0.045455
136 22 0.045455
149 22 0.045455
4 23 0.035714
10 23 0.035714
12 23 0.035714
15 23 0.035714
18 23 0.035714
25 23 0.035714
26 23 0.035714
33 23 0.035714
35 23 0.035714
36 23 0.035714
38 23 0.035714
39 23 0.035714
46 23 0.035714
57 23 0.035714
75 23 0.035714
78 23 0.035714
81 23 0.035714
98 23 0.035714
101 23 0.035714
106 23 0.035714
107 23 0.035714
115 23 0.035714
127 23 0.035714
128 23 0.035714
134 23 0.035714
151 23 0.035714
153 23 0.035714
154 23 0.035714
4 31 0.058824
12 31 0.058824
17 31 0.058824
26 31 0.058824
27 31 0.058824
33 31 0.058824
34 31 0.058824
47 31 0.058824
53 31 0.058824
63 31 0.058824
82 31 0.058824
91 31 0.058824
104 31 0.058824
124 31 0.058824
128 31 0.058824
146 31 0.058824
150 31 0.058824
4 55 0.029412
17 55 0.029412
24 55 0.029412
30 55 0.029412
33 55 0.029412
36 55 0.029412
49 55 0.029412
50 55 0.029412
51 55 0.029412
57 55 0.029412
58 55 0.029412
60 55 0.029412
66 55 0.029412
67 55 0.029412
78 55 0.029412
80 55 0.029412
89 55 0.029412
91 55 0.029412
102 55 0.029412
107 55 0.029412
110 55 0.029412
114 55 0.029412
116 55 0.029412
118 55 0.029412
120 55 0.029412
127 55 0.029412
129 55 0.029412
131 55 0.029412
135 55 0.029412
137 55 0.029412
140 55 0.029412
142 55 0.029412
143 55 0.029412
153 55 0.029412
4 71 0.041667
11 71 0.041667
12 71 0.041667
15 71 0.041667
29 71 0.041667
37 71 0.041667
41 71 0.041667
50 71 0.041667
51 71 0.041667
58 71 0.041667
61 71 0.041667
63 71 0.041667
67 71 0.041667
78 71 0.041667
82 71 0.041667
86 71 0.041667
98 71 0.041667
101 71 0.041667
103 71 0.041667
105 71 0.041667
111 71 0.041667
125 71 0.041667
130 71 0.041667
144 71 0.041667
4 82 0.045455
6 82 0.045455
26 82 0.045455
31 82 0.045455
34 82 0.045455
36 82 0.045455
37 82 0.045455
44 82 0.045455
65 82 0.045455
71 82 0.045455
72 82 0.045455
92 82 0.045455
97 82 0.045455
103 82 0.045455
104 82 0.045455
117 82 0.045455
120 82 0.045455
122 82 0.045455
131 82 0.045455
134 82 0.045455
149 82 0.045455
150 82 0.045455
4 88 0.04
9 88 0.04
19 88 0.04
21 88 0.04
22 88 0.04
29 88 0.04
30 88 0.04
43 88 0.04
46 88 0.04
59 88 0.04
60 88 0.04
62 88 0.04
63 88 0.04
65 88 0.04
73 88 0.04
77 88 0.04
79 88 0.04
81 88 0.04
93 88 0.04
96 88 0.04
97 88 0.04
118 88 0.04
130 88 0.04
138 88 0.04
141 88 0.04
4 92 0.052632
8 92 0.052632
10 92 0.052632
25 92 0.052632
30 92 0.052632
33 92 0.052632
58 92 0.052632
73 92 0.052632
77 92 0.052632
78 92 0.052632
80 92 0.052632
82 92 0.052632
97 92 0.052632
103 92 0.052632
112 92 0.052632
134 92 0.052632
137 92 0.052632
144 92 0.052632
150 92 0.052632
4 103 0.05
12 103 0.05
25 103 0.05
28 103 0.05
30 103 0.05
43 103 0.05
58 103 0.05
61 103 0.05
70 103 0.05
71 103 0.05
74 103 0.05
76 103 0.05
82 103 0.05
92 103 0.05
99 103 0.05
104 103 0.05
115 103 0.05
119 103 0.05
133 103 0.05
147 103 0.05
4 127 0.037037
12 127 0.037037
17 127 0.037037
22 127 0.037037
23 127 0.037037
30 127 0.037037
37 127 0.037037
45 127 0.037037
50 127 0.037037
54 127 0.037037
55 127 0.037037
61 127 0.037037
66 127 0.037037
81 127 0.037037
86 127 0.037037
94 127 0.037037
104 127 0.037037
107 127 0.037037
111 127 0.037037
112 127 0.037037
120 127 0.037037
121 127 0.037037
129 127 0.037037
132 127 0.037037
136 127 0.037037
145 127 0.037037
148 127 0.037037
4 142 0.035714
9 142 0.035714
15 142 0.035714
16 142 0.035714
36 142 0.035714
41 142 0.035714
55 142 0.035714
57 142 0.035714
59 142 0.035714
64 142 0.035714
68 142 0.035714
69 142 0.035714
76 142 0.035714
78 142 0.035714
83 142 0.035714
95 142 0.035714
96 142 0.035714
106 142 0.035714
110 142 0.035714
114 142 0.035714
117 142 0.035714
122 142 0.035714
124 142 0.035714
125 142 0.035714
135 142 0.035714
143 142 0.035714
145 142 0.035714
152 142 0.035714
5 24 0.052632
10 24 0.052632
20 24 0.052632
33 24 0.052632
34 24 0.052632
43 24 0.052632
55 24 0.052632
70 24 0.052632
77 24 0.052632
84 24 0.052632
94 24 0.052632
98 24 0.052632
114 24 0.052632
121 24 0.052632
124 24 0.052632
128 24 0.052632
131 24 0.052632
133 24 0.052632
154 24 0.052632
5 52 0.043478
38 52 0.043478
41 52 0.043478
43 52 0.043478
46 52 0.043478
47 52 0.043478
56 52 0.043478
59 52 0.043478
74 52 0.043478
75 52 0.043478
78 52 0.043478
79 52 0.043478
81 52 0.043478
107 52 0.043478
110 52 0.043478
118 52 0.043478
121 52 0.043478
129 52 0.043478
132 52 0.043478
134 52 0.043478
140 52 0.043478
143 52 0.043478
146 52 0.043478
5 53 0.05
9 53 0.05
26 53 0.05
28 53 0.05
31 53 0.05
48 53 0.05
59 53 0.05
61 53 0.05
72 53 0.05
78 53 0.05
81 53 0.05
83 53 0.05
93 53 0.05
105 53 0.05
115 53 0.05
125 53 0.05
147 53 0.05
148 53 0.05
151 53 0.05
153 53 0.05
5 56 0.055556
26 56 0.055556
27 56 0.055556
37 56 0.055556
41 56 0.055556
50 56 0.055556
52 56 0.055556
54 56 0.055556
57 56 0.055556
65 56 0.055556
72 56 0.055556
76 56 0.055556
110 56 0.055556
133 56 0.055556
134 56 0.055556
141 56 0.055556
145 56 0.055556
149 56 0.055556
5 62 0.047619
13 62 0.047619
33 62 0.047619
58 62 0.047619
59 62 0.047619
66 62 0.047619
74 62 0.047619
78 62 0.047619
83 62 0.047619
88 62 0.047619
91 62 0.047619
93 62 0.047619
95 62 0.047619
100 62 0.047619
114 62 0.047619
119 62 0.047619
124 62 0.047619
131 62 0.047619
134 62 0.047619
135 62 0.047619
144 62 0.047619
5 108 0.04
7 108 0.04
17 108 0.04
22 108 0.04
27 108 0.04
37 108 0.04
54 108 0.04
59 108 0.04
61 108 0.04
70 108 0.04
72 108 0.04
84 108 0.04
86 108 0.04
93 108 0.04
98 108 0.04
100 108 0.04
101 108 0.04
110 108 0.04
117 108 0.04
123 108 0.04
126 108 0.04
129 108 0.04
130 108 0.04
144 108 0.04
150 108 0.04
5 117 0.043478
14 117 0.043478
37 117 0.043478
44 117 0.043478
72 117 0.043478
74 117 0.043478
76 117 0.043478
79 117 0.043478
80 117 0.043478
82 117 0.043478
85 117 0.043478
108 117 0.043478
110 117 0.043478
111 117 0.043478
126 117 0.043478
129 117 0.043478
135 117 0.043478
140 117 0.043478
142 117 0.043478
146 117 0.043478
147 117 0.043478
149 117 0.043478
152 117 0.043478
5 144 0.035714
10 144 0.035714
11 144 0.035714
13 144 0.035714
27 144 0.035714
50 144 0.035714
54 144 0.035714
59 144 0.035714
60 144 0.035714
62 144 0.035714
67 144 0.035714
71 144 0.035714
72 144 0.035714
77 144 0.035714
80 144 0.035714
81 144 0.035714
91 144 0.035714
92 144 0.035714
98 144 0.035714
101 144 0.035714
108 144 0.035714
118 144 0.035714
131 144 0.035714
133 144 0.035714
136 144 0.035714
138 144 0.035714
147 144 0.035714
153 144 0.035714
5 148 0.037037
20 148 0.037037
34 148 0.037037
40 148 0.037037
43 148 0.037037
44 148 0.037037
51 148 0.037037
53 148 0.037037
67 148 0.037037
73 148 0.037037
75 148 0.037037
91 148 0.037037
93 148 0.037037
96 148 0.037037
100 148 0.037037
101 148 0.037037
109 148 0.037037
112 148 0.037037
114 148 0.037037
120 148 0.037037
121 148 0.037037
123 148 0.037037
127 148 0.037037
129 148 0.037037
130 148 0.037037
134 148 0.037037
145 148 0.037037
6 11 0.034483
14 11 0.034483
26 11 0.034483
40 11 0.034483
41 11 0.034483
45 11 0.034483
48 11 0.034483
58 11 0.034483
67 11 0.034483
69 11 0.034483
70 11 0.034483
71 11 0.034483
75 11 0.034483
81 11 0.034483
85 11 0.034483
91 11 0.034483
98 11 0.034483
107 11 0.034483
110 11 0.034483
112 11 0.034483
113 11 0.034483
115 11 0.034483
121 11 0.034483
124 11 0.034483
128 11 0.034483
143 11 0.034483
144 11 0.034483
149 11 0.034483
153 11 0.034483
6 43 0.04
7 43 0.04
8 43 0.04
10 43 0.04
14 43 0.04
24 43 0.04
26 43 0.04
36 43 0.04
37 43 0.04
46 43 0.04
52 43 0.04
65 43 0.04
79 43 0.04
88 43 0.04
93 43 0.04
96 43 0.04
98 43 0.04
103 43 0.04
119 43 0.04
122 43 0.04
136 43 0.04
138 43 0.04
139 43 0.04
146 43 0.04
148 43 0.04
6 66 0.04
12 66 0.04
14 66 0.04
15 66 0.04
26 66 0.04
28 66 0.04
36 66 0.04
45 66 0.04
47 66 0.04
55 66 0.04
58 66 0.04
62 66 0.04
63 66 0.04
70 66 0.04
78 66 0.04
80 66 0.04
83 66 0.04
89 66 0.04
94 66 0.04
95 66 0.04
100 66 0.04
106 66 0.04
119 66 0.04
127 66 0.04
133 66 0.04
6 86 0.055556
16 86 0.055556
33 86 0.055556
40 86 0.055556
59 86 0.055556
64 86 0.055556
68 86 0.055556
70 86 0.055556
71 86 0.055556
77 86 0.055556
90 86 0.055556
108 86 0.055556
122 86 0.055556
127 86 0.055556
132 86 0.055556
140 86 0.055556
146 86 0.055556
149 86 0.055556
6 102 0.047619
7 102 0.047619
15 102 0.047619
17 102 0.047619
18 102 0.047619
22 102 0.047619
25 102 0.047619
39 102 0.047619
55 102 0.047619
74 102 0.047619
83 102 0.047619
89 102 0.047619
96 102 0.047619
101 102 0.047619
125 102 0.047619
128 102 0.047619
133 102 0.047619
135 102 0.047619
146 102 0.047619
149 102 0.047619
151 102 0.047619
6 105 0.066667
7 105 0.066667
29 105 0.066667
37 105 0.066667
41 105 0.066667
46 105 0.066667
53 105 0.066667
71 105 0.066667
74 105 0.066667
84 105 0.066667
99 105 0.066667
114 105 0.066667
115 105 0.066667
137 105 0.066667
146 105 0.066667
6 119 0.045455
12 119 0.045455
15 119 0.045455
19 119 0.045455
34 119 0.045455
39 119 0.045455
41 119 0.045455
42 119 0.045455
43 119 0.045455
54 119 0.045455
62 119 0.045455
63 119 0.045455
66 119 0.045455
67 119 0.045455
79 119 0.045455
83 119 0.045455
99 119 0.045455
103 119 0.045455
110 119 0.045455
125 119 0.045455
129 119 0.045455
150 119 0.045455
6 120 0.041667
17 120 0.041667
20 120 0.041667
34 120 0.041667
44 120 0.041667
45 120 0.041667
55 120 0.041667
65 120 0.041667
68 120 0.041667
70 120 0.041667
72 120 0.041667
73 120 0.041667
80 120 0.041667
82 120 0.041667
104 120 0.041667
109 120 0.041667
112 120 0.041667
115 120 0.041667
127 120 0.041667
129 120 0.041667
137 120 0.041667
147 120 0.041667
148 120 0.041667
152 120 0.041667
6 136 0.04
9 136 0.04
14 136 0.04
16 136 0.04
17 136 0.04
18 136 0.04
22 136 0.04
25 136 0.04
30 136 0.04
35 136 0.04
43 136 0.04
44 136 0.04
51 136 0.04
70 136 0.04
73 136 0.04
113 136 0.04
122 136 0.04
123 136 0.04
125 136 0.04
127 136 0.04
128 136 0.04
137 136 0.04
140 136 0.04
144 136 0.04
153 136 0.04
6 137 0.043478
10 137 0.043478
19 137 0.043478
27 137 0.043478
38 137 0.043478
49 137 0.043478
55 137 0.043478
61 137 0.043478
65 137 0.043478
70 137 0.043478
77 137 0.043478
83 137 0.043478
92 137 0.043478
97 137 0.043478
105 137 0.043478
109 137 0.043478
112 137 0.043478
120 137 0.043478
122 137 0.043478
124 137 0.043478
131 137 0.043478
136 137 0.043478
151 137 0.043478
7 20 0.066667
10 20 0.066667
22 20 0.066667
24 20 0.066667
27 20 0.066667
33 20 0.066667
41 20 0.066667
65 20 0.066667
91 20 0.066667
93 20 0.066667
116 20 0.066667
120 20 0.066667
133 20 0.066667
148 20 0.066667
153 20 0.066667
7 57 0.033333
8 57 0.033333
12 57 0.033333
22 57 0.033333
23 57 0.033333
28 57 0.033333
33 57 0.033333
34 57 0.033333
47 57 0.033333
54 57 0.033333
55 57 0.033333
56 57 0.033333
58 57 0.033333
59 57 0.033333
68 57 0.033333
70 57 0.033333
72 57 0.033333
75 57 0.033333
80 57 0.033333
81 57 0.033333
83 57 0.033333
84 57 0.033333
87 57 0.033333
100 57 0.033333
115 57 0.033333
116 57 0.033333
139 57 0.033333
141 57 0.033333
142 57 0.033333
149 57 0.033333
7 59 0.052632
16 59 0.052632
28 59 0.052632
44 59 0.052632
48 59 0.052632
52 59 0.052632
53 59 0.052632
57 59 0.052632
62 59 0.052632
86 59 0.052632
88 59 0.052632
98 59 0.052632
106 59 0.052632
108 59 0.052632
109 59 0.052632
121 59 0.052632
142 59 0.052632
144 59 0.052632
147 59 0.052632
7 70 0.037037
8 70 0.037037
11 70 0.037037
17 70 0.037037
24 70 0.037037
26 70 0.037037
40 70 0.037037
42 70 0.037037
44 70 0.037037
46 70 0.037037
49 70 0.037037
57 70 0.037037
58 70 0.037037
65 70 0.037037
66 70 0.037037
75 70 0.037037
86 70 0.037037
87 70 0.037037
100 70 0.037037
103 70 0.037037
108 70 0.037037
120 70 0.037037
126 70 0.037037
129 70 0.037037
136 70 0.037037
137 70 0.037037
140 70 0.037037
7 72 0.041667
14 72 0.041667
15 72 0.041667
28 72 0.041667
34 72 0.041667
36 72 0.041667
48 72 0.041667
53 72 0.041667
56 72 0.041667
57 72 0.041667
60 72 0.041667
77 72 0.041667
82 72 0.041667
90 72 0.041667
96 72 0.041667
108 72 0.041667
114 72 0.041667
117 72 0.041667
120 72 0.041667
121 72 0.041667
131 72 0.041667
144 72 0.041667
147 72 0.041667
153 72 0.041667
7 83 0.047619
16 83 0.047619
25 83 0.047619
40 83 0.047619
53 83 0.047619
57 83 0.047619
58 83 0.047619
62 83 0.047619
66 83 0.047619
74 83 0.047619
75 83 0.047619
94 83 0.047619
102 83 0.047619
119 83 0.047619
131 83 0.047619
132 83 0.047619
133 83 0.047619
137 83 0.047619
140 83 0.047619
141 83 0.047619
142 83 0.047619
7 98 0.047619
11 98 0.047619
21 98 0.047619
23 98 0.047619
24 98 0.047619
25 98 0.047619
43 98 0.047619
44 98 0.047619
45 98 0.047619
54 98 0.047619
59 98 0.047619
71 98 0.047619
94 98 0.047619
101 98 0.047619
108 98 0.047619
130 98 0.047619
131 98 0.047619
140 98 0.047619
144 98 0.047619
146 98 0.047619
151 98 0.047619
7 104 0.045455
31 104 0.045455
35 104 0.045455
38 104 0.045455
45 104 0.045455
48 104 0.045455
51 104 0.045455
63 104 0.045455
76 104 0.045455
80 104 0.045455
82 104 0.045455
84 104 0.045455
90 104 0.045455
103 104 0.045455
114 104 0.045455
116 104 0.045455
120 104 0.045455
127 104 0.045455
128 104 0.045455
131 104 0.045455
147 104 0.045455
151 104 0.045455
7 109 0.047619
8 109 0.047619
15 109 0.047619
19 109 0.047619
34 109 0.047619
59 109 0.047619
60 109 0.047619
77 109 0.047619
100 109 0.047619
101 109 0.047619
112 109 0.047619
120 109 0.047619
122 109 0.047619
124 109 0.047619
128 109 0.047619
133 109 0.047619
134 109 0.047619
137 109 0.047619
138 109 0.047619
148 109 0.047619
153 109 0.047619
7 113 0.047619
11 113 0.047619
16 113 0.047619
18 113 0.047619
45 113 0.047619
49 113 0.047619
50 113 0.047619
64 113 0.047619
65 113 0.047619
80 113 0.047619
81 113 0.047619
85 113 0.047619
89 113 0.047619
94 113 0.047619
110 113 0.047619
125 113 0.047619
134 113 0.047619
136 113 0.047619
138 113 0.047619
151 113 0.047619
154 113 0.047619
7 130 0.055556
9 130 0.055556
22 130 0.055556
35 130 0.055556
68 130 0.055556
71 130 0.055556
76 130 0.055556
85 130 0.055556
88 130 0.055556
98 130 0.055556
108 130 0.055556
122 130 0.055556
125 130 0.055556
126 130 0.055556
134 130 0.055556
147 130 0.055556
148 130 0.055556
154 130 0.055556
7 146 0.038462
9 146 0.038462
10 146 0.038462
30 146 0.038462
31 146 0.038462
43 146 0.038462
46 146 0.038462
52 146 0.038462
54 146 0.038462
60 146 0.038462
68 146 0.038462
85 146 0.038462
86 146 0.038462
89 146 0.038462
90 146 0.038462
98 146 0.038462
101 146 0.038462
102 146 0.038462
105 146 0.038462
114 146 0.038462
117 146 0.038462
118 146 0.038462
128 146 0.038462
140 146 0.038462
147 146 0.038462
152 146 0.038462
7 152 0.047619
9 152 0.047619
16 152 0.047619
25 152 0.047619
27 152 0.047619
49 152 0.047619
58 152 0.047619
63 152 0.047619
64 152 0.047619
75 152 0.047619
80 152 0.047619
91 152 0.047619
93 152 0.047619
100 152 0.047619
112 152 0.047619
117 152 0.047619
120 152 0.047619
122 152 0.047619
126 152 0.047619
142 152 0.047619
146 152 0.047619
8 13 0.066667
12 13 0.066667
41 13 0.066667
60 13 0.066667
62 13 0.066667
65 13 0.066667
74 13 0.066667
78 13 0.066667
84 13 0.066667
100 13 0.066667
112 13 0.066667
126 13 0.066667
132 13 0.066667
144 13 0.066667
153 13 0.066667
8 15 0.041667
12 15 0.041667
14 15 0.041667
23 15 0.041667
40 15 0.041667
44 15 0.041667
66 15 0.041667
68 15 0.041667
71 15 0.041667
72 15 0.041667
73 15 0.041667
79 15 0.041667
91 15 0.041667
94 15 0.041667
99 15 0.041667
100 15 0.041667
101 15 0.041667
102 15 0.041667
109 15 0.041667
119 15 0.041667
121 15 0.041667
125 15 0.041667
132 15 0.041667
142 15 0.041667
8 28 0.052632
30 28 0.052632
37 28 0.052632
44 28 0.052632
53 28 0.052632
57 28 0.052632
58 28 0.052632
59 28 0.052632
61 28 0.052632
66 28 0.052632
68 28 0.052632
72 28 0.052632
78 28 0.052632
95 28 0.052632
103 28 0.052632
111 28 0.052632
112 28 0.052632
131 28 0.052632
147 28 0.052632
8 38 0.052632
17 38 0.052632
23 38 0.052632
34 38 0.052632
35 38 0.052632
45 38 0.052632
49 38 0.052632
52 38 0.052632
65 38 0.052632
67 38 0.052632
68 38 0.052632
74 38 0.052632
104 38 0.052632
107 38 0.052632
126 38 0.052632
128 38 0.052632
137 38 0.052632
139 38 0.052632
147 38 0.052632
8 73 0.047619
15 73 0.047619
16 73 0.047619
33 73 0.047619
42 73 0.047619
58 73 0.047619
60 73 0.047619
65 73 0.047619
75 73 0.047619
88 73 0.047619
92 73 0.047619
94 73 0.047619
96 73 0.047619
112 73 0.047619
118 73 0.047619
120 73 0.047619
129 73 0.047619
136 73 0.047619
143 73 0.047619
147 73 0.047619
148 73 0.047619
8 77 0.047619
24 77 0.047619
29 77 0.047619
40 77 0.047619
63 77 0.047619
72 77 0.047619
79 77 0.047619
86 77 0.047619
87 77 0.047619
88 77 0.047619
92 77 0.047619
97 77 0.047619
109 77 0.047619
122 77 0.047619
125 77 0.047619
128 77 0.047619
135 77 0.047619
137 77 0.047619
144 77 0.047619
149 77 0.047619
153 77 0.047619
9 67 0.052632
11 67 0.052632
38 67 0.052632
47 67 0.052632
55 67 0.052632
58 67 0.052632
60 67 0.052632
64 67 0.052632
71 67 0.052632
96 67 0.052632
101 67 0.052632
111 67 0.052632
119 67 0.052632
128 67 0.052632
139 67 0.052632
140 67 0.052632
144 67 0.052632
148 67 0.052632
153 67 0.052632
9 114 0.043478
10 114 0.043478
24 114 0.043478
32 114 0.043478
36 114 0.043478
42 114 0.043478
46 114 0.043478
55 114 0.043478
58 114 0.043478
61 114 0.043478
62 114 0.043478
72 114 0.043478
85 114 0.043478
104 114 0.043478
105 114 0.043478
106 114 0.043478
121 114 0.043478
122 114 0.043478
123 114 0.043478
142 114 0.043478
146 114 0.043478
148 114 0.043478
149 114 0.043478
9 149 0.047619
10 149 0.047619
11 149 0.047619
14 149 0.047619
22 149 0.047619
33 149 0.047619
34 149 0.047619
45 149 0.047619
48 149 0.047619
56 149 0.047619
57 149 0.047619
77 149 0.047619
80 149 0.047619
82 149 0.047619
86 149 0.047619
90 149 0.047619
102 149 0.047619
106 149 0.047619
114 149 0.047619
117 149 0.047619
131 149 0.047619
9 153 0.041667
11 153 0.041667
13 153 0.041667
18 153 0.041667
20 153 0.041667
23 153 0.041667
25 153 0.041667
36 153 0.041667
53 153 0.041667
55 153 0.041667
67 153 0.041667
69 153 0.041667
72 153 0.041667
75 153 0.041667
77 153 0.041667
78 153 0.041667
94 153 0.041667
109 153 0.041667
116 153 0.041667
128 153 0.041667
131 153 0.041667
136 153 0.041667
144 153 0.041667
151 153 0.041667
10 33 0.035714
20 33 0.035714
23 33 0.035714
24 33 0.035714
30 33 0.035714
31 33 0.035714
32 33 0.035714
39 33 0.035714
46 33 0.035714
51 33 0.035714
54 33 0.035714
55 33 0.035714
57 33 0.035714
60 33 0.035714
62 33 0.035714
73 33 0.035714
86 33 0.035714
89 33 0.035714
90 33 0.035714
92 33 0.035714
94 33 0.035714
107 33 0.035714
111 33 0.035714
115 33 0.035714
128 33 0.035714
131 33 0.035714
149 33 0.035714
154 33 0.035714
10 76 0.05
29 76 0.05
32 76 0.05
46 76 0.05
47 76 0.05
56 76 0.05
74 76 0.05
75 76 0.05
80 76 0.05
84 76 0.05
90 76 0.05
93 76 0.05
103 76 0.05
104 76 0.05
107 76 0.05
117 76 0.05
123 76 0.05
130 76 0.05
142 76 0.05
147 76 0.05
11 58 0.038462
28 58 0.038462
29 58 0.038462
30 58 0.038462
36 58 0.038462
44 58 0.038462
55 58 0.038462
57 58 0.038462
60 58 0.038462
62 58 0.038462
66 58 0.038462
67 58 0.038462
69 58 0.038462
70 58 0.038462
71 58 0.038462
73 58 0.038462
74 58 0.038462
83 58 0.038462
92 58 0.038462
103 58 0.038462
114 58 0.038462
122 58 0.038462
126 58 0.038462
141 58 0.038462
143 58 0.038462
152 58 0.038462
11 128 0.037037
23 128 0.037037
24 128 0.037037
31 128 0.037037
33 128 0.037037
38 128 0.037037
49 128 0.037037
61 128 0.037037
67 128 0.037037
68 128 0.037037
69 128 0.037037
74 128 0.037037
75 128 0.037037
77 128 0.037037
95 128 0.037037
102 128 0.037037
104 128 0.037037
106 128 0.037037
109 128 0.037037
112 128 0.037037
125 128 0.037037
126 128 0.037037
135 128 0.037037
136 128 0.037037
139 128 0.037037
146 128 0.037037
153 128 0.037037
12 21 0.05
17 21 0.05
18 21 0.05
29 21 0.05
39 21 0.05
40 21 0.05
42 21 0.05
46 21 0.05
64 21 0.05
69 21 0.05
88 21 0.05
95 21 0.05
98 21 0.05
115 21 0.05
126 21 0.05
129 21 0.05
138 21 0.05
145 21 0.05
147 21 0.05
154 21 0.05
12 32 0.052632
14 32 0.052632
33 32 0.052632
36 32 0.052632
37 32 0.052632
54 32 0.052632
60 32 0.052632
69 32 0.052632
74 32 0.052632
76 32 0.052632
78 32 0.052632
106 32 0.052632
114 32 0.052632
115 32 0.052632
122 32 0.052632
129 32 0.052632
131 32 0.052632
134 32 0.052632
147 32 0.052632
12 118 0.043478
26 118 0.043478
35 118 0.043478
40 118 0.043478
45 118 0.043478
52 118 0.043478
55 118 0.043478
63 118 0.043478
73 118 0.043478
81 118 0.043478
84 118 0.043478
87 118 0.043478
88 118 0.043478
97 118 0.043478
99 118 0.043478
110 118 0.043478
112 118 0.043478
129 118 0.043478
132 118 0.043478
144 118 0.043478
145 118 0.043478
146 118 0.043478
154 118 0.043478
13 126 0.038462
21 126 0.038462
36 126 0.038462
38 126 0.038462
44 126 0.038462
46 126 0.038462
47 126 0.038462
48 126 0.038462
51 126 0.038462
54 126 0.038462
58 126 0.038462
68 126 0.038462
70 126 0.038462
78 126 0.038462
80 126 0.038462
84 126 0.038462
95 126 0.038462
97 126 0.038462
100 126 0.038462
106 126 0.038462
108 126 0.038462
117 126 0.038462
128 126 0.038462
130 126 0.038462
132 126 0.038462
152 126 0.038462
14 116 0.055556
20 116 0.055556
30 116 0.055556
35 116 0.055556
41 116 0.055556
45 116 0.055556
51 116 0.055556
55 116 0.055556
57 116 0.055556
61 116 0.055556
64 116 0.055556
81 116 0.055556
91 116 0.055556
93 116 0.055556
104 116 0.055556
122 116 0.055556
143 116 0.055556
153 116 0.055556
15 94 0.045455
24 94 0.045455
25 94 0.045455
33 94 0.045455
36 94 0.045455
37 94 0.045455
42 94 0.045455
46 94 0.045455
64 94 0.045455
65 94 0.045455
66 94 0.045455
73 94 0.045455
78 94 0.045455
80 94 0.045455
81 94 0.045455
83 94 0.045455
96 94 0.045455
98 94 0.045455
113 94 0.045455
127 94 0.045455
133 94 0.045455
153 94 0.045455
15 125 0.05
25 125 0.05
53 125 0.05
71 125 0.05
77 125 0.05
78 125 0.05
87 125 0.05
91 125 0.05
102 125 0.05
111 125 0.05
113 125 0.05
119 125 0.05
122 125 0.05
128 125 0.05
130 125 0.05
134 125 0.05
136 125 0.05
142 125 0.05
150 125 0.05
151 125 0.05
16 30 0.045455
18 30 0.045455
22 30 0.045455
28 30 0.045455
33 30 0.045455
34 30 0.045455
54 30 0.045455
55 30 0.045455
58 30 0.045455
63 30 0.045455
88 30 0.045455
92 30 0.045455
96 30 0.045455
99 30 0.045455
103 30 0.045455
116 30 0.045455
127 30 0.045455
129 30 0.045455
134 30 0.045455
136 30 0.045455
139 30 0.045455
146 30 0.045455
16 42 0.041667
17 42 0.041667
19 42 0.041667
21 42 0.041667
25 42 0.041667
34 42 0.041667
35 42 0.041667
39 42 0.041667
41 42 0.041667
48 42 0.041667
51 42 0.041667
65 42 0.041667
70 42 0.041667
73 42 0.041667
75 42 0.041667
81 42 0.041667
84 42 0.041667
94 42 0.041667
107 42 0.041667
111 42 0.041667
114 42 0.041667
119 42 0.041667
124 42 0.041667
131 42 0.041667
16 63 0.043478
27 63 0.043478
30 63 0.043478
31 63 0.043478
35 63 0.043478
37 63 0.043478
44 63 0.043478
64 63 0.043478
66 63 0.043478
69 63 0.043478
71 63 0.043478
75 63 0.043478
77 63 0.043478
79 63 0.043478
88 63 0.043478
95 63 0.043478
104 63 0.043478
118 63 0.043478
119 63 0.043478
124 63 0.043478
141 63 0.043478
151 63 0.043478
152 63 0.043478
17 131 0.038462
24 131 0.038462
25 131 0.038462
28 131 0.038462
29 131 0.038462
32 131 0.038462
33 131 0.038462
39 131 0.038462
42 131 0.038462
49 131 0.038462
50 131 0.038462
55 131 0.038462
62 131 0.038462
72 131 0.038462
79 131 0.038462
82 131 0.038462
83 131 0.038462
87 131 0.038462
97 131 0.038462
98 131 0.038462
99 131 0.038462
104 131 0.038462
137 131 0.038462
144 131 0.038462
149 131 0.038462
153 131 0.038462
19 49 0.05
25 49 0.05
34 49 0.05
38 49 0.05
50 49 0.05
54 49 0.05
55 49 0.05
70 49 0.05
74 49 0.05
84 49 0.05
91 49 0.05
100 49 0.05
113 49 0.05
121 49 0.05
124 49 0.05
128 49 0.05
131 49 0.05
137 49 0.05
147 49 0.05
152 49 0.05
20 27 0.058824
31 27 0.058824
48 27 0.058824
56 27 0.058824
63 27 0.058824
78 27 0.058824
90 27 0.058824
100 27 0.058824
107 27 0.058824
108 27 0.058824
112 27 0.058824
123 27 0.058824
133 27 0.058824
137 27 0.058824
143 27 0.058824
144 27 0.058824
152 27 0.058824
23 25 0.038462
34 25 0.038462
40 25 0.038462
42 25 0.038462
49 25 0.038462
65 25 0.038462
69 25 0.038462
75 25 0.038462
83 25 0.038462
92 25 0.038462
94 25 0.038462
95 25 0.038462
98 25 0.038462
99 25 0.038462
100 25 0.038462
102 25 0.038462
103 25 0.038462
125 25 0.038462
131 25 0.038462
135 25 0.038462
136 25 0.038462
138 25 0.038462
140 25 0.038462
141 25 0.038462
152 25 0.038462
153 25 0.038462
23 36 0.035714
26 36 0.035714
32 36 0.035714
35 36 0.035714
41 36 0.035714
43 36 0.035714
45 36 0.035714
47 36 0.035714
50 36 0.035714
55 36 0.035714
58 36 0.035714
64 36 0.035714
66 36 0.035714
72 36 0.035714
74 36 0.035714
81 36 0.035714
82 36 0.035714
90 36 0.035714
94 36 0.035714
97 36 0.035714
100 36 0.035714
101 36 0.035714
114 36 0.035714
126 36 0.035714
142 36 0.035714
143 36 0.035714
147 36 0.035714
153 36 0.035714
23 151 0.05
34 151 0.05
40 151 0.05
44 151 0.05
45 151 0.05
53 151 0.05
61 151 0.05
63 151 0.05
93 151 0.05
95 151 0.05
98 151 0.05
102 151 0.05
104 151 0.05
113 151 0.05
125 151 0.05
132 151 0.05
137 151 0.05
139 151 0.05
153 151 0.05
154 151 0.05
28 37 0.052632
32 37 0.052632
40 37 0.052632
43 37 0.052632
56 37 0.052632
63 37 0.052632
64 37 0.052632
71 37 0.052632
75 37 0.052632
82 37 0.052632
94 37 0.052632
105 37 0.052632
108 37 0.052632
117 37 0.052632
124 37 0.052632
127 37 0.052632
138 37 0.052632
141 37 0.052632
143 37 0.052632
30 54 0.045455
32 54 0.045455
33 54 0.045455
41 54 0.045455
46 54 0.045455
49 54 0.045455
56 54 0.045455
57 54 0.045455
79 54 0.045455
85 54 0.045455
95 54 0.045455
96 54 0.045455
98 54 0.045455
100 54 0.045455
108 54 0.045455
119 54 0.045455
126 54 0.045455
127 54 0.045455
135 54 0.045455
139 54 0.045455
144 54 0.045455
146 54 0.045455
6 0 0.045455
9 0 0.045455
12 0 0.045455
16 0 0.045455
17 0 0.045455
19 0 0.045455
29 0 0.045455
40 0 0.045455
45 0 0.045455
46 0 0.045455
60 0 0.045455
65 0 0.045455
75 0 0.045455
81 0 0.045455
89 0 0.045455
95 0 0.045455
97 0 0.045455
100 0 0.045455
101 0 0.045455
107 0 0.045455
122 0 0.045455
138 0 0.045455
2 1 0.035714
10 1 0.035714
12 1 0.035714
17 1 0.035714
26 1 0.035714
35 1 0.035714
41 1 0.035714
44 1 0.035714
46 1 0.035714
47 1 0.035714
48 1 0.035714
68 1 0.035714
69 1 0.035714
78 1 0.035714
79 1 0.035714
85 1 0.035714
100 1 0.035714
106 1 0.035714
112 1 0.035714
115 1 0.035714
122 1 0.035714
123 1 0.035714
133 1 0.035714
135 1 0.035714
139 1 0.035714
141 1 0.035714
143 1 0.035714
154 1 0.035714
7 3 0.041667
10 3 0.041667
12 3 0.041667
18 3 0.041667
39 3 0.041667
40 3 0.041667
46 3 0.041667
51 3 0.041667
61 3 0.041667
74 3 0.041667
87 3 0.041667
91 3 0.041667
93 3 0.041667
95 3 0.041667
111 3 0.041667
121 3 0.041667
124 3 0.041667
129 3 0.041667
134 3 0.041667
138 3 0.041667
140 3 0.041667
145 3 0.041667
147 3 0.041667
150 3 0.041667
5 4 0.038462
8 4 0.038462
12 4 0.038462
17 4 0.038462
22 4 0.038462
23 4 0.038462
31 4 0.038462
44 4 0.038462
55 4 0.038462
71 4 0.038462
82 4 0.038462
87 4 0.038462
88 4 0.038462
89 4 0.038462
92 4 0.038462
93 4 0.038462
96 4 0.038462
97 4 0.038462
101 4 0.038462
103 4 0.038462
121 4 0.038462
123 4 0.038462
127 4 0.038462
132 4 0.038462
142 4 0.038462
150 4 0.038462
