0 3 0.038462
1 3 0.038462
5 3 0.038462
14 3 0.038462
35 3 0.038462
38 3 0.038462
41 3 0.038462
43 3 0.038462
55 3 0.038462
58 3 0.038462
59 3 0.038462
66 3 0.038462
67 3 0.038462
68 3 0.038462
69 3 0.038462
70 3 0.038462
81 3 0.038462
84 3 0.038462
85 3 0.038462
93 3 0.038462
97 3 0.038462
113 3 0.038462
116 3 0.038462
120 3 0.038462
121 3 0.038462
122 3 0.038462
0 7 0.047619
12 7 0.047619
14 7 0.047619
24 7 0.047619
33 7 0.047619
46 7 0.047619
51 7 0.047619
58 7 0.047619
61 7 0.047619
71 7 0.047619
75 7 0.047619
78 7 0.047619
79 7 0.047619
86 7 0.047619
94 7 0.047619
95 7 0.047619
97 7 0.047619
98 7 0.047619
115 7 0.047619
118 7 0.047619
121 7 0.047619
0 11 0.041667
16 11 0.041667
26 11 0.041667
28 11 0.041667
30 11 0.041667
31 11 0.041667
38 11 0.041667
40 11 0.041667
42 11 0.041667
47 11 0.041667
51 11 0.041667
56 11 0.041667
57 11 0.041667
58 11 0.041667
65 11 0.041667
81 11 0.041667
88 11 0.041667
91 11 0.041667
92 11 0.041667
99 11 0.041667
102 11 0.041667
106 11 0.041667
108 11 0.041667
115 11 0.041667
0 17 0.055556
20 17 0.055556
29 17 0.055556
37 17 0.055556
38 17 0.055556
39 17 0.055556
50 17 0.055556
53 17 0.055556
61 17 0.055556
63 17 0.055556
74 17 0.055556
81 17 0.055556
82 17 0.055556
90 17 0.055556
103 17 0.055556
112 17 0.055556
118 17 0.055556
124 17 0.055556
0 32 0.0625
1 32 0.0625
2 32 0.0625
5 32 0.0625
13 32 0.0625
30 32 0.0625
33 32 0.0625
48 32 0.0625
59 32 0.0625
65 32 0.0625
76 32 0.0625
98 32 0.0625
100 32 0.0625
103 32 0.0625
109 32 0.0625
122 32 0.0625
0 37 0.041667
6 37 0.041667
17 37 0.041667
31 37 0.041667
43 37 0.041667
51 37 0.041667
52 37 0.041667
56 37 0.041667
61 37 0.041667
74 37 0.041667
76 37 0.041667
79 37 0.041667
82 37 0.041667
84 37 0.041667
85 37 0.041667
95 37 0.041667
96 37 0.041667
98 37 0.041667
104 37 0.041667
106 37 0.041667
108 37 0.041667
117 37 0.041667
121 37 0.041667
123 37 0.041667
0 46 0.05
7 46 0.05
31 46 0.05
35 46 0.05
39 46 0.05
41 46 0.05
42 46 0.05
44 46 0.05
47 46 0.05
67 46 0.05
70 46 0.05
75 46 0.05
79 46 0.05
83 46 0.05
87 46 0.05
91 46 0.05
102 46 0.05
109 46 0.05
112 46 0.05
115 46 0.05
0 47 0.05
1 47 0.05
4 47 0.05
9 47 0.05
11 47 0.05
16 47 0.05
22 47 0.05
28 47 0.05
31 47 0.05
35 47 0.05
38 47 0.05
46 47 0.05
49 47 0.05
55 47 0.05
67 47 0.05
70 47 0.05
78 47 0.05
85 47 0.05
104 47 0.05
111 47 0.05
0 50 0.052632
9 50 0.052632
10 50 0.052632
13 50 0.052632
16 50 0.052632
17 50 0.052632
20 50 0.052632
27 50 0.052632
54 50 0.052632
55 50 0.052632
57 50 0.052632
60 50 0.052632
86 50 0.052632
92 50 0.052632
98 50 0.052632
100 50 0.052632
101 50 0.052632
103 50 0.052632
124 50 0.052632
0 55 0.043478
3 55 0.043478
4 55 0.043478
8 55 0.043478
21 55 0.043478
23 55 0.043478
28 55 0.043478
40 55 0.043478
41 55 0.043478
47 55 0.043478
49 55 0.043478
50 55 0.043478
61 55 0.043478
67 55 0.043478
68 55 0.043478
76 55 0.043478
80 55 0.043478
91 55 0.043478
95 55 0.043478
96 55 0.043478
104 55 0.043478
111 55 0.043478
112 55 0.043478
0 58 0.035714
3 58 0.035714
5 58 0.035714
7 58 0.035714
10 58 0.035714
11 58 0.035714
15 58 0.035714
16 58 0.035714
21 58 0.035714
27 58 0.035714
30 58 0.035714
31 58 0.035714
36 58 0.035714
43 58 0.035714
48 58 0.035714
49 58 0.035714
52 58 0.035714
56 58 0.035714
60 58 0.035714
66 58 0.035714
70 58 0.035714
77 58 0.035714
84 58 0.035714
85 58 0.035714
91 58 0.035714
99 58 0.035714
101 58 0.035714
126 58 0.035714
0 62 0.058824
23 62 0.058824
25 62 0.058824
31 62 0.058824
40 62 0.058824
53 62 0.058824
57 62 0.058824
63 62 0.058824
64 62 0.058824
72 62 0.058824
82 62 0.058824
88 62 0.058824
93 62 0.058824
94 62 0.058824
101 62 0.058824
103 62 0.058824
125 62 0.058824
0 76 0.047619
20 76 0.047619
28 76 0.047619
31 76 0.047619
32 76 0.047619
37 76 0.047619
38 76 0.047619
40 76 0.047619
44 76 0.047619
45 76 0.047619
53 76 0.047619
55 76 0.047619
70 76 0.047619
77 76 0.047619
82 76 0.047619
85 76 0.047619
95 76 0.047619
102 76 0.047619
121 76 0.047619
123 76 0.047619
124 76 0.047619
0 77 0.05
1 77 0.05
6 77 0.05
8 77 0.05
10 77 0.05
19 77 0.05
41 77 0.05
52 77 0.05
58 77 0.05
66 77 0.05
76 77 0.05
80 77 0.05
82 77 0.05
83 77 0.05
85 77 0.05
87 77 0.05
96 77 0.05
100 77 0.05
101 77 0.05
123 77 0.05
0 82 0.047619
12 82 0.047619
17 82 0.047619
19 82 0.047619
28 82 0.047619
33 82 0.047619
37 82 0.047619
43 82 0.047619
51 82 0.047619
62 82 0.047619
64 82 0.047619
65 82 0.047619
74 82 0.047619
76 82 0.047619
77 82 0.047619
93 82 0.047619
100 82 0.047619
107 82 0.047619
112 82 0.047619
114 82 0.047619
118 82 0.047619
0 84 0.033333
3 84 0.033333
4 84 0.033333
5 84 0.033333
12 84 0.033333
15 84 0.033333
21 84 0.033333
22 84 0.033333
24 84 0.033333
26 84 0.033333
34 84 0.033333
37 84 0.033333
40 84 0.033333
44 84 0.033333
51 84 0.033333
56 84 0.033333
58 84 0.033333
61 84 0.033333
69 84 0.033333
79 84 0.033333
80 84 0.033333
83 84 0.033333
89 84 0.033333
90 84 0.033333
104 84 0.033333
107 84 0.033333
109 84 0.033333
110 84 0.033333
122 84 0.033333
125 84 0.033333
0 90 0.0625
1 90 0.0625
17 90 0.0625
27 90 0.0625
49 90 0.0625
65 90 0.0625
68 90 0.0625
80 90 0.0625
84 90 0.0625
89 90 0.0625
99 90 0.0625
101 90 0.0625
104 90 0.0625
108 90 0.0625
116 90 0.0625
125 90 0.0625
0 107 0.083333
18 107 0.083333
20 107 0.083333
26 107 0.083333
51 107 0.083333
66 107 0.083333
78 107 0.083333
81 107 0.083333
82 107 0.083333
84 107 0.083333
122 107 0.083333
123 107 0.083333
0 113 0.052632
3 113 0.052632
6 113 0.052632
9 113 0.052632
27 113 0.052632
33 113 0.052632
35 113 0.052632
42 113 0.052632
52 113 0.052632
63 113 0.052632
75 113 0.052632
81 113 0.052632
88 113 0.052632
99 113 0.052632
108 113 0.052632
117 113 0.052632
121 113 0.052632
123 113 0.052632
125 113 0.052632
0 116 0.05
3 116 0.05
4 116 0.05
8 116 0.05
24 116 0.05
27 116 0.05
34 116 0.05
35 116 0.05
48 116 0.05
53 116 0.05
66 116 0.05
67 116 0.05
73 116 0.05
80 116 0.05
90 116 0.05
100 116 0.05
103 116 0.05
104 116 0.05
110 116 0.05
118 116 0.05
1 5 0.038462
3 5 0.038462
8 5 0.038462
18 5 0.038462
30 5 0.038462
32 5 0.038462
39 5 0.038462
43 5 0.038462
44 5 0.038462
58 5 0.038462
64 5 0.038462
65 5 0.038462
67 5 0.038462
71 5 0.038462
73 5 0.038462
74 5 0.038462
84 5 0.038462
89 5 0.038462
104 5 0.038462
109 5 0.038462
110 5 0.038462
112 5 0.038462
115 5 0.038462
120 5 0.038462
121 5 0.038462
123 5 0.038462
1 9 0.043478
6 9 0.043478
10 9 0.043478
13 9 0.043478
21 9 0.043478
26 9 0.043478
40 9 0.043478
47 9 0.043478
49 9 0.043478
50 9 0.043478
59 9 0.043478
61 9 0.043478
83 9 0.043478
88 9 0.043478
89 9 0.043478
98 9 0.043478
105 9 0.043478
113 9 0.043478
115 9 0.043478
117 9 0.043478
120 9 0.043478
121 9 0.043478
122 9 0.043478
1 13 0.055556
9 13 0.055556
18 13 0.055556
27 13 0.055556
29 13 0.055556
32 13 0.055556
50 13 0.055556
59 13 0.055556
60 13 0.055556
79 13 0.055556
88 13 0.055556
100 13 0.055556
102 13 0.055556
103 13 0.055556
106 13 0.055556
124 13 0.055556
125 13 0.055556
126 13 0.055556
1 26 0.052632
8 26 0.052632
9 26 0.052632
11 26 0.052632
19 26 0.052632
22 26 0.052632
28 26 0.052632
48 26 0.052632
60 26 0.052632
68 26 0.052632
69 26 0.052632
81 26 0.052632
84 26 0.052632
93 26 0.052632
97 26 0.052632
105 26 0.052632
107 26 0.052632
110 26 0.052632
122 26 0.052632
1 35 0.047619
2 35 0.047619
3 35 0.047619
6 35 0.047619
12 35 0.047619
19 35 0.047619
20 35 0.047619
33 35 0.047619
34 35 0.047619
36 35 0.047619
40 35 0.047619
46 35 0.047619
47 35 0.047619
59 35 0.047619
67 35 0.047619
72 35 0.047619
81 35 0.047619
83 35 0.047619
113 35 0.047619
116 35 0.047619
118 35 0.047619
1 39 0.052632
5 39 0.052632
8 39 0.052632
12 39 0.052632
17 39 0.052632
20 39 0.052632
27 39 0.052632
33 39 0.052632
46 39 0.052632
72 39 0.052632
75 39 0.052632
85 39 0.052632
88 39 0.052632
96 39 0.052632
108 39 0.052632
119 39 0.052632
120 39 0.052632
122 39 0.052632
123 39 0.052632
1 43 0.047619
3 43 0.047619
5 43 0.047619
12 43 0.047619
20 43 0.047619
21 43 0.047619
22 43 0.047619
37 43 0.047619
48 43 0.047619
49 43 0.047619
53 43 0.047619
58 43 0.047619
66 43 0.047619
70 43 0.047619
82 43 0.047619
92 43 0.047619
100 43 0.047619
101 43 0.047619
111 43 0.047619
121 43 0.047619
122 43 0.047619
1 81 0.038462
3 81 0.038462
6 81 0.038462
11 81 0.038462
14 81 0.038462
17 81 0.038462
20 81 0.038462
22 81 0.038462
25 81 0.038462
26 81 0.038462
35 81 0.038462
40 81 0.038462
44 81 0.038462
70 81 0.038462
74 81 0.038462
88 81 0.038462
92 81 0.038462
100 81 0.038462
107 81 0.038462
108 81 0.038462
109 81 0.038462
111 81 0.038462
113 81 0.038462
114 81 0.038462
122 81 0.038462
123 81 0.038462
1 83 0.045455
6 83 0.045455
9 83 0.045455
12 83 0.045455
16 83 0.045455
25 83 0.045455
35 83 0.045455
38 83 0.045455
46 83 0.045455
49 83 0.045455
57 83 0.045455
70 83 0.045455
77 83 0.045455
78 83 0.045455
84 83 0.045455
91 83 0.045455
100 83 0.045455
104 83 0.045455
106 83 0.045455
109 83 0.045455
118 83 0.045455
124 83 0.045455
1 93 0.041667
3 93 0.041667
6 93 0.041667
10 93 0.041667
19 93 0.041667
24 93 0.041667
25 93 0.041667
26 93 0.041667
34 93 0.041667
57 93 0.041667
61 93 0.041667
62 93 0.041667
63 93 0.041667
64 93 0.041667
65 93 0.041667
72 93 0.041667
82 93 0.041667
91 93 0.041667
92 93 0.041667
108 93 0.041667
111 93 0.041667
118 93 0.041667
123 93 0.041667
125 93 0.041667
1 98 0.05
4 98 0.05
7 98 0.05
9 98 0.05
16 98 0.05
22 98 0.05
32 98 0.05
37 98 0.05
42 98 0.05
50 98 0.05
57 98 0.05
63 98 0.05
72 98 0.05
73 98 0.05
79 98 0.05
85 98 0.05
96 98 0.05
97 98 0.05
100 98 0.05
119 98 0.05
1 103 0.041667
13 103 0.041667
17 103 0.041667
19 103 0.041667
20 103 0.041667
22 103 0.041667
28 103 0.041667
32 103 0.041667
34 103 0.041667
41 103 0.041667
50 103 0.041667
52 103 0.041667
59 103 0.041667
62 103 0.041667
67 103 0.041667
70 103 0.041667
74 103 0.041667
105 103 0.041667
106 103 0.041667
111 103 0.041667
116 103 0.041667
121 103 0.041667
123 103 0.041667
126 103 0.041667
1 121 0.04
2 121 0.04
3 121 0.04
5 121 0.04
7 121 0.04
9 121 0.04
10 121 0.04
37 121 0.04
43 121 0.04
45 121 0.04
53 121 0.04
56 121 0.04
67 121 0.04
72 121 0.04
76 121 0.04
80 121 0.04
92 121 0.04
96 121 0.04
100 121 0.04
103 121 0.04
108 121 0.04
109 121 0.04
113 121 0.04
115 121 0.04
120 121 0.04
1 125 0.052632
13 125 0.052632
21 125 0.052632
27 125 0.052632
34 125 0.052632
61 125 0.052632
62 125 0.052632
65 125 0.052632
70 125 0.052632
79 125 0.052632
84 125 0.052632
88 125 0.052632
90 125 0.052632
92 125 0.052632
93 125 0.052632
97 125 0.052632
105 125 0.052632
112 125 0.052632
113 125 0.052632
2 4 0.058824
8 4 0.058824
18 4 0.058824
30 4 0.058824
31 4 0.058824
36 4 0.058824
42 4 0.058824
44 4 0.058824
47 4 0.058824
48 4 0.058824
55 4 0.058824
84 4 0.058824
96 4 0.058824
98 4 0.058824
99 4 0.058824
106 4 0.058824
116 4 0.058824
2 10 0.066667
9 10 0.066667
31 10 0.066667
38 10 0.066667
45 10 0.066667
50 10 0.066667
52 10 0.066667
58 10 0.066667
75 10 0.066667
77 10 0.066667
93 10 0.066667
95 10 0.066667
99 10 0.066667
121 10 0.066667
123 10 0.066667
2 22 0.045455
15 22 0.045455
18 22 0.045455
21 22 0.045455
26 22 0.045455
36 22 0.045455
43 22 0.045455
47 22 0.045455
49 22 0.045455
69 22 0.045455
81 22 0.045455
84 22 0.045455
87 22 0.045455
89 22 0.045455
97 22 0.045455
98 22 0.045455
100 22 0.045455
101 22 0.045455
103 22 0.045455
104 22 0.045455
106 22 0.045455
111 22 0.045455
2 24 0.076923
7 24 0.076923
21 24 0.076923
28 24 0.076923
41 24 0.076923
52 24 0.076923
53 24 0.076923
75 24 0.076923
80 24 0.076923
84 24 0.076923
93 24 0.076923
109 24 0.076923
116 24 0.076923
2 28 0.034483
11 28 0.034483
12 28 0.034483
23 28 0.034483
24 28 0.034483
25 28 0.034483
26 28 0.034483
31 28 0.034483
40 28 0.034483
44 28 0.034483
47 28 0.034483
52 28 0.034483
55 28 0.034483
57 28 0.034483
68 28 0.034483
69 28 0.034483
73 28 0.034483
76 28 0.034483
82 28 0.034483
89 28 0.034483
94 28 0.034483
97 28 0.034483
99 28 0.034483
101 28 0.034483
103 28 0.034483
106 28 0.034483
110 28 0.034483
112 28 0.034483
120 28 0.034483
2 41 0.047619
3 41 0.047619
14 41 0.047619
21 41 0.047619
24 41 0.047619
25 41 0.047619
29 41 0.047619
30 41 0.047619
38 41 0.047619
46 41 0.047619
55 41 0.047619
60 41 0.047619
68 41 0.047619
74 41 0.047619
75 41 0.047619
77 41 0.047619
80 41 0.047619
97 41 0.047619
103 41 0.047619
110 41 0.047619
115 41 0.047619
2 42 0.045455
4 42 0.045455
11 42 0.045455
15 42 0.045455
16 42 0.045455
27 42 0.045455
31 42 0.045455
40 42 0.045455
46 42 0.045455
63 42 0.045455
86 42 0.045455
97 42 0.045455
98 42 0.045455
100 42 0.045455
101 42 0.045455
104 42 0.045455
105 42 0.045455
111 42 0.045455
112 42 0.045455
113 42 0.045455
115 42 0.045455
119 42 0.045455
2 49 0.045455
6 49 0.045455
9 49 0.045455
14 49 0.045455
22 49 0.045455
36 49 0.045455
43 49 0.045455
47 49 0.045455
55 49 0.045455
58 49 0.045455
69 49 0.045455
72 49 0.045455
79 49 0.045455
80 49 0.045455
83 49 0.045455
89 49 0.045455
90 49 0.045455
96 49 0.045455
100 49 0.045455
106 49 0.045455
112 49 0.045455
120 49 0.045455
2 53 0.0625
17 53 0.0625
18 53 0.0625
24 53 0.0625
43 53 0.0625
51 53 0.0625
62 53 0.0625
76 53 0.0625
97 53 0.0625
105 53 0.0625
108 53 0.0625
116 53 0.0625
118 53 0.0625
119 53 0.0625
121 53 0.0625
126 53 0.0625
2 54 0.066667
12 54 0.066667
19 54 0.066667
25 54 0.066667
44 54 0.066667
45 54 0.066667
50 54 0.066667
52 54 0.066667
59 54 0.066667
61 54 0.066667
73 54 0.066667
91 54 0.066667
101 54 0.066667
106 54 0.066667
117 54 0.066667
2 56 0.058824
11 56 0.058824
16 56 0.058824
18 56 0.058824
31 56 0.058824
33 56 0.058824
37 56 0.058824
58 56 0.058824
69 56 0.058824
72 56 0.058824
78 56 0.058824
79 56 0.058824
84 56 0.058824
101 56 0.058824
105 56 0.058824
119 56 0.058824
121 56 0.058824
2 67 0.04
3 67 0.04
5 67 0.04
8 67 0.04
19 67 0.04
30 67 0.04
35 67 0.04
45 67 0.04
46 67 0.04
47 67 0.04
55 67 0.04
57 67 0.04
59 67 0.04
61 67 0.04
69 67 0.04
70 67 0.04
74 67 0.04
78 67 0.04
79 67 0.04
89 67 0.04
100 67 0.04
103 67 0.04
116 67 0.04
118 67 0.04
121 67 0.04
2 109 0.05
5 109 0.05
6 109 0.05
8 109 0.05
24 109 0.05
27 109 0.05
29 109 0.05
32 109 0.05
38 109 0.05
46 109 0.05
63 109 0.05
74 109 0.05
81 109 0.05
83 109 0.05
84 109 0.05
87 109 0.05
95 109 0.05
100 109 0.05
120 109 0.05
121 109 0.05
2 112 0.047619
5 112 0.047619
17 112 0.047619
23 112 0.047619
27 112 0.047619
28 112 0.047619
34 112 0.047619
42 112 0.047619
46 112 0.047619
49 112 0.047619
55 112 0.047619
60 112 0.047619
63 112 0.047619
73 112 0.047619
82 112 0.047619
88 112 0.047619
102 112 0.047619
111 112 0.047619
114 112 0.047619
120 112 0.047619
125 112 0.047619
2 123 0.058824
5 123 0.058824
10 123 0.058824
16 123 0.058824
37 123 0.058824
39 123 0.058824
40 123 0.058824
57 123 0.058824
76 123 0.058824
77 123 0.058824
79 123 0.058824
81 123 0.058824
93 123 0.058824
103 123 0.058824
107 123 0.058824
113 123 0.058824
122 123 0.058824
2 124 0.058824
13 124 0.058824
17 124 0.058824
21 124 0.058824
25 124 0.058824
50 124 0.058824
70 124 0.058824
76 124 0.058824
83 124 0.058824
94 124 0.058824
96 124 0.058824
99 124 0.058824
101 124 0.058824
104 124 0.058824
114 124 0.058824
118 124 0.058824
120 124 0.058824
3 14 0.0625
7 14 0.0625
8 14 0.0625
23 14 0.0625
27 14 0.0625
29 14 0.0625
34 14 0.0625
41 14 0.0625
45 14 0.0625
49 14 0.0625
60 14 0.0625
81 14 0.0625
85 14 0.0625
87 14 0.0625
92 14 0.0625
97 14 0.0625
3 38 0.05
8 38 0.05
10 38 0.05
11 38 0.05
17 38 0.05
21 38 0.05
33 38 0.05
40 38 0.05
41 38 0.05
47 38 0.05
61 38 0.05
65 38 0.05
66 38 0.05
76 38 0.05
83 38 0.05
96 38 0.05
105 38 0.05
109 38 0.05
110 38 0.05
118 38 0.05
3 59 0.05
9 59 0.05
13 59 0.05
29 59 0.05
30 59 0.05
31 59 0.05
32 59 0.05
35 59 0.05
44 59 0.05
48 59 0.05
54 59 0.05
64 59 0.05
67 59 0.05
69 59 0.05
70 59 0.05
78 59 0.05
94 59 0.05
100 59 0.05
103 59 0.05
110 59 0.05
3 66 0.066667
18 66 0.066667
21 66 0.066667
23 66 0.066667
38 66 0.066667
43 66 0.066667
58 66 0.066667
73 66 0.066667
75 66 0.066667
77 66 0.066667
79 66 0.066667
87 66 0.066667
107 66 0.066667
116 66 0.066667
117 66 0.066667
3 68 0.052632
12 68 0.052632
19 68 0.052632
21 68 0.052632
26 68 0.052632
28 68 0.052632
29 68 0.052632
41 68 0.052632
48 68 0.052632
52 68 0.052632
55 68 0.052632
78 68 0.052632
90 68 0.052632
92 68 0.052632
96 68 0.052632
99 68 0.052632
105 68 0.052632
108 68 0.052632
115 68 0.052632
3 69 0.045455
20 69 0.045455
22 69 0.045455
26 69 0.045455
27 69 0.045455
28 69 0.045455
29 69 0.045455
30 69 0.045455
49 69 0.045455
56 69 0.045455
59 69 0.045455
67 69 0.045455
74 69 0.045455
84 69 0.045455
88 69 0.045455
97 69 0.045455
102 69 0.045455
105 69 0.045455
110 69 0.045455
117 69 0.045455
118 69 0.045455
119 69 0.045455
3 70 0.04
23 70 0.04
25 70 0.04
30 70 0.04
36 70 0.04
43 70 0.04
46 70 0.04
47 70 0.04
51 70 0.04
58 70 0.04
59 70 0.04
64 70 0.04
67 70 0.04
76 70 0.04
78 70 0.04
81 70 0.04
83 70 0.04
100 70 0.04
103 70 0.04
108 70 0.04
115 70 0.04
118 70 0.04
119 70 0.04
124 70 0.04
125 70 0.04
3 85 0.047619
8 85 0.047619
14 85 0.047619
19 85 0.047619
20 85 0.047619
23 85 0.047619
25 85 0.047619
30 85 0.047619
37 85 0.047619
39 85 0.047619
47 85 0.047619
58 85 0.047619
65 85 0.047619
76 85 0.047619
77 85 0.047619
94 85 0.047619
98 85 0.047619
100 85 0.047619
102 85 0.047619
105 85 0.047619
120 85 0.047619
3 97 0.045455
7 97 0.045455
14 97 0.045455
18 97 0.045455
22 97 0.045455
26 97 0.045455
28 97 0.045455
30 97 0.045455
36 97 0.045455
41 97 0.045455
42 97 0.045455
52 97 0.045455
53 97 0.045455
61 97 0.045455
69 97 0.045455
88 97 0.045455
95 97 0.045455
98 97 0.045455
120 97 0.045455
122 97 0.045455
125 97 0.045455
126 97 0.045455
3 120 0.037037
5 120 0.037037
8 120 0.037037
9 120 0.037037
15 120 0.037037
20 120 0.037037
21 120 0.037037
25 120 0.037037
28 120 0.037037
39 120 0.037037
45 120 0.037037
49 120 0.037037
57 120 0.037037
64 120 0.037037
74 120 0.037037
85 120 0.037037
86 120 0.037037
88 120 0.037037
95 120 0.037037
97 120 0.037037
100 120 0.037037
104 120 0.037037
106 120 0.037037
109 120 0.037037
112 120 0.037037
121 120 0.037037
124 120 0.037037
3 122 0.05
8 122 0.05
9 122 0.05
23 122 0.05
26 122 0.05
32 122 0.05
39 122 0.05
43 122 0.05
61 122 0.05
63 122 0.05
64 122 0.05
75 122 0.05
79 122 0.05
81 122 0.05
84 122 0.05
97 122 0.05
107 122 0.05
114 122 0.05
123 122 0.05
126 122 0.05
4 8 0.047619
5 8 0.047619
6 8 0.047619
14 8 0.047619
26 8 0.047619
38 8 0.047619
39 8 0.047619
40 8 0.047619
45 8 0.047619
55 8 0.047619
61 8 0.047619
67 8 0.047619
72 8 0.047619
77 8 0.047619
78 8 0.047619
85 8 0.047619
99 8 0.047619
109 8 0.047619
116 8 0.047619
120 8 0.047619
122 8 0.047619
4 18 0.05
5 18 0.05
13 18 0.05
22 18 0.05
44 18 0.05
52 18 0.05
53 18 0.05
56 18 0.05
61 18 0.05
65 18 0.05
66 18 0.05
75 18 0.05
86 18 0.05
89 18 0.05
95 18 0.05
96 18 0.05
97 18 0.05
107 18 0.05
108 18 0.05
115 18 0.05
4 30 0.045455
5 30 0.045455
11 30 0.045455
12 30 0.045455
23 30 0.045455
32 30 0.045455
41 30 0.045455
44 30 0.045455
58 30 0.045455
59 30 0.045455
61 30 0.045455
67 30 0.045455
69 30 0.045455
70 30 0.045455
85 30 0.045455
97 30 0.045455
102 30 0.045455
108 30 0.045455
110 30 0.045455
115 30 0.045455
117 30 0.045455
118 30 0.045455
4 31 0.038462
10 31 0.038462
11 31 0.038462
15 31 0.038462
28 31 0.038462
29 31 0.038462
37 31 0.038462
42 31 0.038462
45 31 0.038462
46 31 0.038462
47 31 0.038462
48 31 0.038462
56 31 0.038462
58 31 0.038462
59 31 0.038462
60 31 0.038462
61 31 0.038462
62 31 0.038462
75 31 0.038462
76 31 0.038462
79 31 0.038462
94 31 0.038462
100 31 0.038462
114 31 0.038462
115 31 0.038462
118 31 0.038462
4 36 0.0625
12 36 0.0625
20 36 0.0625
21 36 0.0625
22 36 0.0625
35 36 0.0625
49 36 0.0625
51 36 0.0625
58 36 0.0625
65 36 0.0625
70 36 0.0625
89 36 0.0625
96 36 0.0625
97 36 0.0625
99 36 0.0625
100 36 0.0625
4 44 0.047619
5 44 0.047619
18 44 0.047619
20 44 0.047619
28 44 0.047619
30 44 0.047619
33 44 0.047619
46 44 0.047619
48 44 0.047619
54 44 0.047619
57 44 0.047619
59 44 0.047619
73 44 0.047619
74 44 0.047619
76 44 0.047619
81 44 0.047619
84 44 0.047619
99 44 0.047619
100 44 0.047619
105 44 0.047619
110 44 0.047619
4 48 0.047619
19 48 0.047619
23 48 0.047619
26 48 0.047619
31 48 0.047619
32 48 0.047619
43 48 0.047619
44 48 0.047619
51 48 0.047619
58 48 0.047619
59 48 0.047619
68 48 0.047619
79 48 0.047619
87 48 0.047619
89 48 0.047619
95 48 0.047619
99 48 0.047619
104 48 0.047619
110 48 0.047619
115 48 0.047619
116 48 0.047619
4 96 0.038462
18 96 0.038462
23 96 0.038462
27 96 0.038462
33 96 0.038462
36 96 0.038462
37 96 0.038462
38 96 0.038462
39 96 0.038462
40 96 0.038462
49 96 0.038462
55 96 0.038462
63 96 0.038462
68 96 0.038462
77 96 0.038462
80 96 0.038462
87 96 0.038462
89 96 0.038462
91 96 0.038462
98 96 0.038462
108 96 0.038462
117 96 0.038462
118 96 0.038462
119 96 0.038462
121 96 0.038462
124 96 0.038462
4 99 0.058824
8 99 0.058824
10 99 0.058824
11 99 0.058824
15 99 0.058824
19 99 0.058824
28 99 0.058824
36 99 0.058824
44 99 0.058824
48 99 0.058824
58 99 0.058824
65 99 0.058824
68 99 0.058824
90 99 0.058824
94 99 0.058824
113 99 0.058824
124 99 0.058824
4 106 0.052632
6 106 0.052632
11 106 0.052632
13 106 0.052632
16 106 0.052632
22 106 0.052632
28 106 0.052632
37 106 0.052632
45 106 0.052632
49 106 0.052632
54 106 0.052632
57 106 0.052632
64 106 0.052632
73 106 0.052632
75 106 0.052632
83 106 0.052632
103 106 0.052632
115 106 0.052632
120 106 0.052632
5 64 0.066667
21 64 0.066667
59 64 0.066667
62 64 0.066667
70 64 0.066667
82 64 0.066667
86 64 0.066667
93 64 0.066667
94 64 0.066667
104 64 0.066667
105 64 0.066667
106 64 0.066667
120 64 0.066667
122 64 0.066667
126 64 0.066667
5 65 0.04
11 65 0.04
16 65 0.04
18 65 0.04
20 65 0.04
32 65 0.04
33 65 0.04
36 65 0.04
38 65 0.04
40 65 0.04
60 65 0.04
61 65 0.04
75 65 0.04
80 65 0.04
82 65 0.04
85 65 0.04
87 65 0.04
90 65 0.04
93 65 0.04
99 65 0.04
108 65 0.04
118 65 0.04
119 65 0.04
125 65 0.04
126 65 0.04
5 71 0.111111
7 71 0.111111
20 71 0.111111
29 71 0.111111
52 71 0.111111
73 71 0.111111
104 71 0.111111
115 71 0.111111
126 71 0.111111
5 73 0.058824
27 73 0.058824
28 73 0.058824
44 73 0.058824
51 73 0.058824
54 73 0.058824
66 73 0.058824
71 73 0.058824
91 73 0.058824
98 73 0.058824
104 73 0.058824
106 73 0.058824
108 73 0.058824
110 73 0.058824
112 73 0.058824
115 73 0.058824
116 73 0.058824
5 74 0.05
17 74 0.05
25 74 0.05
29 74 0.05
37 74 0.05
41 74 0.05
44 74 0.05
61 74 0.05
67 74 0.05
69 74 0.05
81 74 0.05
82 74 0.05
88 74 0.05
103 74 0.05
109 74 0.05
110 74 0.05
114 74 0.05
115 74 0.05
117 74 0.05
120 74 0.05
5 89 0.066667
9 89 0.066667
18 89 0.066667
20 89 0.066667
22 89 0.066667
23 89 0.066667
28 89 0.066667
36 89 0.066667
48 89 0.066667
49 89 0.066667
67 89 0.066667
84 89 0.066667
90 89 0.066667
96 89 0.066667
114 89 0.066667
5 104 0.045455
15 104 0.045455
22 104 0.045455
23 104 0.045455
27 104 0.045455
33 104 0.045455
37 104 0.045455
42 104 0.045455
47 104 0.045455
48 104 0.045455
55 104 0.045455
64 104 0.045455
71 104 0.045455
73 104 0.045455
83 104 0.045455
84 104 0.045455
90 104 0.045455
102 104 0.045455
111 104 0.045455
116 104 0.045455
120 104 0.045455
124 104 0.045455
5 110 0.041667
15 110 0.041667
20 110 0.041667
21 110 0.041667
26 110 0.041667
27 110 0.041667
28 110 0.041667
30 110 0.041667
38 110 0.041667
41 110 0.041667
44 110 0.041667
48 110 0.041667
59 110 0.041667
69 110 0.041667
73 110 0.041667
74 110 0.041667
78 110 0.041667
79 110 0.041667
84 110 0.041667
102 110 0.041667
111 110 0.041667
116 110 0.041667
117 110 0.041667
118 110 0.041667
5 115 0.038462
7 115 0.038462
9 115 0.038462
11 115 0.038462
18 115 0.038462
25 115 0.038462
30 115 0.038462
31 115 0.038462
41 115 0.038462
42 115 0.038462
45 115 0.038462
46 115 0.038462
48 115 0.038462
52 115 0.038462
68 115 0.038462
70 115 0.038462
71 115 0.038462
72 115 0.038462
73 115 0.038462
74 115 0.038462
80 115 0.038462
100 115 0.038462
102 115 0.038462
106 115 0.038462
117 115 0.038462
121 115 0.038462
6 40 0.037037
8 40 0.037037
9 40 0.037037
11 40 0.037037
16 40 0.037037
28 40 0.037037
33 40 0.037037
35 40 0.037037
38 40 0.037037
42 40 0.037037
45 40 0.037037
55 40 0.037037
62 40 0.037037
63 40 0.037037
65 40 0.037037
72 40 0.037037
76 40 0.037037
81 40 0.037037
84 40 0.037037
86 40 0.037037
91 40 0.037037
94 40 0.037037
96 40 0.037037
105 40 0.037037
108 40 0.037037
117 40 0.037037
123 40 0.037037
6 61 0.04
7 61 0.04
8 61 0.04
9 61 0.04
17 61 0.04
18 61 0.04
25 61 0.04
30 61 0.04
31 61 0.04
37 61 0.04
38 61 0.04
54 61 0.04
55 61 0.04
63 61 0.04
65 61 0.04
67 61 0.04
74 61 0.04
84 61 0.04
86 61 0.04
91 61 0.04
93 61 0.04
97 61 0.04
108 61 0.04
122 61 0.04
125 61 0.04
6 126 0.0625
13 126 0.0625
16 126 0.0625
19 126 0.0625
51 126 0.0625
53 126 0.0625
58 126 0.0625
60 126 0.0625
64 126 0.0625
65 126 0.0625
71 126 0.0625
97 126 0.0625
103 126 0.0625
108 126 0.0625
111 126 0.0625
122 126 0.0625
7 12 0.076923
28 12 0.076923
30 12 0.076923
35 12 0.076923
36 12 0.076923
39 12 0.076923
43 12 0.076923
54 12 0.076923
68 12 0.076923
82 12 0.076923
83 12 0.076923
84 12 0.076923
91 12 0.076923
7 33 0.055556
32 33 0.055556
35 33 0.055556
38 33 0.055556
39 33 0.055556
40 33 0.055556
44 33 0.055556
56 33 0.055556
65 33 0.055556
82 33 0.055556
88 33 0.055556
95 33 0.055556
96 33 0.055556
100 33 0.055556
102 33 0.055556
104 33 0.055556
108 33 0.055556
113 33 0.055556
7 51 0.05
11 51 0.05
16 51 0.05
21 51 0.05
29 51 0.05
36 51 0.05
37 51 0.05
48 51 0.05
53 51 0.05
57 51 0.05
63 51 0.05
70 51 0.05
73 51 0.05
82 51 0.05
84 51 0.05
100 51 0.05
107 51 0.05
117 51 0.05
119 51 0.05
126 51 0.05
7 75 0.058824
10 75 0.058824
18 75 0.058824
19 75 0.058824
24 75 0.058824
31 75 0.058824
39 75 0.058824
41 75 0.058824
46 75 0.058824
65 75 0.058824
66 75 0.058824
87 75 0.058824
100 75 0.058824
102 75 0.058824
106 75 0.058824
113 75 0.058824
122 75 0.058824
7 78 0.0625
8 78 0.0625
19 78 0.0625
29 78 0.0625
34 78 0.0625
47 78 0.0625
56 78 0.0625
59 78 0.0625
60 78 0.0625
67 78 0.0625
68 78 0.0625
70 78 0.0625
83 78 0.0625
94 78 0.0625
107 78 0.0625
110 78 0.0625
7 79 0.052632
13 79 0.052632
31 79 0.052632
37 79 0.052632
46 79 0.052632
48 79 0.052632
49 79 0.052632
56 79 0.052632
57 79 0.052632
66 79 0.052632
67 79 0.052632
84 79 0.052632
92 79 0.052632
98 79 0.052632
100 79 0.052632
110 79 0.052632
122 79 0.052632
123 79 0.052632
125 79 0.052632
7 86 0.083333
18 86 0.083333
40 86 0.083333
42 86 0.083333
50 86 0.083333
61 86 0.083333
64 86 0.083333
72 86 0.083333
102 86 0.083333
118 86 0.083333
119 86 0.083333
120 86 0.083333
7 94 0.058824
28 94 0.058824
29 94 0.058824
31 94 0.058824
40 94 0.058824
45 94 0.058824
59 94 0.058824
60 94 0.058824
62 94 0.058824
63 94 0.058824
64 94 0.058824
78 94 0.058824
85 94 0.058824
99 94 0.058824
101 94 0.058824
118 94 0.058824
124 94 0.058824
7 95 0.066667
10 95 0.066667
18 95 0.066667
33 95 0.066667
37 95 0.066667
48 95 0.066667
55 95 0.066667
72 95 0.066667
76 95 0.066667
80 95 0.066667
87 95 0.066667
97 95 0.066667
109 95 0.066667
117 95 0.066667
120 95 0.066667
7 118 0.035714
17 118 0.035714
25 118 0.035714
30 118 0.035714
31 118 0.035714
35 118 0.035714
38 118 0.035714
53 118 0.035714
57 118 0.035714
60 118 0.035714
65 118 0.035714
67 118 0.035714
69 118 0.035714
70 118 0.035714
82 118 0.035714
83 118 0.035714
86 118 0.035714
93 118 0.035714
94 118 0.035714
96 118 0.035714
101 118 0.035714
102 118 0.035714
108 118 0.035714
110 118 0.035714
116 118 0.035714
117 118 0.035714
119 118 0.035714
124 118 0.035714
8 45 0.0625
10 45 0.0625
14 45 0.0625
27 45 0.0625
31 45 0.0625
40 45 0.0625
54 45 0.0625
63 45 0.0625
67 45 0.0625
72 45 0.0625
76 45 0.0625
94 45 0.0625
106 45 0.0625
115 45 0.0625
120 45 0.0625
121 45 0.0625
8 72 0.0625
35 72 0.0625
39 72 0.0625
40 72 0.0625
45 72 0.0625
49 72 0.0625
56 72 0.0625
62 72 0.0625
80 72 0.0625
86 72 0.0625
93 72 0.0625
95 72 0.0625
98 72 0.0625
102 72 0.0625
115 72 0.0625
121 72 0.0625
9 21 0.045455
20 21 0.045455
22 21 0.045455
24 21 0.045455
29 21 0.045455
36 21 0.045455
38 21 0.045455
41 21 0.045455
43 21 0.045455
51 21 0.045455
55 21 0.045455
58 21 0.045455
64 21 0.045455
66 21 0.045455
68 21 0.045455
84 21 0.045455
100 21 0.045455
105 21 0.045455
110 21 0.045455
120 21 0.045455
124 21 0.045455
125 21 0.045455
9 88 0.058824
11 88 0.058824
13 88 0.058824
15 88 0.058824
27 88 0.058824
33 88 0.058824
39 88 0.058824
62 88 0.058824
69 88 0.058824
74 88 0.058824
81 88 0.058824
87 88 0.058824
97 88 0.058824
112 88 0.058824
113 88 0.058824
120 88 0.058824
125 88 0.058824
9 105 0.0625
16 105 0.0625
21 105 0.0625
26 105 0.0625
38 105 0.0625
40 105 0.0625
42 105 0.0625
44 105 0.0625
53 105 0.0625
56 105 0.0625
64 105 0.0625
68 105 0.0625
69 105 0.0625
85 105 0.0625
103 105 0.0625
125 105 0.0625
9 117 0.055556
25 117 0.055556
29 117 0.055556
30 117 0.055556
37 117 0.055556
40 117 0.055556
51 117 0.055556
54 117 0.055556
57 117 0.055556
66 117 0.055556
69 117 0.055556
74 117 0.055556
95 117 0.055556
96 117 0.055556
110 117 0.055556
113 117 0.055556
115 117 0.055556
118 117 0.055556
10 52 0.0625
18 52 0.0625
23 52 0.0625
24 52 0.0625
28 52 0.0625
37 52 0.0625
54 52 0.0625
58 52 0.0625
68 52 0.0625
71 52 0.0625
77 52 0.0625
91 52 0.0625
97 52 0.0625
103 52 0.0625
113 52 0.0625
115 52 0.0625
11 16 0.055556
20 16 0.055556
25 16 0.055556
27 16 0.055556
40 16 0.055556
42 16 0.055556
47 16 0.055556
50 16 0.055556
51 16 0.055556
56 16 0.055556
58 16 0.055556
65 16 0.055556
83 16 0.055556
98 16 0.055556
105 16 0.055556
106 16 0.055556
123 16 0.055556
126 16 0.055556
11 57 0.041667
15 57 0.041667
19 57 0.041667
28 57 0.041667
29 57 0.041667
34 57 0.041667
44 57 0.041667
50 57 0.041667
51 57 0.041667
62 57 0.041667
67 57 0.041667
79 57 0.041667
83 57 0.041667
91 57 0.041667
92 57 0.041667
93 57 0.041667
98 57 0.041667
102 57 0.041667
106 57 0.041667
117 57 0.041667
118 57 0.041667
119 57 0.041667
120 57 0.041667
123 57 0.041667
11 91 0.055556
12 91 0.055556
40 91 0.055556
46 91 0.055556
52 91 0.055556
54 91 0.055556
55 91 0.055556
57 91 0.055556
58 91 0.055556
61 91 0.055556
73 91 0.055556
83 91 0.055556
87 91 0.055556
93 91 0.055556
96 91 0.055556
101 91 0.055556
102 91 0.055556
119 91 0.055556
11 92 0.0625
14 92 0.0625
43 92 0.0625
50 92 0.0625
57 92 0.0625
60 92 0.0625
63 92 0.0625
68 92 0.0625
79 92 0.0625
80 92 0.0625
81 92 0.0625
93 92 0.0625
102 92 0.0625
119 92 0.0625
121 92 0.0625
125 92 0.0625
11 102 0.045455
13 102 0.045455
20 102 0.045455
30 102 0.045455
33 102 0.045455
46 102 0.045455
57 102 0.045455
60 102 0.045455
69 102 0.045455
72 102 0.045455
75 102 0.045455
76 102 0.045455
85 102 0.045455
86 102 0.045455
87 102 0.045455
91 102 0.045455
92 102 0.045455
104 102 0.045455
110 102 0.045455
112 102 0.045455
115 102 0.045455
118 102 0.045455
11 108 0.047619
18 108 0.047619
30 108 0.047619
33 108 0.047619
37 108 0.047619
39 108 0.047619
40 108 0.047619
53 108 0.047619
61 108 0.047619
65 108 0.047619
68 108 0.047619
70 108 0.047619
73 108 0.047619
81 108 0.047619
90 108 0.047619
93 108 0.047619
96 108 0.047619
113 108 0.047619
118 108 0.047619
121 108 0.047619
126 108 0.047619
13 27 0.047619
14 27 0.047619
16 27 0.047619
39 27 0.047619
42 27 0.047619
45 27 0.047619
50 27 0.047619
58 27 0.047619
63 27 0.047619
69 27 0.047619
73 27 0.047619
88 27 0.047619
90 27 0.047619
96 27 0.047619
104 27 0.047619
109 27 0.047619
110 27 0.047619
112 27 0.047619
113 27 0.047619
116 27 0.047619
125 27 0.047619
13 29 0.052632
14 29 0.052632
17 29 0.052632
21 29 0.052632
23 29 0.052632
31 29 0.052632
41 29 0.052632
51 29 0.052632
57 29 0.052632
59 29 0.052632
68 29 0.052632
69 29 0.052632
71 29 0.052632
74 29 0.052632
78 29 0.052632
94 29 0.052632
109 29 0.052632
117 29 0.052632
119 29 0.052632
13 60 0.05
14 60 0.05
19 60 0.05
20 60 0.05
26 60 0.05
31 60 0.05
34 60 0.05
41 60 0.05
50 60 0.05
58 60 0.05
65 60 0.05
78 60 0.05
80 60 0.05
92 60 0.05
94 60 0.05
102 60 0.05
111 60 0.05
112 60 0.05
118 60 0.05
126 60 0.05
13 100 0.032258
20 100 0.032258
21 100 0.032258
22 100 0.032258
31 100 0.032258
32 100 0.032258
33 100 0.032258
36 100 0.032258
42 100 0.032258
43 100 0.032258
44 100 0.032258
49 100 0.032258
50 100 0.032258
51 100 0.032258
59 100 0.032258
63 100 0.032258
67 100 0.032258
70 100 0.032258
75 100 0.032258
77 100 0.032258
79 100 0.032258
81 100 0.032258
82 100 0.032258
83 100 0.032258
85 100 0.032258
98 100 0.032258
109 100 0.032258
115 100 0.032258
116 100 0.032258
120 100 0.032258
121 100 0.032258
14 23 0.0625
28 23 0.0625
29 23 0.0625
30 23 0.0625
48 23 0.0625
52 23 0.0625
55 23 0.0625
62 23 0.0625
66 23 0.0625
70 23 0.0625
85 23 0.0625
89 23 0.0625
96 23 0.0625
104 23 0.0625
112 23 0.0625
122 23 0.0625
14 34 0.076923
15 34 0.076923
25 34 0.076923
35 34 0.076923
57 34 0.076923
60 34 0.076923
78 34 0.076923
84 34 0.076923
93 34 0.076923
103 34 0.076923
112 34 0.076923
116 34 0.076923
125 34 0.076923
14 87 0.0625
22 87 0.0625
46 87 0.0625
48 87 0.0625
65 87 0.0625
66 87 0.0625
75 87 0.0625
77 87 0.0625
88 87 0.0625
91 87 0.0625
95 87 0.0625
96 87 0.0625
101 87 0.0625
102 87 0.0625
109 87 0.0625
114 87 0.0625
15 101 0.052632
20 101 0.052632
22 101 0.052632
28 101 0.052632
42 101 0.052632
43 101 0.052632
50 101 0.052632
54 101 0.052632
56 101 0.052632
58 101 0.052632
62 101 0.052632
77 101 0.052632
87 101 0.052632
90 101 0.052632
91 101 0.052632
94 101 0.052632
118 101 0.052632
119 101 0.052632
124 101 0.052632
16 20 0.041667
17 20 0.041667
21 20 0.041667
35 20 0.041667
36 20 0.041667
39 20 0.041667
43 20 0.041667
44 20 0.041667
50 20 0.041667
60 20 0.041667
65 20 0.041667
69 20 0.041667
71 20 0.041667
76 20 0.041667
81 20 0.041667
85 20 0.041667
89 20 0.041667
100 20 0.041667
101 20 0.041667
102 20 0.041667
103 20 0.041667
107 20 0.041667
110 20 0.041667
120 20 0.041667
16 25 0.047619
19 25 0.047619
28 25 0.047619
34 25 0.047619
41 25 0.047619
54 25 0.047619
61 25 0.047619
62 25 0.047619
70 25 0.047619
74 25 0.047619
81 25 0.047619
83 25 0.047619
85 25 0.047619
93 25 0.047619
111 25 0.047619
115 25 0.047619
117 25 0.047619
118 25 0.047619
119 25 0.047619
120 25 0.047619
124 25 0.047619
17 63 0.05
27 63 0.05
40 63 0.05
42 63 0.05
45 63 0.05
51 63 0.05
61 63 0.05
62 63 0.05
92 63 0.05
93 63 0.05
94 63 0.05
96 63 0.05
98 63 0.05
100 63 0.05
109 63 0.05
111 63 0.05
112 63 0.05
113 63 0.05
114 63 0.05
122 63 0.05
19 119 0.052632
25 119 0.052632
29 119 0.052632
39 119 0.052632
42 119 0.052632
51 119 0.052632
53 119 0.052632
56 119 0.052632
57 119 0.052632
65 119 0.052632
69 119 0.052632
70 119 0.052632
86 119 0.052632
91 119 0.052632
92 119 0.052632
96 119 0.052632
98 119 0.052632
101 119 0.052632
118 119 0.052632
22 111 0.066667
25 111 0.066667
42 111 0.066667
43 111 0.066667
47 111 0.066667
55 111 0.066667
60 111 0.066667
63 111 0.066667
81 111 0.066667
93 111 0.066667
103 111 0.066667
104 111 0.066667
110 111 0.066667
112 111 0.066667
126 111 0.066667
24 80 0.0625
41 80 0.0625
49 80 0.0625
55 80 0.0625
60 80 0.0625
65 80 0.0625
72 80 0.0625
77 80 0.0625
84 80 0.0625
90 80 0.0625
92 80 0.0625
95 80 0.0625
96 80 0.0625
115 80 0.0625
116 80 0.0625
121 80 0.0625
31 114 0.1
63 114 0.1
74 114 0.1
81 114 0.1
82 114 0.1
87 114 0.1
89 114 0.1
112 114 0.1
122 114 0.1
124 114 0.1
3 0 0.05
7 0 0.05
11 0 0.05
17 0 0.05
32 0 0.05
37 0 0.05
46 0 0.05
47 0 0.05
50 0 0.05
55 0 0.05
58 0 0.05
62 0 0.05
76 0 0.05
77 0 0.05
82 0 0.05
84 0 0.05
90 0 0.05
107 0 0.05
113 0 0.05
116 0 0.05
3 1 0.052632
5 1 0.052632
9 1 0.052632
13 1 0.052632
26 1 0.052632
32 1 0.052632
35 1 0.052632
39 1 0.052632
43 1 0.052632
47 1 0.052632
77 1 0.052632
81 1 0.052632
83 1 0.052632
90 1 0.052632
93 1 0.052632
98 1 0.052632
103 1 0.052632
121 1 0.052632
125 1 0.052632
4 2 0.052632
10 2 0.052632
22 2 0.052632
24 2 0.052632
28 2 0.052632
32 2 0.052632
35 2 0.052632
41 2 0.052632
42 2 0.052632
49 2 0.052632
53 2 0.052632
54 2 0.052632
56 2 0.052632
67 2 0.052632
109 2 0.052632
112 2 0.052632
121 2 0.052632
123 2 0.052632
124 2 0.052632
8 6 0.066667
9 6 0.066667
35 6 0.066667
37 6 0.066667
40 6 0.066667
49 6 0.066667
61 6 0.066667
77 6 0.066667
81 6 0.066667
83 6 0.066667
93 6 0.066667
106 6 0.066667
109 6 0.066667
113 6 0.066667
126 6 0.066667
22 15 0.076923
31 15 0.076923
34 15 0.076923
42 15 0.076923
57 15 0.076923
58 15 0.076923
84 15 0.076923
88 15 0.076923
99 15 0.076923
101 15 0.076923
104 15 0.076923
110 15 0.076923
120 15 0.076923
25 19 0.052632
26 19 0.052632
35 19 0.052632
48 19 0.052632
54 19 0.052632
57 19 0.052632
60 19 0.052632
67 19 0.052632
68 19 0.052632
75 19 0.052632
77 19 0.052632
78 19 0.052632
82 19 0.052632
85 19 0.052632
93 19 0.052632
99 19 0.052632
103 19 0.052632
119 19 0.052632
126 19 0.052632
