0 39 0.04
4 39 0.04
21 39 0.04
30 39 0.04
34 39 0.04
37 39 0.04
54 39 0.04
57 39 0.04
60 39 0.04
61 39 0.04
65 39 0.04
68 39 0.04
78 39 0.04
80 39 0.04
81 39 0.04
87 39 0.04
98 39 0.04
108 39 0.04
119 39 0.04
123 39 0.04
132 39 0.04
140 39 0.04
141 39 0.04
142 39 0.04
156 39 0.04
0 45 0.035714
6 45 0.035714
15 45 0.035714
27 45 0.035714
30 45 0.035714
32 45 0.035714
34 45 0.035714
40 45 0.035714
41 45 0.035714
49 45 0.035714
55 45 0.035714
58 45 0.035714
60 45 0.035714
64 45 0.035714
81 45 0.035714
82 45 0.035714
93 45 0.035714
94 45 0.035714
102 45 0.035714
116 45 0.035714
136 45 0.035714
140 45 0.035714
145 45 0.035714
154 45 0.035714
156 45 0.035714
160 45 0.035714
161 45 0.035714
163 45 0.035714
0 53 0.035714
2 53 0.035714
14 53 0.035714
30 53 0.035714
36 53 0.035714
49 53 0.035714
51 53 0.035714
58 53 0.035714
66 53 0.035714
74 53 0.035714
76 53 0.035714
80 53 0.035714
89 53 0.035714
92 53 0.035714
97 53 0.035714
106 53 0.035714
107 53 0.035714
108 53 0.035714
110 53 0.035714
115 53 0.035714
129 53 0.035714
133 53 0.035714
134 53 0.035714
138 53 0.035714
146 53 0.035714
147 53 0.035714
149 53 0.035714
160 53 0.035714
0 54 0.052632
11 54 0.052632
20 54 0.052632
24 54 0.052632
39 54 0.052632
47 54 0.052632
58 54 0.052632
70 54 0.052632
72 54 0.052632
73 54 0.052632
74 54 0.052632
89 54 0.052632
91 54 0.052632
108 54 0.052632
117 54 0.052632
141 54 0.052632
143 54 0.052632
159 54 0.052632
163 54 0.052632
0 62 0.043478
2 62 0.043478
3 62 0.043478
19 62 0.043478
21 62 0.043478
23 62 0.043478
27 62 0.043478
32 62 0.043478
38 62 0.043478
40 62 0.043478
69 62 0.043478
72 62 0.043478
88 62 0.043478
110 62 0.043478
114 62 0.043478
118 62 0.043478
126 62 0.043478
127 62 0.043478
136 62 0.043478
142 62 0.043478
147 62 0.043478
160 62 0.043478
163 62 0.043478
0 65 0.037037
8 65 0.037037
20 65 0.037037
28 65 0.037037
30 65 0.037037
33 65 0.037037
34 65 0.037037
39 65 0.037037
42 65 0.037037
47 65 0.037037
49 65 0.037037
61 65 0.037037
68 65 0.037037
71 65 0.037037
73 65 0.037037
78 65 0.037037
80 65 0.037037
87 65 0.037037
89 65 0.037037
90 65 0.037037
111 65 0.037037
118 65 0.037037
127 65 0.037037
141 65 0.037037
146 65 0.037037
150 65 0.037037
152 65 0.037037
0 70 0.037037
24 70 0.037037
25 70 0.037037
26 70 0.037037
35 70 0.037037
43 70 0.037037
44 70 0.037037
54 70 0.037037
58 70 0.037037
59 70 0.037037
60 70 0.037037
69 70 0.037037
77 70 0.037037
85 70 0.037037
93 70 0.037037
104 70 0.037037
108 70 0.037037
109 70 0.037037
112 70 0.037037
113 70 0.037037
115 70 0.037037
124 70 0.037037
126 70 0.037037
131 70 0.037037
148 70 0.037037
152 70 0.037037
155 70 0.037037
0 71 0.034483
4 71 0.034483
9 71 0.034483
27 71 0.034483
38 71 0.034483
40 71 0.034483
42 71 0.034483
43 71 0.034483
46 71 0.034483
55 71 0.034483
65 71 0.034483
68 71 0.034483
69 71 0.034483
80 71 0.034483
89 71 0.034483
96 71 0.034483
98 71 0.034483
100 71 0.034483
104 71 0.034483
105 71 0.034483
115 71 0.034483
116 71 0.034483
138 71 0.034483
139 71 0.034483
145 71 0.034483
147 71 0.034483
157 71 0.034483
159 71 0.034483
160 71 0.034483
0 90 0.04
1 90 0.04
14 90 0.04
25 90 0.04
38 90 0.04
47 90 0.04
61 90 0.04
63 90 0.04
64 90 0.04
65 90 0.04
69 90 0.04
79 90 0.04
97 90 0.04
99 90 0.04
114 90 0.04
120 90 0.04
122 90 0.04
125 90 0.04
128 90 0.04
133 90 0.04
134 90 0.04
136 90 0.04
147 90 0.04
154 90 0.04
160 90 0.04
0 102 0.052632
15 102 0.052632
18 102 0.052632
22 102 0.052632
24 102 0.052632
45 102 0.052632
47 102 0.052632
57 102 0.052632
58 102 0.052632
61 102 0.052632
69 102 0.052632
76 102 0.052632
98 102 0.052632
103 102 0.052632
109 102 0.052632
115 102 0.052632
124 102 0.052632
152 102 0.052632
160 102 0.052632
0 105 0.04
6 105 0.04
14 105 0.04
18 105 0.04
20 105 0.04
26 105 0.04
29 105 0.04
43 105 0.04
55 105 0.04
60 105 0.04
68 105 0.04
71 105 0.04
87 105 0.04
101 105 0.04
109 105 0.04
111 105 0.04
116 105 0.04
119 105 0.04
123 105 0.04
127 105 0.04
132 105 0.04
138 105 0.04
139 105 0.04
141 105 0.04
159 105 0.04
0 114 0.047619
18 114 0.047619
21 114 0.047619
27 114 0.047619
28 114 0.047619
35 114 0.047619
48 114 0.047619
58 114 0.047619
62 114 0.047619
66 114 0.047619
75 114 0.047619
80 114 0.047619
89 114 0.047619
90 114 0.047619
91 114 0.047619
98 114 0.047619
100 114 0.047619
110 114 0.047619
130 114 0.047619
151 114 0.047619
163 114 0.047619
0 118 0.037037
1 118 0.037037
12 118 0.037037
20 118 0.037037
34 118 0.037037
38 118 0.037037
42 118 0.037037
44 118 0.037037
46 118 0.037037
50 118 0.037037
62 118 0.037037
63 118 0.037037
65 118 0.037037
68 118 0.037037
73 118 0.037037
74 118 0.037037
75 118 0.037037
80 118 0.037037
84 118 0.037037
88 118 0.037037
98 118 0.037037
125 118 0.037037
136 118 0.037037
142 118 0.037037
143 118 0.037037
157 118 0.037037
161 118 0.037037
0 139 0.04
10 139 0.04
11 139 0.04
18 139 0.04
26 139 0.04
27 139 0.04
28 139 0.04
29 139 0.04
34 139 0.04
37 139 0.04
38 139 0.04
47 139 0.04
55 139 0.04
71 139 0.04
76 139 0.04
89 139 0.04
105 139 0.04
111 139 0.04
116 139 0.04
129 139 0.04
143 139 0.04
147 139 0.04
155 139 0.04
161 139 0.04
162 139 0.04
0 141 0.029412
8 141 0.029412
13 141 0.029412
14 141 0.029412
15 141 0.029412
16 141 0.029412
19 141 0.029412
24 141 0.029412
36 141 0.029412
39 141 0.029412
40 141 0.029412
43 141 0.029412
44 141 0.029412
50 141 0.029412
54 141 0.029412
56 141 0.029412
59 141 0.029412
60 141 0.029412
64 141 0.029412
65 141 0.029412
74 141 0.029412
83 141 0.029412
91 141 0.029412
94 141 0.029412
99 141 0.029412
100 141 0.029412
101 141 0.029412
105 141 0.029412
111 141 0.029412
128 141 0.029412
142 141 0.029412
146 141 0.029412
155 141 0.029412
159 141 0.029412
0 156 0.037037
3 156 0.037037
24 156 0.037037
28 156 0.037037
31 156 0.037037
36 156 0.037037
39 156 0.037037
45 156 0.037037
52 156 0.037037
55 156 0.037037
58 156 0.037037
61 156 0.037037
63 156 0.037037
67 156 0.037037
73 156 0.037037
76 156 0.037037
78 156 0.037037
80 156 0.037037
82 156 0.037037
89 156 0.037037
94 156 0.037037
97 156 0.037037
100 156 0.037037
128 156 0.037037
131 156 0.037037
143 156 0.037037
158 156 0.037037
1 4 0.041667
29 4 0.041667
35 4 0.041667
38 4 0.041667
39 4 0.041667
42 4 0.041667
46 4 0.041667
47 4 0.041667
51 4 0.041667
55 4 0.041667
59 4 0.041667
71 4 0.041667
74 4 0.041667
81 4 0.041667
82 4 0.041667
89 4 0.041667
94 4 0.041667
99 4 0.041667
113 4 0.041667
119 4 0.041667
152 4 0.041667
159 4 0.041667
160 4 0.041667
162 4 0.041667
1 11 0.035714
5 11 0.035714
16 11 0.035714
22 11 0.035714
23 11 0.035714
24 11 0.035714
34 11 0.035714
36 11 0.035714
38 11 0.035714
50 11 0.035714
54 11 0.035714
58 11 0.035714
66 11 0.035714
72 11 0.035714
74 11 0.035714
75 11 0.035714
80 11 0.035714
101 11 0.035714
108 11 0.035714
124 11 0.035714
132 11 0.035714
137 11 0.035714
139 11 0.035714
142 11 0.035714
144 11 0.035714
157 11 0.035714
161 11 0.035714
162 11 0.035714
1 12 0.03125
3 12 0.03125
7 12 0.03125
8 12 0.03125
15 12 0.03125
21 12 0.03125
33 12 0.03125
34 12 0.03125
48 12 0.03125
51 12 0.03125
52 12 0.03125
60 12 0.03125
64 12 0.03125
67 12 0.03125
69 12 0.03125
74 12 0.03125
80 12 0.03125
85 12 0.03125
89 12 0.03125
93 12 0.03125
103 12 0.03125
106 12 0.03125
118 12 0.03125
124 12 0.03125
134 12 0.03125
137 12 0.03125
142 12 0.03125
143 12 0.03125
149 12 0.03125
155 12 0.03125
159 12 0.03125
160 12 0.03125
1 27 0.03125
10 27 0.03125
20 27 0.03125
22 27 0.03125
33 27 0.03125
38 27 0.03125
45 27 0.03125
47 27 0.03125
49 27 0.03125
56 27 0.03125
59 27 0.03125
61 27 0.03125
62 27 0.03125
64 27 0.03125
71 27 0.03125
79 27 0.03125
81 27 0.03125
82 27 0.03125
83 27 0.03125
87 27 0.03125
98 27 0.03125
101 27 0.03125
104 27 0.03125
106 27 0.03125
112 27 0.03125
114 27 0.03125
120 27 0.03125
138 27 0.03125
139 27 0.03125
144 27 0.03125
160 27 0.03125
163 27 0.03125
1 28 0.037037
5 28 0.037037
17 28 0.037037
22 28 0.037037
25 28 0.037037
31 28 0.037037
48 28 0.037037
56 28 0.037037
58 28 0.037037
65 28 0.037037
73 28 0.037037
75 28 0.037037
78 28 0.037037
84 28 0.037037
85 28 0.037037
95 28 0.037037
98 28 0.037037
100 28 0.037037
108 28 0.037037
112 28 0.037037
113 28 0.037037
114 28 0.037037
139 28 0.037037
147 28 0.037037
150 28 0.037037
152 28 0.037037
156 28 0.037037
1 42 0.035714
4 42 0.035714
10 42 0.035714
26 42 0.035714
29 42 0.035714
30 42 0.035714
40 42 0.035714
41 42 0.035714
44 42 0.035714
49 42 0.035714
65 42 0.035714
71 42 0.035714
72 42 0.035714
76 42 0.035714
77 42 0.035714
84 42 0.035714
93 42 0.035714
96 42 0.035714
97 42 0.035714
107 42 0.035714
118 42 0.035714
126 42 0.035714
133 42 0.035714
136 42 0.035714
140 42 0.035714
150 42 0.035714
152 42 0.035714
154 42 0.035714
1 44 0.045455
3 44 0.045455
8 44 0.045455
42 44 0.045455
47 44 0.045455
49 44 0.045455
56 44 0.045455
57 44 0.045455
70 44 0.045455
86 44 0.045455
89 44 0.045455
93 44 0.045455
94 44 0.045455
115 44 0.045455
117 44 0.045455
118 44 0.045455
122 44 0.045455
141 44 0.045455
143 44 0.045455
150 44 0.045455
152 44 0.045455
162 44 0.045455
1 46 0.052632
4 46 0.052632
10 46 0.052632
14 46 0.052632
31 46 0.052632
38 46 0.052632
41 46 0.052632
71 46 0.052632
93 46 0.052632
94 46 0.052632
104 46 0.052632
112 46 0.052632
118 46 0.052632
119 46 0.052632
123 46 0.052632
134 46 0.052632
143 46 0.052632
144 46 0.052632
152 46 0.052632
1 59 0.04
4 59 0.04
15 59 0.04
22 59 0.04
27 59 0.04
36 59 0.04
47 59 0.04
49 59 0.04
60 59 0.04
61 59 0.04
64 59 0.04
69 59 0.04
70 59 0.04
89 59 0.04
93 59 0.04
94 59 0.04
100 59 0.04
117 59 0.04
119 59 0.04
126 59 0.04
134 59 0.04
141 59 0.04
146 59 0.04
148 59 0.04
162 59 0.04
1 60 0.037037
2 60 0.037037
5 60 0.037037
9 60 0.037037
12 60 0.037037
13 60 0.037037
15 60 0.037037
29 60 0.037037
37 60 0.037037
39 60 0.037037
45 60 0.037037
47 60 0.037037
51 60 0.037037
59 60 0.037037
70 60 0.037037
75 60 0.037037
88 60 0.037037
105 60 0.037037
109 60 0.037037
111 60 0.037037
136 60 0.037037
141 60 0.037037
152 60 0.037037
157 60 0.037037
158 60 0.037037
161 60 0.037037
162 60 0.037037
1 75 0.038462
11 75 0.038462
19 75 0.038462
23 75 0.038462
26 75 0.038462
28 75 0.038462
37 75 0.038462
41 75 0.038462
50 75 0.038462
60 75 0.038462
61 75 0.038462
66 75 0.038462
74 75 0.038462
78 75 0.038462
80 75 0.038462
94 75 0.038462
108 75 0.038462
114 75 0.038462
118 75 0.038462
121 75 0.038462
125 75 0.038462
126 75 0.038462
143 75 0.038462
147 75 0.038462
161 75 0.038462
162 75 0.038462
1 79 0.037037
8 79 0.037037
10 79 0.037037
15 79 0.037037
18 79 0.037037
23 79 0.037037
27 79 0.037037
30 79 0.037037
48 79 0.037037
49 79 0.037037
56 79 0.037037
61 79 0.037037
73 79 0.037037
90 79 0.037037
96 79 0.037037
99 79 0.037037
104 79 0.037037
113 79 0.037037
124 79 0.037037
127 79 0.037037
128 79 0.037037
137 79 0.037037
145 79 0.037037
146 79 0.037037
147 79 0.037037
159 79 0.037037
163 79 0.037037
1 82 0.04
4 82 0.04
5 82 0.04
9 82 0.04
22 82 0.04
23 82 0.04
24 82 0.04
25 82 0.04
27 82 0.04
34 82 0.04
37 82 0.04
40 82 0.04
45 82 0.04
69 82 0.04
76 82 0.04
88 82 0.04
98 82 0.04
99 82 0.04
128 82 0.04
144 82 0.04
147 82 0.04
154 82 0.04
156 82 0.04
157 82 0.04
163 82 0.04
1 83 0.04
3 83 0.04
5 83 0.04
8 83 0.04
19 83 0.04
22 83 0.04
23 83 0.04
27 83 0.04
31 83 0.04
32 83 0.04
57 83 0.04
67 83 0.04
80 83 0.04
85 83 0.04
103 83 0.04
112 83 0.04
119 83 0.04
121 83 0.04
122 83 0.04
130 83 0.04
141 83 0.04
147 83 0.04
148 83 0.04
159 83 0.04
161 83 0.04
1 85 0.030303
7 85 0.030303
9 85 0.030303
12 85 0.030303
15 85 0.030303
16 85 0.030303
18 85 0.030303
24 85 0.030303
28 85 0.030303
35 85 0.030303
38 85 0.030303
49 85 0.030303
50 85 0.030303
56 85 0.030303
69 85 0.030303
70 85 0.030303
74 85 0.030303
76 85 0.030303
80 85 0.030303
83 85 0.030303
94 85 0.030303
107 85 0.030303
109 85 0.030303
112 85 0.030303
113 85 0.030303
122 85 0.030303
126 85 0.030303
131 85 0.030303
148 85 0.030303
150 85 0.030303
151 85 0.030303
161 85 0.030303
162 85 0.030303
1 86 0.0625
31 86 0.0625
34 86 0.0625
44 86 0.0625
73 86 0.0625
87 86 0.0625
94 86 0.0625
96 86 0.0625
101 86 0.0625
120 86 0.0625
121 86 0.0625
125 86 0.0625
132 86 0.0625
134 86 0.0625
137 86 0.0625
146 86 0.0625
1 87 0.045455
8 87 0.045455
15 87 0.045455
21 87 0.045455
27 87 0.045455
32 87 0.045455
39 87 0.045455
56 87 0.045455
61 87 0.045455
65 87 0.045455
66 87 0.045455
76 87 0.045455
80 87 0.045455
86 87 0.045455
91 87 0.045455
105 87 0.045455
111 87 0.045455
117 87 0.045455
129 87 0.045455
134 87 0.045455
136 87 0.045455
150 87 0.045455
1 99 0.04
3 99 0.04
4 99 0.04
14 99 0.04
20 99 0.04
35 99 0.04
43 99 0.04
55 99 0.04
63 99 0.04
72 99 0.04
74 99 0.04
77 99 0.04
79 99 0.04
81 99 0.04
82 99 0.04
90 99 0.04
97 99 0.04
119 99 0.04
124 99 0.04
125 99 0.04
129 99 0.04
136 99 0.04
141 99 0.04
143 99 0.04
161 99 0.04
1 113 0.045455
4 113 0.045455
7 113 0.045455
28 113 0.045455
31 113 0.045455
40 113 0.045455
50 113 0.045455
58 113 0.045455
61 113 0.045455
70 113 0.045455
79 113 0.045455
85 113 0.045455
88 113 0.045455
108 113 0.045455
110 113 0.045455
112 113 0.045455
119 113 0.045455
122 113 0.045455
136 113 0.045455
142 113 0.045455
159 113 0.045455
162 113 0.045455
1 116 0.058824
5 116 0.058824
7 116 0.058824
15 116 0.058824
35 116 0.058824
45 116 0.058824
66 116 0.058824
68 116 0.058824
71 116 0.058824
76 116 0.058824
92 116 0.058824
100 116 0.058824
105 116 0.058824
120 116 0.058824
139 116 0.058824
142 116 0.058824
157 116 0.058824
1 130 0.047619
18 130 0.047619
20 130 0.047619
23 130 0.047619
24 130 0.047619
25 130 0.047619
47 130 0.047619
50 130 0.047619
63 130 0.047619
83 130 0.047619
88 130 0.047619
111 130 0.047619
114 130 0.047619
120 130 0.047619
124 130 0.047619
140 130 0.047619
142 130 0.047619
143 130 0.047619
144 130 0.047619
150 130 0.047619
163 130 0.047619
1 137 0.037037
11 137 0.037037
12 137 0.037037
16 137 0.037037
17 137 0.037037
20 137 0.037037
24 137 0.037037
30 137 0.037037
35 137 0.037037
37 137 0.037037
40 137 0.037037
52 137 0.037037
67 137 0.037037
68 137 0.037037
79 137 0.037037
84 137 0.037037
86 137 0.037037
94 137 0.037037
96 137 0.037037
98 137 0.037037
115 137 0.037037
120 137 0.037037
142 137 0.037037
144 137 0.037037
146 137 0.037037
147 137 0.037037
150 137 0.037037
1 163 0.037037
7 163 0.037037
17 163 0.037037
22 163 0.037037
23 163 0.037037
27 163 0.037037
29 163 0.037037
43 163 0.037037
45 163 0.037037
48 163 0.037037
54 163 0.037037
62 163 0.037037
74 163 0.037037
79 163 0.037037
81 163 0.037037
82 163 0.037037
95 163 0.037037
104 163 0.037037
114 163 0.037037
115 163 0.037037
120 163 0.037037
130 163 0.037037
131 163 0.037037
144 163 0.037037
154 163 0.037037
158 163 0.037037
162 163 0.037037
2 3 0.04
5 3 0.04
7 3 0.04
12 3 0.04
20 3 0.04
21 3 0.04
38 3 0.04
44 3 0.04
56 3 0.04
57 3 0.04
62 3 0.04
73 3 0.04
77 3 0.04
80 3 0.04
83 3 0.04
89 3 0.04
99 3 0.04
104 3 0.04
124 3 0.04
131 3 0.04
132 3 0.04
136 3 0.04
144 3 0.04
154 3 0.04
156 3 0.04
2 7 0.047619
3 7 0.047619
6 7 0.047619
12 7 0.047619
17 7 0.047619
24 7 0.047619
25 7 0.047619
30 7 0.047619
43 7 0.047619
51 7 0.047619
57 7 0.047619
85 7 0.047619
97 7 0.047619
113 7 0.047619
116 7 0.047619
121 7 0.047619
129 7 0.047619
133 7 0.047619
154 7 0.047619
161 7 0.047619
163 7 0.047619
2 9 0.045455
5 9 0.045455
6 9 0.045455
17 9 0.045455
20 9 0.045455
22 9 0.045455
40 9 0.045455
43 9 0.045455
50 9 0.045455
56 9 0.045455
60 9 0.045455
71 9 0.045455
82 9 0.045455
85 9 0.045455
112 9 0.045455
119 9 0.045455
123 9 0.045455
129 9 0.045455
140 9 0.045455
145 9 0.045455
149 9 0.045455
154 9 0.045455
2 10 0.041667
8 10 0.041667
13 10 0.041667
16 10 0.041667
27 10 0.041667
30 10 0.041667
31 10 0.041667
34 10 0.041667
42 10 0.041667
46 10 0.041667
52 10 0.041667
56 10 0.041667
79 10 0.041667
95 10 0.041667
103 10 0.041667
109 10 0.041667
115 10 0.041667
133 10 0.041667
139 10 0.041667
151 10 0.041667
152 10 0.041667
153 10 0.041667
154 10 0.041667
155 10 0.041667
2 13 0.052632
10 13 0.052632
20 13 0.052632
31 13 0.052632
50 13 0.052632
51 13 0.052632
60 13 0.052632
67 13 0.052632
69 13 0.052632
78 13 0.052632
81 13 0.052632
97 13 0.052632
125 13 0.052632
129 13 0.052632
133 13 0.052632
141 13 0.052632
144 13 0.052632
155 13 0.052632
157 13 0.052632
2 15 0.034483
6 15 0.034483
12 15 0.034483
17 15 0.034483
32 15 0.034483
40 15 0.034483
43 15 0.034483
45 15 0.034483
59 15 0.034483
60 15 0.034483
67 15 0.034483
76 15 0.034483
79 15 0.034483
85 15 0.034483
87 15 0.034483
89 15 0.034483
102 15 0.034483
108 15 0.034483
116 15 0.034483
125 15 0.034483
128 15 0.034483
131 15 0.034483
133 15 0.034483
134 15 0.034483
138 15 0.034483
140 15 0.034483
141 15 0.034483
144 15 0.034483
158 15 0.034483
2 25 0.043478
6 25 0.043478
7 25 0.043478
14 25 0.043478
17 25 0.043478
18 25 0.043478
20 25 0.043478
28 25 0.043478
33 25 0.043478
43 25 0.043478
63 25 0.043478
64 25 0.043478
66 25 0.043478
70 25 0.043478
82 25 0.043478
90 25 0.043478
103 25 0.043478
117 25 0.043478
120 25 0.043478
126 25 0.043478
130 25 0.043478
147 25 0.043478
154 25 0.043478
2 29 0.034483
4 29 0.034483
17 29 0.034483
22 29 0.034483
26 29 0.034483
42 29 0.034483
60 29 0.034483
63 29 0.034483
69 29 0.034483
72 29 0.034483
73 29 0.034483
74 29 0.034483
76 29 0.034483
95 29 0.034483
105 29 0.034483
106 29 0.034483
117 29 0.034483
119 29 0.034483
123 29 0.034483
128 29 0.034483
132 29 0.034483
139 29 0.034483
145 29 0.034483
148 29 0.034483
153 29 0.034483
154 29 0.034483
159 29 0.034483
160 29 0.034483
163 29 0.034483
2 43 0.038462
7 43 0.038462
9 43 0.038462
15 43 0.038462
22 43 0.038462
24 43 0.038462
25 43 0.038462
56 43 0.038462
70 43 0.038462
71 43 0.038462
76 43 0.038462
89 43 0.038462
92 43 0.038462
99 43 0.038462
101 43 0.038462
105 43 0.038462
107 43 0.038462
108 43 0.038462
124 43 0.038462
126 43 0.038462
127 43 0.038462
132 43 0.038462
134 43 0.038462
141 43 0.038462
145 43 0.038462
163 43 0.038462
2 50 0.03125
9 50 0.03125
11 50 0.03125
13 50 0.03125
22 50 0.03125
36 50 0.03125
55 50 0.03125
64 50 0.03125
75 50 0.03125
80 50 0.03125
84 50 0.03125
85 50 0.03125
92 50 0.03125
93 50 0.03125
97 50 0.03125
98 50 0.03125
101 50 0.03125
106 50 0.03125
107 50 0.03125
112 50 0.03125
113 50 0.03125
117 50 0.03125
118 50 0.03125
120 50 0.03125
121 50 0.03125
123 50 0.03125
125 50 0.03125
130 50 0.03125
135 50 0.03125
136 50 0.03125
141 50 0.03125
147 50 0.03125
2 74 0.034483
4 74 0.034483
11 74 0.034483
12 74 0.034483
29 74 0.034483
36 74 0.034483
40 74 0.034483
41 74 0.034483
53 74 0.034483
54 74 0.034483
75 74 0.034483
78 74 0.034483
84 74 0.034483
85 74 0.034483
91 74 0.034483
94 74 0.034483
99 74 0.034483
100 74 0.034483
107 74 0.034483
109 74 0.034483
118 74 0.034483
135 74 0.034483
136 74 0.034483
141 74 0.034483
148 74 0.034483
149 74 0.034483
153 74 0.034483
159 74 0.034483
163 74 0.034483
2 81 0.071429
4 81 0.071429
13 81 0.071429
18 81 0.071429
27 81 0.071429
39 81 0.071429
45 81 0.071429
99 81 0.071429
107 81 0.071429
122 81 0.071429
129 81 0.071429
134 81 0.071429
159 81 0.071429
163 81 0.071429
2 100 0.034483
5 100 0.034483
26 100 0.034483
28 100 0.034483
32 100 0.034483
34 100 0.034483
56 100 0.034483
59 100 0.034483
61 100 0.034483
71 100 0.034483
72 100 0.034483
74 100 0.034483
88 100 0.034483
91 100 0.034483
95 100 0.034483
103 100 0.034483
108 100 0.034483
112 100 0.034483
114 100 0.034483
116 100 0.034483
117 100 0.034483
135 100 0.034483
141 100 0.034483
143 100 0.034483
149 100 0.034483
151 100 0.034483
152 100 0.034483
153 100 0.034483
156 100 0.034483
2 103 0.030303
8 103 0.030303
10 103 0.030303
12 103 0.030303
18 103 0.030303
19 103 0.030303
22 103 0.030303
23 103 0.030303
25 103 0.030303
30 103 0.030303
35 103 0.030303
38 103 0.030303
51 103 0.030303
61 103 0.030303
63 103 0.030303
72 103 0.030303
73 103 0.030303
77 103 0.030303
83 103 0.030303
84 103 0.030303
88 103 0.030303
89 103 0.030303
97 103 0.030303
98 103 0.030303
100 103 0.030303
102 103 0.030303
107 103 0.030303
122 103 0.030303
125 103 0.030303
144 103 0.030303
145 103 0.030303
147 103 0.030303
150 103 0.030303
2 108 0.030303
8 108 0.030303
11 108 0.030303
15 108 0.030303
26 108 0.030303
28 108 0.030303
33 108 0.030303
39 108 0.030303
43 108 0.030303
49 108 0.030303
51 108 0.030303
53 108 0.030303
54 108 0.030303
67 108 0.030303
68 108 0.030303
70 108 0.030303
75 108 0.030303
80 108 0.030303
94 108 0.030303
95 108 0.030303
97 108 0.030303
98 108 0.030303
100 108 0.030303
109 108 0.030303
111 108 0.030303
113 108 0.030303
119 108 0.030303
120 108 0.030303
132 108 0.030303
142 108 0.030303
143 108 0.030303
149 108 0.030303
151 108 0.030303
2 124 0.043478
3 124 0.043478
5 124 0.043478
11 124 0.043478
12 124 0.043478
14 124 0.043478
17 124 0.043478
32 124 0.043478
34 124 0.043478
37 124 0.043478
43 124 0.043478
67 124 0.043478
70 124 0.043478
79 124 0.043478
91 124 0.043478
99 124 0.043478
102 124 0.043478
112 124 0.043478
130 124 0.043478
132 124 0.043478
143 124 0.043478
145 124 0.043478
153 124 0.043478
2 129 0.038462
7 129 0.038462
9 129 0.038462
13 129 0.038462
18 129 0.038462
19 129 0.038462
32 129 0.038462
34 129 0.038462
35 129 0.038462
47 129 0.038462
53 129 0.038462
58 129 0.038462
63 129 0.038462
81 129 0.038462
87 129 0.038462
88 129 0.038462
93 129 0.038462
99 129 0.038462
115 129 0.038462
117 129 0.038462
119 129 0.038462
122 129 0.038462
125 129 0.038462
133 129 0.038462
139 129 0.038462
152 129 0.038462
2 159 0.045455
4 159 0.045455
12 159 0.045455
14 159 0.045455
17 159 0.045455
18 159 0.045455
29 159 0.045455
54 159 0.045455
56 159 0.045455
67 159 0.045455
71 159 0.045455
74 159 0.045455
79 159 0.045455
81 159 0.045455
83 159 0.045455
94 159 0.045455
105 159 0.045455
113 159 0.045455
123 159 0.045455
141 159 0.045455
149 159 0.045455
151 159 0.045455
3 5 0.035714
9 5 0.035714
11 5 0.035714
17 5 0.035714
21 5 0.035714
28 5 0.035714
49 5 0.035714
60 5 0.035714
63 5 0.035714
73 5 0.035714
76 5 0.035714
82 5 0.035714
83 5 0.035714
91 5 0.035714
100 5 0.035714
116 5 0.035714
119 5 0.035714
124 5 0.035714
125 5 0.035714
135 5 0.035714
138 5 0.035714
140 5 0.035714
142 5 0.035714
147 5 0.035714
152 5 0.035714
154 5 0.035714
158 5 0.035714
162 5 0.035714
3 20 0.041667
9 20 0.041667
13 20 0.041667
21 20 0.041667
25 20 0.041667
27 20 0.041667
33 20 0.041667
36 20 0.041667
38 20 0.041667
51 20 0.041667
54 20 0.041667
55 20 0.041667
64 20 0.041667
65 20 0.041667
99 20 0.041667
105 20 0.041667
111 20 0.041667
118 20 0.041667
121 20 0.041667
130 20 0.041667
137 20 0.041667
147 20 0.041667
155 20 0.041667
160 20 0.041667
3 21 0.034483
5 21 0.034483
12 21 0.034483
14 21 0.034483
20 21 0.034483
33 21 0.034483
34 21 0.034483
39 21 0.034483
62 21 0.034483
63 21 0.034483
64 21 0.034483
67 21 0.034483
68 21 0.034483
80 21 0.034483
87 21 0.034483
95 21 0.034483
104 21 0.034483
109 21 0.034483
111 21 0.034483
112 21 0.034483
114 21 0.034483
125 21 0.034483
131 21 0.034483
134 21 0.034483
144 21 0.034483
151 21 0.034483
158 21 0.034483
160 21 0.034483
161 21 0.034483
3 38 0.037037
4 38 0.037037
11 38 0.037037
19 38 0.037037
20 38 0.037037
27 38 0.037037
46 38 0.037037
49 38 0.037037
51 38 0.037037
52 38 0.037037
58 38 0.037037
62 38 0.037037
71 38 0.037037
72 38 0.037037
85 38 0.037037
90 38 0.037037
94 38 0.037037
96 38 0.037037
103 38 0.037037
118 38 0.037037
120 38 0.037037
139 38 0.037037
142 38 0.037037
147 38 0.037037
154 38 0.037037
161 38 0.037037
162 38 0.037037
3 56 0.04
9 56 0.04
10 56 0.04
27 56 0.04
28 56 0.04
43 56 0.04
44 56 0.04
47 56 0.04
52 56 0.04
58 56 0.04
66 56 0.04
78 56 0.04
79 56 0.04
85 56 0.04
87 56 0.04
100 56 0.04
112 56 0.04
117 56 0.04
125 56 0.04
136 56 0.04
141 56 0.04
142 56 0.04
145 56 0.04
146 56 0.04
159 56 0.04
3 57 0.045455
7 57 0.045455
16 57 0.045455
35 57 0.045455
39 57 0.045455
44 57 0.045455
48 57 0.045455
52 57 0.045455
58 57 0.045455
64 57 0.045455
83 57 0.045455
97 57 0.045455
102 57 0.045455
107 57 0.045455
119 57 0.045455
132 57 0.045455
138 57 0.045455
146 57 0.045455
154 57 0.045455
158 57 0.045455
161 57 0.045455
162 57 0.045455
3 73 0.034483
5 73 0.034483
14 73 0.034483
16 73 0.034483
18 73 0.034483
24 73 0.034483
28 73 0.034483
29 73 0.034483
41 73 0.034483
52 73 0.034483
54 73 0.034483
61 73 0.034483
65 73 0.034483
76 73 0.034483
78 73 0.034483
79 73 0.034483
86 73 0.034483
101 73 0.034483
103 73 0.034483
118 73 0.034483
119 73 0.034483
121 73 0.034483
136 73 0.034483
138 73 0.034483
143 73 0.034483
147 73 0.034483
150 73 0.034483
152 73 0.034483
156 73 0.034483
3 77 0.05
23 77 0.05
36 77 0.05
42 77 0.05
52 77 0.05
66 77 0.05
70 77 0.05
99 77 0.05
103 77 0.05
104 77 0.05
110 77 0.05
111 77 0.05
123 77 0.05
126 77 0.05
136 77 0.05
148 77 0.05
153 77 0.05
155 77 0.05
157 77 0.05
162 77 0.05
3 80 0.033333
11 80 0.033333
12 80 0.033333
21 80 0.033333
34 80 0.033333
39 80 0.033333
47 80 0.033333
50 80 0.033333
53 80 0.033333
58 80 0.033333
65 80 0.033333
71 80 0.033333
75 80 0.033333
83 80 0.033333
84 80 0.033333
85 80 0.033333
87 80 0.033333
93 80 0.033333
98 80 0.033333
101 80 0.033333
108 80 0.033333
111 80 0.033333
114 80 0.033333
118 80 0.033333
121 80 0.033333
125 80 0.033333
147 80 0.033333
149 80 0.033333
156 80 0.033333
161 80 0.033333
3 89 0.035714
4 89 0.035714
8 89 0.035714
12 89 0.035714
15 89 0.035714
17 89 0.035714
19 89 0.035714
22 89 0.035714
35 89 0.035714
43 89 0.035714
44 89 0.035714
53 89 0.035714
54 89 0.035714
59 89 0.035714
65 89 0.035714
71 89 0.035714
78 89 0.035714
88 89 0.035714
93 89 0.035714
103 89 0.035714
106 89 0.035714
114 89 0.035714
120 89 0.035714
128 89 0.035714
139 89 0.035714
146 89 0.035714
154 89 0.035714
156 89 0.035714
3 104 0.052632
6 104 0.052632
21 104 0.052632
27 104 0.052632
46 104 0.052632
49 104 0.052632
63 104 0.052632
66 104 0.052632
70 104 0.052632
71 104 0.052632
77 104 0.052632
79 104 0.052632
120 104 0.052632
123 104 0.052632
131 104 0.052632
142 104 0.052632
153 104 0.052632
161 104 0.052632
163 104 0.052632
3 131 0.05
15 131 0.05
17 131 0.05
21 131 0.05
47 131 0.05
55 131 0.05
67 131 0.05
69 131 0.05
70 131 0.05
78 131 0.05
84 131 0.05
85 131 0.05
94 131 0.05
98 131 0.05
104 131 0.05
111 131 0.05
149 131 0.05
153 131 0.05
156 131 0.05
163 131 0.05
3 132 0.041667
11 132 0.041667
16 132 0.041667
17 132 0.041667
19 132 0.041667
22 132 0.041667
29 132 0.041667
39 132 0.041667
41 132 0.041667
43 132 0.041667
57 132 0.041667
58 132 0.041667
66 132 0.041667
72 132 0.041667
78 132 0.041667
86 132 0.041667
93 132 0.041667
105 132 0.041667
108 132 0.041667
109 132 0.041667
122 132 0.041667
124 132 0.041667
152 132 0.041667
154 132 0.041667
3 136 0.035714
19 136 0.035714
34 136 0.035714
35 136 0.035714
42 136 0.035714
45 136 0.035714
50 136 0.035714
56 136 0.035714
60 136 0.035714
62 136 0.035714
69 136 0.035714
73 136 0.035714
74 136 0.035714
77 136 0.035714
87 136 0.035714
90 136 0.035714
91 136 0.035714
93 136 0.035714
99 136 0.035714
110 136 0.035714
113 136 0.035714
118 136 0.035714
119 136 0.035714
127 136 0.035714
133 136 0.035714
148 136 0.035714
151 136 0.035714
160 136 0.035714
3 144 0.037037
11 144 0.037037
13 144 0.037037
15 144 0.037037
21 144 0.037037
27 144 0.037037
37 144 0.037037
46 144 0.037037
47 144 0.037037
49 144 0.037037
51 144 0.037037
52 144 0.037037
61 144 0.037037
78 144 0.037037
82 144 0.037037
101 144 0.037037
103 144 0.037037
111 144 0.037037
115 144 0.037037
130 144 0.037037
133 144 0.037037
137 144 0.037037
140 144 0.037037
150 144 0.037037
152 144 0.037037
157 144 0.037037
163 144 0.037037
3 154 0.032258
5 154 0.032258
7 154 0.032258
9 154 0.032258
10 154 0.032258
19 154 0.032258
23 154 0.032258
25 154 0.032258
29 154 0.032258
32 154 0.032258
38 154 0.032258
42 154 0.032258
45 154 0.032258
47 154 0.032258
51 154 0.032258
55 154 0.032258
57 154 0.032258
61 154 0.032258
63 154 0.032258
82 154 0.032258
89 154 0.032258
90 154 0.032258
109 154 0.032258
111 154 0.032258
115 154 0.032258
122 154 0.032258
132 154 0.032258
134 154 0.032258
135 154 0.032258
151 154 0.032258
163 154 0.032258
4 35 0.033333
14 35 0.033333
22 35 0.033333
23 35 0.033333
34 35 0.033333
37 35 0.033333
47 35 0.033333
48 35 0.033333
55 35 0.033333
57 35 0.033333
70 35 0.033333
85 35 0.033333
89 35 0.033333
91 35 0.033333
97 35 0.033333
99 35 0.033333
101 35 0.033333
103 35 0.033333
110 35 0.033333
111 35 0.033333
114 35 0.033333
116 35 0.033333
119 35 0.033333
127 35 0.033333
129 35 0.033333
135 35 0.033333
136 35 0.033333
137 35 0.033333
143 35 0.033333
151 35 0.033333
4 47 0.030303
6 47 0.030303
23 47 0.030303
27 47 0.030303
35 47 0.030303
40 47 0.030303
44 47 0.030303
54 47 0.030303
55 47 0.030303
56 47 0.030303
59 47 0.030303
60 47 0.030303
65 47 0.030303
67 47 0.030303
72 47 0.030303
80 47 0.030303
84 47 0.030303
90 47 0.030303
102 47 0.030303
107 47 0.030303
111 47 0.030303
115 47 0.030303
117 47 0.030303
129 47 0.030303
130 47 0.030303
131 47 0.030303
133 47 0.030303
139 47 0.030303
144 47 0.030303
148 47 0.030303
154 47 0.030303
155 47 0.030303
160 47 0.030303
4 51 0.04
7 51 0.04
12 51 0.04
13 51 0.04
20 51 0.04
30 51 0.04
34 51 0.04
38 51 0.04
49 51 0.04
53 51 0.04
60 51 0.04
64 51 0.04
103 51 0.04
107 51 0.04
108 51 0.04
111 51 0.04
121 51 0.04
123 51 0.04
127 51 0.04
138 51 0.04
144 51 0.04
147 51 0.04
154 51 0.04
157 51 0.04
162 51 0.04
4 55 0.038462
14 55 0.038462
16 55 0.038462
20 55 0.038462
23 55 0.038462
35 55 0.038462
45 55 0.038462
47 55 0.038462
48 55 0.038462
49 55 0.038462
50 55 0.038462
64 55 0.038462
71 55 0.038462
84 55 0.038462
88 55 0.038462
99 55 0.038462
105 55 0.038462
119 55 0.038462
125 55 0.038462
127 55 0.038462
131 55 0.038462
139 55 0.038462
148 55 0.038462
154 55 0.038462
156 55 0.038462
162 55 0.038462
4 94 0.041667
38 94 0.041667
41 94 0.041667
44 94 0.041667
45 94 0.041667
46 94 0.041667
59 94 0.041667
63 94 0.041667
74 94 0.041667
75 94 0.041667
85 94 0.041667
86 94 0.041667
95 94 0.041667
97 94 0.041667
108 94 0.041667
115 94 0.041667
120 94 0.041667
131 94 0.041667
137 94 0.041667
141 94 0.041667
149 94 0.041667
151 94 0.041667
156 94 0.041667
159 94 0.041667
4 119 0.034483
5 119 0.034483
9 119 0.034483
18 119 0.034483
19 119 0.034483
26 119 0.034483
29 119 0.034483
31 119 0.034483
35 119 0.034483
39 119 0.034483
46 119 0.034483
55 119 0.034483
57 119 0.034483
59 119 0.034483
63 119 0.034483
73 119 0.034483
83 119 0.034483
99 119 0.034483
105 119 0.034483
108 119 0.034483
110 119 0.034483
113 119 0.034483
115 119 0.034483
127 119 0.034483
129 119 0.034483
136 119 0.034483
138 119 0.034483
142 119 0.034483
160 119 0.034483
4 152 0.032258
5 152 0.032258
10 152 0.032258
16 152 0.032258
24 152 0.032258
28 152 0.032258
42 152 0.032258
44 152 0.032258
46 152 0.032258
60 152 0.032258
63 152 0.032258
65 152 0.032258
66 152 0.032258
68 152 0.032258
69 152 0.032258
70 152 0.032258
73 152 0.032258
76 152 0.032258
84 152 0.032258
96 152 0.032258
97 152 0.032258
100 152 0.032258
102 152 0.032258
107 152 0.032258
112 152 0.032258
129 152 0.032258
132 152 0.032258
143 152 0.032258
144 152 0.032258
149 152 0.032258
153 152 0.032258
4 160 0.033333
12 160 0.033333
20 160 0.033333
21 160 0.033333
26 160 0.033333
27 160 0.033333
29 160 0.033333
30 160 0.033333
34 160 0.033333
45 160 0.033333
47 160 0.033333
53 160 0.033333
58 160 0.033333
62 160 0.033333
63 160 0.033333
71 160 0.033333
90 160 0.033333
93 160 0.033333
102 160 0.033333
110 160 0.033333
119 160 0.033333
126 160 0.033333
135 160 0.033333
136 160 0.033333
148 160 0.033333
150 160 0.033333
151 160 0.033333
153 160 0.033333
158 160 0.033333
161 160 0.033333
4 162 0.035714
5 162 0.035714
6 162 0.035714
11 162 0.035714
14 162 0.035714
18 162 0.035714
19 162 0.035714
36 162 0.035714
37 162 0.035714
38 162 0.035714
44 162 0.035714
51 162 0.035714
52 162 0.035714
55 162 0.035714
57 162 0.035714
59 162 0.035714
60 162 0.035714
63 162 0.035714
67 162 0.035714
75 162 0.035714
77 162 0.035714
85 162 0.035714
88 162 0.035714
101 162 0.035714
113 162 0.035714
139 162 0.035714
140 162 0.035714
163 162 0.035714
5 17 0.037037
7 17 0.037037
9 17 0.037037
15 17 0.037037
25 17 0.037037
26 17 0.037037
28 17 0.037037
29 17 0.037037
37 17 0.037037
58 17 0.037037
68 17 0.037037
89 17 0.037037
101 17 0.037037
106 17 0.037037
110 17 0.037037
121 17 0.037037
124 17 0.037037
128 17 0.037037
131 17 0.037037
132 17 0.037037
134 17 0.037037
137 17 0.037037
146 17 0.037037
149 17 0.037037
155 17 0.037037
159 17 0.037037
163 17 0.037037
5 49 0.037037
27 49 0.037037
31 49 0.037037
36 49 0.037037
38 49 0.037037
42 49 0.037037
44 49 0.037037
45 49 0.037037
51 49 0.037037
53 49 0.037037
55 49 0.037037
59 49 0.037037
64 49 0.037037
65 49 0.037037
76 49 0.037037
79 49 0.037037
84 49 0.037037
85 49 0.037037
93 49 0.037037
104 49 0.037037
106 49 0.037037
107 49 0.037037
108 49 0.037037
144 49 0.037037
145 49 0.037037
148 49 0.037037
155 49 0.037037
5 63 0.032258
8 63 0.032258
19 63 0.032258
21 63 0.032258
22 63 0.032258
25 63 0.032258
29 63 0.032258
37 63 0.032258
69 63 0.032258
72 63 0.032258
78 63 0.032258
88 63 0.032258
90 63 0.032258
94 63 0.032258
96 63 0.032258
99 63 0.032258
103 63 0.032258
104 63 0.032258
118 63 0.032258
119 63 0.032258
122 63 0.032258
129 63 0.032258
130 63 0.032258
142 63 0.032258
149 63 0.032258
152 63 0.032258
154 63 0.032258
155 63 0.032258
156 63 0.032258
160 63 0.032258
162 63 0.032258
5 76 0.037037
15 76 0.037037
19 76 0.037037
29 76 0.037037
30 76 0.037037
34 76 0.037037
40 76 0.037037
42 76 0.037037
43 76 0.037037
49 76 0.037037
53 76 0.037037
68 76 0.037037
73 76 0.037037
82 76 0.037037
85 76 0.037037
87 76 0.037037
96 76 0.037037
102 76 0.037037
112 76 0.037037
115 76 0.037037
116 76 0.037037
133 76 0.037037
139 76 0.037037
143 76 0.037037
150 76 0.037037
152 76 0.037037
156 76 0.037037
5 91 0.041667
26 91 0.041667
34 91 0.041667
35 91 0.041667
37 91 0.041667
40 91 0.041667
41 91 0.041667
54 91 0.041667
69 91 0.041667
74 91 0.041667
78 91 0.041667
87 91 0.041667
88 91 0.041667
96 91 0.041667
100 91 0.041667
101 91 0.041667
109 91 0.041667
112 91 0.041667
114 91 0.041667
117 91 0.041667
121 91 0.041667
124 91 0.041667
136 91 0.041667
141 91 0.041667
5 125 0.038462
13 125 0.038462
15 125 0.038462
21 125 0.038462
30 125 0.038462
50 125 0.038462
55 125 0.038462
56 125 0.038462
75 125 0.038462
80 125 0.038462
86 125 0.038462
90 125 0.038462
92 125 0.038462
95 125 0.038462
99 125 0.038462
103 125 0.038462
106 125 0.038462
109 125 0.038462
111 125 0.038462
115 125 0.038462
118 125 0.038462
123 125 0.038462
129 125 0.038462
135 125 0.038462
149 125 0.038462
157 125 0.038462
5 135 0.045455
14 135 0.045455
16 135 0.045455
24 135 0.045455
30 135 0.045455
33 135 0.045455
35 135 0.045455
36 135 0.045455
37 135 0.045455
50 135 0.045455
52 135 0.045455
58 135 0.045455
67 135 0.045455
74 135 0.045455
95 135 0.045455
96 135 0.045455
100 135 0.045455
112 135 0.045455
125 135 0.045455
154 135 0.045455
160 135 0.045455
161 135 0.045455
5 138 0.05
6 138 0.05
8 138 0.05
15 138 0.05
18 138 0.05
27 138 0.05
36 138 0.05
51 138 0.05
53 138 0.05
57 138 0.05
66 138 0.05
71 138 0.05
73 138 0.05
78 138 0.05
96 138 0.05
101 138 0.05
105 138 0.05
107 138 0.05
112 138 0.05
119 138 0.05
5 140 0.055556
9 140 0.055556
15 140 0.055556
31 140 0.055556
32 140 0.055556
33 140 0.055556
39 140 0.055556
42 140 0.055556
45 140 0.055556
52 140 0.055556
58 140 0.055556
110 140 0.055556
115 140 0.055556
130 140 0.055556
144 140 0.055556
153 140 0.055556
158 140 0.055556
162 140 0.055556
5 142 0.041667
11 142 0.041667
12 142 0.041667
30 142 0.041667
31 142 0.041667
37 142 0.041667
38 142 0.041667
39 142 0.041667
56 142 0.041667
62 142 0.041667
63 142 0.041667
104 142 0.041667
108 142 0.041667
113 142 0.041667
115 142 0.041667
116 142 0.041667
118 142 0.041667
119 142 0.041667
120 142 0.041667
130 142 0.041667
137 142 0.041667
141 142 0.041667
149 142 0.041667
151 142 0.041667
5 147 0.032258
20 147 0.032258
25 147 0.032258
28 147 0.032258
38 147 0.032258
50 147 0.032258
51 147 0.032258
52 147 0.032258
53 147 0.032258
62 147 0.032258
64 147 0.032258
71 147 0.032258
73 147 0.032258
75 147 0.032258
79 147 0.032258
80 147 0.032258
82 147 0.032258
83 147 0.032258
90 147 0.032258
98 147 0.032258
103 147 0.032258
110 147 0.032258
111 147 0.032258
122 147 0.032258
128 147 0.032258
133 147 0.032258
137 147 0.032258
139 147 0.032258
143 147 0.032258
149 147 0.032258
157 147 0.032258
5 158 0.047619
15 158 0.047619
16 158 0.047619
21 158 0.047619
22 158 0.047619
36 158 0.047619
37 158 0.047619
48 158 0.047619
57 158 0.047619
60 158 0.047619
67 158 0.047619
88 158 0.047619
101 158 0.047619
106 158 0.047619
107 158 0.047619
140 158 0.047619
145 158 0.047619
156 158 0.047619
157 158 0.047619
160 158 0.047619
163 158 0.047619
6 16 0.037037
8 16 0.037037
10 16 0.037037
11 16 0.037037
41 16 0.037037
55 16 0.037037
57 16 0.037037
58 16 0.037037
73 16 0.037037
78 16 0.037037
84 16 0.037037
85 16 0.037037
93 16 0.037037
109 16 0.037037
121 16 0.037037
126 16 0.037037
132 16 0.037037
135 16 0.037037
137 16 0.037037
141 16 0.037037
145 16 0.037037
146 16 0.037037
148 16 0.037037
149 16 0.037037
152 16 0.037037
153 16 0.037037
158 16 0.037037
6 34 0.03125
8 34 0.03125
10 34 0.03125
11 34 0.03125
12 34 0.03125
21 34 0.03125
22 34 0.03125
23 34 0.03125
26 34 0.03125
35 34 0.03125
39 34 0.03125
45 34 0.03125
51 34 0.03125
58 34 0.03125
65 34 0.03125
76 34 0.03125
80 34 0.03125
82 34 0.03125
86 34 0.03125
91 34 0.03125
93 34 0.03125
96 34 0.03125
100 34 0.03125
101 34 0.03125
106 34 0.03125
118 34 0.03125
124 34 0.03125
129 34 0.03125
133 34 0.03125
136 34 0.03125
139 34 0.03125
160 34 0.03125
6 68 0.04
17 68 0.04
18 68 0.04
21 68 0.04
22 68 0.04
24 68 0.04
36 68 0.04
39 68 0.04
41 68 0.04
48 68 0.04
65 68 0.04
71 68 0.04
76 68 0.04
88 68 0.04
105 68 0.04
108 68 0.04
116 68 0.04
118 68 0.04
120 68 0.04
122 68 0.04
134 68 0.04
137 68 0.04
150 68 0.04
152 68 0.04
155 68 0.04
6 101 0.04
11 101 0.04
17 101 0.04
27 101 0.04
34 101 0.04
35 101 0.04
36 101 0.04
43 101 0.04
50 101 0.04
73 101 0.04
78 101 0.04
80 101 0.04
86 101 0.04
88 101 0.04
91 101 0.04
105 101 0.04
107 101 0.04
133 101 0.04
138 101 0.04
141 101 0.04
143 101 0.04
144 101 0.04
150 101 0.04
158 101 0.04
162 101 0.04
6 115 0.028571
10 115 0.028571
24 115 0.028571
36 115 0.028571
44 115 0.028571
47 115 0.028571
48 115 0.028571
52 115 0.028571
53 115 0.028571
70 115 0.028571
71 115 0.028571
76 115 0.028571
84 115 0.028571
88 115 0.028571
94 115 0.028571
102 115 0.028571
106 115 0.028571
109 115 0.028571
117 115 0.028571
119 115 0.028571
125 115 0.028571
129 115 0.028571
133 115 0.028571
137 115 0.028571
140 115 0.028571
142 115 0.028571
144 115 0.028571
145 115 0.028571
149 115 0.028571
150 115 0.028571
151 115 0.028571
154 115 0.028571
155 115 0.028571
157 115 0.028571
163 115 0.028571
6 134 0.04
12 134 0.04
15 134 0.04
17 134 0.04
18 134 0.04
19 134 0.04
21 134 0.04
31 134 0.04
43 134 0.04
46 134 0.04
53 134 0.04
59 134 0.04
64 134 0.04
68 134 0.04
78 134 0.04
81 134 0.04
86 134 0.04
87 134 0.04
88 134 0.04
90 134 0.04
95 134 0.04
110 134 0.04
120 134 0.04
145 134 0.04
154 134 0.04
6 149 0.033333
9 149 0.033333
12 149 0.033333
16 149 0.033333
17 149 0.033333
26 149 0.033333
30 149 0.033333
48 149 0.033333
53 149 0.033333
63 149 0.033333
74 149 0.033333
80 149 0.033333
93 149 0.033333
94 149 0.033333
97 149 0.033333
100 149 0.033333
108 149 0.033333
111 149 0.033333
115 149 0.033333
117 149 0.033333
122 149 0.033333
123 149 0.033333
125 149 0.033333
131 149 0.033333
142 149 0.033333
147 149 0.033333
150 149 0.033333
152 149 0.033333
153 149 0.033333
159 149 0.033333
6 155 0.045455
10 155 0.045455
12 155 0.045455
13 155 0.045455
17 155 0.045455
20 155 0.045455
40 155 0.045455
47 155 0.045455
49 155 0.045455
63 155 0.045455
66 155 0.045455
67 155 0.045455
68 155 0.045455
70 155 0.045455
77 155 0.045455
78 155 0.045455
97 155 0.045455
106 155 0.045455
115 155 0.045455
139 155 0.045455
141 155 0.045455
161 155 0.045455
7 24 0.035714
11 24 0.035714
18 24 0.035714
31 24 0.035714
33 24 0.035714
43 24 0.035714
54 24 0.035714
58 24 0.035714
61 24 0.035714
68 24 0.035714
69 24 0.035714
70 24 0.035714
73 24 0.035714
82 24 0.035714
85 24 0.035714
93 24 0.035714
102 24 0.035714
109 24 0.035714
115 24 0.035714
117 24 0.035714
126 24 0.035714
130 24 0.035714
135 24 0.035714
137 24 0.035714
141 24 0.035714
152 24 0.035714
156 24 0.035714
161 24 0.035714
7 30 0.045455
10 30 0.045455
31 30 0.045455
39 30 0.045455
42 30 0.045455
45 30 0.045455
51 30 0.045455
53 30 0.045455
65 30 0.045455
76 30 0.045455
79 30 0.045455
84 30 0.045455
103 30 0.045455
125 30 0.045455
126 30 0.045455
135 30 0.045455
137 30 0.045455
142 30 0.045455
146 30 0.045455
149 30 0.045455
150 30 0.045455
160 30 0.045455
7 97 0.033333
13 97 0.033333
26 97 0.033333
35 97 0.033333
41 97 0.033333
42 97 0.033333
50 97 0.033333
53 97 0.033333
57 97 0.033333
61 97 0.033333
64 97 0.033333
66 97 0.033333
69 97 0.033333
84 97 0.033333
90 97 0.033333
94 97 0.033333
99 97 0.033333
103 97 0.033333
107 97 0.033333
108 97 0.033333
110 97 0.033333
121 97 0.033333
122 97 0.033333
127 97 0.033333
145 97 0.033333
146 97 0.033333
149 97 0.033333
152 97 0.033333
155 97 0.033333
156 97 0.033333
7 121 0.045455
16 121 0.045455
17 121 0.045455
20 121 0.045455
22 121 0.045455
50 121 0.045455
51 121 0.045455
61 121 0.045455
67 121 0.045455
69 121 0.045455
73 121 0.045455
75 121 0.045455
80 121 0.045455
83 121 0.045455
86 121 0.045455
88 121 0.045455
91 121 0.045455
97 121 0.045455
117 121 0.045455
143 121 0.045455
145 121 0.045455
157 121 0.045455
7 133 0.045455
10 133 0.045455
13 133 0.045455
14 133 0.045455
15 133 0.045455
34 133 0.045455
42 133 0.045455
47 133 0.045455
53 133 0.045455
58 133 0.045455
76 133 0.045455
78 133 0.045455
90 133 0.045455
92 133 0.045455
101 133 0.045455
106 133 0.045455
115 133 0.045455
129 133 0.045455
136 133 0.045455
143 133 0.045455
144 133 0.045455
147 133 0.045455
7 161 0.038462
11 161 0.038462
18 161 0.038462
21 161 0.038462
24 161 0.038462
26 161 0.038462
38 161 0.038462
45 161 0.038462
57 161 0.038462
60 161 0.038462
61 161 0.038462
75 161 0.038462
78 161 0.038462
80 161 0.038462
83 161 0.038462
85 161 0.038462
92 161 0.038462
96 161 0.038462
99 161 0.038462
104 161 0.038462
117 161 0.038462
118 161 0.038462
135 161 0.038462
139 161 0.038462
155 161 0.038462
160 161 0.038462
8 26 0.045455
17 26 0.045455
29 26 0.045455
33 26 0.045455
34 26 0.045455
36 26 0.045455
42 26 0.045455
48 26 0.045455
70 26 0.045455
75 26 0.045455
91 26 0.045455
97 26 0.045455
100 26 0.045455
105 26 0.045455
108 26 0.045455
112 26 0.045455
119 26 0.045455
120 26 0.045455
139 26 0.045455
149 26 0.045455
160 26 0.045455
161 26 0.045455
8 32 0.055556
14 32 0.055556
15 32 0.055556
22 32 0.055556
45 32 0.055556
61 32 0.055556
62 32 0.055556
64 32 0.055556
83 32 0.055556
87 32 0.055556
92 32 0.055556
96 32 0.055556
100 32 0.055556
124 32 0.055556
128 32 0.055556
129 32 0.055556
140 32 0.055556
154 32 0.055556
8 41 0.055556
16 41 0.055556
31 41 0.055556
42 41 0.055556
45 41 0.055556
46 41 0.055556
68 41 0.055556
73 41 0.055556
74 41 0.055556
75 41 0.055556
84 41 0.055556
91 41 0.055556
92 41 0.055556
94 41 0.055556
97 41 0.055556
127 41 0.055556
132 41 0.055556
146 41 0.055556
8 64 0.04
12 64 0.04
20 64 0.04
21 64 0.04
23 64 0.04
25 64 0.04
27 64 0.04
32 64 0.04
45 64 0.04
49 64 0.04
50 64 0.04
51 64 0.04
52 64 0.04
55 64 0.04
57 64 0.04
59 64 0.04
66 64 0.04
90 64 0.04
97 64 0.04
107 64 0.04
109 64 0.04
111 64 0.04
134 64 0.04
141 64 0.04
147 64 0.04
8 93 0.037037
12 93 0.037037
16 93 0.037037
22 93 0.037037
24 93 0.037037
34 93 0.037037
42 93 0.037037
44 93 0.037037
45 93 0.037037
46 93 0.037037
49 93 0.037037
50 93 0.037037
59 93 0.037037
70 93 0.037037
80 93 0.037037
89 93 0.037037
111 93 0.037037
126 93 0.037037
127 93 0.037037
129 93 0.037037
132 93 0.037037
136 93 0.037037
146 93 0.037037
148 93 0.037037
149 93 0.037037
157 93 0.037037
160 93 0.037037
8 120 0.043478
14 120 0.043478
25 120 0.043478
26 120 0.043478
27 120 0.043478
38 120 0.043478
50 120 0.043478
52 120 0.043478
68 120 0.043478
86 120 0.043478
89 120 0.043478
90 120 0.043478
94 120 0.043478
104 120 0.043478
108 120 0.043478
116 120 0.043478
122 120 0.043478
127 120 0.043478
130 120 0.043478
134 120 0.043478
137 120 0.043478
142 120 0.043478
163 120 0.043478
8 145 0.043478
9 145 0.043478
16 145 0.043478
22 145 0.043478
29 145 0.043478
43 145 0.043478
45 145 0.043478
49 145 0.043478
56 145 0.043478
71 145 0.043478
72 145 0.043478
79 145 0.043478
97 145 0.043478
103 145 0.043478
111 145 0.043478
115 145 0.043478
121 145 0.043478
123 145 0.043478
124 145 0.043478
134 145 0.043478
148 145 0.043478
157 145 0.043478
158 145 0.043478
8 151 0.047619
10 151 0.047619
21 151 0.047619
23 151 0.047619
35 151 0.047619
67 151 0.047619
78 151 0.047619
85 151 0.047619
92 151 0.047619
94 151 0.047619
100 151 0.047619
108 151 0.047619
111 151 0.047619
114 151 0.047619
115 151 0.047619
136 151 0.047619
142 151 0.047619
153 151 0.047619
154 151 0.047619
159 151 0.047619
160 151 0.047619
8 157 0.041667
11 157 0.041667
13 157 0.041667
18 157 0.041667
33 157 0.041667
51 157 0.041667
60 157 0.041667
67 157 0.041667
71 157 0.041667
77 157 0.041667
82 157 0.041667
93 157 0.041667
109 157 0.041667
110 157 0.041667
111 157 0.041667
115 157 0.041667
116 157 0.041667
118 157 0.041667
121 157 0.041667
125 157 0.041667
144 157 0.041667
145 157 0.041667
147 157 0.041667
158 157 0.041667
9 22 0.033333
11 22 0.033333
18 22 0.033333
27 22 0.033333
28 22 0.033333
29 22 0.033333
31 22 0.033333
32 22 0.033333
34 22 0.033333
35 22 0.033333
43 22 0.033333
50 22 0.033333
59 22 0.033333
63 22 0.033333
66 22 0.033333
68 22 0.033333
72 22 0.033333
82 22 0.033333
83 22 0.033333
89 22 0.033333
92 22 0.033333
93 22 0.033333
102 22 0.033333
103 22 0.033333
107 22 0.033333
121 22 0.033333
132 22 0.033333
145 22 0.033333
158 22 0.033333
163 22 0.033333
9 40 0.041667
15 40 0.041667
23 40 0.041667
33 40 0.041667
36 40 0.041667
37 40 0.041667
42 40 0.041667
45 40 0.041667
47 40 0.041667
62 40 0.041667
67 40 0.041667
71 40 0.041667
74 40 0.041667
76 40 0.041667
82 40 0.041667
84 40 0.041667
91 40 0.041667
110 40 0.041667
113 40 0.041667
122 40 0.041667
127 40 0.041667
137 40 0.041667
141 40 0.041667
155 40 0.041667
9 112 0.05
21 112 0.05
26 112 0.05
27 112 0.05
28 112 0.05
46 112 0.05
50 112 0.05
56 112 0.05
61 112 0.05
70 112 0.05
76 112 0.05
83 112 0.05
85 112 0.05
91 112 0.05
100 112 0.05
113 112 0.05
124 112 0.05
135 112 0.05
138 112 0.05
152 112 0.05
9 123 0.058824
29 123 0.058824
37 123 0.058824
39 123 0.058824
46 123 0.058824
50 123 0.058824
51 123 0.058824
66 123 0.058824
77 123 0.058824
104 123 0.058824
105 123 0.058824
125 123 0.058824
145 123 0.058824
146 123 0.058824
148 123 0.058824
149 123 0.058824
159 123 0.058824
10 31 0.037037
13 31 0.037037
22 31 0.037037
23 31 0.037037
24 31 0.037037
28 31 0.037037
30 31 0.037037
36 31 0.037037
37 31 0.037037
41 31 0.037037
46 31 0.037037
49 31 0.037037
52 31 0.037037
72 31 0.037037
78 31 0.037037
83 31 0.037037
86 31 0.037037
106 31 0.037037
107 31 0.037037
110 31 0.037037
113 31 0.037037
119 31 0.037037
134 31 0.037037
140 31 0.037037
142 31 0.037037
150 31 0.037037
156 31 0.037037
10 52 0.041667
12 52 0.041667
18 52 0.041667
31 52 0.041667
38 52 0.041667
48 52 0.041667
56 52 0.041667
57 52 0.041667
64 52 0.041667
72 52 0.041667
73 52 0.041667
77 52 0.041667
92 52 0.041667
107 52 0.041667
115 52 0.041667
120 52 0.041667
135 52 0.041667
137 52 0.041667
140 52 0.041667
144 52 0.041667
146 52 0.041667
147 52 0.041667
156 52 0.041667
162 52 0.041667
10 95 0.071429
21 95 0.071429
28 95 0.071429
29 95 0.071429
67 95 0.071429
94 95 0.071429
100 95 0.071429
108 95 0.071429
122 95 0.071429
125 95 0.071429
128 95 0.071429
134 95 0.071429
135 95 0.071429
163 95 0.071429
10 109 0.041667
16 109 0.041667
21 109 0.041667
24 109 0.041667
36 109 0.041667
60 109 0.041667
61 109 0.041667
64 109 0.041667
70 109 0.041667
72 109 0.041667
74 109 0.041667
85 109 0.041667
91 109 0.041667
102 109 0.041667
105 109 0.041667
106 109 0.041667
108 109 0.041667
115 109 0.041667
117 109 0.041667
125 109 0.041667
132 109 0.041667
148 109 0.041667
154 109 0.041667
157 109 0.041667
10 153 0.071429
16 153 0.071429
29 153 0.071429
74 153 0.071429
77 153 0.071429
100 153 0.071429
104 153 0.071429
124 153 0.071429
131 153 0.071429
140 153 0.071429
149 153 0.071429
151 153 0.071429
152 153 0.071429
160 153 0.071429
11 23 0.04
31 23 0.04
34 23 0.04
35 23 0.04
40 23 0.04
47 23 0.04
55 23 0.04
58 23 0.04
61 23 0.04
62 23 0.04
64 23 0.04
75 23 0.04
77 23 0.04
79 23 0.04
82 23 0.04
83 23 0.04
103 23 0.04
110 23 0.04
122 23 0.04
127 23 0.04
130 23 0.04
148 23 0.04
151 23 0.04
154 23 0.04
163 23 0.04
11 36 0.041667
20 36 0.041667
26 36 0.041667
31 36 0.041667
40 36 0.041667
49 36 0.041667
50 36 0.041667
53 36 0.041667
59 36 0.041667
61 36 0.041667
68 36 0.041667
74 36 0.041667
77 36 0.041667
84 36 0.041667
101 36 0.041667
109 36 0.041667
115 36 0.041667
135 36 0.041667
138 36 0.041667
141 36 0.041667
146 36 0.041667
156 36 0.041667
158 36 0.041667
162 36 0.041667
11 58 0.035714
16 58 0.035714
17 58 0.035714
23 58 0.035714
24 58 0.035714
28 58 0.035714
33 58 0.035714
34 58 0.035714
37 58 0.035714
38 58 0.035714
45 58 0.035714
53 58 0.035714
54 58 0.035714
56 58 0.035714
57 58 0.035714
70 58 0.035714
78 58 0.035714
80 58 0.035714
102 58 0.035714
113 58 0.035714
114 58 0.035714
129 58 0.035714
132 58 0.035714
133 58 0.035714
135 58 0.035714
140 58 0.035714
156 58 0.035714
160 58 0.035714
11 66 0.041667
18 66 0.041667
22 66 0.041667
25 66 0.041667
53 66 0.041667
56 66 0.041667
61 66 0.041667
64 66 0.041667
75 66 0.041667
77 66 0.041667
78 66 0.041667
87 66 0.041667
97 66 0.041667
104 66 0.041667
106 66 0.041667
107 66 0.041667
114 66 0.041667
116 66 0.041667
123 66 0.041667
132 66 0.041667
138 66 0.041667
148 66 0.041667
152 66 0.041667
155 66 0.041667
11 72 0.05
19 72 0.05
22 72 0.05
29 72 0.05
31 72 0.05
38 72 0.05
42 72 0.05
47 72 0.05
48 72 0.05
52 72 0.05
54 72 0.05
61 72 0.05
62 72 0.05
63 72 0.05
99 72 0.05
100 72 0.05
103 72 0.05
109 72 0.05
132 72 0.05
145 72 0.05
12 33 0.052632
14 33 0.052632
19 33 0.052632
20 33 0.052632
21 33 0.052632
24 33 0.052632
25 33 0.052632
26 33 0.052632
27 33 0.052632
40 33 0.052632
58 33 0.052632
61 33 0.052632
65 33 0.052632
69 33 0.052632
108 33 0.052632
128 33 0.052632
135 33 0.052632
140 33 0.052632
157 33 0.052632
12 48 0.055556
26 48 0.055556
28 48 0.055556
35 48 0.055556
52 48 0.055556
55 48 0.055556
57 48 0.055556
68 48 0.055556
72 48 0.055556
79 48 0.055556
92 48 0.055556
107 48 0.055556
114 48 0.055556
115 48 0.055556
149 48 0.055556
150 48 0.055556
158 48 0.055556
163 48 0.055556
12 67 0.041667
13 67 0.041667
15 67 0.041667
21 67 0.041667
40 67 0.041667
47 67 0.041667
83 67 0.041667
92 67 0.041667
95 67 0.041667
108 67 0.041667
117 67 0.041667
121 67 0.041667
124 67 0.041667
126 67 0.041667
131 67 0.041667
135 67 0.041667
137 67 0.041667
151 67 0.041667
155 67 0.041667
156 67 0.041667
157 67 0.041667
158 67 0.041667
159 67 0.041667
162 67 0.041667
12 69 0.038462
13 69 0.038462
18 69 0.038462
24 69 0.038462
29 69 0.038462
33 69 0.038462
59 69 0.038462
62 69 0.038462
63 69 0.038462
70 69 0.038462
71 69 0.038462
82 69 0.038462
85 69 0.038462
90 69 0.038462
91 69 0.038462
97 69 0.038462
102 69 0.038462
106 69 0.038462
110 69 0.038462
121 69 0.038462
126 69 0.038462
131 69 0.038462
136 69 0.038462
146 69 0.038462
148 69 0.038462
152 69 0.038462
12 106 0.041667
17 106 0.041667
19 106 0.041667
27 106 0.041667
29 106 0.041667
31 106 0.041667
34 106 0.041667
49 106 0.041667
50 106 0.041667
53 106 0.041667
61 106 0.041667
66 106 0.041667
69 106 0.041667
89 106 0.041667
92 106 0.041667
109 106 0.041667
110 106 0.041667
115 106 0.041667
122 106 0.041667
125 106 0.041667
133 106 0.041667
150 106 0.041667
155 106 0.041667
158 106 0.041667
12 143 0.041667
35 143 0.041667
44 143 0.041667
46 143 0.041667
54 143 0.041667
73 143 0.041667
75 143 0.041667
76 143 0.041667
92 143 0.041667
99 143 0.041667
100 143 0.041667
101 143 0.041667
107 143 0.041667
108 143 0.041667
117 143 0.041667
118 143 0.041667
121 143 0.041667
124 143 0.041667
130 143 0.041667
133 143 0.041667
139 143 0.041667
147 143 0.041667
152 143 0.041667
156 143 0.041667
13 78 0.034483
16 78 0.034483
28 78 0.034483
31 78 0.034483
39 78 0.034483
56 78 0.034483
58 78 0.034483
63 78 0.034483
65 78 0.034483
66 78 0.034483
73 78 0.034483
74 78 0.034483
75 78 0.034483
89 78 0.034483
91 78 0.034483
98 78 0.034483
101 78 0.034483
126 78 0.034483
131 78 0.034483
132 78 0.034483
133 78 0.034483
134 78 0.034483
138 78 0.034483
144 78 0.034483
148 78 0.034483
151 78 0.034483
155 78 0.034483
156 78 0.034483
161 78 0.034483
14 92 0.05
22 92 0.05
32 92 0.05
41 92 0.05
43 92 0.05
48 92 0.05
50 92 0.05
52 92 0.05
53 92 0.05
67 92 0.05
106 92 0.05
116 92 0.05
125 92 0.05
127 92 0.05
128 92 0.05
133 92 0.05
143 92 0.05
148 92 0.05
151 92 0.05
161 92 0.05
14 107 0.038462
22 107 0.038462
31 107 0.038462
42 107 0.038462
43 107 0.038462
47 107 0.038462
48 107 0.038462
49 107 0.038462
50 107 0.038462
51 107 0.038462
52 107 0.038462
53 107 0.038462
57 107 0.038462
64 107 0.038462
66 107 0.038462
74 107 0.038462
81 107 0.038462
85 107 0.038462
97 107 0.038462
101 107 0.038462
103 107 0.038462
110 107 0.038462
138 107 0.038462
143 107 0.038462
152 107 0.038462
158 107 0.038462
14 111 0.035714
20 111 0.035714
21 111 0.035714
35 111 0.035714
47 111 0.035714
51 111 0.035714
60 111 0.035714
61 111 0.035714
64 111 0.035714
65 111 0.035714
77 111 0.035714
80 111 0.035714
87 111 0.035714
93 111 0.035714
105 111 0.035714
108 111 0.035714
125 111 0.035714
130 111 0.035714
131 111 0.035714
139 111 0.035714
141 111 0.035714
144 111 0.035714
145 111 0.035714
147 111 0.035714
149 111 0.035714
151 111 0.035714
154 111 0.035714
157 111 0.035714
14 146 0.041667
16 146 0.041667
17 146 0.041667
30 146 0.041667
36 146 0.041667
41 146 0.041667
52 146 0.041667
53 146 0.041667
56 146 0.041667
57 146 0.041667
59 146 0.041667
65 146 0.041667
69 146 0.041667
79 146 0.041667
86 146 0.041667
89 146 0.041667
93 146 0.041667
97 146 0.041667
110 146 0.041667
122 146 0.041667
123 146 0.041667
137 146 0.041667
141 146 0.041667
148 146 0.041667
14 148 0.038462
16 148 0.038462
23 148 0.038462
29 148 0.038462
47 148 0.038462
49 148 0.038462
55 148 0.038462
59 148 0.038462
61 148 0.038462
66 148 0.038462
69 148 0.038462
70 148 0.038462
74 148 0.038462
77 148 0.038462
78 148 0.038462
83 148 0.038462
85 148 0.038462
92 148 0.038462
93 148 0.038462
109 148 0.038462
122 148 0.038462
123 148 0.038462
136 148 0.038462
145 148 0.038462
146 148 0.038462
160 148 0.038462
14 150 0.043478
28 150 0.043478
30 150 0.043478
31 150 0.043478
42 150 0.043478
44 150 0.043478
48 150 0.043478
65 150 0.043478
68 150 0.043478
73 150 0.043478
76 150 0.043478
85 150 0.043478
87 150 0.043478
101 150 0.043478
103 150 0.043478
106 150 0.043478
110 150 0.043478
115 150 0.043478
130 150 0.043478
137 150 0.043478
144 150 0.043478
149 150 0.043478
160 150 0.043478
15 128 0.066667
17 128 0.066667
29 128 0.066667
32 128 0.066667
33 128 0.066667
79 128 0.066667
82 128 0.066667
89 128 0.066667
90 128 0.066667
92 128 0.066667
95 128 0.066667
127 128 0.066667
141 128 0.066667
147 128 0.066667
156 128 0.066667
16 84 0.05
28 84 0.05
30 84 0.05
36 84 0.05
40 84 0.05
41 84 0.05
42 84 0.05
47 84 0.05
49 84 0.05
50 84 0.05
55 84 0.05
74 84 0.05
80 84 0.05
97 84 0.05
103 84 0.05
115 84 0.05
118 84 0.05
131 84 0.05
137 84 0.05
152 84 0.05
16 126 0.055556
24 126 0.055556
25 126 0.055556
30 126 0.055556
42 126 0.055556
43 126 0.055556
59 126 0.055556
62 126 0.055556
67 126 0.055556
69 126 0.055556
70 126 0.055556
75 126 0.055556
77 126 0.055556
78 126 0.055556
85 126 0.055556
93 126 0.055556
122 126 0.055556
160 126 0.055556
17 37 0.047619
31 37 0.047619
35 37 0.047619
39 37 0.047619
40 37 0.047619
58 37 0.047619
60 37 0.047619
63 37 0.047619
75 37 0.047619
82 37 0.047619
91 37 0.047619
110 37 0.047619
123 37 0.047619
124 37 0.047619
135 37 0.047619
137 37 0.047619
139 37 0.047619
142 37 0.047619
144 37 0.047619
158 37 0.047619
162 37 0.047619
17 110 0.038462
23 110 0.038462
31 110 0.038462
35 110 0.038462
37 110 0.038462
40 110 0.038462
53 110 0.038462
62 110 0.038462
69 110 0.038462
77 110 0.038462
97 110 0.038462
98 110 0.038462
106 110 0.038462
107 110 0.038462
113 110 0.038462
114 110 0.038462
119 110 0.038462
127 110 0.038462
134 110 0.038462
136 110 0.038462
140 110 0.038462
146 110 0.038462
147 110 0.038462
150 110 0.038462
157 110 0.038462
160 110 0.038462
18 19 0.047619
33 19 0.047619
38 19 0.047619
62 19 0.047619
63 19 0.047619
72 19 0.047619
75 19 0.047619
76 19 0.047619
83 19 0.047619
89 19 0.047619
103 19 0.047619
106 19 0.047619
119 19 0.047619
127 19 0.047619
129 19 0.047619
132 19 0.047619
134 19 0.047619
136 19 0.047619
141 19 0.047619
154 19 0.047619
162 19 0.047619
19 127 0.047619
23 127 0.047619
35 127 0.047619
40 127 0.047619
41 127 0.047619
43 127 0.047619
51 127 0.047619
55 127 0.047619
62 127 0.047619
65 127 0.047619
79 127 0.047619
92 127 0.047619
93 127 0.047619
97 127 0.047619
105 127 0.047619
110 127 0.047619
117 127 0.047619
119 127 0.047619
120 127 0.047619
128 127 0.047619
136 127 0.047619
23 61 0.03125
24 61 0.03125
27 61 0.03125
32 61 0.03125
33 61 0.03125
36 61 0.03125
39 61 0.03125
59 61 0.03125
65 61 0.03125
66 61 0.03125
72 61 0.03125
73 61 0.03125
75 61 0.03125
79 61 0.03125
87 61 0.03125
88 61 0.03125
90 61 0.03125
97 61 0.03125
100 61 0.03125
102 61 0.03125
103 61 0.03125
106 61 0.03125
109 61 0.03125
111 61 0.03125
112 61 0.03125
113 61 0.03125
121 61 0.03125
144 61 0.03125
148 61 0.03125
154 61 0.03125
156 61 0.03125
161 61 0.03125
23 122 0.043478
40 122 0.043478
44 122 0.043478
63 122 0.043478
68 122 0.043478
81 122 0.043478
83 122 0.043478
85 122 0.043478
90 122 0.043478
95 122 0.043478
97 122 0.043478
103 122 0.043478
106 122 0.043478
113 122 0.043478
120 122 0.043478
126 122 0.043478
129 122 0.043478
132 122 0.043478
146 122 0.043478
147 122 0.043478
148 122 0.043478
149 122 0.043478
154 122 0.043478
24 117 0.045455
25 117 0.045455
29 117 0.045455
44 117 0.045455
47 117 0.045455
50 117 0.045455
54 117 0.045455
56 117 0.045455
59 117 0.045455
67 117 0.045455
87 117 0.045455
91 117 0.045455
98 117 0.045455
100 117 0.045455
109 117 0.045455
115 117 0.045455
121 117 0.045455
127 117 0.045455
129 117 0.045455
143 117 0.045455
149 117 0.045455
161 117 0.045455
27 98 0.055556
28 98 0.055556
39 98 0.055556
50 98 0.055556
71 98 0.055556
78 98 0.055556
80 98 0.055556
82 98 0.055556
102 98 0.055556
103 98 0.055556
108 98 0.055556
110 98 0.055556
114 98 0.055556
117 98 0.055556
118 98 0.055556
131 98 0.055556
137 98 0.055556
147 98 0.055556
32 96 0.066667
34 96 0.066667
38 96 0.066667
42 96 0.066667
63 96 0.066667
71 96 0.066667
76 96 0.066667
79 96 0.066667
86 96 0.066667
91 96 0.066667
135 96 0.066667
137 96 0.066667
138 96 0.066667
152 96 0.066667
161 96 0.066667
55 88 0.047619
60 88 0.047619
61 88 0.047619
62 88 0.047619
63 88 0.047619
68 88 0.047619
82 88 0.047619
89 88 0.047619
91 88 0.047619
100 88 0.047619
101 88 0.047619
103 88 0.047619
113 88 0.047619
115 88 0.047619
118 88 0.047619
121 88 0.047619
129 88 0.047619
130 88 0.047619
134 88 0.047619
158 88 0.047619
162 88 0.047619
39 0 0.0625
45 0 0.0625
53 0 0.0625
54 0 0.0625
62 0 0.0625
65 0 0.0625
70 0 0.0625
71 0 0.0625
90 0 0.0625
102 0 0.0625
105 0 0.0625
114 0 0.0625
118 0 0.0625
139 0 0.0625
141 0 0.0625
156 0 0.0625
4 1 0.04
11 1 0.04
12 1 0.04
27 1 0.04
28 1 0.04
42 1 0.04
44 1 0.04
46 1 0.04
59 1 0.04
60 1 0.04
75 1 0.04
79 1 0.04
82 1 0.04
83 1 0.04
85 1 0.04
86 1 0.04
87 1 0.04
90 1 0.04
99 1 0.04
113 1 0.04
116 1 0.04
118 1 0.04
130 1 0.04
137 1 0.04
163 1 0.04
3 2 0.047619
7 2 0.047619
9 2 0.047619
10 2 0.047619
13 2 0.047619
15 2 0.047619
25 2 0.047619
29 2 0.047619
43 2 0.047619
50 2 0.047619
53 2 0.047619
60 2 0.047619
62 2 0.047619
74 2 0.047619
81 2 0.047619
100 2 0.047619
103 2 0.047619
108 2 0.047619
124 2 0.047619
129 2 0.047619
159 2 0.047619
7 6 0.055556
9 6 0.055556
15 6 0.055556
16 6 0.055556
25 6 0.055556
34 6 0.055556
45 6 0.055556
47 6 0.055556
68 6 0.055556
101 6 0.055556
104 6 0.055556
105 6 0.055556
115 6 0.055556
134 6 0.055556
138 6 0.055556
149 6 0.055556
155 6 0.055556
162 6 0.055556
10 8 0.041667
12 8 0.041667
16 8 0.041667
26 8 0.041667
32 8 0.041667
34 8 0.041667
41 8 0.041667
44 8 0.041667
63 8 0.041667
64 8 0.041667
65 8 0.041667
79 8 0.041667
83 8 0.041667
87 8 0.041667
89 8 0.041667
93 8 0.041667
103 8 0.041667
108 8 0.041667
120 8 0.041667
138 8 0.041667
141 8 0.041667
145 8 0.041667
151 8 0.041667
157 8 0.041667
21 14 0.04
25 14 0.04
32 14 0.04
33 14 0.04
35 14 0.04
46 14 0.04
53 14 0.04
55 14 0.04
73 14 0.04
90 14 0.04
92 14 0.04
99 14 0.04
105 14 0.04
107 14 0.04
111 14 0.04
120 14 0.04
124 14 0.04
133 14 0.04
135 14 0.04
141 14 0.04
146 14 0.04
148 14 0.04
150 14 0.04
159 14 0.04
162 14 0.04
19 18 0.038462
22 18 0.038462
24 18 0.038462
25 18 0.038462
52 18 0.038462
66 18 0.038462
68 18 0.038462
69 18 0.038462
73 18 0.038462
79 18 0.038462
81 18 0.038462
85 18 0.038462
102 18 0.038462
103 18 0.038462
105 18 0.038462
114 18 0.038462
119 18 0.038462
129 18 0.038462
130 18 0.038462
134 18 0.038462
138 18 0.038462
139 18 0.038462
157 18 0.038462
159 18 0.038462
161 18 0.038462
162 18 0.038462
