0 1 0.142857
3 1 0.142857
161 1 0.142857
160 1 0.142857
131 1 0.142857
20 1 0.142857
99 1 0.142857
0 161 0.1
1 161 0.1
2 161 0.1
3 161 0.1
150 161 0.1
156 161 0.1
157 161 0.1
158 161 0.1
159 161 0.1
160 161 0.1
0 2 0.142857
3 2 0.142857
4 2 0.142857
5 2 0.142857
161 2 0.142857
6 2 0.142857
160 2 0.142857
0 160 0.142857
1 160 0.142857
2 160 0.142857
156 160 0.142857
157 160 0.142857
158 160 0.142857
161 160 0.142857
0 3 0.111111
1 3 0.111111
2 3 0.111111
4 3 0.111111
5 3 0.111111
6 3 0.111111
7 3 0.111111
161 3 0.111111
141 3 0.111111
0 159 0.111111
20 159 0.111111
85 159 0.111111
88 159 0.111111
155 159 0.111111
156 159 0.111111
157 159 0.111111
158 159 0.111111
161 159 0.111111
0 4 0.142857
2 4 0.142857
3 4 0.142857
5 4 0.142857
6 4 0.142857
7 4 0.142857
8 4 0.142857
0 158 0.125
116 158 0.125
154 158 0.125
155 158 0.125
157 158 0.125
159 158 0.125
160 158 0.125
161 158 0.125
1 131 0.1
25 131 0.1
127 131 0.1
128 131 0.1
129 131 0.1
130 131 0.1
132 131 0.1
133 131 0.1
134 131 0.1
135 131 0.1
1 20 0.1
16 20 0.1
17 20 0.1
18 20 0.1
19 20 0.1
22 20 0.1
23 20 0.1
24 20 0.1
159 20 0.1
108 20 0.1
1 99 0.125
95 99 0.125
96 99 0.125
97 99 0.125
100 99 0.125
101 99 0.125
102 99 0.125
103 99 0.125
2 5 0.142857
3 5 0.142857
4 5 0.142857
6 5 0.142857
7 5 0.142857
8 5 0.142857
41 5 0.142857
2 6 0.125
3 6 0.125
4 6 0.125
5 6 0.125
7 6 0.125
8 6 0.125
9 6 0.125
10 6 0.125
3 7 0.125
4 7 0.125
5 7 0.125
6 7 0.125
8 7 0.125
9 7 0.125
10 7 0.125
11 7 0.125
3 141 0.125
137 141 0.125
138 141 0.125
139 141 0.125
140 141 0.125
142 141 0.125
143 141 0.125
144 141 0.125
4 8 0.125
5 8 0.125
6 8 0.125
7 8 0.125
9 8 0.125
10 8 0.125
11 8 0.125
12 8 0.125
5 41 0.111111
37 41 0.111111
38 41 0.111111
39 41 0.111111
40 41 0.111111
42 41 0.111111
44 41 0.111111
45 41 0.111111
125 41 0.111111
6 9 0.142857
7 9 0.142857
8 9 0.142857
10 9 0.142857
11 9 0.142857
12 9 0.142857
13 9 0.142857
6 10 0.125
7 10 0.125
8 10 0.125
9 10 0.125
11 10 0.125
12 10 0.125
13 10 0.125
14 10 0.125
7 11 0.125
8 11 0.125
9 11 0.125
10 11 0.125
12 11 0.125
13 11 0.125
14 11 0.125
15 11 0.125
8 12 0.111111
9 12 0.111111
10 12 0.111111
11 12 0.111111
13 12 0.111111
14 12 0.111111
15 12 0.111111
48 12 0.111111
34 12 0.111111
9 13 0.125
10 13 0.125
11 13 0.125
12 13 0.125
14 13 0.125
15 13 0.125
16 13 0.125
17 13 0.125
10 14 0.125
11 14 0.125
12 14 0.125
13 14 0.125
15 14 0.125
16 14 0.125
17 14 0.125
18 14 0.125
11 15 0.125
12 15 0.125
13 15 0.125
14 15 0.125
16 15 0.125
17 15 0.125
18 15 0.125
19 15 0.125
12 48 0.125
44 48 0.125
45 48 0.125
46 48 0.125
47 48 0.125
49 48 0.125
51 48 0.125
52 48 0.125
12 34 0.1
30 34 0.1
31 34 0.1
32 34 0.1
33 34 0.1
35 34 0.1
36 34 0.1
37 34 0.1
38 34 0.1
65 34 0.1
13 16 0.142857
14 16 0.142857
15 16 0.142857
17 16 0.142857
18 16 0.142857
19 16 0.142857
20 16 0.142857
13 17 0.125
14 17 0.125
15 17 0.125
16 17 0.125
18 17 0.125
20 17 0.125
21 17 0.125
109 17 0.125
14 18 0.125
15 18 0.125
16 18 0.125
17 18 0.125
19 18 0.125
20 18 0.125
22 18 0.125
71 18 0.125
15 19 0.142857
16 19 0.142857
18 19 0.142857
20 19 0.142857
21 19 0.142857
22 19 0.142857
23 19 0.142857
17 21 0.166667
19 21 0.166667
22 21 0.166667
23 21 0.166667
25 21 0.166667
58 21 0.166667
17 109 0.125
105 109 0.125
106 109 0.125
107 109 0.125
110 109 0.125
111 109 0.125
112 109 0.125
113 109 0.125
18 22 0.125
19 22 0.125
20 22 0.125
21 22 0.125
23 22 0.125
24 22 0.125
82 22 0.125
120 22 0.125
18 71 0.111111
67 71 0.111111
68 71 0.111111
69 71 0.111111
70 71 0.111111
72 71 0.111111
73 71 0.111111
74 71 0.111111
75 71 0.111111
19 23 0.1
20 23 0.1
21 23 0.1
22 23 0.1
25 23 0.1
26 23 0.1
27 23 0.1
124 23 0.1
72 23 0.1
110 23 0.1
20 24 0.142857
22 24 0.142857
25 24 0.142857
26 24 0.142857
27 24 0.142857
28 24 0.142857
98 24 0.142857
20 108 0.125
91 108 0.125
104 108 0.125
105 108 0.125
106 108 0.125
107 108 0.125
111 108 0.125
112 108 0.125
21 25 0.125
23 25 0.125
24 25 0.125
26 25 0.125
27 25 0.125
29 25 0.125
131 25 0.125
123 25 0.125
21 58 0.090909
54 58 0.090909
55 58 0.090909
56 58 0.090909
57 58 0.090909
59 58 0.090909
60 58 0.090909
61 58 0.090909
62 58 0.090909
119 58 0.090909
151 58 0.090909
22 82 0.111111
78 82 0.111111
79 82 0.111111
80 82 0.111111
81 82 0.111111
83 82 0.111111
84 82 0.111111
85 82 0.111111
86 82 0.111111
22 120 0.125
116 120 0.125
117 120 0.125
118 120 0.125
121 120 0.125
122 120 0.125
123 120 0.125
124 120 0.125
23 26 0.142857
24 26 0.142857
25 26 0.142857
28 26 0.142857
29 26 0.142857
30 26 0.142857
102 26 0.142857
23 27 0.142857
24 27 0.142857
25 27 0.142857
28 27 0.142857
30 27 0.142857
31 27 0.142857
88 27 0.142857
23 124 0.111111
120 124 0.111111
121 124 0.111111
122 124 0.111111
123 124 0.111111
125 124 0.111111
126 124 0.111111
127 124 0.111111
128 124 0.111111
23 72 0.111111
68 72 0.111111
69 72 0.111111
70 72 0.111111
71 72 0.111111
74 72 0.111111
75 72 0.111111
76 72 0.111111
152 72 0.111111
23 110 0.125
92 110 0.125
106 110 0.125
107 110 0.125
109 110 0.125
111 110 0.125
112 110 0.125
113 110 0.125
24 28 0.142857
26 28 0.142857
27 28 0.142857
29 28 0.142857
30 28 0.142857
31 28 0.142857
32 28 0.142857
24 98 0.125
94 98 0.125
95 98 0.125
96 98 0.125
97 98 0.125
100 98 0.125
101 98 0.125
102 98 0.125
25 29 0.142857
26 29 0.142857
28 29 0.142857
30 29 0.142857
31 29 0.142857
32 29 0.142857
33 29 0.142857
25 123 0.125
119 123 0.125
120 123 0.125
121 123 0.125
122 123 0.125
124 123 0.125
125 123 0.125
127 123 0.125
26 30 0.111111
27 30 0.111111
28 30 0.111111
29 30 0.111111
31 30 0.111111
32 30 0.111111
33 30 0.111111
34 30 0.111111
35 30 0.111111
26 102 0.111111
98 102 0.111111
99 102 0.111111
100 102 0.111111
101 102 0.111111
103 102 0.111111
104 102 0.111111
105 102 0.111111
106 102 0.111111
27 31 0.125
28 31 0.125
29 31 0.125
30 31 0.125
32 31 0.125
33 31 0.125
34 31 0.125
35 31 0.125
27 88 0.111111
84 88 0.111111
85 88 0.111111
87 88 0.111111
89 88 0.111111
90 88 0.111111
91 88 0.111111
92 88 0.111111
159 88 0.111111
28 32 0.125
29 32 0.125
30 32 0.125
31 32 0.125
33 32 0.125
34 32 0.125
35 32 0.125
36 32 0.125
29 33 0.125
30 33 0.125
31 33 0.125
32 33 0.125
34 33 0.125
35 33 0.125
36 33 0.125
37 33 0.125
30 35 0.125
31 35 0.125
32 35 0.125
33 35 0.125
34 35 0.125
36 35 0.125
37 35 0.125
39 35 0.125
32 36 0.125
33 36 0.125
34 36 0.125
35 36 0.125
37 36 0.125
38 36 0.125
39 36 0.125
40 36 0.125
33 37 0.125
34 37 0.125
35 37 0.125
36 37 0.125
38 37 0.125
39 37 0.125
41 37 0.125
59 37 0.125
34 38 0.142857
36 38 0.142857
37 38 0.142857
39 38 0.142857
40 38 0.142857
41 38 0.142857
42 38 0.142857
34 65 0.125
61 65 0.125
62 65 0.125
63 65 0.125
64 65 0.125
66 65 0.125
68 65 0.125
69 65 0.125
35 39 0.125
36 39 0.125
37 39 0.125
38 39 0.125
40 39 0.125
41 39 0.125
42 39 0.125
43 39 0.125
36 40 0.142857
38 40 0.142857
39 40 0.142857
41 40 0.142857
42 40 0.142857
43 40 0.142857
44 40 0.142857
37 59 0.111111
55 59 0.111111
56 59 0.111111
57 59 0.111111
58 59 0.111111
60 59 0.111111
61 59 0.111111
62 59 0.111111
63 59 0.111111
38 42 0.125
39 42 0.125
40 42 0.125
41 42 0.125
43 42 0.125
44 42 0.125
45 42 0.125
46 42 0.125
39 43 0.142857
40 43 0.142857
42 43 0.142857
44 43 0.142857
45 43 0.142857
46 43 0.142857
47 43 0.142857
40 44 0.125
41 44 0.125
42 44 0.125
43 44 0.125
45 44 0.125
46 44 0.125
47 44 0.125
48 44 0.125
41 45 0.125
42 45 0.125
43 45 0.125
44 45 0.125
46 45 0.125
47 45 0.125
48 45 0.125
49 45 0.125
41 125 0.111111
121 125 0.111111
122 125 0.111111
123 125 0.111111
124 125 0.111111
126 125 0.111111
127 125 0.111111
128 125 0.111111
129 125 0.111111
42 46 0.111111
43 46 0.111111
44 46 0.111111
45 46 0.111111
47 46 0.111111
48 46 0.111111
49 46 0.111111
50 46 0.111111
51 46 0.111111
43 47 0.125
44 47 0.125
45 47 0.125
46 47 0.125
48 47 0.125
49 47 0.125
50 47 0.125
51 47 0.125
45 49 0.125
46 49 0.125
47 49 0.125
48 49 0.125
50 49 0.125
51 49 0.125
52 49 0.125
53 49 0.125
46 50 0.125
47 50 0.125
49 50 0.125
51 50 0.125
52 50 0.125
53 50 0.125
54 50 0.125
136 50 0.125
46 51 0.111111
47 51 0.111111
48 51 0.111111
49 51 0.111111
50 51 0.111111
52 51 0.111111
54 51 0.111111
55 51 0.111111
64 51 0.111111
48 52 0.125
49 52 0.125
50 52 0.125
51 52 0.125
53 52 0.125
54 52 0.125
55 52 0.125
56 52 0.125
49 53 0.142857
50 53 0.142857
52 53 0.142857
54 53 0.142857
55 53 0.142857
56 53 0.142857
57 53 0.142857
50 54 0.111111
51 54 0.111111
52 54 0.111111
53 54 0.111111
55 54 0.111111
56 54 0.111111
57 54 0.111111
58 54 0.111111
93 54 0.111111
50 136 0.125
132 136 0.125
133 136 0.125
134 136 0.125
135 136 0.125
137 136 0.125
139 136 0.125
140 136 0.125
51 55 0.125
52 55 0.125
53 55 0.125
54 55 0.125
56 55 0.125
57 55 0.125
58 55 0.125
59 55 0.125
51 64 0.125
60 64 0.125
61 64 0.125
62 64 0.125
63 64 0.125
65 64 0.125
68 64 0.125
122 64 0.125
52 56 0.125
53 56 0.125
54 56 0.125
55 56 0.125
57 56 0.125
58 56 0.125
59 56 0.125
60 56 0.125
53 57 0.111111
54 57 0.111111
55 57 0.111111
56 57 0.111111
58 57 0.111111
59 57 0.111111
60 57 0.111111
61 57 0.111111
139 57 0.111111
54 93 0.125
89 93 0.125
90 93 0.125
91 93 0.125
92 93 0.125
94 93 0.125
96 93 0.125
97 93 0.125
56 60 0.125
57 60 0.125
58 60 0.125
59 60 0.125
61 60 0.125
62 60 0.125
63 60 0.125
64 60 0.125
57 61 0.125
58 61 0.125
59 61 0.125
60 61 0.125
62 61 0.125
63 61 0.125
64 61 0.125
65 61 0.125
57 139 0.125
135 139 0.125
136 139 0.125
137 139 0.125
138 139 0.125
141 139 0.125
142 139 0.125
143 139 0.125
58 62 0.111111
59 62 0.111111
60 62 0.111111
61 62 0.111111
63 62 0.111111
64 62 0.111111
65 62 0.111111
66 62 0.111111
126 62 0.111111
58 119 0.125
115 119 0.125
116 119 0.125
117 119 0.125
118 119 0.125
122 119 0.125
123 119 0.125
129 119 0.125
58 151 0.111111
95 151 0.111111
147 151 0.111111
148 151 0.111111
149 151 0.111111
150 151 0.111111
152 151 0.111111
154 151 0.111111
155 151 0.111111
59 63 0.125
60 63 0.125
61 63 0.125
62 63 0.125
64 63 0.125
65 63 0.125
66 63 0.125
67 63 0.125
62 66 0.142857
63 66 0.142857
65 66 0.142857
67 66 0.142857
68 66 0.142857
69 66 0.142857
70 66 0.142857
62 126 0.125
122 126 0.125
124 126 0.125
125 126 0.125
127 126 0.125
128 126 0.125
129 126 0.125
133 126 0.125
63 67 0.142857
66 67 0.142857
68 67 0.142857
69 67 0.142857
70 67 0.142857
71 67 0.142857
87 67 0.142857
64 68 0.125
65 68 0.125
66 68 0.125
67 68 0.125
69 68 0.125
70 68 0.125
71 68 0.125
72 68 0.125
64 122 0.111111
118 122 0.111111
119 122 0.111111
120 122 0.111111
121 122 0.111111
123 122 0.111111
124 122 0.111111
125 122 0.111111
126 122 0.111111
65 69 0.125
66 69 0.125
67 69 0.125
68 69 0.125
70 69 0.125
71 69 0.125
72 69 0.125
73 69 0.125
66 70 0.125
67 70 0.125
68 70 0.125
69 70 0.125
71 70 0.125
72 70 0.125
73 70 0.125
74 70 0.125
67 87 0.125
83 87 0.125
84 87 0.125
85 87 0.125
86 87 0.125
88 87 0.125
89 87 0.125
91 87 0.125
69 73 0.142857
70 73 0.142857
71 73 0.142857
74 73 0.142857
75 73 0.142857
76 73 0.142857
77 73 0.142857
70 74 0.111111
71 74 0.111111
72 74 0.111111
73 74 0.111111
76 74 0.111111
77 74 0.111111
78 74 0.111111
114 74 0.111111
146 74 0.111111
71 75 0.142857
72 75 0.142857
73 75 0.142857
76 75 0.142857
77 75 0.142857
78 75 0.142857
79 75 0.142857
72 76 0.125
73 76 0.125
74 76 0.125
75 76 0.125
79 76 0.125
80 76 0.125
134 76 0.125
118 76 0.125
72 152 0.111111
112 152 0.111111
148 152 0.111111
149 152 0.111111
150 152 0.111111
151 152 0.111111
153 152 0.111111
154 152 0.111111
155 152 0.111111
73 77 0.142857
74 77 0.142857
75 77 0.142857
78 77 0.142857
79 77 0.142857
80 77 0.142857
81 77 0.142857
74 78 0.142857
75 78 0.142857
77 78 0.142857
79 78 0.142857
80 78 0.142857
81 78 0.142857
82 78 0.142857
74 114 0.125
111 114 0.125
112 114 0.125
113 114 0.125
115 114 0.125
116 114 0.125
117 114 0.125
118 114 0.125
74 146 0.125
142 146 0.125
143 146 0.125
144 146 0.125
145 146 0.125
147 146 0.125
148 146 0.125
150 146 0.125
75 79 0.125
76 79 0.125
77 79 0.125
78 79 0.125
80 79 0.125
81 79 0.125
82 79 0.125
83 79 0.125
76 80 0.125
77 80 0.125
78 80 0.125
79 80 0.125
81 80 0.125
82 80 0.125
83 80 0.125
84 80 0.125
76 134 0.111111
130 134 0.111111
131 134 0.111111
132 134 0.111111
133 134 0.111111
135 134 0.111111
136 134 0.111111
137 134 0.111111
138 134 0.111111
76 118 0.125
114 118 0.125
115 118 0.125
117 118 0.125
119 118 0.125
120 118 0.125
121 118 0.125
122 118 0.125
77 81 0.125
78 81 0.125
79 81 0.125
80 81 0.125
82 81 0.125
83 81 0.125
85 81 0.125
145 81 0.125
79 83 0.111111
80 83 0.111111
81 83 0.111111
82 83 0.111111
84 83 0.111111
85 83 0.111111
86 83 0.111111
87 83 0.111111
138 83 0.111111
80 84 0.142857
82 84 0.142857
83 84 0.142857
85 84 0.142857
86 84 0.142857
87 84 0.142857
88 84 0.142857
81 85 0.111111
82 85 0.111111
83 85 0.111111
84 85 0.111111
86 85 0.111111
87 85 0.111111
88 85 0.111111
89 85 0.111111
159 85 0.111111
81 145 0.125
142 145 0.125
143 145 0.125
144 145 0.125
146 145 0.125
147 145 0.125
148 145 0.125
149 145 0.125
82 86 0.125
83 86 0.125
84 86 0.125
85 86 0.125
87 86 0.125
89 86 0.125
90 86 0.125
144 86 0.125
83 138 0.125
134 138 0.125
135 138 0.125
137 138 0.125
139 138 0.125
140 138 0.125
141 138 0.125
156 138 0.125
85 89 0.125
86 89 0.125
87 89 0.125
88 89 0.125
90 89 0.125
91 89 0.125
92 89 0.125
93 89 0.125
86 90 0.142857
88 90 0.142857
89 90 0.142857
91 90 0.142857
92 90 0.142857
93 90 0.142857
94 90 0.142857
86 144 0.111111
140 144 0.111111
141 144 0.111111
142 144 0.111111
143 144 0.111111
145 144 0.111111
146 144 0.111111
147 144 0.111111
148 144 0.111111
87 91 0.111111
88 91 0.111111
89 91 0.111111
90 91 0.111111
92 91 0.111111
93 91 0.111111
94 91 0.111111
95 91 0.111111
108 91 0.111111
88 92 0.125
89 92 0.125
90 92 0.125
91 92 0.125
93 92 0.125
94 92 0.125
95 92 0.125
110 92 0.125
90 94 0.125
91 94 0.125
92 94 0.125
93 94 0.125
95 94 0.125
96 94 0.125
97 94 0.125
98 94 0.125
91 95 0.142857
92 95 0.142857
94 95 0.142857
96 95 0.142857
98 95 0.142857
99 95 0.142857
151 95 0.142857
93 96 0.142857
94 96 0.142857
95 96 0.142857
97 96 0.142857
98 96 0.142857
99 96 0.142857
100 96 0.142857
93 97 0.142857
94 97 0.142857
96 97 0.142857
98 97 0.142857
99 97 0.142857
100 97 0.142857
101 97 0.142857
96 100 0.125
97 100 0.125
98 100 0.125
99 100 0.125
101 100 0.125
102 100 0.125
103 100 0.125
104 100 0.125
97 101 0.125
98 101 0.125
99 101 0.125
100 101 0.125
102 101 0.125
103 101 0.125
104 101 0.125
105 101 0.125
99 103 0.125
100 103 0.125
101 103 0.125
102 103 0.125
104 103 0.125
105 103 0.125
106 103 0.125
107 103 0.125
100 104 0.125
101 104 0.125
102 104 0.125
103 104 0.125
105 104 0.125
106 104 0.125
107 104 0.125
108 104 0.125
101 105 0.125
102 105 0.125
103 105 0.125
104 105 0.125
106 105 0.125
107 105 0.125
108 105 0.125
109 105 0.125
102 106 0.125
103 106 0.125
104 106 0.125
105 106 0.125
107 106 0.125
108 106 0.125
109 106 0.125
110 106 0.125
103 107 0.125
104 107 0.125
105 107 0.125
106 107 0.125
108 107 0.125
109 107 0.125
110 107 0.125
111 107 0.125
107 111 0.125
108 111 0.125
109 111 0.125
110 111 0.125
112 111 0.125
113 111 0.125
114 111 0.125
115 111 0.125
108 112 0.125
109 112 0.125
110 112 0.125
111 112 0.125
113 112 0.125
114 112 0.125
115 112 0.125
152 112 0.125
109 113 0.125
110 113 0.125
111 113 0.125
112 113 0.125
114 113 0.125
115 113 0.125
116 113 0.125
117 113 0.125
111 115 0.125
112 115 0.125
113 115 0.125
114 115 0.125
116 115 0.125
117 115 0.125
118 115 0.125
119 115 0.125
113 116 0.142857
114 116 0.142857
115 116 0.142857
117 116 0.142857
119 116 0.142857
120 116 0.142857
158 116 0.142857
113 117 0.125
114 117 0.125
115 117 0.125
116 117 0.125
118 117 0.125
119 117 0.125
120 117 0.125
121 117 0.125
117 121 0.142857
118 121 0.142857
120 121 0.142857
122 121 0.142857
123 121 0.142857
124 121 0.142857
125 121 0.142857
119 129 0.111111
125 129 0.111111
126 129 0.111111
127 129 0.111111
128 129 0.111111
130 129 0.111111
131 129 0.111111
132 129 0.111111
133 129 0.111111
123 127 0.125
124 127 0.125
125 127 0.125
126 127 0.125
128 127 0.125
129 127 0.125
130 127 0.125
131 127 0.125
124 128 0.125
125 128 0.125
126 128 0.125
127 128 0.125
129 128 0.125
130 128 0.125
131 128 0.125
132 128 0.125
126 133 0.125
129 133 0.125
130 133 0.125
131 133 0.125
132 133 0.125
134 133 0.125
135 133 0.125
136 133 0.125
127 130 0.142857
128 130 0.142857
129 130 0.142857
131 130 0.142857
132 130 0.142857
133 130 0.142857
134 130 0.142857
128 132 0.125
129 132 0.125
130 132 0.125
131 132 0.125
133 132 0.125
134 132 0.125
135 132 0.125
136 132 0.125
131 135 0.125
132 135 0.125
133 135 0.125
134 135 0.125
136 135 0.125
137 135 0.125
138 135 0.125
139 135 0.125
134 137 0.142857
135 137 0.142857
136 137 0.142857
138 137 0.142857
139 137 0.142857
140 137 0.142857
141 137 0.142857
136 140 0.142857
137 140 0.142857
138 140 0.142857
141 140 0.142857
142 140 0.142857
144 140 0.142857
148 140 0.142857
138 156 0.142857
153 156 0.142857
154 156 0.142857
155 156 0.142857
159 156 0.142857
160 156 0.142857
161 156 0.142857
139 142 0.142857
140 142 0.142857
141 142 0.142857
143 142 0.142857
144 142 0.142857
145 142 0.142857
146 142 0.142857
139 143 0.142857
141 143 0.142857
142 143 0.142857
144 143 0.142857
145 143 0.142857
146 143 0.142857
147 143 0.142857
140 148 0.111111
144 148 0.111111
145 148 0.111111
146 148 0.111111
147 148 0.111111
149 148 0.111111
150 148 0.111111
151 148 0.111111
152 148 0.111111
143 147 0.125
144 147 0.125
145 147 0.125
146 147 0.125
148 147 0.125
149 147 0.125
150 147 0.125
151 147 0.125
145 149 0.142857
147 149 0.142857
148 149 0.142857
150 149 0.142857
151 149 0.142857
152 149 0.142857
153 149 0.142857
146 150 0.125
147 150 0.125
148 150 0.125
149 150 0.125
151 150 0.125
152 150 0.125
153 150 0.125
161 150 0.125
149 153 0.142857
150 153 0.142857
152 153 0.142857
154 153 0.142857
155 153 0.142857
156 153 0.142857
157 153 0.142857
151 154 0.142857
152 154 0.142857
153 154 0.142857
155 154 0.142857
156 154 0.142857
157 154 0.142857
158 154 0.142857
151 155 0.125
152 155 0.125
153 155 0.125
154 155 0.125
156 155 0.125
157 155 0.125
158 155 0.125
159 155 0.125
153 157 0.142857
154 157 0.142857
155 157 0.142857
158 157 0.142857
159 157 0.142857
160 157 0.142857
161 157 0.142857
1 0 0.125
161 0 0.125
2 0 0.125
160 0 0.125
3 0 0.125
159 0 0.125
4 0 0.125
158 0 0.125
