0 1 0.142857
2 1 0.142857
3 1 0.142857
116 1 0.142857
4 1 0.142857
115 1 0.142857
23 1 0.142857
0 116 0.125
1 116 0.125
2 116 0.125
48 116 0.125
112 116 0.125
113 116 0.125
114 116 0.125
115 116 0.125
0 2 0.125
1 2 0.125
3 2 0.125
4 2 0.125
5 2 0.125
116 2 0.125
6 2 0.125
115 2 0.125
0 115 0.125
1 115 0.125
2 115 0.125
111 115 0.125
112 115 0.125
113 115 0.125
114 115 0.125
116 115 0.125
0 3 0.125
1 3 0.125
2 3 0.125
4 3 0.125
5 3 0.125
6 3 0.125
7 3 0.125
99 3 0.125
0 114 0.125
45 114 0.125
110 114 0.125
111 114 0.125
112 114 0.125
113 114 0.125
115 114 0.125
116 114 0.125
0 4 0.125
1 4 0.125
2 4 0.125
3 4 0.125
6 4 0.125
7 4 0.125
8 4 0.125
88 4 0.125
0 113 0.1
11 113 0.1
87 113 0.1
109 113 0.1
110 113 0.1
111 113 0.1
112 113 0.1
114 113 0.1
115 113 0.1
116 113 0.1
1 23 0.111111
19 23 0.111111
20 23 0.111111
21 23 0.111111
22 23 0.111111
24 23 0.111111
26 23 0.111111
27 23 0.111111
78 23 0.111111
2 5 0.166667
3 5 0.166667
6 5 0.166667
7 5 0.166667
9 5 0.166667
26 5 0.166667
2 6 0.111111
3 6 0.111111
4 6 0.111111
5 6 0.111111
7 6 0.111111
8 6 0.111111
9 6 0.111111
10 6 0.111111
42 6 0.111111
3 7 0.125
4 7 0.125
5 7 0.125
6 7 0.125
8 7 0.125
9 7 0.125
10 7 0.125
11 7 0.125
3 99 0.125
95 99 0.125
96 99 0.125
97 99 0.125
98 99 0.125
101 99 0.125
102 99 0.125
103 99 0.125
4 8 0.125
6 8 0.125
7 8 0.125
9 8 0.125
10 8 0.125
11 8 0.125
32 8 0.125
66 8 0.125
4 88 0.1
61 88 0.1
84 88 0.1
85 88 0.1
86 88 0.1
87 88 0.1
90 88 0.1
91 88 0.1
92 88 0.1
106 88 0.1
5 9 0.125
6 9 0.125
7 9 0.125
8 9 0.125
10 9 0.125
11 9 0.125
12 9 0.125
13 9 0.125
5 26 0.1
22 26 0.1
23 26 0.1
24 26 0.1
25 26 0.1
27 26 0.1
28 26 0.1
29 26 0.1
30 26 0.1
83 26 0.1
6 10 0.125
7 10 0.125
8 10 0.125
9 10 0.125
11 10 0.125
12 10 0.125
13 10 0.125
14 10 0.125
6 42 0.142857
38 42 0.142857
39 42 0.142857
41 42 0.142857
43 42 0.142857
45 42 0.142857
46 42 0.142857
7 11 0.125
8 11 0.125
9 11 0.125
10 11 0.125
12 11 0.125
13 11 0.125
80 11 0.125
113 11 0.125
8 32 0.111111
16 32 0.111111
28 32 0.111111
29 32 0.111111
31 32 0.111111
34 32 0.111111
35 32 0.111111
36 32 0.111111
74 32 0.111111
8 66 0.125
34 66 0.125
62 66 0.125
64 66 0.125
65 66 0.125
67 66 0.125
68 66 0.125
69 66 0.125
9 12 0.142857
10 12 0.142857
11 12 0.142857
13 12 0.142857
14 12 0.142857
15 12 0.142857
16 12 0.142857
9 13 0.125
10 13 0.125
11 13 0.125
12 13 0.125
14 13 0.125
15 13 0.125
16 13 0.125
17 13 0.125
10 14 0.142857
12 14 0.142857
13 14 0.142857
15 14 0.142857
16 14 0.142857
17 14 0.142857
18 14 0.142857
11 80 0.142857
77 80 0.142857
79 80 0.142857
81 80 0.142857
82 80 0.142857
83 80 0.142857
84 80 0.142857
12 15 0.125
13 15 0.125
14 15 0.125
16 15 0.125
18 15 0.125
19 15 0.125
20 15 0.125
40 15 0.125
12 16 0.125
13 16 0.125
14 16 0.125
15 16 0.125
19 16 0.125
20 16 0.125
68 16 0.125
32 16 0.125
13 17 0.166667
14 17 0.166667
18 17 0.166667
19 17 0.166667
20 17 0.166667
21 17 0.166667
14 18 0.125
15 18 0.125
17 18 0.125
19 18 0.125
20 18 0.125
21 18 0.125
22 18 0.125
76 18 0.125
15 19 0.111111
16 19 0.111111
17 19 0.111111
18 19 0.111111
20 19 0.111111
21 19 0.111111
22 19 0.111111
23 19 0.111111
89 19 0.111111
15 20 0.111111
16 20 0.111111
17 20 0.111111
18 20 0.111111
19 20 0.111111
21 20 0.111111
22 20 0.111111
23 20 0.111111
24 20 0.111111
15 40 0.142857
36 40 0.142857
37 40 0.142857
38 40 0.142857
41 40 0.142857
43 40 0.142857
44 40 0.142857
16 68 0.1
49 68 0.1
64 68 0.1
65 68 0.1
66 68 0.1
67 68 0.1
69 68 0.1
70 68 0.1
71 68 0.1
91 68 0.1
17 21 0.125
18 21 0.125
19 21 0.125
20 21 0.125
22 21 0.125
23 21 0.125
24 21 0.125
25 21 0.125
18 22 0.125
19 22 0.125
20 22 0.125
21 22 0.125
23 22 0.125
24 22 0.125
25 22 0.125
26 22 0.125
18 76 0.125
72 76 0.125
73 76 0.125
74 76 0.125
75 76 0.125
77 76 0.125
78 76 0.125
79 76 0.125
19 89 0.142857
44 89 0.142857
85 89 0.142857
86 89 0.142857
90 89 0.142857
92 89 0.142857
93 89 0.142857
20 24 0.125
21 24 0.125
22 24 0.125
23 24 0.125
25 24 0.125
26 24 0.125
27 24 0.125
28 24 0.125
21 25 0.142857
22 25 0.142857
24 25 0.142857
26 25 0.142857
27 25 0.142857
28 25 0.142857
29 25 0.142857
23 27 0.111111
24 27 0.111111
25 27 0.111111
26 27 0.111111
28 27 0.111111
29 27 0.111111
30 27 0.111111
31 27 0.111111
39 27 0.111111
23 78 0.125
61 78 0.125
75 78 0.125
76 78 0.125
77 78 0.125
79 78 0.125
81 78 0.125
82 78 0.125
24 28 0.125
25 28 0.125
26 28 0.125
27 28 0.125
29 28 0.125
30 28 0.125
31 28 0.125
32 28 0.125
25 29 0.125
26 29 0.125
27 29 0.125
28 29 0.125
30 29 0.125
31 29 0.125
32 29 0.125
33 29 0.125
26 30 0.125
27 30 0.125
28 30 0.125
29 30 0.125
31 30 0.125
33 30 0.125
34 30 0.125
103 30 0.125
26 83 0.142857
79 83 0.142857
80 83 0.142857
81 83 0.142857
85 83 0.142857
86 83 0.142857
87 83 0.142857
27 31 0.125
28 31 0.125
29 31 0.125
30 31 0.125
32 31 0.125
33 31 0.125
34 31 0.125
35 31 0.125
27 39 0.125
35 39 0.125
36 39 0.125
37 39 0.125
38 39 0.125
41 39 0.125
42 39 0.125
43 39 0.125
29 33 0.142857
30 33 0.142857
31 33 0.142857
34 33 0.142857
36 33 0.142857
112 33 0.142857
51 33 0.142857
30 34 0.111111
31 34 0.111111
32 34 0.111111
33 34 0.111111
35 34 0.111111
36 34 0.111111
37 34 0.111111
38 34 0.111111
66 34 0.111111
30 103 0.111111
99 103 0.111111
100 103 0.111111
101 103 0.111111
102 103 0.111111
104 103 0.111111
105 103 0.111111
106 103 0.111111
107 103 0.111111
31 35 0.142857
32 35 0.142857
34 35 0.142857
36 35 0.142857
37 35 0.142857
38 35 0.142857
39 35 0.142857
32 36 0.125
33 36 0.125
34 36 0.125
35 36 0.125
38 36 0.125
39 36 0.125
40 36 0.125
47 36 0.125
32 74 0.111111
50 74 0.111111
70 74 0.111111
71 74 0.111111
72 74 0.111111
73 74 0.111111
75 74 0.111111
76 74 0.111111
77 74 0.111111
33 112 0.111111
108 112 0.111111
109 112 0.111111
110 112 0.111111
111 112 0.111111
113 112 0.111111
114 112 0.111111
115 112 0.111111
116 112 0.111111
33 51 0.111111
47 51 0.111111
48 51 0.111111
49 51 0.111111
50 51 0.111111
52 51 0.111111
53 51 0.111111
54 51 0.111111
55 51 0.111111
34 37 0.166667
35 37 0.166667
38 37 0.166667
39 37 0.166667
40 37 0.166667
41 37 0.166667
34 38 0.125
35 38 0.125
36 38 0.125
37 38 0.125
39 38 0.125
40 38 0.125
41 38 0.125
42 38 0.125
36 47 0.111111
43 47 0.111111
44 47 0.111111
45 47 0.111111
46 47 0.111111
48 47 0.111111
49 47 0.111111
50 47 0.111111
51 47 0.111111
37 41 0.125
38 41 0.125
39 41 0.125
40 41 0.125
42 41 0.125
43 41 0.125
44 41 0.125
45 41 0.125
39 43 0.125
40 43 0.125
41 43 0.125
42 43 0.125
44 43 0.125
45 43 0.125
46 43 0.125
47 43 0.125
40 44 0.125
41 44 0.125
43 44 0.125
46 44 0.125
47 44 0.125
48 44 0.125
89 44 0.125
60 44 0.125
41 45 0.125
42 45 0.125
43 45 0.125
46 45 0.125
47 45 0.125
48 45 0.125
49 45 0.125
114 45 0.125
42 46 0.125
43 46 0.125
44 46 0.125
45 46 0.125
47 46 0.125
48 46 0.125
49 46 0.125
94 46 0.125
44 48 0.111111
45 48 0.111111
46 48 0.111111
47 48 0.111111
49 48 0.111111
50 48 0.111111
51 48 0.111111
52 48 0.111111
116 48 0.111111
44 60 0.125
56 60 0.125
57 60 0.125
58 60 0.125
59 60 0.125
61 60 0.125
62 60 0.125
64 60 0.125
45 49 0.111111
46 49 0.111111
47 49 0.111111
48 49 0.111111
51 49 0.111111
52 49 0.111111
53 49 0.111111
68 49 0.111111
63 49 0.111111
46 94 0.125
90 94 0.125
91 94 0.125
92 94 0.125
95 94 0.125
96 94 0.125
97 94 0.125
98 94 0.125
47 50 0.166667
48 50 0.166667
51 50 0.166667
52 50 0.166667
54 50 0.166667
74 50 0.166667
48 52 0.125
49 52 0.125
50 52 0.125
51 52 0.125
53 52 0.125
54 52 0.125
55 52 0.125
56 52 0.125
49 53 0.142857
51 53 0.142857
52 53 0.142857
54 53 0.142857
55 53 0.142857
57 53 0.142857
64 53 0.142857
49 63 0.125
59 63 0.125
61 63 0.125
62 63 0.125
64 63 0.125
65 63 0.125
67 63 0.125
104 63 0.125
50 54 0.125
51 54 0.125
52 54 0.125
53 54 0.125
55 54 0.125
56 54 0.125
58 54 0.125
93 54 0.125
51 55 0.125
52 55 0.125
53 55 0.125
54 55 0.125
57 55 0.125
58 55 0.125
59 55 0.125
67 55 0.125
52 56 0.142857
54 56 0.142857
58 56 0.142857
59 56 0.142857
60 56 0.142857
81 56 0.142857
93 56 0.142857
53 57 0.166667
55 57 0.166667
58 57 0.166667
59 57 0.166667
60 57 0.166667
61 57 0.166667
53 64 0.125
60 64 0.125
63 64 0.125
65 64 0.125
66 64 0.125
67 64 0.125
68 64 0.125
82 64 0.125
54 58 0.125
55 58 0.125
56 58 0.125
57 58 0.125
59 58 0.125
60 58 0.125
61 58 0.125
62 58 0.125
54 93 0.111111
56 93 0.111111
89 93 0.111111
90 93 0.111111
91 93 0.111111
92 93 0.111111
95 93 0.111111
96 93 0.111111
97 93 0.111111
55 59 0.125
56 59 0.125
57 59 0.125
58 59 0.125
60 59 0.125
62 59 0.125
63 59 0.125
108 59 0.125
55 67 0.111111
63 67 0.111111
64 67 0.111111
65 67 0.111111
66 67 0.111111
68 67 0.111111
69 67 0.111111
70 67 0.111111
71 67 0.111111
56 81 0.111111
77 81 0.111111
78 81 0.111111
79 81 0.111111
80 81 0.111111
82 81 0.111111
83 81 0.111111
84 81 0.111111
85 81 0.111111
57 61 0.125
58 61 0.125
60 61 0.125
62 61 0.125
63 61 0.125
65 61 0.125
78 61 0.125
88 61 0.125
58 62 0.111111
59 62 0.111111
60 62 0.111111
61 62 0.111111
63 62 0.111111
65 62 0.111111
66 62 0.111111
79 62 0.111111
96 62 0.111111
59 108 0.125
105 108 0.125
106 108 0.125
107 108 0.125
109 108 0.125
110 108 0.125
111 108 0.125
112 108 0.125
61 65 0.125
62 65 0.125
63 65 0.125
64 65 0.125
66 65 0.125
67 65 0.125
68 65 0.125
69 65 0.125
62 79 0.111111
75 79 0.111111
76 79 0.111111
77 79 0.111111
78 79 0.111111
80 79 0.111111
81 79 0.111111
82 79 0.111111
83 79 0.111111
62 96 0.125
92 96 0.125
93 96 0.125
94 96 0.125
95 96 0.125
97 96 0.125
99 96 0.125
100 96 0.125
63 104 0.125
100 104 0.125
101 104 0.125
102 104 0.125
103 104 0.125
105 104 0.125
106 104 0.125
107 104 0.125
64 82 0.125
78 82 0.125
79 82 0.125
80 82 0.125
81 82 0.125
84 82 0.125
85 82 0.125
86 82 0.125
65 69 0.125
66 69 0.125
67 69 0.125
68 69 0.125
70 69 0.125
71 69 0.125
72 69 0.125
73 69 0.125
67 70 0.142857
68 70 0.142857
69 70 0.142857
71 70 0.142857
72 70 0.142857
73 70 0.142857
74 70 0.142857
67 71 0.125
68 71 0.125
69 71 0.125
70 71 0.125
72 71 0.125
73 71 0.125
74 71 0.125
75 71 0.125
68 91 0.125
87 91 0.125
88 91 0.125
90 91 0.125
92 91 0.125
93 91 0.125
94 91 0.125
95 91 0.125
69 72 0.142857
70 72 0.142857
71 72 0.142857
73 72 0.142857
74 72 0.142857
75 72 0.142857
76 72 0.142857
69 73 0.125
70 73 0.125
71 73 0.125
72 73 0.125
74 73 0.125
75 73 0.125
76 73 0.125
77 73 0.125
71 75 0.125
72 75 0.125
73 75 0.125
74 75 0.125
76 75 0.125
77 75 0.125
78 75 0.125
79 75 0.125
73 77 0.125
74 77 0.125
75 77 0.125
76 77 0.125
78 77 0.125
79 77 0.125
80 77 0.125
81 77 0.125
80 84 0.142857
81 84 0.142857
82 84 0.142857
85 84 0.142857
86 84 0.142857
87 84 0.142857
88 84 0.142857
81 85 0.125
82 85 0.125
83 85 0.125
84 85 0.125
86 85 0.125
87 85 0.125
88 85 0.125
89 85 0.125
82 86 0.125
83 86 0.125
84 86 0.125
85 86 0.125
87 86 0.125
88 86 0.125
89 86 0.125
90 86 0.125
83 87 0.125
84 87 0.125
85 87 0.125
86 87 0.125
88 87 0.125
90 87 0.125
91 87 0.125
113 87 0.125
86 90 0.125
87 90 0.125
88 90 0.125
89 90 0.125
91 90 0.125
92 90 0.125
93 90 0.125
94 90 0.125
88 92 0.125
89 92 0.125
90 92 0.125
91 92 0.125
93 92 0.125
94 92 0.125
95 92 0.125
96 92 0.125
88 106 0.111111
102 106 0.111111
103 106 0.111111
104 106 0.111111
105 106 0.111111
107 106 0.111111
108 106 0.111111
109 106 0.111111
110 106 0.111111
91 95 0.125
92 95 0.125
93 95 0.125
94 95 0.125
96 95 0.125
97 95 0.125
98 95 0.125
99 95 0.125
93 97 0.125
94 97 0.125
95 97 0.125
96 97 0.125
98 97 0.125
99 97 0.125
100 97 0.125
101 97 0.125
94 98 0.142857
95 98 0.142857
97 98 0.142857
99 98 0.142857
100 98 0.142857
101 98 0.142857
102 98 0.142857
96 100 0.142857
97 100 0.142857
98 100 0.142857
101 100 0.142857
102 100 0.142857
103 100 0.142857
104 100 0.142857
97 101 0.125
98 101 0.125
99 101 0.125
100 101 0.125
102 101 0.125
103 101 0.125
104 101 0.125
105 101 0.125
98 102 0.125
99 102 0.125
100 102 0.125
101 102 0.125
103 102 0.125
104 102 0.125
105 102 0.125
106 102 0.125
101 105 0.125
102 105 0.125
103 105 0.125
104 105 0.125
106 105 0.125
107 105 0.125
108 105 0.125
109 105 0.125
103 107 0.125
104 107 0.125
105 107 0.125
106 107 0.125
108 107 0.125
109 107 0.125
110 107 0.125
111 107 0.125
105 109 0.125
106 109 0.125
107 109 0.125
108 109 0.125
110 109 0.125
111 109 0.125
112 109 0.125
113 109 0.125
106 110 0.125
107 110 0.125
108 110 0.125
109 110 0.125
111 110 0.125
112 110 0.125
113 110 0.125
114 110 0.125
107 111 0.125
108 111 0.125
109 111 0.125
110 111 0.125
112 111 0.125
113 111 0.125
114 111 0.125
115 111 0.125
1 0 0.125
116 0 0.125
2 0 0.125
115 0 0.125
3 0 0.125
114 0 0.125
4 0 0.125
113 0 0.125
