0 1 0.125
2 1 0.125
3 1 0.125
476 1 0.125
4 1 0.125
475 1 0.125
5 1 0.125
474 1 0.125
0 476 0.125
1 476 0.125
2 476 0.125
3 476 0.125
472 476 0.125
473 476 0.125
474 476 0.125
475 476 0.125
0 475 0.111111
1 475 0.111111
2 475 0.111111
251 475 0.111111
347 475 0.111111
472 475 0.111111
473 475 0.111111
474 475 0.111111
476 475 0.111111
0 3 0.125
1 3 0.125
2 3 0.125
4 3 0.125
5 3 0.125
6 3 0.125
7 3 0.125
476 3 0.125
0 474 0.142857
1 474 0.142857
470 474 0.142857
471 474 0.142857
472 474 0.142857
475 474 0.142857
476 474 0.142857
0 4 0.125
1 4 0.125
2 4 0.125
3 4 0.125
5 4 0.125
6 4 0.125
8 4 0.125
46 4 0.125
0 473 0.111111
152 473 0.111111
156 473 0.111111
175 473 0.111111
469 473 0.111111
470 473 0.111111
471 473 0.111111
475 473 0.111111
476 473 0.111111
0 80 0.1
39 80 0.1
76 80 0.1
77 80 0.1
78 80 0.1
79 80 0.1
81 80 0.1
82 80 0.1
83 80 0.1
84 80 0.1
0 168 0.142857
164 168 0.142857
166 168 0.142857
167 168 0.142857
169 168 0.142857
171 168 0.142857
172 168 0.142857
1 2 0.125
3 2 0.125
4 2 0.125
5 2 0.125
476 2 0.125
6 2 0.125
475 2 0.125
32 2 0.125
1 5 0.125
2 5 0.125
3 5 0.125
4 5 0.125
6 5 0.125
7 5 0.125
8 5 0.125
9 5 0.125
2 6 0.125
3 6 0.125
4 6 0.125
5 6 0.125
7 6 0.125
8 6 0.125
9 6 0.125
10 6 0.125
2 32 0.166667
28 32 0.166667
29 32 0.166667
35 32 0.166667
36 32 0.166667
408 32 0.166667
3 7 0.125
5 7 0.125
6 7 0.125
8 7 0.125
9 7 0.125
10 7 0.125
11 7 0.125
158 7 0.125
4 8 0.111111
5 8 0.111111
6 8 0.111111
7 8 0.111111
9 8 0.111111
10 8 0.111111
11 8 0.111111
12 8 0.111111
48 8 0.111111
4 46 0.111111
42 46 0.111111
43 46 0.111111
44 46 0.111111
45 46 0.111111
47 46 0.111111
48 46 0.111111
49 46 0.111111
50 46 0.111111
5 9 0.111111
6 9 0.111111
7 9 0.111111
8 9 0.111111
10 9 0.111111
11 9 0.111111
13 9 0.111111
383 9 0.111111
169 9 0.111111
6 10 0.111111
7 10 0.111111
8 10 0.111111
9 10 0.111111
11 10 0.111111
12 10 0.111111
13 10 0.111111
14 10 0.111111
126 10 0.111111
7 11 0.125
8 11 0.125
9 11 0.125
10 11 0.125
12 11 0.125
14 11 0.125
15 11 0.125
414 11 0.125
7 158 0.111111
154 158 0.111111
155 158 0.111111
156 158 0.111111
157 158 0.111111
159 158 0.111111
161 158 0.111111
162 158 0.111111
294 158 0.111111
8 12 0.142857
10 12 0.142857
11 12 0.142857
13 12 0.142857
14 12 0.142857
15 12 0.142857
16 12 0.142857
8 48 0.125
45 48 0.125
46 48 0.125
47 48 0.125
49 48 0.125
50 48 0.125
52 48 0.125
434 48 0.125
9 13 0.125
10 13 0.125
12 13 0.125
14 13 0.125
16 13 0.125
17 13 0.125
63 13 0.125
385 13 0.125
9 383 0.111111
379 383 0.111111
380 383 0.111111
381 383 0.111111
382 383 0.111111
384 383 0.111111
385 383 0.111111
386 383 0.111111
387 383 0.111111
9 169 0.125
165 169 0.125
166 169 0.125
167 169 0.125
168 169 0.125
170 169 0.125
171 169 0.125
173 169 0.125
10 14 0.111111
11 14 0.111111
12 14 0.111111
13 14 0.111111
16 14 0.111111
18 14 0.111111
462 14 0.111111
414 14 0.111111
116 14 0.111111
10 126 0.125
122 126 0.125
123 126 0.125
124 126 0.125
125 126 0.125
128 126 0.125
129 126 0.125
130 126 0.125
11 15 0.125
12 15 0.125
16 15 0.125
17 15 0.125
18 15 0.125
19 15 0.125
265 15 0.125
259 15 0.125
11 414 0.125
14 414 0.125
72 414 0.125
410 414 0.125
412 414 0.125
415 414 0.125
417 414 0.125
418 414 0.125
12 16 0.125
13 16 0.125
14 16 0.125
15 16 0.125
17 16 0.125
18 16 0.125
19 16 0.125
232 16 0.125
13 17 0.125
15 17 0.125
16 17 0.125
18 17 0.125
19 17 0.125
20 17 0.125
21 17 0.125
144 17 0.125
13 63 0.142857
59 63 0.142857
60 63 0.142857
61 63 0.142857
66 63 0.142857
67 63 0.142857
450 63 0.142857
13 385 0.111111
381 385 0.111111
382 385 0.111111
383 385 0.111111
384 385 0.111111
386 385 0.111111
387 385 0.111111
388 385 0.111111
389 385 0.111111
14 18 0.125
15 18 0.125
16 18 0.125
17 18 0.125
19 18 0.125
20 18 0.125
21 18 0.125
22 18 0.125
14 462 0.142857
460 462 0.142857
461 462 0.142857
463 462 0.142857
464 462 0.142857
465 462 0.142857
466 462 0.142857
14 116 0.111111
112 116 0.111111
113 116 0.111111
114 116 0.111111
115 116 0.111111
117 116 0.111111
118 116 0.111111
119 116 0.111111
120 116 0.111111
15 19 0.125
16 19 0.125
17 19 0.125
18 19 0.125
21 19 0.125
320 19 0.125
103 19 0.125
379 19 0.125
15 265 0.125
261 265 0.125
262 265 0.125
263 265 0.125
264 265 0.125
266 265 0.125
267 265 0.125
411 265 0.125
15 259 0.111111
255 259 0.111111
256 259 0.111111
257 259 0.111111
258 259 0.111111
260 259 0.111111
261 259 0.111111
262 259 0.111111
270 259 0.111111
16 232 0.111111
228 232 0.111111
229 232 0.111111
230 232 0.111111
231 232 0.111111
233 232 0.111111
234 232 0.111111
235 232 0.111111
236 232 0.111111
17 20 0.142857
18 20 0.142857
21 20 0.142857
22 20 0.142857
23 20 0.142857
24 20 0.142857
130 20 0.142857
17 21 0.125
18 21 0.125
19 21 0.125
20 21 0.125
22 21 0.125
23 21 0.125
24 21 0.125
25 21 0.125
17 144 0.125
140 144 0.125
141 144 0.125
142 144 0.125
143 144 0.125
147 144 0.125
148 144 0.125
249 144 0.125
18 22 0.111111
20 22 0.111111
21 22 0.111111
24 22 0.111111
25 22 0.111111
26 22 0.111111
68 22 0.111111
429 22 0.111111
33 22 0.111111
19 320 0.111111
316 320 0.111111
317 320 0.111111
318 320 0.111111
319 320 0.111111
321 320 0.111111
322 320 0.111111
323 320 0.111111
366 320 0.111111
19 103 0.142857
99 103 0.142857
101 103 0.142857
104 103 0.142857
105 103 0.142857
106 103 0.142857
107 103 0.142857
19 379 0.125
249 379 0.125
376 379 0.125
378 379 0.125
380 379 0.125
381 379 0.125
382 379 0.125
383 379 0.125
20 23 0.166667
21 23 0.166667
24 23 0.166667
25 23 0.166667
26 23 0.166667
27 23 0.166667
20 24 0.125
21 24 0.125
22 24 0.125
23 24 0.125
25 24 0.125
26 24 0.125
27 24 0.125
28 24 0.125
20 130 0.125
126 130 0.125
127 130 0.125
128 130 0.125
129 130 0.125
131 130 0.125
132 130 0.125
133 130 0.125
21 25 0.125
22 25 0.125
23 25 0.125
24 25 0.125
26 25 0.125
27 25 0.125
28 25 0.125
29 25 0.125
22 26 0.125
23 26 0.125
24 26 0.125
25 26 0.125
28 26 0.125
29 26 0.125
30 26 0.125
262 26 0.125
22 68 0.125
43 68 0.125
65 68 0.125
67 68 0.125
69 68 0.125
71 68 0.125
72 68 0.125
157 68 0.125
22 429 0.111111
334 429 0.111111
425 429 0.111111
426 429 0.111111
427 429 0.111111
428 429 0.111111
430 429 0.111111
432 429 0.111111
433 429 0.111111
22 33 0.166667
30 33 0.166667
31 33 0.166667
34 33 0.166667
35 33 0.166667
37 33 0.166667
23 27 0.142857
24 27 0.142857
25 27 0.142857
28 27 0.142857
29 27 0.142857
30 27 0.142857
31 27 0.142857
24 28 0.125
25 28 0.125
26 28 0.125
27 28 0.125
29 28 0.125
30 28 0.125
32 28 0.125
274 28 0.125
25 29 0.125
26 29 0.125
27 29 0.125
28 29 0.125
30 29 0.125
31 29 0.125
32 29 0.125
182 29 0.125
26 30 0.125
27 30 0.125
28 30 0.125
29 30 0.125
31 30 0.125
33 30 0.125
34 30 0.125
189 30 0.125
26 262 0.111111
258 262 0.111111
259 262 0.111111
260 262 0.111111
263 262 0.111111
264 262 0.111111
265 262 0.111111
266 262 0.111111
437 262 0.111111
27 31 0.142857
29 31 0.142857
30 31 0.142857
33 31 0.142857
34 31 0.142857
35 31 0.142857
333 31 0.142857
28 274 0.125
107 274 0.125
270 274 0.125
271 274 0.125
272 274 0.125
275 274 0.125
277 274 0.125
278 274 0.125
29 182 0.1
148 182 0.1
178 182 0.1
179 182 0.1
180 182 0.1
181 182 0.1
183 182 0.1
184 182 0.1
185 182 0.1
186 182 0.1
30 34 0.125
31 34 0.125
33 34 0.125
35 34 0.125
36 34 0.125
37 34 0.125
38 34 0.125
405 34 0.125
30 189 0.125
185 189 0.125
186 189 0.125
187 189 0.125
190 189 0.125
191 189 0.125
192 189 0.125
193 189 0.125
31 35 0.125
32 35 0.125
33 35 0.125
34 35 0.125
36 35 0.125
37 35 0.125
38 35 0.125
39 35 0.125
31 333 0.111111
329 333 0.111111
330 333 0.111111
331 333 0.111111
332 333 0.111111
334 333 0.111111
335 333 0.111111
336 333 0.111111
337 333 0.111111
32 36 0.142857
34 36 0.142857
35 36 0.142857
37 36 0.142857
40 36 0.142857
365 36 0.142857
97 36 0.142857
32 408 0.111111
404 408 0.111111
405 408 0.111111
406 408 0.111111
407 408 0.111111
409 408 0.111111
410 408 0.111111
411 408 0.111111
412 408 0.111111
33 37 0.111111
34 37 0.111111
35 37 0.111111
36 37 0.111111
38 37 0.111111
40 37 0.111111
41 37 0.111111
119 37 0.111111
254 37 0.111111
34 38 0.111111
35 38 0.111111
37 38 0.111111
39 38 0.111111
40 38 0.111111
41 38 0.111111
42 38 0.111111
206 38 0.111111
292 38 0.111111
34 405 0.142857
175 405 0.142857
401 405 0.142857
403 405 0.142857
404 405 0.142857
407 405 0.142857
408 405 0.142857
35 39 0.166667
38 39 0.166667
40 39 0.166667
42 39 0.166667
43 39 0.166667
80 39 0.166667
36 40 0.125
37 40 0.125
38 40 0.125
39 40 0.125
41 40 0.125
42 40 0.125
43 40 0.125
44 40 0.125
36 365 0.111111
361 365 0.111111
362 365 0.111111
363 365 0.111111
364 365 0.111111
366 365 0.111111
367 365 0.111111
368 365 0.111111
369 365 0.111111
36 97 0.111111
93 97 0.111111
94 97 0.111111
95 97 0.111111
96 97 0.111111
98 97 0.111111
99 97 0.111111
100 97 0.111111
101 97 0.111111
37 41 0.125
38 41 0.125
40 41 0.125
42 41 0.125
43 41 0.125
44 41 0.125
45 41 0.125
195 41 0.125
37 119 0.111111
115 119 0.111111
116 119 0.111111
117 119 0.111111
118 119 0.111111
120 119 0.111111
121 119 0.111111
122 119 0.111111
123 119 0.111111
37 254 0.142857
250 254 0.142857
252 254 0.142857
253 254 0.142857
255 254 0.142857
256 254 0.142857
257 254 0.142857
38 42 0.125
39 42 0.125
40 42 0.125
41 42 0.125
43 42 0.125
44 42 0.125
45 42 0.125
46 42 0.125
38 206 0.125
202 206 0.125
203 206 0.125
204 206 0.125
205 206 0.125
207 206 0.125
209 206 0.125
210 206 0.125
38 292 0.111111
96 292 0.111111
288 292 0.111111
289 292 0.111111
290 292 0.111111
291 292 0.111111
293 292 0.111111
294 292 0.111111
295 292 0.111111
39 43 0.111111
40 43 0.111111
41 43 0.111111
42 43 0.111111
44 43 0.111111
45 43 0.111111
46 43 0.111111
47 43 0.111111
68 43 0.111111
40 44 0.125
41 44 0.125
42 44 0.125
43 44 0.125
45 44 0.125
46 44 0.125
47 44 0.125
106 44 0.125
41 45 0.125
42 45 0.125
43 45 0.125
44 45 0.125
46 45 0.125
47 45 0.125
48 45 0.125
49 45 0.125
41 195 0.125
191 195 0.125
192 195 0.125
193 195 0.125
194 195 0.125
196 195 0.125
197 195 0.125
198 195 0.125
43 47 0.125
44 47 0.125
45 47 0.125
46 47 0.125
48 47 0.125
49 47 0.125
50 47 0.125
51 47 0.125
44 106 0.1
102 106 0.1
103 106 0.1
104 106 0.1
105 106 0.1
107 106 0.1
108 106 0.1
109 106 0.1
110 106 0.1
270 106 0.1
45 49 0.125
46 49 0.125
47 49 0.125
48 49 0.125
50 49 0.125
51 49 0.125
52 49 0.125
53 49 0.125
46 50 0.125
47 50 0.125
48 50 0.125
49 50 0.125
51 50 0.125
53 50 0.125
54 50 0.125
109 50 0.125
47 51 0.142857
49 51 0.142857
50 51 0.142857
52 51 0.142857
53 51 0.142857
54 51 0.142857
55 51 0.142857
48 52 0.142857
49 52 0.142857
51 52 0.142857
53 52 0.142857
54 52 0.142857
418 52 0.142857
362 52 0.142857
48 434 0.142857
430 434 0.142857
432 434 0.142857
433 434 0.142857
435 434 0.142857
436 434 0.142857
438 434 0.142857
49 53 0.125
50 53 0.125
51 53 0.125
52 53 0.125
54 53 0.125
55 53 0.125
56 53 0.125
57 53 0.125
50 54 0.111111
51 54 0.111111
52 54 0.111111
53 54 0.111111
55 54 0.111111
56 54 0.111111
57 54 0.111111
58 54 0.111111
417 54 0.111111
50 109 0.1
105 109 0.1
106 109 0.1
107 109 0.1
108 109 0.1
110 109 0.1
111 109 0.1
112 109 0.1
113 109 0.1
413 109 0.1
51 55 0.142857
53 55 0.142857
54 55 0.142857
56 55 0.142857
57 55 0.142857
58 55 0.142857
59 55 0.142857
52 418 0.125
414 418 0.125
416 418 0.125
417 418 0.125
419 418 0.125
420 418 0.125
421 418 0.125
422 418 0.125
52 362 0.111111
358 362 0.111111
359 362 0.111111
360 362 0.111111
361 362 0.111111
363 362 0.111111
365 362 0.111111
366 362 0.111111
396 362 0.111111
53 56 0.125
54 56 0.125
55 56 0.125
57 56 0.125
58 56 0.125
59 56 0.125
60 56 0.125
472 56 0.125
53 57 0.1
54 57 0.1
55 57 0.1
56 57 0.1
58 57 0.1
59 57 0.1
60 57 0.1
239 57 0.1
323 57 0.1
171 57 0.1
54 58 0.1
55 58 0.1
56 58 0.1
57 58 0.1
59 58 0.1
60 58 0.1
61 58 0.1
62 58 0.1
141 58 0.1
275 58 0.1
54 417 0.142857
414 417 0.142857
415 417 0.142857
416 417 0.142857
418 417 0.142857
419 417 0.142857
421 417 0.142857
55 59 0.125
56 59 0.125
57 59 0.125
58 59 0.125
60 59 0.125
61 59 0.125
62 59 0.125
63 59 0.125
56 60 0.125
57 60 0.125
58 60 0.125
59 60 0.125
61 60 0.125
62 60 0.125
63 60 0.125
64 60 0.125
56 472 0.125
468 472 0.125
469 472 0.125
470 472 0.125
471 472 0.125
474 472 0.125
475 472 0.125
476 472 0.125
57 239 0.111111
235 239 0.111111
236 239 0.111111
237 239 0.111111
238 239 0.111111
241 239 0.111111
242 239 0.111111
243 239 0.111111
307 239 0.111111
57 323 0.111111
320 323 0.111111
321 323 0.111111
322 323 0.111111
324 323 0.111111
325 323 0.111111
326 323 0.111111
327 323 0.111111
459 323 0.111111
57 171 0.125
84 171 0.125
167 171 0.125
168 171 0.125
169 171 0.125
170 171 0.125
172 171 0.125
174 171 0.125
58 61 0.142857
59 61 0.142857
60 61 0.142857
62 61 0.142857
63 61 0.142857
64 61 0.142857
361 61 0.142857
58 62 0.125
59 62 0.125
60 62 0.125
61 62 0.125
64 62 0.125
65 62 0.125
66 62 0.125
288 62 0.125
58 141 0.125
137 141 0.125
138 141 0.125
139 141 0.125
140 141 0.125
143 141 0.125
144 141 0.125
145 141 0.125
58 275 0.142857
73 275 0.142857
271 275 0.142857
272 275 0.142857
274 275 0.142857
278 275 0.142857
468 275 0.142857
60 64 0.142857
61 64 0.142857
62 64 0.142857
65 64 0.142857
67 64 0.142857
447 64 0.142857
172 64 0.142857
61 361 0.125
358 361 0.125
359 361 0.125
360 361 0.125
362 361 0.125
363 361 0.125
364 361 0.125
365 361 0.125
62 65 0.142857
64 65 0.142857
66 65 0.142857
67 65 0.142857
68 65 0.142857
69 65 0.142857
360 65 0.142857
62 66 0.142857
63 66 0.142857
65 66 0.142857
67 66 0.142857
69 66 0.142857
70 66 0.142857
145 66 0.142857
62 288 0.111111
284 288 0.111111
285 288 0.111111
286 288 0.111111
287 288 0.111111
289 288 0.111111
290 288 0.111111
291 288 0.111111
292 288 0.111111
63 67 0.125
64 67 0.125
65 67 0.125
66 67 0.125
68 67 0.125
69 67 0.125
70 67 0.125
71 67 0.125
63 450 0.111111
446 450 0.111111
447 450 0.111111
448 450 0.111111
449 450 0.111111
451 450 0.111111
452 450 0.111111
453 450 0.111111
454 450 0.111111
64 447 0.125
444 447 0.125
445 447 0.125
446 447 0.125
448 447 0.125
449 447 0.125
450 447 0.125
451 447 0.125
64 172 0.111111
168 172 0.111111
170 172 0.111111
171 172 0.111111
174 172 0.111111
175 172 0.111111
283 172 0.111111
184 172 0.111111
251 172 0.111111
65 69 0.111111
66 69 0.111111
67 69 0.111111
68 69 0.111111
70 69 0.111111
71 69 0.111111
72 69 0.111111
73 69 0.111111
455 69 0.111111
65 360 0.111111
297 360 0.111111
356 360 0.111111
357 360 0.111111
358 360 0.111111
359 360 0.111111
361 360 0.111111
362 360 0.111111
364 360 0.111111
66 70 0.142857
67 70 0.142857
69 70 0.142857
71 70 0.142857
72 70 0.142857
73 70 0.142857
74 70 0.142857
66 145 0.125
141 145 0.125
142 145 0.125
143 145 0.125
146 145 0.125
147 145 0.125
148 145 0.125
208 145 0.125
67 71 0.111111
68 71 0.111111
69 71 0.111111
70 71 0.111111
72 71 0.111111
73 71 0.111111
74 71 0.111111
75 71 0.111111
402 71 0.111111
68 72 0.125
69 72 0.125
70 72 0.125
71 72 0.125
73 72 0.125
74 72 0.125
75 72 0.125
414 72 0.125
68 157 0.111111
153 157 0.111111
154 157 0.111111
155 157 0.111111
156 157 0.111111
158 157 0.111111
160 157 0.111111
161 157 0.111111
413 157 0.111111
69 73 0.111111
70 73 0.111111
71 73 0.111111
72 73 0.111111
74 73 0.111111
75 73 0.111111
76 73 0.111111
77 73 0.111111
275 73 0.111111
69 455 0.125
451 455 0.125
452 455 0.125
453 455 0.125
454 455 0.125
457 455 0.125
458 455 0.125
459 455 0.125
70 74 0.111111
71 74 0.111111
72 74 0.111111
73 74 0.111111
75 74 0.111111
76 74 0.111111
77 74 0.111111
78 74 0.111111
263 74 0.111111
71 75 0.125
72 75 0.125
73 75 0.125
74 75 0.125
76 75 0.125
77 75 0.125
78 75 0.125
79 75 0.125
71 402 0.125
398 402 0.125
399 402 0.125
400 402 0.125
401 402 0.125
403 402 0.125
406 402 0.125
432 402 0.125
73 76 0.111111
74 76 0.111111
75 76 0.111111
77 76 0.111111
78 76 0.111111
79 76 0.111111
80 76 0.111111
269 76 0.111111
370 76 0.111111
73 77 0.125
74 77 0.125
75 77 0.125
76 77 0.125
78 77 0.125
80 77 0.125
81 77 0.125
93 77 0.125
74 78 0.125
75 78 0.125
76 78 0.125
77 78 0.125
79 78 0.125
80 78 0.125
81 78 0.125
82 78 0.125
74 263 0.125
260 263 0.125
261 263 0.125
262 263 0.125
264 263 0.125
265 263 0.125
267 263 0.125
440 263 0.125
75 79 0.142857
76 79 0.142857
78 79 0.142857
80 79 0.142857
81 79 0.142857
82 79 0.142857
83 79 0.142857
76 269 0.125
174 269 0.125
266 269 0.125
267 269 0.125
268 269 0.125
270 269 0.125
272 269 0.125
273 269 0.125
76 370 0.125
366 370 0.125
367 370 0.125
368 370 0.125
369 370 0.125
371 370 0.125
372 370 0.125
373 370 0.125
77 81 0.125
78 81 0.125
79 81 0.125
80 81 0.125
82 81 0.125
83 81 0.125
84 81 0.125
85 81 0.125
77 93 0.111111
89 93 0.111111
90 93 0.111111
91 93 0.111111
92 93 0.111111
94 93 0.111111
95 93 0.111111
96 93 0.111111
97 93 0.111111
78 82 0.125
79 82 0.125
80 82 0.125
81 82 0.125
83 82 0.125
84 82 0.125
85 82 0.125
86 82 0.125
79 83 0.125
80 83 0.125
81 83 0.125
82 83 0.125
84 83 0.125
85 83 0.125
86 83 0.125
87 83 0.125
80 84 0.111111
81 84 0.111111
82 84 0.111111
83 84 0.111111
85 84 0.111111
86 84 0.111111
87 84 0.111111
88 84 0.111111
171 84 0.111111
81 85 0.125
82 85 0.125
83 85 0.125
84 85 0.125
86 85 0.125
87 85 0.125
88 85 0.125
89 85 0.125
82 86 0.125
83 86 0.125
84 86 0.125
85 86 0.125
87 86 0.125
88 86 0.125
89 86 0.125
90 86 0.125
83 87 0.125
84 87 0.125
85 87 0.125
86 87 0.125
88 87 0.125
89 87 0.125
90 87 0.125
91 87 0.125
84 88 0.111111
85 88 0.111111
86 88 0.111111
87 88 0.111111
90 88 0.111111
91 88 0.111111
92 88 0.111111
131 88 0.111111
409 88 0.111111
85 89 0.142857
86 89 0.142857
87 89 0.142857
90 89 0.142857
91 89 0.142857
92 89 0.142857
93 89 0.142857
86 90 0.125
87 90 0.125
88 90 0.125
89 90 0.125
91 90 0.125
92 90 0.125
93 90 0.125
94 90 0.125
87 91 0.125
88 91 0.125
89 91 0.125
90 91 0.125
92 91 0.125
93 91 0.125
94 91 0.125
95 91 0.125
88 92 0.125
89 92 0.125
90 92 0.125
91 92 0.125
93 92 0.125
94 92 0.125
95 92 0.125
96 92 0.125
88 131 0.111111
127 131 0.111111
128 131 0.111111
129 131 0.111111
130 131 0.111111
132 131 0.111111
133 131 0.111111
134 131 0.111111
135 131 0.111111
88 409 0.142857
406 409 0.142857
407 409 0.142857
408 409 0.142857
410 409 0.142857
411 409 0.142857
413 409 0.142857
90 94 0.125
91 94 0.125
92 94 0.125
93 94 0.125
95 94 0.125
96 94 0.125
97 94 0.125
98 94 0.125
91 95 0.125
92 95 0.125
93 95 0.125
94 95 0.125
96 95 0.125
97 95 0.125
98 95 0.125
99 95 0.125
92 96 0.125
93 96 0.125
94 96 0.125
95 96 0.125
97 96 0.125
98 96 0.125
100 96 0.125
292 96 0.125
94 98 0.125
95 98 0.125
96 98 0.125
97 98 0.125
99 98 0.125
100 98 0.125
101 98 0.125
102 98 0.125
95 99 0.142857
97 99 0.142857
98 99 0.142857
100 99 0.142857
101 99 0.142857
102 99 0.142857
103 99 0.142857
96 100 0.125
97 100 0.125
98 100 0.125
99 100 0.125
101 100 0.125
102 100 0.125
104 100 0.125
446 100 0.125
97 101 0.111111
98 101 0.111111
99 101 0.111111
100 101 0.111111
102 101 0.111111
103 101 0.111111
104 101 0.111111
105 101 0.111111
443 101 0.111111
98 102 0.125
99 102 0.125
100 102 0.125
101 102 0.125
105 102 0.125
106 102 0.125
236 102 0.125
390 102 0.125
100 104 0.142857
101 104 0.142857
103 104 0.142857
105 104 0.142857
106 104 0.142857
107 104 0.142857
108 104 0.142857
100 446 0.125
310 446 0.125
443 446 0.125
444 446 0.125
445 446 0.125
447 446 0.125
449 446 0.125
450 446 0.125
101 105 0.1
102 105 0.1
103 105 0.1
104 105 0.1
106 105 0.1
107 105 0.1
108 105 0.1
109 105 0.1
247 105 0.1
242 105 0.1
101 443 0.125
439 443 0.125
440 443 0.125
441 443 0.125
442 443 0.125
444 443 0.125
445 443 0.125
446 443 0.125
102 236 0.111111
232 236 0.111111
233 236 0.111111
234 236 0.111111
235 236 0.111111
237 236 0.111111
238 236 0.111111
239 236 0.111111
240 236 0.111111
102 390 0.111111
386 390 0.111111
387 390 0.111111
388 390 0.111111
389 390 0.111111
391 390 0.111111
392 390 0.111111
393 390 0.111111
394 390 0.111111
103 107 0.1
104 107 0.1
105 107 0.1
106 107 0.1
108 107 0.1
109 107 0.1
110 107 0.1
111 107 0.1
274 107 0.1
407 107 0.1
104 108 0.1
105 108 0.1
106 108 0.1
107 108 0.1
109 108 0.1
110 108 0.1
112 108 0.1
273 108 0.1
421 108 0.1
345 108 0.1
105 247 0.125
243 247 0.125
244 247 0.125
245 247 0.125
246 247 0.125
249 247 0.125
250 247 0.125
251 247 0.125
105 242 0.125
238 242 0.125
239 242 0.125
240 242 0.125
241 242 0.125
244 242 0.125
245 242 0.125
341 242 0.125
106 110 0.125
107 110 0.125
108 110 0.125
109 110 0.125
111 110 0.125
112 110 0.125
113 110 0.125
114 110 0.125
106 270 0.125
259 270 0.125
266 270 0.125
267 270 0.125
268 270 0.125
269 270 0.125
273 270 0.125
274 270 0.125
107 111 0.142857
109 111 0.142857
110 111 0.142857
112 111 0.142857
113 111 0.142857
114 111 0.142857
115 111 0.142857
107 407 0.125
403 407 0.125
404 407 0.125
405 407 0.125
406 407 0.125
408 407 0.125
409 407 0.125
411 407 0.125
108 112 0.125
109 112 0.125
110 112 0.125
111 112 0.125
113 112 0.125
114 112 0.125
115 112 0.125
116 112 0.125
108 273 0.142857
269 273 0.142857
270 273 0.142857
272 273 0.142857
276 273 0.142857
277 273 0.142857
356 273 0.142857
108 421 0.125
417 421 0.125
418 421 0.125
419 421 0.125
420 421 0.125
422 421 0.125
424 421 0.125
425 421 0.125
108 345 0.1
181 345 0.1
341 345 0.1
342 345 0.1
343 345 0.1
344 345 0.1
346 345 0.1
347 345 0.1
349 345 0.1
458 345 0.1
109 113 0.111111
110 113 0.111111
111 113 0.111111
112 113 0.111111
114 113 0.111111
115 113 0.111111
116 113 0.111111
117 113 0.111111
411 113 0.111111
109 413 0.142857
157 413 0.142857
409 413 0.142857
411 413 0.142857
412 413 0.142857
415 413 0.142857
416 413 0.142857
110 114 0.125
111 114 0.125
112 114 0.125
113 114 0.125
115 114 0.125
116 114 0.125
117 114 0.125
118 114 0.125
111 115 0.125
112 115 0.125
113 115 0.125
114 115 0.125
116 115 0.125
117 115 0.125
118 115 0.125
119 115 0.125
113 117 0.125
114 117 0.125
115 117 0.125
116 117 0.125
118 117 0.125
119 117 0.125
120 117 0.125
121 117 0.125
113 411 0.111111
159 411 0.111111
265 411 0.111111
407 411 0.111111
408 411 0.111111
409 411 0.111111
410 411 0.111111
413 411 0.111111
415 411 0.111111
114 118 0.125
115 118 0.125
116 118 0.125
117 118 0.125
119 118 0.125
120 118 0.125
121 118 0.125
122 118 0.125
116 120 0.111111
117 120 0.111111
118 120 0.111111
119 120 0.111111
121 120 0.111111
122 120 0.111111
123 120 0.111111
124 120 0.111111
204 120 0.111111
117 121 0.125
118 121 0.125
119 121 0.125
120 121 0.125
122 121 0.125
123 121 0.125
124 121 0.125
125 121 0.125
118 122 0.111111
119 122 0.111111
120 122 0.111111
121 122 0.111111
123 122 0.111111
124 122 0.111111
125 122 0.111111
126 122 0.111111
471 122 0.111111
119 123 0.125
120 123 0.125
121 123 0.125
122 123 0.125
124 123 0.125
125 123 0.125
126 123 0.125
127 123 0.125
120 124 0.111111
121 124 0.111111
122 124 0.111111
123 124 0.111111
125 124 0.111111
126 124 0.111111
127 124 0.111111
128 124 0.111111
261 124 0.111111
120 204 0.125
200 204 0.125
201 204 0.125
202 204 0.125
203 204 0.125
205 204 0.125
206 204 0.125
208 204 0.125
121 125 0.111111
122 125 0.111111
123 125 0.111111
124 125 0.111111
126 125 0.111111
127 125 0.111111
128 125 0.111111
129 125 0.111111
294 125 0.111111
122 471 0.142857
467 471 0.142857
469 471 0.142857
470 471 0.142857
472 471 0.142857
473 471 0.142857
474 471 0.142857
123 127 0.125
124 127 0.125
125 127 0.125
128 127 0.125
129 127 0.125
130 127 0.125
131 127 0.125
184 127 0.125
124 128 0.125
125 128 0.125
126 128 0.125
127 128 0.125
129 128 0.125
130 128 0.125
131 128 0.125
132 128 0.125
124 261 0.125
257 261 0.125
258 261 0.125
259 261 0.125
260 261 0.125
263 261 0.125
264 261 0.125
265 261 0.125
125 129 0.125
126 129 0.125
127 129 0.125
128 129 0.125
130 129 0.125
131 129 0.125
132 129 0.125
133 129 0.125
125 294 0.125
158 294 0.125
290 294 0.125
291 294 0.125
292 294 0.125
293 294 0.125
295 294 0.125
298 294 0.125
127 184 0.125
172 184 0.125
180 184 0.125
181 184 0.125
182 184 0.125
183 184 0.125
186 184 0.125
187 184 0.125
128 132 0.125
129 132 0.125
130 132 0.125
131 132 0.125
133 132 0.125
134 132 0.125
135 132 0.125
136 132 0.125
129 133 0.125
130 133 0.125
131 133 0.125
132 133 0.125
134 133 0.125
135 133 0.125
136 133 0.125
137 133 0.125
131 134 0.142857
132 134 0.142857
133 134 0.142857
135 134 0.142857
137 134 0.142857
138 134 0.142857
276 134 0.142857
131 135 0.125
132 135 0.125
133 135 0.125
134 135 0.125
136 135 0.125
138 135 0.125
139 135 0.125
312 135 0.125
132 136 0.142857
133 136 0.142857
135 136 0.142857
137 136 0.142857
138 136 0.142857
139 136 0.142857
140 136 0.142857
133 137 0.142857
134 137 0.142857
136 137 0.142857
138 137 0.142857
139 137 0.142857
140 137 0.142857
141 137 0.142857
134 138 0.125
135 138 0.125
136 138 0.125
137 138 0.125
139 138 0.125
140 138 0.125
141 138 0.125
142 138 0.125
134 276 0.142857
272 276 0.142857
273 276 0.142857
277 276 0.142857
278 276 0.142857
279 276 0.142857
280 276 0.142857
135 139 0.125
136 139 0.125
137 139 0.125
138 139 0.125
140 139 0.125
141 139 0.125
142 139 0.125
143 139 0.125
135 312 0.111111
308 312 0.111111
309 312 0.111111
310 312 0.111111
311 312 0.111111
314 312 0.111111
315 312 0.111111
316 312 0.111111
344 312 0.111111
136 140 0.1
137 140 0.1
138 140 0.1
139 140 0.1
141 140 0.1
142 140 0.1
143 140 0.1
144 140 0.1
331 140 0.1
291 140 0.1
138 142 0.142857
139 142 0.142857
140 142 0.142857
143 142 0.142857
144 142 0.142857
145 142 0.142857
146 142 0.142857
139 143 0.1
140 143 0.1
141 143 0.1
142 143 0.1
144 143 0.1
145 143 0.1
146 143 0.1
147 143 0.1
188 143 0.1
283 143 0.1
140 331 0.142857
327 331 0.142857
328 331 0.142857
329 331 0.142857
333 331 0.142857
334 331 0.142857
335 331 0.142857
140 291 0.125
287 291 0.125
288 291 0.125
289 291 0.125
290 291 0.125
292 291 0.125
294 291 0.125
295 291 0.125
142 146 0.142857
143 146 0.142857
145 146 0.142857
147 146 0.142857
148 146 0.142857
149 146 0.142857
173 146 0.142857
143 147 0.125
144 147 0.125
145 147 0.125
146 147 0.125
148 147 0.125
149 147 0.125
150 147 0.125
151 147 0.125
143 188 0.166667
185 188 0.166667
186 188 0.166667
190 188 0.166667
191 188 0.166667
192 188 0.166667
143 283 0.142857
172 283 0.142857
280 283 0.142857
282 283 0.142857
284 283 0.142857
285 283 0.142857
287 283 0.142857
144 148 0.111111
145 148 0.111111
146 148 0.111111
147 148 0.111111
149 148 0.111111
151 148 0.111111
152 148 0.111111
182 148 0.111111
271 148 0.111111
144 249 0.111111
245 249 0.111111
246 249 0.111111
247 249 0.111111
248 249 0.111111
250 249 0.111111
251 249 0.111111
252 249 0.111111
379 249 0.111111
145 208 0.111111
204 208 0.111111
205 208 0.111111
207 208 0.111111
209 208 0.111111
210 208 0.111111
211 208 0.111111
212 208 0.111111
387 208 0.111111
146 149 0.142857
147 149 0.142857
148 149 0.142857
150 149 0.142857
151 149 0.142857
152 149 0.142857
153 149 0.142857
146 173 0.142857
169 173 0.142857
170 173 0.142857
174 173 0.142857
175 173 0.142857
176 173 0.142857
177 173 0.142857
147 150 0.166667
149 150 0.166667
151 150 0.166667
152 150 0.166667
153 150 0.166667
154 150 0.166667
147 151 0.125
148 151 0.125
149 151 0.125
150 151 0.125
152 151 0.125
153 151 0.125
154 151 0.125
155 151 0.125
148 152 0.111111
149 152 0.111111
150 152 0.111111
151 152 0.111111
153 152 0.111111
154 152 0.111111
155 152 0.111111
156 152 0.111111
473 152 0.111111
148 271 0.166667
267 271 0.166667
268 271 0.166667
272 271 0.166667
274 271 0.166667
275 271 0.166667
149 153 0.125
150 153 0.125
151 153 0.125
152 153 0.125
154 153 0.125
155 153 0.125
156 153 0.125
157 153 0.125
150 154 0.125
151 154 0.125
152 154 0.125
153 154 0.125
155 154 0.125
156 154 0.125
157 154 0.125
158 154 0.125
151 155 0.125
152 155 0.125
153 155 0.125
154 155 0.125
156 155 0.125
157 155 0.125
158 155 0.125
159 155 0.125
152 156 0.125
153 156 0.125
154 156 0.125
155 156 0.125
157 156 0.125
158 156 0.125
160 156 0.125
473 156 0.125
155 159 0.142857
158 159 0.142857
160 159 0.142857
161 159 0.142857
162 159 0.142857
163 159 0.142857
411 159 0.142857
156 160 0.142857
157 160 0.142857
159 160 0.142857
161 160 0.142857
162 160 0.142857
163 160 0.142857
164 160 0.142857
157 161 0.125
158 161 0.125
159 161 0.125
160 161 0.125
162 161 0.125
163 161 0.125
164 161 0.125
165 161 0.125
158 162 0.125
159 162 0.125
160 162 0.125
161 162 0.125
163 162 0.125
164 162 0.125
165 162 0.125
166 162 0.125
159 163 0.125
160 163 0.125
161 163 0.125
162 163 0.125
164 163 0.125
165 163 0.125
166 163 0.125
167 163 0.125
160 164 0.125
161 164 0.125
162 164 0.125
163 164 0.125
165 164 0.125
166 164 0.125
167 164 0.125
168 164 0.125
161 165 0.125
162 165 0.125
163 165 0.125
164 165 0.125
166 165 0.125
167 165 0.125
169 165 0.125
445 165 0.125
162 166 0.125
163 166 0.125
164 166 0.125
165 166 0.125
167 166 0.125
168 166 0.125
169 166 0.125
170 166 0.125
163 167 0.125
164 167 0.125
165 167 0.125
166 167 0.125
168 167 0.125
169 167 0.125
170 167 0.125
171 167 0.125
165 445 0.111111
441 445 0.111111
442 445 0.111111
443 445 0.111111
444 445 0.111111
446 445 0.111111
447 445 0.111111
448 445 0.111111
449 445 0.111111
166 170 0.142857
167 170 0.142857
169 170 0.142857
171 170 0.142857
172 170 0.142857
173 170 0.142857
174 170 0.142857
170 174 0.125
171 174 0.125
172 174 0.125
173 174 0.125
176 174 0.125
177 174 0.125
178 174 0.125
269 174 0.125
172 175 0.125
173 175 0.125
177 175 0.125
178 175 0.125
179 175 0.125
473 175 0.125
405 175 0.125
458 175 0.125
172 251 0.111111
247 251 0.111111
248 251 0.111111
249 251 0.111111
250 251 0.111111
252 251 0.111111
253 251 0.111111
255 251 0.111111
475 251 0.111111
173 176 0.166667
174 176 0.166667
177 176 0.166667
178 176 0.166667
179 176 0.166667
180 176 0.166667
173 177 0.125
174 177 0.125
175 177 0.125
176 177 0.125
178 177 0.125
179 177 0.125
180 177 0.125
181 177 0.125
174 178 0.125
175 178 0.125
176 178 0.125
177 178 0.125
179 178 0.125
180 178 0.125
181 178 0.125
182 178 0.125
175 179 0.125
176 179 0.125
177 179 0.125
178 179 0.125
180 179 0.125
181 179 0.125
182 179 0.125
279 179 0.125
175 458 0.1
345 458 0.1
368 458 0.1
454 458 0.1
455 458 0.1
456 458 0.1
457 458 0.1
459 458 0.1
460 458 0.1
461 458 0.1
176 180 0.125
177 180 0.125
178 180 0.125
179 180 0.125
181 180 0.125
182 180 0.125
183 180 0.125
184 180 0.125
177 181 0.125
178 181 0.125
179 181 0.125
180 181 0.125
182 181 0.125
184 181 0.125
185 181 0.125
345 181 0.125
179 279 0.125
276 279 0.125
277 279 0.125
278 279 0.125
281 279 0.125
282 279 0.125
427 279 0.125
384 279 0.125
180 183 0.166667
182 183 0.166667
184 183 0.166667
185 183 0.166667
186 183 0.166667
187 183 0.166667
181 185 0.142857
182 185 0.142857
183 185 0.142857
186 185 0.142857
187 185 0.142857
188 185 0.142857
189 185 0.142857
182 186 0.125
183 186 0.125
184 186 0.125
185 186 0.125
187 186 0.125
188 186 0.125
189 186 0.125
190 186 0.125
183 187 0.125
184 187 0.125
185 187 0.125
186 187 0.125
189 187 0.125
190 187 0.125
191 187 0.125
233 187 0.125
186 190 0.125
187 190 0.125
188 190 0.125
189 190 0.125
191 190 0.125
192 190 0.125
193 190 0.125
194 190 0.125
187 191 0.125
188 191 0.125
189 191 0.125
190 191 0.125
192 191 0.125
193 191 0.125
194 191 0.125
195 191 0.125
187 233 0.111111
229 233 0.111111
230 233 0.111111
231 233 0.111111
232 233 0.111111
234 233 0.111111
235 233 0.111111
236 233 0.111111
237 233 0.111111
188 192 0.111111
189 192 0.111111
190 192 0.111111
191 192 0.111111
194 192 0.111111
195 192 0.111111
196 192 0.111111
272 192 0.111111
397 192 0.111111
189 193 0.125
190 193 0.125
191 193 0.125
195 193 0.125
196 193 0.125
197 193 0.125
349 193 0.125
468 193 0.125
190 194 0.142857
191 194 0.142857
192 194 0.142857
195 194 0.142857
196 194 0.142857
197 194 0.142857
198 194 0.142857
192 196 0.111111
193 196 0.111111
194 196 0.111111
195 196 0.111111
197 196 0.111111
198 196 0.111111
199 196 0.111111
200 196 0.111111
253 196 0.111111
192 272 0.125
268 272 0.125
269 272 0.125
271 272 0.125
273 272 0.125
274 272 0.125
275 272 0.125
276 272 0.125
192 397 0.125
392 397 0.125
393 397 0.125
394 397 0.125
395 397 0.125
396 397 0.125
400 397 0.125
401 397 0.125
193 197 0.125
194 197 0.125
195 197 0.125
196 197 0.125
198 197 0.125
199 197 0.125
200 197 0.125
201 197 0.125
193 349 0.1
345 349 0.1
346 349 0.1
347 349 0.1
348 349 0.1
350 349 0.1
351 349 0.1
352 349 0.1
353 349 0.1
377 349 0.1
193 468 0.111111
275 468 0.111111
464 468 0.111111
465 468 0.111111
466 468 0.111111
467 468 0.111111
469 468 0.111111
470 468 0.111111
472 468 0.111111
194 198 0.125
195 198 0.125
196 198 0.125
197 198 0.125
199 198 0.125
200 198 0.125
235 198 0.125
354 198 0.125
196 199 0.142857
197 199 0.142857
198 199 0.142857
200 199 0.142857
201 199 0.142857
202 199 0.142857
203 199 0.142857
196 200 0.125
197 200 0.125
198 200 0.125
199 200 0.125
201 200 0.125
202 200 0.125
203 200 0.125
204 200 0.125
196 253 0.125
250 253 0.125
251 253 0.125
252 253 0.125
254 253 0.125
255 253 0.125
257 253 0.125
431 253 0.125
197 201 0.142857
199 201 0.142857
200 201 0.142857
202 201 0.142857
203 201 0.142857
204 201 0.142857
470 201 0.142857
198 235 0.111111
231 235 0.111111
232 235 0.111111
233 235 0.111111
234 235 0.111111
236 235 0.111111
237 235 0.111111
238 235 0.111111
239 235 0.111111
198 354 0.125
350 354 0.125
351 354 0.125
353 354 0.125
355 354 0.125
356 354 0.125
357 354 0.125
358 354 0.125
199 202 0.142857
200 202 0.142857
201 202 0.142857
203 202 0.142857
204 202 0.142857
205 202 0.142857
206 202 0.142857
199 203 0.125
200 203 0.125
201 203 0.125
202 203 0.125
204 203 0.125
206 203 0.125
207 203 0.125
336 203 0.125
201 470 0.111111
466 470 0.111111
467 470 0.111111
468 470 0.111111
469 470 0.111111
471 470 0.111111
472 470 0.111111
473 470 0.111111
474 470 0.111111
202 205 0.166667
204 205 0.166667
206 205 0.166667
207 205 0.166667
208 205 0.166667
209 205 0.166667
203 207 0.142857
205 207 0.142857
206 207 0.142857
208 207 0.142857
209 207 0.142857
210 207 0.142857
211 207 0.142857
203 336 0.125
332 336 0.125
333 336 0.125
334 336 0.125
337 336 0.125
338 336 0.125
339 336 0.125
340 336 0.125
205 209 0.125
206 209 0.125
207 209 0.125
208 209 0.125
210 209 0.125
211 209 0.125
213 209 0.125
376 209 0.125
206 210 0.125
207 210 0.125
208 210 0.125
209 210 0.125
211 210 0.125
212 210 0.125
213 210 0.125
214 210 0.125
207 211 0.125
208 211 0.125
209 211 0.125
210 211 0.125
212 211 0.125
213 211 0.125
214 211 0.125
215 211 0.125
208 212 0.142857
210 212 0.142857
211 212 0.142857
213 212 0.142857
214 212 0.142857
215 212 0.142857
216 212 0.142857
208 387 0.125
383 387 0.125
384 387 0.125
385 387 0.125
386 387 0.125
389 387 0.125
390 387 0.125
391 387 0.125
209 213 0.125
210 213 0.125
211 213 0.125
212 213 0.125
214 213 0.125
215 213 0.125
216 213 0.125
285 213 0.125
209 376 0.111111
372 376 0.111111
373 376 0.111111
374 376 0.111111
375 376 0.111111
377 376 0.111111
378 376 0.111111
379 376 0.111111
380 376 0.111111
210 214 0.125
211 214 0.125
212 214 0.125
213 214 0.125
215 214 0.125
216 214 0.125
217 214 0.125
218 214 0.125
211 215 0.111111
212 215 0.111111
213 215 0.111111
214 215 0.111111
216 215 0.111111
217 215 0.111111
218 215 0.111111
219 215 0.111111
281 215 0.111111
212 216 0.125
213 216 0.125
214 216 0.125
215 216 0.125
217 216 0.125
218 216 0.125
219 216 0.125
220 216 0.125
213 285 0.1
245 285 0.1
281 285 0.1
282 285 0.1
283 285 0.1
284 285 0.1
286 285 0.1
287 285 0.1
288 285 0.1
319 285 0.1
214 217 0.142857
215 217 0.142857
216 217 0.142857
218 217 0.142857
219 217 0.142857
220 217 0.142857
221 217 0.142857
214 218 0.125
215 218 0.125
216 218 0.125
217 218 0.125
219 218 0.125
220 218 0.125
221 218 0.125
222 218 0.125
215 219 0.125
216 219 0.125
217 219 0.125
218 219 0.125
220 219 0.125
221 219 0.125
222 219 0.125
223 219 0.125
215 281 0.111111
277 281 0.111111
278 281 0.111111
279 281 0.111111
280 281 0.111111
282 281 0.111111
284 281 0.111111
285 281 0.111111
364 281 0.111111
216 220 0.125
217 220 0.125
218 220 0.125
219 220 0.125
221 220 0.125
222 220 0.125
223 220 0.125
224 220 0.125
217 221 0.111111
218 221 0.111111
219 221 0.111111
220 221 0.111111
222 221 0.111111
223 221 0.111111
224 221 0.111111
225 221 0.111111
415 221 0.111111
218 222 0.125
219 222 0.125
220 222 0.125
221 222 0.125
223 222 0.125
224 222 0.125
225 222 0.125
226 222 0.125
219 223 0.125
220 223 0.125
221 223 0.125
222 223 0.125
224 223 0.125
225 223 0.125
227 223 0.125
334 223 0.125
220 224 0.125
221 224 0.125
222 224 0.125
223 224 0.125
225 224 0.125
226 224 0.125
227 224 0.125
228 224 0.125
221 225 0.125
222 225 0.125
223 225 0.125
224 225 0.125
226 225 0.125
227 225 0.125
228 225 0.125
229 225 0.125
221 415 0.125
411 415 0.125
412 415 0.125
413 415 0.125
414 415 0.125
416 415 0.125
417 415 0.125
419 415 0.125
222 226 0.142857
224 226 0.142857
225 226 0.142857
227 226 0.142857
228 226 0.142857
229 226 0.142857
230 226 0.142857
223 227 0.111111
224 227 0.111111
225 227 0.111111
226 227 0.111111
228 227 0.111111
229 227 0.111111
230 227 0.111111
452 227 0.111111
442 227 0.111111
223 334 0.125
331 334 0.125
332 334 0.125
333 334 0.125
336 334 0.125
337 334 0.125
338 334 0.125
429 334 0.125
224 228 0.125
225 228 0.125
226 228 0.125
227 228 0.125
229 228 0.125
230 228 0.125
231 228 0.125
232 228 0.125
225 229 0.125
226 229 0.125
227 229 0.125
228 229 0.125
230 229 0.125
231 229 0.125
232 229 0.125
233 229 0.125
226 230 0.125
227 230 0.125
228 230 0.125
229 230 0.125
231 230 0.125
232 230 0.125
233 230 0.125
234 230 0.125
227 452 0.125
448 452 0.125
449 452 0.125
450 452 0.125
451 452 0.125
453 452 0.125
455 452 0.125
456 452 0.125
227 442 0.111111
321 442 0.111111
438 442 0.111111
439 442 0.111111
440 442 0.111111
441 442 0.111111
443 442 0.111111
444 442 0.111111
445 442 0.111111
228 231 0.142857
229 231 0.142857
230 231 0.142857
232 231 0.142857
233 231 0.142857
234 231 0.142857
235 231 0.142857
230 234 0.125
231 234 0.125
232 234 0.125
233 234 0.125
235 234 0.125
236 234 0.125
237 234 0.125
238 234 0.125
233 237 0.125
234 237 0.125
235 237 0.125
236 237 0.125
238 237 0.125
239 237 0.125
240 237 0.125
241 237 0.125
234 238 0.125
235 238 0.125
236 238 0.125
237 238 0.125
239 238 0.125
240 238 0.125
241 238 0.125
242 238 0.125
236 240 0.125
237 240 0.125
238 240 0.125
241 240 0.125
242 240 0.125
243 240 0.125
244 240 0.125
357 240 0.125
237 241 0.125
238 241 0.125
239 241 0.125
240 241 0.125
242 241 0.125
243 241 0.125
244 241 0.125
245 241 0.125
239 243 0.125
240 243 0.125
241 243 0.125
244 243 0.125
245 243 0.125
247 243 0.125
313 243 0.125
330 243 0.125
239 307 0.142857
303 307 0.142857
304 307 0.142857
306 307 0.142857
308 307 0.142857
309 307 0.142857
311 307 0.142857
240 244 0.125
241 244 0.125
242 244 0.125
243 244 0.125
246 244 0.125
247 244 0.125
248 244 0.125
330 244 0.125
240 357 0.111111
353 357 0.111111
354 357 0.111111
355 357 0.111111
356 357 0.111111
358 357 0.111111
359 357 0.111111
360 357 0.111111
364 357 0.111111
241 245 0.125
242 245 0.125
243 245 0.125
246 245 0.125
247 245 0.125
248 245 0.125
249 245 0.125
285 245 0.125
242 341 0.111111
337 341 0.111111
338 341 0.111111
339 341 0.111111
340 341 0.111111
342 341 0.111111
343 341 0.111111
344 341 0.111111
345 341 0.111111
243 313 0.125
299 313 0.125
309 313 0.125
310 313 0.125
311 313 0.125
314 313 0.125
315 313 0.125
317 313 0.125
243 330 0.111111
244 330 0.111111
326 330 0.111111
327 330 0.111111
328 330 0.111111
329 330 0.111111
332 330 0.111111
333 330 0.111111
437 330 0.111111
244 246 0.166667
245 246 0.166667
247 246 0.166667
248 246 0.166667
249 246 0.166667
250 246 0.166667
244 248 0.142857
245 248 0.142857
246 248 0.142857
249 248 0.142857
250 248 0.142857
251 248 0.142857
252 248 0.142857
246 250 0.125
247 250 0.125
248 250 0.125
249 250 0.125
251 250 0.125
252 250 0.125
253 250 0.125
254 250 0.125
248 252 0.125
249 252 0.125
250 252 0.125
251 252 0.125
253 252 0.125
254 252 0.125
255 252 0.125
256 252 0.125
251 255 0.125
252 255 0.125
253 255 0.125
254 255 0.125
256 255 0.125
257 255 0.125
258 255 0.125
259 255 0.125
252 256 0.142857
254 256 0.142857
255 256 0.142857
257 256 0.142857
258 256 0.142857
259 256 0.142857
260 256 0.142857
253 257 0.125
254 257 0.125
255 257 0.125
256 257 0.125
258 257 0.125
259 257 0.125
260 257 0.125
261 257 0.125
253 431 0.142857
310 431 0.142857
427 431 0.142857
428 431 0.142857
430 431 0.142857
433 431 0.142857
435 431 0.142857
255 258 0.142857
256 258 0.142857
257 258 0.142857
259 258 0.142857
260 258 0.142857
261 258 0.142857
262 258 0.142857
256 260 0.125
257 260 0.125
258 260 0.125
259 260 0.125
261 260 0.125
262 260 0.125
263 260 0.125
264 260 0.125
260 264 0.125
261 264 0.125
262 264 0.125
263 264 0.125
265 264 0.125
266 264 0.125
267 264 0.125
268 264 0.125
262 266 0.142857
264 266 0.142857
265 266 0.142857
267 266 0.142857
268 266 0.142857
269 266 0.142857
270 266 0.142857
262 437 0.125
330 437 0.125
433 437 0.125
435 437 0.125
436 437 0.125
439 437 0.125
440 437 0.125
441 437 0.125
263 267 0.125
264 267 0.125
265 267 0.125
266 267 0.125
268 267 0.125
269 267 0.125
270 267 0.125
271 267 0.125
263 440 0.125
436 440 0.125
437 440 0.125
438 440 0.125
439 440 0.125
441 440 0.125
442 440 0.125
443 440 0.125
264 268 0.142857
266 268 0.142857
267 268 0.142857
269 268 0.142857
270 268 0.142857
271 268 0.142857
272 268 0.142857
273 277 0.142857
274 277 0.142857
276 277 0.142857
278 277 0.142857
279 277 0.142857
280 277 0.142857
281 277 0.142857
273 356 0.111111
352 356 0.111111
353 356 0.111111
354 356 0.111111
355 356 0.111111
357 356 0.111111
358 356 0.111111
359 356 0.111111
360 356 0.111111
274 278 0.125
275 278 0.125
276 278 0.125
277 278 0.125
279 278 0.125
280 278 0.125
281 278 0.125
282 278 0.125
276 280 0.142857
277 280 0.142857
278 280 0.142857
281 280 0.142857
282 280 0.142857
283 280 0.142857
284 280 0.142857
278 282 0.125
279 282 0.125
280 282 0.125
281 282 0.125
283 282 0.125
284 282 0.125
285 282 0.125
286 282 0.125
279 427 0.1
355 427 0.1
375 427 0.1
423 427 0.1
424 427 0.1
425 427 0.1
428 427 0.1
429 427 0.1
430 427 0.1
431 427 0.1
279 384 0.111111
380 384 0.111111
381 384 0.111111
382 384 0.111111
383 384 0.111111
385 384 0.111111
386 384 0.111111
387 384 0.111111
388 384 0.111111
280 284 0.125
281 284 0.125
282 284 0.125
283 284 0.125
285 284 0.125
286 284 0.125
287 284 0.125
288 284 0.125
281 364 0.142857
357 364 0.142857
360 364 0.142857
361 364 0.142857
363 364 0.142857
365 364 0.142857
366 364 0.142857
282 286 0.125
284 286 0.125
285 286 0.125
287 286 0.125
288 286 0.125
289 286 0.125
290 286 0.125
426 286 0.125
283 287 0.125
284 287 0.125
285 287 0.125
286 287 0.125
288 287 0.125
289 287 0.125
290 287 0.125
291 287 0.125
285 319 0.125
315 319 0.125
316 319 0.125
317 319 0.125
318 319 0.125
320 319 0.125
321 319 0.125
322 319 0.125
286 289 0.125
287 289 0.125
288 289 0.125
290 289 0.125
291 289 0.125
292 289 0.125
293 289 0.125
352 289 0.125
286 290 0.125
287 290 0.125
288 290 0.125
289 290 0.125
291 290 0.125
292 290 0.125
293 290 0.125
294 290 0.125
286 426 0.125
422 426 0.125
423 426 0.125
424 426 0.125
425 426 0.125
428 426 0.125
429 426 0.125
430 426 0.125
289 293 0.142857
290 293 0.142857
292 293 0.142857
294 293 0.142857
295 293 0.142857
296 293 0.142857
297 293 0.142857
289 352 0.125
348 352 0.125
349 352 0.125
350 352 0.125
351 352 0.125
353 352 0.125
355 352 0.125
356 352 0.125
291 295 0.125
292 295 0.125
293 295 0.125
294 295 0.125
296 295 0.125
297 295 0.125
298 295 0.125
299 295 0.125
293 296 0.166667
295 296 0.166667
297 296 0.166667
298 296 0.166667
299 296 0.166667
300 296 0.166667
293 297 0.142857
295 297 0.142857
296 297 0.142857
298 297 0.142857
299 297 0.142857
301 297 0.142857
360 297 0.142857
294 298 0.125
295 298 0.125
296 298 0.125
297 298 0.125
299 298 0.125
300 298 0.125
301 298 0.125
302 298 0.125
295 299 0.111111
296 299 0.111111
297 299 0.111111
298 299 0.111111
300 299 0.111111
301 299 0.111111
302 299 0.111111
303 299 0.111111
313 299 0.111111
296 300 0.125
298 300 0.125
299 300 0.125
301 300 0.125
302 300 0.125
303 300 0.125
304 300 0.125
375 300 0.125
297 301 0.125
298 301 0.125
299 301 0.125
300 301 0.125
302 301 0.125
303 301 0.125
304 301 0.125
305 301 0.125
298 302 0.125
299 302 0.125
300 302 0.125
301 302 0.125
303 302 0.125
304 302 0.125
305 302 0.125
306 302 0.125
299 303 0.125
300 303 0.125
301 303 0.125
302 303 0.125
304 303 0.125
305 303 0.125
306 303 0.125
307 303 0.125
300 304 0.125
301 304 0.125
302 304 0.125
303 304 0.125
305 304 0.125
306 304 0.125
307 304 0.125
308 304 0.125
300 375 0.125
321 375 0.125
371 375 0.125
372 375 0.125
373 375 0.125
374 375 0.125
376 375 0.125
427 375 0.125
301 305 0.125
302 305 0.125
303 305 0.125
304 305 0.125
306 305 0.125
308 305 0.125
309 305 0.125
359 305 0.125
302 306 0.125
303 306 0.125
304 306 0.125
305 306 0.125
307 306 0.125
308 306 0.125
309 306 0.125
310 306 0.125
304 308 0.125
305 308 0.125
306 308 0.125
307 308 0.125
309 308 0.125
310 308 0.125
311 308 0.125
312 308 0.125
305 309 0.125
306 309 0.125
307 309 0.125
308 309 0.125
310 309 0.125
311 309 0.125
312 309 0.125
313 309 0.125
305 359 0.111111
355 359 0.111111
356 359 0.111111
357 359 0.111111
358 359 0.111111
360 359 0.111111
361 359 0.111111
362 359 0.111111
363 359 0.111111
306 310 0.111111
308 310 0.111111
309 310 0.111111
311 310 0.111111
312 310 0.111111
313 310 0.111111
314 310 0.111111
446 310 0.111111
431 310 0.111111
307 311 0.125
308 311 0.125
309 311 0.125
310 311 0.125
312 311 0.125
313 311 0.125
314 311 0.125
315 311 0.125
310 314 0.125
311 314 0.125
312 314 0.125
313 314 0.125
315 314 0.125
316 314 0.125
317 314 0.125
318 314 0.125
311 315 0.111111
312 315 0.111111
313 315 0.111111
314 315 0.111111
316 315 0.111111
317 315 0.111111
318 315 0.111111
319 315 0.111111
410 315 0.111111
312 316 0.142857
314 316 0.142857
315 316 0.142857
317 316 0.142857
318 316 0.142857
319 316 0.142857
320 316 0.142857
312 344 0.111111
340 344 0.111111
341 344 0.111111
342 344 0.111111
343 344 0.111111
345 344 0.111111
346 344 0.111111
347 344 0.111111
348 344 0.111111
313 317 0.125
314 317 0.125
315 317 0.125
316 317 0.125
318 317 0.125
319 317 0.125
320 317 0.125
321 317 0.125
314 318 0.125
315 318 0.125
316 318 0.125
317 318 0.125
319 318 0.125
320 318 0.125
321 318 0.125
322 318 0.125
315 410 0.142857
406 410 0.142857
408 410 0.142857
409 410 0.142857
411 410 0.142857
412 410 0.142857
414 410 0.142857
317 321 0.1
318 321 0.1
319 321 0.1
320 321 0.1
322 321 0.1
323 321 0.1
324 321 0.1
325 321 0.1
375 321 0.1
442 321 0.1
318 322 0.111111
319 322 0.111111
320 322 0.111111
321 322 0.111111
323 322 0.111111
324 322 0.111111
325 322 0.111111
326 322 0.111111
347 322 0.111111
320 366 0.125
362 366 0.125
364 366 0.125
365 366 0.125
367 366 0.125
368 366 0.125
369 366 0.125
370 366 0.125
321 324 0.142857
322 324 0.142857
323 324 0.142857
325 324 0.142857
326 324 0.142857
327 324 0.142857
328 324 0.142857
321 325 0.111111
322 325 0.111111
323 325 0.111111
324 325 0.111111
326 325 0.111111
327 325 0.111111
328 325 0.111111
329 325 0.111111
394 325 0.111111
322 326 0.125
323 326 0.125
324 326 0.125
325 326 0.125
327 326 0.125
328 326 0.125
329 326 0.125
330 326 0.125
322 347 0.125
343 347 0.125
344 347 0.125
345 347 0.125
346 347 0.125
349 347 0.125
350 347 0.125
475 347 0.125
323 327 0.125
324 327 0.125
325 327 0.125
326 327 0.125
328 327 0.125
329 327 0.125
330 327 0.125
331 327 0.125
323 459 0.125
455 459 0.125
456 459 0.125
457 459 0.125
458 459 0.125
460 459 0.125
461 459 0.125
463 459 0.125
324 328 0.125
325 328 0.125
326 328 0.125
327 328 0.125
329 328 0.125
330 328 0.125
331 328 0.125
332 328 0.125
325 329 0.111111
326 329 0.111111
327 329 0.111111
328 329 0.111111
330 329 0.111111
331 329 0.111111
332 329 0.111111
333 329 0.111111
373 329 0.111111
325 394 0.125
390 394 0.125
391 394 0.125
392 394 0.125
393 394 0.125
396 394 0.125
397 394 0.125
398 394 0.125
328 332 0.142857
329 332 0.142857
330 332 0.142857
333 332 0.142857
334 332 0.142857
335 332 0.142857
336 332 0.142857
329 373 0.125
369 373 0.125
370 373 0.125
371 373 0.125
372 373 0.125
374 373 0.125
375 373 0.125
376 373 0.125
331 335 0.125
332 335 0.125
333 335 0.125
337 335 0.125
338 335 0.125
339 335 0.125
419 335 0.125
444 335 0.125
333 337 0.125
334 337 0.125
335 337 0.125
336 337 0.125
338 337 0.125
339 337 0.125
340 337 0.125
341 337 0.125
334 338 0.125
335 338 0.125
336 338 0.125
337 338 0.125
339 338 0.125
340 338 0.125
341 338 0.125
342 338 0.125
335 339 0.125
336 339 0.125
337 339 0.125
338 339 0.125
340 339 0.125
341 339 0.125
342 339 0.125
343 339 0.125
335 419 0.111111
415 419 0.111111
416 419 0.111111
417 419 0.111111
418 419 0.111111
420 419 0.111111
421 419 0.111111
422 419 0.111111
423 419 0.111111
335 444 0.142857
441 444 0.142857
442 444 0.142857
443 444 0.142857
445 444 0.142857
446 444 0.142857
447 444 0.142857
336 340 0.125
337 340 0.125
338 340 0.125
339 340 0.125
341 340 0.125
342 340 0.125
343 340 0.125
344 340 0.125
338 342 0.125
339 342 0.125
340 342 0.125
341 342 0.125
343 342 0.125
344 342 0.125
345 342 0.125
346 342 0.125
339 343 0.125
340 343 0.125
341 343 0.125
342 343 0.125
344 343 0.125
345 343 0.125
346 343 0.125
347 343 0.125
342 346 0.125
343 346 0.125
344 346 0.125
345 346 0.125
347 346 0.125
348 346 0.125
349 346 0.125
350 346 0.125
344 348 0.166667
346 348 0.166667
349 348 0.166667
350 348 0.166667
351 348 0.166667
352 348 0.166667
346 350 0.125
347 350 0.125
348 350 0.125
349 350 0.125
351 350 0.125
352 350 0.125
353 350 0.125
354 350 0.125
348 351 0.142857
349 351 0.142857
350 351 0.142857
352 351 0.142857
353 351 0.142857
354 351 0.142857
355 351 0.142857
349 353 0.125
350 353 0.125
351 353 0.125
352 353 0.125
354 353 0.125
355 353 0.125
356 353 0.125
357 353 0.125
349 377 0.166667
374 377 0.166667
376 377 0.166667
378 377 0.166667
380 377 0.166667
381 377 0.166667
351 355 0.111111
352 355 0.111111
353 355 0.111111
354 355 0.111111
356 355 0.111111
357 355 0.111111
359 355 0.111111
466 355 0.111111
427 355 0.111111
354 358 0.142857
356 358 0.142857
357 358 0.142857
359 358 0.142857
360 358 0.142857
361 358 0.142857
362 358 0.142857
355 466 0.125
462 466 0.125
463 466 0.125
464 466 0.125
465 466 0.125
468 466 0.125
469 466 0.125
470 466 0.125
359 363 0.142857
361 363 0.142857
362 363 0.142857
364 363 0.142857
365 363 0.142857
367 363 0.142857
393 363 0.142857
362 396 0.111111
392 396 0.111111
393 396 0.111111
394 396 0.111111
395 396 0.111111
397 396 0.111111
398 396 0.111111
399 396 0.111111
400 396 0.111111
363 367 0.142857
365 367 0.142857
366 367 0.142857
368 367 0.142857
369 367 0.142857
370 367 0.142857
371 367 0.142857
363 393 0.111111
389 393 0.111111
390 393 0.111111
391 393 0.111111
392 393 0.111111
394 393 0.111111
395 393 0.111111
396 393 0.111111
397 393 0.111111
365 368 0.142857
366 368 0.142857
367 368 0.142857
369 368 0.142857
370 368 0.142857
371 368 0.142857
458 368 0.142857
365 369 0.125
366 369 0.125
367 369 0.125
368 369 0.125
370 369 0.125
371 369 0.125
372 369 0.125
373 369 0.125
367 371 0.125
368 371 0.125
369 371 0.125
370 371 0.125
372 371 0.125
373 371 0.125
374 371 0.125
375 371 0.125
369 372 0.142857
370 372 0.142857
371 372 0.142857
373 372 0.142857
374 372 0.142857
375 372 0.142857
376 372 0.142857
371 374 0.142857
372 374 0.142857
373 374 0.142857
375 374 0.142857
376 374 0.142857
377 374 0.142857
378 374 0.142857
374 378 0.142857
376 378 0.142857
377 378 0.142857
379 378 0.142857
380 378 0.142857
381 378 0.142857
382 378 0.142857
376 380 0.125
377 380 0.125
378 380 0.125
379 380 0.125
381 380 0.125
382 380 0.125
383 380 0.125
384 380 0.125
377 381 0.125
378 381 0.125
379 381 0.125
380 381 0.125
382 381 0.125
383 381 0.125
384 381 0.125
385 381 0.125
378 382 0.125
379 382 0.125
380 382 0.125
381 382 0.125
383 382 0.125
384 382 0.125
385 382 0.125
386 382 0.125
382 386 0.111111
383 386 0.111111
384 386 0.111111
385 386 0.111111
387 386 0.111111
388 386 0.111111
389 386 0.111111
390 386 0.111111
432 386 0.111111
384 388 0.142857
385 388 0.142857
386 388 0.142857
389 388 0.142857
390 388 0.142857
391 388 0.142857
392 388 0.142857
385 389 0.125
386 389 0.125
387 389 0.125
388 389 0.125
390 389 0.125
391 389 0.125
392 389 0.125
393 389 0.125
386 432 0.125
402 432 0.125
428 432 0.125
429 432 0.125
430 432 0.125
433 432 0.125
434 432 0.125
435 432 0.125
387 391 0.125
388 391 0.125
389 391 0.125
390 391 0.125
392 391 0.125
393 391 0.125
394 391 0.125
395 391 0.125
388 392 0.111111
389 392 0.111111
390 392 0.111111
391 392 0.111111
393 392 0.111111
394 392 0.111111
395 392 0.111111
396 392 0.111111
397 392 0.111111
391 395 0.142857
392 395 0.142857
393 395 0.142857
396 395 0.142857
397 395 0.142857
398 395 0.142857
399 395 0.142857
394 398 0.142857
395 398 0.142857
396 398 0.142857
399 398 0.142857
400 398 0.142857
401 398 0.142857
402 398 0.142857
395 399 0.142857
396 399 0.142857
398 399 0.142857
400 399 0.142857
401 399 0.142857
402 399 0.142857
403 399 0.142857
396 400 0.125
397 400 0.125
398 400 0.125
399 400 0.125
401 400 0.125
402 400 0.125
403 400 0.125
404 400 0.125
397 401 0.125
398 401 0.125
399 401 0.125
400 401 0.125
402 401 0.125
403 401 0.125
404 401 0.125
405 401 0.125
399 403 0.125
400 403 0.125
401 403 0.125
402 403 0.125
404 403 0.125
405 403 0.125
406 403 0.125
407 403 0.125
400 404 0.142857
401 404 0.142857
403 404 0.142857
405 404 0.142857
406 404 0.142857
407 404 0.142857
408 404 0.142857
402 406 0.142857
403 406 0.142857
404 406 0.142857
407 406 0.142857
408 406 0.142857
409 406 0.142857
410 406 0.142857
408 412 0.166667
410 412 0.166667
413 412 0.166667
414 412 0.166667
415 412 0.166667
416 412 0.166667
412 416 0.142857
413 416 0.142857
415 416 0.142857
417 416 0.142857
418 416 0.142857
419 416 0.142857
420 416 0.142857
416 420 0.142857
418 420 0.142857
419 420 0.142857
421 420 0.142857
422 420 0.142857
423 420 0.142857
424 420 0.142857
418 422 0.125
419 422 0.125
420 422 0.125
421 422 0.125
423 422 0.125
424 422 0.125
425 422 0.125
426 422 0.125
419 423 0.142857
420 423 0.142857
422 423 0.142857
424 423 0.142857
425 423 0.142857
426 423 0.142857
427 423 0.142857
420 424 0.125
421 424 0.125
422 424 0.125
423 424 0.125
425 424 0.125
426 424 0.125
427 424 0.125
428 424 0.125
421 425 0.125
422 425 0.125
423 425 0.125
424 425 0.125
426 425 0.125
427 425 0.125
428 425 0.125
429 425 0.125
424 428 0.125
425 428 0.125
426 428 0.125
427 428 0.125
429 428 0.125
430 428 0.125
431 428 0.125
432 428 0.125
426 430 0.125
427 430 0.125
428 430 0.125
429 430 0.125
431 430 0.125
432 430 0.125
433 430 0.125
434 430 0.125
429 433 0.125
430 433 0.125
431 433 0.125
432 433 0.125
434 433 0.125
435 433 0.125
436 433 0.125
437 433 0.125
431 435 0.125
432 435 0.125
433 435 0.125
434 435 0.125
436 435 0.125
437 435 0.125
438 435 0.125
439 435 0.125
433 436 0.142857
434 436 0.142857
435 436 0.142857
437 436 0.142857
438 436 0.142857
439 436 0.142857
440 436 0.142857
434 438 0.142857
435 438 0.142857
436 438 0.142857
439 438 0.142857
440 438 0.142857
441 438 0.142857
442 438 0.142857
435 439 0.125
436 439 0.125
437 439 0.125
438 439 0.125
440 439 0.125
441 439 0.125
442 439 0.125
443 439 0.125
437 441 0.125
438 441 0.125
439 441 0.125
440 441 0.125
442 441 0.125
443 441 0.125
444 441 0.125
445 441 0.125
445 448 0.166667
447 448 0.166667
449 448 0.166667
450 448 0.166667
451 448 0.166667
452 448 0.166667
445 449 0.125
446 449 0.125
447 449 0.125
448 449 0.125
450 449 0.125
451 449 0.125
452 449 0.125
453 449 0.125
447 451 0.125
448 451 0.125
449 451 0.125
450 451 0.125
452 451 0.125
453 451 0.125
454 451 0.125
455 451 0.125
449 453 0.125
450 453 0.125
451 453 0.125
452 453 0.125
454 453 0.125
455 453 0.125
456 453 0.125
457 453 0.125
450 454 0.142857
451 454 0.142857
453 454 0.142857
455 454 0.142857
456 454 0.142857
457 454 0.142857
458 454 0.142857
452 456 0.142857
453 456 0.142857
454 456 0.142857
457 456 0.142857
458 456 0.142857
459 456 0.142857
460 456 0.142857
453 457 0.125
454 457 0.125
455 457 0.125
456 457 0.125
458 457 0.125
459 457 0.125
460 457 0.125
461 457 0.125
456 460 0.125
457 460 0.125
458 460 0.125
459 460 0.125
461 460 0.125
462 460 0.125
463 460 0.125
464 460 0.125
457 461 0.125
458 461 0.125
459 461 0.125
460 461 0.125
462 461 0.125
463 461 0.125
464 461 0.125
465 461 0.125
459 463 0.125
460 463 0.125
461 463 0.125
462 463 0.125
464 463 0.125
465 463 0.125
466 463 0.125
467 463 0.125
460 464 0.125
461 464 0.125
462 464 0.125
463 464 0.125
465 464 0.125
466 464 0.125
467 464 0.125
468 464 0.125
461 465 0.125
462 465 0.125
463 465 0.125
464 465 0.125
466 465 0.125
467 465 0.125
468 465 0.125
469 465 0.125
463 467 0.142857
464 467 0.142857
465 467 0.142857
468 467 0.142857
469 467 0.142857
470 467 0.142857
471 467 0.142857
465 469 0.125
466 469 0.125
467 469 0.125
468 469 0.125
470 469 0.125
471 469 0.125
472 469 0.125
473 469 0.125
1 0 0.111111
476 0 0.111111
475 0 0.111111
3 0 0.111111
474 0 0.111111
4 0 0.111111
473 0 0.111111
80 0 0.111111
168 0 0.111111
