0 1 0.125
2 1 0.125
3 1 0.125
416 1 0.125
415 1 0.125
5 1 0.125
414 1 0.125
109 1 0.125
0 416 0.142857
1 416 0.142857
2 416 0.142857
3 416 0.142857
412 416 0.142857
414 416 0.142857
415 416 0.142857
0 2 0.125
1 2 0.125
3 2 0.125
416 2 0.125
6 2 0.125
415 2 0.125
138 2 0.125
118 2 0.125
0 415 0.125
1 415 0.125
2 415 0.125
411 415 0.125
412 415 0.125
413 415 0.125
414 415 0.125
416 415 0.125
0 414 0.125
1 414 0.125
410 414 0.125
411 414 0.125
412 414 0.125
413 414 0.125
415 414 0.125
416 414 0.125
0 4 0.166667
3 4 0.166667
5 4 0.166667
7 4 0.166667
8 4 0.166667
148 4 0.166667
0 413 0.142857
218 413 0.142857
409 413 0.142857
410 413 0.142857
411 413 0.142857
414 413 0.142857
415 413 0.142857
0 292 0.111111
49 292 0.111111
288 292 0.111111
289 292 0.111111
290 292 0.111111
291 292 0.111111
293 292 0.111111
295 292 0.111111
296 292 0.111111
1 3 0.142857
2 3 0.142857
4 3 0.142857
5 3 0.142857
6 3 0.142857
7 3 0.142857
416 3 0.142857
1 5 0.142857
3 5 0.142857
4 5 0.142857
6 5 0.142857
7 5 0.142857
8 5 0.142857
153 5 0.142857
1 109 0.111111
105 109 0.111111
106 109 0.111111
107 109 0.111111
108 109 0.111111
110 109 0.111111
111 109 0.111111
112 109 0.111111
113 109 0.111111
2 6 0.125
3 6 0.125
5 6 0.125
7 6 0.125
8 6 0.125
9 6 0.125
68 6 0.125
367 6 0.125
2 138 0.1
134 138 0.1
135 138 0.1
136 138 0.1
137 138 0.1
139 138 0.1
140 138 0.1
141 138 0.1
142 138 0.1
253 138 0.1
2 118 0.111111
114 118 0.111111
115 118 0.111111
116 118 0.111111
117 118 0.111111
119 118 0.111111
120 118 0.111111
121 118 0.111111
122 118 0.111111
3 7 0.125
4 7 0.125
5 7 0.125
6 7 0.125
9 7 0.125
10 7 0.125
11 7 0.125
395 7 0.125
4 8 0.111111
5 8 0.111111
6 8 0.111111
9 8 0.111111
10 8 0.111111
12 8 0.111111
76 8 0.111111
279 8 0.111111
401 8 0.111111
4 148 0.111111
144 148 0.111111
145 148 0.111111
146 148 0.111111
147 148 0.111111
149 148 0.111111
150 148 0.111111
151 148 0.111111
152 148 0.111111
5 153 0.1
50 153 0.1
149 153 0.1
150 153 0.1
151 153 0.1
152 153 0.1
154 153 0.1
155 153 0.1
156 153 0.1
157 153 0.1
6 9 0.125
7 9 0.125
8 9 0.125
11 9 0.125
12 9 0.125
334 9 0.125
352 9 0.125
228 9 0.125
6 68 0.142857
64 68 0.142857
65 68 0.142857
66 68 0.142857
69 68 0.142857
70 68 0.142857
72 68 0.142857
6 367 0.111111
62 367 0.111111
363 367 0.111111
364 367 0.111111
365 367 0.111111
366 367 0.111111
368 367 0.111111
370 367 0.111111
371 367 0.111111
7 10 0.166667
8 10 0.166667
11 10 0.166667
12 10 0.166667
13 10 0.166667
14 10 0.166667
7 11 0.142857
9 11 0.142857
10 11 0.142857
12 11 0.142857
13 11 0.142857
14 11 0.142857
15 11 0.142857
7 395 0.125
391 395 0.125
392 395 0.125
393 395 0.125
396 395 0.125
397 395 0.125
398 395 0.125
399 395 0.125
8 12 0.125
9 12 0.125
10 12 0.125
11 12 0.125
13 12 0.125
16 12 0.125
209 12 0.125
170 12 0.125
8 76 0.142857
73 76 0.142857
74 76 0.142857
75 76 0.142857
79 76 0.142857
80 76 0.142857
223 76 0.142857
8 279 0.125
276 279 0.125
277 279 0.125
278 279 0.125
280 279 0.125
281 279 0.125
282 279 0.125
283 279 0.125
8 401 0.125
397 401 0.125
398 401 0.125
399 401 0.125
400 401 0.125
402 401 0.125
403 401 0.125
405 401 0.125
9 334 0.111111
330 334 0.111111
331 334 0.111111
332 334 0.111111
333 334 0.111111
335 334 0.111111
336 334 0.111111
337 334 0.111111
338 334 0.111111
9 352 0.1
221 352 0.1
348 352 0.1
349 352 0.1
350 352 0.1
351 352 0.1
354 352 0.1
355 352 0.1
356 352 0.1
400 352 0.1
9 228 0.125
224 228 0.125
226 228 0.125
227 228 0.125
229 228 0.125
231 228 0.125
232 228 0.125
290 228 0.125
10 13 0.142857
11 13 0.142857
12 13 0.142857
14 13 0.142857
15 13 0.142857
16 13 0.142857
17 13 0.142857
10 14 0.142857
11 14 0.142857
13 14 0.142857
15 14 0.142857
16 14 0.142857
17 14 0.142857
18 14 0.142857
11 15 0.142857
13 15 0.142857
14 15 0.142857
16 15 0.142857
17 15 0.142857
18 15 0.142857
19 15 0.142857
12 16 0.125
13 16 0.125
14 16 0.125
15 16 0.125
17 16 0.125
18 16 0.125
19 16 0.125
249 16 0.125
12 209 0.125
91 209 0.125
205 209 0.125
206 209 0.125
208 209 0.125
211 209 0.125
212 209 0.125
213 209 0.125
12 170 0.125
167 170 0.125
168 170 0.125
169 170 0.125
171 170 0.125
172 170 0.125
173 170 0.125
174 170 0.125
13 17 0.125
14 17 0.125
15 17 0.125
16 17 0.125
18 17 0.125
19 17 0.125
20 17 0.125
21 17 0.125
14 18 0.125
15 18 0.125
16 18 0.125
17 18 0.125
19 18 0.125
20 18 0.125
21 18 0.125
22 18 0.125
15 19 0.125
16 19 0.125
17 19 0.125
18 19 0.125
21 19 0.125
23 19 0.125
97 19 0.125
96 19 0.125
16 249 0.1
245 249 0.1
246 249 0.1
247 249 0.1
248 249 0.1
250 249 0.1
251 249 0.1
253 249 0.1
265 249 0.1
347 249 0.1
17 20 0.125
18 20 0.125
21 20 0.125
22 20 0.125
24 20 0.125
353 20 0.125
193 20 0.125
282 20 0.125
17 21 0.111111
18 21 0.111111
19 21 0.111111
20 21 0.111111
23 21 0.111111
24 21 0.111111
25 21 0.111111
273 21 0.111111
166 21 0.111111
18 22 0.166667
20 22 0.166667
23 22 0.166667
24 22 0.166667
26 22 0.166667
115 22 0.166667
19 23 0.142857
21 23 0.142857
22 23 0.142857
24 23 0.142857
25 23 0.142857
27 23 0.142857
304 23 0.142857
19 97 0.1
55 97 0.1
93 97 0.1
94 97 0.1
96 97 0.1
98 97 0.1
99 97 0.1
101 97 0.1
405 97 0.1
225 97 0.1
19 96 0.125
92 96 0.125
94 96 0.125
95 96 0.125
97 96 0.125
98 96 0.125
99 96 0.125
100 96 0.125
20 24 0.1
21 24 0.1
22 24 0.1
23 24 0.1
25 24 0.1
27 24 0.1
28 24 0.1
308 24 0.1
384 24 0.1
85 24 0.1
20 353 0.111111
201 353 0.111111
349 353 0.111111
350 353 0.111111
351 353 0.111111
354 353 0.111111
355 353 0.111111
356 353 0.111111
357 353 0.111111
20 193 0.111111
139 193 0.111111
189 193 0.111111
190 193 0.111111
191 193 0.111111
192 193 0.111111
194 193 0.111111
195 193 0.111111
197 193 0.111111
20 282 0.125
212 282 0.125
278 282 0.125
279 282 0.125
281 282 0.125
283 282 0.125
284 282 0.125
286 282 0.125
21 25 0.142857
23 25 0.142857
24 25 0.142857
26 25 0.142857
27 25 0.142857
28 25 0.142857
29 25 0.142857
21 273 0.125
250 273 0.125
269 273 0.125
270 273 0.125
271 273 0.125
275 273 0.125
276 273 0.125
277 273 0.125
21 166 0.111111
162 166 0.111111
163 166 0.111111
164 166 0.111111
165 166 0.111111
167 166 0.111111
168 166 0.111111
169 166 0.111111
298 166 0.111111
22 26 0.166667
25 26 0.166667
27 26 0.166667
28 26 0.166667
29 26 0.166667
30 26 0.166667
22 115 0.1
111 115 0.1
112 115 0.1
113 115 0.1
114 115 0.1
116 115 0.1
117 115 0.1
118 115 0.1
119 115 0.1
345 115 0.1
23 27 0.125
24 27 0.125
25 27 0.125
26 27 0.125
28 27 0.125
29 27 0.125
30 27 0.125
31 27 0.125
23 304 0.111111
300 304 0.111111
301 304 0.111111
302 304 0.111111
303 304 0.111111
305 304 0.111111
306 304 0.111111
307 304 0.111111
308 304 0.111111
24 28 0.111111
25 28 0.111111
26 28 0.111111
27 28 0.111111
29 28 0.111111
30 28 0.111111
31 28 0.111111
32 28 0.111111
129 28 0.111111
24 308 0.125
257 308 0.125
304 308 0.125
305 308 0.125
306 308 0.125
307 308 0.125
311 308 0.125
312 308 0.125
24 384 0.125
380 384 0.125
381 384 0.125
382 384 0.125
383 384 0.125
386 384 0.125
387 384 0.125
388 384 0.125
24 85 0.142857
82 85 0.142857
84 85 0.142857
87 85 0.142857
88 85 0.142857
89 85 0.142857
259 85 0.142857
25 29 0.125
26 29 0.125
27 29 0.125
28 29 0.125
30 29 0.125
31 29 0.125
32 29 0.125
33 29 0.125
26 30 0.125
27 30 0.125
28 30 0.125
29 30 0.125
32 30 0.125
33 30 0.125
45 30 0.125
111 30 0.125
27 31 0.142857
28 31 0.142857
29 31 0.142857
32 31 0.142857
33 31 0.142857
34 31 0.142857
35 31 0.142857
28 32 0.125
29 32 0.125
30 32 0.125
31 32 0.125
33 32 0.125
34 32 0.125
35 32 0.125
36 32 0.125
28 129 0.125
125 129 0.125
126 129 0.125
127 129 0.125
128 129 0.125
130 129 0.125
132 129 0.125
133 129 0.125
29 33 0.111111
30 33 0.111111
31 33 0.111111
32 33 0.111111
34 33 0.111111
35 33 0.111111
36 33 0.111111
37 33 0.111111
44 33 0.111111
30 45 0.1
41 45 0.1
42 45 0.1
43 45 0.1
44 45 0.1
46 45 0.1
47 45 0.1
48 45 0.1
393 45 0.1
130 45 0.1
30 111 0.1
107 111 0.1
108 111 0.1
109 111 0.1
112 111 0.1
113 111 0.1
114 111 0.1
115 111 0.1
258 111 0.1
372 111 0.1
31 34 0.142857
32 34 0.142857
33 34 0.142857
35 34 0.142857
36 34 0.142857
37 34 0.142857
38 34 0.142857
31 35 0.111111
32 35 0.111111
33 35 0.111111
34 35 0.111111
36 35 0.111111
37 35 0.111111
38 35 0.111111
39 35 0.111111
87 35 0.111111
32 36 0.111111
33 36 0.111111
34 36 0.111111
35 36 0.111111
37 36 0.111111
38 36 0.111111
39 36 0.111111
40 36 0.111111
78 36 0.111111
33 37 0.125
34 37 0.125
35 37 0.125
36 37 0.125
38 37 0.125
39 37 0.125
40 37 0.125
41 37 0.125
33 44 0.142857
40 44 0.142857
41 44 0.142857
43 44 0.142857
45 44 0.142857
46 44 0.142857
48 44 0.142857
34 38 0.125
35 38 0.125
36 38 0.125
37 38 0.125
39 38 0.125
40 38 0.125
41 38 0.125
42 38 0.125
35 39 0.125
36 39 0.125
37 39 0.125
38 39 0.125
40 39 0.125
41 39 0.125
42 39 0.125
43 39 0.125
35 87 0.111111
83 87 0.111111
84 87 0.111111
85 87 0.111111
86 87 0.111111
89 87 0.111111
90 87 0.111111
91 87 0.111111
396 87 0.111111
36 40 0.111111
37 40 0.111111
38 40 0.111111
39 40 0.111111
41 40 0.111111
42 40 0.111111
44 40 0.111111
49 40 0.111111
53 40 0.111111
36 78 0.142857
74 78 0.142857
75 78 0.142857
77 78 0.142857
79 78 0.142857
80 78 0.142857
82 78 0.142857
37 41 0.125
38 41 0.125
39 41 0.125
40 41 0.125
42 41 0.125
43 41 0.125
44 41 0.125
45 41 0.125
38 42 0.111111
39 42 0.111111
40 42 0.111111
41 42 0.111111
43 42 0.111111
45 42 0.111111
46 42 0.111111
244 42 0.111111
147 42 0.111111
39 43 0.142857
41 43 0.142857
42 43 0.142857
44 43 0.142857
45 43 0.142857
46 43 0.142857
157 43 0.142857
40 49 0.111111
46 49 0.111111
47 49 0.111111
48 49 0.111111
50 49 0.111111
51 49 0.111111
52 49 0.111111
53 49 0.111111
292 49 0.111111
40 53 0.125
49 53 0.125
51 53 0.125
52 53 0.125
54 53 0.125
55 53 0.125
57 53 0.125
141 53 0.125
42 46 0.111111
43 46 0.111111
44 46 0.111111
45 46 0.111111
47 46 0.111111
48 46 0.111111
49 46 0.111111
50 46 0.111111
197 46 0.111111
42 244 0.125
240 244 0.125
241 244 0.125
242 244 0.125
243 244 0.125
246 244 0.125
247 244 0.125
248 244 0.125
42 147 0.111111
143 147 0.111111
144 147 0.111111
145 147 0.111111
148 147 0.111111
149 147 0.111111
150 147 0.111111
151 147 0.111111
183 147 0.111111
43 157 0.1
153 157 0.1
154 157 0.1
155 157 0.1
156 157 0.1
159 157 0.1
160 157 0.1
161 157 0.1
361 157 0.1
281 157 0.1
44 48 0.125
45 48 0.125
46 48 0.125
47 48 0.125
49 48 0.125
50 48 0.125
51 48 0.125
52 48 0.125
45 47 0.166667
46 47 0.166667
48 47 0.166667
49 47 0.166667
50 47 0.166667
51 47 0.166667
45 393 0.111111
123 393 0.111111
360 393 0.111111
389 393 0.111111
390 393 0.111111
391 393 0.111111
392 393 0.111111
394 393 0.111111
395 393 0.111111
45 130 0.111111
126 130 0.111111
127 130 0.111111
128 130 0.111111
129 130 0.111111
131 130 0.111111
132 130 0.111111
133 130 0.111111
134 130 0.111111
46 50 0.125
47 50 0.125
48 50 0.125
49 50 0.125
51 50 0.125
52 50 0.125
54 50 0.125
153 50 0.125
46 197 0.125
193 197 0.125
194 197 0.125
195 197 0.125
196 197 0.125
198 197 0.125
200 197 0.125
201 197 0.125
47 51 0.1
48 51 0.1
49 51 0.1
50 51 0.1
52 51 0.1
53 51 0.1
54 51 0.1
55 51 0.1
404 51 0.1
275 51 0.1
48 52 0.111111
49 52 0.111111
50 52 0.111111
51 52 0.111111
53 52 0.111111
54 52 0.111111
55 52 0.111111
346 52 0.111111
163 52 0.111111
50 54 0.125
51 54 0.125
52 54 0.125
53 54 0.125
55 54 0.125
56 54 0.125
57 54 0.125
58 54 0.125
51 55 0.111111
52 55 0.111111
53 55 0.111111
54 55 0.111111
56 55 0.111111
57 55 0.111111
58 55 0.111111
59 55 0.111111
97 55 0.111111
51 404 0.142857
302 404 0.142857
400 404 0.142857
402 404 0.142857
403 404 0.142857
406 404 0.142857
408 404 0.142857
51 275 0.125
206 275 0.125
271 275 0.125
272 275 0.125
273 275 0.125
274 275 0.125
276 275 0.125
277 275 0.125
52 346 0.166667
305 346 0.166667
342 346 0.166667
343 346 0.166667
348 346 0.166667
349 346 0.166667
52 163 0.1
159 163 0.1
160 163 0.1
161 163 0.1
162 163 0.1
164 163 0.1
165 163 0.1
166 163 0.1
167 163 0.1
372 163 0.1
53 57 0.125
54 57 0.125
55 57 0.125
56 57 0.125
58 57 0.125
60 57 0.125
61 57 0.125
149 57 0.125
53 141 0.142857
137 141 0.142857
138 141 0.142857
140 141 0.142857
142 141 0.142857
143 141 0.142857
144 141 0.142857
54 56 0.166667
55 56 0.166667
57 56 0.166667
58 56 0.166667
60 56 0.166667
99 56 0.166667
54 58 0.125
55 58 0.125
56 58 0.125
57 58 0.125
60 58 0.125
61 58 0.125
62 58 0.125
90 58 0.125
55 59 0.2
60 59 0.2
61 59 0.2
62 59 0.2
63 59 0.2
56 60 0.125
57 60 0.125
58 60 0.125
59 60 0.125
61 60 0.125
62 60 0.125
63 60 0.125
64 60 0.125
56 99 0.111111
95 99 0.111111
96 99 0.111111
97 99 0.111111
98 99 0.111111
100 99 0.111111
101 99 0.111111
102 99 0.111111
103 99 0.111111
57 61 0.125
58 61 0.125
59 61 0.125
60 61 0.125
62 61 0.125
63 61 0.125
64 61 0.125
65 61 0.125
57 149 0.1
94 149 0.1
146 149 0.1
147 149 0.1
148 149 0.1
150 149 0.1
151 149 0.1
152 149 0.1
153 149 0.1
374 149 0.1
58 62 0.111111
59 62 0.111111
60 62 0.111111
61 62 0.111111
63 62 0.111111
64 62 0.111111
65 62 0.111111
66 62 0.111111
367 62 0.111111
58 90 0.111111
86 90 0.111111
87 90 0.111111
88 90 0.111111
89 90 0.111111
91 90 0.111111
92 90 0.111111
93 90 0.111111
94 90 0.111111
59 63 0.111111
60 63 0.111111
61 63 0.111111
62 63 0.111111
64 63 0.111111
65 63 0.111111
66 63 0.111111
67 63 0.111111
175 63 0.111111
60 64 0.125
61 64 0.125
62 64 0.125
63 64 0.125
65 64 0.125
66 64 0.125
67 64 0.125
68 64 0.125
61 65 0.125
62 65 0.125
63 65 0.125
64 65 0.125
66 65 0.125
67 65 0.125
68 65 0.125
69 65 0.125
62 66 0.125
63 66 0.125
64 66 0.125
65 66 0.125
67 66 0.125
68 66 0.125
69 66 0.125
70 66 0.125
63 67 0.125
64 67 0.125
65 67 0.125
66 67 0.125
70 67 0.125
71 67 0.125
294 67 0.125
74 67 0.125
63 175 0.125
82 175 0.125
171 175 0.125
172 175 0.125
173 175 0.125
174 175 0.125
176 175 0.125
177 175 0.125
65 69 0.142857
66 69 0.142857
68 69 0.142857
70 69 0.142857
71 69 0.142857
72 69 0.142857
73 69 0.142857
66 70 0.125
67 70 0.125
68 70 0.125
69 70 0.125
71 70 0.125
72 70 0.125
73 70 0.125
74 70 0.125
67 71 0.142857
69 71 0.142857
70 71 0.142857
72 71 0.142857
73 71 0.142857
74 71 0.142857
75 71 0.142857
67 294 0.125
290 294 0.125
291 294 0.125
293 294 0.125
295 294 0.125
296 294 0.125
297 294 0.125
298 294 0.125
67 74 0.125
70 74 0.125
71 74 0.125
73 74 0.125
75 74 0.125
76 74 0.125
78 74 0.125
270 74 0.125
68 72 0.111111
69 72 0.111111
70 72 0.111111
71 72 0.111111
73 72 0.111111
75 72 0.111111
398 72 0.111111
321 72 0.111111
124 72 0.111111
69 73 0.111111
70 73 0.111111
71 73 0.111111
72 73 0.111111
74 73 0.111111
75 73 0.111111
76 73 0.111111
77 73 0.111111
406 73 0.111111
71 75 0.111111
72 75 0.111111
73 75 0.111111
74 75 0.111111
76 75 0.111111
77 75 0.111111
78 75 0.111111
79 75 0.111111
335 75 0.111111
72 398 0.111111
311 398 0.111111
394 398 0.111111
395 398 0.111111
396 398 0.111111
397 398 0.111111
399 398 0.111111
401 398 0.111111
402 398 0.111111
72 321 0.142857
113 321 0.142857
317 321 0.142857
318 321 0.142857
319 321 0.142857
322 321 0.142857
323 321 0.142857
72 124 0.111111
121 124 0.111111
122 124 0.111111
123 124 0.111111
125 124 0.111111
126 124 0.111111
127 124 0.111111
128 124 0.111111
142 124 0.111111
73 77 0.166667
75 77 0.166667
78 77 0.166667
79 77 0.166667
80 77 0.166667
81 77 0.166667
73 406 0.142857
123 406 0.142857
402 406 0.142857
403 406 0.142857
404 406 0.142857
407 406 0.142857
408 406 0.142857
74 270 0.111111
266 270 0.111111
267 270 0.111111
268 270 0.111111
269 270 0.111111
271 270 0.111111
272 270 0.111111
273 270 0.111111
274 270 0.111111
75 79 0.125
76 79 0.125
77 79 0.125
78 79 0.125
80 79 0.125
81 79 0.125
82 79 0.125
362 79 0.125
75 335 0.125
331 335 0.125
332 335 0.125
333 335 0.125
334 335 0.125
336 335 0.125
338 335 0.125
339 335 0.125
76 80 0.125
77 80 0.125
78 80 0.125
79 80 0.125
81 80 0.125
82 80 0.125
83 80 0.125
84 80 0.125
76 223 0.1
190 223 0.1
219 223 0.1
220 223 0.1
222 223 0.1
224 223 0.1
225 223 0.1
226 223 0.1
227 223 0.1
364 223 0.1
77 81 0.142857
79 81 0.142857
80 81 0.142857
83 81 0.142857
84 81 0.142857
302 81 0.142857
355 81 0.142857
78 82 0.125
79 82 0.125
80 82 0.125
83 82 0.125
84 82 0.125
85 82 0.125
86 82 0.125
175 82 0.125
79 362 0.111111
358 362 0.111111
359 362 0.111111
360 362 0.111111
361 362 0.111111
363 362 0.111111
364 362 0.111111
365 362 0.111111
366 362 0.111111
80 83 0.142857
81 83 0.142857
82 83 0.142857
84 83 0.142857
86 83 0.142857
87 83 0.142857
380 83 0.142857
80 84 0.111111
81 84 0.111111
82 84 0.111111
83 84 0.111111
85 84 0.111111
86 84 0.111111
87 84 0.111111
88 84 0.111111
93 84 0.111111
81 302 0.1
298 302 0.1
299 302 0.1
300 302 0.1
301 302 0.1
303 302 0.1
304 302 0.1
305 302 0.1
306 302 0.1
404 302 0.1
81 355 0.111111
182 355 0.111111
351 355 0.111111
352 355 0.111111
353 355 0.111111
354 355 0.111111
356 355 0.111111
357 355 0.111111
358 355 0.111111
82 86 0.125
83 86 0.125
84 86 0.125
87 86 0.125
88 86 0.125
89 86 0.125
90 86 0.125
333 86 0.125
83 380 0.083333
117 380 0.083333
241 380 0.083333
280 380 0.083333
376 380 0.083333
377 380 0.083333
378 380 0.083333
379 380 0.083333
381 380 0.083333
382 380 0.083333
383 380 0.083333
384 380 0.083333
84 88 0.142857
85 88 0.142857
86 88 0.142857
89 88 0.142857
90 88 0.142857
91 88 0.142857
92 88 0.142857
84 93 0.125
89 93 0.125
90 93 0.125
91 93 0.125
92 93 0.125
94 93 0.125
95 93 0.125
97 93 0.125
85 89 0.111111
86 89 0.111111
87 89 0.111111
88 89 0.111111
90 89 0.111111
91 89 0.111111
92 89 0.111111
93 89 0.111111
342 89 0.111111
85 259 0.125
255 259 0.125
256 259 0.125
257 259 0.125
260 259 0.125
261 259 0.125
262 259 0.125
263 259 0.125
86 333 0.111111
329 333 0.111111
330 333 0.111111
331 333 0.111111
332 333 0.111111
334 333 0.111111
335 333 0.111111
337 333 0.111111
394 333 0.111111
87 91 0.111111
88 91 0.111111
89 91 0.111111
90 91 0.111111
92 91 0.111111
93 91 0.111111
94 91 0.111111
95 91 0.111111
209 91 0.111111
87 396 0.111111
252 396 0.111111
312 396 0.111111
392 396 0.111111
394 396 0.111111
395 396 0.111111
397 396 0.111111
398 396 0.111111
400 396 0.111111
88 92 0.125
89 92 0.125
90 92 0.125
91 92 0.125
93 92 0.125
94 92 0.125
96 92 0.125
114 92 0.125
89 342 0.125
338 342 0.125
339 342 0.125
340 342 0.125
341 342 0.125
343 342 0.125
345 342 0.125
346 342 0.125
90 94 0.125
91 94 0.125
92 94 0.125
93 94 0.125
96 94 0.125
97 94 0.125
98 94 0.125
149 94 0.125
91 95 0.142857
93 95 0.142857
96 95 0.142857
98 95 0.142857
99 95 0.142857
251 95 0.142857
236 95 0.142857
92 114 0.111111
110 114 0.111111
111 114 0.111111
112 114 0.111111
113 114 0.111111
115 114 0.111111
116 114 0.111111
117 114 0.111111
118 114 0.111111
94 98 0.111111
95 98 0.111111
96 98 0.111111
97 98 0.111111
99 98 0.111111
100 98 0.111111
101 98 0.111111
102 98 0.111111
195 98 0.111111
95 251 0.111111
247 251 0.111111
248 251 0.111111
249 251 0.111111
250 251 0.111111
252 251 0.111111
253 251 0.111111
254 251 0.111111
255 251 0.111111
95 236 0.125
232 236 0.125
233 236 0.125
234 236 0.125
235 236 0.125
237 236 0.125
238 236 0.125
239 236 0.125
96 100 0.142857
98 100 0.142857
99 100 0.142857
101 100 0.142857
102 100 0.142857
103 100 0.142857
173 100 0.142857
97 101 0.125
98 101 0.125
99 101 0.125
100 101 0.125
102 101 0.125
103 101 0.125
104 101 0.125
105 101 0.125
97 405 0.166667
401 405 0.166667
402 405 0.166667
407 405 0.166667
408 405 0.166667
409 405 0.166667
97 225 0.142857
221 225 0.142857
223 225 0.142857
224 225 0.142857
226 225 0.142857
227 225 0.142857
229 225 0.142857
98 102 0.125
99 102 0.125
100 102 0.125
101 102 0.125
103 102 0.125
104 102 0.125
105 102 0.125
106 102 0.125
98 195 0.125
191 195 0.125
192 195 0.125
193 195 0.125
194 195 0.125
196 195 0.125
197 195 0.125
199 195 0.125
99 103 0.125
100 103 0.125
101 103 0.125
102 103 0.125
105 103 0.125
106 103 0.125
107 103 0.125
261 103 0.125
100 173 0.111111
169 173 0.111111
170 173 0.111111
171 173 0.111111
172 173 0.111111
174 173 0.111111
175 173 0.111111
176 173 0.111111
177 173 0.111111
101 104 0.166667
102 104 0.166667
105 104 0.166667
106 104 0.166667
107 104 0.166667
108 104 0.166667
101 105 0.125
102 105 0.125
103 105 0.125
104 105 0.125
106 105 0.125
107 105 0.125
108 105 0.125
109 105 0.125
102 106 0.125
103 106 0.125
104 106 0.125
105 106 0.125
107 106 0.125
108 106 0.125
109 106 0.125
110 106 0.125
103 107 0.111111
104 107 0.111111
105 107 0.111111
106 107 0.111111
108 107 0.111111
109 107 0.111111
110 107 0.111111
111 107 0.111111
207 107 0.111111
103 261 0.125
257 261 0.125
259 261 0.125
260 261 0.125
262 261 0.125
263 261 0.125
264 261 0.125
360 261 0.125
104 108 0.125
105 108 0.125
106 108 0.125
107 108 0.125
109 108 0.125
110 108 0.125
111 108 0.125
112 108 0.125
106 110 0.125
107 110 0.125
108 110 0.125
109 110 0.125
112 110 0.125
113 110 0.125
114 110 0.125
316 110 0.125
107 207 0.125
112 207 0.125
203 207 0.125
204 207 0.125
205 207 0.125
206 207 0.125
210 207 0.125
211 207 0.125
108 112 0.111111
109 112 0.111111
110 112 0.111111
111 112 0.111111
114 112 0.111111
115 112 0.111111
116 112 0.111111
165 112 0.111111
207 112 0.111111
109 113 0.125
110 113 0.125
111 113 0.125
114 113 0.125
115 113 0.125
116 113 0.125
117 113 0.125
321 113 0.125
110 316 0.125
313 316 0.125
314 316 0.125
315 316 0.125
317 316 0.125
318 316 0.125
319 316 0.125
371 316 0.125
111 258 0.142857
254 258 0.142857
256 258 0.142857
257 258 0.142857
260 258 0.142857
262 258 0.142857
371 258 0.142857
111 372 0.125
163 372 0.125
368 372 0.125
369 372 0.125
370 372 0.125
371 372 0.125
373 372 0.125
376 372 0.125
112 116 0.111111
113 116 0.111111
114 116 0.111111
115 116 0.111111
117 116 0.111111
118 116 0.111111
119 116 0.111111
120 116 0.111111
211 116 0.111111
112 165 0.111111
161 165 0.111111
162 165 0.111111
163 165 0.111111
164 165 0.111111
166 165 0.111111
167 165 0.111111
168 165 0.111111
169 165 0.111111
113 117 0.125
114 117 0.125
115 117 0.125
116 117 0.125
118 117 0.125
120 117 0.125
121 117 0.125
380 117 0.125
115 119 0.125
116 119 0.125
118 119 0.125
120 119 0.125
121 119 0.125
122 119 0.125
123 119 0.125
135 119 0.125
115 345 0.125
187 345 0.125
341 345 0.125
342 345 0.125
343 345 0.125
344 345 0.125
347 345 0.125
348 345 0.125
116 120 0.125
117 120 0.125
118 120 0.125
119 120 0.125
121 120 0.125
122 120 0.125
123 120 0.125
274 120 0.125
116 211 0.125
207 211 0.125
208 211 0.125
209 211 0.125
210 211 0.125
212 211 0.125
214 211 0.125
215 211 0.125
117 121 0.125
118 121 0.125
119 121 0.125
120 121 0.125
122 121 0.125
123 121 0.125
124 121 0.125
125 121 0.125
118 122 0.111111
119 122 0.111111
120 122 0.111111
121 122 0.111111
123 122 0.111111
124 122 0.111111
125 122 0.111111
126 122 0.111111
394 122 0.111111
119 123 0.111111
120 123 0.111111
121 123 0.111111
122 123 0.111111
124 123 0.111111
125 123 0.111111
127 123 0.111111
393 123 0.111111
406 123 0.111111
119 135 0.142857
132 135 0.142857
133 135 0.142857
134 135 0.142857
138 135 0.142857
139 135 0.142857
144 135 0.142857
120 274 0.111111
191 274 0.111111
270 274 0.111111
271 274 0.111111
272 274 0.111111
275 274 0.111111
276 274 0.111111
277 274 0.111111
278 274 0.111111
121 125 0.111111
122 125 0.111111
123 125 0.111111
124 125 0.111111
126 125 0.111111
127 125 0.111111
128 125 0.111111
129 125 0.111111
142 125 0.111111
122 126 0.125
124 126 0.125
125 126 0.125
127 126 0.125
128 126 0.125
129 126 0.125
130 126 0.125
338 126 0.125
122 394 0.125
333 394 0.125
390 394 0.125
391 394 0.125
392 394 0.125
393 394 0.125
396 394 0.125
398 394 0.125
123 127 0.125
124 127 0.125
125 127 0.125
126 127 0.125
128 127 0.125
129 127 0.125
130 127 0.125
131 127 0.125
124 128 0.125
125 128 0.125
126 128 0.125
127 128 0.125
129 128 0.125
130 128 0.125
131 128 0.125
132 128 0.125
124 142 0.111111
125 142 0.111111
131 142 0.111111
138 142 0.111111
139 142 0.111111
140 142 0.111111
141 142 0.111111
143 142 0.111111
146 142 0.111111
126 338 0.111111
168 338 0.111111
334 338 0.111111
335 338 0.111111
336 338 0.111111
337 338 0.111111
339 338 0.111111
341 338 0.111111
342 338 0.111111
127 131 0.111111
128 131 0.111111
130 131 0.111111
132 131 0.111111
133 131 0.111111
134 131 0.111111
205 131 0.111111
142 131 0.111111
260 131 0.111111
128 132 0.111111
129 132 0.111111
130 132 0.111111
131 132 0.111111
133 132 0.111111
134 132 0.111111
135 132 0.111111
136 132 0.111111
320 132 0.111111
129 133 0.125
130 133 0.125
131 133 0.125
132 133 0.125
134 133 0.125
135 133 0.125
136 133 0.125
137 133 0.125
130 134 0.111111
131 134 0.111111
132 134 0.111111
133 134 0.111111
135 134 0.111111
136 134 0.111111
138 134 0.111111
239 134 0.111111
159 134 0.111111
131 205 0.125
201 205 0.125
202 205 0.125
203 205 0.125
204 205 0.125
206 205 0.125
207 205 0.125
209 205 0.125
131 260 0.111111
256 260 0.111111
257 260 0.111111
258 260 0.111111
259 260 0.111111
261 260 0.111111
262 260 0.111111
263 260 0.111111
339 260 0.111111
132 136 0.125
133 136 0.125
134 136 0.125
137 136 0.125
138 136 0.125
139 136 0.125
140 136 0.125
182 136 0.125
132 320 0.142857
317 320 0.142857
318 320 0.142857
319 320 0.142857
322 320 0.142857
323 320 0.142857
324 320 0.142857
133 137 0.166667
136 137 0.166667
138 137 0.166667
139 137 0.166667
140 137 0.166667
141 137 0.166667
134 239 0.125
235 239 0.125
236 239 0.125
237 239 0.125
238 239 0.125
243 239 0.125
312 239 0.125
286 239 0.125
134 159 0.111111
155 159 0.111111
156 159 0.111111
157 159 0.111111
158 159 0.111111
160 159 0.111111
161 159 0.111111
163 159 0.111111
176 159 0.111111
135 139 0.125
136 139 0.125
137 139 0.125
138 139 0.125
140 139 0.125
142 139 0.125
143 139 0.125
193 139 0.125
135 144 0.125
140 144 0.125
141 144 0.125
143 144 0.125
145 144 0.125
146 144 0.125
147 144 0.125
148 144 0.125
136 140 0.125
137 140 0.125
138 140 0.125
139 140 0.125
141 140 0.125
142 140 0.125
143 140 0.125
144 140 0.125
136 182 0.111111
178 182 0.111111
179 182 0.111111
180 182 0.111111
181 182 0.111111
183 182 0.111111
185 182 0.111111
186 182 0.111111
355 182 0.111111
138 253 0.125
249 253 0.125
250 253 0.125
251 253 0.125
252 253 0.125
255 253 0.125
256 253 0.125
257 253 0.125
139 143 0.125
140 143 0.125
141 143 0.125
142 143 0.125
144 143 0.125
145 143 0.125
146 143 0.125
147 143 0.125
142 146 0.125
143 146 0.125
144 146 0.125
145 146 0.125
148 146 0.125
149 146 0.125
150 146 0.125
257 146 0.125
143 145 0.166667
144 145 0.166667
146 145 0.166667
147 145 0.166667
148 145 0.166667
235 145 0.166667
145 235 0.111111
231 235 0.111111
232 235 0.111111
233 235 0.111111
234 235 0.111111
236 235 0.111111
237 235 0.111111
238 235 0.111111
239 235 0.111111
146 150 0.125
147 150 0.125
148 150 0.125
149 150 0.125
151 150 0.125
152 150 0.125
153 150 0.125
154 150 0.125
146 257 0.1
253 257 0.1
254 257 0.1
255 257 0.1
256 257 0.1
258 257 0.1
259 257 0.1
260 257 0.1
261 257 0.1
308 257 0.1
147 151 0.125
148 151 0.125
149 151 0.125
150 151 0.125
152 151 0.125
153 151 0.125
154 151 0.125
155 151 0.125
147 183 0.125
179 183 0.125
180 183 0.125
181 183 0.125
182 183 0.125
184 183 0.125
186 183 0.125
216 183 0.125
148 152 0.125
149 152 0.125
150 152 0.125
151 152 0.125
153 152 0.125
154 152 0.125
155 152 0.125
156 152 0.125
149 374 0.125
156 374 0.125
268 374 0.125
370 374 0.125
371 374 0.125
373 374 0.125
378 374 0.125
392 374 0.125
150 154 0.125
151 154 0.125
152 154 0.125
153 154 0.125
155 154 0.125
156 154 0.125
157 154 0.125
158 154 0.125
151 155 0.125
152 155 0.125
153 155 0.125
154 155 0.125
156 155 0.125
157 155 0.125
158 155 0.125
159 155 0.125
152 156 0.111111
153 156 0.111111
154 156 0.111111
155 156 0.111111
157 156 0.111111
158 156 0.111111
159 156 0.111111
160 156 0.111111
374 156 0.111111
154 158 0.142857
155 158 0.142857
156 158 0.142857
159 158 0.142857
160 158 0.142857
161 158 0.142857
162 158 0.142857
156 160 0.125
157 160 0.125
158 160 0.125
159 160 0.125
161 160 0.125
162 160 0.125
163 160 0.125
164 160 0.125
157 161 0.125
158 161 0.125
159 161 0.125
160 161 0.125
163 161 0.125
164 161 0.125
165 161 0.125
382 161 0.125
157 361 0.111111
357 361 0.111111
358 361 0.111111
359 361 0.111111
360 361 0.111111
362 361 0.111111
363 361 0.111111
364 361 0.111111
365 361 0.111111
157 281 0.125
277 281 0.125
278 281 0.125
279 281 0.125
280 281 0.125
282 281 0.125
284 281 0.125
285 281 0.125
158 162 0.166667
160 162 0.166667
163 162 0.166667
164 162 0.166667
165 162 0.166667
166 162 0.166667
159 176 0.111111
172 176 0.111111
173 176 0.111111
174 176 0.111111
175 176 0.111111
177 176 0.111111
178 176 0.111111
179 176 0.111111
180 176 0.111111
160 164 0.125
161 164 0.125
162 164 0.125
163 164 0.125
165 164 0.125
166 164 0.125
167 164 0.125
168 164 0.125
161 382 0.090909
187 382 0.090909
339 382 0.090909
378 382 0.090909
379 382 0.090909
380 382 0.090909
381 382 0.090909
383 382 0.090909
384 382 0.090909
385 382 0.090909
386 382 0.090909
163 167 0.125
164 167 0.125
165 167 0.125
166 167 0.125
169 167 0.125
170 167 0.125
171 167 0.125
192 167 0.125
164 168 0.142857
165 168 0.142857
166 168 0.142857
169 168 0.142857
170 168 0.142857
172 168 0.142857
338 168 0.142857
165 169 0.125
166 169 0.125
167 169 0.125
168 169 0.125
170 169 0.125
171 169 0.125
172 169 0.125
173 169 0.125
166 298 0.125
294 298 0.125
295 298 0.125
296 298 0.125
297 298 0.125
299 298 0.125
300 298 0.125
302 298 0.125
167 171 0.142857
169 171 0.142857
170 171 0.142857
172 171 0.142857
173 171 0.142857
174 171 0.142857
175 171 0.142857
167 192 0.142857
188 192 0.142857
189 192 0.142857
193 192 0.142857
194 192 0.142857
195 192 0.142857
196 192 0.142857
168 172 0.125
169 172 0.125
170 172 0.125
171 172 0.125
173 172 0.125
174 172 0.125
175 172 0.125
176 172 0.125
170 174 0.125
171 174 0.125
172 174 0.125
173 174 0.125
175 174 0.125
176 174 0.125
177 174 0.125
323 174 0.125
173 177 0.125
174 177 0.125
175 177 0.125
176 177 0.125
178 177 0.125
179 177 0.125
181 177 0.125
397 177 0.125
174 323 0.111111
319 323 0.111111
320 323 0.111111
321 323 0.111111
322 323 0.111111
324 323 0.111111
325 323 0.111111
326 323 0.111111
327 323 0.111111
176 178 0.166667
177 178 0.166667
179 178 0.166667
180 178 0.166667
182 178 0.166667
377 178 0.166667
176 179 0.142857
177 179 0.142857
178 179 0.142857
180 179 0.142857
181 179 0.142857
182 179 0.142857
183 179 0.142857
176 180 0.142857
178 180 0.142857
179 180 0.142857
181 180 0.142857
182 180 0.142857
183 180 0.142857
184 180 0.142857
177 181 0.125
179 181 0.125
180 181 0.125
182 181 0.125
183 181 0.125
184 181 0.125
185 181 0.125
212 181 0.125
177 397 0.142857
231 397 0.142857
395 397 0.142857
396 397 0.142857
398 397 0.142857
399 397 0.142857
401 397 0.142857
178 377 0.111111
237 377 0.111111
327 377 0.111111
373 377 0.111111
375 377 0.111111
376 377 0.111111
378 377 0.111111
379 377 0.111111
380 377 0.111111
180 184 0.142857
181 184 0.142857
183 184 0.142857
185 184 0.142857
186 184 0.142857
187 184 0.142857
188 184 0.142857
181 185 0.142857
182 185 0.142857
184 185 0.142857
186 185 0.142857
187 185 0.142857
188 185 0.142857
189 185 0.142857
181 212 0.111111
208 212 0.111111
209 212 0.111111
210 212 0.111111
211 212 0.111111
215 212 0.111111
216 212 0.111111
282 212 0.111111
347 212 0.111111
182 186 0.1
183 186 0.1
184 186 0.1
185 186 0.1
187 186 0.1
188 186 0.1
189 186 0.1
190 186 0.1
366 186 0.1
376 186 0.1
183 216 0.111111
212 216 0.111111
213 216 0.111111
214 216 0.111111
215 216 0.111111
217 216 0.111111
218 216 0.111111
219 216 0.111111
220 216 0.111111
184 187 0.125
185 187 0.125
186 187 0.125
189 187 0.125
190 187 0.125
191 187 0.125
382 187 0.125
345 187 0.125
184 188 0.125
185 188 0.125
186 188 0.125
189 188 0.125
190 188 0.125
191 188 0.125
192 188 0.125
403 188 0.125
185 189 0.125
186 189 0.125
187 189 0.125
188 189 0.125
190 189 0.125
191 189 0.125
192 189 0.125
193 189 0.125
186 190 0.125
187 190 0.125
188 190 0.125
189 190 0.125
191 190 0.125
193 190 0.125
194 190 0.125
223 190 0.125
186 366 0.142857
362 366 0.142857
363 366 0.142857
365 366 0.142857
367 366 0.142857
370 366 0.142857
403 366 0.142857
186 376 0.111111
255 376 0.111111
364 376 0.111111
372 376 0.111111
373 376 0.111111
375 376 0.111111
377 376 0.111111
378 376 0.111111
380 376 0.111111
187 191 0.111111
188 191 0.111111
189 191 0.111111
190 191 0.111111
193 191 0.111111
194 191 0.111111
195 191 0.111111
274 191 0.111111
325 191 0.111111
188 403 0.111111
227 403 0.111111
366 403 0.111111
399 403 0.111111
400 403 0.111111
401 403 0.111111
402 403 0.111111
404 403 0.111111
406 403 0.111111
190 194 0.125
191 194 0.125
192 194 0.125
193 194 0.125
195 194 0.125
196 194 0.125
197 194 0.125
198 194 0.125
191 325 0.142857
322 325 0.142857
323 325 0.142857
324 325 0.142857
326 325 0.142857
327 325 0.142857
328 325 0.142857
192 196 0.142857
194 196 0.142857
195 196 0.142857
197 196 0.142857
198 196 0.142857
199 196 0.142857
200 196 0.142857
194 198 0.142857
196 198 0.142857
197 198 0.142857
199 198 0.142857
200 198 0.142857
201 198 0.142857
202 198 0.142857
195 199 0.142857
196 199 0.142857
198 199 0.142857
200 199 0.142857
201 199 0.142857
202 199 0.142857
203 199 0.142857
196 200 0.111111
197 200 0.111111
198 200 0.111111
199 200 0.111111
201 200 0.111111
202 200 0.111111
203 200 0.111111
358 200 0.111111
408 200 0.111111
197 201 0.125
198 201 0.125
199 201 0.125
200 201 0.125
202 201 0.125
205 201 0.125
280 201 0.125
353 201 0.125
198 202 0.125
199 202 0.125
200 202 0.125
201 202 0.125
203 202 0.125
204 202 0.125
205 202 0.125
206 202 0.125
199 203 0.142857
200 203 0.142857
202 203 0.142857
204 203 0.142857
205 203 0.142857
206 203 0.142857
207 203 0.142857
200 358 0.125
354 358 0.125
355 358 0.125
356 358 0.125
357 358 0.125
360 358 0.125
361 358 0.125
362 358 0.125
200 408 0.111111
404 408 0.111111
405 408 0.111111
406 408 0.111111
407 408 0.111111
409 408 0.111111
410 408 0.111111
411 408 0.111111
412 408 0.111111
201 280 0.111111
276 280 0.111111
277 280 0.111111
278 280 0.111111
279 280 0.111111
281 280 0.111111
283 280 0.111111
284 280 0.111111
380 280 0.111111
202 204 0.166667
203 204 0.166667
205 204 0.166667
206 204 0.166667
207 204 0.166667
208 204 0.166667
202 206 0.111111
203 206 0.111111
204 206 0.111111
205 206 0.111111
207 206 0.111111
208 206 0.111111
209 206 0.111111
210 206 0.111111
275 206 0.111111
204 208 0.166667
206 208 0.166667
209 208 0.166667
210 208 0.166667
211 208 0.166667
212 208 0.166667
206 210 0.142857
207 210 0.142857
208 210 0.142857
211 210 0.142857
212 210 0.142857
213 210 0.142857
389 210 0.142857
209 213 0.166667
210 213 0.166667
214 213 0.166667
215 213 0.166667
216 213 0.166667
217 213 0.166667
210 389 0.125
385 389 0.125
387 389 0.125
388 389 0.125
390 389 0.125
391 389 0.125
392 389 0.125
393 389 0.125
211 214 0.166667
213 214 0.166667
215 214 0.166667
216 214 0.166667
217 214 0.166667
218 214 0.166667
211 215 0.125
212 215 0.125
213 215 0.125
214 215 0.125
216 215 0.125
217 215 0.125
218 215 0.125
276 215 0.125
212 347 0.125
249 347 0.125
343 347 0.125
344 347 0.125
345 347 0.125
348 347 0.125
349 347 0.125
351 347 0.125
213 217 0.125
214 217 0.125
215 217 0.125
216 217 0.125
218 217 0.125
219 217 0.125
220 217 0.125
221 217 0.125
214 218 0.111111
215 218 0.111111
216 218 0.111111
217 218 0.111111
219 218 0.111111
220 218 0.111111
221 218 0.111111
222 218 0.111111
413 218 0.111111
215 276 0.111111
272 276 0.111111
273 276 0.111111
274 276 0.111111
275 276 0.111111
277 276 0.111111
278 276 0.111111
279 276 0.111111
280 276 0.111111
216 219 0.142857
217 219 0.142857
218 219 0.142857
220 219 0.142857
221 219 0.142857
222 219 0.142857
223 219 0.142857
216 220 0.125
217 220 0.125
218 220 0.125
219 220 0.125
221 220 0.125
222 220 0.125
223 220 0.125
224 220 0.125
217 221 0.125
218 221 0.125
219 221 0.125
220 221 0.125
222 221 0.125
224 221 0.125
225 221 0.125
352 221 0.125
218 222 0.111111
219 222 0.111111
220 222 0.111111
221 222 0.111111
223 222 0.111111
224 222 0.111111
226 222 0.111111
295 222 0.111111
233 222 0.111111
220 224 0.125
221 224 0.125
222 224 0.125
223 224 0.125
225 224 0.125
226 224 0.125
227 224 0.125
228 224 0.125
222 226 0.125
223 226 0.125
224 226 0.125
225 226 0.125
227 226 0.125
228 226 0.125
229 226 0.125
230 226 0.125
222 295 0.111111
291 295 0.111111
292 295 0.111111
293 295 0.111111
294 295 0.111111
296 295 0.111111
297 295 0.111111
298 295 0.111111
299 295 0.111111
222 233 0.111111
229 233 0.111111
230 233 0.111111
231 233 0.111111
232 233 0.111111
234 233 0.111111
235 233 0.111111
236 233 0.111111
344 233 0.111111
223 227 0.111111
224 227 0.111111
225 227 0.111111
226 227 0.111111
228 227 0.111111
229 227 0.111111
231 227 0.111111
305 227 0.111111
403 227 0.111111
223 364 0.125
360 364 0.125
361 364 0.125
362 364 0.125
363 364 0.125
365 364 0.125
367 364 0.125
376 364 0.125
225 229 0.125
226 229 0.125
227 229 0.125
228 229 0.125
230 229 0.125
231 229 0.125
232 229 0.125
233 229 0.125
226 230 0.166667
229 230 0.166667
231 230 0.166667
232 230 0.166667
233 230 0.166667
234 230 0.166667
227 231 0.111111
228 231 0.111111
229 231 0.111111
230 231 0.111111
232 231 0.111111
233 231 0.111111
234 231 0.111111
235 231 0.111111
397 231 0.111111
227 305 0.1
301 305 0.1
302 305 0.1
303 305 0.1
304 305 0.1
306 305 0.1
307 305 0.1
308 305 0.1
309 305 0.1
346 305 0.1
228 232 0.125
229 232 0.125
230 232 0.125
231 232 0.125
233 232 0.125
235 232 0.125
236 232 0.125
356 232 0.125
228 290 0.111111
286 290 0.111111
287 290 0.111111
288 290 0.111111
289 290 0.111111
291 290 0.111111
292 290 0.111111
293 290 0.111111
294 290 0.111111
230 234 0.142857
231 234 0.142857
233 234 0.142857
235 234 0.142857
236 234 0.142857
237 234 0.142857
238 234 0.142857
232 356 0.111111
352 356 0.111111
353 356 0.111111
354 356 0.111111
355 356 0.111111
357 356 0.111111
358 356 0.111111
360 356 0.111111
411 356 0.111111
233 344 0.142857
340 344 0.142857
341 344 0.142857
343 344 0.142857
345 344 0.142857
347 344 0.142857
348 344 0.142857
234 237 0.142857
235 237 0.142857
236 237 0.142857
238 237 0.142857
239 237 0.142857
241 237 0.142857
377 237 0.142857
234 238 0.125
235 238 0.125
236 238 0.125
237 238 0.125
239 238 0.125
240 238 0.125
241 238 0.125
242 238 0.125
237 241 0.142857
238 241 0.142857
240 241 0.142857
243 241 0.142857
244 241 0.142857
245 241 0.142857
380 241 0.142857
238 240 0.166667
241 240 0.166667
242 240 0.166667
243 240 0.166667
244 240 0.166667
272 240 0.166667
238 242 0.166667
240 242 0.166667
243 242 0.166667
244 242 0.166667
245 242 0.166667
246 242 0.166667
239 243 0.125
240 243 0.125
241 243 0.125
242 243 0.125
244 243 0.125
245 243 0.125
246 243 0.125
247 243 0.125
239 312 0.111111
308 312 0.111111
309 312 0.111111
310 312 0.111111
311 312 0.111111
313 312 0.111111
314 312 0.111111
315 312 0.111111
396 312 0.111111
239 286 0.111111
282 286 0.111111
283 286 0.111111
284 286 0.111111
285 286 0.111111
287 286 0.111111
288 286 0.111111
289 286 0.111111
290 286 0.111111
240 272 0.125
268 272 0.125
269 272 0.125
270 272 0.125
271 272 0.125
274 272 0.125
275 272 0.125
276 272 0.125
241 245 0.142857
242 245 0.142857
243 245 0.142857
246 245 0.142857
247 245 0.142857
248 245 0.142857
249 245 0.142857
242 246 0.125
243 246 0.125
244 246 0.125
245 246 0.125
247 246 0.125
248 246 0.125
249 246 0.125
250 246 0.125
243 247 0.125
244 247 0.125
245 247 0.125
246 247 0.125
248 247 0.125
249 247 0.125
250 247 0.125
251 247 0.125
244 248 0.125
245 248 0.125
246 248 0.125
247 248 0.125
249 248 0.125
250 248 0.125
251 248 0.125
252 248 0.125
246 250 0.111111
247 250 0.111111
248 250 0.111111
249 250 0.111111
251 250 0.111111
252 250 0.111111
253 250 0.111111
254 250 0.111111
273 250 0.111111
248 252 0.142857
250 252 0.142857
251 252 0.142857
253 252 0.142857
256 252 0.142857
396 252 0.142857
341 252 0.142857
249 265 0.142857
262 265 0.142857
263 265 0.142857
264 265 0.142857
266 265 0.142857
268 265 0.142857
269 265 0.142857
250 254 0.166667
251 254 0.166667
255 254 0.166667
256 254 0.166667
257 254 0.166667
258 254 0.166667
251 255 0.142857
253 255 0.142857
254 255 0.142857
256 255 0.142857
257 255 0.142857
259 255 0.142857
376 255 0.142857
252 256 0.125
253 256 0.125
254 256 0.125
255 256 0.125
257 256 0.125
258 256 0.125
259 256 0.125
260 256 0.125
252 341 0.125
337 341 0.125
338 341 0.125
340 341 0.125
342 341 0.125
343 341 0.125
344 341 0.125
345 341 0.125
258 262 0.125
259 262 0.125
260 262 0.125
261 262 0.125
263 262 0.125
264 262 0.125
265 262 0.125
266 262 0.125
258 371 0.090909
316 371 0.090909
367 371 0.090909
368 371 0.090909
369 371 0.090909
370 371 0.090909
372 371 0.090909
373 371 0.090909
374 371 0.090909
375 371 0.090909
386 371 0.090909
259 263 0.125
260 263 0.125
261 263 0.125
262 263 0.125
264 263 0.125
265 263 0.125
266 263 0.125
267 263 0.125
260 339 0.125
335 339 0.125
336 339 0.125
337 339 0.125
338 339 0.125
340 339 0.125
342 339 0.125
382 339 0.125
261 264 0.142857
262 264 0.142857
263 264 0.142857
265 264 0.142857
266 264 0.142857
267 264 0.142857
268 264 0.142857
261 360 0.1
356 360 0.1
357 360 0.1
358 360 0.1
359 360 0.1
361 360 0.1
362 360 0.1
363 360 0.1
364 360 0.1
393 360 0.1
262 266 0.125
263 266 0.125
264 266 0.125
265 266 0.125
267 266 0.125
268 266 0.125
269 266 0.125
270 266 0.125
263 267 0.142857
264 267 0.142857
266 267 0.142857
268 267 0.142857
269 267 0.142857
270 267 0.142857
349 267 0.142857
264 268 0.125
265 268 0.125
266 268 0.125
267 268 0.125
270 268 0.125
271 268 0.125
272 268 0.125
374 268 0.125
265 269 0.142857
266 269 0.142857
267 269 0.142857
270 269 0.142857
271 269 0.142857
272 269 0.142857
273 269 0.142857
267 349 0.125
346 349 0.125
347 349 0.125
348 349 0.125
350 349 0.125
351 349 0.125
352 349 0.125
353 349 0.125
268 271 0.125
269 271 0.125
270 271 0.125
272 271 0.125
273 271 0.125
274 271 0.125
275 271 0.125
315 271 0.125
271 315 0.125
311 315 0.125
312 315 0.125
313 315 0.125
314 315 0.125
316 315 0.125
317 315 0.125
319 315 0.125
273 277 0.125
274 277 0.125
275 277 0.125
276 277 0.125
278 277 0.125
279 277 0.125
280 277 0.125
281 277 0.125
274 278 0.142857
276 278 0.142857
277 278 0.142857
279 278 0.142857
280 278 0.142857
281 278 0.142857
282 278 0.142857
279 283 0.142857
280 283 0.142857
282 283 0.142857
284 283 0.142857
285 283 0.142857
286 283 0.142857
287 283 0.142857
280 284 0.125
281 284 0.125
282 284 0.125
283 284 0.125
285 284 0.125
286 284 0.125
287 284 0.125
288 284 0.125
281 285 0.142857
283 285 0.142857
284 285 0.142857
286 285 0.142857
287 285 0.142857
288 285 0.142857
289 285 0.142857
283 287 0.125
284 287 0.125
285 287 0.125
286 287 0.125
288 287 0.125
289 287 0.125
290 287 0.125
291 287 0.125
284 288 0.125
285 288 0.125
286 288 0.125
287 288 0.125
289 288 0.125
290 288 0.125
291 288 0.125
292 288 0.125
285 289 0.125
286 289 0.125
287 289 0.125
288 289 0.125
290 289 0.125
291 289 0.125
292 289 0.125
293 289 0.125
287 291 0.125
288 291 0.125
289 291 0.125
290 291 0.125
292 291 0.125
293 291 0.125
294 291 0.125
295 291 0.125
289 293 0.125
290 293 0.125
291 293 0.125
292 293 0.125
294 293 0.125
295 293 0.125
296 293 0.125
297 293 0.125
292 296 0.125
293 296 0.125
294 296 0.125
295 296 0.125
297 296 0.125
298 296 0.125
299 296 0.125
300 296 0.125
293 297 0.125
294 297 0.125
295 297 0.125
296 297 0.125
298 297 0.125
299 297 0.125
300 297 0.125
301 297 0.125
295 299 0.125
296 299 0.125
297 299 0.125
298 299 0.125
300 299 0.125
301 299 0.125
302 299 0.125
303 299 0.125
296 300 0.125
297 300 0.125
298 300 0.125
299 300 0.125
301 300 0.125
302 300 0.125
303 300 0.125
304 300 0.125
297 301 0.142857
299 301 0.142857
300 301 0.142857
302 301 0.142857
303 301 0.142857
304 301 0.142857
305 301 0.142857
299 303 0.125
300 303 0.125
301 303 0.125
302 303 0.125
304 303 0.125
305 303 0.125
306 303 0.125
307 303 0.125
302 306 0.125
303 306 0.125
304 306 0.125
305 306 0.125
307 306 0.125
308 306 0.125
309 306 0.125
310 306 0.125
303 307 0.125
304 307 0.125
305 307 0.125
306 307 0.125
308 307 0.125
309 307 0.125
310 307 0.125
311 307 0.125
305 309 0.142857
306 309 0.142857
307 309 0.142857
310 309 0.142857
311 309 0.142857
312 309 0.142857
313 309 0.142857
306 310 0.142857
307 310 0.142857
309 310 0.142857
311 310 0.142857
312 310 0.142857
313 310 0.142857
314 310 0.142857
307 311 0.1
308 311 0.1
309 311 0.1
310 311 0.1
312 311 0.1
313 311 0.1
314 311 0.1
315 311 0.1
390 311 0.1
398 311 0.1
309 313 0.125
310 313 0.125
311 313 0.125
312 313 0.125
314 313 0.125
315 313 0.125
316 313 0.125
317 313 0.125
310 314 0.125
311 314 0.125
312 314 0.125
313 314 0.125
315 314 0.125
316 314 0.125
317 314 0.125
318 314 0.125
311 390 0.125
386 390 0.125
387 390 0.125
388 390 0.125
389 390 0.125
392 390 0.125
393 390 0.125
394 390 0.125
313 317 0.125
314 317 0.125
315 317 0.125
316 317 0.125
318 317 0.125
319 317 0.125
320 317 0.125
321 317 0.125
314 318 0.142857
316 318 0.142857
317 318 0.142857
319 318 0.142857
320 318 0.142857
321 318 0.142857
322 318 0.142857
315 319 0.125
316 319 0.125
317 319 0.125
318 319 0.125
320 319 0.125
321 319 0.125
322 319 0.125
323 319 0.125
318 322 0.125
319 322 0.125
320 322 0.125
321 322 0.125
323 322 0.125
324 322 0.125
325 322 0.125
326 322 0.125
320 324 0.142857
322 324 0.142857
323 324 0.142857
325 324 0.142857
326 324 0.142857
327 324 0.142857
328 324 0.142857
322 326 0.125
323 326 0.125
324 326 0.125
325 326 0.125
328 326 0.125
329 326 0.125
330 326 0.125
379 326 0.125
323 327 0.125
324 327 0.125
325 327 0.125
328 327 0.125
329 327 0.125
330 327 0.125
331 327 0.125
377 327 0.125
324 328 0.111111
325 328 0.111111
326 328 0.111111
327 328 0.111111
329 328 0.111111
330 328 0.111111
331 328 0.111111
332 328 0.111111
412 328 0.111111
326 329 0.142857
327 329 0.142857
328 329 0.142857
330 329 0.142857
331 329 0.142857
332 329 0.142857
333 329 0.142857
326 330 0.125
327 330 0.125
328 330 0.125
329 330 0.125
331 330 0.125
332 330 0.125
333 330 0.125
334 330 0.125
326 379 0.125
375 379 0.125
377 379 0.125
378 379 0.125
380 379 0.125
381 379 0.125
382 379 0.125
383 379 0.125
327 331 0.125
328 331 0.125
329 331 0.125
330 331 0.125
332 331 0.125
333 331 0.125
334 331 0.125
335 331 0.125
328 332 0.125
329 332 0.125
330 332 0.125
331 332 0.125
333 332 0.125
334 332 0.125
335 332 0.125
336 332 0.125
328 412 0.125
408 412 0.125
409 412 0.125
410 412 0.125
411 412 0.125
414 412 0.125
415 412 0.125
416 412 0.125
332 336 0.142857
334 336 0.142857
335 336 0.142857
337 336 0.142857
338 336 0.142857
339 336 0.142857
340 336 0.142857
333 337 0.142857
334 337 0.142857
336 337 0.142857
338 337 0.142857
339 337 0.142857
340 337 0.142857
341 337 0.142857
336 340 0.142857
337 340 0.142857
339 340 0.142857
341 340 0.142857
342 340 0.142857
343 340 0.142857
344 340 0.142857
340 343 0.142857
341 343 0.142857
342 343 0.142857
344 343 0.142857
345 343 0.142857
346 343 0.142857
347 343 0.142857
344 348 0.125
345 348 0.125
346 348 0.125
347 348 0.125
349 348 0.125
350 348 0.125
351 348 0.125
352 348 0.125
347 351 0.125
348 351 0.125
349 351 0.125
350 351 0.125
352 351 0.125
353 351 0.125
354 351 0.125
355 351 0.125
348 350 0.166667
349 350 0.166667
351 350 0.166667
352 350 0.166667
353 350 0.166667
354 350 0.166667
350 354 0.125
351 354 0.125
352 354 0.125
353 354 0.125
355 354 0.125
356 354 0.125
357 354 0.125
358 354 0.125
352 400 0.166667
396 400 0.166667
399 400 0.166667
401 400 0.166667
403 400 0.166667
404 400 0.166667
353 357 0.125
354 357 0.125
355 357 0.125
356 357 0.125
358 357 0.125
359 357 0.125
360 357 0.125
361 357 0.125
356 411 0.111111
407 411 0.111111
408 411 0.111111
409 411 0.111111
410 411 0.111111
412 411 0.111111
413 411 0.111111
414 411 0.111111
415 411 0.111111
357 359 0.2
360 359 0.2
361 359 0.2
362 359 0.2
363 359 0.2
359 363 0.125
360 363 0.125
361 363 0.125
362 363 0.125
364 363 0.125
365 363 0.125
366 363 0.125
367 363 0.125
361 365 0.125
362 365 0.125
363 365 0.125
364 365 0.125
366 365 0.125
367 365 0.125
368 365 0.125
369 365 0.125
365 368 0.166667
367 368 0.166667
369 368 0.166667
370 368 0.166667
371 368 0.166667
372 368 0.166667
365 369 0.166667
368 369 0.166667
370 369 0.166667
371 369 0.166667
372 369 0.166667
373 369 0.166667
366 370 0.125
367 370 0.125
368 370 0.125
369 370 0.125
371 370 0.125
372 370 0.125
373 370 0.125
374 370 0.125
369 373 0.125
370 373 0.125
371 373 0.125
372 373 0.125
374 373 0.125
375 373 0.125
376 373 0.125
377 373 0.125
371 375 0.166667
373 375 0.166667
376 375 0.166667
377 375 0.166667
378 375 0.166667
379 375 0.166667
371 386 0.125
382 386 0.125
383 386 0.125
384 386 0.125
385 386 0.125
387 386 0.125
388 386 0.125
390 386 0.125
374 378 0.125
375 378 0.125
376 378 0.125
377 378 0.125
379 378 0.125
380 378 0.125
381 378 0.125
382 378 0.125
374 392 0.111111
388 392 0.111111
389 392 0.111111
390 392 0.111111
391 392 0.111111
393 392 0.111111
394 392 0.111111
395 392 0.111111
396 392 0.111111
378 381 0.142857
379 381 0.142857
380 381 0.142857
382 381 0.142857
383 381 0.142857
384 381 0.142857
385 381 0.142857
379 383 0.125
380 383 0.125
381 383 0.125
382 383 0.125
384 383 0.125
385 383 0.125
386 383 0.125
387 383 0.125
381 385 0.142857
382 385 0.142857
383 385 0.142857
386 385 0.142857
387 385 0.142857
388 385 0.142857
389 385 0.142857
383 387 0.125
384 387 0.125
385 387 0.125
386 387 0.125
388 387 0.125
389 387 0.125
390 387 0.125
391 387 0.125
384 388 0.125
385 388 0.125
386 388 0.125
387 388 0.125
389 388 0.125
390 388 0.125
391 388 0.125
392 388 0.125
387 391 0.142857
388 391 0.142857
389 391 0.142857
392 391 0.142857
393 391 0.142857
394 391 0.142857
395 391 0.142857
395 399 0.142857
397 399 0.142857
398 399 0.142857
400 399 0.142857
401 399 0.142857
402 399 0.142857
403 399 0.142857
398 402 0.142857
399 402 0.142857
401 402 0.142857
403 402 0.142857
404 402 0.142857
405 402 0.142857
406 402 0.142857
405 407 0.166667
406 407 0.166667
408 407 0.166667
409 407 0.166667
410 407 0.166667
411 407 0.166667
405 409 0.142857
407 409 0.142857
408 409 0.142857
410 409 0.142857
411 409 0.142857
412 409 0.142857
413 409 0.142857
407 410 0.142857
408 410 0.142857
409 410 0.142857
411 410 0.142857
412 410 0.142857
413 410 0.142857
414 410 0.142857
1 0 0.125
416 0 0.125
2 0 0.125
415 0 0.125
414 0 0.125
4 0 0.125
413 0 0.125
292 0 0.125
