0 1 0.125
2 1 0.125
3 1 0.125
410 1 0.125
4 1 0.125
409 1 0.125
5 1 0.125
408 1 0.125
0 410 0.111111
1 410 0.111111
2 410 0.111111
3 410 0.111111
319 410 0.111111
406 410 0.111111
407 410 0.111111
408 410 0.111111
409 410 0.111111
0 2 0.125
1 2 0.125
3 2 0.125
4 2 0.125
5 2 0.125
410 2 0.125
6 2 0.125
409 2 0.125
0 409 0.142857
1 409 0.142857
2 409 0.142857
405 409 0.142857
406 409 0.142857
408 409 0.142857
410 409 0.142857
0 3 0.125
1 3 0.125
2 3 0.125
4 3 0.125
5 3 0.125
6 3 0.125
7 3 0.125
410 3 0.125
0 408 0.142857
1 408 0.142857
405 408 0.142857
406 408 0.142857
407 408 0.142857
409 408 0.142857
410 408 0.142857
0 4 0.125
1 4 0.125
2 4 0.125
3 4 0.125
5 4 0.125
6 4 0.125
7 4 0.125
8 4 0.125
0 407 0.111111
74 407 0.111111
336 407 0.111111
403 407 0.111111
404 407 0.111111
405 407 0.111111
406 407 0.111111
408 407 0.111111
410 407 0.111111
1 5 0.125
2 5 0.125
3 5 0.125
4 5 0.125
6 5 0.125
7 5 0.125
8 5 0.125
9 5 0.125
2 6 0.125
3 6 0.125
4 6 0.125
5 6 0.125
7 6 0.125
8 6 0.125
10 6 0.125
153 6 0.125
3 7 0.1
4 7 0.1
5 7 0.1
6 7 0.1
8 7 0.1
9 7 0.1
10 7 0.1
11 7 0.1
179 7 0.1
207 7 0.1
4 8 0.125
5 8 0.125
6 8 0.125
7 8 0.125
9 8 0.125
10 8 0.125
11 8 0.125
12 8 0.125
5 9 0.125
7 9 0.125
8 9 0.125
10 9 0.125
11 9 0.125
12 9 0.125
13 9 0.125
154 9 0.125
6 10 0.125
7 10 0.125
8 10 0.125
9 10 0.125
11 10 0.125
12 10 0.125
13 10 0.125
14 10 0.125
6 153 0.125
149 153 0.125
150 153 0.125
151 153 0.125
154 153 0.125
155 153 0.125
156 153 0.125
157 153 0.125
7 11 0.111111
8 11 0.111111
9 11 0.111111
10 11 0.111111
12 11 0.111111
13 11 0.111111
14 11 0.111111
15 11 0.111111
64 11 0.111111
7 179 0.166667
156 179 0.166667
177 179 0.166667
178 179 0.166667
181 179 0.166667
182 179 0.166667
7 207 0.125
203 207 0.125
204 207 0.125
205 207 0.125
206 207 0.125
208 207 0.125
209 207 0.125
210 207 0.125
8 12 0.125
9 12 0.125
10 12 0.125
11 12 0.125
14 12 0.125
15 12 0.125
16 12 0.125
26 12 0.125
9 13 0.111111
10 13 0.111111
11 13 0.111111
14 13 0.111111
15 13 0.111111
16 13 0.111111
17 13 0.111111
62 13 0.111111
25 13 0.111111
9 154 0.125
150 154 0.125
151 154 0.125
152 154 0.125
153 154 0.125
157 154 0.125
158 154 0.125
265 154 0.125
10 14 0.125
11 14 0.125
12 14 0.125
13 14 0.125
15 14 0.125
16 14 0.125
17 14 0.125
18 14 0.125
11 15 0.125
12 15 0.125
13 15 0.125
14 15 0.125
16 15 0.125
17 15 0.125
322 15 0.125
335 15 0.125
11 64 0.166667
60 64 0.166667
61 64 0.166667
66 64 0.166667
67 64 0.166667
68 64 0.166667
12 16 0.111111
13 16 0.111111
14 16 0.111111
15 16 0.111111
18 16 0.111111
20 16 0.111111
404 16 0.111111
168 16 0.111111
379 16 0.111111
12 26 0.111111
22 26 0.111111
23 26 0.111111
24 26 0.111111
25 26 0.111111
27 26 0.111111
28 26 0.111111
29 26 0.111111
30 26 0.111111
13 17 0.142857
14 17 0.142857
15 17 0.142857
18 17 0.142857
19 17 0.142857
20 17 0.142857
21 17 0.142857
13 62 0.125
58 62 0.125
59 62 0.125
60 62 0.125
61 62 0.125
65 62 0.125
66 62 0.125
214 62 0.125
13 25 0.1
21 25 0.1
22 25 0.1
23 25 0.1
24 25 0.1
26 25 0.1
29 25 0.1
395 25 0.1
276 25 0.1
115 25 0.1
14 18 0.125
16 18 0.125
17 18 0.125
19 18 0.125
20 18 0.125
21 18 0.125
22 18 0.125
83 18 0.125
15 322 0.111111
318 322 0.111111
319 322 0.111111
320 322 0.111111
321 322 0.111111
323 322 0.111111
324 322 0.111111
325 322 0.111111
326 322 0.111111
15 335 0.090909
209 335 0.090909
331 335 0.090909
332 335 0.090909
333 335 0.090909
334 335 0.090909
336 335 0.090909
337 335 0.090909
338 335 0.090909
339 335 0.090909
370 335 0.090909
16 20 0.111111
17 20 0.111111
18 20 0.111111
19 20 0.111111
21 20 0.111111
22 20 0.111111
23 20 0.111111
24 20 0.111111
368 20 0.111111
16 404 0.125
223 404 0.125
390 404 0.125
400 404 0.125
402 404 0.125
403 404 0.125
405 404 0.125
407 404 0.125
16 168 0.125
164 168 0.125
165 168 0.125
166 168 0.125
167 168 0.125
169 168 0.125
171 168 0.125
172 168 0.125
16 379 0.111111
329 379 0.111111
375 379 0.111111
376 379 0.111111
377 379 0.111111
378 379 0.111111
380 379 0.111111
381 379 0.111111
383 379 0.111111
17 19 0.166667
18 19 0.166667
20 19 0.166667
21 19 0.166667
22 19 0.166667
23 19 0.166667
17 21 0.125
18 21 0.125
19 21 0.125
20 21 0.125
22 21 0.125
24 21 0.125
25 21 0.125
187 21 0.125
18 22 0.125
19 22 0.125
20 22 0.125
21 22 0.125
23 22 0.125
24 22 0.125
25 22 0.125
26 22 0.125
18 83 0.111111
79 83 0.111111
80 83 0.111111
81 83 0.111111
82 83 0.111111
85 83 0.111111
258 83 0.111111
151 83 0.111111
259 83 0.111111
19 23 0.142857
20 23 0.142857
22 23 0.142857
24 23 0.142857
25 23 0.142857
26 23 0.142857
27 23 0.142857
20 24 0.111111
21 24 0.111111
22 24 0.111111
23 24 0.111111
25 24 0.111111
26 24 0.111111
27 24 0.111111
28 24 0.111111
363 24 0.111111
20 368 0.125
364 368 0.125
365 368 0.125
366 368 0.125
367 368 0.125
369 368 0.125
370 368 0.125
372 368 0.125
21 187 0.1
183 187 0.1
184 187 0.1
185 187 0.1
186 187 0.1
188 187 0.1
189 187 0.1
190 187 0.1
191 187 0.1
300 187 0.1
23 27 0.125
24 27 0.125
26 27 0.125
28 27 0.125
29 27 0.125
30 27 0.125
31 27 0.125
98 27 0.125
24 28 0.142857
26 28 0.142857
27 28 0.142857
29 28 0.142857
30 28 0.142857
31 28 0.142857
32 28 0.142857
24 363 0.125
323 363 0.125
359 363 0.125
360 363 0.125
361 363 0.125
362 363 0.125
364 363 0.125
367 363 0.125
25 29 0.125
26 29 0.125
27 29 0.125
28 29 0.125
32 29 0.125
33 29 0.125
300 29 0.125
30 29 0.125
25 395 0.142857
392 395 0.142857
393 395 0.142857
394 395 0.142857
397 395 0.142857
398 395 0.142857
399 395 0.142857
25 276 0.111111
91 276 0.111111
272 276 0.111111
273 276 0.111111
274 276 0.111111
275 276 0.111111
277 276 0.111111
279 276 0.111111
280 276 0.111111
25 115 0.111111
111 115 0.111111
112 115 0.111111
113 115 0.111111
114 115 0.111111
116 115 0.111111
117 115 0.111111
118 115 0.111111
119 115 0.111111
26 30 0.111111
27 30 0.111111
28 30 0.111111
29 30 0.111111
31 30 0.111111
34 30 0.111111
290 30 0.111111
332 30 0.111111
227 30 0.111111
27 31 0.142857
28 31 0.142857
30 31 0.142857
32 31 0.142857
33 31 0.142857
34 31 0.142857
35 31 0.142857
27 98 0.125
94 98 0.125
95 98 0.125
96 98 0.125
97 98 0.125
99 98 0.125
102 98 0.125
339 98 0.125
28 32 0.142857
29 32 0.142857
31 32 0.142857
33 32 0.142857
34 32 0.142857
35 32 0.142857
36 32 0.142857
29 33 0.125
31 33 0.125
32 33 0.125
34 33 0.125
35 33 0.125
36 33 0.125
37 33 0.125
349 33 0.125
29 300 0.111111
187 300 0.111111
296 300 0.111111
297 300 0.111111
298 300 0.111111
299 300 0.111111
302 300 0.111111
303 300 0.111111
304 300 0.111111
30 34 0.111111
31 34 0.111111
32 34 0.111111
33 34 0.111111
36 34 0.111111
37 34 0.111111
38 34 0.111111
151 34 0.111111
210 34 0.111111
30 290 0.142857
286 290 0.142857
287 290 0.142857
289 290 0.142857
292 290 0.142857
293 290 0.142857
294 290 0.142857
30 332 0.111111
328 332 0.111111
329 332 0.111111
330 332 0.111111
331 332 0.111111
333 332 0.111111
334 332 0.111111
335 332 0.111111
336 332 0.111111
30 227 0.125
224 227 0.125
225 227 0.125
226 227 0.125
228 227 0.125
229 227 0.125
230 227 0.125
231 227 0.125
31 35 0.142857
32 35 0.142857
33 35 0.142857
36 35 0.142857
37 35 0.142857
38 35 0.142857
39 35 0.142857
32 36 0.1
33 36 0.1
34 36 0.1
35 36 0.1
38 36 0.1
39 36 0.1
40 36 0.1
135 36 0.1
241 36 0.1
208 36 0.1
33 37 0.142857
34 37 0.142857
35 37 0.142857
38 37 0.142857
40 37 0.142857
41 37 0.142857
271 37 0.142857
33 349 0.2
346 349 0.2
350 349 0.2
351 349 0.2
352 349 0.2
34 38 0.125
35 38 0.125
36 38 0.125
37 38 0.125
39 38 0.125
40 38 0.125
41 38 0.125
42 38 0.125
34 151 0.090909
83 151 0.090909
147 151 0.090909
148 151 0.090909
149 151 0.090909
150 151 0.090909
152 151 0.090909
153 151 0.090909
154 151 0.090909
155 151 0.090909
263 151 0.090909
34 210 0.111111
206 210 0.111111
207 210 0.111111
208 210 0.111111
209 210 0.111111
213 210 0.111111
214 210 0.111111
260 210 0.111111
358 210 0.111111
35 39 0.125
36 39 0.125
38 39 0.125
40 39 0.125
41 39 0.125
42 39 0.125
43 39 0.125
219 39 0.125
36 40 0.125
37 40 0.125
38 40 0.125
39 40 0.125
41 40 0.125
42 40 0.125
43 40 0.125
44 40 0.125
36 135 0.111111
131 135 0.111111
133 135 0.111111
134 135 0.111111
136 135 0.111111
137 135 0.111111
138 135 0.111111
139 135 0.111111
223 135 0.111111
36 241 0.125
237 241 0.125
238 241 0.125
239 241 0.125
240 241 0.125
242 241 0.125
244 241 0.125
315 241 0.125
36 208 0.142857
204 208 0.142857
205 208 0.142857
207 208 0.142857
209 208 0.142857
210 208 0.142857
212 208 0.142857
37 41 0.125
38 41 0.125
39 41 0.125
40 41 0.125
42 41 0.125
43 41 0.125
44 41 0.125
45 41 0.125
37 271 0.111111
267 271 0.111111
268 271 0.111111
269 271 0.111111
270 271 0.111111
272 271 0.111111
273 271 0.111111
274 271 0.111111
275 271 0.111111
38 42 0.125
39 42 0.125
40 42 0.125
41 42 0.125
43 42 0.125
44 42 0.125
45 42 0.125
247 42 0.125
39 43 0.125
40 43 0.125
41 43 0.125
42 43 0.125
44 43 0.125
46 43 0.125
47 43 0.125
126 43 0.125
39 219 0.142857
215 219 0.142857
217 219 0.142857
218 219 0.142857
220 219 0.142857
221 219 0.142857
223 219 0.142857
40 44 0.125
41 44 0.125
42 44 0.125
43 44 0.125
45 44 0.125
46 44 0.125
47 44 0.125
48 44 0.125
41 45 0.111111
42 45 0.111111
44 45 0.111111
46 45 0.111111
47 45 0.111111
48 45 0.111111
49 45 0.111111
199 45 0.111111
324 45 0.111111
42 247 0.111111
243 247 0.111111
244 247 0.111111
245 247 0.111111
246 247 0.111111
248 247 0.111111
249 247 0.111111
250 247 0.111111
251 247 0.111111
43 46 0.125
44 46 0.125
45 46 0.125
47 46 0.125
48 46 0.125
49 46 0.125
50 46 0.125
394 46 0.125
43 47 0.125
44 47 0.125
45 47 0.125
46 47 0.125
48 47 0.125
49 47 0.125
50 47 0.125
51 47 0.125
43 126 0.1
122 126 0.1
123 126 0.1
124 126 0.1
125 126 0.1
127 126 0.1
128 126 0.1
129 126 0.1
130 126 0.1
213 126 0.1
44 48 0.125
45 48 0.125
46 48 0.125
47 48 0.125
49 48 0.125
51 48 0.125
52 48 0.125
133 48 0.125
45 49 0.125
46 49 0.125
47 49 0.125
48 49 0.125
50 49 0.125
51 49 0.125
53 49 0.125
305 49 0.125
45 199 0.125
195 199 0.125
196 199 0.125
197 199 0.125
198 199 0.125
201 199 0.125
202 199 0.125
203 199 0.125
45 324 0.111111
92 324 0.111111
320 324 0.111111
321 324 0.111111
322 324 0.111111
323 324 0.111111
325 324 0.111111
327 324 0.111111
328 324 0.111111
46 50 0.142857
47 50 0.142857
49 50 0.142857
51 50 0.142857
52 50 0.142857
53 50 0.142857
54 50 0.142857
46 394 0.111111
93 394 0.111111
390 394 0.111111
391 394 0.111111
392 394 0.111111
393 394 0.111111
395 394 0.111111
396 394 0.111111
398 394 0.111111
47 51 0.125
48 51 0.125
49 51 0.125
50 51 0.125
52 51 0.125
53 51 0.125
54 51 0.125
55 51 0.125
48 52 0.142857
50 52 0.142857
51 52 0.142857
53 52 0.142857
54 52 0.142857
55 52 0.142857
56 52 0.142857
48 133 0.125
129 133 0.125
130 133 0.125
131 133 0.125
134 133 0.125
135 133 0.125
136 133 0.125
137 133 0.125
49 53 0.125
50 53 0.125
51 53 0.125
52 53 0.125
54 53 0.125
55 53 0.125
56 53 0.125
57 53 0.125
49 305 0.125
70 305 0.125
301 305 0.125
302 305 0.125
303 305 0.125
307 305 0.125
308 305 0.125
309 305 0.125
50 54 0.111111
51 54 0.111111
52 54 0.111111
53 54 0.111111
55 54 0.111111
57 54 0.111111
58 54 0.111111
81 54 0.111111
63 54 0.111111
51 55 0.125
52 55 0.125
53 55 0.125
54 55 0.125
56 55 0.125
57 55 0.125
58 55 0.125
59 55 0.125
52 56 0.142857
53 56 0.142857
55 56 0.142857
57 56 0.142857
58 56 0.142857
59 56 0.142857
60 56 0.142857
53 57 0.111111
54 57 0.111111
55 57 0.111111
56 57 0.111111
58 57 0.111111
59 57 0.111111
158 57 0.111111
398 57 0.111111
90 57 0.111111
54 58 0.111111
55 58 0.111111
56 58 0.111111
57 58 0.111111
59 58 0.111111
60 58 0.111111
61 58 0.111111
62 58 0.111111
347 58 0.111111
54 81 0.111111
77 81 0.111111
78 81 0.111111
79 81 0.111111
80 81 0.111111
82 81 0.111111
83 81 0.111111
84 81 0.111111
85 81 0.111111
54 63 0.125
59 63 0.125
61 63 0.125
66 63 0.125
67 63 0.125
373 63 0.125
243 63 0.125
249 63 0.125
55 59 0.125
56 59 0.125
57 59 0.125
58 59 0.125
60 59 0.125
61 59 0.125
62 59 0.125
63 59 0.125
56 60 0.142857
58 60 0.142857
59 60 0.142857
61 60 0.142857
62 60 0.142857
64 60 0.142857
96 60 0.142857
57 158 0.111111
154 158 0.111111
155 158 0.111111
156 158 0.111111
157 158 0.111111
160 158 0.111111
161 158 0.111111
162 158 0.111111
248 158 0.111111
57 398 0.125
394 398 0.125
395 398 0.125
397 398 0.125
399 398 0.125
400 398 0.125
401 398 0.125
402 398 0.125
57 90 0.111111
86 90 0.111111
87 90 0.111111
88 90 0.111111
89 90 0.111111
91 90 0.111111
92 90 0.111111
93 90 0.111111
94 90 0.111111
58 61 0.142857
59 61 0.142857
60 61 0.142857
62 61 0.142857
63 61 0.142857
64 61 0.142857
65 61 0.142857
58 347 0.125
343 347 0.125
344 347 0.125
345 347 0.125
346 347 0.125
348 347 0.125
350 347 0.125
351 347 0.125
60 96 0.1
92 96 0.1
93 96 0.1
94 96 0.1
95 96 0.1
97 96 0.1
98 96 0.1
99 96 0.1
100 96 0.1
239 96 0.1
61 65 0.166667
62 65 0.166667
66 65 0.166667
67 65 0.166667
68 65 0.166667
69 65 0.166667
62 66 0.125
63 66 0.125
64 66 0.125
65 66 0.125
67 66 0.125
68 66 0.125
69 66 0.125
70 66 0.125
62 214 0.1
210 214 0.1
211 214 0.1
212 214 0.1
213 214 0.1
215 214 0.1
216 214 0.1
217 214 0.1
218 214 0.1
252 214 0.1
63 67 0.125
64 67 0.125
65 67 0.125
66 67 0.125
68 67 0.125
69 67 0.125
70 67 0.125
71 67 0.125
63 373 0.125
369 373 0.125
371 373 0.125
372 373 0.125
374 373 0.125
375 373 0.125
376 373 0.125
377 373 0.125
63 243 0.142857
239 243 0.142857
240 243 0.142857
242 243 0.142857
245 243 0.142857
246 243 0.142857
247 243 0.142857
63 249 0.142857
245 249 0.142857
246 249 0.142857
247 249 0.142857
251 249 0.142857
252 249 0.142857
344 249 0.142857
64 68 0.125
65 68 0.125
66 68 0.125
67 68 0.125
69 68 0.125
70 68 0.125
71 68 0.125
72 68 0.125
65 69 0.125
66 69 0.125
67 69 0.125
68 69 0.125
70 69 0.125
71 69 0.125
72 69 0.125
292 69 0.125
66 70 0.111111
67 70 0.111111
68 70 0.111111
69 70 0.111111
71 70 0.111111
72 70 0.111111
73 70 0.111111
74 70 0.111111
305 70 0.111111
67 71 0.125
68 71 0.125
69 71 0.125
70 71 0.125
72 71 0.125
73 71 0.125
74 71 0.125
75 71 0.125
68 72 0.1
69 72 0.1
70 72 0.1
71 72 0.1
73 72 0.1
74 72 0.1
75 72 0.1
76 72 0.1
196 72 0.1
342 72 0.1
69 292 0.111111
163 292 0.111111
288 292 0.111111
289 292 0.111111
290 292 0.111111
291 292 0.111111
295 292 0.111111
329 292 0.111111
360 292 0.111111
70 73 0.125
71 73 0.125
72 73 0.125
76 73 0.125
77 73 0.125
310 73 0.125
188 73 0.125
325 73 0.125
70 74 0.142857
71 74 0.142857
72 74 0.142857
75 74 0.142857
76 74 0.142857
77 74 0.142857
407 74 0.142857
71 75 0.142857
72 75 0.142857
74 75 0.142857
76 75 0.142857
77 75 0.142857
78 75 0.142857
79 75 0.142857
72 76 0.125
73 76 0.125
74 76 0.125
75 76 0.125
77 76 0.125
78 76 0.125
80 76 0.125
326 76 0.125
72 196 0.125
192 196 0.125
193 196 0.125
194 196 0.125
195 196 0.125
197 196 0.125
198 196 0.125
199 196 0.125
72 342 0.1
128 342 0.1
146 342 0.1
338 342 0.1
339 342 0.1
340 342 0.1
341 342 0.1
343 342 0.1
344 342 0.1
345 342 0.1
73 77 0.125
74 77 0.125
75 77 0.125
76 77 0.125
78 77 0.125
79 77 0.125
80 77 0.125
81 77 0.125
73 310 0.111111
209 310 0.111111
306 310 0.111111
307 310 0.111111
308 310 0.111111
311 310 0.111111
312 310 0.111111
313 310 0.111111
314 310 0.111111
73 188 0.1
182 188 0.1
184 188 0.1
185 188 0.1
186 188 0.1
187 188 0.1
190 188 0.1
191 188 0.1
192 188 0.1
345 188 0.1
73 325 0.111111
206 325 0.111111
321 325 0.111111
322 325 0.111111
323 325 0.111111
324 325 0.111111
326 325 0.111111
327 325 0.111111
328 325 0.111111
75 78 0.111111
76 78 0.111111
77 78 0.111111
79 78 0.111111
80 78 0.111111
81 78 0.111111
82 78 0.111111
132 78 0.111111
156 78 0.111111
75 79 0.142857
77 79 0.142857
78 79 0.142857
80 79 0.142857
81 79 0.142857
82 79 0.142857
83 79 0.142857
76 80 0.125
77 80 0.125
78 80 0.125
79 80 0.125
81 80 0.125
82 80 0.125
83 80 0.125
84 80 0.125
76 326 0.142857
257 326 0.142857
322 326 0.142857
325 326 0.142857
328 326 0.142857
329 326 0.142857
330 326 0.142857
78 82 0.125
79 82 0.125
80 82 0.125
81 82 0.125
83 82 0.125
84 82 0.125
85 82 0.125
86 82 0.125
78 132 0.111111
87 132 0.111111
128 132 0.111111
129 132 0.111111
130 132 0.111111
131 132 0.111111
134 132 0.111111
136 132 0.111111
401 132 0.111111
78 156 0.125
152 156 0.125
153 156 0.125
155 156 0.125
158 156 0.125
159 156 0.125
160 156 0.125
179 156 0.125
80 84 0.142857
81 84 0.142857
82 84 0.142857
85 84 0.142857
86 84 0.142857
87 84 0.142857
88 84 0.142857
81 85 0.125
82 85 0.125
83 85 0.125
84 85 0.125
86 85 0.125
87 85 0.125
88 85 0.125
89 85 0.125
82 86 0.142857
84 86 0.142857
85 86 0.142857
87 86 0.142857
88 86 0.142857
89 86 0.142857
90 86 0.142857
83 258 0.125
254 258 0.125
255 258 0.125
256 258 0.125
259 258 0.125
260 258 0.125
262 258 0.125
273 258 0.125
83 259 0.125
255 259 0.125
256 259 0.125
257 259 0.125
258 259 0.125
260 259 0.125
261 259 0.125
263 259 0.125
84 87 0.125
85 87 0.125
86 87 0.125
88 87 0.125
89 87 0.125
90 87 0.125
91 87 0.125
132 87 0.125
84 88 0.125
85 88 0.125
86 88 0.125
87 88 0.125
89 88 0.125
90 88 0.125
91 88 0.125
92 88 0.125
85 89 0.125
86 89 0.125
87 89 0.125
88 89 0.125
90 89 0.125
91 89 0.125
92 89 0.125
93 89 0.125
87 91 0.125
88 91 0.125
89 91 0.125
90 91 0.125
92 91 0.125
93 91 0.125
94 91 0.125
276 91 0.125
88 92 0.125
89 92 0.125
90 92 0.125
91 92 0.125
93 92 0.125
95 92 0.125
96 92 0.125
324 92 0.125
89 93 0.125
90 93 0.125
91 93 0.125
92 93 0.125
95 93 0.125
96 93 0.125
97 93 0.125
394 93 0.125
90 94 0.166667
91 94 0.166667
95 94 0.166667
96 94 0.166667
98 94 0.166667
224 94 0.166667
92 95 0.142857
93 95 0.142857
94 95 0.142857
96 95 0.142857
97 95 0.142857
98 95 0.142857
99 95 0.142857
93 97 0.125
95 97 0.125
96 97 0.125
98 97 0.125
99 97 0.125
100 97 0.125
101 97 0.125
396 97 0.125
94 224 0.125
220 224 0.125
221 224 0.125
222 224 0.125
225 224 0.125
226 224 0.125
227 224 0.125
228 224 0.125
95 99 0.125
96 99 0.125
97 99 0.125
98 99 0.125
100 99 0.125
101 99 0.125
102 99 0.125
103 99 0.125
96 100 0.142857
97 100 0.142857
99 100 0.142857
101 100 0.142857
102 100 0.142857
103 100 0.142857
104 100 0.142857
96 239 0.125
235 239 0.125
236 239 0.125
237 239 0.125
238 239 0.125
240 239 0.125
241 239 0.125
243 239 0.125
97 101 0.142857
99 101 0.142857
100 101 0.142857
102 101 0.142857
103 101 0.142857
104 101 0.142857
105 101 0.142857
97 396 0.142857
388 396 0.142857
392 396 0.142857
393 396 0.142857
394 396 0.142857
397 396 0.142857
399 396 0.142857
98 102 0.111111
99 102 0.111111
100 102 0.111111
101 102 0.111111
103 102 0.111111
104 102 0.111111
106 102 0.111111
314 102 0.111111
352 102 0.111111
98 339 0.125
335 339 0.125
336 339 0.125
337 339 0.125
340 339 0.125
341 339 0.125
342 339 0.125
343 339 0.125
99 103 0.125
100 103 0.125
101 103 0.125
102 103 0.125
104 103 0.125
105 103 0.125
106 103 0.125
107 103 0.125
100 104 0.125
101 104 0.125
102 104 0.125
103 104 0.125
105 104 0.125
106 104 0.125
108 104 0.125
226 104 0.125
101 105 0.142857
103 105 0.142857
104 105 0.142857
106 105 0.142857
107 105 0.142857
108 105 0.142857
109 105 0.142857
102 106 0.125
103 106 0.125
104 106 0.125
105 106 0.125
107 106 0.125
108 106 0.125
109 106 0.125
110 106 0.125
102 314 0.125
310 314 0.125
311 314 0.125
312 314 0.125
315 314 0.125
316 314 0.125
317 314 0.125
318 314 0.125
102 352 0.142857
348 352 0.142857
349 352 0.142857
350 352 0.142857
353 352 0.142857
354 352 0.142857
356 352 0.142857
103 107 0.142857
105 107 0.142857
106 107 0.142857
108 107 0.142857
109 107 0.142857
110 107 0.142857
111 107 0.142857
104 108 0.125
105 108 0.125
106 108 0.125
107 108 0.125
109 108 0.125
110 108 0.125
111 108 0.125
112 108 0.125
104 226 0.111111
222 226 0.111111
223 226 0.111111
224 226 0.111111
225 226 0.111111
227 226 0.111111
228 226 0.111111
229 226 0.111111
230 226 0.111111
105 109 0.125
106 109 0.125
107 109 0.125
108 109 0.125
110 109 0.125
111 109 0.125
112 109 0.125
113 109 0.125
106 110 0.125
107 110 0.125
108 110 0.125
109 110 0.125
111 110 0.125
112 110 0.125
113 110 0.125
114 110 0.125
107 111 0.111111
108 111 0.111111
109 111 0.111111
110 111 0.111111
112 111 0.111111
113 111 0.111111
114 111 0.111111
115 111 0.111111
313 111 0.111111
108 112 0.125
109 112 0.125
110 112 0.125
111 112 0.125
113 112 0.125
114 112 0.125
115 112 0.125
116 112 0.125
109 113 0.125
110 113 0.125
111 113 0.125
112 113 0.125
114 113 0.125
115 113 0.125
116 113 0.125
117 113 0.125
110 114 0.125
111 114 0.125
112 114 0.125
113 114 0.125
115 114 0.125
116 114 0.125
117 114 0.125
118 114 0.125
111 313 0.125
231 313 0.125
309 313 0.125
310 313 0.125
311 313 0.125
315 313 0.125
316 313 0.125
317 313 0.125
112 116 0.125
113 116 0.125
114 116 0.125
115 116 0.125
117 116 0.125
118 116 0.125
119 116 0.125
120 116 0.125
113 117 0.125
114 117 0.125
115 117 0.125
116 117 0.125
118 117 0.125
119 117 0.125
120 117 0.125
121 117 0.125
114 118 0.125
115 118 0.125
116 118 0.125
117 118 0.125
119 118 0.125
120 118 0.125
121 118 0.125
122 118 0.125
115 119 0.125
116 119 0.125
117 119 0.125
118 119 0.125
120 119 0.125
121 119 0.125
122 119 0.125
123 119 0.125
116 120 0.111111
117 120 0.111111
118 120 0.111111
119 120 0.111111
121 120 0.111111
122 120 0.111111
123 120 0.111111
124 120 0.111111
309 120 0.111111
117 121 0.125
118 121 0.125
119 121 0.125
120 121 0.125
122 121 0.125
123 121 0.125
124 121 0.125
125 121 0.125
118 122 0.125
119 122 0.125
120 122 0.125
121 122 0.125
123 122 0.125
124 122 0.125
125 122 0.125
126 122 0.125
119 123 0.111111
120 123 0.111111
121 123 0.111111
122 123 0.111111
124 123 0.111111
125 123 0.111111
126 123 0.111111
127 123 0.111111
257 123 0.111111
120 124 0.125
121 124 0.125
122 124 0.125
123 124 0.125
125 124 0.125
126 124 0.125
127 124 0.125
128 124 0.125
120 309 0.111111
172 309 0.111111
234 309 0.111111
305 309 0.111111
306 309 0.111111
307 309 0.111111
308 309 0.111111
311 309 0.111111
313 309 0.111111
121 125 0.125
122 125 0.125
123 125 0.125
124 125 0.125
126 125 0.125
127 125 0.125
128 125 0.125
129 125 0.125
123 127 0.125
124 127 0.125
125 127 0.125
126 127 0.125
128 127 0.125
129 127 0.125
130 127 0.125
131 127 0.125
123 257 0.111111
253 257 0.111111
254 257 0.111111
255 257 0.111111
256 257 0.111111
259 257 0.111111
261 257 0.111111
326 257 0.111111
311 257 0.111111
124 128 0.111111
125 128 0.111111
126 128 0.111111
127 128 0.111111
129 128 0.111111
131 128 0.111111
132 128 0.111111
351 128 0.111111
342 128 0.111111
125 129 0.125
126 129 0.125
127 129 0.125
128 129 0.125
130 129 0.125
131 129 0.125
132 129 0.125
133 129 0.125
126 130 0.125
127 130 0.125
129 130 0.125
131 130 0.125
132 130 0.125
133 130 0.125
134 130 0.125
152 130 0.125
126 213 0.125
209 213 0.125
210 213 0.125
211 213 0.125
212 213 0.125
214 213 0.125
216 213 0.125
217 213 0.125
127 131 0.125
128 131 0.125
129 131 0.125
130 131 0.125
132 131 0.125
133 131 0.125
134 131 0.125
135 131 0.125
128 351 0.125
347 351 0.125
348 351 0.125
349 351 0.125
350 351 0.125
353 351 0.125
354 351 0.125
355 351 0.125
130 134 0.1
131 134 0.1
132 134 0.1
133 134 0.1
135 134 0.1
136 134 0.1
138 134 0.1
293 134 0.1
346 134 0.1
393 134 0.1
130 152 0.142857
149 152 0.142857
150 152 0.142857
151 152 0.142857
154 152 0.142857
155 152 0.142857
156 152 0.142857
132 136 0.125
133 136 0.125
134 136 0.125
135 136 0.125
137 136 0.125
138 136 0.125
139 136 0.125
140 136 0.125
132 401 0.125
397 401 0.125
398 401 0.125
399 401 0.125
400 401 0.125
402 401 0.125
403 401 0.125
405 401 0.125
133 137 0.142857
135 137 0.142857
136 137 0.142857
138 137 0.142857
139 137 0.142857
140 137 0.142857
141 137 0.142857
134 138 0.125
135 138 0.125
136 138 0.125
137 138 0.125
139 138 0.125
140 138 0.125
141 138 0.125
142 138 0.125
134 293 0.125
289 293 0.125
290 293 0.125
291 293 0.125
294 293 0.125
295 293 0.125
296 293 0.125
297 293 0.125
134 346 0.142857
343 346 0.142857
344 346 0.142857
345 346 0.142857
347 346 0.142857
348 346 0.142857
349 346 0.142857
134 393 0.125
389 393 0.125
390 393 0.125
391 393 0.125
392 393 0.125
394 393 0.125
395 393 0.125
396 393 0.125
135 139 0.125
136 139 0.125
137 139 0.125
138 139 0.125
140 139 0.125
141 139 0.125
142 139 0.125
193 139 0.125
135 223 0.111111
219 223 0.111111
220 223 0.111111
221 223 0.111111
222 223 0.111111
225 223 0.111111
226 223 0.111111
406 223 0.111111
404 223 0.111111
136 140 0.111111
137 140 0.111111
138 140 0.111111
139 140 0.111111
141 140 0.111111
142 140 0.111111
143 140 0.111111
144 140 0.111111
184 140 0.111111
137 141 0.125
138 141 0.125
139 141 0.125
140 141 0.125
142 141 0.125
143 141 0.125
144 141 0.125
145 141 0.125
138 142 0.125
139 142 0.125
140 142 0.125
141 142 0.125
143 142 0.125
144 142 0.125
145 142 0.125
146 142 0.125
139 193 0.111111
189 193 0.111111
190 193 0.111111
191 193 0.111111
192 193 0.111111
194 193 0.111111
195 193 0.111111
196 193 0.111111
197 193 0.111111
140 143 0.125
141 143 0.125
142 143 0.125
144 143 0.125
145 143 0.125
146 143 0.125
147 143 0.125
288 143 0.125
140 144 0.111111
141 144 0.111111
142 144 0.111111
143 144 0.111111
145 144 0.111111
146 144 0.111111
147 144 0.111111
148 144 0.111111
338 144 0.111111
140 184 0.125
180 184 0.125
181 184 0.125
182 184 0.125
183 184 0.125
186 184 0.125
187 184 0.125
188 184 0.125
141 145 0.125
142 145 0.125
143 145 0.125
144 145 0.125
146 145 0.125
147 145 0.125
148 145 0.125
149 145 0.125
142 146 0.125
143 146 0.125
144 146 0.125
145 146 0.125
147 146 0.125
148 146 0.125
150 146 0.125
342 146 0.125
143 147 0.125
144 147 0.125
145 147 0.125
146 147 0.125
148 147 0.125
150 147 0.125
151 147 0.125
167 147 0.125
143 288 0.142857
284 288 0.142857
286 288 0.142857
287 288 0.142857
289 288 0.142857
291 288 0.142857
292 288 0.142857
144 148 0.125
145 148 0.125
146 148 0.125
147 148 0.125
149 148 0.125
151 148 0.125
203 148 0.125
215 148 0.125
144 338 0.142857
334 338 0.142857
335 338 0.142857
337 338 0.142857
340 338 0.142857
341 338 0.142857
342 338 0.142857
145 149 0.166667
148 149 0.166667
151 149 0.166667
152 149 0.166667
153 149 0.166667
362 149 0.166667
146 150 0.166667
147 150 0.166667
151 150 0.166667
152 150 0.166667
153 150 0.166667
154 150 0.166667
147 167 0.111111
163 167 0.111111
164 167 0.111111
165 167 0.111111
166 167 0.111111
168 167 0.111111
169 167 0.111111
170 167 0.111111
171 167 0.111111
148 203 0.111111
199 203 0.111111
200 203 0.111111
201 203 0.111111
202 203 0.111111
204 203 0.111111
205 203 0.111111
206 203 0.111111
207 203 0.111111
148 215 0.125
211 215 0.125
212 215 0.125
214 215 0.125
216 215 0.125
217 215 0.125
218 215 0.125
219 215 0.125
149 362 0.111111
358 362 0.111111
359 362 0.111111
360 362 0.111111
361 362 0.111111
363 362 0.111111
364 362 0.111111
365 362 0.111111
366 362 0.111111
151 155 0.142857
152 155 0.142857
153 155 0.142857
156 155 0.142857
157 155 0.142857
158 155 0.142857
159 155 0.142857
151 263 0.125
259 263 0.125
260 263 0.125
261 263 0.125
262 263 0.125
264 263 0.125
266 263 0.125
267 263 0.125
153 157 0.142857
154 157 0.142857
155 157 0.142857
158 157 0.142857
159 157 0.142857
160 157 0.142857
161 157 0.142857
154 265 0.125
261 265 0.125
262 265 0.125
264 265 0.125
266 265 0.125
267 265 0.125
269 265 0.125
308 265 0.125
155 159 0.142857
156 159 0.142857
157 159 0.142857
160 159 0.142857
161 159 0.142857
162 159 0.142857
163 159 0.142857
156 160 0.111111
157 160 0.111111
158 160 0.111111
159 160 0.111111
161 160 0.111111
162 160 0.111111
163 160 0.111111
164 160 0.111111
312 160 0.111111
157 161 0.125
158 161 0.125
159 161 0.125
160 161 0.125
162 161 0.125
164 161 0.125
165 161 0.125
275 161 0.125
158 162 0.125
159 162 0.125
160 162 0.125
161 162 0.125
163 162 0.125
164 162 0.125
165 162 0.125
166 162 0.125
158 248 0.125
244 248 0.125
245 248 0.125
246 248 0.125
247 248 0.125
250 248 0.125
251 248 0.125
252 248 0.125
159 163 0.125
160 163 0.125
162 163 0.125
164 163 0.125
166 163 0.125
167 163 0.125
292 163 0.125
319 163 0.125
160 164 0.125
161 164 0.125
162 164 0.125
163 164 0.125
165 164 0.125
166 164 0.125
167 164 0.125
168 164 0.125
160 312 0.142857
308 312 0.142857
310 312 0.142857
311 312 0.142857
314 312 0.142857
315 312 0.142857
316 312 0.142857
161 165 0.142857
162 165 0.142857
164 165 0.142857
166 165 0.142857
167 165 0.142857
168 165 0.142857
169 165 0.142857
161 275 0.111111
271 275 0.111111
272 275 0.111111
273 275 0.111111
274 275 0.111111
276 275 0.111111
277 275 0.111111
278 275 0.111111
279 275 0.111111
162 166 0.125
163 166 0.125
164 166 0.125
165 166 0.125
167 166 0.125
168 166 0.125
170 166 0.125
383 166 0.125
163 319 0.111111
315 319 0.111111
316 319 0.111111
317 319 0.111111
318 319 0.111111
321 319 0.111111
322 319 0.111111
323 319 0.111111
410 319 0.111111
165 169 0.142857
167 169 0.142857
168 169 0.142857
170 169 0.142857
171 169 0.142857
172 169 0.142857
173 169 0.142857
166 170 0.142857
167 170 0.142857
169 170 0.142857
171 170 0.142857
172 170 0.142857
173 170 0.142857
174 170 0.142857
166 383 0.111111
379 383 0.111111
380 383 0.111111
381 383 0.111111
382 383 0.111111
384 383 0.111111
385 383 0.111111
386 383 0.111111
387 383 0.111111
167 171 0.125
168 171 0.125
169 171 0.125
170 171 0.125
172 171 0.125
173 171 0.125
174 171 0.125
175 171 0.125
168 172 0.111111
169 172 0.111111
170 172 0.111111
171 172 0.111111
173 172 0.111111
174 172 0.111111
175 172 0.111111
176 172 0.111111
309 172 0.111111
169 173 0.125
170 173 0.125
171 173 0.125
172 173 0.125
174 173 0.125
175 173 0.125
176 173 0.125
177 173 0.125
170 174 0.125
171 174 0.125
172 174 0.125
173 174 0.125
175 174 0.125
176 174 0.125
177 174 0.125
178 174 0.125
171 175 0.111111
172 175 0.111111
173 175 0.111111
174 175 0.111111
176 175 0.111111
177 175 0.111111
178 175 0.111111
236 175 0.111111
299 175 0.111111
172 176 0.125
173 176 0.125
174 176 0.125
175 176 0.125
177 176 0.125
178 176 0.125
180 176 0.125
278 176 0.125
173 177 0.125
174 177 0.125
175 177 0.125
176 177 0.125
178 177 0.125
179 177 0.125
180 177 0.125
181 177 0.125
174 178 0.125
175 178 0.125
176 178 0.125
177 178 0.125
179 178 0.125
180 178 0.125
181 178 0.125
182 178 0.125
175 236 0.142857
232 236 0.142857
233 236 0.142857
235 236 0.142857
237 236 0.142857
239 236 0.142857
240 236 0.142857
175 299 0.111111
216 299 0.111111
295 299 0.111111
297 299 0.111111
298 299 0.111111
300 299 0.111111
301 299 0.111111
302 299 0.111111
303 299 0.111111
176 180 0.142857
177 180 0.142857
178 180 0.142857
181 180 0.142857
182 180 0.142857
183 180 0.142857
184 180 0.142857
176 278 0.125
274 278 0.125
275 278 0.125
277 278 0.125
279 278 0.125
280 278 0.125
281 278 0.125
343 278 0.125
177 181 0.125
178 181 0.125
179 181 0.125
180 181 0.125
182 181 0.125
183 181 0.125
184 181 0.125
185 181 0.125
178 182 0.111111
179 182 0.111111
180 182 0.111111
181 182 0.111111
183 182 0.111111
184 182 0.111111
185 182 0.111111
186 182 0.111111
188 182 0.111111
180 183 0.142857
181 183 0.142857
182 183 0.142857
184 183 0.142857
185 183 0.142857
186 183 0.142857
187 183 0.142857
181 185 0.142857
182 185 0.142857
183 185 0.142857
186 185 0.142857
187 185 0.142857
188 185 0.142857
274 185 0.142857
182 186 0.125
183 186 0.125
184 186 0.125
185 186 0.125
187 186 0.125
188 186 0.125
189 186 0.125
190 186 0.125
185 274 0.111111
270 274 0.111111
271 274 0.111111
272 274 0.111111
273 274 0.111111
275 274 0.111111
276 274 0.111111
277 274 0.111111
278 274 0.111111
186 189 0.142857
187 189 0.142857
191 189 0.142857
192 189 0.142857
193 189 0.142857
269 189 0.142857
348 189 0.142857
186 190 0.142857
187 190 0.142857
188 190 0.142857
191 190 0.142857
192 190 0.142857
193 190 0.142857
194 190 0.142857
187 191 0.125
188 191 0.125
189 191 0.125
190 191 0.125
192 191 0.125
193 191 0.125
195 191 0.125
374 191 0.125
188 192 0.125
189 192 0.125
190 192 0.125
191 192 0.125
193 192 0.125
194 192 0.125
195 192 0.125
196 192 0.125
188 345 0.125
235 345 0.125
341 345 0.125
342 345 0.125
343 345 0.125
344 345 0.125
346 345 0.125
347 345 0.125
189 269 0.111111
265 269 0.111111
266 269 0.111111
267 269 0.111111
268 269 0.111111
270 269 0.111111
271 269 0.111111
272 269 0.111111
273 269 0.111111
189 348 0.142857
344 348 0.142857
346 348 0.142857
347 348 0.142857
350 348 0.142857
351 348 0.142857
352 348 0.142857
190 194 0.142857
192 194 0.142857
193 194 0.142857
195 194 0.142857
196 194 0.142857
197 194 0.142857
198 194 0.142857
191 195 0.1
192 195 0.1
193 195 0.1
194 195 0.1
196 195 0.1
197 195 0.1
198 195 0.1
199 195 0.1
354 195 0.1
372 195 0.1
191 374 0.125
370 374 0.125
371 374 0.125
373 374 0.125
375 374 0.125
376 374 0.125
377 374 0.125
378 374 0.125
193 197 0.125
194 197 0.125
195 197 0.125
196 197 0.125
198 197 0.125
199 197 0.125
200 197 0.125
201 197 0.125
194 198 0.125
195 198 0.125
196 198 0.125
197 198 0.125
199 198 0.125
200 198 0.125
201 198 0.125
202 198 0.125
195 354 0.125
350 354 0.125
351 354 0.125
352 354 0.125
353 354 0.125
355 354 0.125
357 354 0.125
358 354 0.125
195 372 0.125
368 372 0.125
369 372 0.125
370 372 0.125
371 372 0.125
373 372 0.125
375 372 0.125
376 372 0.125
197 200 0.166667
198 200 0.166667
201 200 0.166667
203 200 0.166667
204 200 0.166667
389 200 0.166667
197 201 0.125
198 201 0.125
199 201 0.125
200 201 0.125
202 201 0.125
203 201 0.125
204 201 0.125
205 201 0.125
198 202 0.142857
199 202 0.142857
201 202 0.142857
203 202 0.142857
204 202 0.142857
205 202 0.142857
206 202 0.142857
200 204 0.125
201 204 0.125
202 204 0.125
203 204 0.125
205 204 0.125
206 204 0.125
207 204 0.125
208 204 0.125
200 389 0.111111
385 389 0.111111
386 389 0.111111
387 389 0.111111
388 389 0.111111
390 389 0.111111
391 389 0.111111
392 389 0.111111
393 389 0.111111
201 205 0.125
202 205 0.125
203 205 0.125
204 205 0.125
206 205 0.125
207 205 0.125
208 205 0.125
209 205 0.125
202 206 0.125
203 206 0.125
204 206 0.125
205 206 0.125
207 206 0.125
209 206 0.125
210 206 0.125
325 206 0.125
205 209 0.125
206 209 0.125
207 209 0.125
208 209 0.125
210 209 0.125
213 209 0.125
310 209 0.125
335 209 0.125
208 212 0.142857
211 212 0.142857
213 212 0.142857
214 212 0.142857
215 212 0.142857
216 212 0.142857
323 212 0.142857
210 260 0.125
256 260 0.125
258 260 0.125
259 260 0.125
261 260 0.125
262 260 0.125
263 260 0.125
264 260 0.125
210 358 0.125
354 358 0.125
355 358 0.125
356 358 0.125
357 358 0.125
359 358 0.125
361 358 0.125
362 358 0.125
212 216 0.125
213 216 0.125
214 216 0.125
215 216 0.125
217 216 0.125
218 216 0.125
220 216 0.125
299 216 0.125
212 323 0.111111
319 323 0.111111
320 323 0.111111
321 323 0.111111
322 323 0.111111
324 323 0.111111
325 323 0.111111
327 323 0.111111
363 323 0.111111
213 217 0.125
214 217 0.125
215 217 0.125
216 217 0.125
218 217 0.125
219 217 0.125
220 217 0.125
221 217 0.125
214 218 0.125
215 218 0.125
216 218 0.125
217 218 0.125
219 218 0.125
220 218 0.125
221 218 0.125
353 218 0.125
214 252 0.125
248 252 0.125
249 252 0.125
250 252 0.125
251 252 0.125
253 252 0.125
255 252 0.125
256 252 0.125
216 220 0.111111
217 220 0.111111
218 220 0.111111
219 220 0.111111
221 220 0.111111
222 220 0.111111
223 220 0.111111
224 220 0.111111
296 220 0.111111
217 221 0.125
218 221 0.125
219 221 0.125
220 221 0.125
222 221 0.125
223 221 0.125
224 221 0.125
225 221 0.125
218 353 0.125
350 353 0.125
351 353 0.125
352 353 0.125
354 353 0.125
355 353 0.125
356 353 0.125
357 353 0.125
220 222 0.166667
221 222 0.166667
223 222 0.166667
224 222 0.166667
225 222 0.166667
226 222 0.166667
220 296 0.142857
293 296 0.142857
294 296 0.142857
295 296 0.142857
297 296 0.142857
298 296 0.142857
300 296 0.142857
221 225 0.125
222 225 0.125
223 225 0.125
224 225 0.125
226 225 0.125
227 225 0.125
228 225 0.125
229 225 0.125
223 406 0.125
402 406 0.125
403 406 0.125
405 406 0.125
407 406 0.125
408 406 0.125
409 406 0.125
410 406 0.125
224 228 0.125
225 228 0.125
226 228 0.125
227 228 0.125
229 228 0.125
230 228 0.125
231 228 0.125
232 228 0.125
225 229 0.125
226 229 0.125
227 229 0.125
228 229 0.125
230 229 0.125
231 229 0.125
232 229 0.125
233 229 0.125
226 230 0.111111
227 230 0.111111
228 230 0.111111
229 230 0.111111
231 230 0.111111
232 230 0.111111
233 230 0.111111
234 230 0.111111
270 230 0.111111
227 231 0.125
228 231 0.125
229 231 0.125
230 231 0.125
232 231 0.125
234 231 0.125
235 231 0.125
313 231 0.125
228 232 0.125
229 232 0.125
230 232 0.125
231 232 0.125
233 232 0.125
234 232 0.125
235 232 0.125
236 232 0.125
229 233 0.142857
230 233 0.142857
232 233 0.142857
234 233 0.142857
235 233 0.142857
236 233 0.142857
237 233 0.142857
230 234 0.111111
231 234 0.111111
232 234 0.111111
233 234 0.111111
235 234 0.111111
237 234 0.111111
238 234 0.111111
297 234 0.111111
309 234 0.111111
230 270 0.125
266 270 0.125
267 270 0.125
268 270 0.125
269 270 0.125
271 270 0.125
272 270 0.125
274 270 0.125
231 235 0.111111
232 235 0.111111
233 235 0.111111
234 235 0.111111
236 235 0.111111
237 235 0.111111
238 235 0.111111
239 235 0.111111
345 235 0.111111
233 237 0.125
234 237 0.125
235 237 0.125
236 237 0.125
238 237 0.125
239 237 0.125
240 237 0.125
241 237 0.125
234 238 0.142857
235 238 0.142857
237 238 0.142857
239 238 0.142857
240 238 0.142857
241 238 0.142857
242 238 0.142857
234 297 0.125
293 297 0.125
294 297 0.125
295 297 0.125
296 297 0.125
299 297 0.125
300 297 0.125
301 297 0.125
236 240 0.125
237 240 0.125
238 240 0.125
239 240 0.125
241 240 0.125
242 240 0.125
243 240 0.125
244 240 0.125
238 242 0.142857
240 242 0.142857
241 242 0.142857
243 242 0.142857
244 242 0.142857
245 242 0.142857
246 242 0.142857
240 244 0.142857
241 244 0.142857
242 244 0.142857
245 244 0.142857
246 244 0.142857
247 244 0.142857
248 244 0.142857
241 315 0.111111
311 315 0.111111
312 315 0.111111
313 315 0.111111
314 315 0.111111
316 315 0.111111
317 315 0.111111
318 315 0.111111
319 315 0.111111
242 245 0.142857
243 245 0.142857
244 245 0.142857
246 245 0.142857
247 245 0.142857
248 245 0.142857
249 245 0.142857
242 246 0.125
243 246 0.125
244 246 0.125
245 246 0.125
247 246 0.125
248 246 0.125
249 246 0.125
250 246 0.125
246 250 0.142857
247 250 0.142857
248 250 0.142857
251 250 0.142857
252 250 0.142857
253 250 0.142857
254 250 0.142857
247 251 0.111111
248 251 0.111111
249 251 0.111111
250 251 0.111111
252 251 0.111111
253 251 0.111111
254 251 0.111111
255 251 0.111111
391 251 0.111111
249 344 0.111111
340 344 0.111111
341 344 0.111111
342 344 0.111111
343 344 0.111111
345 344 0.111111
346 344 0.111111
347 344 0.111111
348 344 0.111111
250 253 0.142857
251 253 0.142857
252 253 0.142857
254 253 0.142857
255 253 0.142857
256 253 0.142857
257 253 0.142857
250 254 0.142857
251 254 0.142857
253 254 0.142857
255 254 0.142857
256 254 0.142857
257 254 0.142857
258 254 0.142857
251 255 0.125
252 255 0.125
253 255 0.125
254 255 0.125
256 255 0.125
257 255 0.125
258 255 0.125
259 255 0.125
251 391 0.125
334 391 0.125
387 391 0.125
388 391 0.125
389 391 0.125
390 391 0.125
393 391 0.125
394 391 0.125
252 256 0.125
253 256 0.125
254 256 0.125
255 256 0.125
257 256 0.125
258 256 0.125
259 256 0.125
260 256 0.125
257 261 0.142857
259 261 0.142857
260 261 0.142857
262 261 0.142857
263 261 0.142857
264 261 0.142857
265 261 0.142857
257 311 0.111111
307 311 0.111111
308 311 0.111111
309 311 0.111111
310 311 0.111111
312 311 0.111111
313 311 0.111111
314 311 0.111111
315 311 0.111111
258 262 0.142857
260 262 0.142857
261 262 0.142857
263 262 0.142857
264 262 0.142857
265 262 0.142857
266 262 0.142857
258 273 0.142857
269 273 0.142857
271 273 0.142857
274 273 0.142857
275 273 0.142857
276 273 0.142857
277 273 0.142857
260 264 0.125
261 264 0.125
262 264 0.125
263 264 0.125
265 264 0.125
266 264 0.125
267 264 0.125
268 264 0.125
262 266 0.125
263 266 0.125
264 266 0.125
265 266 0.125
267 266 0.125
268 266 0.125
269 266 0.125
270 266 0.125
263 267 0.125
264 267 0.125
265 267 0.125
266 267 0.125
268 267 0.125
269 267 0.125
270 267 0.125
271 267 0.125
264 268 0.142857
266 268 0.142857
267 268 0.142857
269 268 0.142857
270 268 0.142857
271 268 0.142857
272 268 0.142857
265 308 0.111111
304 308 0.111111
305 308 0.111111
306 308 0.111111
307 308 0.111111
309 308 0.111111
310 308 0.111111
311 308 0.111111
312 308 0.111111
268 272 0.125
269 272 0.125
270 272 0.125
271 272 0.125
274 272 0.125
275 272 0.125
276 272 0.125
334 272 0.125
272 334 0.1
330 334 0.1
331 334 0.1
332 334 0.1
333 334 0.1
335 334 0.1
336 334 0.1
337 334 0.1
338 334 0.1
391 334 0.1
273 277 0.125
274 277 0.125
275 277 0.125
276 277 0.125
278 277 0.125
279 277 0.125
281 277 0.125
392 277 0.125
275 279 0.125
276 279 0.125
277 279 0.125
278 279 0.125
280 279 0.125
281 279 0.125
282 279 0.125
289 279 0.125
276 280 0.142857
278 280 0.142857
279 280 0.142857
281 280 0.142857
282 280 0.142857
283 280 0.142857
284 280 0.142857
277 281 0.125
278 281 0.125
279 281 0.125
280 281 0.125
282 281 0.125
283 281 0.125
284 281 0.125
285 281 0.125
277 392 0.111111
304 392 0.111111
388 392 0.111111
389 392 0.111111
390 392 0.111111
393 392 0.111111
394 392 0.111111
395 392 0.111111
396 392 0.111111
278 343 0.111111
339 343 0.111111
340 343 0.111111
341 343 0.111111
342 343 0.111111
344 343 0.111111
345 343 0.111111
346 343 0.111111
347 343 0.111111
279 282 0.142857
280 282 0.142857
281 282 0.142857
283 282 0.142857
284 282 0.142857
285 282 0.142857
286 282 0.142857
279 289 0.111111
285 289 0.111111
286 289 0.111111
287 289 0.111111
288 289 0.111111
290 289 0.111111
291 289 0.111111
292 289 0.111111
293 289 0.111111
280 283 0.142857
281 283 0.142857
282 283 0.142857
284 283 0.142857
285 283 0.142857
286 283 0.142857
287 283 0.142857
280 284 0.125
281 284 0.125
282 284 0.125
283 284 0.125
285 284 0.125
286 284 0.125
287 284 0.125
288 284 0.125
281 285 0.125
282 285 0.125
283 285 0.125
284 285 0.125
286 285 0.125
287 285 0.125
289 285 0.125
333 285 0.125
282 286 0.125
283 286 0.125
284 286 0.125
285 286 0.125
287 286 0.125
288 286 0.125
289 286 0.125
290 286 0.125
283 287 0.125
284 287 0.125
285 287 0.125
286 287 0.125
288 287 0.125
289 287 0.125
290 287 0.125
291 287 0.125
285 333 0.111111
329 333 0.111111
330 333 0.111111
331 333 0.111111
332 333 0.111111
334 333 0.111111
335 333 0.111111
336 333 0.111111
337 333 0.111111
287 291 0.142857
288 291 0.142857
289 291 0.142857
292 291 0.142857
293 291 0.142857
294 291 0.142857
295 291 0.142857
290 294 0.142857
291 294 0.142857
293 294 0.142857
295 294 0.142857
296 294 0.142857
297 294 0.142857
298 294 0.142857
291 295 0.125
292 295 0.125
293 295 0.125
294 295 0.125
296 295 0.125
297 295 0.125
298 295 0.125
299 295 0.125
292 329 0.111111
326 329 0.111111
327 329 0.111111
328 329 0.111111
330 329 0.111111
331 329 0.111111
332 329 0.111111
333 329 0.111111
379 329 0.111111
292 360 0.125
356 360 0.125
357 360 0.125
359 360 0.125
361 360 0.125
362 360 0.125
363 360 0.125
364 360 0.125
294 298 0.142857
295 298 0.142857
296 298 0.142857
299 298 0.142857
300 298 0.142857
301 298 0.142857
302 298 0.142857
297 301 0.142857
298 301 0.142857
299 301 0.142857
302 301 0.142857
303 301 0.142857
304 301 0.142857
305 301 0.142857
298 302 0.125
299 302 0.125
300 302 0.125
301 302 0.125
303 302 0.125
304 302 0.125
305 302 0.125
306 302 0.125
299 303 0.125
300 303 0.125
301 303 0.125
302 303 0.125
304 303 0.125
305 303 0.125
306 303 0.125
307 303 0.125
300 304 0.111111
301 304 0.111111
302 304 0.111111
303 304 0.111111
306 304 0.111111
307 304 0.111111
308 304 0.111111
392 304 0.111111
336 304 0.111111
302 306 0.142857
303 306 0.142857
304 306 0.142857
307 306 0.142857
308 306 0.142857
309 306 0.142857
310 306 0.142857
303 307 0.125
304 307 0.125
305 307 0.125
306 307 0.125
308 307 0.125
309 307 0.125
310 307 0.125
311 307 0.125
304 336 0.111111
332 336 0.111111
333 336 0.111111
334 336 0.111111
335 336 0.111111
337 336 0.111111
339 336 0.111111
340 336 0.111111
407 336 0.111111
312 316 0.125
313 316 0.125
314 316 0.125
315 316 0.125
317 316 0.125
318 316 0.125
319 316 0.125
320 316 0.125
313 317 0.125
314 317 0.125
315 317 0.125
316 317 0.125
318 317 0.125
319 317 0.125
320 317 0.125
321 317 0.125
314 318 0.125
315 318 0.125
316 318 0.125
317 318 0.125
319 318 0.125
320 318 0.125
321 318 0.125
322 318 0.125
316 320 0.142857
317 320 0.142857
318 320 0.142857
321 320 0.142857
322 320 0.142857
323 320 0.142857
324 320 0.142857
317 321 0.111111
318 321 0.111111
319 321 0.111111
320 321 0.111111
322 321 0.111111
323 321 0.111111
324 321 0.111111
325 321 0.111111
371 321 0.111111
321 371 0.125
364 371 0.125
367 371 0.125
369 371 0.125
370 371 0.125
372 371 0.125
373 371 0.125
374 371 0.125
323 327 0.142857
324 327 0.142857
325 327 0.142857
328 327 0.142857
329 327 0.142857
330 327 0.142857
331 327 0.142857
324 328 0.125
325 328 0.125
326 328 0.125
327 328 0.125
329 328 0.125
330 328 0.125
331 328 0.125
332 328 0.125
326 330 0.125
327 330 0.125
328 330 0.125
329 330 0.125
331 330 0.125
332 330 0.125
333 330 0.125
334 330 0.125
327 331 0.125
328 331 0.125
329 331 0.125
330 331 0.125
332 331 0.125
333 331 0.125
334 331 0.125
335 331 0.125
333 337 0.125
334 337 0.125
335 337 0.125
336 337 0.125
338 337 0.125
339 337 0.125
340 337 0.125
341 337 0.125
335 370 0.125
366 370 0.125
367 370 0.125
368 370 0.125
369 370 0.125
371 370 0.125
372 370 0.125
374 370 0.125
336 340 0.125
337 340 0.125
338 340 0.125
339 340 0.125
341 340 0.125
342 340 0.125
343 340 0.125
344 340 0.125
337 341 0.125
338 341 0.125
339 341 0.125
340 341 0.125
342 341 0.125
343 341 0.125
344 341 0.125
345 341 0.125
347 350 0.142857
348 350 0.142857
349 350 0.142857
351 350 0.142857
352 350 0.142857
353 350 0.142857
354 350 0.142857
351 355 0.142857
353 355 0.142857
354 355 0.142857
356 355 0.142857
357 355 0.142857
358 355 0.142857
359 355 0.142857
352 356 0.142857
353 356 0.142857
355 356 0.142857
357 356 0.142857
358 356 0.142857
359 356 0.142857
360 356 0.142857
353 357 0.125
354 357 0.125
355 357 0.125
356 357 0.125
358 357 0.125
359 357 0.125
360 357 0.125
361 357 0.125
355 359 0.125
356 359 0.125
357 359 0.125
358 359 0.125
360 359 0.125
361 359 0.125
362 359 0.125
363 359 0.125
357 361 0.125
358 361 0.125
359 361 0.125
360 361 0.125
362 361 0.125
363 361 0.125
364 361 0.125
365 361 0.125
360 364 0.125
361 364 0.125
362 364 0.125
363 364 0.125
366 364 0.125
367 364 0.125
368 364 0.125
371 364 0.125
361 365 0.166667
362 365 0.166667
366 365 0.166667
367 365 0.166667
368 365 0.166667
369 365 0.166667
362 366 0.142857
364 366 0.142857
365 366 0.142857
367 366 0.142857
368 366 0.142857
369 366 0.142857
370 366 0.142857
363 367 0.111111
364 367 0.111111
365 367 0.111111
366 367 0.111111
368 367 0.111111
369 367 0.111111
370 367 0.111111
371 367 0.111111
384 367 0.111111
365 369 0.125
366 369 0.125
367 369 0.125
368 369 0.125
370 369 0.125
371 369 0.125
372 369 0.125
373 369 0.125
367 384 0.125
380 384 0.125
381 384 0.125
382 384 0.125
383 384 0.125
386 384 0.125
387 384 0.125
388 384 0.125
372 375 0.142857
373 375 0.142857
374 375 0.142857
376 375 0.142857
377 375 0.142857
378 375 0.142857
379 375 0.142857
372 376 0.125
373 376 0.125
374 376 0.125
375 376 0.125
377 376 0.125
378 376 0.125
379 376 0.125
380 376 0.125
373 377 0.125
374 377 0.125
375 377 0.125
376 377 0.125
378 377 0.125
379 377 0.125
380 377 0.125
381 377 0.125
374 378 0.125
375 378 0.125
376 378 0.125
377 378 0.125
379 378 0.125
380 378 0.125
381 378 0.125
382 378 0.125
376 380 0.125
377 380 0.125
378 380 0.125
379 380 0.125
381 380 0.125
382 380 0.125
383 380 0.125
384 380 0.125
377 381 0.125
378 381 0.125
379 381 0.125
380 381 0.125
382 381 0.125
383 381 0.125
384 381 0.125
385 381 0.125
378 382 0.142857
380 382 0.142857
381 382 0.142857
383 382 0.142857
384 382 0.142857
385 382 0.142857
386 382 0.142857
381 385 0.142857
382 385 0.142857
383 385 0.142857
386 385 0.142857
387 385 0.142857
388 385 0.142857
389 385 0.142857
382 386 0.125
383 386 0.125
384 386 0.125
385 386 0.125
387 386 0.125
388 386 0.125
389 386 0.125
390 386 0.125
383 387 0.125
384 387 0.125
385 387 0.125
386 387 0.125
388 387 0.125
389 387 0.125
390 387 0.125
391 387 0.125
384 388 0.111111
385 388 0.111111
386 388 0.111111
387 388 0.111111
389 388 0.111111
390 388 0.111111
391 388 0.111111
392 388 0.111111
396 388 0.111111
386 390 0.111111
387 390 0.111111
388 390 0.111111
389 390 0.111111
391 390 0.111111
392 390 0.111111
393 390 0.111111
394 390 0.111111
404 390 0.111111
395 397 0.166667
396 397 0.166667
398 397 0.166667
399 397 0.166667
400 397 0.166667
401 397 0.166667
395 399 0.125
396 399 0.125
397 399 0.125
398 399 0.125
400 399 0.125
401 399 0.125
402 399 0.125
403 399 0.125
397 400 0.142857
398 400 0.142857
399 400 0.142857
401 400 0.142857
402 400 0.142857
403 400 0.142857
404 400 0.142857
398 402 0.125
399 402 0.125
400 402 0.125
401 402 0.125
403 402 0.125
404 402 0.125
405 402 0.125
406 402 0.125
399 403 0.125
400 403 0.125
401 403 0.125
402 403 0.125
404 403 0.125
405 403 0.125
406 403 0.125
407 403 0.125
401 405 0.125
402 405 0.125
403 405 0.125
404 405 0.125
406 405 0.125
407 405 0.125
408 405 0.125
409 405 0.125
1 0 0.125
410 0 0.125
2 0 0.125
409 0 0.125
3 0 0.125
408 0 0.125
4 0 0.125
407 0 0.125
212 211 0.25
213 211 0.25
214 211 0.25
215 211 0.25
