0 1 0.032258
6 1 0.032258
8 1 0.032258
10 1 0.032258
13 1 0.032258
15 1 0.032258
18 1 0.032258
19 1 0.032258
20 1 0.032258
22 1 0.032258
24 1 0.032258
29 1 0.032258
33 1 0.032258
43 1 0.032258
45 1 0.032258
52 1 0.032258
55 1 0.032258
57 1 0.032258
60 1 0.032258
69 1 0.032258
73 1 0.032258
94 1 0.032258
97 1 0.032258
98 1 0.032258
101 1 0.032258
115 1 0.032258
129 1 0.032258
134 1 0.032258
145 1 0.032258
178 1 0.032258
181 1 0.032258
0 2 0.043478
6 2 0.043478
7 2 0.043478
8 2 0.043478
9 2 0.043478
11 2 0.043478
13 2 0.043478
35 2 0.043478
39 2 0.043478
51 2 0.043478
53 2 0.043478
57 2 0.043478
59 2 0.043478
66 2 0.043478
72 2 0.043478
75 2 0.043478
85 2 0.043478
87 2 0.043478
89 2 0.043478
109 2 0.043478
160 2 0.043478
173 2 0.043478
176 2 0.043478
0 3 0.025641
6 3 0.025641
7 3 0.025641
8 3 0.025641
10 3 0.025641
11 3 0.025641
13 3 0.025641
14 3 0.025641
16 3 0.025641
18 3 0.025641
23 3 0.025641
25 3 0.025641
26 3 0.025641
27 3 0.025641
28 3 0.025641
31 3 0.025641
37 3 0.025641
47 3 0.025641
49 3 0.025641
64 3 0.025641
73 3 0.025641
75 3 0.025641
77 3 0.025641
84 3 0.025641
87 3 0.025641
91 3 0.025641
93 3 0.025641
96 3 0.025641
103 3 0.025641
104 3 0.025641
106 3 0.025641
113 3 0.025641
131 3 0.025641
132 3 0.025641
135 3 0.025641
143 3 0.025641
152 3 0.025641
161 3 0.025641
166 3 0.025641
0 4 0.090909
30 4 0.090909
31 4 0.090909
37 4 0.090909
52 4 0.090909
59 4 0.090909
82 4 0.090909
104 4 0.090909
119 4 0.090909
131 4 0.090909
140 4 0.090909
0 5 0.058824
6 5 0.058824
7 5 0.058824
8 5 0.058824
23 5 0.058824
28 5 0.058824
34 5 0.058824
38 5 0.058824
47 5 0.058824
53 5 0.058824
66 5 0.058824
79 5 0.058824
104 5 0.058824
141 5 0.058824
145 5 0.058824
177 5 0.058824
179 5 0.058824
0 6 0.035714
1 6 0.035714
2 6 0.035714
3 6 0.035714
5 6 0.035714
7 6 0.035714
8 6 0.035714
9 6 0.035714
10 6 0.035714
12 6 0.035714
14 6 0.035714
31 6 0.035714
39 6 0.035714
42 6 0.035714
44 6 0.035714
46 6 0.035714
49 6 0.035714
51 6 0.035714
69 6 0.035714
78 6 0.035714
79 6 0.035714
99 6 0.035714
100 6 0.035714
138 6 0.035714
142 6 0.035714
158 6 0.035714
163 6 0.035714
164 6 0.035714
0 7 0.055556
2 7 0.055556
3 7 0.055556
5 7 0.055556
6 7 0.055556
9 7 0.055556
11 7 0.055556
17 7 0.055556
18 7 0.055556
19 7 0.055556
72 7 0.055556
120 7 0.055556
126 7 0.055556
143 7 0.055556
154 7 0.055556
157 7 0.055556
176 7 0.055556
179 7 0.055556
0 9 0.032258
2 9 0.032258
6 9 0.032258
7 9 0.032258
8 9 0.032258
10 9 0.032258
11 9 0.032258
12 9 0.032258
14 9 0.032258
15 9 0.032258
17 9 0.032258
24 9 0.032258
27 9 0.032258
28 9 0.032258
38 9 0.032258
42 9 0.032258
50 9 0.032258
56 9 0.032258
66 9 0.032258
67 9 0.032258
80 9 0.032258
94 9 0.032258
100 9 0.032258
110 9 0.032258
120 9 0.032258
125 9 0.032258
141 9 0.032258
149 9 0.032258
158 9 0.032258
164 9 0.032258
179 9 0.032258
0 10 0.027027
1 10 0.027027
3 10 0.027027
6 10 0.027027
9 10 0.027027
11 10 0.027027
12 10 0.027027
15 10 0.027027
19 10 0.027027
20 10 0.027027
23 10 0.027027
27 10 0.027027
31 10 0.027027
32 10 0.027027
34 10 0.027027
35 10 0.027027
37 10 0.027027
39 10 0.027027
41 10 0.027027
44 10 0.027027
45 10 0.027027
49 10 0.027027
54 10 0.027027
62 10 0.027027
70 10 0.027027
71 10 0.027027
73 10 0.027027
81 10 0.027027
83 10 0.027027
84 10 0.027027
93 10 0.027027
94 10 0.027027
99 10 0.027027
110 10 0.027027
111 10 0.027027
180 10 0.027027
182 10 0.027027
0 12 0.05
6 12 0.05
8 12 0.05
9 12 0.05
10 12 0.05
13 12 0.05
16 12 0.05
18 12 0.05
26 12 0.05
63 12 0.05
84 12 0.05
87 12 0.05
90 12 0.05
92 12 0.05
125 12 0.05
136 12 0.05
137 12 0.05
145 12 0.05
163 12 0.05
176 12 0.05
0 13 0.027027
1 13 0.027027
2 13 0.027027
3 13 0.027027
12 13 0.027027
14 13 0.027027
15 13 0.027027
20 13 0.027027
21 13 0.027027
25 13 0.027027
27 13 0.027027
32 13 0.027027
33 13 0.027027
34 13 0.027027
42 13 0.027027
48 13 0.027027
50 13 0.027027
58 13 0.027027
64 13 0.027027
65 13 0.027027
68 13 0.027027
69 13 0.027027
81 13 0.027027
82 13 0.027027
86 13 0.027027
88 13 0.027027
102 13 0.027027
111 13 0.027027
126 13 0.027027
141 13 0.027027
148 13 0.027027
152 13 0.027027
158 13 0.027027
170 13 0.027027
172 13 0.027027
178 13 0.027027
180 13 0.027027
0 14 0.052632
3 14 0.052632
6 14 0.052632
9 14 0.052632
13 14 0.052632
15 14 0.052632
16 14 0.052632
22 14 0.052632
30 14 0.052632
36 14 0.052632
38 14 0.052632
41 14 0.052632
51 14 0.052632
74 14 0.052632
77 14 0.052632
80 14 0.052632
100 14 0.052632
108 14 0.052632
110 14 0.052632
0 16 0.041667
3 16 0.041667
11 16 0.041667
12 16 0.041667
14 16 0.041667
21 16 0.041667
26 16 0.041667
38 16 0.041667
60 16 0.041667
63 16 0.041667
65 16 0.041667
67 16 0.041667
68 16 0.041667
71 16 0.041667
75 16 0.041667
76 16 0.041667
97 16 0.041667
107 16 0.041667
121 16 0.041667
127 16 0.041667
128 16 0.041667
142 16 0.041667
146 16 0.041667
177 16 0.041667
0 17 0.043478
7 17 0.043478
9 17 0.043478
11 17 0.043478
15 17 0.043478
19 17 0.043478
24 17 0.043478
32 17 0.043478
37 17 0.043478
46 17 0.043478
49 17 0.043478
53 17 0.043478
62 17 0.043478
74 17 0.043478
80 17 0.043478
88 17 0.043478
90 17 0.043478
93 17 0.043478
101 17 0.043478
104 17 0.043478
138 17 0.043478
155 17 0.043478
164 17 0.043478
0 18 0.027778
1 18 0.027778
3 18 0.027778
7 18 0.027778
12 18 0.027778
20 18 0.027778
25 18 0.027778
26 18 0.027778
29 18 0.027778
30 18 0.027778
32 18 0.027778
34 18 0.027778
42 18 0.027778
45 18 0.027778
56 18 0.027778
58 18 0.027778
61 18 0.027778
64 18 0.027778
80 18 0.027778
81 18 0.027778
83 18 0.027778
95 18 0.027778
116 18 0.027778
118 18 0.027778
125 18 0.027778
129 18 0.027778
131 18 0.027778
137 18 0.027778
144 18 0.027778
146 18 0.027778
148 18 0.027778
159 18 0.027778
161 18 0.027778
163 18 0.027778
166 18 0.027778
175 18 0.027778
0 19 0.038462
1 19 0.038462
7 19 0.038462
10 19 0.038462
17 19 0.038462
21 19 0.038462
24 19 0.038462
28 19 0.038462
33 19 0.038462
35 19 0.038462
43 19 0.038462
47 19 0.038462
48 19 0.038462
51 19 0.038462
64 19 0.038462
66 19 0.038462
67 19 0.038462
72 19 0.038462
90 19 0.038462
101 19 0.038462
108 19 0.038462
115 19 0.038462
117 19 0.038462
121 19 0.038462
129 19 0.038462
156 19 0.038462
0 20 0.058824
1 20 0.058824
10 20 0.058824
13 20 0.058824
18 20 0.058824
22 20 0.058824
26 20 0.058824
36 20 0.058824
44 20 0.058824
45 20 0.058824
55 20 0.058824
58 20 0.058824
86 20 0.058824
121 20 0.058824
134 20 0.058824
141 20 0.058824
175 20 0.058824
0 21 0.076923
11 21 0.076923
13 21 0.076923
16 21 0.076923
19 21 0.076923
22 21 0.076923
52 21 0.076923
54 21 0.076923
68 21 0.076923
110 21 0.076923
113 21 0.076923
115 21 0.076923
130 21 0.076923
0 22 0.055556
1 22 0.055556
14 22 0.055556
20 22 0.055556
21 22 0.055556
32 22 0.055556
36 22 0.055556
49 22 0.055556
59 22 0.055556
83 22 0.055556
87 22 0.055556
88 22 0.055556
98 22 0.055556
103 22 0.055556
124 22 0.055556
154 22 0.055556
173 22 0.055556
174 22 0.055556
0 25 0.076923
3 25 0.076923
13 25 0.076923
15 25 0.076923
18 25 0.076923
27 25 0.076923
29 25 0.076923
35 25 0.076923
53 25 0.076923
114 25 0.076923
118 25 0.076923
121 25 0.076923
157 25 0.076923
0 28 0.083333
3 28 0.083333
5 28 0.083333
9 28 0.083333
19 28 0.083333
29 28 0.083333
47 28 0.083333
103 28 0.083333
106 28 0.083333
117 28 0.083333
160 28 0.083333
175 28 0.083333
0 33 0.083333
1 33 0.083333
8 33 0.083333
13 33 0.083333
19 33 0.083333
46 33 0.083333
55 33 0.083333
60 33 0.083333
77 33 0.083333
83 33 0.083333
150 33 0.083333
154 33 0.083333
0 34 0.1
5 34 0.1
10 34 0.1
13 34 0.1
18 34 0.1
60 34 0.1
85 34 0.1
147 34 0.1
155 34 0.1
176 34 0.1
0 38 0.0625
5 38 0.0625
9 38 0.0625
14 38 0.0625
16 38 0.0625
43 38 0.0625
79 38 0.0625
86 38 0.0625
110 38 0.0625
113 38 0.0625
116 38 0.0625
122 38 0.0625
127 38 0.0625
145 38 0.0625
147 38 0.0625
156 38 0.0625
0 41 0.142857
10 41 0.142857
14 41 0.142857
31 41 0.142857
40 41 0.142857
77 41 0.142857
85 41 0.142857
0 46 0.055556
6 46 0.055556
11 46 0.055556
17 46 0.055556
33 46 0.055556
47 46 0.055556
54 46 0.055556
61 46 0.055556
96 46 0.055556
107 46 0.055556
109 46 0.055556
115 46 0.055556
125 46 0.055556
131 46 0.055556
160 46 0.055556
161 46 0.055556
166 46 0.055556
182 46 0.055556
0 48 0.125
13 48 0.125
19 48 0.125
36 48 0.125
44 48 0.125
54 48 0.125
115 48 0.125
172 48 0.125
0 50 0.125
9 50 0.125
13 50 0.125
15 50 0.125
39 50 0.125
77 50 0.125
96 50 0.125
153 50 0.125
0 54 0.111111
10 54 0.111111
21 54 0.111111
46 54 0.111111
48 54 0.111111
57 54 0.111111
99 54 0.111111
103 54 0.111111
120 54 0.111111
0 58 0.166667
13 58 0.166667
18 58 0.166667
20 58 0.166667
26 58 0.166667
158 58 0.166667
0 61 0.111111
15 61 0.111111
18 61 0.111111
37 61 0.111111
46 61 0.111111
92 61 0.111111
119 61 0.111111
132 61 0.111111
136 61 0.111111
0 62 0.125
10 62 0.125
17 62 0.125
39 62 0.125
43 62 0.125
64 62 0.125
65 62 0.125
102 62 0.125
0 66 0.076923
2 66 0.076923
5 66 0.076923
9 66 0.076923
19 66 0.076923
74 66 0.076923
89 66 0.076923
91 66 0.076923
92 66 0.076923
108 66 0.076923
124 66 0.076923
128 66 0.076923
157 66 0.076923
0 67 0.1
9 67 0.1
15 67 0.1
16 67 0.1
19 67 0.1
81 67 0.1
103 67 0.1
133 67 0.1
156 67 0.1
161 67 0.1
0 72 0.111111
2 72 0.111111
7 72 0.111111
19 72 0.111111
37 72 0.111111
75 72 0.111111
105 72 0.111111
152 72 0.111111
171 72 0.111111
0 82 0.125
4 82 0.125
13 82 0.125
27 82 0.125
29 82 0.125
119 82 0.125
149 82 0.125
177 82 0.125
0 84 0.076923
3 84 0.076923
10 84 0.076923
12 84 0.076923
79 84 0.076923
86 84 0.076923
91 84 0.076923
95 84 0.076923
116 84 0.076923
135 84 0.076923
139 84 0.076923
162 84 0.076923
170 84 0.076923
0 102 0.166667
13 102 0.166667
45 102 0.166667
62 102 0.166667
89 102 0.166667
107 102 0.166667
0 107 0.2
16 107 0.2
46 107 0.2
77 107 0.2
102 107 0.2
0 122 0.2
15 122 0.2
38 122 0.2
60 122 0.2
68 122 0.2
0 128 0.142857
16 128 0.142857
66 128 0.142857
70 128 0.142857
83 128 0.142857
139 128 0.142857
146 128 0.142857
0 130 0.142857
21 130 0.142857
74 130 0.142857
86 130 0.142857
105 130 0.142857
165 130 0.142857
167 130 0.142857
0 133 0.166667
67 133 0.166667
88 133 0.166667
99 133 0.166667
110 133 0.166667
138 133 0.166667
0 139 0.142857
31 139 0.142857
39 139 0.142857
84 139 0.142857
128 139 0.142857
144 139 0.142857
148 139 0.142857
0 140 0.166667
4 140 0.166667
76 140 0.166667
77 140 0.166667
93 140 0.166667
166 140 0.166667
0 144 0.142857
18 144 0.142857
77 144 0.142857
95 144 0.142857
139 144 0.142857
161 144 0.142857
164 144 0.142857
0 148 0.2
13 148 0.2
18 148 0.2
49 148 0.2
139 148 0.2
0 152 0.2
3 152 0.2
11 152 0.2
13 152 0.2
72 152 0.2
0 160 0.2
2 160 0.2
28 160 0.2
46 160 0.2
158 160 0.2
0 173 0.166667
2 173 0.166667
22 173 0.166667
55 173 0.166667
60 173 0.166667
175 173 0.166667
0 181 0.2
1 181 0.2
23 181 0.2
93 181 0.2
164 181 0.2
1 8 0.066667
2 8 0.066667
3 8 0.066667
5 8 0.066667
6 8 0.066667
9 8 0.066667
12 8 0.066667
31 8 0.066667
33 8 0.066667
45 8 0.066667
83 8 0.066667
159 8 0.066667
164 8 0.066667
174 8 0.066667
179 8 0.066667
1 15 0.030303
9 15 0.030303
10 15 0.030303
13 15 0.030303
14 15 0.030303
17 15 0.030303
23 15 0.030303
24 15 0.030303
25 15 0.030303
37 15 0.030303
39 15 0.030303
43 15 0.030303
44 15 0.030303
50 15 0.030303
56 15 0.030303
61 15 0.030303
63 15 0.030303
67 15 0.030303
69 15 0.030303
70 15 0.030303
76 15 0.030303
86 15 0.030303
89 15 0.030303
91 15 0.030303
99 15 0.030303
105 15 0.030303
108 15 0.030303
111 15 0.030303
112 15 0.030303
122 15 0.030303
163 15 0.030303
167 15 0.030303
180 15 0.030303
1 24 0.1
9 24 0.1
15 24 0.1
17 24 0.1
19 24 0.1
36 24 0.1
51 24 0.1
52 24 0.1
97 24 0.1
167 24 0.1
1 29 0.1
18 29 0.1
25 29 0.1
26 29 0.1
28 29 0.1
68 29 0.1
69 29 0.1
82 29 0.1
124 29 0.1
159 29 0.1
1 43 0.076923
15 43 0.076923
19 43 0.076923
26 43 0.076923
38 43 0.076923
57 43 0.076923
62 43 0.076923
63 43 0.076923
70 43 0.076923
119 43 0.076923
155 43 0.076923
169 43 0.076923
182 43 0.076923
1 45 0.111111
8 45 0.111111
10 45 0.111111
18 45 0.111111
20 45 0.111111
73 45 0.111111
98 45 0.111111
102 45 0.111111
132 45 0.111111
1 52 0.142857
4 52 0.142857
21 52 0.142857
24 52 0.142857
30 52 0.142857
151 52 0.142857
168 52 0.142857
1 55 0.071429
11 55 0.071429
20 55 0.071429
26 55 0.071429
33 55 0.071429
85 55 0.071429
106 55 0.071429
112 55 0.071429
114 55 0.071429
119 55 0.071429
137 55 0.071429
155 55 0.071429
168 55 0.071429
173 55 0.071429
1 57 0.125
2 57 0.125
11 57 0.125
43 57 0.125
54 57 0.125
89 57 0.125
153 57 0.125
171 57 0.125
1 60 0.071429
16 60 0.071429
33 60 0.071429
34 60 0.071429
39 60 0.071429
70 60 0.071429
75 60 0.071429
81 60 0.071429
90 60 0.071429
92 60 0.071429
106 60 0.071429
112 60 0.071429
122 60 0.071429
173 60 0.071429
1 69 0.166667
6 69 0.166667
13 69 0.166667
15 69 0.166667
29 69 0.166667
155 69 0.166667
1 73 0.111111
3 73 0.111111
10 73 0.111111
11 73 0.111111
45 73 0.111111
92 73 0.111111
97 73 0.111111
136 73 0.111111
168 73 0.111111
1 94 0.125
9 94 0.125
10 94 0.125
11 94 0.125
39 94 0.125
117 94 0.125
120 94 0.125
127 94 0.125
1 97 0.166667
16 97 0.166667
24 97 0.166667
49 97 0.166667
73 97 0.166667
171 97 0.166667
1 98 0.2
22 98 0.2
39 98 0.2
45 98 0.2
90 98 0.2
1 101 0.2
17 101 0.2
19 101 0.2
31 101 0.2
65 101 0.2
1 115 0.2
19 115 0.2
21 115 0.2
46 115 0.2
48 115 0.2
1 129 0.142857
18 129 0.142857
19 129 0.142857
76 129 0.142857
95 129 0.142857
151 129 0.142857
153 129 0.142857
1 134 0.166667
20 134 0.166667
39 134 0.166667
113 134 0.166667
131 134 0.166667
138 134 0.166667
1 145 0.2
5 145 0.2
12 145 0.2
38 145 0.2
108 145 0.2
1 178 0.2
13 178 0.2
31 178 0.2
99 178 0.2
138 178 0.2
2 11 0.043478
3 11 0.043478
7 11 0.043478
9 11 0.043478
10 11 0.043478
16 11 0.043478
17 11 0.043478
21 11 0.043478
23 11 0.043478
30 11 0.043478
40 11 0.043478
46 11 0.043478
55 11 0.043478
57 11 0.043478
73 11 0.043478
80 11 0.043478
87 11 0.043478
94 11 0.043478
95 11 0.043478
114 11 0.043478
147 11 0.043478
152 11 0.043478
172 11 0.043478
2 35 0.166667
10 35 0.166667
19 35 0.166667
25 35 0.166667
26 35 0.166667
93 35 0.166667
2 39 0.047619
6 39 0.047619
10 39 0.047619
15 39 0.047619
27 39 0.047619
40 39 0.047619
42 39 0.047619
50 39 0.047619
56 39 0.047619
60 39 0.047619
62 39 0.047619
78 39 0.047619
94 39 0.047619
98 39 0.047619
123 39 0.047619
134 39 0.047619
139 39 0.047619
142 39 0.047619
149 39 0.047619
165 39 0.047619
169 39 0.047619
2 51 0.125
6 51 0.125
14 51 0.125
19 51 0.125
24 51 0.125
65 51 0.125
74 51 0.125
162 51 0.125
2 53 0.142857
5 53 0.142857
17 53 0.142857
25 53 0.142857
49 53 0.142857
71 53 0.142857
147 53 0.142857
2 59 0.142857
4 59 0.142857
22 59 0.142857
42 59 0.142857
56 59 0.142857
65 59 0.142857
114 59 0.142857
2 75 0.111111
3 75 0.111111
16 75 0.111111
60 75 0.111111
72 75 0.111111
93 75 0.111111
100 75 0.111111
105 75 0.111111
118 75 0.111111
2 85 0.166667
34 85 0.166667
41 85 0.166667
55 85 0.166667
81 85 0.166667
112 85 0.166667
2 87 0.142857
3 87 0.142857
11 87 0.142857
12 87 0.142857
22 87 0.142857
96 87 0.142857
136 87 0.142857
2 89 0.166667
15 89 0.166667
57 89 0.166667
66 89 0.166667
77 89 0.166667
102 89 0.166667
2 109 0.111111
37 109 0.111111
46 109 0.111111
68 109 0.111111
80 109 0.111111
132 109 0.111111
142 109 0.111111
143 109 0.111111
149 109 0.111111
2 176 0.2
7 176 0.2
12 176 0.2
34 176 0.2
167 176 0.2
3 23 0.111111
5 23 0.111111
10 23 0.111111
11 23 0.111111
15 23 0.111111
76 23 0.111111
113 23 0.111111
114 23 0.111111
181 23 0.111111
3 26 0.058824
12 26 0.058824
16 26 0.058824
18 26 0.058824
20 26 0.058824
29 26 0.058824
30 26 0.058824
35 26 0.058824
36 26 0.058824
40 26 0.058824
43 26 0.058824
55 26 0.058824
58 26 0.058824
76 26 0.058824
79 26 0.058824
162 26 0.058824
167 26 0.058824
3 27 0.076923
9 27 0.076923
10 27 0.076923
13 27 0.076923
25 27 0.076923
39 27 0.076923
63 27 0.076923
82 27 0.076923
100 27 0.076923
123 27 0.076923
131 27 0.076923
168 27 0.076923
172 27 0.076923
3 31 0.090909
4 31 0.090909
6 31 0.090909
8 31 0.090909
10 31 0.090909
41 31 0.090909
76 31 0.090909
101 31 0.090909
139 31 0.090909
178 31 0.090909
182 31 0.090909
3 37 0.090909
4 37 0.090909
10 37 0.090909
15 37 0.090909
17 37 0.090909
61 37 0.090909
71 37 0.090909
72 37 0.090909
88 37 0.090909
109 37 0.090909
175 37 0.090909
3 47 0.090909
5 47 0.090909
19 47 0.090909
28 47 0.090909
46 47 0.090909
56 47 0.090909
99 47 0.090909
104 47 0.090909
124 47 0.090909
146 47 0.090909
147 47 0.090909
3 49 0.076923
6 49 0.076923
10 49 0.076923
17 49 0.076923
22 49 0.076923
53 49 0.076923
70 49 0.076923
97 49 0.076923
105 49 0.076923
108 49 0.076923
112 49 0.076923
148 49 0.076923
169 49 0.076923
3 64 0.166667
13 64 0.166667
18 64 0.166667
19 64 0.166667
62 64 0.166667
137 64 0.166667
3 77 0.090909
14 77 0.090909
33 77 0.090909
41 77 0.090909
50 77 0.090909
89 77 0.090909
107 77 0.090909
140 77 0.090909
144 77 0.090909
150 77 0.090909
154 77 0.090909
3 91 0.166667
15 91 0.166667
66 91 0.166667
68 91 0.166667
84 91 0.166667
143 91 0.166667
3 93 0.125
10 93 0.125
17 93 0.125
35 93 0.125
75 93 0.125
116 93 0.125
140 93 0.125
181 93 0.125
3 96 0.2
30 96 0.2
46 96 0.2
50 96 0.2
87 96 0.2
3 103 0.2
22 103 0.2
28 103 0.2
54 103 0.2
67 103 0.2
3 104 0.142857
4 104 0.142857
5 104 0.142857
17 104 0.142857
47 104 0.142857
117 104 0.142857
170 104 0.142857
3 106 0.166667
28 106 0.166667
55 106 0.166667
60 106 0.166667
79 106 0.166667
171 106 0.166667
3 113 0.166667
21 113 0.166667
23 113 0.166667
38 113 0.166667
83 113 0.166667
134 113 0.166667
3 131 0.166667
4 131 0.166667
18 131 0.166667
27 131 0.166667
46 131 0.166667
134 131 0.166667
3 132 0.2
45 132 0.2
61 132 0.2
109 132 0.2
127 132 0.2
3 135 0.166667
78 135 0.166667
84 135 0.166667
112 135 0.166667
123 135 0.166667
182 135 0.166667
3 143 0.2
7 143 0.2
91 143 0.2
109 143 0.2
125 143 0.2
3 161 0.2
18 161 0.2
46 161 0.2
67 161 0.2
144 161 0.2
3 166 0.2
18 166 0.2
46 166 0.2
95 166 0.2
140 166 0.2
4 30 0.0625
11 30 0.0625
14 30 0.0625
18 30 0.0625
26 30 0.0625
40 30 0.0625
52 30 0.0625
71 30 0.0625
74 30 0.0625
95 30 0.0625
96 30 0.0625
105 30 0.0625
117 30 0.0625
121 30 0.0625
123 30 0.0625
169 30 0.0625
4 119 0.142857
43 119 0.142857
55 119 0.142857
61 119 0.142857
82 119 0.142857
151 119 0.142857
171 119 0.142857
5 79 0.111111
6 79 0.111111
26 79 0.111111
38 79 0.111111
44 79 0.111111
84 79 0.111111
88 79 0.111111
106 79 0.111111
165 79 0.111111
5 141 0.2
9 141 0.2
13 141 0.2
20 141 0.2
99 141 0.2
5 177 0.2
16 177 0.2
71 177 0.2
82 177 0.2
120 177 0.2
5 179 0.2
7 179 0.2
8 179 0.2
9 179 0.2
114 179 0.2
6 42 0.142857
9 42 0.142857
13 42 0.142857
18 42 0.142857
39 42 0.142857
44 42 0.142857
59 42 0.142857
6 44 0.142857
10 44 0.142857
15 44 0.142857
20 44 0.142857
42 44 0.142857
48 44 0.142857
79 44 0.142857
6 78 0.125
39 78 0.125
63 78 0.125
70 78 0.125
71 78 0.125
90 78 0.125
135 78 0.125
159 78 0.125
6 99 0.111111
10 99 0.111111
15 99 0.111111
47 99 0.111111
54 99 0.111111
133 99 0.111111
141 99 0.111111
170 99 0.111111
178 99 0.111111
6 100 0.142857
9 100 0.142857
14 100 0.142857
27 100 0.142857
75 100 0.142857
142 100 0.142857
149 100 0.142857
6 138 0.142857
17 138 0.142857
36 138 0.142857
133 138 0.142857
134 138 0.142857
150 138 0.142857
178 138 0.142857
6 142 0.2
16 142 0.2
39 142 0.2
100 142 0.2
109 142 0.2
6 158 0.142857
9 158 0.142857
13 158 0.142857
58 158 0.142857
112 158 0.142857
160 158 0.142857
169 158 0.142857
6 163 0.2
12 163 0.2
15 163 0.2
18 163 0.2
81 163 0.2
6 164 0.166667
8 164 0.166667
9 164 0.166667
17 164 0.166667
144 164 0.166667
181 164 0.166667
7 120 0.166667
9 120 0.166667
54 120 0.166667
83 120 0.166667
94 120 0.166667
177 120 0.166667
7 126 0.166667
13 126 0.166667
32 126 0.166667
65 126 0.166667
116 126 0.166667
172 126 0.166667
7 154 0.166667
22 154 0.166667
33 154 0.166667
77 154 0.166667
127 154 0.166667
156 154 0.166667
7 157 0.2
25 157 0.2
66 157 0.2
76 157 0.2
95 157 0.2
8 83 0.111111
10 83 0.111111
18 83 0.111111
22 83 0.111111
33 83 0.111111
113 83 0.111111
120 83 0.111111
128 83 0.111111
165 83 0.111111
8 159 0.2
18 159 0.2
29 159 0.2
78 159 0.2
151 159 0.2
8 174 0.2
22 174 0.2
63 174 0.2
86 174 0.2
123 174 0.2
9 56 0.166667
15 56 0.166667
18 56 0.166667
39 56 0.166667
47 56 0.166667
59 56 0.166667
9 80 0.166667
11 80 0.166667
14 80 0.166667
17 80 0.166667
18 80 0.166667
109 80 0.166667
9 110 0.166667
10 110 0.166667
14 110 0.166667
21 110 0.166667
38 110 0.166667
133 110 0.166667
9 125 0.166667
12 125 0.166667
18 125 0.166667
46 125 0.166667
121 125 0.166667
143 125 0.166667
9 149 0.142857
39 149 0.142857
82 149 0.142857
100 149 0.142857
109 149 0.142857
153 149 0.142857
165 149 0.142857
10 32 0.142857
13 32 0.142857
17 32 0.142857
18 32 0.142857
22 32 0.142857
40 32 0.142857
126 32 0.142857
10 70 0.125
15 70 0.125
43 70 0.125
49 70 0.125
60 70 0.125
78 70 0.125
128 70 0.125
162 70 0.125
10 71 0.111111
16 71 0.111111
30 71 0.111111
37 71 0.111111
53 71 0.111111
78 71 0.111111
116 71 0.111111
177 71 0.111111
180 71 0.111111
10 81 0.111111
13 81 0.111111
18 81 0.111111
60 81 0.111111
67 81 0.111111
85 81 0.111111
127 81 0.111111
151 81 0.111111
163 81 0.111111
10 111 0.2
13 111 0.2
15 111 0.2
36 111 0.2
40 111 0.2
10 180 0.2
13 180 0.2
15 180 0.2
71 180 0.2
112 180 0.2
10 182 0.2
31 182 0.2
43 182 0.2
46 182 0.2
135 182 0.2
11 40 0.142857
26 40 0.142857
30 40 0.142857
32 40 0.142857
39 40 0.142857
41 40 0.142857
111 40 0.142857
11 95 0.111111
18 95 0.111111
30 95 0.111111
74 95 0.111111
84 95 0.111111
129 95 0.111111
144 95 0.111111
157 95 0.111111
166 95 0.111111
11 114 0.166667
23 114 0.166667
25 114 0.166667
55 114 0.166667
59 114 0.166667
179 114 0.166667
11 147 0.2
34 147 0.2
38 147 0.2
47 147 0.2
53 147 0.2
11 172 0.2
13 172 0.2
27 172 0.2
48 172 0.2
126 172 0.2
12 63 0.142857
15 63 0.142857
16 63 0.142857
27 63 0.142857
43 63 0.142857
78 63 0.142857
174 63 0.142857
12 90 0.166667
17 90 0.166667
19 90 0.166667
60 90 0.166667
78 90 0.166667
98 90 0.166667
12 92 0.2
60 92 0.2
61 92 0.2
66 92 0.2
73 92 0.2
12 136 0.2
61 136 0.2
73 136 0.2
87 136 0.2
124 136 0.2
12 137 0.2
18 137 0.2
55 137 0.2
64 137 0.2
105 137 0.2
13 65 0.111111
16 65 0.111111
51 65 0.111111
59 65 0.111111
62 65 0.111111
101 65 0.111111
118 65 0.111111
126 65 0.111111
150 65 0.111111
13 68 0.111111
16 68 0.111111
21 68 0.111111
29 68 0.111111
36 68 0.111111
91 68 0.111111
109 68 0.111111
122 68 0.111111
127 68 0.111111
13 86 0.111111
15 86 0.111111
20 86 0.111111
38 86 0.111111
84 86 0.111111
130 86 0.111111
151 86 0.111111
168 86 0.111111
174 86 0.111111
13 88 0.142857
17 88 0.142857
22 88 0.142857
37 88 0.142857
79 88 0.142857
118 88 0.142857
133 88 0.142857
13 170 0.2
84 170 0.2
99 170 0.2
104 170 0.2
123 170 0.2
14 36 0.111111
20 36 0.111111
22 36 0.111111
24 36 0.111111
26 36 0.111111
48 36 0.111111
68 36 0.111111
111 36 0.111111
138 36 0.111111
14 74 0.142857
17 74 0.142857
30 74 0.142857
51 74 0.142857
66 74 0.142857
95 74 0.142857
130 74 0.142857
14 108 0.166667
15 108 0.166667
19 108 0.166667
49 108 0.166667
66 108 0.166667
145 108 0.166667
15 76 0.125
16 76 0.125
23 76 0.125
26 76 0.125
31 76 0.125
129 76 0.125
140 76 0.125
157 76 0.125
15 105 0.111111
30 105 0.111111
49 105 0.111111
72 105 0.111111
75 105 0.111111
123 105 0.111111
130 105 0.111111
137 105 0.111111
162 105 0.111111
15 112 0.111111
49 112 0.111111
55 112 0.111111
60 112 0.111111
85 112 0.111111
135 112 0.111111
146 112 0.111111
158 112 0.111111
180 112 0.111111
15 167 0.166667
24 167 0.166667
26 167 0.166667
130 167 0.166667
146 167 0.166667
176 167 0.166667
16 121 0.142857
19 121 0.142857
20 121 0.142857
25 121 0.142857
30 121 0.142857
124 121 0.142857
125 121 0.142857
16 127 0.142857
38 127 0.142857
68 127 0.142857
81 127 0.142857
94 127 0.142857
132 127 0.142857
154 127 0.142857
16 146 0.166667
18 146 0.166667
47 146 0.166667
112 146 0.166667
128 146 0.166667
167 146 0.166667
17 155 0.2
34 155 0.2
43 155 0.2
55 155 0.2
69 155 0.2
18 116 0.142857
38 116 0.142857
71 116 0.142857
84 116 0.142857
93 116 0.142857
123 116 0.142857
126 116 0.142857
18 118 0.166667
25 118 0.166667
65 118 0.166667
75 118 0.166667
88 118 0.166667
150 118 0.166667
18 175 0.2
20 175 0.2
28 175 0.2
37 175 0.2
173 175 0.2
19 117 0.2
28 117 0.2
30 117 0.2
94 117 0.2
104 117 0.2
19 156 0.2
38 156 0.2
67 156 0.2
123 156 0.2
154 156 0.2
22 124 0.166667
29 124 0.166667
47 124 0.166667
66 124 0.166667
121 124 0.166667
136 124 0.166667
26 162 0.2
51 162 0.2
70 162 0.2
84 162 0.2
105 162 0.2
27 123 0.111111
30 123 0.111111
39 123 0.111111
105 123 0.111111
116 123 0.111111
135 123 0.111111
156 123 0.111111
170 123 0.111111
174 123 0.111111
27 168 0.2
52 168 0.2
55 168 0.2
73 168 0.2
86 168 0.2
30 169 0.2
39 169 0.2
43 169 0.2
49 169 0.2
158 169 0.2
33 150 0.2
65 150 0.2
77 150 0.2
118 150 0.2
138 150 0.2
39 165 0.2
79 165 0.2
83 165 0.2
130 165 0.2
149 165 0.2
50 153 0.2
57 153 0.2
129 153 0.2
149 153 0.2
151 153 0.2
52 151 0.142857
81 151 0.142857
86 151 0.142857
119 151 0.142857
129 151 0.142857
153 151 0.142857
159 151 0.142857
57 171 0.2
72 171 0.2
97 171 0.2
106 171 0.2
119 171 0.2
1 0 0.019608
2 0 0.019608
3 0 0.019608
4 0 0.019608
5 0 0.019608
6 0 0.019608
7 0 0.019608
9 0 0.019608
10 0 0.019608
12 0 0.019608
13 0 0.019608
14 0 0.019608
16 0 0.019608
17 0 0.019608
18 0 0.019608
19 0 0.019608
20 0 0.019608
21 0 0.019608
22 0 0.019608
25 0 0.019608
28 0 0.019608
33 0 0.019608
34 0 0.019608
38 0 0.019608
41 0 0.019608
46 0 0.019608
48 0 0.019608
50 0 0.019608
54 0 0.019608
58 0 0.019608
61 0 0.019608
62 0 0.019608
66 0 0.019608
67 0 0.019608
72 0 0.019608
82 0 0.019608
84 0 0.019608
102 0 0.019608
107 0 0.019608
122 0 0.019608
128 0 0.019608
130 0 0.019608
133 0 0.019608
139 0 0.019608
140 0 0.019608
144 0 0.019608
148 0 0.019608
152 0 0.019608
160 0 0.019608
173 0 0.019608
181 0 0.019608
