0 11 0.043478
5 11 0.043478
16 11 0.043478
18 11 0.043478
34 11 0.043478
44 11 0.043478
47 11 0.043478
52 11 0.043478
53 11 0.043478
60 11 0.043478
64 11 0.043478
65 11 0.043478
69 11 0.043478
70 11 0.043478
73 11 0.043478
92 11 0.043478
98 11 0.043478
102 11 0.043478
108 11 0.043478
117 11 0.043478
133 11 0.043478
137 11 0.043478
155 11 0.043478
0 15 0.028571
4 15 0.028571
8 15 0.028571
18 15 0.028571
26 15 0.028571
35 15 0.028571
39 15 0.028571
40 15 0.028571
48 15 0.028571
58 15 0.028571
60 15 0.028571
62 15 0.028571
63 15 0.028571
64 15 0.028571
75 15 0.028571
77 15 0.028571
84 15 0.028571
85 15 0.028571
86 15 0.028571
93 15 0.028571
103 15 0.028571
106 15 0.028571
108 15 0.028571
110 15 0.028571
122 15 0.028571
124 15 0.028571
125 15 0.028571
132 15 0.028571
134 15 0.028571
136 15 0.028571
137 15 0.028571
149 15 0.028571
150 15 0.028571
152 15 0.028571
156 15 0.028571
0 26 0.035714
6 26 0.035714
12 26 0.035714
14 26 0.035714
15 26 0.035714
24 26 0.035714
25 26 0.035714
28 26 0.035714
36 26 0.035714
40 26 0.035714
43 26 0.035714
47 26 0.035714
60 26 0.035714
80 26 0.035714
81 26 0.035714
83 26 0.035714
99 26 0.035714
101 26 0.035714
115 26 0.035714
116 26 0.035714
119 26 0.035714
125 26 0.035714
134 26 0.035714
135 26 0.035714
138 26 0.035714
146 26 0.035714
153 26 0.035714
163 26 0.035714
0 34 0.034483
1 34 0.034483
2 34 0.034483
6 34 0.034483
11 34 0.034483
23 34 0.034483
24 34 0.034483
25 34 0.034483
36 34 0.034483
40 34 0.034483
42 34 0.034483
45 34 0.034483
54 34 0.034483
56 34 0.034483
59 34 0.034483
60 34 0.034483
67 34 0.034483
75 34 0.034483
78 34 0.034483
79 34 0.034483
84 34 0.034483
86 34 0.034483
100 34 0.034483
101 34 0.034483
114 34 0.034483
133 34 0.034483
134 34 0.034483
136 34 0.034483
156 34 0.034483
0 36 0.028571
9 36 0.028571
13 36 0.028571
19 36 0.028571
21 36 0.028571
25 36 0.028571
26 36 0.028571
27 36 0.028571
32 36 0.028571
34 36 0.028571
37 36 0.028571
38 36 0.028571
43 36 0.028571
52 36 0.028571
58 36 0.028571
73 36 0.028571
75 36 0.028571
82 36 0.028571
84 36 0.028571
85 36 0.028571
86 36 0.028571
89 36 0.028571
92 36 0.028571
105 36 0.028571
109 36 0.028571
113 36 0.028571
124 36 0.028571
125 36 0.028571
129 36 0.028571
131 36 0.028571
134 36 0.028571
138 36 0.028571
143 36 0.028571
164 36 0.028571
166 36 0.028571
0 39 0.03125
2 39 0.03125
5 39 0.03125
15 39 0.03125
19 39 0.03125
23 39 0.03125
33 39 0.03125
40 39 0.03125
44 39 0.03125
48 39 0.03125
49 39 0.03125
50 39 0.03125
51 39 0.03125
68 39 0.03125
69 39 0.03125
79 39 0.03125
82 39 0.03125
92 39 0.03125
97 39 0.03125
99 39 0.03125
101 39 0.03125
103 39 0.03125
112 39 0.03125
117 39 0.03125
118 39 0.03125
119 39 0.03125
129 39 0.03125
143 39 0.03125
144 39 0.03125
145 39 0.03125
162 39 0.03125
166 39 0.03125
0 58 0.033333
1 58 0.033333
4 58 0.033333
15 58 0.033333
33 58 0.033333
35 58 0.033333
36 58 0.033333
40 58 0.033333
46 58 0.033333
50 58 0.033333
51 58 0.033333
62 58 0.033333
64 58 0.033333
80 58 0.033333
85 58 0.033333
89 58 0.033333
92 58 0.033333
93 58 0.033333
95 58 0.033333
96 58 0.033333
135 58 0.033333
136 58 0.033333
138 58 0.033333
139 58 0.033333
140 58 0.033333
146 58 0.033333
150 58 0.033333
153 58 0.033333
156 58 0.033333
157 58 0.033333
0 62 0.04
13 62 0.04
15 62 0.04
16 62 0.04
23 62 0.04
31 62 0.04
40 62 0.04
41 62 0.04
44 62 0.04
58 62 0.04
60 62 0.04
65 62 0.04
82 62 0.04
84 62 0.04
96 62 0.04
99 62 0.04
109 62 0.04
123 62 0.04
127 62 0.04
129 62 0.04
143 62 0.04
146 62 0.04
147 62 0.04
149 62 0.04
166 62 0.04
0 68 0.034483
4 68 0.034483
10 68 0.034483
18 68 0.034483
25 68 0.034483
29 68 0.034483
33 68 0.034483
39 68 0.034483
41 68 0.034483
42 68 0.034483
69 68 0.034483
72 68 0.034483
73 68 0.034483
77 68 0.034483
79 68 0.034483
82 68 0.034483
87 68 0.034483
102 68 0.034483
117 68 0.034483
126 68 0.034483
130 68 0.034483
132 68 0.034483
137 68 0.034483
138 68 0.034483
147 68 0.034483
153 68 0.034483
155 68 0.034483
162 68 0.034483
167 68 0.034483
0 92 0.041667
3 92 0.041667
10 92 0.041667
11 92 0.041667
14 92 0.041667
19 92 0.041667
28 92 0.041667
36 92 0.041667
39 92 0.041667
43 92 0.041667
47 92 0.041667
49 92 0.041667
52 92 0.041667
55 92 0.041667
57 92 0.041667
58 92 0.041667
59 92 0.041667
83 92 0.041667
87 92 0.041667
91 92 0.041667
108 92 0.041667
124 92 0.041667
138 92 0.041667
153 92 0.041667
0 98 0.04
6 98 0.04
11 98 0.04
24 98 0.04
27 98 0.04
29 98 0.04
42 98 0.04
51 98 0.04
52 98 0.04
56 98 0.04
73 98 0.04
76 98 0.04
80 98 0.04
86 98 0.04
87 98 0.04
93 98 0.04
99 98 0.04
107 98 0.04
110 98 0.04
126 98 0.04
136 98 0.04
138 98 0.04
144 98 0.04
160 98 0.04
166 98 0.04
0 123 0.047619
18 123 0.047619
40 123 0.047619
41 123 0.047619
45 123 0.047619
51 123 0.047619
60 123 0.047619
62 123 0.047619
65 123 0.047619
71 123 0.047619
90 123 0.047619
91 123 0.047619
105 123 0.047619
115 123 0.047619
124 123 0.047619
142 123 0.047619
145 123 0.047619
146 123 0.047619
152 123 0.047619
159 123 0.047619
167 123 0.047619
0 131 0.034483
1 131 0.034483
2 131 0.034483
3 131 0.034483
6 131 0.034483
14 131 0.034483
16 131 0.034483
36 131 0.034483
38 131 0.034483
40 131 0.034483
42 131 0.034483
46 131 0.034483
55 131 0.034483
60 131 0.034483
69 131 0.034483
83 131 0.034483
85 131 0.034483
88 131 0.034483
91 131 0.034483
95 131 0.034483
103 131 0.034483
106 131 0.034483
130 131 0.034483
141 131 0.034483
149 131 0.034483
150 131 0.034483
155 131 0.034483
162 131 0.034483
166 131 0.034483
0 142 0.037037
7 142 0.037037
12 142 0.037037
14 142 0.037037
17 142 0.037037
25 142 0.037037
32 142 0.037037
33 142 0.037037
42 142 0.037037
52 142 0.037037
70 142 0.037037
72 142 0.037037
78 142 0.037037
79 142 0.037037
80 142 0.037037
95 142 0.037037
97 142 0.037037
115 142 0.037037
123 142 0.037037
128 142 0.037037
129 142 0.037037
137 142 0.037037
139 142 0.037037
141 142 0.037037
144 142 0.037037
153 142 0.037037
154 142 0.037037
0 145 0.066667
33 145 0.066667
39 145 0.066667
40 145 0.066667
48 145 0.066667
82 145 0.066667
87 145 0.066667
95 145 0.066667
102 145 0.066667
123 145 0.066667
130 145 0.066667
139 145 0.066667
147 145 0.066667
159 145 0.066667
161 145 0.066667
0 162 0.037037
1 162 0.037037
3 162 0.037037
5 162 0.037037
10 162 0.037037
13 162 0.037037
18 162 0.037037
37 162 0.037037
39 162 0.037037
41 162 0.037037
48 162 0.037037
51 162 0.037037
55 162 0.037037
57 162 0.037037
65 162 0.037037
68 162 0.037037
76 162 0.037037
94 162 0.037037
102 162 0.037037
103 162 0.037037
104 162 0.037037
117 162 0.037037
131 162 0.037037
137 162 0.037037
146 162 0.037037
152 162 0.037037
166 162 0.037037
1 2 0.028571
12 2 0.028571
20 2 0.028571
23 2 0.028571
25 2 0.028571
28 2 0.028571
33 2 0.028571
34 2 0.028571
35 2 0.028571
37 2 0.028571
39 2 0.028571
45 2 0.028571
46 2 0.028571
49 2 0.028571
53 2 0.028571
54 2 0.028571
55 2 0.028571
70 2 0.028571
76 2 0.028571
77 2 0.028571
78 2 0.028571
88 2 0.028571
104 2 0.028571
106 2 0.028571
112 2 0.028571
120 2 0.028571
131 2 0.028571
133 2 0.028571
136 2 0.028571
137 2 0.028571
148 2 0.028571
155 2 0.028571
161 2 0.028571
163 2 0.028571
165 2 0.028571
1 12 0.04
2 12 0.04
6 12 0.04
18 12 0.04
25 12 0.04
26 12 0.04
29 12 0.04
40 12 0.04
43 12 0.04
46 12 0.04
57 12 0.04
60 12 0.04
74 12 0.04
77 12 0.04
89 12 0.04
96 12 0.04
101 12 0.04
111 12 0.04
117 12 0.04
127 12 0.04
129 12 0.04
142 12 0.04
153 12 0.04
155 12 0.04
166 12 0.04
1 25 0.035714
2 25 0.035714
7 25 0.035714
8 25 0.035714
12 25 0.035714
26 25 0.035714
34 25 0.035714
36 25 0.035714
44 25 0.035714
46 25 0.035714
54 25 0.035714
64 25 0.035714
68 25 0.035714
85 25 0.035714
87 25 0.035714
90 25 0.035714
91 25 0.035714
93 25 0.035714
111 25 0.035714
122 25 0.035714
129 25 0.035714
132 25 0.035714
142 25 0.035714
143 25 0.035714
144 25 0.035714
152 25 0.035714
159 25 0.035714
164 25 0.035714
1 27 0.052632
4 27 0.052632
7 27 0.052632
10 27 0.052632
33 27 0.052632
36 27 0.052632
40 27 0.052632
52 27 0.052632
54 27 0.052632
60 27 0.052632
76 27 0.052632
78 27 0.052632
86 27 0.052632
96 27 0.052632
98 27 0.052632
110 27 0.052632
134 27 0.052632
151 27 0.052632
165 27 0.052632
1 31 0.045455
8 31 0.045455
21 31 0.045455
23 31 0.045455
28 31 0.045455
29 31 0.045455
33 31 0.045455
35 31 0.045455
43 31 0.045455
48 31 0.045455
59 31 0.045455
62 31 0.045455
84 31 0.045455
90 31 0.045455
94 31 0.045455
113 31 0.045455
117 31 0.045455
129 31 0.045455
144 31 0.045455
147 31 0.045455
150 31 0.045455
156 31 0.045455
1 32 0.035714
4 32 0.035714
5 32 0.035714
29 32 0.035714
30 32 0.035714
36 32 0.035714
41 32 0.035714
55 32 0.035714
64 32 0.035714
74 32 0.035714
79 32 0.035714
87 32 0.035714
91 32 0.035714
96 32 0.035714
99 32 0.035714
101 32 0.035714
107 32 0.035714
110 32 0.035714
117 32 0.035714
126 32 0.035714
127 32 0.035714
132 32 0.035714
140 32 0.035714
141 32 0.035714
142 32 0.035714
143 32 0.035714
150 32 0.035714
167 32 0.035714
1 41 0.034483
13 41 0.034483
18 41 0.034483
24 41 0.034483
32 41 0.034483
40 41 0.034483
44 41 0.034483
45 41 0.034483
49 41 0.034483
52 41 0.034483
54 41 0.034483
62 41 0.034483
63 41 0.034483
68 41 0.034483
74 41 0.034483
84 41 0.034483
86 41 0.034483
93 41 0.034483
99 41 0.034483
101 41 0.034483
103 41 0.034483
104 41 0.034483
105 41 0.034483
108 41 0.034483
120 41 0.034483
123 41 0.034483
146 41 0.034483
162 41 0.034483
164 41 0.034483
1 48 0.029412
9 48 0.029412
15 48 0.029412
19 48 0.029412
24 48 0.029412
28 48 0.029412
31 48 0.029412
35 48 0.029412
39 48 0.029412
56 48 0.029412
61 48 0.029412
71 48 0.029412
73 48 0.029412
74 48 0.029412
79 48 0.029412
80 48 0.029412
94 48 0.029412
95 48 0.029412
97 48 0.029412
102 48 0.029412
111 48 0.029412
117 48 0.029412
120 48 0.029412
121 48 0.029412
122 48 0.029412
124 48 0.029412
134 48 0.029412
138 48 0.029412
143 48 0.029412
145 48 0.029412
150 48 0.029412
153 48 0.029412
156 48 0.029412
162 48 0.029412
1 51 0.038462
10 51 0.038462
24 51 0.038462
39 51 0.038462
58 51 0.038462
64 51 0.038462
65 51 0.038462
75 51 0.038462
77 51 0.038462
85 51 0.038462
89 51 0.038462
93 51 0.038462
98 51 0.038462
102 51 0.038462
105 51 0.038462
115 51 0.038462
119 51 0.038462
123 51 0.038462
128 51 0.038462
137 51 0.038462
143 51 0.038462
144 51 0.038462
148 51 0.038462
157 51 0.038462
160 51 0.038462
162 51 0.038462
1 65 0.037037
11 65 0.037037
18 65 0.037037
19 65 0.037037
20 65 0.037037
24 65 0.037037
51 65 0.037037
52 65 0.037037
56 65 0.037037
62 65 0.037037
71 65 0.037037
73 65 0.037037
74 65 0.037037
79 65 0.037037
87 65 0.037037
96 65 0.037037
100 65 0.037037
111 65 0.037037
112 65 0.037037
117 65 0.037037
119 65 0.037037
122 65 0.037037
123 65 0.037037
129 65 0.037037
155 65 0.037037
160 65 0.037037
162 65 0.037037
1 69 0.032258
4 69 0.032258
11 69 0.032258
20 69 0.032258
28 69 0.032258
37 69 0.032258
39 69 0.032258
40 69 0.032258
43 69 0.032258
45 69 0.032258
54 69 0.032258
59 69 0.032258
66 69 0.032258
68 69 0.032258
76 69 0.032258
77 69 0.032258
81 69 0.032258
88 69 0.032258
91 69 0.032258
93 69 0.032258
100 69 0.032258
103 69 0.032258
107 69 0.032258
108 69 0.032258
115 69 0.032258
116 69 0.032258
130 69 0.032258
131 69 0.032258
132 69 0.032258
135 69 0.032258
150 69 0.032258
1 74 0.037037
12 74 0.037037
22 74 0.037037
23 74 0.037037
32 74 0.037037
41 74 0.037037
45 74 0.037037
48 74 0.037037
54 74 0.037037
65 74 0.037037
66 74 0.037037
77 74 0.037037
80 74 0.037037
83 74 0.037037
100 74 0.037037
105 74 0.037037
107 74 0.037037
113 74 0.037037
115 74 0.037037
117 74 0.037037
119 74 0.037037
120 74 0.037037
129 74 0.037037
133 74 0.037037
137 74 0.037037
141 74 0.037037
146 74 0.037037
1 81 0.041667
5 81 0.041667
8 81 0.041667
26 81 0.041667
37 81 0.041667
53 81 0.041667
60 81 0.041667
63 81 0.041667
64 81 0.041667
69 81 0.041667
77 81 0.041667
84 81 0.041667
85 81 0.041667
90 81 0.041667
96 81 0.041667
100 81 0.041667
109 81 0.041667
115 81 0.041667
134 81 0.041667
149 81 0.041667
150 81 0.041667
154 81 0.041667
164 81 0.041667
165 81 0.041667
1 87 0.03125
3 87 0.03125
5 87 0.03125
10 87 0.03125
21 87 0.03125
25 87 0.03125
32 87 0.03125
55 87 0.03125
65 87 0.03125
68 87 0.03125
89 87 0.03125
92 87 0.03125
98 87 0.03125
107 87 0.03125
108 87 0.03125
109 87 0.03125
114 87 0.03125
115 87 0.03125
119 87 0.03125
120 87 0.03125
122 87 0.03125
126 87 0.03125
128 87 0.03125
132 87 0.03125
134 87 0.03125
138 87 0.03125
141 87 0.03125
143 87 0.03125
145 87 0.03125
146 87 0.03125
148 87 0.03125
166 87 0.03125
1 103 0.033333
4 103 0.033333
8 103 0.033333
15 103 0.033333
21 103 0.033333
39 103 0.033333
41 103 0.033333
45 103 0.033333
56 103 0.033333
57 103 0.033333
63 103 0.033333
64 103 0.033333
69 103 0.033333
75 103 0.033333
80 103 0.033333
94 103 0.033333
108 103 0.033333
110 103 0.033333
111 103 0.033333
113 103 0.033333
117 103 0.033333
130 103 0.033333
131 103 0.033333
132 103 0.033333
137 103 0.033333
141 103 0.033333
152 103 0.033333
153 103 0.033333
158 103 0.033333
162 103 0.033333
1 104 0.043478
2 104 0.043478
4 104 0.043478
13 104 0.043478
19 104 0.043478
33 104 0.043478
38 104 0.043478
41 104 0.043478
46 104 0.043478
47 104 0.043478
67 104 0.043478
75 104 0.043478
78 104 0.043478
97 104 0.043478
109 104 0.043478
117 104 0.043478
125 104 0.043478
127 104 0.043478
152 104 0.043478
156 104 0.043478
158 104 0.043478
162 104 0.043478
167 104 0.043478
1 114 0.045455
4 114 0.045455
14 114 0.045455
16 114 0.045455
34 114 0.045455
45 114 0.045455
49 114 0.045455
50 114 0.045455
59 114 0.045455
60 114 0.045455
76 114 0.045455
83 114 0.045455
87 114 0.045455
96 114 0.045455
109 114 0.045455
120 114 0.045455
124 114 0.045455
133 114 0.045455
140 114 0.045455
141 114 0.045455
154 114 0.045455
157 114 0.045455
1 116 0.052632
4 116 0.052632
26 116 0.052632
30 116 0.052632
42 116 0.052632
49 116 0.052632
50 116 0.052632
57 116 0.052632
61 116 0.052632
69 116 0.052632
77 116 0.052632
88 116 0.052632
91 116 0.052632
101 116 0.052632
110 116 0.052632
111 116 0.052632
128 116 0.052632
135 116 0.052632
153 116 0.052632
1 119 0.038462
6 119 0.038462
13 119 0.038462
22 119 0.038462
26 119 0.038462
28 119 0.038462
38 119 0.038462
39 119 0.038462
51 119 0.038462
55 119 0.038462
65 119 0.038462
67 119 0.038462
74 119 0.038462
87 119 0.038462
89 119 0.038462
90 119 0.038462
111 119 0.038462
113 119 0.038462
133 119 0.038462
136 119 0.038462
137 119 0.038462
140 119 0.038462
147 119 0.038462
153 119 0.038462
161 119 0.038462
165 119 0.038462
1 124 0.033333
9 124 0.033333
10 124 0.033333
15 124 0.033333
18 124 0.033333
19 124 0.033333
22 124 0.033333
33 124 0.033333
36 124 0.033333
43 124 0.033333
44 124 0.033333
48 124 0.033333
49 124 0.033333
50 124 0.033333
64 124 0.033333
71 124 0.033333
75 124 0.033333
82 124 0.033333
86 124 0.033333
92 124 0.033333
97 124 0.033333
105 124 0.033333
106 124 0.033333
114 124 0.033333
121 124 0.033333
123 124 0.033333
138 124 0.033333
140 124 0.033333
152 124 0.033333
154 124 0.033333
1 144 0.035714
24 144 0.035714
25 144 0.035714
31 144 0.035714
35 144 0.035714
38 144 0.035714
39 144 0.035714
51 144 0.035714
56 144 0.035714
66 144 0.035714
80 144 0.035714
98 144 0.035714
102 144 0.035714
107 144 0.035714
112 144 0.035714
118 144 0.035714
125 144 0.035714
129 144 0.035714
130 144 0.035714
134 144 0.035714
142 144 0.035714
146 144 0.035714
150 144 0.035714
152 144 0.035714
160 144 0.035714
161 144 0.035714
164 144 0.035714
166 144 0.035714
1 164 0.045455
5 164 0.045455
7 164 0.045455
14 164 0.045455
25 164 0.045455
36 164 0.045455
41 164 0.045455
42 164 0.045455
49 164 0.045455
52 164 0.045455
76 164 0.045455
81 164 0.045455
93 164 0.045455
96 164 0.045455
107 164 0.045455
118 164 0.045455
127 164 0.045455
134 164 0.045455
144 164 0.045455
148 164 0.045455
151 164 0.045455
166 164 0.045455
1 167 0.041667
3 167 0.041667
17 167 0.041667
30 167 0.041667
32 167 0.041667
35 167 0.041667
47 167 0.041667
59 167 0.041667
60 167 0.041667
68 167 0.041667
80 167 0.041667
82 167 0.041667
86 167 0.041667
96 167 0.041667
101 167 0.041667
104 167 0.041667
105 167 0.041667
123 167 0.041667
127 167 0.041667
134 167 0.041667
135 167 0.041667
151 167 0.041667
154 167 0.041667
157 167 0.041667
2 20 0.037037
8 20 0.037037
14 20 0.037037
17 20 0.037037
19 20 0.037037
37 20 0.037037
50 20 0.037037
52 20 0.037037
55 20 0.037037
65 20 0.037037
69 20 0.037037
75 20 0.037037
82 20 0.037037
85 20 0.037037
86 20 0.037037
90 20 0.037037
95 20 0.037037
105 20 0.037037
109 20 0.037037
112 20 0.037037
117 20 0.037037
118 20 0.037037
120 20 0.037037
128 20 0.037037
135 20 0.037037
136 20 0.037037
147 20 0.037037
2 23 0.037037
8 23 0.037037
22 23 0.037037
24 23 0.037037
31 23 0.037037
34 23 0.037037
39 23 0.037037
47 23 0.037037
49 23 0.037037
50 23 0.037037
62 23 0.037037
63 23 0.037037
66 23 0.037037
74 23 0.037037
77 23 0.037037
82 23 0.037037
86 23 0.037037
90 23 0.037037
94 23 0.037037
99 23 0.037037
126 23 0.037037
135 23 0.037037
146 23 0.037037
159 23 0.037037
160 23 0.037037
165 23 0.037037
166 23 0.037037
2 28 0.038462
4 28 0.038462
6 28 0.038462
7 28 0.038462
26 28 0.038462
31 28 0.038462
33 28 0.038462
40 28 0.038462
43 28 0.038462
48 28 0.038462
50 28 0.038462
52 28 0.038462
69 28 0.038462
70 28 0.038462
82 28 0.038462
83 28 0.038462
90 28 0.038462
92 28 0.038462
119 28 0.038462
128 28 0.038462
148 28 0.038462
149 28 0.038462
150 28 0.038462
151 28 0.038462
160 28 0.038462
161 28 0.038462
2 33 0.041667
3 33 0.041667
7 33 0.041667
17 33 0.041667
21 33 0.041667
27 33 0.041667
28 33 0.041667
31 33 0.041667
39 33 0.041667
43 33 0.041667
58 33 0.041667
68 33 0.041667
82 33 0.041667
83 33 0.041667
84 33 0.041667
95 33 0.041667
104 33 0.041667
105 33 0.041667
124 33 0.041667
136 33 0.041667
137 33 0.041667
142 33 0.041667
145 33 0.041667
161 33 0.041667
2 35 0.038462
8 35 0.038462
9 35 0.038462
15 35 0.038462
31 35 0.038462
46 35 0.038462
47 35 0.038462
48 35 0.038462
57 35 0.038462
58 35 0.038462
75 35 0.038462
76 35 0.038462
78 35 0.038462
88 35 0.038462
97 35 0.038462
112 35 0.038462
118 35 0.038462
122 35 0.038462
135 35 0.038462
138 35 0.038462
141 35 0.038462
144 35 0.038462
152 35 0.038462
156 35 0.038462
158 35 0.038462
167 35 0.038462
2 37 0.038462
20 37 0.038462
24 37 0.038462
36 37 0.038462
47 37 0.038462
54 37 0.038462
67 37 0.038462
69 37 0.038462
76 37 0.038462
81 37 0.038462
86 37 0.038462
100 37 0.038462
101 37 0.038462
113 37 0.038462
118 37 0.038462
125 37 0.038462
129 37 0.038462
132 37 0.038462
146 37 0.038462
148 37 0.038462
149 37 0.038462
151 37 0.038462
154 37 0.038462
161 37 0.038462
162 37 0.038462
163 37 0.038462
2 45 0.045455
21 45 0.045455
22 45 0.045455
34 45 0.045455
41 45 0.045455
46 45 0.045455
47 45 0.045455
49 45 0.045455
53 45 0.045455
56 45 0.045455
60 45 0.045455
69 45 0.045455
74 45 0.045455
75 45 0.045455
84 45 0.045455
91 45 0.045455
103 45 0.045455
105 45 0.045455
114 45 0.045455
123 45 0.045455
160 45 0.045455
166 45 0.045455
2 46 0.041667
12 46 0.041667
14 46 0.041667
16 46 0.041667
25 46 0.041667
29 46 0.041667
35 46 0.041667
45 46 0.041667
57 46 0.041667
58 46 0.041667
66 46 0.041667
67 46 0.041667
71 46 0.041667
104 46 0.041667
105 46 0.041667
108 46 0.041667
113 46 0.041667
125 46 0.041667
131 46 0.041667
138 46 0.041667
152 46 0.041667
154 46 0.041667
156 46 0.041667
160 46 0.041667
2 49 0.035714
17 49 0.035714
23 49 0.035714
39 49 0.035714
41 49 0.035714
42 49 0.035714
43 49 0.035714
45 49 0.035714
55 49 0.035714
61 49 0.035714
75 49 0.035714
76 49 0.035714
77 49 0.035714
92 49 0.035714
96 49 0.035714
99 49 0.035714
100 49 0.035714
114 49 0.035714
116 49 0.035714
117 49 0.035714
122 49 0.035714
124 49 0.035714
128 49 0.035714
134 49 0.035714
146 49 0.035714
148 49 0.035714
155 49 0.035714
164 49 0.035714
2 53 0.043478
11 53 0.043478
16 53 0.043478
22 53 0.043478
43 53 0.043478
44 53 0.043478
45 53 0.043478
59 53 0.043478
76 53 0.043478
79 53 0.043478
81 53 0.043478
89 53 0.043478
91 53 0.043478
105 53 0.043478
112 53 0.043478
113 53 0.043478
120 53 0.043478
133 53 0.043478
135 53 0.043478
139 53 0.043478
140 53 0.043478
149 53 0.043478
155 53 0.043478
2 54 0.034483
25 54 0.034483
27 54 0.034483
34 54 0.034483
37 54 0.034483
41 54 0.034483
50 54 0.034483
59 54 0.034483
69 54 0.034483
72 54 0.034483
73 54 0.034483
74 54 0.034483
75 54 0.034483
76 54 0.034483
82 54 0.034483
83 54 0.034483
91 54 0.034483
93 54 0.034483
96 54 0.034483
97 54 0.034483
107 54 0.034483
109 54 0.034483
110 54 0.034483
125 54 0.034483
132 54 0.034483
134 54 0.034483
152 54 0.034483
160 54 0.034483
163 54 0.034483
2 55 0.038462
4 55 0.038462
7 55 0.038462
20 55 0.038462
30 55 0.038462
32 55 0.038462
42 55 0.038462
49 55 0.038462
67 55 0.038462
87 55 0.038462
92 55 0.038462
119 55 0.038462
121 55 0.038462
125 55 0.038462
131 55 0.038462
139 55 0.038462
141 55 0.038462
143 55 0.038462
147 55 0.038462
151 55 0.038462
155 55 0.038462
156 55 0.038462
161 55 0.038462
162 55 0.038462
165 55 0.038462
166 55 0.038462
2 70 0.045455
11 70 0.045455
14 70 0.045455
22 70 0.045455
28 70 0.045455
29 70 0.045455
42 70 0.045455
72 70 0.045455
88 70 0.045455
91 70 0.045455
112 70 0.045455
117 70 0.045455
118 70 0.045455
127 70 0.045455
128 70 0.045455
133 70 0.045455
134 70 0.045455
135 70 0.045455
137 70 0.045455
138 70 0.045455
141 70 0.045455
142 70 0.045455
2 76 0.034483
19 76 0.034483
24 76 0.034483
27 76 0.034483
35 76 0.034483
37 76 0.034483
38 76 0.034483
40 76 0.034483
42 76 0.034483
49 76 0.034483
50 76 0.034483
53 76 0.034483
54 76 0.034483
64 76 0.034483
69 76 0.034483
71 76 0.034483
75 76 0.034483
86 76 0.034483
93 76 0.034483
95 76 0.034483
98 76 0.034483
101 76 0.034483
113 76 0.034483
114 76 0.034483
122 76 0.034483
126 76 0.034483
161 76 0.034483
162 76 0.034483
164 76 0.034483
2 77 0.03125
8 77 0.03125
12 77 0.03125
15 77 0.03125
18 77 0.03125
23 77 0.03125
29 77 0.03125
38 77 0.03125
47 77 0.03125
49 77 0.03125
51 77 0.03125
56 77 0.03125
67 77 0.03125
68 77 0.03125
69 77 0.03125
74 77 0.03125
78 77 0.03125
81 77 0.03125
96 77 0.03125
99 77 0.03125
113 77 0.03125
115 77 0.03125
116 77 0.03125
117 77 0.03125
122 77 0.03125
126 77 0.03125
127 77 0.03125
128 77 0.03125
129 77 0.03125
148 77 0.03125
156 77 0.03125
161 77 0.03125
2 78 0.037037
10 78 0.037037
22 78 0.037037
27 78 0.037037
34 78 0.037037
35 78 0.037037
40 78 0.037037
47 78 0.037037
72 78 0.037037
75 78 0.037037
77 78 0.037037
79 78 0.037037
84 78 0.037037
93 78 0.037037
101 78 0.037037
104 78 0.037037
106 78 0.037037
108 78 0.037037
112 78 0.037037
121 78 0.037037
133 78 0.037037
136 78 0.037037
138 78 0.037037
142 78 0.037037
147 78 0.037037
155 78 0.037037
159 78 0.037037
2 88 0.043478
8 88 0.043478
9 88 0.043478
30 88 0.043478
35 88 0.043478
38 88 0.043478
40 88 0.043478
47 88 0.043478
52 88 0.043478
66 88 0.043478
69 88 0.043478
70 88 0.043478
72 88 0.043478
99 88 0.043478
101 88 0.043478
116 88 0.043478
117 88 0.043478
120 88 0.043478
130 88 0.043478
131 88 0.043478
136 88 0.043478
137 88 0.043478
158 88 0.043478
2 106 0.04
5 106 0.04
8 106 0.04
14 106 0.04
15 106 0.04
47 106 0.04
52 106 0.04
64 106 0.04
67 106 0.04
78 106 0.04
79 106 0.04
85 106 0.04
97 106 0.04
107 106 0.04
110 106 0.04
113 106 0.04
115 106 0.04
117 106 0.04
122 106 0.04
124 106 0.04
131 106 0.04
140 106 0.04
146 106 0.04
148 106 0.04
160 106 0.04
2 112 0.034483
8 112 0.034483
10 112 0.034483
20 112 0.034483
35 112 0.034483
39 112 0.034483
47 112 0.034483
50 112 0.034483
52 112 0.034483
53 112 0.034483
61 112 0.034483
65 112 0.034483
66 112 0.034483
70 112 0.034483
71 112 0.034483
78 112 0.034483
79 112 0.034483
94 112 0.034483
97 112 0.034483
105 112 0.034483
109 112 0.034483
110 112 0.034483
121 112 0.034483
130 112 0.034483
135 112 0.034483
140 112 0.034483
143 112 0.034483
144 112 0.034483
146 112 0.034483
2 120 0.037037
9 120 0.037037
13 120 0.037037
19 120 0.037037
20 120 0.037037
41 120 0.037037
48 120 0.037037
53 120 0.037037
59 120 0.037037
67 120 0.037037
71 120 0.037037
73 120 0.037037
74 120 0.037037
80 120 0.037037
87 120 0.037037
88 120 0.037037
96 120 0.037037
105 120 0.037037
109 120 0.037037
114 120 0.037037
122 120 0.037037
127 120 0.037037
129 120 0.037037
140 120 0.037037
160 120 0.037037
161 120 0.037037
165 120 0.037037
2 133 0.047619
4 133 0.047619
11 133 0.047619
18 133 0.047619
22 133 0.047619
34 133 0.047619
47 133 0.047619
53 133 0.047619
66 133 0.047619
70 133 0.047619
74 133 0.047619
78 133 0.047619
90 133 0.047619
114 133 0.047619
115 133 0.047619
117 133 0.047619
119 133 0.047619
143 133 0.047619
151 133 0.047619
152 133 0.047619
158 133 0.047619
2 136 0.038462
14 136 0.038462
15 136 0.038462
20 136 0.038462
21 136 0.038462
22 136 0.038462
33 136 0.038462
34 136 0.038462
42 136 0.038462
56 136 0.038462
58 136 0.038462
59 136 0.038462
72 136 0.038462
78 136 0.038462
79 136 0.038462
83 136 0.038462
88 136 0.038462
98 136 0.038462
119 136 0.038462
121 136 0.038462
132 136 0.038462
135 136 0.038462
139 136 0.038462
140 136 0.038462
154 136 0.038462
160 136 0.038462
2 137 0.030303
3 137 0.030303
5 137 0.030303
6 137 0.030303
11 137 0.030303
15 137 0.030303
33 137 0.030303
47 137 0.030303
50 137 0.030303
51 137 0.030303
57 137 0.030303
68 137 0.030303
70 137 0.030303
74 137 0.030303
85 137 0.030303
86 137 0.030303
88 137 0.030303
94 137 0.030303
96 137 0.030303
103 137 0.030303
105 137 0.030303
111 137 0.030303
118 137 0.030303
119 137 0.030303
127 137 0.030303
135 137 0.030303
138 137 0.030303
139 137 0.030303
141 137 0.030303
142 137 0.030303
155 137 0.030303
158 137 0.030303
162 137 0.030303
2 148 0.043478
18 148 0.043478
21 148 0.043478
28 148 0.043478
37 148 0.043478
38 148 0.043478
44 148 0.043478
49 148 0.043478
51 148 0.043478
71 148 0.043478
73 148 0.043478
77 148 0.043478
87 148 0.043478
90 148 0.043478
91 148 0.043478
95 148 0.043478
96 148 0.043478
106 148 0.043478
126 148 0.043478
127 148 0.043478
135 148 0.043478
157 148 0.043478
164 148 0.043478
2 155 0.034483
5 155 0.034483
8 155 0.034483
11 155 0.034483
12 155 0.034483
14 155 0.034483
17 155 0.034483
38 155 0.034483
49 155 0.034483
53 155 0.034483
55 155 0.034483
56 155 0.034483
65 155 0.034483
66 155 0.034483
68 155 0.034483
78 155 0.034483
91 155 0.034483
95 155 0.034483
96 155 0.034483
97 155 0.034483
100 155 0.034483
105 155 0.034483
109 155 0.034483
130 155 0.034483
131 155 0.034483
137 155 0.034483
139 155 0.034483
140 155 0.034483
160 155 0.034483
2 161 0.045455
24 161 0.045455
28 161 0.045455
33 161 0.045455
37 161 0.045455
43 161 0.045455
55 161 0.045455
64 161 0.045455
76 161 0.045455
77 161 0.045455
85 161 0.045455
91 161 0.045455
94 161 0.045455
99 161 0.045455
101 161 0.045455
119 161 0.045455
120 161 0.045455
144 161 0.045455
145 161 0.045455
147 161 0.045455
158 161 0.045455
159 161 0.045455
2 163 0.052632
8 163 0.052632
26 163 0.052632
37 163 0.052632
47 163 0.052632
54 163 0.052632
56 163 0.052632
61 163 0.052632
71 163 0.052632
73 163 0.052632
99 163 0.052632
108 163 0.052632
110 163 0.052632
115 163 0.052632
126 163 0.052632
141 163 0.052632
149 163 0.052632
153 163 0.052632
165 163 0.052632
2 165 0.037037
14 165 0.037037
23 165 0.037037
24 165 0.037037
27 165 0.037037
42 165 0.037037
55 165 0.037037
60 165 0.037037
61 165 0.037037
64 165 0.037037
79 165 0.037037
81 165 0.037037
82 165 0.037037
91 165 0.037037
94 165 0.037037
95 165 0.037037
97 165 0.037037
111 165 0.037037
113 165 0.037037
119 165 0.037037
120 165 0.037037
122 165 0.037037
125 165 0.037037
147 165 0.037037
150 165 0.037037
157 165 0.037037
163 165 0.037037
3 16 0.066667
11 16 0.066667
13 16 0.066667
46 16 0.066667
53 16 0.066667
62 16 0.066667
89 16 0.066667
109 16 0.066667
114 16 0.066667
118 16 0.066667
122 16 0.066667
131 16 0.066667
154 16 0.066667
157 16 0.066667
158 16 0.066667
3 21 0.045455
17 21 0.045455
22 21 0.045455
30 21 0.045455
31 21 0.045455
33 21 0.045455
36 21 0.045455
42 21 0.045455
45 21 0.045455
66 21 0.045455
72 21 0.045455
85 21 0.045455
87 21 0.045455
89 21 0.045455
99 21 0.045455
103 21 0.045455
113 21 0.045455
135 21 0.045455
136 21 0.045455
141 21 0.045455
148 21 0.045455
156 21 0.045455
3 47 0.033333
11 47 0.033333
13 47 0.033333
19 47 0.033333
22 47 0.033333
23 47 0.033333
26 47 0.033333
35 47 0.033333
37 47 0.033333
42 47 0.033333
45 47 0.033333
59 47 0.033333
75 47 0.033333
77 47 0.033333
78 47 0.033333
88 47 0.033333
89 47 0.033333
91 47 0.033333
92 47 0.033333
101 47 0.033333
104 47 0.033333
106 47 0.033333
110 47 0.033333
112 47 0.033333
125 47 0.033333
133 47 0.033333
137 47 0.033333
140 47 0.033333
163 47 0.033333
167 47 0.033333
3 50 0.04
5 50 0.04
13 50 0.04
14 50 0.04
20 50 0.04
23 50 0.04
28 50 0.04
39 50 0.04
54 50 0.04
58 50 0.04
59 50 0.04
61 50 0.04
64 50 0.04
72 50 0.04
75 50 0.04
76 50 0.04
86 50 0.04
112 50 0.04
114 50 0.04
116 50 0.04
117 50 0.04
124 50 0.04
137 50 0.04
139 50 0.04
154 50 0.04
3 56 0.043478
34 56 0.043478
38 56 0.043478
45 56 0.043478
48 56 0.043478
65 56 0.043478
77 56 0.043478
80 56 0.043478
82 56 0.043478
84 56 0.043478
95 56 0.043478
96 56 0.043478
97 56 0.043478
98 56 0.043478
103 56 0.043478
105 56 0.043478
117 56 0.043478
118 56 0.043478
136 56 0.043478
143 56 0.043478
144 56 0.043478
155 56 0.043478
163 56 0.043478
3 59 0.047619
8 59 0.047619
30 59 0.047619
31 59 0.047619
34 59 0.047619
43 59 0.047619
47 59 0.047619
50 59 0.047619
53 59 0.047619
54 59 0.047619
69 59 0.047619
75 59 0.047619
90 59 0.047619
92 59 0.047619
95 59 0.047619
110 59 0.047619
114 59 0.047619
120 59 0.047619
136 59 0.047619
166 59 0.047619
167 59 0.047619
3 61 0.045455
4 61 0.045455
14 61 0.045455
48 61 0.045455
49 61 0.045455
50 61 0.045455
60 61 0.045455
63 61 0.045455
73 61 0.045455
101 61 0.045455
112 61 0.045455
116 61 0.045455
125 61 0.045455
127 61 0.045455
138 61 0.045455
140 61 0.045455
151 61 0.045455
152 61 0.045455
154 61 0.045455
160 61 0.045455
163 61 0.045455
165 61 0.045455
3 64 0.038462
11 64 0.038462
15 64 0.038462
25 64 0.038462
32 64 0.038462
50 64 0.038462
51 64 0.038462
57 64 0.038462
58 64 0.038462
66 64 0.038462
75 64 0.038462
76 64 0.038462
79 64 0.038462
81 64 0.038462
83 64 0.038462
86 64 0.038462
99 64 0.038462
103 64 0.038462
106 64 0.038462
107 64 0.038462
124 64 0.038462
129 64 0.038462
143 64 0.038462
158 64 0.038462
161 64 0.038462
165 64 0.038462
3 75 0.029412
8 75 0.029412
10 75 0.029412
15 75 0.029412
19 75 0.029412
20 75 0.029412
34 75 0.029412
35 75 0.029412
36 75 0.029412
43 75 0.029412
45 75 0.029412
47 75 0.029412
49 75 0.029412
50 75 0.029412
51 75 0.029412
54 75 0.029412
59 75 0.029412
63 75 0.029412
64 75 0.029412
67 75 0.029412
76 75 0.029412
78 75 0.029412
79 75 0.029412
91 75 0.029412
99 75 0.029412
103 75 0.029412
104 75 0.029412
109 75 0.029412
115 75 0.029412
124 75 0.029412
138 75 0.029412
149 75 0.029412
151 75 0.029412
166 75 0.029412
3 80 0.04
6 80 0.04
19 80 0.04
24 80 0.04
26 80 0.04
44 80 0.04
48 80 0.04
56 80 0.04
58 80 0.04
74 80 0.04
84 80 0.04
94 80 0.04
98 80 0.04
99 80 0.04
100 80 0.04
103 80 0.04
120 80 0.04
138 80 0.04
142 80 0.04
143 80 0.04
144 80 0.04
149 80 0.04
150 80 0.04
156 80 0.04
167 80 0.04
3 84 0.04
9 84 0.04
14 84 0.04
15 84 0.04
31 84 0.04
33 84 0.04
34 84 0.04
36 84 0.04
41 84 0.04
45 84 0.04
56 84 0.04
62 84 0.04
63 84 0.04
73 84 0.04
78 84 0.04
80 84 0.04
81 84 0.04
93 84 0.04
100 84 0.04
107 84 0.04
118 84 0.04
126 84 0.04
153 84 0.04
154 84 0.04
158 84 0.04
3 93 0.04
15 93 0.04
24 93 0.04
25 93 0.04
29 93 0.04
41 93 0.04
51 93 0.04
54 93 0.04
57 93 0.04
58 93 0.04
63 93 0.04
69 93 0.04
76 93 0.04
78 93 0.04
83 93 0.04
84 93 0.04
90 93 0.04
98 93 0.04
99 93 0.04
125 93 0.04
128 93 0.04
134 93 0.04
156 93 0.04
160 93 0.04
164 93 0.04
3 94 0.043478
5 94 0.043478
13 94 0.043478
23 94 0.043478
24 94 0.043478
31 94 0.043478
48 94 0.043478
71 94 0.043478
80 94 0.043478
85 94 0.043478
95 94 0.043478
103 94 0.043478
107 94 0.043478
112 94 0.043478
118 94 0.043478
121 94 0.043478
130 94 0.043478
137 94 0.043478
139 94 0.043478
161 94 0.043478
162 94 0.043478
165 94 0.043478
166 94 0.043478
3 100 0.04
4 100 0.04
5 100 0.04
8 100 0.04
24 100 0.04
34 100 0.04
37 100 0.04
42 100 0.04
49 100 0.04
65 100 0.04
69 100 0.04
72 100 0.04
74 100 0.04
79 100 0.04
80 100 0.04
81 100 0.04
84 100 0.04
86 100 0.04
97 100 0.04
111 100 0.04
121 100 0.04
129 100 0.04
139 100 0.04
147 100 0.04
155 100 0.04
3 102 0.043478
5 102 0.043478
6 102 0.043478
10 102 0.043478
11 102 0.043478
48 102 0.043478
51 102 0.043478
57 102 0.043478
68 102 0.043478
79 102 0.043478
82 102 0.043478
97 102 0.043478
101 102 0.043478
117 102 0.043478
121 102 0.043478
126 102 0.043478
130 102 0.043478
134 102 0.043478
139 102 0.043478
144 102 0.043478
145 102 0.043478
160 102 0.043478
162 102 0.043478
3 108 0.041667
7 108 0.041667
9 108 0.041667
11 108 0.041667
15 108 0.041667
17 108 0.041667
38 108 0.041667
41 108 0.041667
46 108 0.041667
69 108 0.041667
71 108 0.041667
78 108 0.041667
82 108 0.041667
87 108 0.041667
92 108 0.041667
103 108 0.041667
105 108 0.041667
111 108 0.041667
122 108 0.041667
132 108 0.041667
134 108 0.041667
156 108 0.041667
160 108 0.041667
163 108 0.041667
3 109 0.05
16 109 0.05
20 109 0.05
36 109 0.05
44 109 0.05
54 109 0.05
60 109 0.05
62 109 0.05
75 109 0.05
81 109 0.05
87 109 0.05
90 109 0.05
104 109 0.05
112 109 0.05
114 109 0.05
120 109 0.05
125 109 0.05
141 109 0.05
150 109 0.05
155 109 0.05
3 121 0.037037
5 121 0.037037
8 121 0.037037
14 121 0.037037
30 121 0.037037
40 121 0.037037
48 121 0.037037
55 121 0.037037
73 121 0.037037
78 121 0.037037
86 121 0.037037
94 121 0.037037
100 121 0.037037
101 121 0.037037
102 121 0.037037
110 121 0.037037
111 121 0.037037
112 121 0.037037
113 121 0.037037
115 121 0.037037
124 121 0.037037
129 121 0.037037
130 121 0.037037
136 121 0.037037
146 121 0.037037
150 121 0.037037
160 121 0.037037
3 127 0.043478
7 127 0.043478
9 127 0.043478
12 127 0.043478
18 127 0.043478
22 127 0.043478
32 127 0.043478
61 127 0.043478
62 127 0.043478
70 127 0.043478
71 127 0.043478
77 127 0.043478
96 127 0.043478
104 127 0.043478
120 127 0.043478
125 127 0.043478
128 127 0.043478
137 127 0.043478
148 127 0.043478
156 127 0.043478
158 127 0.043478
164 127 0.043478
167 127 0.043478
3 128 0.041667
4 128 0.041667
9 128 0.041667
14 128 0.041667
20 128 0.041667
28 128 0.041667
29 128 0.041667
42 128 0.041667
49 128 0.041667
51 128 0.041667
70 128 0.041667
77 128 0.041667
87 128 0.041667
93 128 0.041667
96 128 0.041667
105 128 0.041667
116 128 0.041667
126 128 0.041667
127 128 0.041667
139 128 0.041667
142 128 0.041667
146 128 0.041667
157 128 0.041667
158 128 0.041667
3 139 0.043478
43 139 0.043478
50 139 0.043478
53 139 0.043478
55 139 0.043478
58 139 0.043478
63 139 0.043478
67 139 0.043478
94 139 0.043478
95 139 0.043478
99 139 0.043478
100 139 0.043478
101 139 0.043478
102 139 0.043478
105 139 0.043478
111 139 0.043478
128 139 0.043478
136 139 0.043478
137 139 0.043478
142 139 0.043478
145 139 0.043478
155 139 0.043478
158 139 0.043478
3 140 0.043478
32 140 0.043478
38 140 0.043478
42 140 0.043478
47 140 0.043478
52 140 0.043478
53 140 0.043478
58 140 0.043478
61 140 0.043478
63 140 0.043478
91 140 0.043478
96 140 0.043478
99 140 0.043478
106 140 0.043478
112 140 0.043478
114 140 0.043478
119 140 0.043478
120 140 0.043478
124 140 0.043478
125 140 0.043478
136 140 0.043478
155 140 0.043478
157 140 0.043478
4 8 0.035714
9 8 0.035714
15 8 0.035714
20 8 0.035714
23 8 0.035714
25 8 0.035714
31 8 0.035714
35 8 0.035714
44 8 0.035714
59 8 0.035714
66 8 0.035714
73 8 0.035714
75 8 0.035714
77 8 0.035714
81 8 0.035714
88 8 0.035714
96 8 0.035714
100 8 0.035714
103 8 0.035714
106 8 0.035714
111 8 0.035714
112 8 0.035714
121 8 0.035714
122 8 0.035714
150 8 0.035714
155 8 0.035714
159 8 0.035714
163 8 0.035714
4 10 0.05
18 10 0.05
27 10 0.05
51 10 0.05
63 10 0.05
66 10 0.05
67 10 0.05
68 10 0.05
75 10 0.05
78 10 0.05
82 10 0.05
87 10 0.05
92 10 0.05
102 10 0.05
112 10 0.05
124 10 0.05
153 10 0.05
156 10 0.05
158 10 0.05
162 10 0.05
4 40 0.030303
9 40 0.030303
12 40 0.030303
14 40 0.030303
15 40 0.030303
17 40 0.030303
26 40 0.030303
27 40 0.030303
28 40 0.030303
29 40 0.030303
34 40 0.030303
39 40 0.030303
41 40 0.030303
42 40 0.030303
58 40 0.030303
62 40 0.030303
69 40 0.030303
72 40 0.030303
76 40 0.030303
78 40 0.030303
85 40 0.030303
88 40 0.030303
89 40 0.030303
95 40 0.030303
113 40 0.030303
118 40 0.030303
121 40 0.030303
123 40 0.030303
125 40 0.030303
129 40 0.030303
131 40 0.030303
145 40 0.030303
156 40 0.030303
4 57 0.041667
5 57 0.041667
12 57 0.041667
17 57 0.041667
35 57 0.041667
46 57 0.041667
60 57 0.041667
64 57 0.041667
67 57 0.041667
83 57 0.041667
92 57 0.041667
93 57 0.041667
101 57 0.041667
102 57 0.041667
103 57 0.041667
116 57 0.041667
117 57 0.041667
126 57 0.041667
130 57 0.041667
137 57 0.041667
143 57 0.041667
149 57 0.041667
157 57 0.041667
162 57 0.041667
4 107 0.052632
9 107 0.052632
32 107 0.052632
54 107 0.052632
64 107 0.052632
69 107 0.052632
74 107 0.052632
79 107 0.052632
84 107 0.052632
87 107 0.052632
89 107 0.052632
94 107 0.052632
98 107 0.052632
101 107 0.052632
106 107 0.052632
118 107 0.052632
144 107 0.052632
156 107 0.052632
164 107 0.052632
4 110 0.041667
15 110 0.041667
18 110 0.041667
27 110 0.041667
32 110 0.041667
47 110 0.041667
54 110 0.041667
59 110 0.041667
66 110 0.041667
83 110 0.041667
98 110 0.041667
103 110 0.041667
106 110 0.041667
112 110 0.041667
113 110 0.041667
116 110 0.041667
117 110 0.041667
121 110 0.041667
125 110 0.041667
130 110 0.041667
149 110 0.041667
159 110 0.041667
163 110 0.041667
166 110 0.041667
4 117 0.028571
9 117 0.028571
11 117 0.028571
12 117 0.028571
20 117 0.028571
30 117 0.028571
31 117 0.028571
32 117 0.028571
39 117 0.028571
44 117 0.028571
48 117 0.028571
49 117 0.028571
50 117 0.028571
56 117 0.028571
57 117 0.028571
65 117 0.028571
68 117 0.028571
70 117 0.028571
74 117 0.028571
77 117 0.028571
88 117 0.028571
89 117 0.028571
95 117 0.028571
97 117 0.028571
99 117 0.028571
102 117 0.028571
103 117 0.028571
104 117 0.028571
106 117 0.028571
110 117 0.028571
122 117 0.028571
133 117 0.028571
147 117 0.028571
156 117 0.028571
162 117 0.028571
4 130 0.038462
9 130 0.038462
14 130 0.038462
22 130 0.038462
30 130 0.038462
57 130 0.038462
68 130 0.038462
69 130 0.038462
83 130 0.038462
88 130 0.038462
89 130 0.038462
94 130 0.038462
95 130 0.038462
102 130 0.038462
103 130 0.038462
110 130 0.038462
112 130 0.038462
115 130 0.038462
118 130 0.038462
121 130 0.038462
131 130 0.038462
132 130 0.038462
144 130 0.038462
145 130 0.038462
149 130 0.038462
155 130 0.038462
4 135 0.04
20 135 0.04
21 135 0.04
22 135 0.04
23 135 0.04
26 135 0.04
35 135 0.04
52 135 0.04
53 135 0.04
58 135 0.04
63 135 0.04
66 135 0.04
69 135 0.04
70 135 0.04
71 135 0.04
91 135 0.04
96 135 0.04
112 135 0.04
116 135 0.04
136 135 0.04
137 135 0.04
138 135 0.04
148 135 0.04
152 135 0.04
167 135 0.04
4 138 0.032258
5 138 0.032258
22 138 0.032258
26 138 0.032258
35 138 0.032258
36 138 0.032258
42 138 0.032258
43 138 0.032258
46 138 0.032258
48 138 0.032258
58 138 0.032258
61 138 0.032258
68 138 0.032258
70 138 0.032258
75 138 0.032258
78 138 0.032258
80 138 0.032258
87 138 0.032258
92 138 0.032258
95 138 0.032258
98 138 0.032258
101 138 0.032258
122 138 0.032258
124 138 0.032258
126 138 0.032258
135 138 0.032258
137 138 0.032258
141 138 0.032258
149 138 0.032258
151 138 0.032258
152 138 0.032258
4 141 0.032258
5 141 0.032258
17 141 0.032258
21 141 0.032258
24 141 0.032258
30 141 0.032258
32 141 0.032258
35 141 0.032258
42 141 0.032258
52 141 0.032258
55 141 0.032258
66 141 0.032258
70 141 0.032258
74 141 0.032258
83 141 0.032258
87 141 0.032258
90 141 0.032258
99 141 0.032258
103 141 0.032258
105 141 0.032258
109 141 0.032258
114 141 0.032258
115 141 0.032258
131 141 0.032258
132 141 0.032258
137 141 0.032258
138 141 0.032258
142 141 0.032258
153 141 0.032258
163 141 0.032258
166 141 0.032258
4 149 0.041667
6 149 0.041667
15 149 0.041667
28 149 0.041667
37 149 0.041667
53 149 0.041667
57 149 0.041667
62 149 0.041667
72 149 0.041667
75 149 0.041667
79 149 0.041667
80 149 0.041667
81 149 0.041667
97 149 0.041667
101 149 0.041667
105 149 0.041667
110 149 0.041667
130 149 0.041667
131 149 0.041667
138 149 0.041667
156 149 0.041667
157 149 0.041667
158 149 0.041667
163 149 0.041667
4 160 0.035714
23 160 0.035714
28 160 0.035714
30 160 0.035714
45 160 0.035714
46 160 0.035714
51 160 0.035714
52 160 0.035714
54 160 0.035714
61 160 0.035714
65 160 0.035714
71 160 0.035714
79 160 0.035714
86 160 0.035714
93 160 0.035714
98 160 0.035714
99 160 0.035714
102 160 0.035714
106 160 0.035714
108 160 0.035714
113 160 0.035714
120 160 0.035714
121 160 0.035714
134 160 0.035714
136 160 0.035714
144 160 0.035714
153 160 0.035714
155 160 0.035714
5 9 0.034483
7 9 0.034483
8 9 0.034483
17 9 0.034483
19 9 0.034483
22 9 0.034483
35 9 0.034483
36 9 0.034483
40 9 0.034483
48 9 0.034483
84 9 0.034483
88 9 0.034483
96 9 0.034483
107 9 0.034483
108 9 0.034483
117 9 0.034483
120 9 0.034483
124 9 0.034483
125 9 0.034483
127 9 0.034483
128 9 0.034483
130 9 0.034483
132 9 0.034483
134 9 0.034483
143 9 0.034483
146 9 0.034483
147 9 0.034483
150 9 0.034483
153 9 0.034483
5 44 0.05
8 44 0.05
11 44 0.05
13 44 0.05
14 44 0.05
25 44 0.05
29 44 0.05
39 44 0.05
41 44 0.05
53 44 0.05
62 44 0.05
80 44 0.05
97 44 0.05
109 44 0.05
113 44 0.05
117 44 0.05
124 44 0.05
148 44 0.05
152 44 0.05
158 44 0.05
5 60 0.038462
11 60 0.038462
12 60 0.038462
15 60 0.038462
26 60 0.038462
27 60 0.038462
34 60 0.038462
45 60 0.038462
57 60 0.038462
61 60 0.038462
62 60 0.038462
63 60 0.038462
66 60 0.038462
67 60 0.038462
81 60 0.038462
82 60 0.038462
109 60 0.038462
114 60 0.038462
118 60 0.038462
123 60 0.038462
131 60 0.038462
134 60 0.038462
143 60 0.038462
152 60 0.038462
165 60 0.038462
167 60 0.038462
5 72 0.041667
21 72 0.041667
40 72 0.041667
42 72 0.041667
50 72 0.041667
54 72 0.041667
63 72 0.041667
66 72 0.041667
68 72 0.041667
70 72 0.041667
78 72 0.041667
83 72 0.041667
86 72 0.041667
88 72 0.041667
100 72 0.041667
113 72 0.041667
136 72 0.041667
142 72 0.041667
143 72 0.041667
147 72 0.041667
149 72 0.041667
152 72 0.041667
159 72 0.041667
166 72 0.041667
5 79 0.037037
14 79 0.037037
22 79 0.037037
32 79 0.037037
34 79 0.037037
38 79 0.037037
39 79 0.037037
48 79 0.037037
53 79 0.037037
64 79 0.037037
65 79 0.037037
67 79 0.037037
68 79 0.037037
75 79 0.037037
78 79 0.037037
83 79 0.037037
100 79 0.037037
102 79 0.037037
106 79 0.037037
107 79 0.037037
112 79 0.037037
136 79 0.037037
142 79 0.037037
149 79 0.037037
153 79 0.037037
160 79 0.037037
165 79 0.037037
5 89 0.05
12 89 0.05
16 89 0.05
21 89 0.05
22 89 0.05
36 89 0.05
40 89 0.05
43 89 0.05
47 89 0.05
51 89 0.05
53 89 0.05
58 89 0.05
87 89 0.05
107 89 0.05
117 89 0.05
119 89 0.05
122 89 0.05
130 89 0.05
143 89 0.05
146 89 0.05
5 101 0.034483
12 101 0.034483
26 101 0.034483
32 101 0.034483
34 101 0.034483
37 101 0.034483
39 101 0.034483
41 101 0.034483
43 101 0.034483
47 101 0.034483
57 101 0.034483
61 101 0.034483
76 101 0.034483
78 101 0.034483
86 101 0.034483
88 101 0.034483
95 101 0.034483
102 101 0.034483
107 101 0.034483
116 101 0.034483
121 101 0.034483
138 101 0.034483
139 101 0.034483
149 101 0.034483
151 101 0.034483
152 101 0.034483
159 101 0.034483
161 101 0.034483
167 101 0.034483
5 118 0.045455
16 118 0.045455
19 118 0.045455
20 118 0.045455
35 118 0.045455
37 118 0.045455
38 118 0.045455
39 118 0.045455
40 118 0.045455
56 118 0.045455
60 118 0.045455
70 118 0.045455
84 118 0.045455
94 118 0.045455
107 118 0.045455
115 118 0.045455
130 118 0.045455
137 118 0.045455
144 118 0.045455
153 118 0.045455
154 118 0.045455
164 118 0.045455
5 134 0.034483
6 134 0.034483
7 134 0.034483
9 134 0.034483
15 134 0.034483
19 134 0.034483
26 134 0.034483
27 134 0.034483
34 134 0.034483
36 134 0.034483
48 134 0.034483
49 134 0.034483
54 134 0.034483
60 134 0.034483
67 134 0.034483
70 134 0.034483
81 134 0.034483
87 134 0.034483
93 134 0.034483
102 134 0.034483
108 134 0.034483
132 134 0.034483
144 134 0.034483
150 134 0.034483
152 134 0.034483
160 134 0.034483
164 134 0.034483
166 134 0.034483
167 134 0.034483
5 151 0.058824
27 151 0.058824
28 151 0.058824
37 151 0.058824
55 151 0.058824
61 151 0.058824
63 151 0.058824
75 151 0.058824
86 151 0.058824
90 151 0.058824
101 151 0.058824
133 151 0.058824
138 151 0.058824
156 151 0.058824
159 151 0.058824
164 151 0.058824
167 151 0.058824
6 82 0.037037
10 82 0.037037
20 82 0.037037
23 82 0.037037
24 82 0.037037
28 82 0.037037
33 82 0.037037
36 82 0.037037
39 82 0.037037
42 82 0.037037
54 82 0.037037
56 82 0.037037
60 82 0.037037
62 82 0.037037
67 82 0.037037
68 82 0.037037
99 82 0.037037
102 82 0.037037
108 82 0.037037
111 82 0.037037
124 82 0.037037
145 82 0.037037
154 82 0.037037
157 82 0.037037
165 82 0.037037
166 82 0.037037
167 82 0.037037
6 99 0.028571
13 99 0.028571
19 99 0.028571
21 99 0.028571
23 99 0.028571
26 99 0.028571
29 99 0.028571
32 99 0.028571
39 99 0.028571
41 99 0.028571
49 99 0.028571
62 99 0.028571
64 99 0.028571
67 99 0.028571
75 99 0.028571
77 99 0.028571
80 99 0.028571
82 99 0.028571
83 99 0.028571
85 99 0.028571
88 99 0.028571
93 99 0.028571
96 99 0.028571
98 99 0.028571
117 99 0.028571
129 99 0.028571
139 99 0.028571
140 99 0.028571
141 99 0.028571
146 99 0.028571
152 99 0.028571
153 99 0.028571
160 99 0.028571
161 99 0.028571
163 99 0.028571
6 105 0.037037
7 105 0.037037
20 105 0.037037
33 105 0.037037
36 105 0.037037
41 105 0.037037
45 105 0.037037
46 105 0.037037
51 105 0.037037
53 105 0.037037
56 105 0.037037
66 105 0.037037
67 105 0.037037
74 105 0.037037
97 105 0.037037
108 105 0.037037
112 105 0.037037
120 105 0.037037
123 105 0.037037
124 105 0.037037
128 105 0.037037
137 105 0.037037
139 105 0.037037
141 105 0.037037
149 105 0.037037
155 105 0.037037
167 105 0.037037
6 129 0.035714
7 129 0.035714
12 129 0.035714
25 129 0.035714
31 129 0.035714
36 129 0.035714
37 129 0.035714
39 129 0.035714
40 129 0.035714
43 129 0.035714
62 129 0.035714
64 129 0.035714
65 129 0.035714
74 129 0.035714
77 129 0.035714
83 129 0.035714
86 129 0.035714
99 129 0.035714
100 129 0.035714
120 129 0.035714
121 129 0.035714
142 129 0.035714
144 129 0.035714
146 129 0.035714
152 129 0.035714
156 129 0.035714
158 129 0.035714
159 129 0.035714
6 152 0.034483
15 152 0.034483
18 152 0.034483
25 152 0.034483
35 152 0.034483
44 152 0.034483
46 152 0.034483
54 152 0.034483
60 152 0.034483
61 152 0.034483
72 152 0.034483
96 152 0.034483
99 152 0.034483
101 152 0.034483
103 152 0.034483
104 152 0.034483
113 152 0.034483
123 152 0.034483
124 152 0.034483
129 152 0.034483
133 152 0.034483
134 152 0.034483
135 152 0.034483
138 152 0.034483
144 152 0.034483
146 152 0.034483
153 152 0.034483
159 152 0.034483
162 152 0.034483
7 17 0.058824
9 17 0.058824
20 17 0.058824
21 17 0.058824
30 17 0.058824
33 17 0.058824
40 17 0.058824
49 17 0.058824
57 17 0.058824
90 17 0.058824
95 17 0.058824
97 17 0.058824
108 17 0.058824
141 17 0.058824
142 17 0.058824
155 17 0.058824
167 17 0.058824
7 22 0.04
9 22 0.04
21 22 0.04
23 22 0.04
29 22 0.04
45 22 0.04
47 22 0.04
53 22 0.04
66 22 0.04
70 22 0.04
74 22 0.04
78 22 0.04
79 22 0.04
89 22 0.04
115 22 0.04
119 22 0.04
124 22 0.04
126 22 0.04
127 22 0.04
130 22 0.04
133 22 0.04
135 22 0.04
136 22 0.04
138 22 0.04
156 22 0.04
7 71 0.043478
14 71 0.043478
46 71 0.043478
48 71 0.043478
63 71 0.043478
65 71 0.043478
76 71 0.043478
85 71 0.043478
90 71 0.043478
94 71 0.043478
108 71 0.043478
111 71 0.043478
112 71 0.043478
115 71 0.043478
120 71 0.043478
123 71 0.043478
124 71 0.043478
127 71 0.043478
135 71 0.043478
148 71 0.043478
158 71 0.043478
160 71 0.043478
163 71 0.043478
7 95 0.03125
14 95 0.03125
17 95 0.03125
20 95 0.03125
24 95 0.03125
33 95 0.03125
40 95 0.03125
43 95 0.03125
48 95 0.03125
52 95 0.03125
56 95 0.03125
58 95 0.03125
59 95 0.03125
76 95 0.03125
86 95 0.03125
94 95 0.03125
101 95 0.03125
111 95 0.03125
117 95 0.03125
122 95 0.03125
130 95 0.03125
131 95 0.03125
138 95 0.03125
139 95 0.03125
142 95 0.03125
143 95 0.03125
145 95 0.03125
148 95 0.03125
153 95 0.03125
155 95 0.03125
157 95 0.03125
165 95 0.03125
7 126 0.045455
22 126 0.045455
23 126 0.045455
32 126 0.045455
57 126 0.045455
68 126 0.045455
76 126 0.045455
77 126 0.045455
84 126 0.045455
87 126 0.045455
98 126 0.045455
102 126 0.045455
128 126 0.045455
132 126 0.045455
138 126 0.045455
146 126 0.045455
147 126 0.045455
148 126 0.045455
156 126 0.045455
158 126 0.045455
163 126 0.045455
166 126 0.045455
7 154 0.055556
16 154 0.055556
37 154 0.055556
46 154 0.055556
50 154 0.055556
61 154 0.055556
81 154 0.055556
82 154 0.055556
84 154 0.055556
114 154 0.055556
118 154 0.055556
124 154 0.055556
125 154 0.055556
136 154 0.055556
142 154 0.055556
147 154 0.055556
153 154 0.055556
167 154 0.055556
7 166 0.035714
12 166 0.035714
13 166 0.035714
23 166 0.035714
36 166 0.035714
39 166 0.035714
45 166 0.035714
55 166 0.035714
59 166 0.035714
62 166 0.035714
67 166 0.035714
72 166 0.035714
75 166 0.035714
82 166 0.035714
87 166 0.035714
94 166 0.035714
98 166 0.035714
110 166 0.035714
111 166 0.035714
115 166 0.035714
126 166 0.035714
131 166 0.035714
134 166 0.035714
141 166 0.035714
144 166 0.035714
159 166 0.035714
162 166 0.035714
164 166 0.035714
8 66 0.037037
10 66 0.037037
14 66 0.037037
21 66 0.037037
22 66 0.037037
23 66 0.037037
46 66 0.037037
60 66 0.037037
64 66 0.037037
69 66 0.037037
72 66 0.037037
74 66 0.037037
83 66 0.037037
86 66 0.037037
88 66 0.037037
105 66 0.037037
110 66 0.037037
111 66 0.037037
112 66 0.037037
133 66 0.037037
135 66 0.037037
141 66 0.037037
144 66 0.037037
146 66 0.037037
153 66 0.037037
155 66 0.037037
158 66 0.037037
8 73 0.052632
11 73 0.052632
30 73 0.052632
36 73 0.052632
48 73 0.052632
54 73 0.052632
61 73 0.052632
65 73 0.052632
68 73 0.052632
84 73 0.052632
90 73 0.052632
98 73 0.052632
115 73 0.052632
120 73 0.052632
121 73 0.052632
132 73 0.052632
148 73 0.052632
159 73 0.052632
163 73 0.052632
8 96 0.029412
9 96 0.029412
12 96 0.029412
18 96 0.029412
27 96 0.029412
29 96 0.029412
32 96 0.029412
42 96 0.029412
49 96 0.029412
54 96 0.029412
56 96 0.029412
58 96 0.029412
62 96 0.029412
63 96 0.029412
65 96 0.029412
77 96 0.029412
81 96 0.029412
85 96 0.029412
99 96 0.029412
113 96 0.029412
114 96 0.029412
120 96 0.029412
127 96 0.029412
128 96 0.029412
135 96 0.029412
137 96 0.029412
140 96 0.029412
147 96 0.029412
148 96 0.029412
152 96 0.029412
153 96 0.029412
155 96 0.029412
164 96 0.029412
167 96 0.029412
8 111 0.045455
12 111 0.045455
14 111 0.045455
18 111 0.045455
25 111 0.045455
38 111 0.045455
48 111 0.045455
65 111 0.045455
66 111 0.045455
71 111 0.045455
82 111 0.045455
95 111 0.045455
100 111 0.045455
103 111 0.045455
108 111 0.045455
116 111 0.045455
119 111 0.045455
121 111 0.045455
137 111 0.045455
139 111 0.045455
165 111 0.045455
166 111 0.045455
8 122 0.041667
15 122 0.041667
16 122 0.041667
25 122 0.041667
35 122 0.041667
43 122 0.041667
48 122 0.041667
49 122 0.041667
63 122 0.041667
65 122 0.041667
76 122 0.041667
77 122 0.041667
87 122 0.041667
89 122 0.041667
95 122 0.041667
106 122 0.041667
108 122 0.041667
113 122 0.041667
117 122 0.041667
120 122 0.041667
138 122 0.041667
150 122 0.041667
158 122 0.041667
165 122 0.041667
8 150 0.052632
9 150 0.052632
15 150 0.052632
28 150 0.052632
31 150 0.052632
32 150 0.052632
42 150 0.052632
48 150 0.052632
58 150 0.052632
69 150 0.052632
80 150 0.052632
81 150 0.052632
109 150 0.052632
121 150 0.052632
122 150 0.052632
131 150 0.052632
134 150 0.052632
144 150 0.052632
165 150 0.052632
8 159 0.058824
23 159 0.058824
25 159 0.058824
67 159 0.058824
72 159 0.058824
73 159 0.058824
78 159 0.058824
101 159 0.058824
110 159 0.058824
123 159 0.058824
129 159 0.058824
145 159 0.058824
151 159 0.058824
152 159 0.058824
156 159 0.058824
161 159 0.058824
166 159 0.058824
9 19 0.043478
13 19 0.043478
20 19 0.043478
36 19 0.043478
39 19 0.043478
47 19 0.043478
48 19 0.043478
65 19 0.043478
75 19 0.043478
76 19 0.043478
80 19 0.043478
85 19 0.043478
86 19 0.043478
92 19 0.043478
97 19 0.043478
99 19 0.043478
104 19 0.043478
113 19 0.043478
118 19 0.043478
120 19 0.043478
124 19 0.043478
134 19 0.043478
146 19 0.043478
9 125 0.041667
15 125 0.041667
26 125 0.041667
30 125 0.041667
36 125 0.041667
37 125 0.041667
38 125 0.041667
40 125 0.041667
46 125 0.041667
47 125 0.041667
54 125 0.041667
55 125 0.041667
61 125 0.041667
93 125 0.041667
104 125 0.041667
109 125 0.041667
110 125 0.041667
127 125 0.041667
140 125 0.041667
143 125 0.041667
144 125 0.041667
147 125 0.041667
154 125 0.041667
165 125 0.041667
9 132 0.041667
14 132 0.041667
15 132 0.041667
18 132 0.041667
25 132 0.041667
29 132 0.041667
30 132 0.041667
32 132 0.041667
37 132 0.041667
54 132 0.041667
68 132 0.041667
69 132 0.041667
73 132 0.041667
83 132 0.041667
87 132 0.041667
97 132 0.041667
103 132 0.041667
108 132 0.041667
126 132 0.041667
130 132 0.041667
134 132 0.041667
136 132 0.041667
141 132 0.041667
146 132 0.041667
9 143 0.04
24 143 0.04
25 143 0.04
29 143 0.04
32 143 0.04
36 143 0.04
39 143 0.04
43 143 0.04
48 143 0.04
51 143 0.04
55 143 0.04
56 143 0.04
57 143 0.04
60 143 0.04
62 143 0.04
64 143 0.04
72 143 0.04
80 143 0.04
87 143 0.04
89 143 0.04
91 143 0.04
95 143 0.04
112 143 0.04
125 143 0.04
133 143 0.04
9 146 0.03125
13 146 0.03125
19 146 0.03125
23 146 0.03125
26 146 0.03125
37 146 0.03125
41 146 0.03125
42 146 0.03125
49 146 0.03125
52 146 0.03125
58 146 0.03125
62 146 0.03125
66 146 0.03125
67 146 0.03125
74 146 0.03125
86 146 0.03125
87 146 0.03125
89 146 0.03125
99 146 0.03125
106 146 0.03125
112 146 0.03125
121 146 0.03125
123 146 0.03125
126 146 0.03125
128 146 0.03125
129 146 0.03125
132 146 0.03125
144 146 0.03125
152 146 0.03125
156 146 0.03125
158 146 0.03125
162 146 0.03125
9 147 0.043478
20 147 0.043478
31 147 0.043478
38 147 0.043478
55 147 0.043478
62 147 0.043478
68 147 0.043478
72 147 0.043478
78 147 0.043478
83 147 0.043478
96 147 0.043478
100 147 0.043478
115 147 0.043478
117 147 0.043478
119 147 0.043478
125 147 0.043478
126 147 0.043478
145 147 0.043478
153 147 0.043478
154 147 0.043478
158 147 0.043478
161 147 0.043478
165 147 0.043478
9 153 0.034483
10 153 0.034483
12 153 0.034483
18 153 0.034483
26 153 0.034483
29 153 0.034483
30 153 0.034483
43 153 0.034483
48 153 0.034483
58 153 0.034483
66 153 0.034483
68 153 0.034483
79 153 0.034483
84 153 0.034483
92 153 0.034483
95 153 0.034483
96 153 0.034483
99 153 0.034483
103 153 0.034483
116 153 0.034483
118 153 0.034483
119 153 0.034483
141 153 0.034483
142 153 0.034483
147 153 0.034483
152 153 0.034483
154 153 0.034483
160 153 0.034483
163 153 0.034483
10 18 0.043478
11 18 0.043478
12 18 0.043478
13 18 0.043478
15 18 0.043478
41 18 0.043478
52 18 0.043478
65 18 0.043478
68 18 0.043478
77 18 0.043478
96 18 0.043478
97 18 0.043478
110 18 0.043478
111 18 0.043478
123 18 0.043478
124 18 0.043478
127 18 0.043478
132 18 0.043478
133 18 0.043478
148 18 0.043478
152 18 0.043478
153 18 0.043478
162 18 0.043478
10 63 0.045455
15 63 0.045455
23 63 0.045455
41 63 0.045455
52 63 0.045455
60 63 0.045455
61 63 0.045455
71 63 0.045455
72 63 0.045455
75 63 0.045455
81 63 0.045455
84 63 0.045455
86 63 0.045455
91 63 0.045455
93 63 0.045455
96 63 0.045455
103 63 0.045455
122 63 0.045455
135 63 0.045455
139 63 0.045455
140 63 0.045455
151 63 0.045455
10 67 0.04
34 67 0.04
37 67 0.04
42 67 0.04
46 67 0.04
55 67 0.04
57 67 0.04
60 67 0.04
75 67 0.04
77 67 0.04
79 67 0.04
82 67 0.04
86 67 0.04
99 67 0.04
104 67 0.04
105 67 0.04
106 67 0.04
113 67 0.04
119 67 0.04
120 67 0.04
134 67 0.04
139 67 0.04
146 67 0.04
159 67 0.04
166 67 0.04
10 156 0.033333
15 156 0.033333
21 156 0.033333
22 156 0.033333
30 156 0.033333
31 156 0.033333
34 156 0.033333
35 156 0.033333
40 156 0.033333
46 156 0.033333
48 156 0.033333
55 156 0.033333
58 156 0.033333
77 156 0.033333
80 156 0.033333
83 156 0.033333
85 156 0.033333
91 156 0.033333
93 156 0.033333
104 156 0.033333
107 156 0.033333
108 156 0.033333
117 156 0.033333
126 156 0.033333
127 156 0.033333
129 156 0.033333
146 156 0.033333
149 156 0.033333
151 156 0.033333
159 156 0.033333
10 158 0.04
16 158 0.04
35 158 0.04
42 158 0.04
44 158 0.04
64 158 0.04
66 158 0.04
71 158 0.04
84 158 0.04
88 158 0.04
90 158 0.04
103 158 0.04
104 158 0.04
122 158 0.04
126 158 0.04
127 158 0.04
128 158 0.04
129 158 0.04
133 158 0.04
137 158 0.04
139 158 0.04
146 158 0.04
147 158 0.04
149 158 0.04
161 158 0.04
11 52 0.041667
18 52 0.041667
20 52 0.041667
27 52 0.041667
28 52 0.041667
36 52 0.041667
41 52 0.041667
42 52 0.041667
63 52 0.041667
65 52 0.041667
88 52 0.041667
92 52 0.041667
95 52 0.041667
98 52 0.041667
106 52 0.041667
112 52 0.041667
115 52 0.041667
135 52 0.041667
140 52 0.041667
141 52 0.041667
142 52 0.041667
146 52 0.041667
160 52 0.041667
164 52 0.041667
12 29 0.052632
14 29 0.052632
22 29 0.052632
31 29 0.052632
32 29 0.052632
40 29 0.052632
44 29 0.052632
46 29 0.052632
68 29 0.052632
70 29 0.052632
77 29 0.052632
93 29 0.052632
96 29 0.052632
98 29 0.052632
99 29 0.052632
128 29 0.052632
132 29 0.052632
143 29 0.052632
153 29 0.052632
12 43 0.041667
26 43 0.041667
28 43 0.041667
31 43 0.041667
33 43 0.041667
36 43 0.041667
49 43 0.041667
53 43 0.041667
59 43 0.041667
69 43 0.041667
75 43 0.041667
89 43 0.041667
91 43 0.041667
92 43 0.041667
95 43 0.041667
101 43 0.041667
122 43 0.041667
124 43 0.041667
129 43 0.041667
138 43 0.041667
139 43 0.041667
143 43 0.041667
153 43 0.041667
161 43 0.041667
13 14 0.030303
20 14 0.030303
26 14 0.030303
29 14 0.030303
40 14 0.030303
42 14 0.030303
44 14 0.030303
46 14 0.030303
50 14 0.030303
61 14 0.030303
66 14 0.030303
70 14 0.030303
71 14 0.030303
79 14 0.030303
84 14 0.030303
86 14 0.030303
92 14 0.030303
95 14 0.030303
97 14 0.030303
106 14 0.030303
111 14 0.030303
114 14 0.030303
115 14 0.030303
121 14 0.030303
128 14 0.030303
130 14 0.030303
131 14 0.030303
132 14 0.030303
136 14 0.030303
142 14 0.030303
155 14 0.030303
164 14 0.030303
165 14 0.030303
13 86 0.030303
14 86 0.030303
15 86 0.030303
19 86 0.030303
20 86 0.030303
23 86 0.030303
24 86 0.030303
27 86 0.030303
34 86 0.030303
36 86 0.030303
37 86 0.030303
38 86 0.030303
41 86 0.030303
50 86 0.030303
63 86 0.030303
64 86 0.030303
66 86 0.030303
67 86 0.030303
72 86 0.030303
76 86 0.030303
85 86 0.030303
95 86 0.030303
98 86 0.030303
100 86 0.030303
101 86 0.030303
121 86 0.030303
124 86 0.030303
129 86 0.030303
137 86 0.030303
146 86 0.030303
151 86 0.030303
160 86 0.030303
167 86 0.030303
13 115 0.037037
14 115 0.037037
22 115 0.037037
26 115 0.037037
42 115 0.037037
51 115 0.037037
52 115 0.037037
69 115 0.037037
71 115 0.037037
73 115 0.037037
74 115 0.037037
75 115 0.037037
77 115 0.037037
81 115 0.037037
87 115 0.037037
106 115 0.037037
113 115 0.037037
118 115 0.037037
121 115 0.037037
123 115 0.037037
130 115 0.037037
133 115 0.037037
141 115 0.037037
142 115 0.037037
147 115 0.037037
163 115 0.037037
166 115 0.037037
13 157 0.0625
16 157 0.0625
38 157 0.0625
51 157 0.0625
57 157 0.0625
58 157 0.0625
82 157 0.0625
95 157 0.0625
113 157 0.0625
114 157 0.0625
128 157 0.0625
140 157 0.0625
148 157 0.0625
149 157 0.0625
165 157 0.0625
167 157 0.0625
14 42 0.030303
21 42 0.030303
34 42 0.030303
40 42 0.030303
47 42 0.030303
49 42 0.030303
52 42 0.030303
55 42 0.030303
67 42 0.030303
68 42 0.030303
70 42 0.030303
72 42 0.030303
76 42 0.030303
82 42 0.030303
90 42 0.030303
96 42 0.030303
97 42 0.030303
98 42 0.030303
100 42 0.030303
115 42 0.030303
116 42 0.030303
128 42 0.030303
131 42 0.030303
136 42 0.030303
138 42 0.030303
140 42 0.030303
141 42 0.030303
142 42 0.030303
146 42 0.030303
150 42 0.030303
158 42 0.030303
164 42 0.030303
165 42 0.030303
14 97 0.041667
17 97 0.041667
18 97 0.041667
19 97 0.041667
35 97 0.041667
39 97 0.041667
42 97 0.041667
44 97 0.041667
48 97 0.041667
54 97 0.041667
56 97 0.041667
100 97 0.041667
102 97 0.041667
104 97 0.041667
105 97 0.041667
106 97 0.041667
112 97 0.041667
117 97 0.041667
124 97 0.041667
132 97 0.041667
142 97 0.041667
149 97 0.041667
155 97 0.041667
165 97 0.041667
15 85 0.05
19 85 0.05
20 85 0.05
21 85 0.05
25 85 0.05
36 85 0.05
40 85 0.05
51 85 0.05
58 85 0.05
71 85 0.05
81 85 0.05
86 85 0.05
94 85 0.05
96 85 0.05
99 85 0.05
106 85 0.05
131 85 0.05
137 85 0.05
156 85 0.05
161 85 0.05
17 30 0.055556
21 30 0.055556
32 30 0.055556
55 30 0.055556
59 30 0.055556
73 30 0.055556
88 30 0.055556
116 30 0.055556
117 30 0.055556
121 30 0.055556
125 30 0.055556
130 30 0.055556
132 30 0.055556
141 30 0.055556
153 30 0.055556
156 30 0.055556
160 30 0.055556
167 30 0.055556
17 90 0.047619
20 90 0.047619
23 90 0.047619
25 90 0.047619
28 90 0.047619
31 90 0.047619
38 90 0.047619
42 90 0.047619
59 90 0.047619
71 90 0.047619
73 90 0.047619
81 90 0.047619
93 90 0.047619
109 90 0.047619
119 90 0.047619
123 90 0.047619
133 90 0.047619
141 90 0.047619
148 90 0.047619
151 90 0.047619
158 90 0.047619
19 113 0.038462
21 113 0.038462
31 113 0.038462
36 113 0.038462
37 113 0.038462
40 113 0.038462
44 113 0.038462
46 113 0.038462
53 113 0.038462
67 113 0.038462
72 113 0.038462
74 113 0.038462
76 113 0.038462
77 113 0.038462
96 113 0.038462
103 113 0.038462
106 113 0.038462
110 113 0.038462
115 113 0.038462
119 113 0.038462
121 113 0.038462
122 113 0.038462
152 113 0.038462
157 113 0.038462
160 113 0.038462
165 113 0.038462
23 24 0.043478
26 24 0.043478
34 24 0.043478
37 24 0.043478
41 24 0.043478
48 24 0.043478
51 24 0.043478
65 24 0.043478
76 24 0.043478
80 24 0.043478
82 24 0.043478
83 24 0.043478
86 24 0.043478
93 24 0.043478
94 24 0.043478
95 24 0.043478
98 24 0.043478
100 24 0.043478
141 24 0.043478
143 24 0.043478
144 24 0.043478
161 24 0.043478
165 24 0.043478
24 83 0.04
26 83 0.04
28 83 0.04
33 83 0.04
54 83 0.04
57 83 0.04
64 83 0.04
66 83 0.04
72 83 0.04
74 83 0.04
79 83 0.04
91 83 0.04
92 83 0.04
93 83 0.04
99 83 0.04
110 83 0.04
114 83 0.04
129 83 0.04
130 83 0.04
131 83 0.04
132 83 0.04
136 83 0.04
141 83 0.04
147 83 0.04
156 83 0.04
25 91 0.04
32 91 0.04
38 91 0.04
43 91 0.04
45 91 0.04
47 91 0.04
53 91 0.04
54 91 0.04
63 91 0.04
69 91 0.04
70 91 0.04
75 91 0.04
83 91 0.04
92 91 0.04
116 91 0.04
123 91 0.04
131 91 0.04
135 91 0.04
140 91 0.04
143 91 0.04
148 91 0.04
155 91 0.04
156 91 0.04
161 91 0.04
165 91 0.04
36 38 0.045455
56 38 0.045455
76 38 0.045455
77 38 0.045455
79 38 0.045455
86 38 0.045455
88 38 0.045455
90 38 0.045455
91 38 0.045455
104 38 0.045455
108 38 0.045455
111 38 0.045455
118 38 0.045455
119 38 0.045455
125 38 0.045455
131 38 0.045455
140 38 0.045455
144 38 0.045455
147 38 0.045455
148 38 0.045455
155 38 0.045455
157 38 0.045455
11 0 0.0625
15 0 0.0625
26 0 0.0625
34 0 0.0625
36 0 0.0625
39 0 0.0625
58 0 0.0625
62 0 0.0625
68 0 0.0625
92 0 0.0625
98 0 0.0625
123 0 0.0625
131 0 0.0625
142 0 0.0625
145 0 0.0625
162 0 0.0625
2 1 0.037037
12 1 0.037037
25 1 0.037037
27 1 0.037037
31 1 0.037037
32 1 0.037037
34 1 0.037037
41 1 0.037037
48 1 0.037037
51 1 0.037037
58 1 0.037037
65 1 0.037037
69 1 0.037037
74 1 0.037037
81 1 0.037037
87 1 0.037037
103 1 0.037037
104 1 0.037037
114 1 0.037037
116 1 0.037037
119 1 0.037037
124 1 0.037037
131 1 0.037037
144 1 0.037037
162 1 0.037037
164 1 0.037037
167 1 0.037037
16 3 0.034483
21 3 0.034483
33 3 0.034483
47 3 0.034483
50 3 0.034483
56 3 0.034483
59 3 0.034483
61 3 0.034483
64 3 0.034483
75 3 0.034483
80 3 0.034483
84 3 0.034483
87 3 0.034483
92 3 0.034483
93 3 0.034483
94 3 0.034483
100 3 0.034483
102 3 0.034483
108 3 0.034483
109 3 0.034483
121 3 0.034483
127 3 0.034483
128 3 0.034483
131 3 0.034483
137 3 0.034483
139 3 0.034483
140 3 0.034483
162 3 0.034483
167 3 0.034483
8 4 0.034483
10 4 0.034483
15 4 0.034483
27 4 0.034483
28 4 0.034483
32 4 0.034483
40 4 0.034483
55 4 0.034483
57 4 0.034483
58 4 0.034483
61 4 0.034483
68 4 0.034483
69 4 0.034483
100 4 0.034483
103 4 0.034483
104 4 0.034483
107 4 0.034483
110 4 0.034483
114 4 0.034483
116 4 0.034483
117 4 0.034483
128 4 0.034483
130 4 0.034483
133 4 0.034483
135 4 0.034483
138 4 0.034483
141 4 0.034483
149 4 0.034483
160 4 0.034483
9 5 0.035714
11 5 0.035714
32 5 0.035714
39 5 0.035714
44 5 0.035714
50 5 0.035714
57 5 0.035714
60 5 0.035714
72 5 0.035714
79 5 0.035714
81 5 0.035714
87 5 0.035714
89 5 0.035714
94 5 0.035714
100 5 0.035714
101 5 0.035714
102 5 0.035714
106 5 0.035714
118 5 0.035714
121 5 0.035714
134 5 0.035714
137 5 0.035714
138 5 0.035714
141 5 0.035714
151 5 0.035714
155 5 0.035714
162 5 0.035714
164 5 0.035714
12 6 0.058824
26 6 0.058824
28 6 0.058824
34 6 0.058824
80 6 0.058824
82 6 0.058824
98 6 0.058824
99 6 0.058824
102 6 0.058824
105 6 0.058824
119 6 0.058824
129 6 0.058824
131 6 0.058824
134 6 0.058824
137 6 0.058824
149 6 0.058824
152 6 0.058824
9 7 0.05
17 7 0.05
22 7 0.05
25 7 0.05
27 7 0.05
28 7 0.05
33 7 0.05
55 7 0.05
71 7 0.05
95 7 0.05
105 7 0.05
108 7 0.05
126 7 0.05
127 7 0.05
129 7 0.05
134 7 0.05
142 7 0.05
154 7 0.05
164 7 0.05
166 7 0.05
14 13 0.047619
16 13 0.047619
18 13 0.047619
19 13 0.047619
36 13 0.047619
41 13 0.047619
44 13 0.047619
47 13 0.047619
50 13 0.047619
62 13 0.047619
86 13 0.047619
94 13 0.047619
99 13 0.047619
104 13 0.047619
115 13 0.047619
119 13 0.047619
120 13 0.047619
146 13 0.047619
157 13 0.047619
162 13 0.047619
166 13 0.047619
