0 18 0.058824
6 18 0.058824
10 18 0.058824
13 18 0.058824
14 18 0.058824
36 18 0.058824
39 18 0.058824
40 18 0.058824
41 18 0.058824
43 18 0.058824
48 18 0.058824
77 18 0.058824
78 18 0.058824
87 18 0.058824
90 18 0.058824
99 18 0.058824
104 18 0.058824
0 28 0.076923
7 28 0.076923
9 28 0.076923
24 28 0.076923
33 28 0.076923
62 28 0.076923
63 28 0.076923
79 28 0.076923
82 28 0.076923
85 28 0.076923
87 28 0.076923
89 28 0.076923
101 28 0.076923
0 30 0.058824
9 30 0.058824
12 30 0.058824
13 30 0.058824
26 30 0.058824
40 30 0.058824
58 30 0.058824
68 30 0.058824
71 30 0.058824
77 30 0.058824
79 30 0.058824
88 30 0.058824
93 30 0.058824
99 30 0.058824
100 30 0.058824
103 30 0.058824
107 30 0.058824
0 38 0.0625
16 38 0.0625
33 38 0.0625
47 38 0.0625
52 38 0.0625
59 38 0.0625
67 38 0.0625
71 38 0.0625
82 38 0.0625
84 38 0.0625
95 38 0.0625
96 38 0.0625
97 38 0.0625
101 38 0.0625
102 38 0.0625
106 38 0.0625
0 60 0.071429
1 60 0.071429
4 60 0.071429
6 60 0.071429
9 60 0.071429
26 60 0.071429
41 60 0.071429
59 60 0.071429
64 60 0.071429
82 60 0.071429
89 60 0.071429
102 60 0.071429
103 60 0.071429
108 60 0.071429
0 84 0.090909
6 84 0.090909
7 84 0.090909
11 84 0.090909
19 84 0.090909
38 84 0.090909
40 84 0.090909
58 84 0.090909
67 84 0.090909
72 84 0.090909
105 84 0.090909
0 96 0.090909
3 96 0.090909
4 96 0.090909
31 96 0.090909
38 96 0.090909
39 96 0.090909
40 96 0.090909
47 96 0.090909
61 96 0.090909
74 96 0.090909
104 96 0.090909
0 99 0.037037
7 99 0.037037
10 99 0.037037
15 99 0.037037
16 99 0.037037
18 99 0.037037
25 99 0.037037
30 99 0.037037
31 99 0.037037
35 99 0.037037
41 99 0.037037
44 99 0.037037
46 99 0.037037
48 99 0.037037
49 99 0.037037
51 99 0.037037
62 99 0.037037
63 99 0.037037
67 99 0.037037
69 99 0.037037
73 99 0.037037
80 99 0.037037
89 99 0.037037
90 99 0.037037
94 99 0.037037
100 99 0.037037
108 99 0.037037
0 106 0.058824
1 106 0.058824
14 106 0.058824
25 106 0.058824
38 106 0.058824
45 106 0.058824
50 106 0.058824
61 106 0.058824
66 106 0.058824
68 106 0.058824
70 106 0.058824
74 106 0.058824
80 106 0.058824
89 106 0.058824
90 106 0.058824
93 106 0.058824
103 106 0.058824
1 6 0.05
5 6 0.05
8 6 0.05
10 6 0.05
17 6 0.05
18 6 0.05
33 6 0.05
40 6 0.05
47 6 0.05
51 6 0.05
54 6 0.05
59 6 0.05
60 6 0.05
72 6 0.05
74 6 0.05
82 6 0.05
84 6 0.05
89 6 0.05
97 6 0.05
100 6 0.05
1 9 0.05
5 9 0.05
13 9 0.05
16 9 0.05
23 9 0.05
25 9 0.05
27 9 0.05
28 9 0.05
30 9 0.05
31 9 0.05
50 9 0.05
52 9 0.05
53 9 0.05
60 9 0.05
62 9 0.05
72 9 0.05
77 9 0.05
92 9 0.05
95 9 0.05
108 9 0.05
1 10 0.055556
6 10 0.055556
13 10 0.055556
14 10 0.055556
15 10 0.055556
18 10 0.055556
32 10 0.055556
35 10 0.055556
36 10 0.055556
45 10 0.055556
52 10 0.055556
68 10 0.055556
75 10 0.055556
81 10 0.055556
87 10 0.055556
99 10 0.055556
100 10 0.055556
105 10 0.055556
1 12 0.076923
3 12 0.076923
20 12 0.076923
25 12 0.076923
30 12 0.076923
35 12 0.076923
51 12 0.076923
53 12 0.076923
68 12 0.076923
69 12 0.076923
77 12 0.076923
101 12 0.076923
104 12 0.076923
1 13 0.041667
8 13 0.041667
9 13 0.041667
10 13 0.041667
11 13 0.041667
16 13 0.041667
17 13 0.041667
18 13 0.041667
30 13 0.041667
34 13 0.041667
35 13 0.041667
37 13 0.041667
40 13 0.041667
45 13 0.041667
55 13 0.041667
64 13 0.041667
66 13 0.041667
67 13 0.041667
71 13 0.041667
80 13 0.041667
89 13 0.041667
95 13 0.041667
102 13 0.041667
105 13 0.041667
1 40 0.05
2 40 0.05
3 40 0.05
5 40 0.05
6 40 0.05
7 40 0.05
13 40 0.05
15 40 0.05
18 40 0.05
21 40 0.05
30 40 0.05
37 40 0.05
47 40 0.05
53 40 0.05
58 40 0.05
69 40 0.05
73 40 0.05
84 40 0.05
91 40 0.05
96 40 0.05
1 44 0.066667
3 44 0.066667
14 44 0.066667
16 44 0.066667
17 44 0.066667
27 44 0.066667
34 44 0.066667
35 44 0.066667
36 44 0.066667
45 44 0.066667
62 44 0.066667
66 44 0.066667
83 44 0.066667
99 44 0.066667
108 44 0.066667
1 51 0.066667
5 51 0.066667
6 51 0.066667
8 51 0.066667
12 51 0.066667
15 51 0.066667
20 51 0.066667
22 51 0.066667
36 51 0.066667
48 51 0.066667
57 51 0.066667
83 51 0.066667
98 51 0.066667
99 51 0.066667
105 51 0.066667
1 63 0.090909
4 63 0.090909
11 63 0.090909
28 63 0.090909
37 63 0.090909
39 63 0.090909
46 63 0.090909
89 63 0.090909
91 63 0.090909
99 63 0.090909
105 63 0.090909
1 66 0.066667
2 66 0.066667
13 66 0.066667
24 66 0.066667
41 66 0.066667
44 66 0.066667
55 66 0.066667
56 66 0.066667
67 66 0.066667
70 66 0.066667
71 66 0.066667
91 66 0.066667
94 66 0.066667
106 66 0.066667
107 66 0.066667
1 67 0.058824
4 67 0.058824
13 67 0.058824
24 67 0.058824
35 67 0.058824
36 67 0.058824
38 67 0.058824
50 67 0.058824
58 67 0.058824
59 67 0.058824
66 67 0.058824
74 67 0.058824
75 67 0.058824
78 67 0.058824
84 67 0.058824
86 67 0.058824
99 67 0.058824
1 71 0.058824
8 71 0.058824
11 71 0.058824
13 71 0.058824
17 71 0.058824
24 71 0.058824
30 71 0.058824
38 71 0.058824
43 71 0.058824
52 71 0.058824
58 71 0.058824
66 71 0.058824
69 71 0.058824
72 71 0.058824
74 71 0.058824
93 71 0.058824
101 71 0.058824
1 80 0.066667
13 80 0.066667
16 80 0.066667
20 80 0.066667
21 80 0.066667
31 80 0.066667
34 80 0.066667
47 80 0.066667
50 80 0.066667
68 80 0.066667
91 80 0.066667
99 80 0.066667
100 80 0.066667
101 80 0.066667
106 80 0.066667
1 89 0.047619
2 89 0.047619
6 89 0.047619
7 89 0.047619
11 89 0.047619
13 89 0.047619
19 89 0.047619
21 89 0.047619
28 89 0.047619
29 89 0.047619
34 89 0.047619
36 89 0.047619
50 89 0.047619
55 89 0.047619
60 89 0.047619
63 89 0.047619
73 89 0.047619
94 89 0.047619
99 89 0.047619
105 89 0.047619
106 89 0.047619
1 97 0.090909
6 97 0.090909
14 97 0.090909
31 97 0.090909
33 97 0.090909
38 97 0.090909
55 97 0.090909
72 97 0.090909
79 97 0.090909
95 97 0.090909
107 97 0.090909
2 14 0.076923
3 14 0.076923
10 14 0.076923
11 14 0.076923
18 14 0.076923
27 14 0.076923
39 14 0.076923
44 14 0.076923
61 14 0.076923
74 14 0.076923
94 14 0.076923
97 14 0.076923
106 14 0.076923
2 15 0.058824
10 15 0.058824
35 15 0.058824
40 15 0.058824
45 15 0.058824
49 15 0.058824
51 15 0.058824
55 15 0.058824
56 15 0.058824
70 15 0.058824
76 15 0.058824
81 15 0.058824
85 15 0.058824
94 15 0.058824
99 15 0.058824
100 15 0.058824
104 15 0.058824
2 17 0.071429
6 17 0.071429
8 17 0.071429
13 17 0.071429
22 17 0.071429
31 17 0.071429
42 17 0.071429
43 17 0.071429
44 17 0.071429
65 17 0.071429
71 17 0.071429
74 17 0.071429
90 17 0.071429
94 17 0.071429
2 19 0.076923
22 19 0.076923
29 19 0.076923
41 19 0.076923
47 19 0.076923
49 19 0.076923
68 19 0.076923
72 19 0.076923
82 19 0.076923
83 19 0.076923
84 19 0.076923
89 19 0.076923
92 19 0.076923
2 21 0.071429
16 21 0.071429
33 21 0.071429
35 21 0.071429
40 21 0.071429
46 21 0.071429
53 21 0.071429
55 21 0.071429
69 21 0.071429
73 21 0.071429
78 21 0.071429
80 21 0.071429
89 21 0.071429
90 21 0.071429
2 26 0.083333
23 26 0.083333
25 26 0.083333
30 26 0.083333
37 26 0.083333
60 26 0.083333
76 26 0.083333
79 26 0.083333
81 26 0.083333
82 26 0.083333
95 26 0.083333
102 26 0.083333
2 36 0.083333
10 36 0.083333
16 36 0.083333
18 36 0.083333
20 36 0.083333
44 36 0.083333
51 36 0.083333
67 36 0.083333
68 36 0.083333
89 36 0.083333
94 36 0.083333
95 36 0.083333
2 49 0.066667
3 49 0.066667
15 49 0.066667
19 49 0.066667
27 49 0.066667
33 49 0.066667
43 49 0.066667
72 49 0.066667
83 49 0.066667
87 49 0.066667
90 49 0.066667
92 49 0.066667
99 49 0.066667
100 49 0.066667
104 49 0.066667
2 50 0.071429
8 50 0.071429
9 50 0.071429
29 50 0.071429
34 50 0.071429
53 50 0.071429
61 50 0.071429
67 50 0.071429
69 50 0.071429
72 50 0.071429
80 50 0.071429
82 50 0.071429
89 50 0.071429
106 50 0.071429
2 53 0.0625
9 53 0.0625
11 53 0.0625
12 53 0.0625
20 53 0.0625
21 53 0.0625
32 53 0.0625
39 53 0.0625
40 53 0.0625
43 53 0.0625
48 53 0.0625
50 53 0.0625
56 53 0.0625
65 53 0.0625
87 53 0.0625
101 53 0.0625
2 65 0.052632
5 65 0.052632
11 65 0.052632
17 65 0.052632
24 65 0.052632
27 65 0.052632
35 65 0.052632
39 65 0.052632
52 65 0.052632
53 65 0.052632
55 65 0.052632
64 65 0.052632
73 65 0.052632
75 65 0.052632
76 65 0.052632
79 65 0.052632
92 65 0.052632
104 65 0.052632
105 65 0.052632
2 72 0.052632
6 72 0.052632
9 72 0.052632
19 72 0.052632
34 72 0.052632
42 72 0.052632
45 72 0.052632
46 72 0.052632
49 72 0.052632
50 72 0.052632
55 72 0.052632
56 72 0.052632
71 72 0.052632
75 72 0.052632
78 72 0.052632
84 72 0.052632
95 72 0.052632
97 72 0.052632
103 72 0.052632
2 82 0.045455
6 82 0.045455
19 82 0.045455
22 82 0.045455
26 82 0.045455
28 82 0.045455
35 82 0.045455
37 82 0.045455
38 82 0.045455
46 82 0.045455
48 82 0.045455
50 82 0.045455
52 82 0.045455
54 82 0.045455
56 82 0.045455
57 82 0.045455
60 82 0.045455
68 82 0.045455
76 82 0.045455
78 82 0.045455
85 82 0.045455
92 82 0.045455
2 83 0.083333
19 83 0.083333
20 83 0.083333
43 83 0.083333
44 83 0.083333
46 83 0.083333
49 83 0.083333
51 83 0.083333
73 83 0.083333
88 83 0.083333
100 83 0.083333
101 83 0.083333
2 91 0.076923
7 91 0.076923
16 91 0.076923
23 91 0.076923
29 91 0.076923
40 91 0.076923
56 91 0.076923
63 91 0.076923
66 91 0.076923
80 91 0.076923
90 91 0.076923
92 91 0.076923
102 91 0.076923
2 101 0.071429
4 101 0.071429
11 101 0.071429
12 101 0.071429
24 101 0.071429
28 101 0.071429
38 101 0.071429
53 101 0.071429
57 101 0.071429
71 101 0.071429
73 101 0.071429
80 101 0.071429
83 101 0.071429
103 101 0.071429
3 7 0.058824
24 7 0.058824
25 7 0.058824
27 7 0.058824
28 7 0.058824
31 7 0.058824
34 7 0.058824
35 7 0.058824
40 7 0.058824
59 7 0.058824
77 7 0.058824
84 7 0.058824
87 7 0.058824
89 7 0.058824
91 7 0.058824
99 7 0.058824
100 7 0.058824
3 8 0.0625
6 8 0.0625
13 8 0.0625
17 8 0.0625
33 8 0.0625
34 8 0.0625
46 8 0.0625
50 8 0.0625
51 8 0.0625
58 8 0.0625
71 8 0.0625
81 8 0.0625
85 8 0.0625
88 8 0.0625
93 8 0.0625
95 8 0.0625
3 27 0.055556
7 27 0.055556
9 27 0.055556
14 27 0.055556
25 27 0.055556
29 27 0.055556
44 27 0.055556
49 27 0.055556
64 27 0.055556
65 27 0.055556
74 27 0.055556
76 27 0.055556
79 27 0.055556
86 27 0.055556
94 27 0.055556
102 27 0.055556
104 27 0.055556
107 27 0.055556
3 31 0.0625
7 31 0.0625
9 31 0.0625
17 31 0.0625
25 31 0.0625
41 31 0.0625
73 31 0.0625
80 31 0.0625
88 31 0.0625
90 31 0.0625
93 31 0.0625
95 31 0.0625
96 31 0.0625
97 31 0.0625
98 31 0.0625
99 31 0.0625
3 35 0.052632
7 35 0.052632
10 35 0.052632
12 35 0.052632
13 35 0.052632
15 35 0.052632
21 35 0.052632
25 35 0.052632
41 35 0.052632
44 35 0.052632
52 35 0.052632
55 35 0.052632
56 35 0.052632
65 35 0.052632
67 35 0.052632
78 35 0.052632
82 35 0.052632
98 35 0.052632
99 35 0.052632
3 39 0.0625
11 39 0.0625
14 39 0.0625
18 39 0.0625
20 39 0.0625
37 39 0.0625
53 39 0.0625
55 39 0.0625
63 39 0.0625
65 39 0.0625
76 39 0.0625
86 39 0.0625
90 39 0.0625
92 39 0.0625
96 39 0.0625
103 39 0.0625
3 43 0.058824
17 43 0.058824
18 43 0.058824
42 43 0.058824
45 43 0.058824
49 43 0.058824
53 43 0.058824
57 43 0.058824
69 43 0.058824
71 43 0.058824
75 43 0.058824
81 43 0.058824
83 43 0.058824
94 43 0.058824
102 43 0.058824
107 43 0.058824
108 43 0.058824
3 45 0.052632
5 45 0.052632
10 45 0.052632
13 45 0.052632
15 45 0.052632
34 45 0.052632
43 45 0.052632
44 45 0.052632
55 45 0.052632
57 45 0.052632
62 45 0.052632
69 45 0.052632
72 45 0.052632
79 45 0.052632
88 45 0.052632
93 45 0.052632
98 45 0.052632
105 45 0.052632
106 45 0.052632
3 48 0.066667
4 48 0.066667
5 48 0.066667
11 48 0.066667
18 48 0.066667
20 48 0.066667
51 48 0.066667
53 48 0.066667
76 48 0.066667
77 48 0.066667
82 48 0.066667
88 48 0.066667
99 48 0.066667
103 48 0.066667
108 48 0.066667
3 54 0.076923
6 54 0.076923
29 54 0.076923
46 54 0.076923
55 54 0.076923
59 54 0.076923
76 54 0.076923
79 54 0.076923
82 54 0.076923
88 54 0.076923
100 54 0.076923
105 54 0.076923
107 54 0.076923
3 58 0.111111
8 58 0.111111
22 58 0.111111
30 58 0.111111
40 58 0.111111
67 58 0.111111
71 58 0.111111
84 58 0.111111
107 58 0.111111
3 59 0.076923
6 59 0.076923
7 59 0.076923
25 59 0.076923
38 59 0.076923
42 59 0.076923
54 59 0.076923
60 59 0.076923
67 59 0.076923
74 59 0.076923
88 59 0.076923
92 59 0.076923
104 59 0.076923
3 61 0.083333
11 61 0.083333
14 61 0.083333
16 61 0.083333
41 61 0.083333
42 61 0.083333
50 61 0.083333
74 61 0.083333
79 61 0.083333
81 61 0.083333
96 61 0.083333
106 61 0.083333
3 73 0.071429
21 73 0.071429
31 73 0.071429
32 73 0.071429
40 73 0.071429
46 73 0.071429
47 73 0.071429
55 73 0.071429
65 73 0.071429
83 73 0.071429
89 73 0.071429
99 73 0.071429
101 73 0.071429
102 73 0.071429
3 98 0.047619
16 98 0.047619
23 98 0.047619
31 98 0.047619
34 98 0.047619
35 98 0.047619
41 98 0.047619
42 98 0.047619
45 98 0.047619
51 98 0.047619
52 98 0.047619
56 98 0.047619
68 98 0.047619
70 98 0.047619
81 98 0.047619
85 98 0.047619
87 98 0.047619
90 98 0.047619
103 98 0.047619
104 98 0.047619
108 98 0.047619
4 5 0.055556
6 5 0.055556
9 5 0.055556
24 5 0.055556
32 5 0.055556
40 5 0.055556
45 5 0.055556
47 5 0.055556
48 5 0.055556
51 5 0.055556
65 5 0.055556
69 5 0.055556
76 5 0.055556
78 5 0.055556
79 5 0.055556
85 5 0.055556
100 5 0.055556
103 5 0.055556
4 34 0.05
7 34 0.05
8 34 0.05
13 34 0.05
23 34 0.05
24 34 0.05
44 34 0.05
45 34 0.05
50 34 0.05
55 34 0.05
69 34 0.05
70 34 0.05
72 34 0.05
77 34 0.05
80 34 0.05
85 34 0.05
89 34 0.05
98 34 0.05
103 34 0.05
107 34 0.05
4 57 0.052632
16 57 0.052632
24 57 0.052632
37 57 0.052632
43 57 0.052632
45 57 0.052632
51 57 0.052632
55 57 0.052632
56 57 0.052632
64 57 0.052632
69 57 0.052632
76 57 0.052632
77 57 0.052632
79 57 0.052632
82 57 0.052632
92 57 0.052632
93 57 0.052632
94 57 0.052632
101 57 0.052632
4 79 0.047619
5 79 0.047619
22 79 0.047619
26 79 0.047619
27 79 0.047619
28 79 0.047619
29 79 0.047619
30 79 0.047619
41 79 0.047619
45 79 0.047619
54 79 0.047619
56 79 0.047619
57 79 0.047619
61 79 0.047619
64 79 0.047619
65 79 0.047619
77 79 0.047619
85 79 0.047619
87 79 0.047619
97 79 0.047619
103 79 0.047619
4 81 0.076923
8 81 0.076923
10 81 0.076923
15 81 0.076923
22 81 0.076923
26 81 0.076923
37 81 0.076923
43 81 0.076923
61 81 0.076923
68 81 0.076923
85 81 0.076923
98 81 0.076923
100 81 0.076923
4 100 0.058824
5 100 0.058824
6 100 0.058824
7 100 0.058824
10 100 0.058824
15 100 0.058824
29 100 0.058824
30 100 0.058824
32 100 0.058824
49 100 0.058824
54 100 0.058824
56 100 0.058824
80 100 0.058824
81 100 0.058824
83 100 0.058824
85 100 0.058824
99 100 0.058824
4 103 0.058824
5 103 0.058824
25 103 0.058824
30 103 0.058824
34 103 0.058824
39 103 0.058824
48 103 0.058824
60 103 0.058824
70 103 0.058824
72 103 0.058824
79 103 0.058824
93 103 0.058824
94 103 0.058824
98 103 0.058824
101 103 0.058824
106 103 0.058824
108 103 0.058824
5 24 0.071429
7 24 0.071429
28 24 0.071429
34 24 0.071429
37 24 0.071429
57 24 0.071429
65 24 0.071429
66 24 0.071429
67 24 0.071429
71 24 0.071429
76 24 0.071429
87 24 0.071429
95 24 0.071429
101 24 0.071429
5 32 0.090909
10 32 0.090909
25 32 0.090909
53 32 0.090909
55 32 0.090909
62 32 0.090909
73 32 0.090909
76 32 0.090909
78 32 0.090909
100 32 0.090909
102 32 0.090909
5 47 0.055556
6 47 0.055556
11 47 0.055556
19 47 0.055556
20 47 0.055556
38 47 0.055556
40 47 0.055556
55 47 0.055556
69 47 0.055556
70 47 0.055556
73 47 0.055556
76 47 0.055556
80 47 0.055556
92 47 0.055556
96 47 0.055556
104 47 0.055556
105 47 0.055556
108 47 0.055556
5 69 0.066667
12 69 0.066667
20 69 0.066667
21 69 0.066667
34 69 0.066667
40 69 0.066667
43 69 0.066667
45 69 0.066667
47 69 0.066667
50 69 0.066667
55 69 0.066667
57 69 0.066667
62 69 0.066667
71 69 0.066667
99 69 0.066667
5 76 0.058824
15 76 0.058824
23 76 0.058824
24 76 0.058824
26 76 0.058824
27 76 0.058824
32 76 0.058824
39 76 0.058824
47 76 0.058824
48 76 0.058824
54 76 0.058824
56 76 0.058824
57 76 0.058824
65 76 0.058824
82 76 0.058824
87 76 0.058824
105 76 0.058824
5 78 0.1
18 78 0.1
21 78 0.1
32 78 0.1
35 78 0.1
55 78 0.1
67 78 0.1
72 78 0.1
82 78 0.1
95 78 0.1
5 85 0.071429
8 85 0.071429
15 85 0.071429
16 85 0.071429
20 85 0.071429
28 85 0.071429
34 85 0.071429
55 85 0.071429
79 85 0.071429
81 85 0.071429
82 85 0.071429
90 85 0.071429
98 85 0.071429
100 85 0.071429
6 33 0.076923
8 33 0.076923
21 33 0.076923
23 33 0.076923
28 33 0.076923
38 33 0.076923
42 33 0.076923
49 33 0.076923
52 33 0.076923
64 33 0.076923
93 33 0.076923
97 33 0.076923
104 33 0.076923
6 74 0.090909
14 74 0.090909
17 74 0.090909
27 74 0.090909
59 74 0.090909
61 74 0.090909
67 74 0.090909
71 74 0.090909
94 74 0.090909
96 74 0.090909
106 74 0.090909
7 25 0.052632
9 25 0.052632
12 25 0.052632
26 25 0.052632
27 25 0.052632
31 25 0.052632
32 25 0.052632
35 25 0.052632
42 25 0.052632
55 25 0.052632
56 25 0.052632
59 25 0.052632
64 25 0.052632
75 25 0.052632
93 25 0.052632
99 25 0.052632
102 25 0.052632
103 25 0.052632
106 25 0.052632
7 77 0.083333
9 77 0.083333
12 77 0.083333
16 77 0.083333
18 77 0.083333
30 77 0.083333
34 77 0.083333
48 77 0.083333
57 77 0.083333
75 77 0.083333
79 77 0.083333
104 77 0.083333
7 87 0.071429
10 87 0.071429
11 87 0.071429
18 87 0.071429
20 87 0.071429
24 87 0.071429
28 87 0.071429
41 87 0.071429
49 87 0.071429
53 87 0.071429
68 87 0.071429
76 87 0.071429
79 87 0.071429
98 87 0.071429
8 46 0.083333
20 46 0.083333
21 46 0.083333
54 46 0.083333
63 46 0.083333
70 46 0.083333
72 46 0.083333
73 46 0.083333
82 46 0.083333
83 46 0.083333
99 46 0.083333
104 46 0.083333
8 88 0.066667
22 88 0.066667
29 88 0.066667
30 88 0.066667
31 88 0.066667
41 88 0.066667
45 88 0.066667
48 88 0.066667
52 88 0.066667
54 88 0.066667
56 88 0.066667
59 88 0.066667
83 88 0.066667
86 88 0.066667
90 88 0.066667
8 93 0.071429
16 93 0.071429
20 93 0.071429
25 93 0.071429
30 93 0.071429
31 93 0.071429
33 93 0.071429
45 93 0.071429
57 93 0.071429
71 93 0.071429
75 93 0.071429
86 93 0.071429
103 93 0.071429
106 93 0.071429
8 95 0.0625
9 95 0.0625
13 95 0.0625
23 95 0.0625
24 95 0.0625
26 95 0.0625
31 95 0.0625
36 95 0.0625
38 95 0.0625
55 95 0.0625
72 95 0.0625
78 95 0.0625
86 95 0.0625
92 95 0.0625
97 95 0.0625
107 95 0.0625
9 16 0.055556
13 16 0.055556
21 16 0.055556
36 16 0.055556
37 16 0.055556
38 16 0.055556
41 16 0.055556
44 16 0.055556
57 16 0.055556
61 16 0.055556
64 16 0.055556
77 16 0.055556
80 16 0.055556
85 16 0.055556
91 16 0.055556
93 16 0.055556
98 16 0.055556
99 16 0.055556
9 23 0.090909
20 23 0.090909
26 23 0.090909
33 23 0.090909
34 23 0.090909
56 23 0.090909
64 23 0.090909
76 23 0.090909
91 23 0.090909
95 23 0.090909
98 23 0.090909
9 52 0.071429
10 52 0.071429
20 52 0.071429
29 52 0.071429
33 52 0.071429
35 52 0.071429
38 52 0.071429
64 52 0.071429
65 52 0.071429
71 52 0.071429
75 52 0.071429
82 52 0.071429
88 52 0.071429
98 52 0.071429
9 62 0.1
28 62 0.1
32 62 0.1
41 62 0.1
44 62 0.1
45 62 0.1
69 62 0.1
86 62 0.1
99 62 0.1
102 62 0.1
9 92 0.055556
11 92 0.055556
19 92 0.055556
39 92 0.055556
47 92 0.055556
49 92 0.055556
55 92 0.055556
57 92 0.055556
59 92 0.055556
64 92 0.055556
65 92 0.055556
70 92 0.055556
82 92 0.055556
91 92 0.055556
95 92 0.055556
102 92 0.055556
104 92 0.055556
105 92 0.055556
9 108 0.1
43 108 0.1
44 108 0.1
47 108 0.1
48 108 0.1
60 108 0.1
64 108 0.1
98 108 0.1
99 108 0.1
103 108 0.1
10 68 0.076923
12 68 0.076923
19 68 0.076923
30 68 0.076923
36 68 0.076923
55 68 0.076923
80 68 0.076923
81 68 0.076923
82 68 0.076923
86 68 0.076923
87 68 0.076923
98 68 0.076923
106 68 0.076923
10 75 0.076923
25 75 0.076923
41 75 0.076923
42 75 0.076923
43 75 0.076923
52 75 0.076923
55 75 0.076923
65 75 0.076923
67 75 0.076923
72 75 0.076923
77 75 0.076923
93 75 0.076923
105 75 0.076923
10 105 0.0625
13 105 0.0625
29 105 0.0625
37 105 0.0625
45 105 0.0625
47 105 0.0625
51 105 0.0625
54 105 0.0625
63 105 0.0625
65 105 0.0625
75 105 0.0625
76 105 0.0625
84 105 0.0625
89 105 0.0625
92 105 0.0625
94 105 0.0625
11 42 0.1
17 42 0.1
25 42 0.1
33 42 0.1
43 42 0.1
59 42 0.1
61 42 0.1
72 42 0.1
75 42 0.1
98 42 0.1
11 55 0.033333
13 55 0.033333
15 55 0.033333
21 55 0.033333
25 55 0.033333
32 55 0.033333
34 55 0.033333
35 55 0.033333
39 55 0.033333
41 55 0.033333
45 55 0.033333
47 55 0.033333
54 55 0.033333
57 55 0.033333
65 55 0.033333
66 55 0.033333
68 55 0.033333
69 55 0.033333
72 55 0.033333
73 55 0.033333
75 55 0.033333
78 55 0.033333
85 55 0.033333
89 55 0.033333
90 55 0.033333
92 55 0.033333
95 55 0.033333
97 55 0.033333
102 55 0.033333
107 55 0.033333
11 104 0.058824
12 104 0.058824
15 104 0.058824
18 104 0.058824
27 104 0.058824
33 104 0.058824
41 104 0.058824
46 104 0.058824
47 104 0.058824
49 104 0.058824
59 104 0.058824
65 104 0.058824
77 104 0.058824
92 104 0.058824
94 104 0.058824
96 104 0.058824
98 104 0.058824
12 20 0.052632
23 20 0.052632
29 20 0.052632
36 20 0.052632
39 20 0.052632
46 20 0.052632
47 20 0.052632
48 20 0.052632
51 20 0.052632
52 20 0.052632
53 20 0.052632
69 20 0.052632
80 20 0.052632
83 20 0.052632
85 20 0.052632
86 20 0.052632
87 20 0.052632
93 20 0.052632
94 20 0.052632
13 37 0.076923
16 37 0.076923
24 37 0.076923
26 37 0.076923
39 37 0.076923
40 37 0.076923
57 37 0.076923
63 37 0.076923
81 37 0.076923
82 37 0.076923
102 37 0.076923
105 37 0.076923
107 37 0.076923
13 64 0.071429
16 64 0.071429
23 64 0.071429
25 64 0.071429
27 64 0.071429
33 64 0.071429
52 64 0.071429
57 64 0.071429
60 64 0.071429
65 64 0.071429
79 64 0.071429
92 64 0.071429
107 64 0.071429
108 64 0.071429
13 102 0.0625
22 102 0.0625
25 102 0.0625
26 102 0.0625
27 102 0.0625
32 102 0.0625
37 102 0.0625
38 102 0.0625
43 102 0.0625
55 102 0.0625
60 102 0.0625
62 102 0.0625
70 102 0.0625
73 102 0.0625
91 102 0.0625
92 102 0.0625
14 94 0.0625
15 94 0.0625
17 94 0.0625
20 94 0.0625
27 94 0.0625
29 94 0.0625
36 94 0.0625
43 94 0.0625
57 94 0.0625
66 94 0.0625
74 94 0.0625
89 94 0.0625
99 94 0.0625
103 94 0.0625
104 94 0.0625
105 94 0.0625
15 56 0.058824
23 56 0.058824
25 56 0.058824
35 56 0.058824
53 56 0.058824
57 56 0.058824
66 56 0.058824
72 56 0.058824
76 56 0.058824
79 56 0.058824
82 56 0.058824
88 56 0.058824
90 56 0.058824
91 56 0.058824
98 56 0.058824
100 56 0.058824
107 56 0.058824
15 70 0.083333
22 70 0.083333
34 70 0.083333
46 70 0.083333
47 70 0.083333
66 70 0.083333
92 70 0.083333
98 70 0.083333
102 70 0.083333
103 70 0.083333
106 70 0.083333
107 70 0.083333
16 41 0.055556
18 41 0.055556
19 41 0.055556
22 41 0.055556
31 41 0.055556
35 41 0.055556
55 41 0.055556
60 41 0.055556
61 41 0.055556
62 41 0.055556
66 41 0.055556
75 41 0.055556
79 41 0.055556
87 41 0.055556
88 41 0.055556
98 41 0.055556
99 41 0.055556
104 41 0.055556
17 22 0.083333
19 22 0.083333
41 22 0.083333
51 22 0.083333
58 22 0.083333
70 22 0.083333
79 22 0.083333
81 22 0.083333
82 22 0.083333
88 22 0.083333
90 22 0.083333
102 22 0.083333
17 90 0.0625
18 90 0.0625
21 90 0.0625
22 90 0.0625
29 90 0.0625
31 90 0.0625
39 90 0.0625
49 90 0.0625
55 90 0.0625
56 90 0.0625
85 90 0.0625
88 90 0.0625
91 90 0.0625
98 90 0.0625
99 90 0.0625
106 90 0.0625
19 29 0.066667
20 29 0.066667
27 29 0.066667
50 29 0.066667
52 29 0.066667
54 29 0.066667
79 29 0.066667
88 29 0.066667
89 29 0.066667
90 29 0.066667
91 29 0.066667
94 29 0.066667
100 29 0.066667
105 29 0.066667
107 29 0.066667
20 86 0.111111
27 86 0.111111
39 86 0.111111
62 86 0.111111
67 86 0.111111
68 86 0.111111
88 86 0.111111
93 86 0.111111
95 86 0.111111
27 107 0.066667
29 107 0.066667
30 107 0.066667
34 107 0.066667
37 107 0.066667
43 107 0.066667
54 107 0.066667
55 107 0.066667
56 107 0.066667
58 107 0.066667
64 107 0.066667
66 107 0.066667
70 107 0.066667
95 107 0.066667
97 107 0.066667
18 0 0.111111
28 0 0.111111
30 0 0.111111
38 0 0.111111
60 0 0.111111
84 0 0.111111
96 0 0.111111
99 0 0.111111
106 0 0.111111
6 1 0.058824
9 1 0.058824
10 1 0.058824
12 1 0.058824
13 1 0.058824
40 1 0.058824
44 1 0.058824
51 1 0.058824
60 1 0.058824
63 1 0.058824
66 1 0.058824
67 1 0.058824
71 1 0.058824
80 1 0.058824
89 1 0.058824
97 1 0.058824
106 1 0.058824
14 2 0.052632
15 2 0.052632
17 2 0.052632
19 2 0.052632
21 2 0.052632
26 2 0.052632
36 2 0.052632
40 2 0.052632
49 2 0.052632
50 2 0.052632
53 2 0.052632
65 2 0.052632
66 2 0.052632
72 2 0.052632
82 2 0.052632
83 2 0.052632
89 2 0.052632
91 2 0.052632
101 2 0.052632
7 3 0.047619
8 3 0.047619
12 3 0.047619
14 3 0.047619
27 3 0.047619
31 3 0.047619
35 3 0.047619
39 3 0.047619
40 3 0.047619
43 3 0.047619
44 3 0.047619
45 3 0.047619
48 3 0.047619
49 3 0.047619
54 3 0.047619
58 3 0.047619
59 3 0.047619
61 3 0.047619
73 3 0.047619
96 3 0.047619
98 3 0.047619
5 4 0.076923
34 4 0.076923
48 4 0.076923
57 4 0.076923
60 4 0.076923
63 4 0.076923
67 4 0.076923
79 4 0.076923
81 4 0.076923
96 4 0.076923
100 4 0.076923
101 4 0.076923
103 4 0.076923
13 11 0.055556
14 11 0.055556
39 11 0.055556
42 11 0.055556
47 11 0.055556
48 11 0.055556
53 11 0.055556
55 11 0.055556
61 11 0.055556
63 11 0.055556
65 11 0.055556
71 11 0.055556
84 11 0.055556
87 11 0.055556
89 11 0.055556
92 11 0.055556
101 11 0.055556
104 11 0.055556
